2 0.402344 0.773438 0.398438 0.777344 0.382812 0.777344 0.382812 0.789062 0.386719 0.792969 0.406250 0.792969 0.410156 0.796875 0.425781 0.796875 0.429688 0.800781 0.437500 0.800781 0.437500 0.789062 0.433594 0.789062 0.425781 0.781250 0.425781 0.777344 0.421875 0.777344 0.417969 0.773438
2 0.683594 0.691406 0.667969 0.707031 0.667969 0.714844 0.679688 0.714844 0.687500 0.707031 0.691406 0.707031 0.699219 0.699219 0.699219 0.691406
2 0.722656 0.683594 0.722656 0.691406 0.730469 0.691406 0.730469 0.683594
2 0.753906 0.664062 0.753906 0.671875 0.761719 0.671875 0.761719 0.664062
2 0.808594 0.609375 0.808594 0.617188 0.804688 0.621094 0.800781 0.621094 0.800781 0.628906 0.812500 0.628906 0.816406 0.625000 0.820312 0.625000 0.820312 0.609375
2 0.636719 0.574219 0.632812 0.578125 0.632812 0.582031 0.628906 0.585938 0.628906 0.589844 0.625000 0.593750 0.625000 0.609375 0.621094 0.613281 0.613281 0.613281 0.613281 0.632812 0.617188 0.636719 0.617188 0.656250 0.613281 0.660156 0.609375 0.660156 0.605469 0.664062 0.593750 0.664062 0.593750 0.667969 0.589844 0.671875 0.546875 0.671875 0.542969 0.667969 0.542969 0.652344 0.535156 0.652344 0.535156 0.660156 0.539062 0.660156 0.542969 0.664062 0.542969 0.679688 0.539062 0.683594 0.535156 0.683594 0.535156 0.714844 0.527344 0.722656 0.511719 0.722656 0.507812 0.718750 0.507812 0.710938 0.503906 0.710938 0.500000 0.707031 0.500000 0.703125 0.492188 0.703125 0.488281 0.699219 0.488281 0.691406 0.484375 0.691406 0.472656 0.679688 0.464844 0.679688 0.464844 0.687500 0.472656 0.695312 0.476562 0.695312 0.480469 0.699219 0.488281 0.699219 0.492188 0.703125 0.492188 0.710938 0.496094 0.710938 0.500000 0.714844 0.500000 0.718750 0.507812 0.718750 0.511719 0.722656 0.511719 0.742188 0.515625 0.742188 0.519531 0.746094 0.519531 0.753906 0.527344 0.753906 0.531250 0.757812 0.535156 0.757812 0.546875 0.769531 0.546875 0.773438 0.554688 0.773438 0.558594 0.777344 0.558594 0.792969 0.554688 0.796875 0.550781 0.796875 0.550781 0.812500 0.546875 0.816406 0.519531 0.816406 0.511719 0.808594 0.511719 0.804688 0.507812 0.800781 0.507812 0.785156 0.503906 0.781250 0.496094 0.781250 0.492188 0.785156 0.488281 0.785156 0.488281 0.789062 0.484375 0.792969 0.460938 0.792969 0.460938 0.808594 0.457031 0.812500 0.457031 0.824219 0.453125 0.828125 0.453125 0.835938 0.449219 0.839844 0.445312 0.839844 0.445312 0.843750 0.433594 0.855469 0.433594 0.859375 0.429688 0.863281 0.425781 0.863281 0.417969 0.871094 0.417969 0.886719 0.421875 0.886719 0.425781 0.890625 0.425781 0.910156 0.414062 0.921875 0.414062 0.937500 0.425781 0.937500 0.429688 0.933594 0.433594 0.933594 0.433594 0.929688 0.437500 0.925781 0.441406 0.925781 0.441406 0.921875 0.445312 0.917969 0.445312 0.914062 0.457031 0.902344 0.460938 0.902344 0.468750 0.894531 0.468750 0.886719 0.472656 0.882812 0.476562 0.882812 0.476562 0.878906 0.480469 0.875000 0.496094 0.875000 0.496094 0.871094 0.500000 0.867188 0.503906 0.867188 0.503906 0.863281 0.507812 0.859375 0.511719 0.859375 0.511719 0.855469 0.515625 0.851562 0.519531 0.851562 0.519531 0.843750 0.527344 0.835938 0.539062 0.835938 0.546875 0.828125 0.550781 0.828125 0.550781 0.812500 0.554688 0.808594 0.562500 0.808594 0.566406 0.804688 0.570312 0.804688 0.570312 0.781250 0.578125 0.773438 0.597656 0.773438 0.613281 0.757812 0.613281 0.753906 0.621094 0.746094 0.621094 0.742188 0.625000 0.738281 0.628906 0.738281 0.632812 0.734375 0.632812 0.726562 0.625000 0.726562 0.621094 0.722656 0.617188 0.722656 0.609375 0.714844 0.609375 0.695312 0.613281 0.691406 0.613281 0.687500 0.617188 0.683594 0.617188 0.675781 0.621094 0.671875 0.621094 0.664062 0.625000 0.660156 0.628906 0.660156 0.628906 0.648438 0.632812 0.644531 0.632812 0.609375 0.636719 0.605469 0.644531 0.605469 0.644531 0.574219
2 0.679688 0.542969 0.679688 0.546875 0.671875 0.554688 0.671875 0.574219 0.667969 0.578125 0.667969 0.597656 0.675781 0.597656 0.675781 0.593750 0.679688 0.589844 0.695312 0.589844 0.699219 0.585938 0.703125 0.585938 0.707031 0.582031 0.710938 0.582031 0.710938 0.546875 0.691406 0.546875 0.687500 0.542969
2 0.453125 0.531250 0.453125 0.562500 0.457031 0.566406 0.457031 0.574219 0.460938 0.574219 0.464844 0.578125 0.464844 0.589844 0.468750 0.593750 0.468750 0.601562 0.472656 0.605469 0.472656 0.609375 0.476562 0.613281 0.476562 0.617188 0.484375 0.617188 0.488281 0.613281 0.503906 0.613281 0.503906 0.605469 0.500000 0.605469 0.496094 0.601562 0.496094 0.593750 0.492188 0.589844 0.480469 0.589844 0.476562 0.585938 0.476562 0.582031 0.472656 0.578125 0.472656 0.574219 0.468750 0.570312 0.468750 0.535156 0.464844 0.531250
2 0.816406 0.496094 0.812500 0.500000 0.808594 0.500000 0.808594 0.503906 0.804688 0.507812 0.804688 0.511719 0.800781 0.515625 0.796875 0.515625 0.796875 0.531250 0.800781 0.535156 0.808594 0.535156 0.839844 0.566406 0.839844 0.585938 0.835938 0.589844 0.828125 0.589844 0.828125 0.601562 0.835938 0.601562 0.835938 0.589844 0.839844 0.585938 0.851562 0.585938 0.855469 0.582031 0.855469 0.566406 0.851562 0.566406 0.847656 0.562500 0.847656 0.539062 0.851562 0.535156 0.851562 0.523438 0.847656 0.519531 0.832031 0.519531 0.828125 0.515625 0.828125 0.496094
2 0.492188 0.441406 0.492188 0.449219 0.496094 0.453125 0.496094 0.457031 0.500000 0.460938 0.503906 0.460938 0.507812 0.464844 0.527344 0.464844 0.542969 0.480469 0.542969 0.488281 0.554688 0.488281 0.570312 0.503906 0.585938 0.503906 0.585938 0.488281 0.589844 0.484375 0.593750 0.484375 0.593750 0.476562 0.589844 0.472656 0.589844 0.464844 0.585938 0.460938 0.585938 0.457031 0.582031 0.457031 0.574219 0.449219 0.574219 0.445312 0.570312 0.441406 0.558594 0.441406 0.558594 0.453125 0.554688 0.457031 0.539062 0.457031 0.535156 0.453125 0.519531 0.453125 0.515625 0.449219 0.507812 0.449219 0.500000 0.441406
2 0.734375 0.378906 0.734375 0.382812 0.730469 0.386719 0.730469 0.398438 0.722656 0.406250 0.699219 0.406250 0.695312 0.410156 0.687500 0.410156 0.687500 0.417969 0.691406 0.421875 0.691406 0.425781 0.695312 0.425781 0.699219 0.429688 0.699219 0.464844 0.707031 0.464844 0.710938 0.468750 0.722656 0.468750 0.730469 0.476562 0.730469 0.500000 0.726562 0.503906 0.703125 0.503906 0.703125 0.511719 0.710938 0.511719 0.714844 0.515625 0.714844 0.535156 0.730469 0.535156 0.734375 0.531250 0.738281 0.531250 0.738281 0.527344 0.742188 0.523438 0.746094 0.523438 0.746094 0.515625 0.742188 0.511719 0.742188 0.480469 0.746094 0.476562 0.753906 0.476562 0.753906 0.464844 0.750000 0.464844 0.746094 0.460938 0.746094 0.457031 0.742188 0.457031 0.738281 0.453125 0.738281 0.398438 0.742188 0.394531 0.746094 0.394531 0.746094 0.378906
2 0.660156 0.324219 0.660156 0.351562 0.656250 0.355469 0.656250 0.367188 0.652344 0.371094 0.648438 0.371094 0.648438 0.375000 0.644531 0.378906 0.636719 0.378906 0.632812 0.382812 0.617188 0.382812 0.617188 0.398438 0.613281 0.402344 0.609375 0.402344 0.609375 0.421875 0.605469 0.425781 0.597656 0.425781 0.597656 0.433594 0.617188 0.433594 0.617188 0.421875 0.621094 0.417969 0.640625 0.417969 0.640625 0.414062 0.644531 0.410156 0.644531 0.402344 0.648438 0.398438 0.652344 0.398438 0.652344 0.390625 0.664062 0.378906 0.695312 0.378906 0.695312 0.375000 0.699219 0.371094 0.699219 0.359375 0.695312 0.355469 0.695312 0.347656 0.691406 0.347656 0.687500 0.343750 0.679688 0.343750 0.675781 0.339844 0.675781 0.324219
2 0.605469 0.296875 0.605469 0.304688 0.601562 0.308594 0.582031 0.308594 0.578125 0.312500 0.578125 0.320312 0.574219 0.324219 0.554688 0.324219 0.550781 0.320312 0.542969 0.320312 0.542969 0.328125 0.539062 0.332031 0.535156 0.332031 0.527344 0.339844 0.523438 0.339844 0.523438 0.343750 0.519531 0.347656 0.511719 0.347656 0.507812 0.351562 0.480469 0.351562 0.476562 0.347656 0.476562 0.339844 0.472656 0.335938 0.464844 0.335938 0.460938 0.332031 0.460938 0.316406 0.453125 0.308594 0.441406 0.308594 0.441406 0.316406 0.445312 0.320312 0.449219 0.320312 0.453125 0.324219 0.453125 0.339844 0.445312 0.347656 0.437500 0.347656 0.433594 0.351562 0.398438 0.351562 0.398438 0.371094 0.390625 0.378906 0.382812 0.378906 0.382812 0.386719 0.441406 0.386719 0.441406 0.378906 0.445312 0.375000 0.460938 0.375000 0.472656 0.386719 0.484375 0.386719 0.484375 0.371094 0.488281 0.367188 0.511719 0.367188 0.515625 0.371094 0.515625 0.378906 0.519531 0.378906 0.523438 0.382812 0.531250 0.382812 0.535156 0.386719 0.535156 0.402344 0.531250 0.406250 0.531250 0.414062 0.539062 0.414062 0.539062 0.394531 0.542969 0.390625 0.570312 0.390625 0.570312 0.363281 0.574219 0.359375 0.574219 0.343750 0.582031 0.335938 0.582031 0.332031 0.585938 0.328125 0.585938 0.324219 0.589844 0.320312 0.601562 0.320312 0.609375 0.312500 0.632812 0.312500 0.640625 0.304688 0.640625 0.296875
2 0.683594 0.289062 0.679688 0.292969 0.679688 0.308594 0.695312 0.308594 0.695312 0.296875 0.691406 0.292969 0.691406 0.289062
2 0.429688 0.148438 0.429688 0.156250 0.433594 0.160156 0.433594 0.164062 0.449219 0.179688 0.449219 0.183594 0.453125 0.183594 0.460938 0.191406 0.460938 0.195312 0.464844 0.195312 0.472656 0.203125 0.480469 0.203125 0.480469 0.183594 0.472656 0.175781 0.468750 0.175781 0.464844 0.171875 0.464844 0.167969 0.457031 0.167969 0.453125 0.164062 0.453125 0.152344 0.445312 0.152344 0.441406 0.148438
