2 0.390625 0.847656 0.390625 0.851562 0.386719 0.855469 0.375000 0.855469 0.371094 0.859375 0.367188 0.859375 0.363281 0.863281 0.324219 0.863281 0.320312 0.867188 0.308594 0.867188 0.304688 0.871094 0.304688 0.875000 0.300781 0.878906 0.296875 0.878906 0.292969 0.882812 0.285156 0.882812 0.281250 0.886719 0.281250 0.898438 0.285156 0.902344 0.304688 0.902344 0.308594 0.906250 0.308594 0.910156 0.320312 0.910156 0.324219 0.914062 0.324219 0.929688 0.320312 0.933594 0.308594 0.933594 0.308594 0.941406 0.324219 0.941406 0.328125 0.945312 0.332031 0.945312 0.335938 0.949219 0.339844 0.949219 0.343750 0.953125 0.371094 0.953125 0.375000 0.957031 0.390625 0.957031 0.394531 0.960938 0.406250 0.960938 0.410156 0.957031 0.425781 0.957031 0.429688 0.953125 0.437500 0.953125 0.437500 0.941406 0.441406 0.937500 0.441406 0.933594 0.449219 0.925781 0.453125 0.925781 0.457031 0.921875 0.460938 0.921875 0.460938 0.902344 0.429688 0.902344 0.425781 0.906250 0.414062 0.906250 0.410156 0.910156 0.394531 0.910156 0.390625 0.906250 0.390625 0.882812 0.386719 0.878906 0.386719 0.859375 0.390625 0.855469 0.398438 0.855469 0.398438 0.847656
2 0.519531 0.839844 0.519531 0.847656 0.515625 0.851562 0.515625 0.855469 0.511719 0.859375 0.507812 0.859375 0.507812 0.863281 0.500000 0.871094 0.500000 0.886719 0.539062 0.886719 0.542969 0.890625 0.562500 0.890625 0.562500 0.875000 0.558594 0.871094 0.558594 0.863281 0.554688 0.859375 0.554688 0.851562 0.550781 0.847656 0.550781 0.843750 0.546875 0.843750 0.542969 0.839844
2 0.589844 0.769531 0.589844 0.789062 0.597656 0.789062 0.601562 0.792969 0.617188 0.792969 0.617188 0.785156 0.613281 0.785156 0.609375 0.781250 0.605469 0.781250 0.601562 0.777344 0.601562 0.773438 0.597656 0.769531
2 0.316406 0.769531 0.312500 0.773438 0.304688 0.773438 0.304688 0.781250 0.300781 0.785156 0.296875 0.785156 0.292969 0.789062 0.292969 0.812500 0.296875 0.816406 0.296875 0.820312 0.332031 0.820312 0.335938 0.816406 0.339844 0.816406 0.343750 0.812500 0.347656 0.812500 0.347656 0.800781 0.355469 0.792969 0.355469 0.785156 0.359375 0.781250 0.367188 0.781250 0.367188 0.773438 0.363281 0.769531
2 0.632812 0.746094 0.628906 0.750000 0.628906 0.761719 0.640625 0.761719 0.640625 0.746094
2 0.152344 0.726562 0.152344 0.730469 0.148438 0.734375 0.128906 0.734375 0.128906 0.742188 0.136719 0.742188 0.148438 0.753906 0.148438 0.757812 0.167969 0.757812 0.171875 0.761719 0.183594 0.761719 0.191406 0.769531 0.191406 0.773438 0.199219 0.773438 0.199219 0.769531 0.207031 0.761719 0.210938 0.761719 0.210938 0.746094 0.214844 0.742188 0.230469 0.742188 0.234375 0.746094 0.234375 0.750000 0.253906 0.750000 0.253906 0.742188 0.250000 0.742188 0.246094 0.738281 0.226562 0.738281 0.222656 0.734375 0.222656 0.726562 0.203125 0.726562 0.199219 0.730469 0.179688 0.730469 0.175781 0.726562
2 0.351562 0.660156 0.351562 0.671875 0.359375 0.679688 0.363281 0.679688 0.371094 0.687500 0.371094 0.726562 0.375000 0.730469 0.375000 0.734375 0.378906 0.738281 0.378906 0.742188 0.382812 0.742188 0.402344 0.761719 0.417969 0.761719 0.421875 0.765625 0.437500 0.765625 0.441406 0.769531 0.441406 0.777344 0.445312 0.781250 0.445312 0.785156 0.453125 0.785156 0.457031 0.789062 0.460938 0.789062 0.468750 0.796875 0.472656 0.796875 0.476562 0.800781 0.488281 0.800781 0.492188 0.804688 0.515625 0.804688 0.519531 0.808594 0.546875 0.808594 0.550781 0.804688 0.550781 0.789062 0.554688 0.785156 0.558594 0.785156 0.558594 0.777344 0.554688 0.773438 0.554688 0.769531 0.550781 0.765625 0.550781 0.757812 0.535156 0.757812 0.531250 0.753906 0.527344 0.753906 0.523438 0.750000 0.515625 0.750000 0.511719 0.746094 0.503906 0.746094 0.500000 0.742188 0.496094 0.742188 0.488281 0.734375 0.484375 0.734375 0.472656 0.722656 0.464844 0.722656 0.460938 0.718750 0.457031 0.718750 0.453125 0.714844 0.453125 0.710938 0.445312 0.710938 0.441406 0.707031 0.441406 0.703125 0.437500 0.699219 0.437500 0.687500 0.433594 0.683594 0.433594 0.679688 0.421875 0.679688 0.417969 0.683594 0.417969 0.707031 0.414062 0.710938 0.386719 0.710938 0.382812 0.707031 0.382812 0.683594 0.386719 0.679688 0.386719 0.664062 0.382812 0.660156
2 0.000000 0.625000 0.000000 0.667969 0.011719 0.667969 0.015625 0.671875 0.015625 0.675781 0.023438 0.675781 0.023438 0.664062 0.019531 0.660156 0.019531 0.644531 0.023438 0.640625 0.023438 0.628906 0.015625 0.628906 0.011719 0.625000
2 0.503906 0.597656 0.503906 0.617188 0.507812 0.621094 0.523438 0.621094 0.523438 0.613281 0.519531 0.613281 0.515625 0.609375 0.515625 0.601562 0.511719 0.597656
2 0.398438 0.582031 0.398438 0.593750 0.402344 0.597656 0.402344 0.605469 0.410156 0.613281 0.410156 0.621094 0.414062 0.625000 0.414062 0.632812 0.421875 0.640625 0.421875 0.648438 0.425781 0.652344 0.425781 0.656250 0.433594 0.656250 0.433594 0.636719 0.437500 0.632812 0.449219 0.632812 0.449219 0.628906 0.453125 0.625000 0.472656 0.625000 0.472656 0.609375 0.468750 0.605469 0.460938 0.605469 0.453125 0.613281 0.449219 0.613281 0.445312 0.617188 0.425781 0.617188 0.421875 0.613281 0.421875 0.609375 0.417969 0.605469 0.417969 0.601562 0.410156 0.593750 0.410156 0.582031
2 0.406250 0.535156 0.406250 0.542969 0.414062 0.542969 0.414062 0.535156
2 0.929688 0.511719 0.925781 0.515625 0.921875 0.515625 0.921875 0.523438 0.917969 0.527344 0.902344 0.527344 0.898438 0.531250 0.886719 0.531250 0.886719 0.535156 0.882812 0.539062 0.878906 0.539062 0.871094 0.546875 0.871094 0.554688 0.863281 0.562500 0.855469 0.562500 0.851562 0.566406 0.847656 0.566406 0.843750 0.570312 0.839844 0.570312 0.835938 0.574219 0.832031 0.574219 0.828125 0.578125 0.820312 0.578125 0.816406 0.582031 0.804688 0.582031 0.800781 0.585938 0.792969 0.585938 0.792969 0.601562 0.812500 0.601562 0.816406 0.605469 0.828125 0.605469 0.832031 0.601562 0.839844 0.601562 0.859375 0.582031 0.867188 0.582031 0.875000 0.574219 0.882812 0.574219 0.886719 0.570312 0.898438 0.570312 0.898438 0.542969 0.902344 0.539062 0.921875 0.539062 0.921875 0.531250 0.925781 0.527344 0.933594 0.527344 0.937500 0.523438 0.945312 0.523438 0.945312 0.515625 0.941406 0.511719
2 0.414062 0.492188 0.410156 0.496094 0.410156 0.503906 0.417969 0.503906 0.421875 0.500000 0.421875 0.492188
2 0.585938 0.460938 0.585938 0.468750 0.582031 0.472656 0.574219 0.472656 0.570312 0.476562 0.570312 0.480469 0.566406 0.484375 0.562500 0.484375 0.562500 0.488281 0.558594 0.492188 0.558594 0.496094 0.554688 0.500000 0.550781 0.500000 0.550781 0.507812 0.554688 0.511719 0.554688 0.527344 0.550781 0.531250 0.539062 0.531250 0.539062 0.539062 0.546875 0.539062 0.546875 0.535156 0.550781 0.531250 0.582031 0.531250 0.582031 0.523438 0.578125 0.519531 0.578125 0.500000 0.582031 0.496094 0.589844 0.496094 0.589844 0.472656 0.593750 0.468750 0.597656 0.468750 0.597656 0.460938
2 0.585938 0.429688 0.585938 0.437500 0.593750 0.437500 0.593750 0.429688
2 0.542969 0.414062 0.542969 0.421875 0.550781 0.421875 0.550781 0.414062
2 0.875000 0.406250 0.875000 0.414062 0.886719 0.414062 0.886719 0.406250
2 0.503906 0.386719 0.496094 0.394531 0.492188 0.394531 0.492188 0.402344 0.496094 0.406250 0.496094 0.410156 0.500000 0.414062 0.500000 0.417969 0.503906 0.421875 0.507812 0.421875 0.511719 0.425781 0.515625 0.425781 0.519531 0.429688 0.519531 0.433594 0.527344 0.433594 0.527344 0.425781 0.523438 0.425781 0.519531 0.421875 0.519531 0.414062 0.515625 0.410156 0.515625 0.402344 0.511719 0.398438 0.511719 0.386719
2 0.882812 0.312500 0.878906 0.316406 0.878906 0.343750 0.882812 0.347656 0.882812 0.371094 0.890625 0.371094 0.890625 0.312500
2 0.703125 0.285156 0.703125 0.296875 0.710938 0.296875 0.710938 0.285156
2 0.789062 0.175781 0.781250 0.183594 0.781250 0.218750 0.777344 0.222656 0.777344 0.234375 0.773438 0.238281 0.769531 0.238281 0.769531 0.242188 0.765625 0.246094 0.761719 0.246094 0.761719 0.277344 0.750000 0.289062 0.742188 0.289062 0.738281 0.292969 0.738281 0.300781 0.734375 0.304688 0.718750 0.304688 0.718750 0.316406 0.710938 0.324219 0.707031 0.324219 0.703125 0.328125 0.687500 0.328125 0.683594 0.324219 0.671875 0.324219 0.671875 0.332031 0.664062 0.339844 0.660156 0.339844 0.660156 0.351562 0.664062 0.355469 0.671875 0.355469 0.679688 0.363281 0.679688 0.386719 0.675781 0.390625 0.675781 0.402344 0.687500 0.402344 0.691406 0.406250 0.691406 0.410156 0.695312 0.410156 0.699219 0.414062 0.699219 0.449219 0.691406 0.457031 0.687500 0.457031 0.687500 0.464844 0.699219 0.464844 0.703125 0.460938 0.730469 0.460938 0.734375 0.464844 0.734375 0.492188 0.738281 0.496094 0.742188 0.496094 0.746094 0.500000 0.746094 0.519531 0.742188 0.523438 0.710938 0.523438 0.707031 0.527344 0.687500 0.527344 0.687500 0.531250 0.679688 0.539062 0.679688 0.542969 0.675781 0.546875 0.664062 0.546875 0.664062 0.550781 0.656250 0.558594 0.644531 0.558594 0.644531 0.562500 0.640625 0.566406 0.632812 0.566406 0.632812 0.570312 0.628906 0.574219 0.625000 0.574219 0.621094 0.578125 0.601562 0.578125 0.597656 0.582031 0.597656 0.597656 0.593750 0.601562 0.574219 0.601562 0.570312 0.597656 0.570312 0.589844 0.558594 0.589844 0.558594 0.621094 0.554688 0.625000 0.546875 0.625000 0.546875 0.648438 0.578125 0.648438 0.582031 0.652344 0.582031 0.664062 0.585938 0.667969 0.585938 0.695312 0.593750 0.695312 0.597656 0.691406 0.597656 0.687500 0.605469 0.679688 0.632812 0.679688 0.640625 0.687500 0.640625 0.710938 0.648438 0.710938 0.652344 0.707031 0.656250 0.707031 0.660156 0.703125 0.667969 0.703125 0.667969 0.683594 0.671875 0.679688 0.671875 0.671875 0.675781 0.667969 0.687500 0.667969 0.687500 0.664062 0.691406 0.660156 0.691406 0.652344 0.695312 0.648438 0.699219 0.648438 0.699219 0.640625 0.703125 0.636719 0.710938 0.636719 0.714844 0.632812 0.718750 0.632812 0.718750 0.625000 0.722656 0.621094 0.746094 0.621094 0.753906 0.613281 0.757812 0.613281 0.757812 0.605469 0.746094 0.605469 0.738281 0.613281 0.738281 0.617188 0.734375 0.621094 0.695312 0.621094 0.691406 0.617188 0.691406 0.609375 0.667969 0.609375 0.664062 0.605469 0.664062 0.585938 0.667969 0.582031 0.687500 0.582031 0.691406 0.578125 0.695312 0.578125 0.699219 0.574219 0.726562 0.574219 0.726562 0.570312 0.730469 0.566406 0.742188 0.566406 0.742188 0.562500 0.757812 0.546875 0.761719 0.546875 0.765625 0.542969 0.773438 0.542969 0.773438 0.527344 0.785156 0.515625 0.789062 0.515625 0.792969 0.511719 0.800781 0.511719 0.812500 0.500000 0.812500 0.496094 0.820312 0.488281 0.820312 0.484375 0.824219 0.480469 0.824219 0.468750 0.820312 0.464844 0.820312 0.460938 0.816406 0.460938 0.812500 0.457031 0.812500 0.441406 0.816406 0.437500 0.820312 0.437500 0.820312 0.410156 0.824219 0.406250 0.828125 0.406250 0.832031 0.402344 0.835938 0.402344 0.835938 0.394531 0.843750 0.386719 0.855469 0.386719 0.855469 0.371094 0.843750 0.371094 0.839844 0.367188 0.824219 0.367188 0.820312 0.363281 0.820312 0.359375 0.804688 0.359375 0.804688 0.371094 0.800781 0.375000 0.789062 0.375000 0.789062 0.390625 0.785156 0.394531 0.785156 0.429688 0.781250 0.433594 0.777344 0.433594 0.777344 0.441406 0.773438 0.445312 0.757812 0.445312 0.753906 0.441406 0.753906 0.425781 0.750000 0.421875 0.750000 0.410156 0.746094 0.406250 0.746094 0.382812 0.750000 0.378906 0.750000 0.371094 0.757812 0.363281 0.781250 0.363281 0.781250 0.355469 0.785156 0.351562 0.800781 0.351562 0.800781 0.324219 0.804688 0.320312 0.804688 0.308594 0.808594 0.304688 0.808594 0.296875 0.812500 0.292969 0.816406 0.292969 0.820312 0.289062 0.820312 0.273438 0.812500 0.273438 0.808594 0.269531 0.808594 0.250000 0.812500 0.246094 0.812500 0.242188 0.820312 0.234375 0.824219 0.234375 0.828125 0.230469 0.828125 0.226562 0.832031 0.222656 0.832031 0.214844 0.812500 0.214844 0.808594 0.210938 0.804688 0.210938 0.800781 0.207031 0.800781 0.175781
