2 0.097656 0.871094 0.097656 0.878906 0.101562 0.882812 0.109375 0.882812 0.113281 0.886719 0.125000 0.886719 0.125000 0.878906 0.117188 0.871094
2 0.046875 0.839844 0.046875 0.851562 0.050781 0.855469 0.062500 0.855469 0.066406 0.859375 0.066406 0.863281 0.070312 0.867188 0.078125 0.867188 0.078125 0.855469 0.074219 0.851562 0.074219 0.847656 0.070312 0.847656 0.066406 0.843750 0.058594 0.843750 0.054688 0.839844
2 0.160156 0.789062 0.160156 0.800781 0.164062 0.804688 0.164062 0.808594 0.175781 0.808594 0.175781 0.792969 0.171875 0.792969 0.167969 0.789062
2 0.238281 0.695312 0.238281 0.714844 0.234375 0.718750 0.214844 0.718750 0.214844 0.726562 0.210938 0.730469 0.210938 0.757812 0.218750 0.757812 0.222656 0.761719 0.222656 0.785156 0.218750 0.789062 0.214844 0.789062 0.214844 0.800781 0.234375 0.800781 0.238281 0.804688 0.265625 0.804688 0.269531 0.808594 0.273438 0.808594 0.277344 0.812500 0.281250 0.812500 0.285156 0.816406 0.292969 0.816406 0.292969 0.812500 0.296875 0.808594 0.300781 0.808594 0.304688 0.804688 0.312500 0.804688 0.312500 0.792969 0.316406 0.789062 0.332031 0.789062 0.335938 0.792969 0.335938 0.796875 0.347656 0.796875 0.351562 0.792969 0.355469 0.792969 0.355469 0.781250 0.359375 0.777344 0.359375 0.769531 0.363281 0.765625 0.363281 0.757812 0.371094 0.750000 0.394531 0.750000 0.398438 0.753906 0.406250 0.753906 0.410156 0.757812 0.414062 0.757812 0.417969 0.761719 0.417969 0.773438 0.421875 0.777344 0.421875 0.812500 0.425781 0.816406 0.433594 0.816406 0.437500 0.812500 0.437500 0.792969 0.429688 0.785156 0.429688 0.753906 0.433594 0.750000 0.437500 0.750000 0.441406 0.746094 0.445312 0.746094 0.445312 0.742188 0.449219 0.738281 0.449219 0.718750 0.445312 0.714844 0.445312 0.707031 0.441406 0.703125 0.441406 0.695312 0.429688 0.695312 0.429688 0.707031 0.417969 0.718750 0.402344 0.718750 0.394531 0.710938 0.394531 0.707031 0.390625 0.703125 0.390625 0.699219 0.378906 0.699219 0.378906 0.703125 0.375000 0.707031 0.371094 0.707031 0.371094 0.726562 0.367188 0.730469 0.347656 0.730469 0.339844 0.722656 0.339844 0.714844 0.335938 0.710938 0.335938 0.707031 0.328125 0.707031 0.328125 0.714844 0.324219 0.718750 0.324219 0.730469 0.320312 0.734375 0.304688 0.734375 0.300781 0.730469 0.300781 0.722656 0.292969 0.722656 0.292969 0.730469 0.289062 0.734375 0.269531 0.734375 0.261719 0.726562 0.261719 0.695312
2 0.265625 0.628906 0.261719 0.632812 0.253906 0.632812 0.253906 0.644531 0.257812 0.648438 0.265625 0.648438 0.265625 0.644531 0.273438 0.636719 0.273438 0.628906
2 0.195312 0.609375 0.195312 0.621094 0.203125 0.621094 0.207031 0.625000 0.214844 0.625000 0.218750 0.621094 0.222656 0.621094 0.222656 0.613281 0.210938 0.613281 0.207031 0.609375
2 0.238281 0.601562 0.238281 0.609375 0.246094 0.609375 0.246094 0.601562
2 0.535156 0.597656 0.535156 0.601562 0.531250 0.605469 0.523438 0.605469 0.519531 0.609375 0.515625 0.609375 0.511719 0.613281 0.503906 0.613281 0.503906 0.640625 0.496094 0.648438 0.472656 0.648438 0.468750 0.644531 0.464844 0.644531 0.460938 0.640625 0.460938 0.636719 0.453125 0.636719 0.453125 0.640625 0.445312 0.648438 0.445312 0.652344 0.441406 0.656250 0.441406 0.671875 0.460938 0.671875 0.464844 0.675781 0.464844 0.679688 0.496094 0.679688 0.500000 0.683594 0.500000 0.710938 0.507812 0.710938 0.507812 0.695312 0.511719 0.691406 0.554688 0.691406 0.558594 0.695312 0.558594 0.710938 0.566406 0.710938 0.566406 0.695312 0.570312 0.691406 0.570312 0.683594 0.574219 0.679688 0.574219 0.675781 0.578125 0.671875 0.578125 0.667969 0.582031 0.664062 0.582031 0.644531 0.585938 0.640625 0.593750 0.640625 0.593750 0.625000 0.585938 0.625000 0.585938 0.636719 0.582031 0.640625 0.562500 0.640625 0.558594 0.636719 0.558594 0.617188 0.562500 0.613281 0.562500 0.601562 0.546875 0.601562 0.542969 0.597656
2 0.625000 0.593750 0.625000 0.601562 0.636719 0.601562 0.636719 0.593750
2 0.289062 0.593750 0.289062 0.601562 0.296875 0.601562 0.296875 0.593750
2 0.425781 0.566406 0.425781 0.585938 0.421875 0.589844 0.406250 0.589844 0.402344 0.585938 0.402344 0.582031 0.394531 0.582031 0.394531 0.589844 0.398438 0.589844 0.402344 0.593750 0.402344 0.617188 0.398438 0.621094 0.394531 0.621094 0.394531 0.628906 0.402344 0.628906 0.402344 0.617188 0.406250 0.613281 0.449219 0.613281 0.449219 0.597656 0.441406 0.589844 0.441406 0.582031 0.437500 0.578125 0.437500 0.570312 0.433594 0.566406
2 0.320312 0.542969 0.320312 0.546875 0.316406 0.550781 0.312500 0.550781 0.308594 0.554688 0.304688 0.554688 0.304688 0.558594 0.300781 0.562500 0.300781 0.585938 0.355469 0.585938 0.355469 0.566406 0.347656 0.566406 0.343750 0.562500 0.343750 0.542969
2 0.191406 0.531250 0.191406 0.550781 0.183594 0.558594 0.183594 0.566406 0.171875 0.578125 0.167969 0.578125 0.167969 0.585938 0.183594 0.585938 0.187500 0.582031 0.203125 0.582031 0.210938 0.574219 0.214844 0.574219 0.214844 0.570312 0.218750 0.566406 0.222656 0.566406 0.222656 0.558594 0.214844 0.558594 0.207031 0.550781 0.207031 0.531250
2 0.511719 0.515625 0.507812 0.519531 0.507812 0.535156 0.519531 0.535156 0.519531 0.515625
2 0.863281 0.503906 0.859375 0.507812 0.855469 0.507812 0.847656 0.515625 0.847656 0.531250 0.843750 0.535156 0.828125 0.535156 0.828125 0.546875 0.835938 0.546875 0.839844 0.550781 0.839844 0.578125 0.855469 0.578125 0.855469 0.574219 0.859375 0.570312 0.867188 0.570312 0.871094 0.566406 0.906250 0.566406 0.906250 0.558594 0.902344 0.554688 0.902344 0.531250 0.898438 0.527344 0.882812 0.527344 0.878906 0.523438 0.878906 0.515625 0.875000 0.511719 0.875000 0.507812 0.871094 0.503906
2 0.625000 0.492188 0.621094 0.496094 0.621094 0.503906 0.617188 0.507812 0.617188 0.523438 0.613281 0.527344 0.613281 0.535156 0.617188 0.535156 0.621094 0.539062 0.621094 0.550781 0.625000 0.550781 0.628906 0.554688 0.628906 0.562500 0.636719 0.570312 0.640625 0.570312 0.644531 0.574219 0.644531 0.582031 0.656250 0.582031 0.660156 0.585938 0.660156 0.589844 0.667969 0.589844 0.667969 0.585938 0.683594 0.570312 0.683594 0.562500 0.679688 0.558594 0.671875 0.558594 0.667969 0.554688 0.667969 0.535156 0.648438 0.535156 0.644531 0.531250 0.644531 0.496094 0.640625 0.492188
2 0.460938 0.300781 0.457031 0.304688 0.457031 0.312500 0.464844 0.312500 0.468750 0.308594 0.468750 0.300781
2 0.796875 0.269531 0.796875 0.281250 0.800781 0.285156 0.800781 0.292969 0.808594 0.292969 0.808594 0.273438 0.804688 0.269531
2 0.519531 0.207031 0.519531 0.226562 0.515625 0.230469 0.511719 0.230469 0.511719 0.234375 0.507812 0.238281 0.507812 0.242188 0.503906 0.246094 0.503906 0.250000 0.500000 0.253906 0.480469 0.253906 0.480469 0.261719 0.527344 0.261719 0.531250 0.265625 0.531250 0.292969 0.535156 0.296875 0.535156 0.300781 0.539062 0.304688 0.539062 0.316406 0.550781 0.316406 0.550781 0.292969 0.554688 0.289062 0.558594 0.289062 0.562500 0.285156 0.585938 0.285156 0.585938 0.265625 0.589844 0.261719 0.589844 0.246094 0.582031 0.238281 0.574219 0.238281 0.570312 0.242188 0.566406 0.242188 0.566406 0.257812 0.562500 0.261719 0.546875 0.261719 0.542969 0.257812 0.542969 0.234375 0.539062 0.230469 0.539062 0.210938 0.531250 0.210938 0.527344 0.207031
2 0.628906 0.152344 0.625000 0.156250 0.597656 0.156250 0.597656 0.164062 0.593750 0.167969 0.593750 0.179688 0.613281 0.179688 0.617188 0.183594 0.632812 0.183594 0.636719 0.187500 0.644531 0.187500 0.648438 0.191406 0.648438 0.199219 0.652344 0.199219 0.656250 0.203125 0.664062 0.203125 0.664062 0.179688 0.667969 0.175781 0.699219 0.175781 0.703125 0.179688 0.703125 0.187500 0.726562 0.187500 0.730469 0.191406 0.730469 0.226562 0.726562 0.230469 0.710938 0.230469 0.710938 0.281250 0.707031 0.285156 0.699219 0.285156 0.695312 0.289062 0.671875 0.289062 0.667969 0.285156 0.660156 0.285156 0.660156 0.289062 0.656250 0.292969 0.636719 0.292969 0.636719 0.296875 0.632812 0.300781 0.632812 0.328125 0.628906 0.332031 0.628906 0.347656 0.625000 0.351562 0.597656 0.351562 0.593750 0.347656 0.582031 0.347656 0.574219 0.339844 0.574219 0.328125 0.566406 0.328125 0.566406 0.335938 0.562500 0.339844 0.562500 0.347656 0.566406 0.351562 0.566406 0.375000 0.562500 0.378906 0.546875 0.378906 0.542969 0.382812 0.539062 0.382812 0.535156 0.386719 0.531250 0.386719 0.531250 0.402344 0.527344 0.406250 0.527344 0.414062 0.523438 0.417969 0.523438 0.421875 0.515625 0.429688 0.507812 0.429688 0.507812 0.441406 0.503906 0.445312 0.503906 0.460938 0.500000 0.464844 0.480469 0.464844 0.476562 0.460938 0.476562 0.437500 0.472656 0.433594 0.472656 0.421875 0.468750 0.417969 0.468750 0.406250 0.457031 0.406250 0.453125 0.402344 0.441406 0.402344 0.437500 0.398438 0.437500 0.378906 0.445312 0.371094 0.445312 0.363281 0.441406 0.359375 0.441406 0.351562 0.433594 0.351562 0.433594 0.371094 0.429688 0.375000 0.429688 0.382812 0.425781 0.386719 0.410156 0.386719 0.406250 0.382812 0.406250 0.378906 0.402344 0.375000 0.394531 0.375000 0.394531 0.378906 0.390625 0.382812 0.378906 0.382812 0.378906 0.390625 0.375000 0.394531 0.375000 0.417969 0.371094 0.421875 0.363281 0.421875 0.359375 0.425781 0.359375 0.445312 0.355469 0.449219 0.351562 0.449219 0.351562 0.453125 0.335938 0.468750 0.320312 0.468750 0.316406 0.464844 0.316406 0.460938 0.308594 0.460938 0.304688 0.457031 0.296875 0.457031 0.292969 0.460938 0.292969 0.464844 0.289062 0.468750 0.289062 0.476562 0.304688 0.476562 0.308594 0.480469 0.328125 0.480469 0.335938 0.488281 0.335938 0.492188 0.347656 0.492188 0.347656 0.484375 0.351562 0.480469 0.367188 0.480469 0.375000 0.488281 0.375000 0.500000 0.378906 0.500000 0.382812 0.503906 0.382812 0.511719 0.394531 0.511719 0.398438 0.515625 0.398438 0.527344 0.402344 0.531250 0.414062 0.531250 0.417969 0.527344 0.445312 0.527344 0.445312 0.500000 0.449219 0.496094 0.457031 0.496094 0.457031 0.488281 0.460938 0.484375 0.464844 0.484375 0.464844 0.480469 0.468750 0.476562 0.472656 0.476562 0.472656 0.468750 0.476562 0.464844 0.492188 0.464844 0.496094 0.468750 0.496094 0.476562 0.500000 0.476562 0.503906 0.480469 0.507812 0.480469 0.515625 0.488281 0.515625 0.492188 0.523438 0.492188 0.527344 0.496094 0.527344 0.507812 0.542969 0.507812 0.542969 0.492188 0.546875 0.488281 0.570312 0.488281 0.570312 0.480469 0.550781 0.480469 0.546875 0.476562 0.546875 0.429688 0.550781 0.425781 0.574219 0.425781 0.582031 0.433594 0.582031 0.453125 0.578125 0.457031 0.574219 0.457031 0.574219 0.464844 0.589844 0.464844 0.593750 0.468750 0.593750 0.472656 0.605469 0.472656 0.605469 0.457031 0.609375 0.453125 0.609375 0.445312 0.605469 0.445312 0.601562 0.441406 0.601562 0.429688 0.597656 0.429688 0.593750 0.425781 0.593750 0.406250 0.597656 0.402344 0.621094 0.402344 0.625000 0.398438 0.648438 0.398438 0.652344 0.402344 0.656250 0.402344 0.660156 0.406250 0.660156 0.421875 0.656250 0.425781 0.656250 0.433594 0.660156 0.437500 0.660156 0.441406 0.664062 0.445312 0.664062 0.449219 0.667969 0.449219 0.671875 0.453125 0.683594 0.453125 0.683594 0.441406 0.687500 0.437500 0.707031 0.437500 0.714844 0.445312 0.730469 0.445312 0.730469 0.425781 0.734375 0.421875 0.734375 0.410156 0.726562 0.410156 0.726562 0.421875 0.722656 0.425781 0.699219 0.425781 0.695312 0.421875 0.695312 0.410156 0.691406 0.406250 0.664062 0.406250 0.660156 0.402344 0.660156 0.386719 0.671875 0.375000 0.675781 0.375000 0.675781 0.367188 0.664062 0.367188 0.660156 0.363281 0.660156 0.343750 0.656250 0.339844 0.656250 0.335938 0.648438 0.328125 0.648438 0.308594 0.652344 0.304688 0.656250 0.304688 0.656250 0.300781 0.660156 0.296875 0.675781 0.296875 0.679688 0.300781 0.679688 0.308594 0.683594 0.312500 0.683594 0.316406 0.687500 0.320312 0.687500 0.324219 0.691406 0.328125 0.691406 0.335938 0.695312 0.339844 0.695312 0.355469 0.710938 0.355469 0.710938 0.316406 0.714844 0.312500 0.730469 0.312500 0.730469 0.304688 0.726562 0.304688 0.722656 0.300781 0.722656 0.277344 0.730469 0.269531 0.730469 0.257812 0.734375 0.253906 0.738281 0.253906 0.738281 0.250000 0.746094 0.242188 0.746094 0.238281 0.750000 0.234375 0.765625 0.234375 0.765625 0.230469 0.773438 0.222656 0.773438 0.207031 0.765625 0.199219 0.761719 0.199219 0.746094 0.183594 0.746094 0.179688 0.742188 0.179688 0.738281 0.175781 0.687500 0.175781 0.683594 0.171875 0.683594 0.167969 0.679688 0.167969 0.675781 0.164062 0.648438 0.164062 0.644531 0.160156 0.644531 0.152344
