2 0.425781 0.824219 0.425781 0.835938 0.421875 0.839844 0.421875 0.847656 0.425781 0.851562 0.425781 0.855469 0.449219 0.855469 0.449219 0.839844 0.437500 0.839844 0.433594 0.835938 0.433594 0.824219
2 0.765625 0.796875 0.765625 0.816406 0.789062 0.816406 0.792969 0.820312 0.792969 0.828125 0.804688 0.828125 0.808594 0.824219 0.808594 0.820312 0.812500 0.816406 0.816406 0.816406 0.816406 0.812500 0.820312 0.808594 0.820312 0.800781 0.816406 0.796875
2 0.460938 0.710938 0.460938 0.718750 0.468750 0.718750 0.468750 0.710938
2 0.613281 0.667969 0.613281 0.675781 0.621094 0.675781 0.621094 0.667969
2 0.585938 0.644531 0.582031 0.648438 0.578125 0.648438 0.570312 0.656250 0.570312 0.667969 0.566406 0.671875 0.562500 0.671875 0.562500 0.675781 0.558594 0.679688 0.550781 0.679688 0.550781 0.683594 0.546875 0.687500 0.539062 0.687500 0.539062 0.710938 0.535156 0.714844 0.507812 0.714844 0.507812 0.718750 0.496094 0.730469 0.492188 0.730469 0.488281 0.734375 0.472656 0.734375 0.472656 0.742188 0.468750 0.746094 0.441406 0.746094 0.441406 0.750000 0.437500 0.753906 0.437500 0.781250 0.433594 0.785156 0.433594 0.792969 0.441406 0.792969 0.445312 0.796875 0.445312 0.816406 0.464844 0.816406 0.468750 0.812500 0.496094 0.812500 0.500000 0.816406 0.500000 0.832031 0.496094 0.835938 0.488281 0.835938 0.488281 0.839844 0.484375 0.843750 0.480469 0.843750 0.476562 0.847656 0.472656 0.847656 0.472656 0.855469 0.468750 0.859375 0.468750 0.871094 0.472656 0.875000 0.472656 0.878906 0.500000 0.878906 0.511719 0.890625 0.531250 0.890625 0.535156 0.894531 0.535156 0.898438 0.542969 0.898438 0.546875 0.902344 0.558594 0.902344 0.562500 0.906250 0.562500 0.925781 0.566406 0.925781 0.570312 0.929688 0.597656 0.929688 0.601562 0.933594 0.605469 0.933594 0.613281 0.941406 0.625000 0.941406 0.628906 0.937500 0.648438 0.937500 0.648438 0.933594 0.652344 0.929688 0.660156 0.929688 0.660156 0.906250 0.664062 0.902344 0.679688 0.902344 0.683594 0.906250 0.683594 0.933594 0.691406 0.933594 0.695312 0.937500 0.703125 0.937500 0.707031 0.933594 0.707031 0.929688 0.714844 0.921875 0.714844 0.906250 0.707031 0.906250 0.699219 0.898438 0.683594 0.898438 0.679688 0.894531 0.679688 0.871094 0.683594 0.867188 0.703125 0.867188 0.710938 0.859375 0.714844 0.859375 0.714844 0.843750 0.699219 0.843750 0.695312 0.839844 0.695312 0.820312 0.687500 0.820312 0.683594 0.816406 0.683594 0.808594 0.679688 0.804688 0.679688 0.765625 0.675781 0.761719 0.671875 0.761719 0.667969 0.757812 0.667969 0.750000 0.664062 0.750000 0.656250 0.742188 0.656250 0.730469 0.652344 0.726562 0.652344 0.722656 0.648438 0.718750 0.648438 0.714844 0.632812 0.714844 0.628906 0.710938 0.613281 0.710938 0.609375 0.707031 0.609375 0.703125 0.601562 0.703125 0.597656 0.699219 0.597656 0.679688 0.589844 0.679688 0.585938 0.675781 0.585938 0.656250 0.589844 0.652344 0.597656 0.652344 0.597656 0.644531
2 0.296875 0.601562 0.296875 0.605469 0.292969 0.609375 0.289062 0.609375 0.285156 0.613281 0.285156 0.617188 0.281250 0.621094 0.273438 0.621094 0.273438 0.632812 0.265625 0.640625 0.257812 0.640625 0.257812 0.648438 0.253906 0.652344 0.253906 0.664062 0.261719 0.664062 0.265625 0.667969 0.265625 0.675781 0.269531 0.675781 0.273438 0.679688 0.281250 0.679688 0.281250 0.664062 0.289062 0.656250 0.296875 0.656250 0.300781 0.652344 0.320312 0.652344 0.328125 0.644531 0.335938 0.644531 0.335938 0.628906 0.324219 0.628906 0.316406 0.621094 0.316406 0.609375 0.312500 0.605469 0.308594 0.605469 0.304688 0.601562
2 0.703125 0.523438 0.703125 0.535156 0.710938 0.535156 0.714844 0.539062 0.722656 0.539062 0.726562 0.535156 0.730469 0.535156 0.730469 0.523438
2 0.773438 0.519531 0.769531 0.523438 0.765625 0.523438 0.765625 0.535156 0.761719 0.539062 0.753906 0.539062 0.753906 0.546875 0.761719 0.546875 0.761719 0.539062 0.765625 0.535156 0.773438 0.535156 0.781250 0.527344 0.785156 0.527344 0.785156 0.519531
2 0.152344 0.410156 0.152344 0.425781 0.144531 0.433594 0.136719 0.433594 0.132812 0.437500 0.132812 0.441406 0.128906 0.445312 0.128906 0.453125 0.125000 0.457031 0.121094 0.457031 0.121094 0.472656 0.117188 0.476562 0.117188 0.480469 0.109375 0.488281 0.109375 0.511719 0.105469 0.515625 0.105469 0.527344 0.109375 0.531250 0.152344 0.531250 0.156250 0.535156 0.156250 0.554688 0.152344 0.558594 0.152344 0.562500 0.140625 0.574219 0.117188 0.574219 0.117188 0.589844 0.121094 0.589844 0.125000 0.593750 0.125000 0.625000 0.128906 0.625000 0.132812 0.628906 0.132812 0.640625 0.144531 0.640625 0.148438 0.644531 0.148438 0.652344 0.152344 0.656250 0.152344 0.660156 0.160156 0.660156 0.164062 0.664062 0.164062 0.667969 0.167969 0.671875 0.167969 0.691406 0.164062 0.695312 0.164062 0.703125 0.167969 0.707031 0.171875 0.707031 0.175781 0.710938 0.187500 0.710938 0.187500 0.687500 0.183594 0.683594 0.183594 0.664062 0.191406 0.656250 0.214844 0.656250 0.214844 0.640625 0.218750 0.636719 0.234375 0.636719 0.234375 0.632812 0.238281 0.628906 0.242188 0.628906 0.242188 0.609375 0.222656 0.609375 0.218750 0.605469 0.218750 0.593750 0.214844 0.589844 0.214844 0.585938 0.195312 0.585938 0.191406 0.582031 0.191406 0.554688 0.195312 0.550781 0.195312 0.542969 0.199219 0.539062 0.199219 0.527344 0.203125 0.523438 0.226562 0.523438 0.230469 0.519531 0.230469 0.500000 0.218750 0.488281 0.218750 0.484375 0.214844 0.480469 0.210938 0.480469 0.207031 0.476562 0.207031 0.472656 0.199219 0.472656 0.195312 0.468750 0.195312 0.445312 0.191406 0.445312 0.187500 0.441406 0.179688 0.441406 0.175781 0.437500 0.175781 0.433594 0.171875 0.429688 0.171875 0.417969 0.164062 0.410156
2 0.812500 0.371094 0.808594 0.375000 0.808594 0.398438 0.816406 0.398438 0.816406 0.390625 0.820312 0.386719 0.820312 0.382812 0.824219 0.378906 0.824219 0.371094
2 0.093750 0.324219 0.093750 0.355469 0.097656 0.359375 0.097656 0.367188 0.101562 0.367188 0.105469 0.371094 0.109375 0.371094 0.113281 0.375000 0.113281 0.402344 0.117188 0.406250 0.117188 0.410156 0.128906 0.410156 0.128906 0.378906 0.121094 0.371094 0.121094 0.367188 0.113281 0.359375 0.109375 0.359375 0.101562 0.351562 0.101562 0.324219
2 0.703125 0.320312 0.703125 0.328125 0.707031 0.332031 0.707031 0.347656 0.703125 0.351562 0.703125 0.367188 0.699219 0.371094 0.695312 0.371094 0.691406 0.375000 0.691406 0.402344 0.687500 0.406250 0.687500 0.414062 0.691406 0.417969 0.691406 0.421875 0.695312 0.425781 0.695312 0.460938 0.699219 0.464844 0.714844 0.464844 0.718750 0.468750 0.718750 0.480469 0.734375 0.480469 0.750000 0.464844 0.750000 0.460938 0.753906 0.457031 0.757812 0.457031 0.757812 0.453125 0.761719 0.449219 0.781250 0.449219 0.785156 0.453125 0.785156 0.457031 0.804688 0.457031 0.808594 0.460938 0.808594 0.476562 0.804688 0.480469 0.796875 0.480469 0.792969 0.484375 0.792969 0.496094 0.808594 0.496094 0.816406 0.503906 0.832031 0.503906 0.835938 0.500000 0.835938 0.496094 0.839844 0.492188 0.843750 0.492188 0.843750 0.460938 0.847656 0.457031 0.847656 0.453125 0.851562 0.449219 0.851562 0.441406 0.824219 0.441406 0.820312 0.437500 0.820312 0.425781 0.808594 0.425781 0.804688 0.429688 0.777344 0.429688 0.773438 0.425781 0.765625 0.425781 0.765625 0.433594 0.761719 0.437500 0.757812 0.437500 0.746094 0.449219 0.730469 0.449219 0.726562 0.445312 0.714844 0.445312 0.710938 0.441406 0.710938 0.417969 0.714844 0.414062 0.726562 0.414062 0.730469 0.410156 0.734375 0.410156 0.738281 0.406250 0.746094 0.406250 0.746094 0.375000 0.750000 0.371094 0.750000 0.367188 0.753906 0.363281 0.765625 0.363281 0.773438 0.355469 0.773438 0.347656 0.765625 0.347656 0.761719 0.351562 0.757812 0.351562 0.757812 0.355469 0.753906 0.359375 0.738281 0.359375 0.734375 0.355469 0.734375 0.339844 0.730469 0.335938 0.714844 0.335938 0.710938 0.332031 0.710938 0.320312
2 0.316406 0.027344 0.316406 0.035156 0.308594 0.042969 0.292969 0.042969 0.292969 0.066406 0.316406 0.066406 0.320312 0.070312 0.320312 0.078125 0.324219 0.082031 0.324219 0.101562 0.320312 0.105469 0.273438 0.105469 0.269531 0.101562 0.265625 0.101562 0.261719 0.097656 0.261719 0.078125 0.257812 0.074219 0.257812 0.070312 0.242188 0.070312 0.242188 0.078125 0.246094 0.078125 0.250000 0.082031 0.250000 0.085938 0.253906 0.089844 0.257812 0.089844 0.261719 0.093750 0.261719 0.113281 0.265625 0.113281 0.269531 0.117188 0.269531 0.125000 0.273438 0.128906 0.273438 0.132812 0.277344 0.136719 0.277344 0.144531 0.281250 0.148438 0.300781 0.148438 0.304688 0.152344 0.308594 0.152344 0.312500 0.156250 0.312500 0.175781 0.308594 0.179688 0.300781 0.179688 0.300781 0.195312 0.296875 0.199219 0.296875 0.203125 0.292969 0.207031 0.277344 0.207031 0.273438 0.210938 0.273438 0.226562 0.269531 0.230469 0.269531 0.234375 0.265625 0.238281 0.265625 0.246094 0.257812 0.253906 0.250000 0.253906 0.246094 0.257812 0.230469 0.257812 0.222656 0.250000 0.222656 0.207031 0.226562 0.203125 0.234375 0.203125 0.234375 0.183594 0.238281 0.179688 0.242188 0.179688 0.242188 0.175781 0.246094 0.171875 0.246094 0.164062 0.234375 0.164062 0.230469 0.160156 0.230469 0.152344 0.218750 0.152344 0.218750 0.160156 0.222656 0.164062 0.222656 0.183594 0.218750 0.187500 0.199219 0.187500 0.195312 0.183594 0.195312 0.179688 0.191406 0.175781 0.187500 0.175781 0.183594 0.171875 0.175781 0.171875 0.171875 0.175781 0.164062 0.175781 0.164062 0.187500 0.167969 0.191406 0.167969 0.195312 0.171875 0.195312 0.175781 0.199219 0.175781 0.203125 0.179688 0.207031 0.179688 0.210938 0.187500 0.218750 0.187500 0.257812 0.183594 0.261719 0.179688 0.261719 0.179688 0.285156 0.175781 0.289062 0.167969 0.289062 0.167969 0.296875 0.164062 0.300781 0.164062 0.312500 0.167969 0.312500 0.171875 0.316406 0.171875 0.320312 0.187500 0.335938 0.187500 0.339844 0.199219 0.351562 0.199219 0.355469 0.203125 0.359375 0.203125 0.363281 0.207031 0.367188 0.207031 0.371094 0.222656 0.371094 0.226562 0.375000 0.226562 0.382812 0.230469 0.386719 0.230469 0.410156 0.226562 0.414062 0.222656 0.414062 0.218750 0.417969 0.214844 0.417969 0.214844 0.425781 0.218750 0.425781 0.222656 0.429688 0.234375 0.429688 0.234375 0.425781 0.238281 0.421875 0.246094 0.421875 0.250000 0.417969 0.273438 0.417969 0.277344 0.421875 0.300781 0.421875 0.304688 0.425781 0.304688 0.433594 0.308594 0.437500 0.308594 0.457031 0.324219 0.457031 0.328125 0.460938 0.328125 0.476562 0.332031 0.476562 0.335938 0.480469 0.335938 0.496094 0.339844 0.496094 0.343750 0.500000 0.343750 0.515625 0.339844 0.519531 0.312500 0.519531 0.304688 0.511719 0.304688 0.507812 0.300781 0.503906 0.300781 0.500000 0.289062 0.500000 0.277344 0.511719 0.277344 0.519531 0.273438 0.523438 0.269531 0.523438 0.269531 0.542969 0.265625 0.546875 0.257812 0.546875 0.253906 0.550781 0.253906 0.558594 0.261719 0.566406 0.261719 0.570312 0.312500 0.570312 0.316406 0.574219 0.359375 0.574219 0.363281 0.578125 0.363281 0.589844 0.367188 0.589844 0.371094 0.593750 0.371094 0.613281 0.375000 0.613281 0.378906 0.617188 0.394531 0.617188 0.398438 0.621094 0.398438 0.644531 0.394531 0.648438 0.394531 0.652344 0.390625 0.656250 0.390625 0.664062 0.398438 0.664062 0.398438 0.660156 0.402344 0.656250 0.417969 0.656250 0.421875 0.660156 0.421875 0.671875 0.425781 0.675781 0.425781 0.679688 0.429688 0.679688 0.433594 0.683594 0.433594 0.687500 0.445312 0.687500 0.445312 0.667969 0.449219 0.664062 0.449219 0.656250 0.453125 0.652344 0.464844 0.652344 0.472656 0.644531 0.480469 0.644531 0.480469 0.640625 0.488281 0.632812 0.488281 0.625000 0.480469 0.617188 0.480469 0.597656 0.484375 0.593750 0.492188 0.593750 0.492188 0.589844 0.496094 0.585938 0.523438 0.585938 0.523438 0.574219 0.515625 0.574219 0.511719 0.570312 0.511719 0.562500 0.500000 0.562500 0.500000 0.574219 0.496094 0.578125 0.464844 0.578125 0.460938 0.574219 0.460938 0.558594 0.441406 0.558594 0.433594 0.550781 0.433594 0.546875 0.429688 0.542969 0.429688 0.519531 0.433594 0.515625 0.441406 0.515625 0.441406 0.507812 0.445312 0.503906 0.468750 0.503906 0.468750 0.496094 0.464844 0.496094 0.460938 0.492188 0.460938 0.472656 0.464844 0.468750 0.464844 0.460938 0.460938 0.457031 0.460938 0.441406 0.453125 0.433594 0.453125 0.425781 0.445312 0.425781 0.441406 0.421875 0.441406 0.417969 0.433594 0.417969 0.429688 0.414062 0.417969 0.414062 0.414062 0.410156 0.414062 0.378906 0.417969 0.375000 0.417969 0.363281 0.414062 0.359375 0.410156 0.359375 0.406250 0.355469 0.402344 0.355469 0.398438 0.351562 0.394531 0.351562 0.390625 0.347656 0.363281 0.347656 0.359375 0.343750 0.359375 0.324219 0.363281 0.320312 0.363281 0.312500 0.367188 0.308594 0.367188 0.300781 0.363281 0.296875 0.363281 0.277344 0.367188 0.273438 0.394531 0.273438 0.398438 0.277344 0.398438 0.285156 0.425781 0.285156 0.429688 0.289062 0.429688 0.308594 0.425781 0.312500 0.414062 0.312500 0.414062 0.316406 0.410156 0.320312 0.410156 0.328125 0.433594 0.328125 0.437500 0.332031 0.441406 0.332031 0.445312 0.335938 0.445312 0.347656 0.449219 0.351562 0.460938 0.351562 0.464844 0.347656 0.464844 0.339844 0.468750 0.335938 0.480469 0.335938 0.480469 0.332031 0.484375 0.328125 0.484375 0.316406 0.480469 0.312500 0.480469 0.292969 0.476562 0.292969 0.472656 0.289062 0.472656 0.261719 0.468750 0.257812 0.468750 0.226562 0.472656 0.222656 0.488281 0.222656 0.496094 0.230469 0.503906 0.230469 0.503906 0.210938 0.507812 0.207031 0.523438 0.207031 0.527344 0.210938 0.535156 0.210938 0.539062 0.214844 0.539062 0.234375 0.546875 0.242188 0.546875 0.253906 0.550781 0.257812 0.550781 0.308594 0.542969 0.316406 0.539062 0.316406 0.539062 0.335938 0.542969 0.335938 0.546875 0.339844 0.550781 0.339844 0.558594 0.347656 0.562500 0.347656 0.566406 0.351562 0.566406 0.375000 0.562500 0.378906 0.546875 0.378906 0.539062 0.386719 0.523438 0.386719 0.519531 0.382812 0.511719 0.382812 0.511719 0.445312 0.519531 0.453125 0.519531 0.457031 0.531250 0.468750 0.531250 0.496094 0.542969 0.496094 0.546875 0.500000 0.550781 0.500000 0.562500 0.511719 0.562500 0.515625 0.578125 0.531250 0.578125 0.539062 0.582031 0.542969 0.582031 0.546875 0.589844 0.554688 0.593750 0.554688 0.597656 0.558594 0.597656 0.562500 0.601562 0.566406 0.601562 0.570312 0.613281 0.582031 0.613281 0.585938 0.621094 0.593750 0.621094 0.597656 0.625000 0.601562 0.628906 0.601562 0.632812 0.605469 0.632812 0.613281 0.636719 0.617188 0.636719 0.621094 0.644531 0.628906 0.644531 0.648438 0.656250 0.660156 0.664062 0.660156 0.667969 0.664062 0.667969 0.671875 0.675781 0.679688 0.675781 0.683594 0.679688 0.687500 0.679688 0.691406 0.683594 0.691406 0.687500 0.695312 0.687500 0.714844 0.707031 0.714844 0.710938 0.718750 0.710938 0.722656 0.714844 0.726562 0.722656 0.726562 0.722656 0.707031 0.710938 0.707031 0.707031 0.703125 0.707031 0.691406 0.695312 0.679688 0.695312 0.652344 0.703125 0.644531 0.714844 0.644531 0.714844 0.628906 0.687500 0.628906 0.683594 0.625000 0.675781 0.625000 0.671875 0.621094 0.671875 0.617188 0.660156 0.617188 0.656250 0.613281 0.656250 0.597656 0.667969 0.585938 0.667969 0.578125 0.671875 0.574219 0.671875 0.566406 0.675781 0.562500 0.675781 0.523438 0.679688 0.519531 0.687500 0.519531 0.687500 0.511719 0.683594 0.507812 0.683594 0.500000 0.671875 0.500000 0.667969 0.503906 0.667969 0.542969 0.664062 0.546875 0.660156 0.546875 0.656250 0.550781 0.632812 0.550781 0.628906 0.546875 0.628906 0.519531 0.632812 0.515625 0.632812 0.507812 0.628906 0.507812 0.625000 0.503906 0.625000 0.500000 0.605469 0.500000 0.601562 0.496094 0.601562 0.492188 0.597656 0.488281 0.597656 0.472656 0.601562 0.468750 0.609375 0.468750 0.609375 0.460938 0.617188 0.453125 0.621094 0.453125 0.628906 0.445312 0.628906 0.421875 0.632812 0.417969 0.636719 0.417969 0.636719 0.410156 0.621094 0.410156 0.617188 0.406250 0.617188 0.367188 0.621094 0.363281 0.621094 0.328125 0.625000 0.324219 0.628906 0.324219 0.628906 0.308594 0.625000 0.308594 0.621094 0.304688 0.621094 0.281250 0.628906 0.273438 0.648438 0.273438 0.652344 0.277344 0.652344 0.285156 0.660156 0.285156 0.664062 0.289062 0.664062 0.324219 0.679688 0.324219 0.679688 0.320312 0.683594 0.316406 0.695312 0.316406 0.695312 0.281250 0.703125 0.273438 0.703125 0.265625 0.699219 0.265625 0.687500 0.253906 0.687500 0.250000 0.683594 0.246094 0.683594 0.226562 0.675781 0.226562 0.671875 0.230469 0.671875 0.246094 0.667969 0.250000 0.652344 0.250000 0.652344 0.261719 0.648438 0.265625 0.632812 0.265625 0.628906 0.261719 0.628906 0.257812 0.613281 0.257812 0.609375 0.253906 0.609375 0.238281 0.613281 0.234375 0.621094 0.234375 0.621094 0.222656 0.625000 0.218750 0.636719 0.218750 0.644531 0.210938 0.652344 0.210938 0.656250 0.207031 0.656250 0.187500 0.625000 0.187500 0.625000 0.210938 0.621094 0.214844 0.597656 0.214844 0.593750 0.210938 0.593750 0.179688 0.585938 0.179688 0.582031 0.175781 0.566406 0.175781 0.562500 0.171875 0.562500 0.164062 0.542969 0.164062 0.539062 0.160156 0.539062 0.144531 0.531250 0.144531 0.527344 0.140625 0.519531 0.140625 0.515625 0.136719 0.511719 0.136719 0.507812 0.132812 0.507812 0.121094 0.503906 0.121094 0.500000 0.117188 0.500000 0.097656 0.503906 0.093750 0.523438 0.093750 0.531250 0.101562 0.535156 0.101562 0.539062 0.105469 0.539062 0.121094 0.550781 0.121094 0.554688 0.117188 0.578125 0.117188 0.582031 0.121094 0.589844 0.121094 0.593750 0.125000 0.593750 0.128906 0.597656 0.128906 0.601562 0.132812 0.613281 0.132812 0.617188 0.136719 0.621094 0.136719 0.625000 0.140625 0.644531 0.140625 0.644531 0.132812 0.628906 0.117188 0.621094 0.117188 0.617188 0.113281 0.613281 0.113281 0.609375 0.109375 0.582031 0.109375 0.578125 0.105469 0.570312 0.105469 0.566406 0.101562 0.558594 0.101562 0.554688 0.097656 0.550781 0.097656 0.546875 0.093750 0.539062 0.093750 0.535156 0.089844 0.527344 0.089844 0.523438 0.085938 0.519531 0.085938 0.515625 0.082031 0.507812 0.082031 0.503906 0.078125 0.492188 0.078125 0.488281 0.074219 0.480469 0.074219 0.476562 0.070312 0.457031 0.070312 0.453125 0.066406 0.453125 0.062500 0.429688 0.062500 0.429688 0.070312 0.433594 0.070312 0.441406 0.078125 0.460938 0.078125 0.464844 0.082031 0.484375 0.082031 0.488281 0.085938 0.488281 0.089844 0.492188 0.093750 0.492188 0.109375 0.488281 0.113281 0.488281 0.125000 0.484375 0.128906 0.460938 0.128906 0.460938 0.136719 0.457031 0.140625 0.441406 0.140625 0.437500 0.136719 0.437500 0.121094 0.441406 0.117188 0.445312 0.117188 0.445312 0.105469 0.437500 0.105469 0.437500 0.109375 0.433594 0.113281 0.410156 0.113281 0.402344 0.105469 0.394531 0.105469 0.390625 0.101562 0.382812 0.101562 0.378906 0.097656 0.378906 0.093750 0.351562 0.093750 0.347656 0.089844 0.347656 0.066406 0.351562 0.062500 0.359375 0.062500 0.363281 0.058594 0.363281 0.039062 0.351562 0.039062 0.347656 0.035156 0.339844 0.035156 0.335938 0.031250 0.332031 0.031250 0.328125 0.027344
2 0.171875 0.000000 0.171875 0.007812 0.167969 0.011719 0.164062 0.011719 0.164062 0.085938 0.160156 0.089844 0.160156 0.101562 0.152344 0.109375 0.152344 0.132812 0.148438 0.136719 0.148438 0.140625 0.140625 0.148438 0.136719 0.148438 0.136719 0.179688 0.132812 0.183594 0.128906 0.183594 0.128906 0.222656 0.121094 0.230469 0.121094 0.250000 0.117188 0.253906 0.109375 0.253906 0.109375 0.269531 0.105469 0.273438 0.105469 0.308594 0.117188 0.308594 0.125000 0.300781 0.128906 0.300781 0.128906 0.289062 0.125000 0.285156 0.125000 0.269531 0.128906 0.265625 0.148438 0.265625 0.148438 0.257812 0.140625 0.257812 0.136719 0.253906 0.136719 0.238281 0.140625 0.234375 0.140625 0.230469 0.144531 0.226562 0.144531 0.218750 0.140625 0.218750 0.136719 0.214844 0.136719 0.171875 0.140625 0.167969 0.152344 0.167969 0.152344 0.148438 0.156250 0.144531 0.156250 0.121094 0.160156 0.117188 0.164062 0.117188 0.167969 0.113281 0.167969 0.101562 0.171875 0.097656 0.175781 0.097656 0.175781 0.089844 0.179688 0.085938 0.191406 0.085938 0.191406 0.070312 0.187500 0.066406 0.175781 0.066406 0.171875 0.062500 0.171875 0.039062 0.175781 0.035156 0.175781 0.027344 0.183594 0.019531 0.187500 0.019531 0.187500 0.015625 0.191406 0.011719 0.203125 0.011719 0.203125 0.007812 0.207031 0.003906 0.234375 0.003906 0.238281 0.007812 0.238281 0.019531 0.250000 0.019531 0.253906 0.023438 0.253906 0.039062 0.261719 0.039062 0.265625 0.035156 0.289062 0.035156 0.289062 0.027344 0.285156 0.023438 0.277344 0.023438 0.277344 0.027344 0.273438 0.031250 0.257812 0.031250 0.253906 0.027344 0.253906 0.000000
