2 0.671875 0.761719 0.667969 0.765625 0.660156 0.765625 0.656250 0.769531 0.656250 0.773438 0.652344 0.777344 0.652344 0.789062 0.695312 0.789062 0.699219 0.792969 0.710938 0.792969 0.710938 0.785156 0.707031 0.781250 0.707031 0.769531 0.687500 0.769531 0.679688 0.761719
2 0.558594 0.734375 0.558594 0.761719 0.550781 0.769531 0.550781 0.781250 0.542969 0.789062 0.542969 0.796875 0.539062 0.800781 0.539062 0.808594 0.535156 0.812500 0.531250 0.812500 0.527344 0.816406 0.527344 0.835938 0.531250 0.839844 0.531250 0.851562 0.542969 0.851562 0.542969 0.835938 0.546875 0.832031 0.554688 0.832031 0.558594 0.828125 0.562500 0.828125 0.585938 0.804688 0.585938 0.796875 0.589844 0.792969 0.621094 0.792969 0.621094 0.785156 0.597656 0.785156 0.593750 0.781250 0.574219 0.781250 0.570312 0.777344 0.570312 0.757812 0.574219 0.753906 0.578125 0.753906 0.578125 0.734375
2 0.160156 0.695312 0.160156 0.703125 0.167969 0.710938 0.179688 0.710938 0.179688 0.703125 0.175781 0.699219 0.171875 0.699219 0.167969 0.695312
2 0.757812 0.683594 0.753906 0.687500 0.746094 0.687500 0.746094 0.691406 0.742188 0.695312 0.734375 0.695312 0.734375 0.699219 0.730469 0.703125 0.726562 0.703125 0.726562 0.707031 0.722656 0.710938 0.714844 0.710938 0.714844 0.714844 0.710938 0.718750 0.691406 0.718750 0.687500 0.714844 0.683594 0.714844 0.679688 0.710938 0.675781 0.710938 0.671875 0.707031 0.671875 0.703125 0.664062 0.703125 0.660156 0.707031 0.660156 0.718750 0.664062 0.718750 0.671875 0.726562 0.671875 0.730469 0.714844 0.730469 0.718750 0.734375 0.718750 0.742188 0.730469 0.742188 0.734375 0.746094 0.738281 0.746094 0.750000 0.757812 0.761719 0.757812 0.761719 0.746094 0.757812 0.746094 0.753906 0.742188 0.753906 0.726562 0.757812 0.722656 0.769531 0.722656 0.769531 0.714844 0.773438 0.710938 0.777344 0.710938 0.777344 0.703125 0.773438 0.699219 0.769531 0.699219 0.765625 0.695312 0.765625 0.683594
2 0.496094 0.679688 0.496094 0.687500 0.500000 0.691406 0.500000 0.707031 0.523438 0.707031 0.527344 0.703125 0.531250 0.703125 0.531250 0.691406 0.527344 0.691406 0.523438 0.687500 0.523438 0.683594 0.511719 0.683594 0.507812 0.679688
2 0.132812 0.656250 0.128906 0.660156 0.074219 0.660156 0.070312 0.664062 0.058594 0.664062 0.054688 0.667969 0.046875 0.667969 0.042969 0.671875 0.039062 0.671875 0.035156 0.675781 0.031250 0.675781 0.031250 0.683594 0.078125 0.683594 0.082031 0.679688 0.148438 0.679688 0.148438 0.664062 0.144531 0.660156 0.144531 0.656250
2 0.652344 0.617188 0.652344 0.625000 0.656250 0.625000 0.660156 0.628906 0.660156 0.648438 0.679688 0.648438 0.683594 0.652344 0.683594 0.664062 0.691406 0.664062 0.695312 0.660156 0.699219 0.660156 0.699219 0.636719 0.695312 0.632812 0.687500 0.632812 0.683594 0.636719 0.664062 0.636719 0.660156 0.632812 0.660156 0.617188
2 0.789062 0.562500 0.789062 0.566406 0.785156 0.570312 0.781250 0.570312 0.781250 0.578125 0.777344 0.582031 0.773438 0.582031 0.769531 0.585938 0.765625 0.585938 0.761719 0.589844 0.753906 0.589844 0.750000 0.593750 0.746094 0.593750 0.746094 0.605469 0.750000 0.605469 0.753906 0.609375 0.757812 0.609375 0.761719 0.613281 0.781250 0.613281 0.789062 0.605469 0.792969 0.605469 0.796875 0.601562 0.796875 0.593750 0.800781 0.589844 0.820312 0.589844 0.820312 0.582031 0.800781 0.582031 0.796875 0.578125 0.796875 0.562500
2 0.816406 0.542969 0.816406 0.550781 0.824219 0.550781 0.824219 0.542969
2 0.691406 0.527344 0.687500 0.531250 0.687500 0.542969 0.710938 0.542969 0.714844 0.546875 0.714844 0.562500 0.710938 0.566406 0.687500 0.566406 0.683594 0.570312 0.679688 0.570312 0.679688 0.574219 0.675781 0.578125 0.664062 0.578125 0.664062 0.585938 0.699219 0.585938 0.703125 0.582031 0.730469 0.582031 0.730469 0.527344
2 0.792969 0.414062 0.792969 0.433594 0.789062 0.437500 0.789062 0.460938 0.785156 0.464844 0.785156 0.472656 0.796875 0.472656 0.796875 0.464844 0.804688 0.457031 0.808594 0.457031 0.812500 0.453125 0.812500 0.429688 0.816406 0.425781 0.816406 0.417969 0.812500 0.414062
2 0.507812 0.363281 0.503906 0.367188 0.488281 0.367188 0.488281 0.386719 0.496094 0.394531 0.496094 0.414062 0.500000 0.417969 0.500000 0.421875 0.511719 0.433594 0.511719 0.437500 0.515625 0.441406 0.515625 0.457031 0.527344 0.457031 0.531250 0.460938 0.531250 0.480469 0.535156 0.484375 0.535156 0.500000 0.539062 0.503906 0.542969 0.503906 0.546875 0.507812 0.546875 0.527344 0.550781 0.531250 0.550781 0.535156 0.554688 0.539062 0.554688 0.554688 0.550781 0.558594 0.542969 0.558594 0.539062 0.562500 0.539062 0.578125 0.535156 0.582031 0.511719 0.582031 0.507812 0.578125 0.500000 0.578125 0.492188 0.570312 0.492188 0.546875 0.496094 0.542969 0.496094 0.527344 0.500000 0.523438 0.507812 0.523438 0.507812 0.515625 0.492188 0.515625 0.488281 0.511719 0.480469 0.511719 0.476562 0.507812 0.476562 0.488281 0.472656 0.488281 0.468750 0.484375 0.468750 0.476562 0.457031 0.476562 0.457031 0.484375 0.460938 0.488281 0.460938 0.492188 0.464844 0.496094 0.464844 0.511719 0.468750 0.511719 0.472656 0.515625 0.472656 0.531250 0.464844 0.539062 0.464844 0.550781 0.468750 0.554688 0.472656 0.554688 0.476562 0.558594 0.476562 0.574219 0.480469 0.574219 0.484375 0.578125 0.484375 0.582031 0.496094 0.582031 0.500000 0.585938 0.500000 0.597656 0.503906 0.601562 0.503906 0.605469 0.515625 0.605469 0.519531 0.609375 0.519531 0.628906 0.523438 0.628906 0.527344 0.632812 0.535156 0.632812 0.539062 0.636719 0.539062 0.656250 0.535156 0.660156 0.531250 0.660156 0.531250 0.667969 0.542969 0.667969 0.546875 0.664062 0.550781 0.664062 0.550781 0.660156 0.558594 0.652344 0.566406 0.652344 0.570312 0.648438 0.570312 0.644531 0.574219 0.640625 0.574219 0.636719 0.578125 0.632812 0.578125 0.628906 0.585938 0.621094 0.589844 0.621094 0.589844 0.589844 0.593750 0.585938 0.597656 0.585938 0.597656 0.582031 0.601562 0.578125 0.601562 0.566406 0.609375 0.558594 0.617188 0.558594 0.617188 0.542969 0.601562 0.542969 0.593750 0.535156 0.593750 0.531250 0.562500 0.531250 0.558594 0.527344 0.558594 0.511719 0.554688 0.511719 0.550781 0.507812 0.550781 0.492188 0.554688 0.488281 0.554688 0.480469 0.558594 0.476562 0.558594 0.472656 0.566406 0.464844 0.570312 0.464844 0.570312 0.460938 0.574219 0.457031 0.585938 0.457031 0.585938 0.449219 0.562500 0.449219 0.558594 0.445312 0.558594 0.441406 0.546875 0.441406 0.542969 0.437500 0.542969 0.425781 0.539062 0.425781 0.527344 0.414062 0.527344 0.394531 0.531250 0.390625 0.539062 0.390625 0.539062 0.382812 0.535156 0.378906 0.535156 0.375000 0.519531 0.375000 0.515625 0.371094 0.515625 0.363281
2 0.695312 0.328125 0.695312 0.339844 0.699219 0.343750 0.699219 0.347656 0.707031 0.347656 0.707031 0.335938 0.703125 0.332031 0.703125 0.328125
2 0.285156 0.300781 0.285156 0.324219 0.281250 0.328125 0.277344 0.328125 0.277344 0.339844 0.281250 0.343750 0.281250 0.375000 0.289062 0.382812 0.292969 0.382812 0.296875 0.386719 0.300781 0.386719 0.304688 0.390625 0.304688 0.394531 0.316406 0.406250 0.316406 0.421875 0.304688 0.433594 0.304688 0.441406 0.308594 0.445312 0.312500 0.445312 0.316406 0.449219 0.324219 0.449219 0.328125 0.445312 0.347656 0.445312 0.347656 0.441406 0.351562 0.437500 0.355469 0.437500 0.355469 0.429688 0.335938 0.429688 0.332031 0.425781 0.332031 0.390625 0.335938 0.386719 0.339844 0.386719 0.339844 0.378906 0.335938 0.375000 0.335938 0.359375 0.332031 0.355469 0.332031 0.351562 0.328125 0.347656 0.328125 0.339844 0.308594 0.339844 0.304688 0.335938 0.304688 0.316406 0.308594 0.312500 0.308594 0.304688 0.296875 0.304688 0.292969 0.300781
2 0.656250 0.281250 0.656250 0.289062 0.660156 0.292969 0.664062 0.292969 0.667969 0.296875 0.667969 0.300781 0.671875 0.300781 0.675781 0.304688 0.675781 0.308594 0.679688 0.312500 0.679688 0.316406 0.691406 0.316406 0.691406 0.308594 0.687500 0.304688 0.687500 0.292969 0.679688 0.285156 0.679688 0.281250
2 0.355469 0.269531 0.355469 0.277344 0.359375 0.281250 0.359375 0.285156 0.363281 0.289062 0.367188 0.289062 0.382812 0.304688 0.394531 0.304688 0.398438 0.308594 0.398438 0.320312 0.406250 0.328125 0.410156 0.328125 0.414062 0.332031 0.414062 0.335938 0.421875 0.343750 0.425781 0.343750 0.429688 0.347656 0.429688 0.351562 0.437500 0.351562 0.437500 0.332031 0.433594 0.328125 0.429688 0.328125 0.417969 0.316406 0.417969 0.312500 0.414062 0.308594 0.414062 0.304688 0.402344 0.304688 0.398438 0.300781 0.398438 0.296875 0.394531 0.296875 0.386719 0.289062 0.382812 0.289062 0.375000 0.281250 0.375000 0.277344 0.367188 0.269531
2 0.332031 0.242188 0.332031 0.250000 0.335938 0.253906 0.343750 0.253906 0.343750 0.246094 0.339844 0.242188
2 0.550781 0.183594 0.546875 0.187500 0.539062 0.187500 0.539062 0.199219 0.542969 0.203125 0.542969 0.230469 0.546875 0.230469 0.550781 0.234375 0.554688 0.234375 0.558594 0.238281 0.558594 0.246094 0.562500 0.250000 0.562500 0.265625 0.558594 0.269531 0.558594 0.273438 0.542969 0.289062 0.542969 0.300781 0.535156 0.308594 0.531250 0.308594 0.531250 0.316406 0.535156 0.316406 0.539062 0.320312 0.539062 0.324219 0.546875 0.324219 0.550781 0.320312 0.554688 0.320312 0.558594 0.316406 0.558594 0.312500 0.562500 0.308594 0.574219 0.308594 0.582031 0.300781 0.585938 0.300781 0.585938 0.296875 0.593750 0.289062 0.601562 0.289062 0.601562 0.281250 0.605469 0.277344 0.605469 0.250000 0.601562 0.250000 0.597656 0.246094 0.593750 0.246094 0.585938 0.238281 0.585938 0.234375 0.582031 0.230469 0.582031 0.214844 0.574219 0.207031 0.562500 0.207031 0.558594 0.203125 0.558594 0.183594
