2 0.316406 0.808594 0.312500 0.812500 0.312500 0.824219 0.332031 0.824219 0.335938 0.828125 0.363281 0.828125 0.367188 0.832031 0.375000 0.832031 0.375000 0.824219 0.367188 0.824219 0.355469 0.812500 0.335938 0.812500 0.332031 0.808594
2 0.132812 0.792969 0.132812 0.800781 0.136719 0.804688 0.136719 0.812500 0.140625 0.816406 0.140625 0.839844 0.144531 0.839844 0.148438 0.843750 0.148438 0.847656 0.156250 0.847656 0.160156 0.843750 0.164062 0.843750 0.167969 0.839844 0.187500 0.839844 0.191406 0.835938 0.191406 0.820312 0.187500 0.816406 0.187500 0.812500 0.171875 0.812500 0.167969 0.808594 0.167969 0.800781 0.152344 0.800781 0.148438 0.796875 0.144531 0.796875 0.140625 0.792969
2 0.195312 0.710938 0.195312 0.722656 0.191406 0.726562 0.183594 0.726562 0.183594 0.742188 0.191406 0.742188 0.195312 0.738281 0.210938 0.738281 0.210938 0.734375 0.218750 0.726562 0.218750 0.714844 0.210938 0.714844 0.207031 0.710938
2 0.722656 0.699219 0.718750 0.703125 0.710938 0.703125 0.707031 0.707031 0.707031 0.714844 0.710938 0.718750 0.718750 0.718750 0.726562 0.710938 0.742188 0.710938 0.746094 0.707031 0.746094 0.699219
2 0.535156 0.691406 0.535156 0.695312 0.531250 0.699219 0.523438 0.699219 0.523438 0.707031 0.527344 0.710938 0.535156 0.710938 0.539062 0.714844 0.539062 0.722656 0.546875 0.722656 0.550781 0.726562 0.550781 0.746094 0.566406 0.746094 0.566406 0.734375 0.562500 0.730469 0.562500 0.710938 0.566406 0.707031 0.570312 0.707031 0.570312 0.699219 0.566406 0.695312 0.562500 0.695312 0.558594 0.691406
2 0.132812 0.687500 0.128906 0.691406 0.125000 0.691406 0.125000 0.695312 0.117188 0.703125 0.117188 0.714844 0.113281 0.718750 0.113281 0.726562 0.117188 0.726562 0.121094 0.730469 0.121094 0.734375 0.125000 0.738281 0.125000 0.742188 0.136719 0.742188 0.140625 0.746094 0.140625 0.750000 0.144531 0.753906 0.171875 0.753906 0.171875 0.746094 0.160156 0.746094 0.156250 0.742188 0.156250 0.738281 0.144531 0.726562 0.144531 0.714844 0.140625 0.710938 0.140625 0.687500
2 0.609375 0.671875 0.609375 0.695312 0.605469 0.699219 0.605469 0.707031 0.625000 0.707031 0.625000 0.699219 0.628906 0.695312 0.640625 0.695312 0.640625 0.683594 0.636719 0.679688 0.636719 0.675781 0.628906 0.675781 0.625000 0.671875
2 0.179688 0.656250 0.175781 0.660156 0.171875 0.660156 0.171875 0.679688 0.175781 0.683594 0.191406 0.683594 0.191406 0.664062 0.187500 0.660156 0.187500 0.656250
2 0.171875 0.550781 0.171875 0.562500 0.167969 0.566406 0.144531 0.566406 0.144531 0.585938 0.140625 0.589844 0.136719 0.589844 0.136719 0.613281 0.132812 0.617188 0.132812 0.632812 0.136719 0.636719 0.136719 0.648438 0.140625 0.648438 0.144531 0.652344 0.152344 0.652344 0.152344 0.640625 0.156250 0.636719 0.156250 0.621094 0.160156 0.617188 0.191406 0.617188 0.191406 0.589844 0.187500 0.585938 0.187500 0.550781
2 0.828125 0.468750 0.828125 0.472656 0.824219 0.476562 0.824219 0.480469 0.820312 0.484375 0.816406 0.484375 0.812500 0.488281 0.808594 0.488281 0.808594 0.496094 0.816406 0.496094 0.820312 0.500000 0.820312 0.515625 0.816406 0.519531 0.808594 0.519531 0.804688 0.523438 0.800781 0.523438 0.792969 0.531250 0.792969 0.542969 0.789062 0.546875 0.773438 0.546875 0.773438 0.554688 0.777344 0.554688 0.781250 0.558594 0.781250 0.582031 0.789062 0.582031 0.796875 0.589844 0.796875 0.601562 0.800781 0.605469 0.800781 0.613281 0.816406 0.613281 0.820312 0.617188 0.820312 0.636719 0.816406 0.640625 0.785156 0.640625 0.781250 0.636719 0.781250 0.632812 0.777344 0.628906 0.765625 0.628906 0.761719 0.632812 0.761719 0.636719 0.757812 0.640625 0.757812 0.652344 0.750000 0.660156 0.750000 0.671875 0.753906 0.671875 0.757812 0.675781 0.757812 0.687500 0.769531 0.687500 0.773438 0.691406 0.777344 0.691406 0.781250 0.695312 0.781250 0.707031 0.785156 0.710938 0.800781 0.710938 0.808594 0.718750 0.808594 0.734375 0.812500 0.734375 0.820312 0.742188 0.820312 0.746094 0.835938 0.746094 0.835938 0.738281 0.839844 0.734375 0.839844 0.722656 0.843750 0.718750 0.847656 0.718750 0.847656 0.714844 0.855469 0.707031 0.855469 0.687500 0.859375 0.683594 0.859375 0.679688 0.863281 0.675781 0.863281 0.671875 0.867188 0.667969 0.867188 0.664062 0.875000 0.656250 0.875000 0.652344 0.878906 0.648438 0.878906 0.628906 0.886719 0.621094 0.886719 0.617188 0.890625 0.613281 0.906250 0.613281 0.906250 0.574219 0.910156 0.570312 0.910156 0.562500 0.906250 0.558594 0.906250 0.542969 0.898438 0.542969 0.898438 0.550781 0.886719 0.562500 0.871094 0.562500 0.867188 0.558594 0.867188 0.550781 0.863281 0.550781 0.859375 0.546875 0.859375 0.535156 0.855469 0.531250 0.835938 0.531250 0.832031 0.527344 0.832031 0.511719 0.835938 0.507812 0.839844 0.507812 0.839844 0.503906 0.843750 0.500000 0.847656 0.500000 0.851562 0.496094 0.851562 0.492188 0.855469 0.488281 0.859375 0.488281 0.859375 0.480469 0.855469 0.476562 0.847656 0.476562 0.843750 0.472656 0.843750 0.468750
2 0.308594 0.441406 0.308594 0.445312 0.300781 0.453125 0.300781 0.468750 0.296875 0.472656 0.296875 0.476562 0.292969 0.480469 0.277344 0.480469 0.277344 0.484375 0.273438 0.488281 0.273438 0.500000 0.269531 0.503906 0.269531 0.519531 0.265625 0.523438 0.265625 0.531250 0.261719 0.535156 0.261719 0.542969 0.257812 0.546875 0.257812 0.554688 0.265625 0.554688 0.265625 0.550781 0.273438 0.542969 0.273438 0.539062 0.277344 0.535156 0.277344 0.515625 0.281250 0.511719 0.312500 0.511719 0.316406 0.515625 0.316406 0.519531 0.324219 0.519531 0.328125 0.523438 0.328125 0.527344 0.332031 0.531250 0.332031 0.539062 0.335938 0.539062 0.339844 0.542969 0.339844 0.562500 0.335938 0.566406 0.328125 0.566406 0.328125 0.578125 0.335938 0.578125 0.339844 0.582031 0.351562 0.582031 0.355469 0.585938 0.355469 0.609375 0.363281 0.609375 0.367188 0.605469 0.378906 0.605469 0.382812 0.601562 0.390625 0.601562 0.390625 0.593750 0.382812 0.585938 0.382812 0.566406 0.378906 0.562500 0.378906 0.546875 0.382812 0.542969 0.386719 0.542969 0.390625 0.539062 0.406250 0.539062 0.410156 0.542969 0.410156 0.546875 0.414062 0.550781 0.414062 0.574219 0.429688 0.574219 0.429688 0.570312 0.437500 0.562500 0.441406 0.562500 0.441406 0.546875 0.437500 0.542969 0.437500 0.531250 0.429688 0.531250 0.425781 0.527344 0.410156 0.527344 0.406250 0.523438 0.382812 0.523438 0.378906 0.519531 0.378906 0.515625 0.375000 0.511719 0.371094 0.511719 0.367188 0.507812 0.367188 0.503906 0.359375 0.503906 0.359375 0.515625 0.355469 0.519531 0.339844 0.519531 0.335938 0.515625 0.335938 0.511719 0.332031 0.511719 0.328125 0.507812 0.316406 0.507812 0.312500 0.503906 0.312500 0.457031 0.316406 0.453125 0.316406 0.441406
2 0.257812 0.441406 0.253906 0.445312 0.250000 0.445312 0.250000 0.453125 0.253906 0.453125 0.261719 0.460938 0.273438 0.460938 0.273438 0.445312 0.269531 0.441406
2 0.203125 0.414062 0.203125 0.429688 0.207031 0.429688 0.210938 0.433594 0.210938 0.437500 0.214844 0.441406 0.222656 0.441406 0.222656 0.433594 0.218750 0.429688 0.218750 0.414062
2 0.191406 0.394531 0.191406 0.402344 0.199219 0.402344 0.199219 0.394531
2 0.351562 0.324219 0.347656 0.328125 0.335938 0.328125 0.332031 0.332031 0.320312 0.332031 0.320312 0.335938 0.316406 0.339844 0.316406 0.359375 0.312500 0.363281 0.296875 0.363281 0.292969 0.359375 0.292969 0.335938 0.281250 0.335938 0.281250 0.339844 0.277344 0.343750 0.277344 0.351562 0.273438 0.355469 0.273438 0.367188 0.269531 0.371094 0.265625 0.371094 0.265625 0.390625 0.261719 0.394531 0.242188 0.394531 0.238281 0.398438 0.234375 0.398438 0.234375 0.406250 0.250000 0.406250 0.250000 0.398438 0.253906 0.394531 0.269531 0.394531 0.273438 0.398438 0.285156 0.398438 0.289062 0.402344 0.289062 0.417969 0.292969 0.421875 0.300781 0.421875 0.304688 0.417969 0.308594 0.417969 0.308594 0.394531 0.312500 0.390625 0.312500 0.378906 0.316406 0.375000 0.320312 0.375000 0.320312 0.371094 0.324219 0.367188 0.335938 0.367188 0.339844 0.363281 0.355469 0.363281 0.363281 0.371094 0.363281 0.375000 0.371094 0.375000 0.375000 0.371094 0.375000 0.363281 0.371094 0.359375 0.371094 0.355469 0.367188 0.351562 0.367188 0.332031 0.363281 0.328125 0.363281 0.324219
2 0.656250 0.277344 0.652344 0.281250 0.644531 0.281250 0.644531 0.285156 0.640625 0.289062 0.640625 0.292969 0.636719 0.296875 0.636719 0.308594 0.632812 0.312500 0.628906 0.312500 0.625000 0.316406 0.605469 0.316406 0.601562 0.312500 0.589844 0.312500 0.589844 0.316406 0.585938 0.320312 0.582031 0.320312 0.582031 0.332031 0.578125 0.335938 0.554688 0.335938 0.554688 0.347656 0.558594 0.351562 0.558594 0.375000 0.554688 0.378906 0.546875 0.378906 0.546875 0.394531 0.550781 0.398438 0.574219 0.398438 0.578125 0.402344 0.578125 0.410156 0.582031 0.414062 0.582031 0.433594 0.597656 0.433594 0.601562 0.437500 0.601562 0.453125 0.613281 0.453125 0.625000 0.441406 0.628906 0.441406 0.628906 0.429688 0.632812 0.425781 0.648438 0.425781 0.652344 0.429688 0.652344 0.457031 0.667969 0.457031 0.667969 0.441406 0.671875 0.437500 0.699219 0.437500 0.699219 0.429688 0.695312 0.425781 0.695312 0.421875 0.691406 0.417969 0.691406 0.398438 0.695312 0.394531 0.699219 0.394531 0.699219 0.386719 0.675781 0.386719 0.667969 0.378906 0.667969 0.375000 0.660156 0.375000 0.656250 0.371094 0.656250 0.343750 0.660156 0.339844 0.683594 0.339844 0.687500 0.343750 0.687500 0.347656 0.699219 0.347656 0.699219 0.343750 0.703125 0.339844 0.703125 0.332031 0.695312 0.324219 0.695312 0.320312 0.687500 0.312500 0.679688 0.312500 0.671875 0.304688 0.671875 0.300781 0.667969 0.296875 0.667969 0.277344
2 0.695312 0.253906 0.691406 0.257812 0.691406 0.265625 0.699219 0.265625 0.703125 0.261719 0.703125 0.253906
2 0.453125 0.234375 0.453125 0.242188 0.449219 0.246094 0.445312 0.246094 0.433594 0.257812 0.429688 0.257812 0.425781 0.261719 0.417969 0.261719 0.417969 0.285156 0.414062 0.289062 0.394531 0.289062 0.390625 0.285156 0.390625 0.277344 0.386719 0.273438 0.386719 0.269531 0.375000 0.269531 0.375000 0.289062 0.378906 0.289062 0.382812 0.292969 0.382812 0.304688 0.398438 0.304688 0.402344 0.308594 0.406250 0.308594 0.414062 0.316406 0.414062 0.335938 0.441406 0.335938 0.449219 0.343750 0.449219 0.363281 0.445312 0.367188 0.433594 0.367188 0.433594 0.375000 0.437500 0.378906 0.437500 0.402344 0.433594 0.406250 0.417969 0.406250 0.417969 0.414062 0.425781 0.414062 0.429688 0.417969 0.441406 0.417969 0.445312 0.421875 0.445312 0.453125 0.449219 0.453125 0.453125 0.457031 0.453125 0.464844 0.460938 0.472656 0.460938 0.488281 0.457031 0.492188 0.449219 0.492188 0.449219 0.500000 0.457031 0.500000 0.457031 0.496094 0.460938 0.492188 0.476562 0.492188 0.480469 0.496094 0.484375 0.496094 0.488281 0.500000 0.488281 0.531250 0.484375 0.535156 0.468750 0.535156 0.468750 0.542969 0.480469 0.542969 0.484375 0.546875 0.484375 0.550781 0.500000 0.550781 0.503906 0.554688 0.503906 0.558594 0.515625 0.558594 0.519531 0.562500 0.527344 0.562500 0.535156 0.570312 0.542969 0.570312 0.542969 0.539062 0.539062 0.535156 0.539062 0.519531 0.542969 0.515625 0.546875 0.515625 0.546875 0.507812 0.550781 0.503906 0.570312 0.503906 0.585938 0.519531 0.593750 0.519531 0.597656 0.523438 0.597656 0.527344 0.605469 0.527344 0.609375 0.531250 0.609375 0.539062 0.644531 0.539062 0.648438 0.542969 0.648438 0.550781 0.660156 0.550781 0.660156 0.539062 0.664062 0.535156 0.683594 0.535156 0.687500 0.531250 0.687500 0.519531 0.679688 0.519531 0.675781 0.523438 0.660156 0.523438 0.660156 0.531250 0.656250 0.535156 0.640625 0.535156 0.636719 0.531250 0.636719 0.496094 0.632812 0.496094 0.628906 0.492188 0.617188 0.492188 0.613281 0.496094 0.589844 0.496094 0.585938 0.492188 0.585938 0.488281 0.582031 0.484375 0.582031 0.480469 0.578125 0.476562 0.578125 0.468750 0.574219 0.464844 0.574219 0.445312 0.562500 0.445312 0.562500 0.468750 0.558594 0.472656 0.539062 0.472656 0.531250 0.480469 0.507812 0.480469 0.503906 0.476562 0.503906 0.472656 0.500000 0.472656 0.496094 0.468750 0.496094 0.453125 0.500000 0.449219 0.503906 0.449219 0.503906 0.441406 0.507812 0.437500 0.511719 0.437500 0.511719 0.433594 0.519531 0.425781 0.519531 0.414062 0.523438 0.410156 0.523438 0.402344 0.515625 0.402344 0.511719 0.406250 0.511719 0.410156 0.507812 0.414062 0.507812 0.417969 0.503906 0.421875 0.496094 0.421875 0.492188 0.425781 0.464844 0.425781 0.460938 0.421875 0.460938 0.406250 0.464844 0.402344 0.476562 0.402344 0.476562 0.394531 0.468750 0.386719 0.468750 0.382812 0.464844 0.378906 0.464844 0.347656 0.468750 0.343750 0.472656 0.343750 0.476562 0.339844 0.480469 0.339844 0.480469 0.332031 0.488281 0.324219 0.488281 0.316406 0.492188 0.312500 0.515625 0.312500 0.519531 0.316406 0.527344 0.316406 0.527344 0.308594 0.523438 0.304688 0.519531 0.304688 0.515625 0.300781 0.515625 0.296875 0.507812 0.289062 0.507812 0.285156 0.503906 0.281250 0.503906 0.273438 0.500000 0.269531 0.500000 0.265625 0.492188 0.265625 0.488281 0.269531 0.468750 0.269531 0.460938 0.261719 0.460938 0.246094 0.464844 0.242188 0.476562 0.242188 0.476562 0.234375
2 0.546875 0.171875 0.546875 0.183594 0.550781 0.187500 0.554688 0.187500 0.558594 0.191406 0.570312 0.191406 0.574219 0.195312 0.574219 0.207031 0.578125 0.210938 0.578125 0.234375 0.582031 0.238281 0.582031 0.253906 0.589844 0.261719 0.589844 0.269531 0.593750 0.273438 0.593750 0.281250 0.605469 0.281250 0.609375 0.277344 0.609375 0.273438 0.617188 0.265625 0.632812 0.265625 0.632812 0.250000 0.601562 0.250000 0.597656 0.246094 0.597656 0.242188 0.593750 0.242188 0.589844 0.238281 0.589844 0.234375 0.585938 0.230469 0.585938 0.199219 0.582031 0.195312 0.574219 0.195312 0.570312 0.191406 0.570312 0.183594 0.566406 0.179688 0.566406 0.171875
2 0.507812 0.089844 0.503906 0.093750 0.496094 0.093750 0.492188 0.097656 0.488281 0.097656 0.480469 0.105469 0.480469 0.117188 0.476562 0.121094 0.472656 0.121094 0.460938 0.132812 0.460938 0.140625 0.457031 0.144531 0.457031 0.148438 0.453125 0.152344 0.453125 0.160156 0.449219 0.164062 0.449219 0.171875 0.445312 0.175781 0.441406 0.175781 0.441406 0.183594 0.449219 0.183594 0.449219 0.179688 0.453125 0.175781 0.457031 0.175781 0.460938 0.171875 0.460938 0.156250 0.464844 0.152344 0.468750 0.152344 0.472656 0.148438 0.472656 0.144531 0.476562 0.140625 0.476562 0.136719 0.480469 0.132812 0.480469 0.117188 0.484375 0.113281 0.496094 0.113281 0.500000 0.109375 0.546875 0.109375 0.546875 0.101562 0.542969 0.101562 0.531250 0.089844
