2 0.414062 0.949219 0.410156 0.953125 0.402344 0.953125 0.402344 0.960938 0.425781 0.960938 0.429688 0.964844 0.437500 0.964844 0.441406 0.960938 0.441406 0.953125 0.425781 0.953125 0.421875 0.949219
2 0.355469 0.945312 0.351562 0.949219 0.343750 0.949219 0.343750 0.960938 0.347656 0.964844 0.347656 0.968750 0.351562 0.972656 0.359375 0.972656 0.367188 0.964844 0.371094 0.964844 0.371094 0.960938 0.375000 0.957031 0.375000 0.949219 0.371094 0.949219 0.367188 0.945312
2 0.304688 0.910156 0.304688 0.917969 0.300781 0.921875 0.269531 0.921875 0.269531 0.925781 0.265625 0.929688 0.242188 0.929688 0.238281 0.933594 0.203125 0.933594 0.199219 0.937500 0.199219 0.945312 0.203125 0.949219 0.250000 0.949219 0.250000 0.945312 0.253906 0.941406 0.257812 0.941406 0.261719 0.937500 0.300781 0.937500 0.300781 0.929688 0.304688 0.925781 0.316406 0.925781 0.320312 0.921875 0.324219 0.921875 0.324219 0.914062 0.320312 0.914062 0.316406 0.910156
2 0.386719 0.894531 0.386719 0.902344 0.394531 0.902344 0.394531 0.894531
2 0.164062 0.808594 0.164062 0.832031 0.171875 0.839844 0.171875 0.843750 0.175781 0.843750 0.179688 0.847656 0.183594 0.847656 0.187500 0.851562 0.187500 0.855469 0.191406 0.855469 0.199219 0.863281 0.207031 0.863281 0.210938 0.867188 0.210938 0.871094 0.214844 0.875000 0.218750 0.875000 0.222656 0.878906 0.222656 0.886719 0.234375 0.886719 0.234375 0.878906 0.230469 0.875000 0.230469 0.871094 0.222656 0.863281 0.210938 0.863281 0.207031 0.859375 0.207031 0.847656 0.203125 0.847656 0.199219 0.843750 0.199219 0.820312 0.195312 0.820312 0.191406 0.816406 0.191406 0.812500 0.175781 0.812500 0.171875 0.808594
2 0.269531 0.777344 0.269531 0.792969 0.277344 0.792969 0.281250 0.789062 0.281250 0.777344
2 0.464844 0.753906 0.464844 0.761719 0.476562 0.761719 0.476562 0.753906
2 0.222656 0.750000 0.222656 0.757812 0.230469 0.757812 0.230469 0.750000
2 0.519531 0.734375 0.515625 0.738281 0.515625 0.750000 0.519531 0.753906 0.519531 0.757812 0.539062 0.757812 0.539062 0.750000 0.535156 0.750000 0.531250 0.746094 0.531250 0.734375
2 0.675781 0.730469 0.671875 0.734375 0.667969 0.734375 0.667969 0.738281 0.664062 0.742188 0.628906 0.742188 0.625000 0.746094 0.609375 0.746094 0.609375 0.750000 0.605469 0.753906 0.597656 0.753906 0.593750 0.757812 0.593750 0.765625 0.609375 0.765625 0.613281 0.761719 0.621094 0.761719 0.625000 0.757812 0.656250 0.757812 0.660156 0.753906 0.667969 0.753906 0.671875 0.750000 0.675781 0.750000 0.687500 0.738281 0.687500 0.730469
2 0.269531 0.722656 0.269531 0.742188 0.265625 0.746094 0.265625 0.753906 0.273438 0.753906 0.277344 0.750000 0.292969 0.750000 0.292969 0.742188 0.289062 0.742188 0.285156 0.738281 0.285156 0.722656
2 0.144531 0.683594 0.144531 0.691406 0.152344 0.691406 0.152344 0.683594
2 0.121094 0.621094 0.105469 0.636719 0.105469 0.640625 0.101562 0.644531 0.101562 0.652344 0.109375 0.660156 0.109375 0.664062 0.117188 0.664062 0.117188 0.660156 0.121094 0.656250 0.121094 0.644531 0.125000 0.640625 0.125000 0.636719 0.128906 0.632812 0.128906 0.621094
2 0.855469 0.437500 0.855469 0.445312 0.847656 0.453125 0.847656 0.457031 0.843750 0.460938 0.843750 0.480469 0.847656 0.484375 0.847656 0.507812 0.855469 0.507812 0.855469 0.500000 0.859375 0.496094 0.859375 0.464844 0.863281 0.460938 0.863281 0.437500
2 0.832031 0.070312 0.832031 0.082031 0.835938 0.085938 0.835938 0.101562 0.832031 0.105469 0.828125 0.105469 0.828125 0.113281 0.839844 0.113281 0.843750 0.117188 0.843750 0.136719 0.835938 0.144531 0.835938 0.148438 0.832031 0.152344 0.828125 0.152344 0.824219 0.156250 0.800781 0.156250 0.796875 0.152344 0.796875 0.132812 0.792969 0.128906 0.792969 0.125000 0.789062 0.121094 0.789062 0.109375 0.781250 0.109375 0.777344 0.113281 0.773438 0.113281 0.773438 0.125000 0.761719 0.136719 0.757812 0.136719 0.757812 0.152344 0.753906 0.156250 0.734375 0.156250 0.730469 0.152344 0.710938 0.152344 0.707031 0.156250 0.703125 0.156250 0.699219 0.160156 0.695312 0.160156 0.683594 0.171875 0.679688 0.171875 0.675781 0.175781 0.664062 0.175781 0.660156 0.179688 0.656250 0.179688 0.652344 0.183594 0.648438 0.183594 0.644531 0.187500 0.640625 0.187500 0.636719 0.191406 0.621094 0.191406 0.613281 0.199219 0.613281 0.203125 0.609375 0.207031 0.589844 0.207031 0.589844 0.214844 0.597656 0.222656 0.597656 0.238281 0.593750 0.242188 0.582031 0.242188 0.578125 0.246094 0.574219 0.246094 0.574219 0.253906 0.578125 0.257812 0.578125 0.273438 0.574219 0.277344 0.566406 0.277344 0.566406 0.289062 0.554688 0.300781 0.523438 0.300781 0.519531 0.296875 0.519531 0.292969 0.503906 0.292969 0.500000 0.289062 0.500000 0.285156 0.496094 0.285156 0.492188 0.281250 0.484375 0.281250 0.480469 0.277344 0.480469 0.273438 0.476562 0.269531 0.476562 0.253906 0.468750 0.253906 0.457031 0.265625 0.449219 0.265625 0.445312 0.269531 0.445312 0.273438 0.437500 0.281250 0.425781 0.281250 0.425781 0.289062 0.433594 0.289062 0.445312 0.300781 0.445312 0.328125 0.449219 0.332031 0.449219 0.347656 0.445312 0.351562 0.441406 0.351562 0.437500 0.355469 0.410156 0.355469 0.410156 0.371094 0.417969 0.371094 0.421875 0.375000 0.421875 0.394531 0.414062 0.402344 0.394531 0.402344 0.390625 0.398438 0.390625 0.394531 0.378906 0.394531 0.371094 0.386719 0.351562 0.386719 0.347656 0.390625 0.343750 0.390625 0.335938 0.398438 0.308594 0.398438 0.304688 0.402344 0.300781 0.402344 0.296875 0.406250 0.285156 0.406250 0.281250 0.410156 0.277344 0.410156 0.277344 0.437500 0.281250 0.441406 0.281250 0.464844 0.277344 0.468750 0.273438 0.468750 0.269531 0.472656 0.269531 0.484375 0.265625 0.488281 0.250000 0.488281 0.250000 0.500000 0.246094 0.503906 0.210938 0.503906 0.207031 0.500000 0.207031 0.492188 0.203125 0.488281 0.203125 0.472656 0.210938 0.464844 0.210938 0.460938 0.214844 0.457031 0.218750 0.457031 0.222656 0.453125 0.222656 0.445312 0.226562 0.441406 0.230469 0.441406 0.230469 0.425781 0.234375 0.421875 0.234375 0.410156 0.238281 0.406250 0.246094 0.406250 0.250000 0.402344 0.250000 0.394531 0.238281 0.394531 0.234375 0.398438 0.234375 0.406250 0.230469 0.410156 0.226562 0.410156 0.226562 0.417969 0.222656 0.421875 0.222656 0.425781 0.218750 0.429688 0.214844 0.429688 0.214844 0.433594 0.199219 0.449219 0.199219 0.453125 0.195312 0.457031 0.195312 0.460938 0.183594 0.472656 0.183594 0.480469 0.171875 0.492188 0.171875 0.496094 0.156250 0.511719 0.156250 0.523438 0.152344 0.527344 0.148438 0.527344 0.148438 0.542969 0.144531 0.546875 0.144531 0.562500 0.152344 0.562500 0.160156 0.570312 0.160156 0.574219 0.164062 0.578125 0.164062 0.601562 0.156250 0.609375 0.156250 0.617188 0.167969 0.617188 0.171875 0.621094 0.187500 0.621094 0.191406 0.625000 0.191406 0.640625 0.187500 0.644531 0.179688 0.644531 0.179688 0.656250 0.175781 0.660156 0.175781 0.667969 0.179688 0.671875 0.179688 0.675781 0.187500 0.675781 0.191406 0.679688 0.191406 0.699219 0.187500 0.703125 0.183594 0.703125 0.179688 0.707031 0.179688 0.714844 0.187500 0.714844 0.191406 0.718750 0.191406 0.734375 0.195312 0.738281 0.210938 0.738281 0.210938 0.730469 0.214844 0.726562 0.214844 0.722656 0.222656 0.714844 0.265625 0.714844 0.265625 0.707031 0.250000 0.707031 0.246094 0.703125 0.234375 0.703125 0.230469 0.699219 0.230469 0.695312 0.222656 0.695312 0.222656 0.699219 0.218750 0.703125 0.203125 0.703125 0.199219 0.699219 0.199219 0.675781 0.195312 0.671875 0.195312 0.667969 0.191406 0.664062 0.191406 0.628906 0.195312 0.625000 0.210938 0.625000 0.218750 0.632812 0.218750 0.656250 0.269531 0.656250 0.269531 0.632812 0.273438 0.628906 0.289062 0.628906 0.296875 0.636719 0.300781 0.636719 0.304688 0.640625 0.304688 0.660156 0.300781 0.664062 0.292969 0.664062 0.292969 0.667969 0.289062 0.671875 0.289062 0.679688 0.292969 0.683594 0.292969 0.691406 0.296875 0.695312 0.296875 0.699219 0.300781 0.703125 0.308594 0.703125 0.308594 0.683594 0.312500 0.679688 0.355469 0.679688 0.363281 0.687500 0.390625 0.687500 0.394531 0.691406 0.394531 0.710938 0.398438 0.710938 0.402344 0.714844 0.402344 0.746094 0.398438 0.750000 0.394531 0.750000 0.394531 0.753906 0.390625 0.757812 0.386719 0.757812 0.382812 0.761719 0.355469 0.761719 0.347656 0.769531 0.347656 0.800781 0.343750 0.804688 0.328125 0.804688 0.320312 0.796875 0.320312 0.789062 0.316406 0.785156 0.316406 0.773438 0.308594 0.773438 0.308594 0.785156 0.304688 0.789062 0.304688 0.800781 0.312500 0.808594 0.312500 0.812500 0.316406 0.816406 0.316406 0.820312 0.339844 0.820312 0.343750 0.824219 0.343750 0.839844 0.335938 0.847656 0.335938 0.855469 0.332031 0.859375 0.328125 0.859375 0.324219 0.863281 0.324219 0.875000 0.332031 0.875000 0.335938 0.878906 0.355469 0.878906 0.359375 0.875000 0.371094 0.875000 0.375000 0.871094 0.394531 0.871094 0.398438 0.867188 0.421875 0.867188 0.425781 0.871094 0.441406 0.871094 0.445312 0.867188 0.445312 0.859375 0.437500 0.859375 0.433594 0.855469 0.433594 0.832031 0.421875 0.832031 0.417969 0.835938 0.398438 0.835938 0.394531 0.839844 0.363281 0.839844 0.359375 0.835938 0.359375 0.820312 0.363281 0.816406 0.367188 0.816406 0.371094 0.812500 0.375000 0.812500 0.378906 0.808594 0.382812 0.808594 0.382812 0.789062 0.386719 0.785156 0.414062 0.785156 0.414062 0.742188 0.417969 0.738281 0.421875 0.738281 0.421875 0.726562 0.425781 0.722656 0.445312 0.722656 0.453125 0.714844 0.472656 0.714844 0.480469 0.707031 0.527344 0.707031 0.531250 0.710938 0.546875 0.710938 0.550781 0.714844 0.562500 0.714844 0.566406 0.710938 0.566406 0.707031 0.578125 0.695312 0.582031 0.695312 0.582031 0.691406 0.585938 0.687500 0.609375 0.687500 0.613281 0.683594 0.613281 0.675781 0.597656 0.675781 0.593750 0.671875 0.593750 0.644531 0.589844 0.640625 0.589844 0.617188 0.593750 0.613281 0.601562 0.613281 0.601562 0.609375 0.605469 0.605469 0.625000 0.605469 0.628906 0.609375 0.636719 0.609375 0.640625 0.613281 0.640625 0.617188 0.644531 0.621094 0.644531 0.644531 0.667969 0.644531 0.671875 0.648438 0.671875 0.671875 0.675781 0.675781 0.683594 0.675781 0.691406 0.667969 0.691406 0.660156 0.695312 0.656250 0.695312 0.597656 0.699219 0.593750 0.699219 0.589844 0.710938 0.578125 0.710938 0.558594 0.714844 0.554688 0.714844 0.542969 0.718750 0.539062 0.753906 0.539062 0.761719 0.546875 0.769531 0.546875 0.773438 0.542969 0.773438 0.503906 0.777344 0.500000 0.781250 0.500000 0.781250 0.484375 0.789062 0.476562 0.792969 0.476562 0.792969 0.468750 0.796875 0.464844 0.804688 0.464844 0.804688 0.457031 0.796875 0.457031 0.789062 0.449219 0.789062 0.445312 0.785156 0.441406 0.785156 0.425781 0.789062 0.421875 0.800781 0.421875 0.800781 0.414062 0.804688 0.410156 0.804688 0.406250 0.808594 0.402344 0.828125 0.402344 0.832031 0.398438 0.843750 0.398438 0.843750 0.371094 0.847656 0.367188 0.859375 0.367188 0.859375 0.355469 0.863281 0.351562 0.890625 0.351562 0.890625 0.347656 0.894531 0.343750 0.894531 0.328125 0.898438 0.324219 0.898438 0.320312 0.902344 0.316406 0.902344 0.308594 0.898438 0.304688 0.898438 0.269531 0.902344 0.265625 0.902344 0.261719 0.906250 0.257812 0.906250 0.214844 0.902344 0.210938 0.902344 0.195312 0.906250 0.191406 0.906250 0.179688 0.894531 0.179688 0.890625 0.175781 0.890625 0.164062 0.882812 0.164062 0.878906 0.160156 0.878906 0.156250 0.867188 0.156250 0.859375 0.148438 0.859375 0.121094 0.863281 0.117188 0.871094 0.117188 0.871094 0.109375 0.855469 0.109375 0.851562 0.105469 0.851562 0.070312
2 0.890625 0.042969 0.882812 0.050781 0.882812 0.058594 0.886719 0.062500 0.898438 0.062500 0.902344 0.066406 0.902344 0.109375 0.906250 0.109375 0.910156 0.113281 0.917969 0.113281 0.917969 0.089844 0.925781 0.082031 0.933594 0.082031 0.933594 0.062500 0.925781 0.054688 0.925781 0.050781 0.906250 0.050781 0.902344 0.046875 0.902344 0.042969
