2 0.187500 0.902344 0.187500 0.906250 0.183594 0.910156 0.183594 0.917969 0.179688 0.921875 0.179688 0.937500 0.175781 0.941406 0.175781 0.953125 0.171875 0.957031 0.152344 0.957031 0.152344 0.964844 0.156250 0.964844 0.164062 0.972656 0.171875 0.972656 0.175781 0.976562 0.179688 0.976562 0.183594 0.980469 0.195312 0.980469 0.203125 0.988281 0.203125 0.996094 0.222656 0.996094 0.222656 0.964844 0.226562 0.960938 0.226562 0.953125 0.218750 0.945312 0.218750 0.941406 0.203125 0.941406 0.199219 0.937500 0.199219 0.902344
2 0.570312 0.796875 0.570312 0.808594 0.566406 0.812500 0.558594 0.812500 0.558594 0.820312 0.554688 0.824219 0.542969 0.824219 0.542969 0.828125 0.539062 0.832031 0.531250 0.832031 0.531250 0.839844 0.550781 0.839844 0.550781 0.835938 0.554688 0.832031 0.554688 0.828125 0.558594 0.824219 0.574219 0.824219 0.578125 0.820312 0.582031 0.820312 0.585938 0.816406 0.593750 0.816406 0.593750 0.804688 0.589844 0.804688 0.582031 0.796875
2 0.191406 0.777344 0.187500 0.781250 0.187500 0.789062 0.199219 0.789062 0.199219 0.777344
2 0.531250 0.738281 0.531250 0.746094 0.527344 0.750000 0.523438 0.750000 0.523438 0.757812 0.527344 0.761719 0.535156 0.761719 0.539062 0.765625 0.550781 0.765625 0.550781 0.757812 0.542969 0.750000 0.542969 0.746094 0.539062 0.742188 0.539062 0.738281
2 0.703125 0.734375 0.699219 0.738281 0.683594 0.738281 0.679688 0.742188 0.671875 0.742188 0.667969 0.746094 0.667969 0.765625 0.664062 0.769531 0.640625 0.769531 0.636719 0.773438 0.632812 0.773438 0.628906 0.777344 0.628906 0.785156 0.625000 0.789062 0.609375 0.789062 0.609375 0.800781 0.617188 0.800781 0.621094 0.796875 0.628906 0.796875 0.628906 0.789062 0.632812 0.785156 0.652344 0.785156 0.652344 0.773438 0.656250 0.769531 0.679688 0.769531 0.683594 0.765625 0.683594 0.757812 0.687500 0.753906 0.691406 0.753906 0.695312 0.750000 0.699219 0.750000 0.699219 0.746094 0.703125 0.742188 0.710938 0.742188 0.710938 0.734375
2 0.093750 0.718750 0.089844 0.722656 0.066406 0.722656 0.066406 0.734375 0.074219 0.734375 0.078125 0.738281 0.078125 0.753906 0.074219 0.757812 0.066406 0.757812 0.062500 0.761719 0.062500 0.765625 0.058594 0.769531 0.050781 0.769531 0.050781 0.777344 0.046875 0.781250 0.027344 0.781250 0.027344 0.800781 0.019531 0.808594 0.019531 0.828125 0.027344 0.828125 0.031250 0.832031 0.031250 0.835938 0.035156 0.839844 0.050781 0.839844 0.050781 0.820312 0.042969 0.820312 0.039062 0.816406 0.039062 0.800781 0.042969 0.796875 0.058594 0.796875 0.062500 0.792969 0.066406 0.792969 0.074219 0.785156 0.078125 0.785156 0.085938 0.777344 0.093750 0.777344 0.097656 0.773438 0.097656 0.769531 0.101562 0.765625 0.113281 0.765625 0.125000 0.753906 0.128906 0.753906 0.128906 0.738281 0.125000 0.734375 0.125000 0.722656 0.113281 0.722656 0.109375 0.718750
2 0.792969 0.707031 0.792969 0.710938 0.789062 0.714844 0.789062 0.726562 0.796875 0.726562 0.804688 0.718750 0.808594 0.718750 0.812500 0.714844 0.812500 0.707031
2 0.320312 0.671875 0.316406 0.675781 0.312500 0.675781 0.312500 0.691406 0.308594 0.695312 0.304688 0.695312 0.304688 0.707031 0.300781 0.710938 0.285156 0.710938 0.285156 0.722656 0.300781 0.722656 0.304688 0.726562 0.304688 0.781250 0.300781 0.785156 0.242188 0.785156 0.238281 0.781250 0.238281 0.761719 0.230469 0.761719 0.230469 0.796875 0.234375 0.800781 0.234375 0.808594 0.238281 0.808594 0.242188 0.812500 0.257812 0.812500 0.257812 0.808594 0.261719 0.804688 0.292969 0.804688 0.296875 0.808594 0.296875 0.812500 0.324219 0.812500 0.328125 0.816406 0.328125 0.832031 0.332031 0.835938 0.332031 0.859375 0.328125 0.863281 0.300781 0.863281 0.292969 0.871094 0.281250 0.871094 0.281250 0.886719 0.277344 0.890625 0.273438 0.890625 0.273438 0.898438 0.292969 0.898438 0.296875 0.902344 0.296875 0.910156 0.312500 0.910156 0.320312 0.902344 0.324219 0.902344 0.328125 0.898438 0.359375 0.898438 0.359375 0.894531 0.363281 0.890625 0.394531 0.890625 0.398438 0.894531 0.421875 0.894531 0.425781 0.898438 0.433594 0.898438 0.433594 0.808594 0.429688 0.808594 0.425781 0.804688 0.398438 0.804688 0.394531 0.800781 0.386719 0.800781 0.382812 0.796875 0.382812 0.792969 0.375000 0.792969 0.371094 0.789062 0.371094 0.753906 0.367188 0.750000 0.351562 0.750000 0.347656 0.746094 0.347656 0.726562 0.355469 0.718750 0.375000 0.718750 0.375000 0.710938 0.378906 0.707031 0.378906 0.695312 0.359375 0.695312 0.355469 0.691406 0.355469 0.679688 0.332031 0.679688 0.328125 0.675781 0.328125 0.671875
2 0.589844 0.664062 0.589844 0.675781 0.582031 0.683594 0.574219 0.683594 0.570312 0.687500 0.566406 0.687500 0.566406 0.695312 0.562500 0.699219 0.562500 0.710938 0.566406 0.714844 0.566406 0.726562 0.570312 0.730469 0.578125 0.730469 0.582031 0.726562 0.582031 0.718750 0.585938 0.714844 0.597656 0.714844 0.601562 0.710938 0.601562 0.699219 0.609375 0.691406 0.632812 0.691406 0.636719 0.687500 0.640625 0.687500 0.640625 0.679688 0.636719 0.675781 0.632812 0.675781 0.628906 0.671875 0.613281 0.671875 0.605469 0.664062
2 0.613281 0.625000 0.613281 0.632812 0.636719 0.632812 0.636719 0.625000
2 0.875000 0.585938 0.875000 0.617188 0.871094 0.621094 0.871094 0.628906 0.867188 0.632812 0.863281 0.632812 0.863281 0.667969 0.859375 0.671875 0.859375 0.675781 0.851562 0.683594 0.828125 0.683594 0.824219 0.687500 0.824219 0.695312 0.832031 0.695312 0.835938 0.699219 0.843750 0.699219 0.847656 0.703125 0.847656 0.710938 0.855469 0.710938 0.855469 0.707031 0.859375 0.703125 0.859375 0.699219 0.867188 0.691406 0.867188 0.683594 0.875000 0.675781 0.875000 0.671875 0.882812 0.664062 0.882812 0.660156 0.890625 0.652344 0.890625 0.648438 0.894531 0.644531 0.894531 0.597656 0.882812 0.585938
2 0.292969 0.519531 0.289062 0.523438 0.273438 0.523438 0.273438 0.527344 0.269531 0.531250 0.265625 0.531250 0.265625 0.546875 0.261719 0.550781 0.257812 0.550781 0.253906 0.554688 0.246094 0.554688 0.246094 0.558594 0.234375 0.570312 0.234375 0.597656 0.230469 0.601562 0.230469 0.628906 0.226562 0.632812 0.222656 0.632812 0.218750 0.636719 0.207031 0.636719 0.207031 0.644531 0.203125 0.648438 0.199219 0.648438 0.199219 0.652344 0.187500 0.664062 0.187500 0.675781 0.183594 0.679688 0.179688 0.679688 0.179688 0.683594 0.175781 0.687500 0.171875 0.687500 0.167969 0.691406 0.152344 0.691406 0.148438 0.687500 0.148438 0.683594 0.140625 0.683594 0.140625 0.687500 0.136719 0.691406 0.136719 0.707031 0.152344 0.707031 0.156250 0.710938 0.156250 0.714844 0.160156 0.714844 0.164062 0.718750 0.171875 0.718750 0.175781 0.714844 0.175781 0.710938 0.179688 0.707031 0.183594 0.707031 0.183594 0.703125 0.187500 0.699219 0.195312 0.699219 0.199219 0.695312 0.207031 0.695312 0.210938 0.691406 0.210938 0.687500 0.214844 0.683594 0.218750 0.683594 0.222656 0.679688 0.250000 0.679688 0.253906 0.675781 0.257812 0.675781 0.257812 0.656250 0.261719 0.652344 0.265625 0.652344 0.269531 0.648438 0.285156 0.648438 0.289062 0.652344 0.296875 0.652344 0.296875 0.628906 0.300781 0.625000 0.300781 0.621094 0.304688 0.617188 0.312500 0.617188 0.312500 0.613281 0.316406 0.609375 0.320312 0.609375 0.320312 0.597656 0.316406 0.593750 0.300781 0.593750 0.296875 0.589844 0.296875 0.566406 0.292969 0.566406 0.289062 0.562500 0.289062 0.535156 0.296875 0.527344 0.300781 0.527344 0.300781 0.519531
2 0.562500 0.421875 0.562500 0.425781 0.558594 0.429688 0.554688 0.429688 0.554688 0.437500 0.558594 0.441406 0.558594 0.445312 0.566406 0.445312 0.570312 0.449219 0.570312 0.464844 0.585938 0.464844 0.585938 0.453125 0.589844 0.449219 0.601562 0.449219 0.601562 0.441406 0.593750 0.441406 0.589844 0.437500 0.589844 0.421875
2 0.652344 0.406250 0.652344 0.410156 0.648438 0.414062 0.628906 0.414062 0.628906 0.421875 0.625000 0.425781 0.613281 0.425781 0.613281 0.437500 0.625000 0.437500 0.632812 0.429688 0.648438 0.429688 0.648438 0.425781 0.652344 0.421875 0.656250 0.421875 0.664062 0.414062 0.667969 0.414062 0.667969 0.406250
2 0.894531 0.367188 0.894531 0.375000 0.898438 0.378906 0.910156 0.378906 0.910156 0.367188
2 0.652344 0.363281 0.652344 0.371094 0.648438 0.375000 0.632812 0.375000 0.632812 0.390625 0.648438 0.390625 0.648438 0.375000 0.652344 0.371094 0.660156 0.371094 0.660156 0.363281
2 0.281250 0.359375 0.277344 0.363281 0.273438 0.363281 0.273438 0.375000 0.281250 0.375000 0.281250 0.371094 0.285156 0.367188 0.292969 0.367188 0.292969 0.359375
2 0.957031 0.351562 0.957031 0.363281 0.949219 0.371094 0.949219 0.378906 0.957031 0.386719 0.957031 0.410156 0.953125 0.414062 0.949219 0.414062 0.945312 0.417969 0.945312 0.429688 0.953125 0.429688 0.953125 0.425781 0.957031 0.421875 0.957031 0.410156 0.960938 0.406250 0.964844 0.406250 0.964844 0.402344 0.968750 0.398438 0.968750 0.359375 0.964844 0.355469 0.964844 0.351562
2 0.304688 0.316406 0.300781 0.320312 0.292969 0.320312 0.292969 0.328125 0.300781 0.335938 0.328125 0.335938 0.328125 0.332031 0.332031 0.328125 0.332031 0.320312 0.320312 0.320312 0.316406 0.316406
2 0.761719 0.261719 0.753906 0.269531 0.746094 0.269531 0.742188 0.273438 0.738281 0.273438 0.734375 0.277344 0.730469 0.277344 0.726562 0.281250 0.703125 0.281250 0.699219 0.285156 0.695312 0.285156 0.695312 0.292969 0.691406 0.296875 0.687500 0.296875 0.687500 0.312500 0.683594 0.316406 0.671875 0.316406 0.671875 0.320312 0.667969 0.324219 0.652344 0.324219 0.652344 0.332031 0.664062 0.332031 0.671875 0.339844 0.671875 0.347656 0.679688 0.347656 0.683594 0.351562 0.683594 0.382812 0.679688 0.386719 0.679688 0.398438 0.687500 0.398438 0.691406 0.402344 0.691406 0.449219 0.683594 0.457031 0.660156 0.457031 0.656250 0.460938 0.652344 0.460938 0.652344 0.484375 0.648438 0.488281 0.644531 0.488281 0.640625 0.492188 0.628906 0.492188 0.625000 0.496094 0.601562 0.496094 0.597656 0.492188 0.589844 0.492188 0.589844 0.507812 0.593750 0.511719 0.593750 0.527344 0.589844 0.531250 0.589844 0.535156 0.582031 0.542969 0.582031 0.550781 0.589844 0.550781 0.597656 0.542969 0.613281 0.542969 0.617188 0.546875 0.617188 0.570312 0.609375 0.578125 0.609375 0.582031 0.605469 0.585938 0.605469 0.593750 0.613281 0.593750 0.621094 0.585938 0.636719 0.585938 0.640625 0.589844 0.648438 0.589844 0.652344 0.593750 0.652344 0.609375 0.660156 0.609375 0.660156 0.601562 0.664062 0.597656 0.667969 0.597656 0.671875 0.593750 0.675781 0.593750 0.679688 0.589844 0.679688 0.558594 0.683594 0.554688 0.699219 0.554688 0.703125 0.558594 0.726562 0.558594 0.730469 0.554688 0.734375 0.554688 0.738281 0.550781 0.750000 0.550781 0.750000 0.546875 0.753906 0.542969 0.777344 0.542969 0.785156 0.535156 0.789062 0.535156 0.789062 0.527344 0.796875 0.519531 0.796875 0.515625 0.800781 0.511719 0.808594 0.511719 0.808594 0.500000 0.812500 0.496094 0.812500 0.480469 0.816406 0.476562 0.824219 0.476562 0.824219 0.468750 0.828125 0.464844 0.832031 0.464844 0.832031 0.460938 0.835938 0.457031 0.835938 0.445312 0.839844 0.441406 0.839844 0.425781 0.835938 0.425781 0.832031 0.421875 0.832031 0.417969 0.828125 0.417969 0.820312 0.410156 0.812500 0.410156 0.796875 0.394531 0.796875 0.375000 0.800781 0.371094 0.816406 0.371094 0.824219 0.378906 0.839844 0.378906 0.839844 0.351562 0.843750 0.347656 0.859375 0.347656 0.863281 0.351562 0.890625 0.351562 0.890625 0.339844 0.898438 0.332031 0.898438 0.324219 0.894531 0.320312 0.882812 0.320312 0.882812 0.324219 0.878906 0.328125 0.875000 0.328125 0.871094 0.332031 0.851562 0.332031 0.847656 0.328125 0.847656 0.304688 0.843750 0.304688 0.839844 0.300781 0.839844 0.269531 0.828125 0.269531 0.824219 0.273438 0.789062 0.273438 0.785156 0.269531 0.781250 0.269531 0.773438 0.261719
2 0.410156 0.253906 0.410156 0.261719 0.402344 0.269531 0.390625 0.269531 0.382812 0.277344 0.378906 0.277344 0.378906 0.289062 0.382812 0.289062 0.386719 0.292969 0.394531 0.292969 0.398438 0.289062 0.417969 0.289062 0.417969 0.253906
2 0.750000 0.222656 0.750000 0.226562 0.746094 0.230469 0.730469 0.230469 0.730469 0.238281 0.742188 0.238281 0.746094 0.234375 0.757812 0.234375 0.757812 0.222656
2 0.632812 0.191406 0.632812 0.210938 0.628906 0.214844 0.625000 0.214844 0.621094 0.218750 0.578125 0.218750 0.574219 0.222656 0.570312 0.222656 0.566406 0.226562 0.566406 0.234375 0.570312 0.238281 0.570312 0.242188 0.597656 0.242188 0.601562 0.246094 0.601562 0.261719 0.597656 0.265625 0.546875 0.265625 0.542969 0.261719 0.542969 0.257812 0.535156 0.257812 0.535156 0.281250 0.539062 0.285156 0.539062 0.316406 0.535156 0.320312 0.535156 0.328125 0.531250 0.332031 0.507812 0.332031 0.503906 0.328125 0.503906 0.285156 0.496094 0.285156 0.492188 0.281250 0.492188 0.277344 0.488281 0.273438 0.488281 0.257812 0.492188 0.253906 0.523438 0.253906 0.523438 0.222656 0.503906 0.222656 0.503906 0.250000 0.500000 0.253906 0.476562 0.253906 0.468750 0.261719 0.468750 0.281250 0.464844 0.285156 0.460938 0.285156 0.460938 0.296875 0.468750 0.296875 0.472656 0.292969 0.488281 0.292969 0.492188 0.296875 0.492188 0.320312 0.488281 0.324219 0.480469 0.324219 0.472656 0.332031 0.472656 0.335938 0.468750 0.339844 0.437500 0.339844 0.433594 0.335938 0.433594 0.320312 0.437500 0.316406 0.445312 0.316406 0.445312 0.304688 0.425781 0.304688 0.425781 0.316406 0.421875 0.320312 0.421875 0.328125 0.417969 0.332031 0.414062 0.332031 0.406250 0.339844 0.406250 0.343750 0.398438 0.351562 0.394531 0.351562 0.394531 0.359375 0.398438 0.359375 0.402344 0.363281 0.402344 0.367188 0.406250 0.367188 0.414062 0.375000 0.414062 0.410156 0.402344 0.421875 0.398438 0.421875 0.398438 0.441406 0.390625 0.449219 0.367188 0.449219 0.363281 0.453125 0.347656 0.453125 0.347656 0.457031 0.343750 0.460938 0.339844 0.460938 0.339844 0.464844 0.335938 0.468750 0.332031 0.468750 0.328125 0.472656 0.324219 0.472656 0.320312 0.476562 0.312500 0.476562 0.312500 0.511719 0.324219 0.511719 0.332031 0.519531 0.343750 0.519531 0.347656 0.515625 0.351562 0.515625 0.355469 0.511719 0.363281 0.511719 0.367188 0.507812 0.367188 0.496094 0.375000 0.488281 0.402344 0.488281 0.406250 0.492188 0.406250 0.523438 0.402344 0.527344 0.402344 0.535156 0.398438 0.539062 0.390625 0.539062 0.390625 0.550781 0.394531 0.554688 0.394531 0.570312 0.390625 0.574219 0.371094 0.574219 0.367188 0.578125 0.367188 0.589844 0.371094 0.593750 0.371094 0.605469 0.378906 0.613281 0.378906 0.644531 0.371094 0.652344 0.367188 0.652344 0.367188 0.660156 0.386719 0.660156 0.390625 0.656250 0.410156 0.656250 0.414062 0.660156 0.429688 0.660156 0.433594 0.664062 0.453125 0.664062 0.457031 0.667969 0.464844 0.667969 0.468750 0.671875 0.468750 0.679688 0.476562 0.679688 0.484375 0.671875 0.488281 0.671875 0.488281 0.667969 0.492188 0.664062 0.503906 0.664062 0.511719 0.656250 0.531250 0.656250 0.531250 0.652344 0.535156 0.648438 0.535156 0.640625 0.539062 0.636719 0.542969 0.636719 0.542969 0.628906 0.535156 0.628906 0.527344 0.621094 0.527344 0.609375 0.523438 0.605469 0.523438 0.582031 0.527344 0.578125 0.531250 0.578125 0.539062 0.570312 0.539062 0.558594 0.535156 0.554688 0.515625 0.554688 0.511719 0.550781 0.484375 0.550781 0.480469 0.546875 0.480469 0.542969 0.476562 0.539062 0.476562 0.535156 0.472656 0.535156 0.468750 0.531250 0.468750 0.527344 0.460938 0.519531 0.460938 0.507812 0.445312 0.507812 0.445312 0.527344 0.441406 0.531250 0.421875 0.531250 0.417969 0.527344 0.417969 0.476562 0.421875 0.472656 0.421875 0.468750 0.425781 0.464844 0.472656 0.464844 0.476562 0.468750 0.476562 0.476562 0.523438 0.476562 0.523438 0.453125 0.515625 0.445312 0.515625 0.425781 0.519531 0.421875 0.527344 0.421875 0.527344 0.414062 0.523438 0.410156 0.523438 0.394531 0.527344 0.390625 0.542969 0.390625 0.542969 0.386719 0.546875 0.382812 0.554688 0.382812 0.558594 0.378906 0.558594 0.371094 0.562500 0.367188 0.570312 0.367188 0.570312 0.363281 0.574219 0.359375 0.578125 0.359375 0.582031 0.355469 0.582031 0.343750 0.578125 0.339844 0.578125 0.332031 0.574219 0.328125 0.574219 0.300781 0.578125 0.296875 0.578125 0.277344 0.582031 0.273438 0.589844 0.273438 0.593750 0.269531 0.621094 0.269531 0.625000 0.273438 0.625000 0.277344 0.628906 0.281250 0.632812 0.281250 0.640625 0.289062 0.648438 0.289062 0.648438 0.285156 0.652344 0.281250 0.652344 0.257812 0.656250 0.253906 0.683594 0.253906 0.683594 0.250000 0.687500 0.246094 0.687500 0.242188 0.691406 0.238281 0.695312 0.238281 0.699219 0.234375 0.699219 0.226562 0.695312 0.222656 0.687500 0.222656 0.683594 0.226562 0.656250 0.226562 0.648438 0.218750 0.648438 0.199219 0.644531 0.195312 0.644531 0.191406
2 0.804688 0.187500 0.804688 0.191406 0.800781 0.195312 0.796875 0.195312 0.796875 0.199219 0.792969 0.203125 0.769531 0.203125 0.769531 0.210938 0.792969 0.210938 0.796875 0.214844 0.796875 0.218750 0.804688 0.218750 0.804688 0.207031 0.808594 0.203125 0.812500 0.203125 0.816406 0.199219 0.832031 0.199219 0.835938 0.203125 0.835938 0.207031 0.843750 0.207031 0.843750 0.191406 0.816406 0.191406 0.812500 0.187500
2 0.886719 0.175781 0.886719 0.179688 0.882812 0.183594 0.878906 0.183594 0.878906 0.195312 0.875000 0.199219 0.875000 0.214844 0.878906 0.218750 0.878906 0.222656 0.882812 0.226562 0.882812 0.277344 0.906250 0.277344 0.910156 0.281250 0.910156 0.285156 0.914062 0.285156 0.921875 0.292969 0.925781 0.292969 0.929688 0.296875 0.929688 0.300781 0.937500 0.300781 0.937500 0.289062 0.933594 0.289062 0.917969 0.273438 0.917969 0.269531 0.914062 0.265625 0.914062 0.253906 0.910156 0.250000 0.910156 0.238281 0.906250 0.238281 0.902344 0.234375 0.902344 0.187500 0.898438 0.187500 0.894531 0.183594 0.894531 0.175781
2 0.750000 0.070312 0.746094 0.074219 0.742188 0.074219 0.742188 0.082031 0.738281 0.085938 0.722656 0.085938 0.722656 0.089844 0.718750 0.093750 0.710938 0.093750 0.707031 0.097656 0.679688 0.097656 0.675781 0.093750 0.667969 0.093750 0.667969 0.101562 0.664062 0.105469 0.656250 0.105469 0.656250 0.109375 0.652344 0.113281 0.644531 0.113281 0.640625 0.117188 0.621094 0.117188 0.617188 0.113281 0.609375 0.113281 0.609375 0.121094 0.613281 0.121094 0.617188 0.125000 0.617188 0.140625 0.613281 0.144531 0.613281 0.156250 0.621094 0.156250 0.625000 0.152344 0.625000 0.132812 0.628906 0.128906 0.636719 0.128906 0.644531 0.121094 0.652344 0.121094 0.656250 0.117188 0.671875 0.117188 0.675781 0.113281 0.687500 0.113281 0.691406 0.109375 0.695312 0.109375 0.699219 0.105469 0.703125 0.105469 0.707031 0.101562 0.722656 0.101562 0.726562 0.097656 0.730469 0.097656 0.734375 0.093750 0.738281 0.093750 0.738281 0.085938 0.742188 0.082031 0.753906 0.082031 0.757812 0.078125 0.761719 0.078125 0.761719 0.070312
