2 0.695312 0.921875 0.695312 0.925781 0.687500 0.933594 0.632812 0.933594 0.632812 0.941406 0.679688 0.941406 0.683594 0.937500 0.703125 0.937500 0.707031 0.941406 0.750000 0.941406 0.750000 0.933594 0.730469 0.933594 0.726562 0.929688 0.726562 0.925781 0.722656 0.921875
2 0.875000 0.808594 0.863281 0.820312 0.855469 0.820312 0.847656 0.828125 0.839844 0.828125 0.832031 0.835938 0.828125 0.835938 0.824219 0.839844 0.824219 0.847656 0.820312 0.851562 0.820312 0.855469 0.816406 0.859375 0.800781 0.859375 0.792969 0.867188 0.792969 0.875000 0.800781 0.875000 0.804688 0.871094 0.808594 0.871094 0.812500 0.867188 0.816406 0.867188 0.820312 0.863281 0.851562 0.863281 0.851562 0.859375 0.855469 0.855469 0.867188 0.855469 0.871094 0.851562 0.871094 0.843750 0.875000 0.839844 0.878906 0.839844 0.878906 0.835938 0.882812 0.832031 0.886719 0.832031 0.898438 0.820312 0.898438 0.812500 0.894531 0.808594
2 0.296875 0.789062 0.296875 0.800781 0.300781 0.804688 0.304688 0.804688 0.308594 0.808594 0.308594 0.812500 0.312500 0.812500 0.316406 0.816406 0.316406 0.832031 0.312500 0.835938 0.296875 0.835938 0.292969 0.832031 0.285156 0.832031 0.285156 0.839844 0.289062 0.839844 0.292969 0.843750 0.300781 0.843750 0.304688 0.847656 0.304688 0.851562 0.312500 0.851562 0.320312 0.859375 0.324219 0.859375 0.328125 0.863281 0.328125 0.867188 0.332031 0.867188 0.335938 0.871094 0.339844 0.871094 0.343750 0.875000 0.371094 0.875000 0.375000 0.878906 0.375000 0.886719 0.378906 0.890625 0.378906 0.898438 0.382812 0.898438 0.386719 0.902344 0.390625 0.902344 0.394531 0.906250 0.406250 0.906250 0.406250 0.894531 0.402344 0.894531 0.398438 0.890625 0.394531 0.890625 0.382812 0.878906 0.382812 0.867188 0.375000 0.867188 0.367188 0.859375 0.367188 0.820312 0.375000 0.812500 0.375000 0.804688 0.367188 0.804688 0.363281 0.800781 0.316406 0.800781 0.308594 0.792969 0.308594 0.789062
2 0.902344 0.773438 0.902344 0.781250 0.910156 0.781250 0.910156 0.773438
2 0.917969 0.757812 0.917969 0.765625 0.925781 0.765625 0.925781 0.757812
2 0.378906 0.597656 0.378906 0.605469 0.386719 0.605469 0.390625 0.609375 0.390625 0.613281 0.398438 0.621094 0.398438 0.636719 0.402344 0.640625 0.410156 0.640625 0.414062 0.636719 0.425781 0.636719 0.425781 0.628906 0.421875 0.628906 0.417969 0.625000 0.417969 0.613281 0.414062 0.609375 0.410156 0.609375 0.406250 0.605469 0.406250 0.601562 0.390625 0.601562 0.386719 0.597656
2 0.289062 0.531250 0.289062 0.539062 0.292969 0.542969 0.296875 0.542969 0.316406 0.562500 0.328125 0.562500 0.328125 0.550781 0.324219 0.550781 0.320312 0.546875 0.320312 0.542969 0.312500 0.542969 0.308594 0.539062 0.304688 0.539062 0.300781 0.535156 0.300781 0.531250
2 0.261719 0.476562 0.257812 0.480469 0.250000 0.480469 0.246094 0.484375 0.242188 0.484375 0.242188 0.503906 0.238281 0.507812 0.226562 0.507812 0.226562 0.511719 0.222656 0.515625 0.218750 0.515625 0.218750 0.527344 0.226562 0.527344 0.230469 0.523438 0.234375 0.523438 0.238281 0.519531 0.257812 0.519531 0.257812 0.507812 0.261719 0.503906 0.261719 0.492188 0.265625 0.488281 0.269531 0.488281 0.269531 0.476562
2 0.167969 0.222656 0.160156 0.230469 0.160156 0.238281 0.179688 0.257812 0.179688 0.269531 0.187500 0.269531 0.191406 0.265625 0.191406 0.261719 0.195312 0.257812 0.195312 0.250000 0.191406 0.246094 0.191406 0.238281 0.183594 0.230469 0.183594 0.226562 0.179688 0.226562 0.175781 0.222656
2 0.433594 0.019531 0.433594 0.031250 0.464844 0.031250 0.468750 0.035156 0.468750 0.042969 0.484375 0.042969 0.484375 0.035156 0.480469 0.031250 0.480469 0.027344 0.457031 0.027344 0.453125 0.023438 0.453125 0.019531
