2 0.144531 0.910156 0.144531 0.914062 0.140625 0.917969 0.140625 0.921875 0.136719 0.925781 0.136719 0.933594 0.140625 0.937500 0.144531 0.937500 0.148438 0.941406 0.148438 0.945312 0.164062 0.945312 0.167969 0.949219 0.187500 0.949219 0.187500 0.937500 0.191406 0.933594 0.195312 0.933594 0.195312 0.914062 0.187500 0.914062 0.183594 0.917969 0.183594 0.921875 0.179688 0.925781 0.164062 0.925781 0.156250 0.917969 0.156250 0.914062 0.152344 0.910156
2 0.632812 0.835938 0.632812 0.843750 0.640625 0.843750 0.640625 0.835938
2 0.472656 0.804688 0.472656 0.812500 0.476562 0.816406 0.476562 0.828125 0.484375 0.828125 0.484375 0.820312 0.488281 0.816406 0.492188 0.816406 0.492188 0.808594 0.484375 0.808594 0.480469 0.804688
2 0.074219 0.769531 0.070312 0.773438 0.070312 0.781250 0.074219 0.781250 0.078125 0.785156 0.078125 0.792969 0.085938 0.800781 0.085938 0.820312 0.082031 0.824219 0.066406 0.824219 0.066406 0.835938 0.074219 0.843750 0.085938 0.843750 0.089844 0.847656 0.089844 0.851562 0.113281 0.851562 0.117188 0.855469 0.148438 0.855469 0.160156 0.867188 0.160156 0.871094 0.183594 0.871094 0.187500 0.875000 0.218750 0.875000 0.222656 0.878906 0.230469 0.878906 0.234375 0.882812 0.234375 0.902344 0.242188 0.902344 0.250000 0.894531 0.253906 0.894531 0.253906 0.886719 0.242188 0.886719 0.238281 0.882812 0.238281 0.832031 0.234375 0.828125 0.234375 0.824219 0.230469 0.820312 0.230469 0.812500 0.226562 0.812500 0.214844 0.800781 0.214844 0.796875 0.210938 0.792969 0.191406 0.792969 0.187500 0.789062 0.187500 0.785156 0.171875 0.785156 0.171875 0.800781 0.167969 0.804688 0.152344 0.804688 0.148438 0.800781 0.144531 0.800781 0.140625 0.796875 0.132812 0.796875 0.132812 0.808594 0.128906 0.812500 0.109375 0.812500 0.105469 0.808594 0.105469 0.804688 0.093750 0.792969 0.093750 0.789062 0.089844 0.785156 0.089844 0.781250 0.082031 0.773438 0.082031 0.769531
2 0.164062 0.714844 0.164062 0.757812 0.175781 0.757812 0.175781 0.726562 0.179688 0.722656 0.183594 0.722656 0.183594 0.714844
2 0.031250 0.605469 0.031250 0.613281 0.027344 0.617188 0.027344 0.664062 0.031250 0.667969 0.031250 0.675781 0.066406 0.675781 0.070312 0.679688 0.089844 0.679688 0.089844 0.667969 0.074219 0.667969 0.070312 0.664062 0.070312 0.660156 0.066406 0.656250 0.066406 0.652344 0.054688 0.652344 0.050781 0.648438 0.050781 0.609375 0.046875 0.605469
2 0.828125 0.527344 0.828125 0.542969 0.824219 0.546875 0.824219 0.562500 0.820312 0.566406 0.816406 0.566406 0.816406 0.574219 0.812500 0.578125 0.808594 0.578125 0.804688 0.582031 0.804688 0.601562 0.808594 0.605469 0.808594 0.609375 0.816406 0.609375 0.816406 0.605469 0.820312 0.601562 0.824219 0.601562 0.824219 0.597656 0.828125 0.593750 0.828125 0.582031 0.832031 0.578125 0.832031 0.566406 0.835938 0.562500 0.835938 0.558594 0.839844 0.554688 0.839844 0.546875 0.847656 0.539062 0.847656 0.527344
2 0.800781 0.496094 0.800781 0.507812 0.808594 0.507812 0.808594 0.496094
2 0.128906 0.476562 0.128906 0.492188 0.144531 0.492188 0.144531 0.480469 0.140625 0.476562
2 0.800781 0.285156 0.800781 0.300781 0.812500 0.300781 0.812500 0.289062 0.808594 0.285156
2 0.792969 0.250000 0.792969 0.257812 0.796875 0.261719 0.804688 0.261719 0.804688 0.250000
2 0.816406 0.230469 0.812500 0.234375 0.812500 0.246094 0.820312 0.246094 0.824219 0.242188 0.828125 0.242188 0.828125 0.234375 0.824219 0.230469
2 0.757812 0.222656 0.757812 0.230469 0.765625 0.230469 0.765625 0.222656
2 0.816406 0.175781 0.812500 0.179688 0.812500 0.183594 0.808594 0.187500 0.792969 0.187500 0.792969 0.199219 0.804688 0.199219 0.808594 0.195312 0.828125 0.195312 0.828125 0.191406 0.832031 0.187500 0.832031 0.175781
2 0.777344 0.148438 0.777344 0.156250 0.785156 0.156250 0.785156 0.148438
2 0.734375 0.066406 0.730469 0.070312 0.714844 0.070312 0.714844 0.074219 0.710938 0.078125 0.695312 0.078125 0.691406 0.074219 0.664062 0.074219 0.660156 0.070312 0.652344 0.070312 0.648438 0.074219 0.625000 0.074219 0.621094 0.078125 0.578125 0.078125 0.574219 0.082031 0.558594 0.082031 0.546875 0.093750 0.527344 0.093750 0.523438 0.097656 0.511719 0.097656 0.507812 0.101562 0.503906 0.101562 0.500000 0.105469 0.492188 0.105469 0.488281 0.109375 0.484375 0.109375 0.480469 0.113281 0.476562 0.113281 0.472656 0.117188 0.468750 0.117188 0.464844 0.121094 0.460938 0.121094 0.460938 0.128906 0.464844 0.128906 0.468750 0.132812 0.468750 0.164062 0.460938 0.171875 0.460938 0.175781 0.457031 0.179688 0.453125 0.179688 0.445312 0.187500 0.445312 0.191406 0.441406 0.195312 0.441406 0.203125 0.437500 0.207031 0.417969 0.207031 0.414062 0.203125 0.414062 0.195312 0.406250 0.187500 0.406250 0.164062 0.386719 0.164062 0.386719 0.167969 0.382812 0.171875 0.363281 0.171875 0.359375 0.175781 0.347656 0.175781 0.343750 0.179688 0.339844 0.179688 0.335938 0.183594 0.332031 0.183594 0.332031 0.191406 0.335938 0.195312 0.367188 0.195312 0.375000 0.203125 0.375000 0.207031 0.378906 0.210938 0.378906 0.218750 0.382812 0.218750 0.386719 0.222656 0.386719 0.238281 0.390625 0.242188 0.390625 0.246094 0.402344 0.246094 0.410156 0.253906 0.410156 0.269531 0.414062 0.273438 0.414062 0.296875 0.417969 0.300781 0.417969 0.304688 0.425781 0.304688 0.429688 0.308594 0.445312 0.308594 0.449219 0.312500 0.453125 0.312500 0.460938 0.320312 0.464844 0.320312 0.472656 0.328125 0.484375 0.328125 0.488281 0.332031 0.492188 0.332031 0.500000 0.339844 0.503906 0.339844 0.507812 0.343750 0.507812 0.347656 0.511719 0.351562 0.519531 0.351562 0.523438 0.355469 0.523438 0.375000 0.539062 0.375000 0.542969 0.378906 0.542969 0.382812 0.546875 0.382812 0.554688 0.390625 0.558594 0.390625 0.562500 0.394531 0.562500 0.410156 0.558594 0.414062 0.558594 0.417969 0.554688 0.421875 0.546875 0.421875 0.542969 0.425781 0.519531 0.425781 0.515625 0.421875 0.515625 0.410156 0.511719 0.406250 0.511719 0.382812 0.500000 0.382812 0.496094 0.386719 0.472656 0.386719 0.472656 0.414062 0.468750 0.417969 0.449219 0.417969 0.445312 0.421875 0.425781 0.421875 0.421875 0.417969 0.421875 0.414062 0.417969 0.410156 0.417969 0.382812 0.425781 0.375000 0.433594 0.375000 0.433594 0.367188 0.429688 0.367188 0.425781 0.363281 0.425781 0.347656 0.414062 0.347656 0.414062 0.367188 0.410156 0.371094 0.410156 0.398438 0.406250 0.402344 0.367188 0.402344 0.363281 0.398438 0.363281 0.386719 0.359375 0.382812 0.359375 0.351562 0.339844 0.351562 0.335938 0.347656 0.335938 0.332031 0.332031 0.328125 0.332031 0.324219 0.324219 0.316406 0.316406 0.316406 0.316406 0.332031 0.320312 0.335938 0.320312 0.355469 0.316406 0.359375 0.292969 0.359375 0.285156 0.351562 0.285156 0.332031 0.281250 0.328125 0.281250 0.289062 0.285156 0.285156 0.285156 0.277344 0.289062 0.273438 0.308594 0.273438 0.308594 0.269531 0.312500 0.265625 0.312500 0.250000 0.304688 0.250000 0.296875 0.257812 0.292969 0.257812 0.289062 0.261719 0.289062 0.273438 0.285156 0.277344 0.273438 0.277344 0.273438 0.289062 0.269531 0.292969 0.261719 0.292969 0.257812 0.296875 0.257812 0.300781 0.253906 0.304688 0.250000 0.304688 0.246094 0.308594 0.246094 0.320312 0.242188 0.324219 0.234375 0.324219 0.230469 0.328125 0.226562 0.328125 0.226562 0.347656 0.222656 0.351562 0.203125 0.351562 0.203125 0.359375 0.199219 0.363281 0.195312 0.363281 0.195312 0.371094 0.199219 0.375000 0.199219 0.394531 0.195312 0.398438 0.175781 0.398438 0.175781 0.406250 0.179688 0.410156 0.183594 0.410156 0.187500 0.414062 0.187500 0.425781 0.210938 0.425781 0.210938 0.406250 0.214844 0.402344 0.226562 0.402344 0.226562 0.394531 0.230469 0.390625 0.230469 0.363281 0.234375 0.359375 0.250000 0.359375 0.253906 0.363281 0.253906 0.371094 0.257812 0.371094 0.265625 0.378906 0.269531 0.378906 0.285156 0.394531 0.285156 0.414062 0.281250 0.417969 0.281250 0.425781 0.285156 0.425781 0.289062 0.429688 0.289062 0.433594 0.308594 0.433594 0.312500 0.437500 0.312500 0.441406 0.316406 0.441406 0.320312 0.445312 0.320312 0.472656 0.328125 0.480469 0.328125 0.496094 0.332031 0.496094 0.335938 0.500000 0.335938 0.503906 0.339844 0.507812 0.339844 0.511719 0.343750 0.515625 0.343750 0.531250 0.339844 0.535156 0.339844 0.554688 0.347656 0.562500 0.375000 0.562500 0.378906 0.566406 0.378906 0.601562 0.375000 0.605469 0.359375 0.605469 0.355469 0.601562 0.351562 0.601562 0.347656 0.597656 0.335938 0.597656 0.335938 0.609375 0.339844 0.609375 0.343750 0.613281 0.343750 0.648438 0.347656 0.648438 0.351562 0.652344 0.351562 0.671875 0.343750 0.679688 0.320312 0.679688 0.312500 0.671875 0.292969 0.671875 0.289062 0.667969 0.289062 0.664062 0.281250 0.664062 0.273438 0.656250 0.273438 0.648438 0.265625 0.648438 0.261719 0.644531 0.261719 0.640625 0.257812 0.636719 0.257812 0.625000 0.250000 0.625000 0.250000 0.636719 0.246094 0.640625 0.214844 0.640625 0.210938 0.636719 0.210938 0.605469 0.207031 0.601562 0.195312 0.601562 0.195312 0.605469 0.191406 0.609375 0.171875 0.609375 0.167969 0.605469 0.167969 0.601562 0.164062 0.597656 0.164062 0.570312 0.167969 0.566406 0.167969 0.542969 0.164062 0.539062 0.132812 0.539062 0.128906 0.535156 0.128906 0.523438 0.125000 0.519531 0.125000 0.515625 0.121094 0.515625 0.117188 0.511719 0.117188 0.500000 0.109375 0.500000 0.109375 0.503906 0.105469 0.507812 0.089844 0.507812 0.089844 0.515625 0.082031 0.523438 0.082031 0.531250 0.117188 0.531250 0.121094 0.535156 0.121094 0.542969 0.128906 0.542969 0.132812 0.546875 0.132812 0.582031 0.136719 0.585938 0.136719 0.589844 0.144531 0.597656 0.144531 0.601562 0.148438 0.605469 0.148438 0.617188 0.175781 0.617188 0.179688 0.621094 0.179688 0.632812 0.183594 0.632812 0.187500 0.636719 0.187500 0.660156 0.210938 0.660156 0.218750 0.667969 0.226562 0.667969 0.234375 0.660156 0.250000 0.660156 0.253906 0.664062 0.253906 0.675781 0.261719 0.683594 0.261719 0.695312 0.265625 0.699219 0.265625 0.703125 0.277344 0.703125 0.281250 0.707031 0.281250 0.710938 0.285156 0.714844 0.285156 0.730469 0.289062 0.734375 0.289062 0.753906 0.285156 0.757812 0.277344 0.757812 0.273438 0.761719 0.246094 0.761719 0.246094 0.769531 0.250000 0.773438 0.253906 0.773438 0.257812 0.777344 0.257812 0.781250 0.289062 0.781250 0.292969 0.785156 0.292969 0.800781 0.289062 0.804688 0.285156 0.804688 0.277344 0.812500 0.277344 0.820312 0.332031 0.820312 0.332031 0.816406 0.335938 0.812500 0.335938 0.804688 0.324219 0.792969 0.324219 0.765625 0.328125 0.761719 0.328125 0.753906 0.332031 0.750000 0.332031 0.746094 0.339844 0.738281 0.347656 0.738281 0.347656 0.734375 0.351562 0.730469 0.359375 0.730469 0.359375 0.718750 0.363281 0.714844 0.378906 0.714844 0.382812 0.718750 0.382812 0.734375 0.394531 0.734375 0.394531 0.718750 0.398438 0.714844 0.414062 0.714844 0.417969 0.718750 0.417969 0.734375 0.414062 0.738281 0.406250 0.738281 0.406250 0.753906 0.410156 0.757812 0.410156 0.773438 0.433594 0.773438 0.433594 0.750000 0.437500 0.746094 0.453125 0.746094 0.457031 0.742188 0.460938 0.742188 0.460938 0.734375 0.464844 0.730469 0.480469 0.730469 0.480469 0.722656 0.476562 0.722656 0.472656 0.718750 0.472656 0.703125 0.476562 0.699219 0.503906 0.699219 0.507812 0.703125 0.511719 0.703125 0.515625 0.707031 0.515625 0.722656 0.531250 0.722656 0.535156 0.726562 0.542969 0.726562 0.546875 0.730469 0.546875 0.750000 0.550781 0.753906 0.550781 0.769531 0.546875 0.773438 0.539062 0.773438 0.535156 0.777344 0.515625 0.777344 0.515625 0.781250 0.511719 0.785156 0.503906 0.785156 0.503906 0.800781 0.511719 0.800781 0.519531 0.808594 0.519531 0.839844 0.515625 0.843750 0.511719 0.843750 0.507812 0.847656 0.496094 0.847656 0.492188 0.851562 0.488281 0.851562 0.484375 0.855469 0.468750 0.855469 0.460938 0.847656 0.453125 0.847656 0.453125 0.867188 0.449219 0.871094 0.445312 0.871094 0.445312 0.878906 0.449219 0.882812 0.449219 0.902344 0.445312 0.906250 0.441406 0.906250 0.441406 0.910156 0.437500 0.914062 0.425781 0.914062 0.425781 0.925781 0.464844 0.925781 0.472656 0.917969 0.480469 0.917969 0.484375 0.914062 0.492188 0.914062 0.496094 0.910156 0.500000 0.910156 0.503906 0.906250 0.542969 0.906250 0.546875 0.902344 0.554688 0.902344 0.554688 0.898438 0.562500 0.890625 0.562500 0.886719 0.566406 0.882812 0.585938 0.882812 0.585938 0.878906 0.589844 0.875000 0.589844 0.867188 0.578125 0.867188 0.574219 0.871094 0.574219 0.878906 0.570312 0.882812 0.554688 0.882812 0.550781 0.886719 0.546875 0.886719 0.542969 0.890625 0.507812 0.890625 0.503906 0.886719 0.503906 0.867188 0.507812 0.863281 0.511719 0.863281 0.531250 0.843750 0.531250 0.839844 0.535156 0.835938 0.546875 0.835938 0.554688 0.828125 0.554688 0.812500 0.558594 0.808594 0.566406 0.808594 0.566406 0.800781 0.562500 0.796875 0.554688 0.796875 0.550781 0.792969 0.550781 0.769531 0.554688 0.765625 0.566406 0.765625 0.570312 0.761719 0.570312 0.746094 0.582031 0.734375 0.585938 0.734375 0.589844 0.730469 0.601562 0.730469 0.601562 0.726562 0.605469 0.722656 0.621094 0.722656 0.625000 0.718750 0.628906 0.718750 0.628906 0.714844 0.632812 0.710938 0.632812 0.687500 0.636719 0.683594 0.667969 0.683594 0.671875 0.679688 0.671875 0.667969 0.644531 0.667969 0.640625 0.664062 0.632812 0.664062 0.625000 0.656250 0.625000 0.628906 0.628906 0.625000 0.632812 0.625000 0.632812 0.621094 0.636719 0.617188 0.648438 0.617188 0.656250 0.609375 0.675781 0.609375 0.679688 0.613281 0.679688 0.617188 0.683594 0.621094 0.691406 0.621094 0.695312 0.625000 0.695312 0.628906 0.699219 0.628906 0.703125 0.632812 0.730469 0.632812 0.734375 0.636719 0.734375 0.640625 0.746094 0.640625 0.750000 0.636719 0.753906 0.636719 0.753906 0.632812 0.757812 0.628906 0.765625 0.628906 0.765625 0.621094 0.753906 0.621094 0.750000 0.617188 0.750000 0.597656 0.757812 0.589844 0.765625 0.589844 0.765625 0.585938 0.769531 0.582031 0.773438 0.582031 0.773438 0.574219 0.777344 0.570312 0.777344 0.558594 0.773438 0.558594 0.769531 0.554688 0.769531 0.539062 0.757812 0.539062 0.753906 0.535156 0.753906 0.531250 0.746094 0.531250 0.746094 0.535156 0.742188 0.539062 0.734375 0.539062 0.730469 0.542969 0.730469 0.550781 0.726562 0.554688 0.726562 0.558594 0.718750 0.566406 0.707031 0.566406 0.703125 0.570312 0.687500 0.570312 0.679688 0.562500 0.679688 0.527344 0.683594 0.523438 0.687500 0.523438 0.691406 0.519531 0.695312 0.519531 0.699219 0.515625 0.726562 0.515625 0.726562 0.492188 0.730469 0.488281 0.742188 0.488281 0.742188 0.464844 0.750000 0.457031 0.785156 0.457031 0.789062 0.460938 0.804688 0.460938 0.808594 0.464844 0.808594 0.468750 0.820312 0.468750 0.820312 0.457031 0.804688 0.457031 0.800781 0.453125 0.800781 0.449219 0.796875 0.445312 0.796875 0.437500 0.792969 0.433594 0.792969 0.429688 0.785156 0.429688 0.781250 0.433594 0.746094 0.433594 0.746094 0.437500 0.742188 0.441406 0.734375 0.441406 0.730469 0.445312 0.730469 0.453125 0.726562 0.457031 0.710938 0.457031 0.707031 0.453125 0.707031 0.441406 0.699219 0.433594 0.695312 0.433594 0.691406 0.429688 0.691406 0.398438 0.695312 0.394531 0.722656 0.394531 0.722656 0.390625 0.726562 0.386719 0.726562 0.382812 0.730469 0.378906 0.730469 0.375000 0.734375 0.371094 0.753906 0.371094 0.757812 0.375000 0.757812 0.386719 0.761719 0.390625 0.761719 0.398438 0.765625 0.398438 0.769531 0.402344 0.781250 0.402344 0.781250 0.382812 0.785156 0.378906 0.785156 0.363281 0.789062 0.359375 0.792969 0.359375 0.792969 0.347656 0.789062 0.343750 0.789062 0.335938 0.785156 0.332031 0.785156 0.328125 0.781250 0.328125 0.777344 0.324219 0.765625 0.324219 0.765625 0.335938 0.761719 0.339844 0.746094 0.339844 0.742188 0.335938 0.738281 0.335938 0.734375 0.332031 0.734375 0.328125 0.730469 0.324219 0.722656 0.324219 0.718750 0.320312 0.718750 0.300781 0.710938 0.300781 0.707031 0.296875 0.707031 0.292969 0.703125 0.289062 0.683594 0.289062 0.679688 0.285156 0.675781 0.285156 0.671875 0.281250 0.671875 0.253906 0.675781 0.250000 0.687500 0.250000 0.691406 0.246094 0.695312 0.246094 0.699219 0.242188 0.714844 0.242188 0.714844 0.234375 0.707031 0.226562 0.699219 0.226562 0.695312 0.222656 0.695312 0.207031 0.699219 0.203125 0.703125 0.203125 0.703125 0.195312 0.707031 0.191406 0.707031 0.179688 0.703125 0.179688 0.695312 0.171875 0.695312 0.164062 0.691406 0.160156 0.691406 0.125000 0.695312 0.121094 0.699219 0.121094 0.703125 0.117188 0.703125 0.093750 0.710938 0.085938 0.730469 0.085938 0.734375 0.089844 0.742188 0.089844 0.742188 0.085938 0.746094 0.082031 0.753906 0.082031 0.757812 0.078125 0.773438 0.078125 0.773438 0.066406
