2 0.390625 0.886719 0.386719 0.890625 0.382812 0.890625 0.378906 0.894531 0.375000 0.894531 0.371094 0.898438 0.304688 0.898438 0.300781 0.894531 0.285156 0.894531 0.285156 0.917969 0.296875 0.917969 0.300781 0.914062 0.324219 0.914062 0.328125 0.910156 0.359375 0.910156 0.363281 0.906250 0.378906 0.906250 0.382812 0.902344 0.410156 0.902344 0.410156 0.894531 0.406250 0.890625 0.402344 0.890625 0.398438 0.886719
2 0.375000 0.839844 0.375000 0.851562 0.382812 0.851562 0.382812 0.839844
2 0.417969 0.816406 0.406250 0.828125 0.402344 0.828125 0.402344 0.835938 0.414062 0.835938 0.417969 0.832031 0.421875 0.832031 0.429688 0.824219 0.429688 0.816406
2 0.085938 0.750000 0.085938 0.777344 0.082031 0.781250 0.082031 0.792969 0.097656 0.792969 0.101562 0.796875 0.101562 0.800781 0.113281 0.800781 0.117188 0.804688 0.117188 0.851562 0.125000 0.851562 0.125000 0.824219 0.128906 0.820312 0.140625 0.820312 0.140625 0.812500 0.136719 0.808594 0.136719 0.804688 0.117188 0.804688 0.113281 0.800781 0.113281 0.792969 0.109375 0.789062 0.109375 0.785156 0.105469 0.781250 0.105469 0.777344 0.101562 0.773438 0.101562 0.765625 0.097656 0.761719 0.097656 0.757812 0.093750 0.753906 0.093750 0.750000
2 0.777344 0.718750 0.773438 0.722656 0.773438 0.726562 0.769531 0.730469 0.769531 0.734375 0.765625 0.738281 0.757812 0.738281 0.753906 0.742188 0.750000 0.742188 0.746094 0.746094 0.738281 0.746094 0.738281 0.753906 0.746094 0.753906 0.750000 0.757812 0.757812 0.757812 0.761719 0.761719 0.765625 0.761719 0.769531 0.765625 0.769531 0.769531 0.773438 0.773438 0.785156 0.773438 0.785156 0.750000 0.792969 0.742188 0.796875 0.742188 0.796875 0.726562 0.789062 0.718750
2 0.539062 0.679688 0.527344 0.691406 0.523438 0.691406 0.523438 0.695312 0.519531 0.699219 0.503906 0.699219 0.500000 0.703125 0.496094 0.703125 0.496094 0.718750 0.511719 0.718750 0.515625 0.714844 0.519531 0.714844 0.519531 0.707031 0.523438 0.703125 0.550781 0.703125 0.554688 0.699219 0.558594 0.699219 0.558594 0.683594 0.554688 0.683594 0.550781 0.679688
2 0.351562 0.574219 0.351562 0.589844 0.359375 0.589844 0.359375 0.574219
2 0.742188 0.511719 0.742188 0.535156 0.734375 0.542969 0.734375 0.554688 0.746094 0.554688 0.750000 0.550781 0.773438 0.550781 0.773438 0.546875 0.777344 0.542969 0.777344 0.535156 0.769531 0.535156 0.765625 0.531250 0.765625 0.523438 0.753906 0.511719
2 0.851562 0.480469 0.847656 0.484375 0.824219 0.484375 0.824219 0.492188 0.832031 0.492188 0.835938 0.496094 0.871094 0.496094 0.875000 0.500000 0.875000 0.519531 0.878906 0.523438 0.882812 0.523438 0.886719 0.527344 0.894531 0.527344 0.894531 0.507812 0.898438 0.503906 0.902344 0.503906 0.902344 0.496094 0.898438 0.492188 0.894531 0.492188 0.886719 0.484375 0.875000 0.484375 0.871094 0.480469
2 0.703125 0.476562 0.699219 0.480469 0.687500 0.480469 0.683594 0.484375 0.683594 0.500000 0.687500 0.503906 0.691406 0.503906 0.695312 0.507812 0.695312 0.511719 0.714844 0.511719 0.722656 0.503906 0.726562 0.503906 0.726562 0.488281 0.722656 0.484375 0.714844 0.484375 0.710938 0.480469 0.710938 0.476562
2 0.507812 0.390625 0.488281 0.410156 0.488281 0.425781 0.496094 0.425781 0.500000 0.429688 0.500000 0.433594 0.511719 0.433594 0.515625 0.437500 0.519531 0.437500 0.523438 0.441406 0.523438 0.460938 0.535156 0.460938 0.542969 0.453125 0.542969 0.445312 0.554688 0.433594 0.554688 0.429688 0.558594 0.425781 0.558594 0.414062 0.550781 0.406250 0.523438 0.406250 0.519531 0.402344 0.519531 0.390625
2 0.582031 0.296875 0.582031 0.304688 0.589844 0.312500 0.601562 0.312500 0.601562 0.304688 0.593750 0.296875
2 0.562500 0.277344 0.562500 0.281250 0.558594 0.285156 0.542969 0.285156 0.542969 0.292969 0.539062 0.296875 0.535156 0.296875 0.535156 0.308594 0.531250 0.312500 0.519531 0.312500 0.515625 0.316406 0.515625 0.328125 0.523438 0.328125 0.523438 0.324219 0.527344 0.320312 0.531250 0.320312 0.531250 0.316406 0.535156 0.312500 0.558594 0.312500 0.558594 0.296875 0.562500 0.292969 0.574219 0.292969 0.574219 0.277344
2 0.277344 0.230469 0.273438 0.234375 0.273438 0.246094 0.281250 0.253906 0.281250 0.265625 0.285156 0.265625 0.289062 0.269531 0.289062 0.281250 0.292969 0.285156 0.292969 0.324219 0.289062 0.328125 0.289062 0.343750 0.300781 0.355469 0.300781 0.363281 0.304688 0.367188 0.304688 0.375000 0.308594 0.378906 0.312500 0.378906 0.316406 0.382812 0.316406 0.398438 0.312500 0.402344 0.308594 0.402344 0.308594 0.425781 0.304688 0.429688 0.296875 0.429688 0.296875 0.437500 0.292969 0.441406 0.292969 0.476562 0.289062 0.480469 0.265625 0.480469 0.261719 0.476562 0.261719 0.464844 0.257812 0.460938 0.257812 0.449219 0.250000 0.449219 0.242188 0.457031 0.238281 0.457031 0.238281 0.464844 0.234375 0.468750 0.203125 0.468750 0.199219 0.464844 0.195312 0.464844 0.191406 0.460938 0.179688 0.460938 0.175781 0.457031 0.160156 0.457031 0.156250 0.453125 0.156250 0.445312 0.148438 0.445312 0.148438 0.449219 0.144531 0.453125 0.144531 0.464844 0.152344 0.472656 0.156250 0.472656 0.160156 0.476562 0.191406 0.476562 0.195312 0.480469 0.195312 0.492188 0.199219 0.496094 0.199219 0.511719 0.191406 0.519531 0.175781 0.519531 0.171875 0.515625 0.160156 0.515625 0.160156 0.519531 0.152344 0.527344 0.152344 0.531250 0.148438 0.535156 0.117188 0.535156 0.113281 0.539062 0.113281 0.542969 0.109375 0.546875 0.109375 0.558594 0.125000 0.558594 0.125000 0.554688 0.128906 0.550781 0.132812 0.550781 0.144531 0.539062 0.160156 0.539062 0.167969 0.546875 0.167969 0.550781 0.175781 0.550781 0.179688 0.554688 0.203125 0.554688 0.207031 0.558594 0.207031 0.566406 0.210938 0.570312 0.210938 0.574219 0.214844 0.578125 0.214844 0.593750 0.210938 0.597656 0.203125 0.597656 0.199219 0.601562 0.195312 0.601562 0.195312 0.640625 0.191406 0.644531 0.191406 0.648438 0.187500 0.652344 0.160156 0.652344 0.160156 0.691406 0.164062 0.695312 0.164062 0.710938 0.160156 0.714844 0.160156 0.742188 0.152344 0.750000 0.140625 0.750000 0.136719 0.753906 0.132812 0.753906 0.132812 0.761719 0.136719 0.765625 0.156250 0.765625 0.160156 0.769531 0.160156 0.789062 0.164062 0.789062 0.167969 0.792969 0.167969 0.796875 0.171875 0.800781 0.171875 0.804688 0.175781 0.808594 0.175781 0.816406 0.179688 0.820312 0.187500 0.820312 0.187500 0.808594 0.183594 0.804688 0.183594 0.789062 0.187500 0.785156 0.195312 0.785156 0.195312 0.769531 0.191406 0.765625 0.191406 0.734375 0.195312 0.730469 0.214844 0.730469 0.218750 0.734375 0.218750 0.750000 0.222656 0.753906 0.222656 0.757812 0.226562 0.757812 0.230469 0.761719 0.230469 0.781250 0.238281 0.781250 0.242188 0.777344 0.242188 0.765625 0.246094 0.761719 0.250000 0.761719 0.250000 0.742188 0.257812 0.734375 0.261719 0.734375 0.261719 0.730469 0.265625 0.726562 0.265625 0.722656 0.269531 0.718750 0.273438 0.718750 0.273438 0.695312 0.277344 0.691406 0.292969 0.691406 0.296875 0.695312 0.296875 0.710938 0.300781 0.714844 0.312500 0.714844 0.316406 0.718750 0.316406 0.753906 0.312500 0.757812 0.312500 0.789062 0.308594 0.792969 0.304688 0.792969 0.300781 0.796875 0.300781 0.820312 0.296875 0.824219 0.296875 0.828125 0.292969 0.832031 0.292969 0.835938 0.289062 0.839844 0.289062 0.851562 0.292969 0.855469 0.308594 0.855469 0.308594 0.851562 0.312500 0.847656 0.328125 0.847656 0.332031 0.851562 0.332031 0.855469 0.335938 0.859375 0.335938 0.871094 0.339844 0.875000 0.347656 0.875000 0.359375 0.863281 0.363281 0.863281 0.363281 0.855469 0.347656 0.855469 0.343750 0.851562 0.343750 0.835938 0.335938 0.835938 0.332031 0.832031 0.332031 0.816406 0.335938 0.812500 0.339844 0.812500 0.343750 0.808594 0.359375 0.808594 0.359375 0.796875 0.351562 0.796875 0.347656 0.792969 0.347656 0.777344 0.351562 0.773438 0.351562 0.761719 0.359375 0.753906 0.359375 0.750000 0.367188 0.742188 0.371094 0.742188 0.371094 0.738281 0.375000 0.734375 0.375000 0.714844 0.378906 0.710938 0.386719 0.710938 0.398438 0.699219 0.398438 0.695312 0.402344 0.691406 0.402344 0.683594 0.398438 0.679688 0.398438 0.664062 0.402344 0.660156 0.402344 0.652344 0.421875 0.632812 0.421875 0.625000 0.417969 0.625000 0.414062 0.621094 0.406250 0.621094 0.402344 0.625000 0.402344 0.628906 0.398438 0.632812 0.398438 0.636719 0.390625 0.644531 0.386719 0.644531 0.382812 0.648438 0.363281 0.648438 0.347656 0.632812 0.347656 0.617188 0.335938 0.617188 0.335938 0.636719 0.347656 0.648438 0.347656 0.652344 0.351562 0.656250 0.351562 0.683594 0.347656 0.687500 0.304688 0.687500 0.300781 0.683594 0.300781 0.675781 0.292969 0.675781 0.289062 0.671875 0.261719 0.671875 0.257812 0.667969 0.257812 0.660156 0.253906 0.656250 0.253906 0.632812 0.250000 0.632812 0.246094 0.628906 0.246094 0.625000 0.242188 0.621094 0.242188 0.593750 0.238281 0.589844 0.238281 0.562500 0.242188 0.558594 0.261719 0.558594 0.265625 0.562500 0.265625 0.574219 0.281250 0.574219 0.281250 0.558594 0.277344 0.554688 0.277344 0.535156 0.281250 0.531250 0.296875 0.531250 0.300781 0.535156 0.300781 0.539062 0.304688 0.542969 0.304688 0.554688 0.308594 0.558594 0.312500 0.558594 0.316406 0.562500 0.328125 0.562500 0.332031 0.566406 0.339844 0.566406 0.339844 0.531250 0.347656 0.523438 0.363281 0.523438 0.363281 0.515625 0.351562 0.503906 0.351562 0.480469 0.347656 0.476562 0.332031 0.476562 0.328125 0.472656 0.328125 0.457031 0.320312 0.449219 0.320312 0.433594 0.324219 0.429688 0.343750 0.429688 0.347656 0.425781 0.351562 0.425781 0.351562 0.371094 0.343750 0.363281 0.343750 0.347656 0.339844 0.347656 0.335938 0.343750 0.335938 0.339844 0.332031 0.339844 0.328125 0.335938 0.328125 0.332031 0.324219 0.332031 0.320312 0.328125 0.320312 0.324219 0.316406 0.320312 0.316406 0.316406 0.312500 0.312500 0.312500 0.296875 0.308594 0.296875 0.304688 0.292969 0.304688 0.285156 0.296875 0.277344 0.296875 0.234375 0.292969 0.234375 0.289062 0.230469
2 0.335938 0.175781 0.332031 0.179688 0.332031 0.187500 0.343750 0.199219 0.343750 0.203125 0.351562 0.210938 0.351562 0.222656 0.355469 0.226562 0.355469 0.230469 0.359375 0.234375 0.359375 0.242188 0.363281 0.246094 0.363281 0.257812 0.371094 0.265625 0.371094 0.269531 0.375000 0.273438 0.375000 0.277344 0.378906 0.281250 0.378906 0.285156 0.386719 0.292969 0.386719 0.296875 0.398438 0.308594 0.398438 0.332031 0.406250 0.339844 0.406250 0.363281 0.410156 0.367188 0.410156 0.371094 0.414062 0.371094 0.421875 0.378906 0.421875 0.402344 0.417969 0.406250 0.414062 0.406250 0.414062 0.421875 0.410156 0.425781 0.410156 0.441406 0.406250 0.445312 0.406250 0.453125 0.402344 0.457031 0.402344 0.468750 0.398438 0.472656 0.394531 0.472656 0.394531 0.480469 0.390625 0.484375 0.390625 0.492188 0.386719 0.496094 0.386719 0.503906 0.390625 0.507812 0.390625 0.546875 0.394531 0.550781 0.394531 0.566406 0.406250 0.566406 0.410156 0.562500 0.414062 0.562500 0.414062 0.550781 0.417969 0.546875 0.417969 0.542969 0.421875 0.539062 0.429688 0.539062 0.429688 0.531250 0.433594 0.527344 0.433594 0.523438 0.437500 0.519531 0.437500 0.511719 0.441406 0.507812 0.441406 0.500000 0.437500 0.496094 0.437500 0.484375 0.433594 0.484375 0.429688 0.480469 0.429688 0.464844 0.433594 0.460938 0.437500 0.460938 0.437500 0.453125 0.433594 0.449219 0.433594 0.441406 0.429688 0.441406 0.425781 0.437500 0.425781 0.417969 0.429688 0.414062 0.449219 0.414062 0.453125 0.410156 0.457031 0.410156 0.464844 0.402344 0.464844 0.390625 0.460938 0.386719 0.449219 0.386719 0.445312 0.382812 0.445312 0.363281 0.449219 0.359375 0.472656 0.359375 0.472656 0.355469 0.476562 0.351562 0.476562 0.343750 0.468750 0.343750 0.464844 0.339844 0.464844 0.316406 0.468750 0.312500 0.468750 0.289062 0.472656 0.285156 0.472656 0.250000 0.460938 0.250000 0.457031 0.253906 0.457031 0.261719 0.453125 0.265625 0.453125 0.281250 0.449219 0.285156 0.445312 0.285156 0.445312 0.296875 0.441406 0.300781 0.410156 0.300781 0.398438 0.289062 0.398438 0.285156 0.394531 0.281250 0.394531 0.273438 0.382812 0.261719 0.382812 0.250000 0.378906 0.246094 0.378906 0.218750 0.382812 0.214844 0.382812 0.207031 0.367188 0.207031 0.363281 0.203125 0.363281 0.195312 0.355469 0.195312 0.351562 0.191406 0.351562 0.179688 0.347656 0.175781
2 0.535156 0.082031 0.531250 0.085938 0.531250 0.117188 0.566406 0.117188 0.566406 0.109375 0.562500 0.105469 0.562500 0.101562 0.546875 0.085938 0.546875 0.082031
