2 0.664062 0.929688 0.664062 0.949219 0.667969 0.953125 0.667969 0.972656 0.679688 0.972656 0.679688 0.957031 0.675781 0.953125 0.675781 0.929688
2 0.449219 0.929688 0.441406 0.937500 0.421875 0.937500 0.417969 0.933594 0.410156 0.933594 0.410156 0.937500 0.406250 0.941406 0.406250 0.953125 0.410156 0.953125 0.414062 0.957031 0.453125 0.957031 0.457031 0.953125 0.457031 0.945312 0.460938 0.941406 0.464844 0.941406 0.468750 0.937500 0.468750 0.929688
2 0.531250 0.867188 0.531250 0.871094 0.527344 0.875000 0.527344 0.902344 0.523438 0.906250 0.515625 0.906250 0.515625 0.910156 0.511719 0.914062 0.511719 0.925781 0.519531 0.925781 0.527344 0.917969 0.582031 0.917969 0.582031 0.906250 0.578125 0.902344 0.578125 0.882812 0.570312 0.875000 0.542969 0.875000 0.539062 0.871094 0.539062 0.867188
2 0.699219 0.835938 0.695312 0.839844 0.691406 0.839844 0.691406 0.851562 0.695312 0.855469 0.695312 0.863281 0.699219 0.867188 0.699219 0.871094 0.703125 0.875000 0.703125 0.910156 0.699219 0.914062 0.687500 0.914062 0.687500 0.921875 0.707031 0.921875 0.707031 0.914062 0.710938 0.910156 0.734375 0.910156 0.734375 0.902344 0.726562 0.902344 0.722656 0.898438 0.722656 0.890625 0.718750 0.890625 0.714844 0.886719 0.714844 0.851562 0.722656 0.843750 0.722656 0.835938
2 0.710938 0.800781 0.710938 0.808594 0.718750 0.808594 0.718750 0.800781
2 0.601562 0.781250 0.601562 0.792969 0.597656 0.796875 0.582031 0.796875 0.582031 0.808594 0.585938 0.812500 0.589844 0.812500 0.593750 0.816406 0.609375 0.816406 0.609375 0.812500 0.613281 0.808594 0.613281 0.796875 0.617188 0.792969 0.621094 0.792969 0.621094 0.781250
2 0.574219 0.761719 0.574219 0.773438 0.582031 0.773438 0.582031 0.761719
2 0.585938 0.738281 0.585938 0.753906 0.597656 0.753906 0.597656 0.738281
2 0.218750 0.687500 0.218750 0.707031 0.226562 0.707031 0.230469 0.710938 0.230469 0.714844 0.234375 0.718750 0.234375 0.738281 0.246094 0.738281 0.250000 0.734375 0.273438 0.734375 0.277344 0.738281 0.277344 0.761719 0.281250 0.761719 0.285156 0.765625 0.300781 0.765625 0.304688 0.769531 0.308594 0.769531 0.312500 0.773438 0.312500 0.781250 0.316406 0.785156 0.324219 0.785156 0.324219 0.773438 0.320312 0.769531 0.320312 0.761719 0.316406 0.757812 0.316406 0.753906 0.312500 0.750000 0.312500 0.730469 0.296875 0.730469 0.296875 0.734375 0.292969 0.738281 0.277344 0.738281 0.273438 0.734375 0.273438 0.714844 0.277344 0.710938 0.285156 0.710938 0.285156 0.703125 0.265625 0.703125 0.261719 0.699219 0.261719 0.687500
2 0.816406 0.675781 0.812500 0.679688 0.808594 0.679688 0.804688 0.683594 0.777344 0.683594 0.773438 0.679688 0.761719 0.679688 0.761719 0.687500 0.765625 0.687500 0.769531 0.691406 0.769531 0.695312 0.777344 0.695312 0.781250 0.699219 0.781250 0.714844 0.785156 0.718750 0.792969 0.718750 0.796875 0.722656 0.812500 0.722656 0.812500 0.707031 0.816406 0.703125 0.824219 0.703125 0.824219 0.675781
2 0.691406 0.667969 0.691406 0.695312 0.687500 0.699219 0.687500 0.714844 0.683594 0.718750 0.667969 0.718750 0.664062 0.722656 0.656250 0.722656 0.656250 0.730469 0.695312 0.730469 0.699219 0.734375 0.707031 0.734375 0.710938 0.730469 0.726562 0.730469 0.730469 0.734375 0.730469 0.742188 0.734375 0.742188 0.742188 0.750000 0.742188 0.753906 0.753906 0.765625 0.753906 0.777344 0.757812 0.777344 0.761719 0.781250 0.761719 0.800781 0.757812 0.804688 0.753906 0.804688 0.746094 0.812500 0.742188 0.812500 0.742188 0.820312 0.753906 0.820312 0.757812 0.816406 0.781250 0.816406 0.785156 0.820312 0.785156 0.839844 0.800781 0.855469 0.812500 0.855469 0.812500 0.851562 0.816406 0.847656 0.832031 0.847656 0.835938 0.851562 0.835938 0.867188 0.832031 0.871094 0.816406 0.871094 0.816406 0.882812 0.832031 0.898438 0.832031 0.937500 0.828125 0.941406 0.773438 0.941406 0.769531 0.937500 0.761719 0.937500 0.761719 0.941406 0.757812 0.945312 0.757812 0.957031 0.753906 0.960938 0.753906 0.968750 0.792969 0.968750 0.792969 0.964844 0.804688 0.953125 0.820312 0.953125 0.824219 0.957031 0.839844 0.957031 0.843750 0.960938 0.878906 0.960938 0.878906 0.953125 0.882812 0.949219 0.902344 0.949219 0.902344 0.937500 0.898438 0.933594 0.898438 0.921875 0.894531 0.917969 0.886719 0.917969 0.882812 0.914062 0.882812 0.890625 0.878906 0.886719 0.878906 0.871094 0.882812 0.867188 0.894531 0.867188 0.894531 0.851562 0.890625 0.847656 0.890625 0.839844 0.886719 0.835938 0.886719 0.832031 0.871094 0.816406 0.867188 0.816406 0.863281 0.812500 0.863281 0.804688 0.855469 0.804688 0.851562 0.800781 0.851562 0.777344 0.847656 0.773438 0.847656 0.769531 0.843750 0.765625 0.843750 0.757812 0.832031 0.746094 0.824219 0.746094 0.824219 0.773438 0.828125 0.777344 0.828125 0.796875 0.824219 0.800781 0.785156 0.800781 0.781250 0.796875 0.781250 0.785156 0.773438 0.777344 0.773438 0.773438 0.769531 0.769531 0.769531 0.765625 0.765625 0.765625 0.761719 0.761719 0.761719 0.757812 0.757812 0.753906 0.757812 0.750000 0.753906 0.750000 0.746094 0.742188 0.746094 0.738281 0.734375 0.726562 0.734375 0.718750 0.718750 0.703125 0.718750 0.699219 0.714844 0.695312 0.714844 0.691406 0.707031 0.683594 0.703125 0.683594 0.699219 0.679688 0.699219 0.667969
2 0.472656 0.652344 0.472656 0.675781 0.468750 0.679688 0.464844 0.679688 0.464844 0.683594 0.460938 0.687500 0.460938 0.695312 0.468750 0.703125 0.476562 0.703125 0.480469 0.699219 0.500000 0.699219 0.503906 0.703125 0.515625 0.703125 0.515625 0.691406 0.519531 0.687500 0.535156 0.687500 0.539062 0.683594 0.562500 0.683594 0.562500 0.667969 0.558594 0.667969 0.554688 0.664062 0.531250 0.664062 0.527344 0.667969 0.500000 0.667969 0.492188 0.660156 0.492188 0.656250 0.488281 0.656250 0.484375 0.652344
2 0.671875 0.640625 0.671875 0.652344 0.675781 0.652344 0.679688 0.656250 0.687500 0.656250 0.687500 0.648438 0.679688 0.640625
2 0.187500 0.628906 0.179688 0.636719 0.160156 0.636719 0.160156 0.644531 0.171875 0.656250 0.171875 0.660156 0.179688 0.660156 0.183594 0.664062 0.199219 0.664062 0.203125 0.660156 0.207031 0.660156 0.207031 0.648438 0.203125 0.644531 0.203125 0.640625 0.199219 0.636719 0.199219 0.628906
2 0.316406 0.574219 0.316406 0.578125 0.312500 0.582031 0.312500 0.585938 0.308594 0.589844 0.308594 0.597656 0.304688 0.601562 0.289062 0.601562 0.289062 0.609375 0.285156 0.613281 0.285156 0.648438 0.281250 0.652344 0.273438 0.652344 0.273438 0.667969 0.300781 0.667969 0.304688 0.671875 0.316406 0.671875 0.316406 0.667969 0.320312 0.664062 0.335938 0.664062 0.335938 0.660156 0.339844 0.656250 0.339844 0.648438 0.335938 0.644531 0.332031 0.644531 0.328125 0.640625 0.328125 0.628906 0.320312 0.621094 0.320312 0.597656 0.328125 0.589844 0.335938 0.589844 0.335938 0.578125 0.328125 0.578125 0.324219 0.574219
2 0.480469 0.550781 0.480469 0.562500 0.484375 0.566406 0.492188 0.566406 0.496094 0.570312 0.496094 0.578125 0.500000 0.578125 0.507812 0.585938 0.519531 0.585938 0.523438 0.589844 0.523438 0.609375 0.515625 0.617188 0.515625 0.628906 0.527344 0.628906 0.527344 0.621094 0.531250 0.617188 0.531250 0.609375 0.535156 0.605469 0.539062 0.605469 0.542969 0.601562 0.542969 0.593750 0.546875 0.589844 0.597656 0.589844 0.597656 0.582031 0.574219 0.582031 0.570312 0.578125 0.562500 0.578125 0.558594 0.574219 0.550781 0.574219 0.546875 0.578125 0.542969 0.578125 0.539062 0.582031 0.523438 0.582031 0.519531 0.578125 0.519531 0.558594 0.515625 0.558594 0.511719 0.554688 0.511719 0.550781
2 0.316406 0.511719 0.312500 0.515625 0.285156 0.515625 0.285156 0.527344 0.281250 0.531250 0.281250 0.539062 0.324219 0.539062 0.324219 0.535156 0.328125 0.531250 0.328125 0.511719
2 0.667969 0.503906 0.664062 0.507812 0.664062 0.515625 0.667969 0.519531 0.667969 0.546875 0.710938 0.546875 0.710938 0.523438 0.703125 0.523438 0.699219 0.519531 0.687500 0.519531 0.683594 0.515625 0.683594 0.511719 0.679688 0.507812 0.679688 0.503906
2 0.816406 0.488281 0.812500 0.492188 0.804688 0.492188 0.804688 0.500000 0.812500 0.500000 0.816406 0.503906 0.832031 0.503906 0.835938 0.507812 0.835938 0.531250 0.839844 0.531250 0.843750 0.535156 0.855469 0.535156 0.859375 0.539062 0.859375 0.558594 0.855469 0.562500 0.851562 0.562500 0.851562 0.570312 0.859375 0.570312 0.863281 0.574219 0.875000 0.574219 0.875000 0.550781 0.871094 0.546875 0.871094 0.519531 0.867188 0.515625 0.855469 0.515625 0.851562 0.511719 0.847656 0.511719 0.843750 0.507812 0.843750 0.492188 0.839844 0.492188 0.835938 0.488281
2 0.675781 0.464844 0.675781 0.472656 0.683594 0.480469 0.691406 0.480469 0.695312 0.476562 0.695312 0.468750 0.691406 0.468750 0.687500 0.464844
2 0.718750 0.457031 0.718750 0.476562 0.722656 0.480469 0.726562 0.480469 0.730469 0.484375 0.730469 0.496094 0.734375 0.500000 0.734375 0.507812 0.742188 0.515625 0.742188 0.519531 0.750000 0.527344 0.750000 0.535156 0.753906 0.539062 0.753906 0.546875 0.761719 0.554688 0.765625 0.554688 0.769531 0.558594 0.769531 0.566406 0.773438 0.570312 0.773438 0.574219 0.781250 0.582031 0.781250 0.585938 0.789062 0.593750 0.789062 0.597656 0.792969 0.601562 0.792969 0.605469 0.796875 0.609375 0.796875 0.613281 0.804688 0.621094 0.804688 0.625000 0.816406 0.636719 0.816406 0.640625 0.828125 0.640625 0.828125 0.632812 0.843750 0.617188 0.843750 0.597656 0.835938 0.589844 0.835938 0.585938 0.828125 0.585938 0.820312 0.578125 0.820312 0.570312 0.816406 0.570312 0.812500 0.566406 0.812500 0.562500 0.808594 0.562500 0.804688 0.558594 0.804688 0.542969 0.796875 0.542969 0.792969 0.539062 0.792969 0.511719 0.761719 0.511719 0.757812 0.507812 0.757812 0.503906 0.753906 0.503906 0.750000 0.500000 0.750000 0.496094 0.746094 0.492188 0.746094 0.488281 0.742188 0.484375 0.742188 0.480469 0.738281 0.476562 0.738281 0.472656 0.726562 0.460938 0.726562 0.457031
2 0.781250 0.410156 0.781250 0.417969 0.777344 0.421875 0.777344 0.429688 0.781250 0.429688 0.785156 0.433594 0.789062 0.433594 0.792969 0.437500 0.796875 0.437500 0.804688 0.445312 0.804688 0.449219 0.812500 0.457031 0.820312 0.457031 0.820312 0.437500 0.816406 0.437500 0.812500 0.433594 0.812500 0.429688 0.808594 0.425781 0.808594 0.421875 0.804688 0.417969 0.796875 0.417969 0.789062 0.410156
2 0.035156 0.398438 0.035156 0.460938 0.039062 0.464844 0.039062 0.484375 0.042969 0.488281 0.042969 0.507812 0.050781 0.507812 0.050781 0.496094 0.054688 0.492188 0.085938 0.492188 0.085938 0.476562 0.082031 0.472656 0.066406 0.472656 0.062500 0.468750 0.062500 0.441406 0.058594 0.437500 0.058594 0.433594 0.054688 0.429688 0.054688 0.421875 0.050781 0.417969 0.050781 0.406250 0.042969 0.398438
2 0.222656 0.382812 0.222656 0.398438 0.218750 0.402344 0.199219 0.402344 0.195312 0.398438 0.187500 0.398438 0.187500 0.410156 0.199219 0.410156 0.203125 0.414062 0.203125 0.429688 0.207031 0.433594 0.210938 0.433594 0.218750 0.441406 0.238281 0.441406 0.246094 0.433594 0.253906 0.433594 0.265625 0.421875 0.269531 0.421875 0.273438 0.417969 0.289062 0.417969 0.292969 0.414062 0.308594 0.414062 0.312500 0.417969 0.320312 0.417969 0.320312 0.410156 0.316406 0.406250 0.316406 0.402344 0.312500 0.402344 0.308594 0.398438 0.285156 0.398438 0.281250 0.394531 0.281250 0.390625 0.273438 0.390625 0.273438 0.398438 0.265625 0.406250 0.257812 0.406250 0.253906 0.410156 0.238281 0.410156 0.234375 0.406250 0.234375 0.386719 0.230469 0.382812
2 0.742188 0.363281 0.742188 0.386719 0.738281 0.390625 0.718750 0.390625 0.714844 0.394531 0.714844 0.414062 0.730469 0.414062 0.738281 0.406250 0.742188 0.406250 0.742188 0.390625 0.746094 0.386719 0.769531 0.386719 0.769531 0.378906 0.765625 0.375000 0.765625 0.367188 0.761719 0.363281
2 0.648438 0.289062 0.648438 0.300781 0.656250 0.300781 0.660156 0.304688 0.671875 0.304688 0.671875 0.292969 0.667969 0.292969 0.664062 0.289062
2 0.300781 0.269531 0.300781 0.277344 0.304688 0.281250 0.304688 0.300781 0.312500 0.300781 0.316406 0.296875 0.332031 0.296875 0.335938 0.300781 0.335938 0.312500 0.343750 0.312500 0.347656 0.308594 0.375000 0.308594 0.375000 0.300781 0.359375 0.300781 0.355469 0.296875 0.355469 0.292969 0.324219 0.292969 0.320312 0.289062 0.320312 0.285156 0.316406 0.285156 0.312500 0.281250 0.312500 0.269531
2 0.074219 0.261719 0.074219 0.269531 0.082031 0.269531 0.085938 0.273438 0.085938 0.289062 0.089844 0.292969 0.097656 0.292969 0.105469 0.300781 0.113281 0.300781 0.117188 0.296875 0.128906 0.296875 0.128906 0.289062 0.117188 0.289062 0.113281 0.285156 0.109375 0.285156 0.105469 0.281250 0.105469 0.273438 0.085938 0.273438 0.082031 0.269531 0.082031 0.261719
2 0.613281 0.253906 0.613281 0.265625 0.617188 0.269531 0.617188 0.277344 0.625000 0.285156 0.640625 0.285156 0.640625 0.277344 0.632812 0.269531 0.632812 0.265625 0.621094 0.253906
2 0.363281 0.222656 0.359375 0.226562 0.351562 0.226562 0.351562 0.238281 0.359375 0.246094 0.359375 0.253906 0.363281 0.257812 0.363281 0.261719 0.378906 0.261719 0.382812 0.257812 0.382812 0.246094 0.386719 0.242188 0.390625 0.242188 0.390625 0.230469 0.386719 0.230469 0.378906 0.222656
2 0.496094 0.207031 0.496094 0.230469 0.492188 0.234375 0.480469 0.234375 0.476562 0.238281 0.472656 0.238281 0.468750 0.242188 0.457031 0.242188 0.457031 0.250000 0.460938 0.253906 0.480469 0.253906 0.484375 0.257812 0.484375 0.265625 0.488281 0.269531 0.488281 0.277344 0.496094 0.285156 0.496094 0.289062 0.500000 0.292969 0.500000 0.320312 0.492188 0.328125 0.488281 0.328125 0.488281 0.351562 0.484375 0.355469 0.449219 0.355469 0.445312 0.351562 0.445312 0.332031 0.441406 0.332031 0.433594 0.324219 0.429688 0.324219 0.425781 0.320312 0.425781 0.300781 0.429688 0.296875 0.433594 0.296875 0.437500 0.292969 0.445312 0.292969 0.445312 0.285156 0.402344 0.285156 0.402344 0.312500 0.414062 0.312500 0.417969 0.316406 0.417969 0.355469 0.414062 0.359375 0.410156 0.359375 0.410156 0.371094 0.417969 0.378906 0.417969 0.386719 0.421875 0.390625 0.421875 0.414062 0.417969 0.417969 0.410156 0.417969 0.410156 0.425781 0.406250 0.429688 0.406250 0.457031 0.402344 0.460938 0.402344 0.464844 0.398438 0.468750 0.398438 0.476562 0.410156 0.476562 0.414062 0.480469 0.417969 0.480469 0.421875 0.484375 0.421875 0.500000 0.417969 0.503906 0.398438 0.503906 0.398438 0.507812 0.394531 0.511719 0.394531 0.535156 0.390625 0.539062 0.390625 0.546875 0.406250 0.546875 0.414062 0.554688 0.414062 0.574219 0.417969 0.578125 0.429688 0.578125 0.429688 0.562500 0.425781 0.558594 0.425781 0.515625 0.429688 0.511719 0.449219 0.511719 0.449219 0.496094 0.453125 0.492188 0.464844 0.492188 0.464844 0.480469 0.472656 0.472656 0.496094 0.472656 0.500000 0.468750 0.527344 0.468750 0.531250 0.464844 0.535156 0.464844 0.535156 0.457031 0.539062 0.453125 0.554688 0.453125 0.558594 0.457031 0.558594 0.480469 0.566406 0.488281 0.566406 0.507812 0.562500 0.511719 0.554688 0.511719 0.550781 0.515625 0.550781 0.523438 0.554688 0.527344 0.562500 0.527344 0.566406 0.523438 0.570312 0.523438 0.570312 0.515625 0.566406 0.511719 0.566406 0.496094 0.570312 0.492188 0.574219 0.492188 0.574219 0.476562 0.578125 0.472656 0.578125 0.457031 0.574219 0.453125 0.574219 0.433594 0.578125 0.429688 0.593750 0.429688 0.597656 0.425781 0.601562 0.425781 0.605469 0.421875 0.621094 0.421875 0.628906 0.429688 0.640625 0.429688 0.640625 0.417969 0.632812 0.410156 0.632812 0.394531 0.636719 0.390625 0.660156 0.390625 0.664062 0.386719 0.691406 0.386719 0.691406 0.363281 0.687500 0.363281 0.683594 0.359375 0.660156 0.359375 0.656250 0.355469 0.636719 0.355469 0.632812 0.351562 0.632812 0.347656 0.628906 0.343750 0.609375 0.343750 0.609375 0.355469 0.613281 0.359375 0.613281 0.375000 0.609375 0.378906 0.589844 0.378906 0.585938 0.375000 0.578125 0.375000 0.574219 0.371094 0.574219 0.367188 0.570312 0.367188 0.566406 0.363281 0.566406 0.343750 0.554688 0.343750 0.550781 0.339844 0.550781 0.332031 0.546875 0.332031 0.542969 0.328125 0.542969 0.324219 0.527344 0.324219 0.523438 0.320312 0.523438 0.285156 0.527344 0.281250 0.550781 0.281250 0.554688 0.277344 0.554688 0.250000 0.535156 0.230469 0.535156 0.226562 0.531250 0.226562 0.527344 0.222656 0.507812 0.222656 0.503906 0.218750 0.503906 0.207031
2 0.304688 0.191406 0.304688 0.218750 0.300781 0.222656 0.300781 0.230469 0.308594 0.230469 0.308594 0.218750 0.312500 0.214844 0.328125 0.214844 0.332031 0.210938 0.335938 0.210938 0.335938 0.203125 0.332031 0.203125 0.324219 0.195312 0.324219 0.191406
2 0.191406 0.128906 0.191406 0.148438 0.183594 0.156250 0.183594 0.164062 0.175781 0.171875 0.167969 0.171875 0.164062 0.175781 0.164062 0.179688 0.156250 0.187500 0.156250 0.191406 0.148438 0.199219 0.128906 0.199219 0.125000 0.195312 0.117188 0.195312 0.117188 0.207031 0.113281 0.210938 0.113281 0.222656 0.125000 0.222656 0.128906 0.226562 0.128906 0.242188 0.125000 0.246094 0.109375 0.246094 0.109375 0.261719 0.136719 0.261719 0.136719 0.242188 0.144531 0.234375 0.156250 0.234375 0.160156 0.230469 0.164062 0.230469 0.164062 0.226562 0.167969 0.222656 0.167969 0.218750 0.171875 0.214844 0.183594 0.214844 0.187500 0.210938 0.191406 0.210938 0.191406 0.203125 0.195312 0.199219 0.214844 0.199219 0.218750 0.195312 0.218750 0.175781 0.203125 0.175781 0.199219 0.171875 0.199219 0.128906
2 0.187500 0.058594 0.187500 0.078125 0.183594 0.082031 0.179688 0.082031 0.179688 0.093750 0.175781 0.097656 0.171875 0.097656 0.171875 0.105469 0.183594 0.105469 0.183594 0.097656 0.195312 0.085938 0.214844 0.085938 0.214844 0.070312 0.203125 0.070312 0.199219 0.066406 0.199219 0.062500 0.195312 0.058594
2 0.246094 0.019531 0.242188 0.023438 0.242188 0.031250 0.246094 0.035156 0.246094 0.058594 0.253906 0.066406 0.253906 0.085938 0.265625 0.085938 0.269531 0.089844 0.269531 0.109375 0.273438 0.113281 0.273438 0.121094 0.277344 0.125000 0.277344 0.156250 0.269531 0.164062 0.269531 0.171875 0.273438 0.171875 0.277344 0.175781 0.277344 0.179688 0.281250 0.179688 0.285156 0.183594 0.292969 0.183594 0.292969 0.167969 0.308594 0.152344 0.328125 0.152344 0.335938 0.160156 0.343750 0.160156 0.343750 0.152344 0.335938 0.144531 0.335938 0.121094 0.328125 0.121094 0.324219 0.117188 0.324219 0.070312 0.320312 0.070312 0.312500 0.062500 0.312500 0.054688 0.304688 0.046875 0.300781 0.046875 0.296875 0.042969 0.296875 0.039062 0.289062 0.031250 0.289062 0.027344 0.281250 0.027344 0.277344 0.023438 0.273438 0.023438 0.269531 0.019531
