2 0.488281 0.832031 0.488281 0.839844 0.492188 0.843750 0.492188 0.847656 0.496094 0.851562 0.523438 0.851562 0.527344 0.855469 0.542969 0.855469 0.546875 0.859375 0.574219 0.859375 0.574219 0.847656 0.546875 0.847656 0.542969 0.843750 0.542969 0.839844 0.527344 0.839844 0.523438 0.835938 0.515625 0.835938 0.511719 0.832031
2 0.828125 0.781250 0.828125 0.792969 0.839844 0.792969 0.839844 0.781250
2 0.519531 0.722656 0.519531 0.730469 0.531250 0.730469 0.531250 0.722656
2 0.882812 0.683594 0.882812 0.687500 0.878906 0.691406 0.875000 0.691406 0.875000 0.718750 0.894531 0.718750 0.898438 0.722656 0.898438 0.750000 0.914062 0.750000 0.917969 0.746094 0.921875 0.746094 0.921875 0.730469 0.917969 0.726562 0.906250 0.726562 0.902344 0.722656 0.902344 0.707031 0.906250 0.703125 0.914062 0.703125 0.914062 0.695312 0.910156 0.691406 0.894531 0.691406 0.890625 0.687500 0.890625 0.683594
2 0.316406 0.562500 0.316406 0.582031 0.320312 0.585938 0.320312 0.609375 0.316406 0.613281 0.316406 0.621094 0.324219 0.621094 0.324219 0.605469 0.328125 0.601562 0.339844 0.601562 0.339844 0.585938 0.343750 0.582031 0.343750 0.574219 0.339844 0.574219 0.335938 0.570312 0.335938 0.566406 0.328125 0.566406 0.324219 0.562500
2 0.632812 0.402344 0.632812 0.410156 0.640625 0.410156 0.640625 0.402344
2 0.628906 0.347656 0.625000 0.351562 0.625000 0.359375 0.632812 0.359375 0.636719 0.355469 0.636719 0.347656
2 0.699219 0.324219 0.699219 0.343750 0.703125 0.347656 0.703125 0.367188 0.710938 0.367188 0.710938 0.355469 0.707031 0.351562 0.707031 0.324219
2 0.652344 0.308594 0.648438 0.312500 0.648438 0.316406 0.644531 0.320312 0.644531 0.339844 0.652344 0.339844 0.656250 0.335938 0.656250 0.332031 0.660156 0.328125 0.664062 0.328125 0.664062 0.312500 0.660156 0.308594
2 0.730469 0.300781 0.730469 0.347656 0.734375 0.351562 0.738281 0.351562 0.742188 0.355469 0.742188 0.378906 0.750000 0.386719 0.750000 0.398438 0.757812 0.406250 0.757812 0.433594 0.753906 0.437500 0.753906 0.445312 0.750000 0.449219 0.750000 0.457031 0.742188 0.464844 0.742188 0.472656 0.750000 0.472656 0.753906 0.476562 0.753906 0.507812 0.769531 0.523438 0.769531 0.527344 0.773438 0.531250 0.773438 0.585938 0.792969 0.585938 0.796875 0.589844 0.796875 0.593750 0.804688 0.593750 0.808594 0.589844 0.812500 0.589844 0.816406 0.585938 0.847656 0.585938 0.851562 0.589844 0.863281 0.589844 0.867188 0.593750 0.867188 0.609375 0.863281 0.613281 0.863281 0.628906 0.886719 0.628906 0.890625 0.632812 0.910156 0.632812 0.914062 0.628906 0.917969 0.628906 0.921875 0.625000 0.925781 0.625000 0.929688 0.621094 0.933594 0.621094 0.933594 0.609375 0.925781 0.609375 0.921875 0.605469 0.890625 0.605469 0.886719 0.601562 0.886719 0.582031 0.890625 0.578125 0.917969 0.578125 0.925781 0.570312 0.925781 0.562500 0.921875 0.558594 0.921875 0.550781 0.917969 0.546875 0.917969 0.531250 0.914062 0.531250 0.906250 0.523438 0.906250 0.511719 0.902344 0.511719 0.898438 0.507812 0.898438 0.500000 0.894531 0.496094 0.894531 0.492188 0.890625 0.488281 0.890625 0.480469 0.878906 0.468750 0.878906 0.464844 0.875000 0.460938 0.863281 0.460938 0.859375 0.457031 0.859375 0.441406 0.847656 0.441406 0.843750 0.437500 0.843750 0.410156 0.839844 0.406250 0.824219 0.406250 0.824219 0.441406 0.820312 0.445312 0.785156 0.445312 0.781250 0.441406 0.781250 0.433594 0.777344 0.429688 0.777344 0.406250 0.785156 0.398438 0.812500 0.398438 0.812500 0.378906 0.816406 0.375000 0.820312 0.375000 0.820312 0.367188 0.808594 0.355469 0.808594 0.343750 0.800781 0.343750 0.796875 0.339844 0.796875 0.332031 0.792969 0.332031 0.789062 0.328125 0.789062 0.320312 0.769531 0.320312 0.765625 0.316406 0.765625 0.304688 0.757812 0.304688 0.753906 0.300781
2 0.199219 0.273438 0.199219 0.277344 0.195312 0.281250 0.195312 0.289062 0.207031 0.289062 0.210938 0.292969 0.218750 0.292969 0.222656 0.296875 0.222656 0.312500 0.218750 0.316406 0.199219 0.316406 0.199219 0.355469 0.203125 0.355469 0.207031 0.359375 0.207031 0.371094 0.222656 0.371094 0.226562 0.375000 0.226562 0.390625 0.238281 0.390625 0.238281 0.386719 0.242188 0.382812 0.242188 0.375000 0.246094 0.371094 0.273438 0.371094 0.277344 0.367188 0.285156 0.367188 0.285156 0.355469 0.281250 0.351562 0.277344 0.351562 0.273438 0.347656 0.269531 0.347656 0.265625 0.343750 0.265625 0.332031 0.261719 0.328125 0.261719 0.324219 0.250000 0.324219 0.246094 0.320312 0.246094 0.316406 0.242188 0.312500 0.242188 0.308594 0.238281 0.304688 0.238281 0.292969 0.230469 0.292969 0.226562 0.289062 0.226562 0.273438
2 0.726562 0.261719 0.722656 0.265625 0.703125 0.265625 0.699219 0.269531 0.683594 0.269531 0.683594 0.292969 0.726562 0.292969 0.726562 0.281250 0.730469 0.277344 0.738281 0.277344 0.738281 0.265625 0.734375 0.261719
2 0.437500 0.136719 0.437500 0.144531 0.445312 0.144531 0.445312 0.136719
2 0.550781 0.125000 0.550781 0.132812 0.546875 0.136719 0.527344 0.136719 0.527344 0.144531 0.539062 0.144531 0.542969 0.148438 0.542969 0.164062 0.535156 0.171875 0.519531 0.171875 0.515625 0.167969 0.507812 0.167969 0.503906 0.164062 0.500000 0.164062 0.496094 0.160156 0.496094 0.136719 0.488281 0.136719 0.488281 0.140625 0.480469 0.148438 0.457031 0.148438 0.457031 0.171875 0.453125 0.175781 0.445312 0.175781 0.441406 0.179688 0.441406 0.195312 0.437500 0.199219 0.429688 0.199219 0.429688 0.207031 0.425781 0.210938 0.410156 0.210938 0.406250 0.207031 0.394531 0.207031 0.390625 0.210938 0.371094 0.210938 0.367188 0.214844 0.359375 0.214844 0.359375 0.222656 0.355469 0.226562 0.351562 0.226562 0.351562 0.230469 0.347656 0.234375 0.347656 0.238281 0.343750 0.242188 0.328125 0.242188 0.324219 0.238281 0.324219 0.222656 0.320312 0.222656 0.316406 0.218750 0.312500 0.218750 0.308594 0.214844 0.308594 0.210938 0.304688 0.207031 0.304688 0.195312 0.300781 0.191406 0.300781 0.187500 0.285156 0.187500 0.281250 0.183594 0.281250 0.179688 0.277344 0.179688 0.269531 0.171875 0.269531 0.136719 0.257812 0.136719 0.257812 0.175781 0.253906 0.179688 0.253906 0.195312 0.257812 0.195312 0.261719 0.199219 0.261719 0.222656 0.257812 0.226562 0.242188 0.226562 0.238281 0.222656 0.238281 0.218750 0.234375 0.214844 0.226562 0.214844 0.222656 0.210938 0.222656 0.156250 0.218750 0.152344 0.210938 0.152344 0.203125 0.160156 0.203125 0.183594 0.199219 0.187500 0.199219 0.207031 0.203125 0.210938 0.203125 0.214844 0.222656 0.214844 0.226562 0.218750 0.226562 0.222656 0.230469 0.226562 0.230469 0.230469 0.234375 0.234375 0.234375 0.250000 0.238281 0.253906 0.238281 0.261719 0.257812 0.261719 0.261719 0.265625 0.261719 0.269531 0.265625 0.273438 0.273438 0.273438 0.273438 0.265625 0.269531 0.261719 0.269531 0.242188 0.273438 0.238281 0.285156 0.238281 0.292969 0.230469 0.312500 0.230469 0.320312 0.238281 0.320312 0.253906 0.316406 0.257812 0.312500 0.257812 0.312500 0.296875 0.316406 0.296875 0.320312 0.300781 0.320312 0.316406 0.312500 0.324219 0.312500 0.335938 0.320312 0.343750 0.339844 0.343750 0.343750 0.347656 0.343750 0.371094 0.335938 0.378906 0.328125 0.378906 0.324219 0.382812 0.320312 0.382812 0.316406 0.386719 0.312500 0.386719 0.312500 0.390625 0.308594 0.394531 0.308594 0.402344 0.304688 0.406250 0.281250 0.406250 0.277344 0.402344 0.277344 0.398438 0.269531 0.398438 0.269531 0.402344 0.265625 0.406250 0.265625 0.414062 0.269531 0.417969 0.269531 0.421875 0.296875 0.421875 0.300781 0.425781 0.320312 0.425781 0.324219 0.429688 0.328125 0.429688 0.332031 0.433594 0.332031 0.480469 0.328125 0.484375 0.320312 0.484375 0.320312 0.500000 0.316406 0.503906 0.312500 0.503906 0.312500 0.515625 0.316406 0.515625 0.320312 0.519531 0.320312 0.523438 0.339844 0.523438 0.347656 0.531250 0.355469 0.531250 0.359375 0.535156 0.359375 0.546875 0.363281 0.550781 0.367188 0.550781 0.371094 0.554688 0.371094 0.574219 0.367188 0.578125 0.367188 0.589844 0.375000 0.597656 0.375000 0.601562 0.382812 0.601562 0.382812 0.578125 0.378906 0.574219 0.378906 0.535156 0.382812 0.531250 0.410156 0.531250 0.414062 0.535156 0.429688 0.535156 0.433594 0.539062 0.433594 0.546875 0.437500 0.550781 0.437500 0.554688 0.441406 0.554688 0.449219 0.562500 0.449219 0.574219 0.453125 0.578125 0.457031 0.578125 0.460938 0.582031 0.460938 0.597656 0.453125 0.605469 0.445312 0.605469 0.445312 0.613281 0.437500 0.621094 0.429688 0.621094 0.429688 0.632812 0.437500 0.632812 0.441406 0.636719 0.441406 0.652344 0.437500 0.656250 0.437500 0.699219 0.441406 0.699219 0.449219 0.707031 0.449219 0.710938 0.464844 0.710938 0.472656 0.718750 0.472656 0.722656 0.488281 0.722656 0.488281 0.714844 0.492188 0.710938 0.511719 0.710938 0.511719 0.703125 0.515625 0.699219 0.519531 0.699219 0.523438 0.695312 0.550781 0.695312 0.554688 0.699219 0.570312 0.699219 0.574219 0.703125 0.574219 0.718750 0.578125 0.722656 0.578125 0.726562 0.585938 0.734375 0.585938 0.750000 0.582031 0.753906 0.582031 0.761719 0.601562 0.761719 0.605469 0.765625 0.605469 0.785156 0.613281 0.785156 0.613281 0.777344 0.609375 0.773438 0.609375 0.742188 0.613281 0.738281 0.628906 0.738281 0.632812 0.742188 0.644531 0.742188 0.648438 0.746094 0.648438 0.750000 0.652344 0.750000 0.656250 0.753906 0.656250 0.757812 0.660156 0.761719 0.660156 0.765625 0.664062 0.769531 0.664062 0.781250 0.667969 0.785156 0.667969 0.808594 0.671875 0.812500 0.691406 0.812500 0.695312 0.816406 0.695312 0.851562 0.714844 0.851562 0.714844 0.847656 0.718750 0.843750 0.722656 0.843750 0.730469 0.835938 0.730469 0.828125 0.722656 0.820312 0.722656 0.796875 0.726562 0.792969 0.750000 0.792969 0.753906 0.796875 0.769531 0.796875 0.773438 0.800781 0.773438 0.816406 0.777344 0.820312 0.777344 0.835938 0.773438 0.839844 0.769531 0.839844 0.769531 0.851562 0.777344 0.859375 0.777344 0.875000 0.773438 0.878906 0.750000 0.878906 0.750000 0.886719 0.746094 0.890625 0.734375 0.890625 0.734375 0.894531 0.726562 0.902344 0.726562 0.906250 0.722656 0.910156 0.722656 0.914062 0.718750 0.917969 0.714844 0.917969 0.714844 0.925781 0.718750 0.929688 0.718750 0.937500 0.765625 0.937500 0.769531 0.941406 0.781250 0.941406 0.785156 0.937500 0.789062 0.937500 0.792969 0.933594 0.808594 0.933594 0.812500 0.937500 0.812500 0.945312 0.824219 0.945312 0.828125 0.949219 0.828125 0.957031 0.835938 0.957031 0.835938 0.949219 0.828125 0.949219 0.824219 0.945312 0.824219 0.933594 0.812500 0.933594 0.808594 0.929688 0.808594 0.910156 0.792969 0.894531 0.792969 0.890625 0.789062 0.886719 0.789062 0.878906 0.785156 0.875000 0.785156 0.843750 0.789062 0.839844 0.792969 0.839844 0.792969 0.796875 0.773438 0.796875 0.769531 0.792969 0.769531 0.734375 0.773438 0.730469 0.773438 0.726562 0.777344 0.722656 0.777344 0.675781 0.773438 0.671875 0.773438 0.664062 0.765625 0.664062 0.765625 0.671875 0.761719 0.675781 0.761719 0.695312 0.757812 0.699219 0.746094 0.699219 0.746094 0.703125 0.742188 0.707031 0.726562 0.707031 0.714844 0.695312 0.707031 0.695312 0.703125 0.691406 0.703125 0.636719 0.699219 0.632812 0.695312 0.632812 0.691406 0.628906 0.691406 0.625000 0.687500 0.621094 0.687500 0.597656 0.683594 0.597656 0.679688 0.593750 0.675781 0.593750 0.671875 0.589844 0.660156 0.589844 0.656250 0.585938 0.656250 0.570312 0.640625 0.570312 0.636719 0.566406 0.636719 0.554688 0.632812 0.554688 0.628906 0.550781 0.628906 0.546875 0.625000 0.546875 0.621094 0.542969 0.609375 0.542969 0.605469 0.539062 0.605469 0.500000 0.609375 0.496094 0.609375 0.480469 0.605469 0.476562 0.601562 0.476562 0.597656 0.472656 0.597656 0.453125 0.605469 0.445312 0.605469 0.441406 0.609375 0.437500 0.617188 0.437500 0.617188 0.417969 0.609375 0.417969 0.601562 0.410156 0.593750 0.410156 0.589844 0.406250 0.585938 0.406250 0.582031 0.402344 0.574219 0.402344 0.570312 0.398438 0.570312 0.375000 0.574219 0.371094 0.578125 0.371094 0.578125 0.363281 0.574219 0.359375 0.574219 0.347656 0.570312 0.343750 0.570312 0.324219 0.566406 0.320312 0.566406 0.300781 0.570312 0.296875 0.582031 0.296875 0.582031 0.285156 0.589844 0.277344 0.593750 0.277344 0.593750 0.269531 0.585938 0.269531 0.578125 0.261719 0.578125 0.257812 0.570312 0.250000 0.570312 0.234375 0.574219 0.230469 0.585938 0.230469 0.585938 0.203125 0.589844 0.199219 0.605469 0.199219 0.609375 0.203125 0.609375 0.207031 0.617188 0.207031 0.617188 0.187500 0.621094 0.183594 0.628906 0.183594 0.628906 0.175781 0.632812 0.171875 0.640625 0.171875 0.640625 0.164062 0.628906 0.152344 0.625000 0.152344 0.621094 0.148438 0.613281 0.148438 0.609375 0.144531 0.601562 0.144531 0.597656 0.140625 0.593750 0.140625 0.589844 0.136719 0.582031 0.136719 0.578125 0.132812 0.574219 0.132812 0.570312 0.128906 0.562500 0.128906 0.558594 0.125000
