2 0.355469 0.847656 0.355469 0.894531 0.367188 0.894531 0.371094 0.898438 0.371094 0.914062 0.378906 0.914062 0.378906 0.902344 0.375000 0.902344 0.371094 0.898438 0.371094 0.847656
2 0.234375 0.773438 0.234375 0.785156 0.230469 0.789062 0.207031 0.789062 0.207031 0.804688 0.226562 0.804688 0.230469 0.800781 0.246094 0.800781 0.250000 0.804688 0.250000 0.816406 0.261719 0.816406 0.269531 0.824219 0.281250 0.824219 0.281250 0.804688 0.285156 0.800781 0.285156 0.792969 0.277344 0.792969 0.273438 0.789062 0.250000 0.789062 0.246094 0.785156 0.246094 0.773438
2 0.531250 0.750000 0.523438 0.757812 0.515625 0.757812 0.515625 0.765625 0.511719 0.769531 0.496094 0.769531 0.488281 0.761719 0.476562 0.761719 0.476562 0.769531 0.468750 0.777344 0.468750 0.781250 0.464844 0.785156 0.464844 0.789062 0.460938 0.792969 0.460938 0.796875 0.457031 0.800781 0.457031 0.808594 0.460938 0.812500 0.472656 0.812500 0.476562 0.808594 0.476562 0.804688 0.484375 0.796875 0.484375 0.785156 0.492188 0.777344 0.496094 0.777344 0.496094 0.773438 0.500000 0.769531 0.519531 0.769531 0.523438 0.773438 0.523438 0.777344 0.527344 0.781250 0.527344 0.792969 0.535156 0.800781 0.550781 0.800781 0.554688 0.804688 0.574219 0.804688 0.578125 0.800781 0.582031 0.800781 0.582031 0.792969 0.578125 0.792969 0.574219 0.789062 0.574219 0.781250 0.558594 0.781250 0.554688 0.777344 0.554688 0.769531 0.550781 0.765625 0.550781 0.757812 0.546875 0.753906 0.546875 0.750000
2 0.046875 0.703125 0.046875 0.718750 0.058594 0.730469 0.058594 0.734375 0.062500 0.738281 0.062500 0.765625 0.066406 0.769531 0.078125 0.769531 0.078125 0.757812 0.085938 0.750000 0.085938 0.746094 0.089844 0.742188 0.089844 0.734375 0.082031 0.726562 0.082031 0.718750 0.078125 0.718750 0.074219 0.714844 0.074219 0.710938 0.066406 0.703125
2 0.250000 0.687500 0.250000 0.699219 0.261719 0.710938 0.269531 0.710938 0.273438 0.714844 0.273438 0.722656 0.281250 0.722656 0.281250 0.691406 0.261719 0.691406 0.257812 0.687500
2 0.714844 0.601562 0.707031 0.609375 0.703125 0.609375 0.703125 0.617188 0.687500 0.632812 0.687500 0.652344 0.683594 0.656250 0.679688 0.656250 0.679688 0.667969 0.703125 0.667969 0.710938 0.675781 0.722656 0.675781 0.726562 0.671875 0.726562 0.652344 0.730469 0.648438 0.734375 0.648438 0.734375 0.640625 0.730469 0.636719 0.730469 0.621094 0.726562 0.617188 0.726562 0.609375 0.722656 0.605469 0.722656 0.601562
2 0.757812 0.582031 0.757812 0.589844 0.773438 0.589844 0.773438 0.582031
2 0.136719 0.562500 0.136719 0.574219 0.140625 0.578125 0.140625 0.585938 0.152344 0.597656 0.152344 0.601562 0.156250 0.605469 0.160156 0.605469 0.164062 0.609375 0.167969 0.609375 0.171875 0.613281 0.175781 0.613281 0.179688 0.617188 0.179688 0.625000 0.183594 0.625000 0.187500 0.628906 0.199219 0.628906 0.203125 0.632812 0.222656 0.632812 0.222656 0.621094 0.214844 0.621094 0.207031 0.613281 0.199219 0.613281 0.195312 0.609375 0.195312 0.605469 0.191406 0.601562 0.191406 0.597656 0.183594 0.597656 0.179688 0.593750 0.179688 0.582031 0.175781 0.578125 0.160156 0.578125 0.156250 0.574219 0.156250 0.570312 0.152344 0.566406 0.148438 0.566406 0.144531 0.562500
2 0.207031 0.546875 0.207031 0.582031 0.214844 0.582031 0.214844 0.566406 0.218750 0.562500 0.222656 0.562500 0.222656 0.550781 0.218750 0.550781 0.214844 0.546875
2 0.234375 0.519531 0.234375 0.527344 0.242188 0.527344 0.242188 0.519531
2 0.167969 0.511719 0.164062 0.515625 0.160156 0.515625 0.160156 0.527344 0.164062 0.527344 0.167969 0.531250 0.167969 0.539062 0.171875 0.542969 0.179688 0.542969 0.179688 0.531250 0.175781 0.527344 0.175781 0.511719
2 0.621094 0.460938 0.613281 0.468750 0.613281 0.488281 0.609375 0.492188 0.589844 0.492188 0.585938 0.488281 0.585938 0.480469 0.578125 0.480469 0.570312 0.488281 0.570312 0.500000 0.562500 0.507812 0.558594 0.507812 0.554688 0.511719 0.550781 0.511719 0.546875 0.515625 0.539062 0.515625 0.535156 0.519531 0.535156 0.527344 0.582031 0.527344 0.585938 0.531250 0.585938 0.562500 0.582031 0.566406 0.578125 0.566406 0.574219 0.570312 0.531250 0.570312 0.523438 0.562500 0.515625 0.562500 0.515625 0.566406 0.511719 0.570312 0.511719 0.578125 0.507812 0.582031 0.507812 0.593750 0.511719 0.597656 0.527344 0.597656 0.531250 0.601562 0.531250 0.605469 0.535156 0.605469 0.539062 0.609375 0.539062 0.613281 0.542969 0.617188 0.542969 0.621094 0.550781 0.621094 0.550781 0.617188 0.558594 0.609375 0.562500 0.609375 0.566406 0.605469 0.613281 0.605469 0.617188 0.601562 0.656250 0.601562 0.656250 0.582031 0.660156 0.578125 0.660156 0.570312 0.636719 0.570312 0.632812 0.566406 0.632812 0.562500 0.628906 0.558594 0.628906 0.535156 0.625000 0.531250 0.625000 0.515625 0.628906 0.511719 0.628906 0.496094 0.632812 0.492188 0.632812 0.476562 0.636719 0.472656 0.636719 0.464844 0.632812 0.460938
2 0.769531 0.449219 0.765625 0.453125 0.765625 0.480469 0.761719 0.484375 0.761719 0.496094 0.753906 0.503906 0.746094 0.503906 0.746094 0.511719 0.785156 0.511719 0.789062 0.507812 0.789062 0.500000 0.781250 0.492188 0.781250 0.460938 0.785156 0.457031 0.785156 0.449219
2 0.468750 0.367188 0.468750 0.375000 0.476562 0.375000 0.476562 0.367188
2 0.281250 0.246094 0.277344 0.250000 0.273438 0.250000 0.273438 0.257812 0.289062 0.257812 0.289062 0.246094
2 0.546875 0.175781 0.542969 0.179688 0.523438 0.179688 0.515625 0.187500 0.515625 0.195312 0.519531 0.199219 0.519531 0.214844 0.515625 0.218750 0.500000 0.218750 0.500000 0.226562 0.503906 0.230469 0.503906 0.234375 0.511719 0.242188 0.511719 0.261719 0.507812 0.265625 0.492188 0.265625 0.492188 0.269531 0.488281 0.273438 0.488281 0.281250 0.484375 0.285156 0.453125 0.285156 0.449219 0.281250 0.449219 0.277344 0.445312 0.273438 0.445312 0.257812 0.449219 0.253906 0.449219 0.234375 0.445312 0.230469 0.445312 0.199219 0.449219 0.195312 0.464844 0.195312 0.472656 0.203125 0.472656 0.207031 0.480469 0.214844 0.488281 0.214844 0.488281 0.203125 0.480469 0.195312 0.480469 0.191406 0.476562 0.187500 0.476562 0.183594 0.460938 0.183594 0.457031 0.179688 0.449219 0.179688 0.449219 0.183594 0.445312 0.187500 0.425781 0.187500 0.421875 0.183594 0.421875 0.179688 0.402344 0.179688 0.402344 0.187500 0.406250 0.191406 0.406250 0.207031 0.402344 0.210938 0.386719 0.210938 0.382812 0.207031 0.382812 0.203125 0.359375 0.203125 0.355469 0.199219 0.351562 0.199219 0.347656 0.195312 0.347656 0.191406 0.343750 0.191406 0.339844 0.187500 0.316406 0.187500 0.312500 0.191406 0.308594 0.191406 0.308594 0.199219 0.304688 0.203125 0.300781 0.203125 0.296875 0.207031 0.296875 0.210938 0.292969 0.214844 0.292969 0.226562 0.316406 0.226562 0.324219 0.234375 0.324219 0.250000 0.312500 0.261719 0.296875 0.261719 0.296875 0.277344 0.292969 0.281250 0.269531 0.281250 0.269531 0.296875 0.265625 0.300781 0.242188 0.300781 0.242188 0.304688 0.238281 0.308594 0.222656 0.308594 0.218750 0.304688 0.218750 0.296875 0.207031 0.296875 0.207031 0.312500 0.210938 0.316406 0.210938 0.324219 0.214844 0.328125 0.214844 0.335938 0.238281 0.335938 0.242188 0.339844 0.242188 0.359375 0.253906 0.359375 0.261719 0.367188 0.265625 0.367188 0.269531 0.371094 0.269531 0.375000 0.273438 0.378906 0.273438 0.382812 0.285156 0.382812 0.289062 0.378906 0.289062 0.375000 0.292969 0.371094 0.292969 0.359375 0.296875 0.355469 0.316406 0.355469 0.320312 0.359375 0.320312 0.375000 0.316406 0.378906 0.316406 0.398438 0.312500 0.402344 0.292969 0.402344 0.289062 0.406250 0.273438 0.406250 0.269531 0.402344 0.261719 0.402344 0.261719 0.414062 0.257812 0.417969 0.250000 0.417969 0.246094 0.421875 0.222656 0.421875 0.222656 0.437500 0.218750 0.441406 0.218750 0.449219 0.238281 0.449219 0.246094 0.441406 0.250000 0.441406 0.250000 0.433594 0.253906 0.429688 0.273438 0.429688 0.277344 0.433594 0.277344 0.437500 0.285156 0.437500 0.289062 0.441406 0.292969 0.441406 0.296875 0.445312 0.296875 0.460938 0.292969 0.464844 0.281250 0.464844 0.281250 0.468750 0.277344 0.472656 0.242188 0.472656 0.238281 0.476562 0.226562 0.476562 0.222656 0.480469 0.222656 0.492188 0.246094 0.492188 0.250000 0.496094 0.250000 0.511719 0.273438 0.511719 0.273438 0.496094 0.277344 0.492188 0.324219 0.492188 0.328125 0.496094 0.328125 0.515625 0.324219 0.519531 0.324219 0.535156 0.320312 0.539062 0.300781 0.539062 0.292969 0.531250 0.292969 0.523438 0.277344 0.523438 0.277344 0.531250 0.273438 0.535156 0.269531 0.535156 0.269531 0.542969 0.265625 0.546875 0.253906 0.546875 0.250000 0.550781 0.250000 0.558594 0.246094 0.562500 0.246094 0.566406 0.242188 0.570312 0.238281 0.570312 0.238281 0.589844 0.277344 0.589844 0.277344 0.574219 0.281250 0.570312 0.285156 0.570312 0.285156 0.562500 0.289062 0.558594 0.304688 0.558594 0.308594 0.562500 0.312500 0.562500 0.320312 0.570312 0.320312 0.593750 0.316406 0.597656 0.308594 0.597656 0.308594 0.613281 0.316406 0.613281 0.320312 0.617188 0.320312 0.636719 0.324219 0.640625 0.324219 0.656250 0.320312 0.660156 0.316406 0.660156 0.316406 0.671875 0.324219 0.671875 0.328125 0.675781 0.328125 0.691406 0.320312 0.699219 0.320312 0.726562 0.316406 0.730469 0.296875 0.730469 0.296875 0.738281 0.300781 0.738281 0.312500 0.750000 0.324219 0.750000 0.328125 0.753906 0.332031 0.753906 0.335938 0.757812 0.335938 0.765625 0.355469 0.765625 0.359375 0.769531 0.359375 0.785156 0.363281 0.789062 0.367188 0.789062 0.371094 0.792969 0.371094 0.796875 0.378906 0.796875 0.378906 0.765625 0.382812 0.761719 0.382812 0.750000 0.378906 0.746094 0.378906 0.742188 0.375000 0.738281 0.375000 0.730469 0.371094 0.730469 0.367188 0.726562 0.367188 0.699219 0.363281 0.695312 0.363281 0.683594 0.359375 0.679688 0.359375 0.652344 0.363281 0.648438 0.367188 0.648438 0.371094 0.644531 0.371094 0.621094 0.367188 0.617188 0.367188 0.609375 0.351562 0.609375 0.351562 0.625000 0.347656 0.628906 0.324219 0.628906 0.320312 0.625000 0.320312 0.589844 0.324219 0.585938 0.332031 0.585938 0.335938 0.582031 0.339844 0.582031 0.339844 0.574219 0.343750 0.570312 0.355469 0.570312 0.355469 0.562500 0.347656 0.554688 0.335938 0.554688 0.332031 0.550781 0.332031 0.535156 0.335938 0.531250 0.347656 0.531250 0.347656 0.527344 0.351562 0.523438 0.382812 0.523438 0.390625 0.531250 0.394531 0.531250 0.414062 0.550781 0.414062 0.554688 0.421875 0.554688 0.425781 0.558594 0.425781 0.566406 0.429688 0.570312 0.429688 0.578125 0.441406 0.589844 0.441406 0.597656 0.445312 0.601562 0.453125 0.601562 0.457031 0.597656 0.457031 0.578125 0.460938 0.574219 0.460938 0.562500 0.457031 0.558594 0.457031 0.523438 0.460938 0.519531 0.476562 0.519531 0.480469 0.515625 0.480469 0.503906 0.476562 0.500000 0.476562 0.492188 0.468750 0.484375 0.468750 0.445312 0.472656 0.441406 0.503906 0.441406 0.507812 0.437500 0.511719 0.437500 0.527344 0.421875 0.531250 0.421875 0.542969 0.410156 0.546875 0.410156 0.546875 0.398438 0.542969 0.394531 0.542969 0.375000 0.539062 0.375000 0.535156 0.371094 0.527344 0.371094 0.527344 0.375000 0.523438 0.378906 0.523438 0.382812 0.519531 0.386719 0.519531 0.402344 0.515625 0.406250 0.511719 0.406250 0.507812 0.410156 0.492188 0.410156 0.488281 0.406250 0.488281 0.398438 0.468750 0.398438 0.464844 0.394531 0.464844 0.386719 0.457031 0.386719 0.453125 0.390625 0.437500 0.390625 0.433594 0.386719 0.433594 0.378906 0.429688 0.378906 0.425781 0.375000 0.425781 0.355469 0.417969 0.355469 0.417969 0.402344 0.414062 0.406250 0.398438 0.406250 0.398438 0.429688 0.394531 0.433594 0.382812 0.433594 0.371094 0.445312 0.351562 0.445312 0.339844 0.433594 0.339844 0.429688 0.335938 0.425781 0.335938 0.398438 0.332031 0.394531 0.332031 0.371094 0.335938 0.367188 0.335938 0.359375 0.339844 0.355469 0.339844 0.320312 0.335938 0.316406 0.332031 0.316406 0.328125 0.312500 0.328125 0.296875 0.332031 0.292969 0.339844 0.292969 0.339844 0.269531 0.343750 0.265625 0.343750 0.242188 0.347656 0.238281 0.347656 0.222656 0.351562 0.218750 0.367188 0.218750 0.371094 0.222656 0.382812 0.222656 0.386719 0.226562 0.390625 0.226562 0.406250 0.242188 0.406250 0.265625 0.429688 0.265625 0.433594 0.269531 0.433594 0.273438 0.437500 0.273438 0.441406 0.277344 0.441406 0.300781 0.445312 0.304688 0.445312 0.335938 0.449219 0.339844 0.460938 0.339844 0.464844 0.343750 0.492188 0.343750 0.496094 0.339844 0.496094 0.316406 0.500000 0.312500 0.527344 0.312500 0.531250 0.316406 0.550781 0.316406 0.554688 0.320312 0.566406 0.320312 0.570312 0.316406 0.570312 0.312500 0.574219 0.308594 0.574219 0.304688 0.585938 0.292969 0.589844 0.292969 0.589844 0.261719 0.597656 0.253906 0.597656 0.246094 0.578125 0.246094 0.570312 0.238281 0.566406 0.238281 0.562500 0.234375 0.542969 0.234375 0.539062 0.230469 0.539062 0.214844 0.542969 0.210938 0.546875 0.210938 0.550781 0.207031 0.550781 0.203125 0.558594 0.195312 0.558594 0.175781
