2 0.457031 0.859375 0.457031 0.867188 0.453125 0.871094 0.437500 0.871094 0.437500 0.882812 0.445312 0.882812 0.449219 0.886719 0.453125 0.886719 0.457031 0.890625 0.457031 0.894531 0.472656 0.894531 0.476562 0.890625 0.476562 0.878906 0.472656 0.875000 0.468750 0.875000 0.464844 0.871094 0.464844 0.859375
2 0.855469 0.804688 0.855469 0.812500 0.863281 0.812500 0.863281 0.804688
2 0.250000 0.789062 0.250000 0.812500 0.261719 0.812500 0.261719 0.789062
2 0.167969 0.773438 0.167969 0.781250 0.171875 0.781250 0.175781 0.785156 0.175781 0.789062 0.179688 0.792969 0.187500 0.792969 0.191406 0.796875 0.199219 0.796875 0.203125 0.800781 0.222656 0.800781 0.222656 0.792969 0.214844 0.792969 0.210938 0.789062 0.195312 0.789062 0.191406 0.785156 0.187500 0.785156 0.179688 0.777344 0.179688 0.773438
2 0.906250 0.746094 0.906250 0.753906 0.898438 0.761719 0.898438 0.769531 0.906250 0.769531 0.917969 0.757812 0.917969 0.746094
2 0.929688 0.687500 0.929688 0.699219 0.937500 0.699219 0.937500 0.687500
2 0.921875 0.656250 0.921875 0.664062 0.929688 0.664062 0.929688 0.656250
2 0.101562 0.605469 0.093750 0.613281 0.093750 0.621094 0.105469 0.632812 0.105469 0.636719 0.109375 0.640625 0.117188 0.640625 0.121094 0.644531 0.121094 0.648438 0.125000 0.652344 0.125000 0.664062 0.128906 0.664062 0.132812 0.667969 0.148438 0.667969 0.156250 0.675781 0.160156 0.675781 0.164062 0.679688 0.164062 0.691406 0.171875 0.699219 0.171875 0.718750 0.183594 0.718750 0.187500 0.714844 0.222656 0.714844 0.238281 0.730469 0.238281 0.746094 0.273438 0.746094 0.277344 0.750000 0.289062 0.750000 0.292969 0.753906 0.300781 0.753906 0.300781 0.746094 0.296875 0.742188 0.292969 0.742188 0.285156 0.734375 0.285156 0.722656 0.277344 0.722656 0.269531 0.730469 0.269531 0.734375 0.265625 0.738281 0.250000 0.738281 0.242188 0.730469 0.242188 0.714844 0.234375 0.707031 0.234375 0.687500 0.222656 0.687500 0.222656 0.691406 0.218750 0.695312 0.203125 0.695312 0.199219 0.691406 0.199219 0.687500 0.195312 0.683594 0.195312 0.679688 0.187500 0.671875 0.187500 0.660156 0.183594 0.660156 0.179688 0.656250 0.175781 0.656250 0.171875 0.652344 0.152344 0.652344 0.148438 0.648438 0.148438 0.636719 0.144531 0.632812 0.140625 0.632812 0.132812 0.625000 0.128906 0.625000 0.121094 0.617188 0.121094 0.609375 0.117188 0.605469
2 0.167969 0.507812 0.167969 0.519531 0.171875 0.519531 0.183594 0.531250 0.183594 0.535156 0.187500 0.539062 0.187500 0.542969 0.191406 0.542969 0.195312 0.546875 0.195312 0.566406 0.199219 0.566406 0.203125 0.570312 0.203125 0.574219 0.207031 0.574219 0.210938 0.578125 0.210938 0.585938 0.214844 0.585938 0.218750 0.589844 0.230469 0.589844 0.238281 0.597656 0.246094 0.597656 0.250000 0.601562 0.250000 0.605469 0.277344 0.605469 0.281250 0.609375 0.281250 0.628906 0.285156 0.632812 0.285156 0.636719 0.304688 0.636719 0.304688 0.613281 0.312500 0.605469 0.316406 0.605469 0.316406 0.593750 0.312500 0.589844 0.292969 0.589844 0.289062 0.593750 0.277344 0.593750 0.273438 0.597656 0.253906 0.597656 0.250000 0.593750 0.250000 0.589844 0.246094 0.589844 0.238281 0.582031 0.238281 0.578125 0.226562 0.578125 0.218750 0.570312 0.218750 0.566406 0.214844 0.562500 0.214844 0.546875 0.210938 0.542969 0.210938 0.539062 0.199219 0.527344 0.195312 0.527344 0.191406 0.523438 0.191406 0.515625 0.187500 0.515625 0.183594 0.511719 0.183594 0.507812
2 0.933594 0.457031 0.933594 0.468750 0.929688 0.472656 0.910156 0.472656 0.906250 0.476562 0.902344 0.476562 0.902344 0.488281 0.925781 0.488281 0.929688 0.492188 0.929688 0.503906 0.933594 0.503906 0.937500 0.507812 0.937500 0.523438 0.949219 0.523438 0.953125 0.527344 0.960938 0.527344 0.960938 0.511719 0.957031 0.507812 0.953125 0.507812 0.945312 0.500000 0.945312 0.457031
2 0.378906 0.421875 0.378906 0.429688 0.390625 0.429688 0.390625 0.421875
2 0.347656 0.406250 0.347656 0.417969 0.359375 0.417969 0.359375 0.410156 0.355469 0.406250
2 0.417969 0.300781 0.417969 0.308594 0.425781 0.308594 0.425781 0.300781
2 0.375000 0.285156 0.375000 0.304688 0.371094 0.308594 0.367188 0.308594 0.367188 0.312500 0.363281 0.316406 0.363281 0.324219 0.359375 0.328125 0.339844 0.328125 0.335938 0.324219 0.332031 0.324219 0.328125 0.320312 0.312500 0.320312 0.312500 0.328125 0.308594 0.332031 0.308594 0.339844 0.300781 0.347656 0.300781 0.363281 0.304688 0.367188 0.304688 0.375000 0.308594 0.375000 0.312500 0.378906 0.312500 0.386719 0.316406 0.386719 0.320312 0.390625 0.320312 0.394531 0.328125 0.394531 0.328125 0.386719 0.332031 0.382812 0.335938 0.382812 0.335938 0.378906 0.339844 0.375000 0.347656 0.375000 0.347656 0.359375 0.359375 0.347656 0.359375 0.332031 0.363281 0.328125 0.375000 0.328125 0.378906 0.324219 0.378906 0.316406 0.382812 0.312500 0.386719 0.312500 0.390625 0.308594 0.390625 0.296875 0.386719 0.296875 0.382812 0.292969 0.382812 0.285156
2 0.187500 0.253906 0.187500 0.261719 0.195312 0.261719 0.195312 0.253906
2 0.312500 0.207031 0.312500 0.214844 0.320312 0.214844 0.320312 0.207031
2 0.269531 0.171875 0.261719 0.179688 0.261719 0.187500 0.265625 0.191406 0.265625 0.222656 0.261719 0.226562 0.253906 0.226562 0.250000 0.230469 0.250000 0.246094 0.246094 0.250000 0.218750 0.250000 0.218750 0.257812 0.230469 0.257812 0.234375 0.253906 0.265625 0.253906 0.265625 0.238281 0.269531 0.234375 0.273438 0.234375 0.273438 0.207031 0.277344 0.203125 0.292969 0.203125 0.292969 0.195312 0.285156 0.187500 0.285156 0.183594 0.277344 0.175781 0.277344 0.171875
2 0.640625 0.148438 0.632812 0.156250 0.625000 0.156250 0.621094 0.160156 0.613281 0.160156 0.613281 0.207031 0.617188 0.207031 0.628906 0.218750 0.636719 0.218750 0.640625 0.222656 0.640625 0.226562 0.644531 0.230469 0.648438 0.230469 0.652344 0.234375 0.652344 0.246094 0.656250 0.250000 0.656250 0.253906 0.664062 0.253906 0.671875 0.261719 0.687500 0.261719 0.691406 0.265625 0.691406 0.273438 0.695312 0.273438 0.699219 0.277344 0.699219 0.292969 0.695312 0.296875 0.675781 0.296875 0.671875 0.292969 0.667969 0.292969 0.660156 0.285156 0.652344 0.285156 0.652344 0.292969 0.648438 0.296875 0.628906 0.296875 0.625000 0.292969 0.625000 0.281250 0.617188 0.281250 0.617188 0.285156 0.613281 0.289062 0.605469 0.289062 0.605469 0.292969 0.601562 0.296875 0.574219 0.296875 0.574219 0.304688 0.570312 0.308594 0.570312 0.335938 0.566406 0.339844 0.519531 0.339844 0.515625 0.343750 0.500000 0.343750 0.496094 0.339844 0.496094 0.316406 0.500000 0.312500 0.500000 0.296875 0.492188 0.296875 0.488281 0.300781 0.488281 0.316406 0.484375 0.320312 0.484375 0.332031 0.488281 0.335938 0.488281 0.343750 0.492188 0.347656 0.492188 0.375000 0.496094 0.375000 0.500000 0.378906 0.503906 0.378906 0.507812 0.382812 0.507812 0.398438 0.503906 0.402344 0.503906 0.414062 0.515625 0.414062 0.519531 0.417969 0.519531 0.437500 0.515625 0.441406 0.492188 0.441406 0.488281 0.437500 0.488281 0.433594 0.480469 0.433594 0.476562 0.429688 0.476562 0.425781 0.472656 0.425781 0.468750 0.421875 0.468750 0.414062 0.464844 0.410156 0.457031 0.410156 0.449219 0.417969 0.449219 0.453125 0.441406 0.460938 0.410156 0.460938 0.410156 0.464844 0.406250 0.468750 0.398438 0.468750 0.398438 0.476562 0.402344 0.480469 0.402344 0.500000 0.394531 0.507812 0.390625 0.507812 0.390625 0.523438 0.386719 0.527344 0.371094 0.527344 0.367188 0.531250 0.347656 0.531250 0.343750 0.527344 0.343750 0.523438 0.339844 0.519531 0.339844 0.507812 0.335938 0.507812 0.332031 0.503906 0.332031 0.496094 0.320312 0.496094 0.312500 0.488281 0.312500 0.460938 0.316406 0.457031 0.328125 0.457031 0.328125 0.449219 0.335938 0.441406 0.343750 0.441406 0.343750 0.429688 0.335938 0.429688 0.328125 0.437500 0.324219 0.437500 0.320312 0.441406 0.312500 0.441406 0.312500 0.449219 0.308594 0.453125 0.292969 0.453125 0.289062 0.457031 0.289062 0.472656 0.285156 0.476562 0.277344 0.476562 0.277344 0.480469 0.273438 0.484375 0.273438 0.496094 0.281250 0.496094 0.285156 0.500000 0.296875 0.500000 0.300781 0.503906 0.300781 0.507812 0.304688 0.511719 0.308594 0.511719 0.312500 0.515625 0.312500 0.519531 0.324219 0.519531 0.328125 0.523438 0.332031 0.523438 0.335938 0.527344 0.335938 0.531250 0.339844 0.531250 0.343750 0.535156 0.343750 0.546875 0.359375 0.546875 0.363281 0.550781 0.363281 0.574219 0.371094 0.582031 0.378906 0.582031 0.378906 0.578125 0.382812 0.574219 0.398438 0.574219 0.402344 0.578125 0.402344 0.605469 0.406250 0.609375 0.406250 0.628906 0.398438 0.636719 0.398438 0.664062 0.394531 0.667969 0.390625 0.667969 0.390625 0.671875 0.386719 0.675781 0.386719 0.679688 0.378906 0.687500 0.375000 0.687500 0.375000 0.691406 0.367188 0.699219 0.351562 0.699219 0.347656 0.695312 0.347656 0.664062 0.351562 0.660156 0.351562 0.644531 0.339844 0.644531 0.339844 0.667969 0.335938 0.671875 0.324219 0.671875 0.320312 0.675781 0.316406 0.675781 0.316406 0.687500 0.320312 0.691406 0.324219 0.691406 0.332031 0.699219 0.332031 0.718750 0.343750 0.718750 0.347656 0.714844 0.347656 0.710938 0.351562 0.707031 0.367188 0.707031 0.371094 0.710938 0.371094 0.769531 0.363281 0.777344 0.363281 0.785156 0.359375 0.789062 0.359375 0.796875 0.355469 0.800781 0.355469 0.804688 0.351562 0.808594 0.351562 0.816406 0.347656 0.820312 0.347656 0.828125 0.343750 0.832031 0.343750 0.843750 0.359375 0.843750 0.363281 0.847656 0.363281 0.878906 0.375000 0.878906 0.378906 0.882812 0.378906 0.906250 0.382812 0.910156 0.398438 0.910156 0.402344 0.914062 0.402344 0.917969 0.406250 0.921875 0.414062 0.921875 0.417969 0.925781 0.425781 0.925781 0.429688 0.929688 0.433594 0.929688 0.437500 0.933594 0.437500 0.937500 0.445312 0.937500 0.449219 0.941406 0.453125 0.941406 0.460938 0.949219 0.472656 0.949219 0.476562 0.945312 0.503906 0.945312 0.503906 0.937500 0.500000 0.937500 0.496094 0.933594 0.488281 0.933594 0.484375 0.937500 0.468750 0.937500 0.464844 0.933594 0.460938 0.933594 0.449219 0.921875 0.441406 0.921875 0.433594 0.914062 0.429688 0.914062 0.425781 0.910156 0.414062 0.910156 0.410156 0.906250 0.406250 0.906250 0.402344 0.902344 0.402344 0.886719 0.406250 0.882812 0.410156 0.882812 0.410156 0.875000 0.390625 0.875000 0.382812 0.867188 0.382812 0.863281 0.378906 0.859375 0.367188 0.859375 0.363281 0.855469 0.363281 0.839844 0.367188 0.835938 0.367188 0.820312 0.378906 0.808594 0.378906 0.800781 0.382812 0.796875 0.398438 0.796875 0.402344 0.800781 0.402344 0.808594 0.410156 0.808594 0.414062 0.804688 0.421875 0.804688 0.425781 0.800781 0.449219 0.800781 0.453125 0.804688 0.484375 0.804688 0.484375 0.796875 0.488281 0.792969 0.511719 0.792969 0.511719 0.789062 0.515625 0.785156 0.535156 0.785156 0.535156 0.777344 0.539062 0.773438 0.566406 0.773438 0.570312 0.769531 0.597656 0.769531 0.601562 0.773438 0.601562 0.789062 0.597656 0.792969 0.597656 0.812500 0.601562 0.812500 0.605469 0.816406 0.605469 0.832031 0.597656 0.839844 0.593750 0.839844 0.589844 0.843750 0.585938 0.843750 0.585938 0.851562 0.582031 0.855469 0.574219 0.855469 0.574219 0.878906 0.566406 0.886719 0.542969 0.886719 0.539062 0.882812 0.539062 0.855469 0.542969 0.851562 0.546875 0.851562 0.550781 0.847656 0.550781 0.835938 0.554688 0.832031 0.554688 0.828125 0.558594 0.824219 0.566406 0.824219 0.566406 0.820312 0.570312 0.816406 0.570312 0.808594 0.566406 0.804688 0.558594 0.804688 0.558594 0.808594 0.554688 0.812500 0.542969 0.812500 0.542969 0.835938 0.535156 0.843750 0.535156 0.847656 0.531250 0.851562 0.523438 0.851562 0.519531 0.855469 0.515625 0.855469 0.515625 0.882812 0.519531 0.882812 0.523438 0.886719 0.523438 0.890625 0.542969 0.890625 0.546875 0.894531 0.554688 0.894531 0.558594 0.898438 0.558594 0.937500 0.554688 0.941406 0.542969 0.941406 0.542969 0.949219 0.554688 0.949219 0.558594 0.953125 0.617188 0.953125 0.617188 0.949219 0.621094 0.945312 0.664062 0.945312 0.667969 0.941406 0.683594 0.941406 0.687500 0.937500 0.699219 0.937500 0.703125 0.933594 0.722656 0.933594 0.722656 0.929688 0.726562 0.925781 0.734375 0.925781 0.734375 0.917969 0.730469 0.914062 0.722656 0.914062 0.718750 0.917969 0.714844 0.917969 0.710938 0.921875 0.707031 0.921875 0.703125 0.925781 0.691406 0.925781 0.687500 0.929688 0.664062 0.929688 0.660156 0.925781 0.660156 0.902344 0.652344 0.902344 0.652344 0.910156 0.656250 0.910156 0.660156 0.914062 0.660156 0.929688 0.656250 0.933594 0.621094 0.933594 0.617188 0.929688 0.609375 0.929688 0.605469 0.925781 0.605469 0.902344 0.601562 0.898438 0.601562 0.878906 0.605469 0.875000 0.648438 0.875000 0.648438 0.871094 0.656250 0.863281 0.660156 0.863281 0.664062 0.859375 0.675781 0.859375 0.675781 0.855469 0.679688 0.851562 0.679688 0.847656 0.683594 0.843750 0.683594 0.839844 0.687500 0.835938 0.703125 0.835938 0.710938 0.843750 0.710938 0.855469 0.738281 0.855469 0.742188 0.851562 0.753906 0.851562 0.753906 0.839844 0.757812 0.835938 0.773438 0.835938 0.777344 0.839844 0.789062 0.839844 0.792969 0.835938 0.796875 0.835938 0.796875 0.820312 0.800781 0.816406 0.808594 0.816406 0.812500 0.812500 0.816406 0.812500 0.820312 0.808594 0.828125 0.808594 0.828125 0.804688 0.835938 0.796875 0.847656 0.796875 0.847656 0.785156 0.851562 0.781250 0.859375 0.781250 0.859375 0.773438 0.828125 0.773438 0.824219 0.769531 0.824219 0.753906 0.828125 0.750000 0.828125 0.738281 0.832031 0.734375 0.871094 0.734375 0.875000 0.730469 0.882812 0.730469 0.886719 0.726562 0.890625 0.726562 0.890625 0.710938 0.894531 0.707031 0.894531 0.695312 0.898438 0.691406 0.902344 0.691406 0.906250 0.687500 0.906250 0.671875 0.890625 0.671875 0.886719 0.667969 0.886719 0.652344 0.902344 0.636719 0.906250 0.636719 0.910156 0.632812 0.914062 0.632812 0.917969 0.628906 0.917969 0.621094 0.921875 0.617188 0.925781 0.617188 0.929688 0.613281 0.929688 0.605469 0.933594 0.601562 0.933594 0.585938 0.937500 0.582031 0.941406 0.582031 0.941406 0.570312 0.933594 0.570312 0.929688 0.566406 0.929688 0.531250 0.921875 0.531250 0.921875 0.539062 0.914062 0.546875 0.910156 0.546875 0.910156 0.566406 0.906250 0.570312 0.906250 0.574219 0.898438 0.582031 0.898438 0.593750 0.894531 0.597656 0.890625 0.597656 0.886719 0.601562 0.871094 0.601562 0.867188 0.605469 0.863281 0.605469 0.863281 0.613281 0.867188 0.617188 0.867188 0.640625 0.863281 0.644531 0.859375 0.644531 0.855469 0.648438 0.855469 0.656250 0.851562 0.660156 0.847656 0.660156 0.843750 0.664062 0.835938 0.664062 0.835938 0.679688 0.832031 0.683594 0.828125 0.683594 0.824219 0.687500 0.824219 0.691406 0.820312 0.695312 0.808594 0.695312 0.808594 0.722656 0.800781 0.730469 0.777344 0.730469 0.773438 0.726562 0.757812 0.726562 0.757812 0.730469 0.753906 0.734375 0.753906 0.757812 0.757812 0.761719 0.757812 0.781250 0.750000 0.789062 0.746094 0.789062 0.742188 0.792969 0.734375 0.792969 0.730469 0.796875 0.730469 0.800781 0.726562 0.804688 0.707031 0.804688 0.707031 0.816406 0.703125 0.820312 0.687500 0.820312 0.683594 0.816406 0.683594 0.800781 0.687500 0.796875 0.687500 0.785156 0.683594 0.785156 0.675781 0.777344 0.671875 0.777344 0.667969 0.773438 0.667969 0.757812 0.675781 0.750000 0.675781 0.742188 0.679688 0.738281 0.683594 0.738281 0.687500 0.734375 0.695312 0.734375 0.695312 0.730469 0.703125 0.722656 0.722656 0.722656 0.722656 0.718750 0.726562 0.714844 0.726562 0.699219 0.730469 0.695312 0.730469 0.687500 0.726562 0.683594 0.714844 0.683594 0.710938 0.679688 0.691406 0.679688 0.687500 0.675781 0.671875 0.675781 0.667969 0.671875 0.667969 0.648438 0.671875 0.644531 0.675781 0.644531 0.675781 0.636719 0.679688 0.632812 0.707031 0.632812 0.710938 0.628906 0.738281 0.628906 0.738281 0.625000 0.742188 0.621094 0.761719 0.621094 0.761719 0.601562 0.765625 0.597656 0.796875 0.597656 0.796875 0.593750 0.800781 0.589844 0.812500 0.589844 0.816406 0.585938 0.820312 0.585938 0.820312 0.578125 0.824219 0.574219 0.824219 0.562500 0.816406 0.554688 0.816406 0.527344 0.820312 0.523438 0.839844 0.523438 0.839844 0.500000 0.843750 0.496094 0.851562 0.496094 0.851562 0.488281 0.855469 0.484375 0.855469 0.472656 0.859375 0.468750 0.867188 0.468750 0.867188 0.464844 0.871094 0.460938 0.875000 0.460938 0.882812 0.453125 0.886719 0.453125 0.890625 0.449219 0.921875 0.449219 0.921875 0.437500 0.917969 0.433594 0.917969 0.421875 0.906250 0.421875 0.906250 0.437500 0.902344 0.441406 0.886719 0.441406 0.878906 0.433594 0.878906 0.410156 0.882812 0.406250 0.894531 0.406250 0.894531 0.398438 0.898438 0.394531 0.902344 0.394531 0.902344 0.390625 0.906250 0.386719 0.906250 0.378906 0.902344 0.375000 0.902344 0.363281 0.894531 0.355469 0.894531 0.351562 0.890625 0.347656 0.890625 0.332031 0.886719 0.328125 0.886719 0.320312 0.882812 0.316406 0.882812 0.304688 0.871094 0.292969 0.828125 0.292969 0.824219 0.289062 0.824219 0.277344 0.820312 0.273438 0.816406 0.273438 0.812500 0.269531 0.812500 0.257812 0.800781 0.257812 0.800781 0.281250 0.792969 0.289062 0.789062 0.289062 0.785156 0.292969 0.769531 0.292969 0.765625 0.289062 0.765625 0.269531 0.769531 0.265625 0.773438 0.265625 0.773438 0.246094 0.769531 0.246094 0.765625 0.242188 0.757812 0.242188 0.753906 0.238281 0.734375 0.238281 0.730469 0.234375 0.730469 0.230469 0.718750 0.230469 0.714844 0.226562 0.714844 0.210938 0.707031 0.210938 0.699219 0.203125 0.699219 0.183594 0.687500 0.183594 0.675781 0.171875 0.675781 0.167969 0.671875 0.164062 0.660156 0.164062 0.656250 0.160156 0.652344 0.160156 0.648438 0.156250 0.648438 0.148438
2 0.578125 0.128906 0.574219 0.132812 0.570312 0.132812 0.570312 0.140625 0.566406 0.144531 0.554688 0.144531 0.550781 0.148438 0.542969 0.148438 0.535156 0.156250 0.535156 0.160156 0.531250 0.164062 0.511719 0.164062 0.507812 0.160156 0.507812 0.156250 0.488281 0.156250 0.488281 0.175781 0.496094 0.183594 0.496094 0.203125 0.492188 0.207031 0.484375 0.207031 0.480469 0.210938 0.464844 0.210938 0.460938 0.214844 0.445312 0.214844 0.437500 0.207031 0.437500 0.203125 0.429688 0.203125 0.429688 0.207031 0.421875 0.214844 0.421875 0.222656 0.449219 0.222656 0.453125 0.226562 0.453125 0.242188 0.449219 0.246094 0.449219 0.261719 0.445312 0.265625 0.445312 0.273438 0.453125 0.273438 0.457031 0.269531 0.492188 0.269531 0.496094 0.273438 0.503906 0.273438 0.503906 0.261719 0.496094 0.261719 0.492188 0.257812 0.492188 0.234375 0.496094 0.230469 0.511719 0.230469 0.515625 0.234375 0.515625 0.238281 0.523438 0.238281 0.523438 0.230469 0.500000 0.230469 0.496094 0.226562 0.496094 0.191406 0.500000 0.187500 0.503906 0.187500 0.507812 0.183594 0.507812 0.179688 0.511719 0.175781 0.527344 0.175781 0.531250 0.171875 0.550781 0.171875 0.550781 0.164062 0.554688 0.160156 0.570312 0.160156 0.570312 0.144531 0.574219 0.140625 0.578125 0.140625 0.582031 0.136719 0.585938 0.136719 0.585938 0.128906
2 0.597656 0.062500 0.593750 0.066406 0.578125 0.066406 0.578125 0.074219 0.593750 0.074219 0.597656 0.078125 0.597656 0.093750 0.593750 0.097656 0.593750 0.113281 0.605469 0.113281 0.613281 0.121094 0.621094 0.121094 0.621094 0.109375 0.617188 0.105469 0.617188 0.062500
2 0.480469 0.000000 0.480469 0.007812 0.472656 0.015625 0.460938 0.015625 0.460938 0.019531 0.457031 0.023438 0.457031 0.031250 0.464844 0.031250 0.468750 0.035156 0.476562 0.035156 0.480469 0.039062 0.480469 0.042969 0.488281 0.042969 0.492188 0.046875 0.503906 0.046875 0.507812 0.050781 0.507812 0.058594 0.515625 0.058594 0.519531 0.054688 0.535156 0.054688 0.539062 0.058594 0.539062 0.062500 0.558594 0.062500 0.558594 0.054688 0.554688 0.050781 0.550781 0.050781 0.546875 0.046875 0.546875 0.042969 0.531250 0.042969 0.527344 0.039062 0.527344 0.035156 0.519531 0.035156 0.511719 0.027344 0.511719 0.023438 0.503906 0.023438 0.500000 0.019531 0.500000 0.000000
