2 0.425781 0.894531 0.425781 0.906250 0.421875 0.910156 0.406250 0.910156 0.402344 0.906250 0.398438 0.906250 0.394531 0.902344 0.378906 0.902344 0.378906 0.906250 0.375000 0.910156 0.375000 0.917969 0.410156 0.917969 0.410156 0.914062 0.414062 0.910156 0.476562 0.910156 0.476562 0.902344 0.464844 0.902344 0.457031 0.894531
2 0.328125 0.894531 0.328125 0.914062 0.324219 0.917969 0.316406 0.917969 0.308594 0.925781 0.304688 0.925781 0.300781 0.929688 0.277344 0.929688 0.273438 0.925781 0.265625 0.925781 0.261719 0.929688 0.261719 0.941406 0.304688 0.941406 0.308594 0.937500 0.316406 0.937500 0.320312 0.933594 0.328125 0.933594 0.332031 0.929688 0.347656 0.929688 0.347656 0.921875 0.339844 0.921875 0.335938 0.917969 0.335938 0.894531
2 0.484375 0.886719 0.484375 0.898438 0.492188 0.898438 0.492188 0.886719
2 0.527344 0.871094 0.527344 0.878906 0.539062 0.878906 0.539062 0.871094
2 0.488281 0.820312 0.484375 0.824219 0.476562 0.824219 0.476562 0.835938 0.484375 0.835938 0.492188 0.843750 0.492188 0.863281 0.507812 0.863281 0.507812 0.851562 0.511719 0.847656 0.523438 0.847656 0.523438 0.839844 0.519531 0.839844 0.511719 0.832031 0.511719 0.828125 0.503906 0.828125 0.496094 0.820312
2 0.085938 0.710938 0.085938 0.722656 0.097656 0.722656 0.097656 0.710938
2 0.089844 0.644531 0.085938 0.648438 0.085938 0.652344 0.082031 0.656250 0.082031 0.675781 0.089844 0.675781 0.093750 0.671875 0.125000 0.671875 0.125000 0.660156 0.101562 0.660156 0.097656 0.656250 0.097656 0.644531
2 0.179688 0.636719 0.179688 0.644531 0.175781 0.648438 0.171875 0.648438 0.164062 0.656250 0.164062 0.671875 0.160156 0.675781 0.152344 0.675781 0.152344 0.687500 0.156250 0.691406 0.156250 0.707031 0.160156 0.710938 0.171875 0.710938 0.171875 0.699219 0.191406 0.679688 0.195312 0.679688 0.195312 0.675781 0.199219 0.671875 0.203125 0.671875 0.203125 0.660156 0.199219 0.660156 0.195312 0.656250 0.195312 0.648438 0.191406 0.644531 0.191406 0.636719
2 0.863281 0.621094 0.863281 0.628906 0.871094 0.628906 0.871094 0.621094
2 0.316406 0.613281 0.316406 0.621094 0.324219 0.621094 0.324219 0.613281
2 0.757812 0.593750 0.757812 0.601562 0.750000 0.609375 0.750000 0.617188 0.765625 0.617188 0.765625 0.593750
2 0.898438 0.484375 0.898438 0.492188 0.902344 0.492188 0.906250 0.496094 0.906250 0.503906 0.914062 0.511719 0.914062 0.531250 0.921875 0.531250 0.921875 0.523438 0.925781 0.519531 0.925781 0.511719 0.929688 0.507812 0.929688 0.496094 0.925781 0.492188 0.910156 0.492188 0.906250 0.488281 0.906250 0.484375
2 0.347656 0.343750 0.347656 0.351562 0.359375 0.351562 0.359375 0.343750
2 0.292969 0.316406 0.292969 0.324219 0.296875 0.328125 0.296875 0.343750 0.292969 0.347656 0.289062 0.347656 0.285156 0.351562 0.281250 0.351562 0.281250 0.371094 0.277344 0.375000 0.277344 0.390625 0.296875 0.390625 0.300781 0.394531 0.304688 0.394531 0.308594 0.398438 0.308594 0.410156 0.324219 0.410156 0.328125 0.406250 0.328125 0.402344 0.332031 0.398438 0.335938 0.398438 0.335938 0.390625 0.316406 0.390625 0.312500 0.386719 0.312500 0.382812 0.308594 0.378906 0.308594 0.339844 0.312500 0.335938 0.316406 0.335938 0.316406 0.328125 0.312500 0.324219 0.308594 0.324219 0.300781 0.316406
2 0.816406 0.195312 0.816406 0.203125 0.820312 0.207031 0.832031 0.207031 0.835938 0.210938 0.835938 0.222656 0.839844 0.226562 0.847656 0.226562 0.847656 0.203125 0.839844 0.195312
2 0.621094 0.144531 0.621094 0.156250 0.628906 0.156250 0.632812 0.160156 0.632812 0.195312 0.636719 0.195312 0.640625 0.199219 0.640625 0.222656 0.636719 0.226562 0.636719 0.230469 0.632812 0.234375 0.632812 0.242188 0.628906 0.246094 0.621094 0.246094 0.617188 0.250000 0.585938 0.250000 0.582031 0.246094 0.582031 0.238281 0.566406 0.238281 0.566406 0.246094 0.558594 0.253906 0.554688 0.253906 0.554688 0.269531 0.550781 0.273438 0.519531 0.273438 0.511719 0.281250 0.511719 0.285156 0.507812 0.289062 0.503906 0.289062 0.500000 0.292969 0.480469 0.292969 0.476562 0.289062 0.476562 0.285156 0.472656 0.285156 0.468750 0.281250 0.468750 0.261719 0.476562 0.253906 0.480469 0.253906 0.480469 0.238281 0.460938 0.238281 0.460938 0.261719 0.457031 0.265625 0.453125 0.265625 0.453125 0.273438 0.449219 0.277344 0.441406 0.277344 0.437500 0.281250 0.398438 0.281250 0.394531 0.285156 0.390625 0.285156 0.390625 0.289062 0.386719 0.292969 0.359375 0.292969 0.359375 0.296875 0.351562 0.304688 0.339844 0.304688 0.339844 0.320312 0.355469 0.320312 0.359375 0.316406 0.378906 0.316406 0.378906 0.296875 0.382812 0.292969 0.398438 0.292969 0.402344 0.289062 0.417969 0.289062 0.421875 0.292969 0.421875 0.308594 0.417969 0.312500 0.414062 0.312500 0.410156 0.316406 0.410156 0.339844 0.406250 0.343750 0.406250 0.347656 0.402344 0.351562 0.386719 0.351562 0.386719 0.371094 0.382812 0.375000 0.378906 0.375000 0.378906 0.386719 0.382812 0.390625 0.382812 0.417969 0.378906 0.421875 0.378906 0.425781 0.375000 0.429688 0.371094 0.429688 0.367188 0.433594 0.359375 0.433594 0.355469 0.437500 0.320312 0.437500 0.320312 0.445312 0.316406 0.449219 0.285156 0.449219 0.285156 0.453125 0.281250 0.457031 0.281250 0.460938 0.277344 0.464844 0.273438 0.464844 0.273438 0.472656 0.265625 0.480469 0.238281 0.480469 0.234375 0.476562 0.214844 0.476562 0.214844 0.503906 0.210938 0.507812 0.210938 0.511719 0.207031 0.515625 0.207031 0.519531 0.199219 0.527344 0.195312 0.527344 0.191406 0.531250 0.113281 0.531250 0.109375 0.527344 0.097656 0.527344 0.097656 0.535156 0.093750 0.539062 0.089844 0.539062 0.085938 0.542969 0.085938 0.550781 0.082031 0.554688 0.078125 0.554688 0.078125 0.570312 0.074219 0.574219 0.066406 0.574219 0.066406 0.582031 0.074219 0.582031 0.078125 0.585938 0.078125 0.605469 0.085938 0.613281 0.097656 0.613281 0.101562 0.609375 0.105469 0.609375 0.105469 0.601562 0.097656 0.601562 0.089844 0.593750 0.089844 0.578125 0.093750 0.574219 0.097656 0.574219 0.097656 0.570312 0.105469 0.562500 0.140625 0.562500 0.144531 0.566406 0.144531 0.582031 0.152344 0.589844 0.160156 0.589844 0.164062 0.585938 0.207031 0.585938 0.210938 0.589844 0.210938 0.613281 0.222656 0.613281 0.222656 0.597656 0.226562 0.593750 0.242188 0.593750 0.246094 0.597656 0.246094 0.601562 0.300781 0.601562 0.300781 0.585938 0.308594 0.578125 0.332031 0.578125 0.332031 0.562500 0.335938 0.558594 0.335938 0.546875 0.339844 0.542969 0.351562 0.542969 0.351562 0.535156 0.355469 0.531250 0.359375 0.531250 0.359375 0.527344 0.363281 0.523438 0.363281 0.519531 0.371094 0.511719 0.382812 0.511719 0.382812 0.476562 0.390625 0.468750 0.390625 0.457031 0.398438 0.449219 0.398438 0.445312 0.402344 0.441406 0.425781 0.441406 0.429688 0.445312 0.429688 0.464844 0.437500 0.472656 0.437500 0.492188 0.429688 0.500000 0.429688 0.507812 0.425781 0.511719 0.425781 0.527344 0.421875 0.531250 0.421875 0.546875 0.417969 0.550781 0.414062 0.550781 0.414062 0.554688 0.410156 0.558594 0.406250 0.558594 0.406250 0.566406 0.402344 0.570312 0.398438 0.570312 0.398438 0.593750 0.390625 0.601562 0.390625 0.617188 0.398438 0.625000 0.398438 0.640625 0.394531 0.644531 0.382812 0.644531 0.375000 0.652344 0.339844 0.652344 0.335938 0.648438 0.335938 0.640625 0.328125 0.640625 0.328125 0.644531 0.320312 0.652344 0.316406 0.652344 0.316406 0.656250 0.304688 0.667969 0.300781 0.667969 0.300781 0.671875 0.296875 0.675781 0.292969 0.675781 0.292969 0.679688 0.281250 0.691406 0.273438 0.691406 0.273438 0.695312 0.269531 0.699219 0.269531 0.703125 0.253906 0.718750 0.250000 0.718750 0.250000 0.722656 0.238281 0.734375 0.234375 0.734375 0.226562 0.742188 0.222656 0.742188 0.218750 0.746094 0.214844 0.746094 0.203125 0.757812 0.203125 0.761719 0.199219 0.765625 0.183594 0.765625 0.175781 0.773438 0.175781 0.777344 0.171875 0.781250 0.171875 0.785156 0.167969 0.789062 0.164062 0.789062 0.156250 0.796875 0.152344 0.796875 0.148438 0.800781 0.132812 0.800781 0.128906 0.796875 0.125000 0.796875 0.121094 0.792969 0.113281 0.792969 0.113281 0.808594 0.105469 0.816406 0.101562 0.816406 0.097656 0.820312 0.097656 0.835938 0.093750 0.839844 0.089844 0.839844 0.085938 0.843750 0.085938 0.851562 0.089844 0.855469 0.089844 0.871094 0.109375 0.871094 0.109375 0.867188 0.113281 0.863281 0.128906 0.863281 0.132812 0.867188 0.132812 0.878906 0.148438 0.878906 0.152344 0.882812 0.152344 0.949219 0.164062 0.949219 0.164062 0.941406 0.171875 0.933594 0.171875 0.917969 0.175781 0.914062 0.175781 0.902344 0.171875 0.898438 0.171875 0.894531 0.160156 0.882812 0.160156 0.878906 0.148438 0.878906 0.144531 0.875000 0.144531 0.855469 0.148438 0.851562 0.152344 0.851562 0.152344 0.843750 0.148438 0.839844 0.148438 0.816406 0.152344 0.812500 0.156250 0.812500 0.156250 0.808594 0.160156 0.804688 0.187500 0.804688 0.191406 0.808594 0.199219 0.808594 0.199219 0.804688 0.203125 0.800781 0.207031 0.800781 0.207031 0.789062 0.210938 0.785156 0.226562 0.785156 0.230469 0.789062 0.234375 0.789062 0.238281 0.792969 0.238281 0.800781 0.246094 0.800781 0.250000 0.796875 0.269531 0.796875 0.273438 0.800781 0.273438 0.812500 0.277344 0.812500 0.281250 0.816406 0.281250 0.832031 0.285156 0.835938 0.285156 0.847656 0.332031 0.847656 0.339844 0.855469 0.339844 0.859375 0.347656 0.859375 0.347656 0.855469 0.351562 0.851562 0.351562 0.847656 0.355469 0.843750 0.375000 0.843750 0.378906 0.847656 0.378906 0.871094 0.390625 0.871094 0.394531 0.867188 0.398438 0.867188 0.398438 0.859375 0.402344 0.855469 0.414062 0.855469 0.414062 0.847656 0.410156 0.843750 0.410156 0.835938 0.406250 0.835938 0.402344 0.832031 0.402344 0.828125 0.398438 0.828125 0.390625 0.820312 0.390625 0.816406 0.386719 0.812500 0.386719 0.808594 0.382812 0.804688 0.382812 0.800781 0.371094 0.800781 0.367188 0.796875 0.367188 0.792969 0.363281 0.792969 0.359375 0.789062 0.351562 0.789062 0.347656 0.785156 0.347656 0.777344 0.343750 0.777344 0.339844 0.773438 0.339844 0.761719 0.335938 0.761719 0.332031 0.757812 0.332031 0.742188 0.335938 0.738281 0.339844 0.738281 0.347656 0.730469 0.351562 0.730469 0.355469 0.726562 0.355469 0.718750 0.363281 0.710938 0.386719 0.710938 0.394531 0.718750 0.394531 0.722656 0.406250 0.722656 0.410156 0.726562 0.410156 0.750000 0.437500 0.750000 0.441406 0.753906 0.480469 0.753906 0.484375 0.757812 0.500000 0.757812 0.507812 0.765625 0.515625 0.765625 0.519531 0.769531 0.527344 0.769531 0.531250 0.773438 0.546875 0.773438 0.550781 0.777344 0.550781 0.785156 0.554688 0.785156 0.562500 0.792969 0.582031 0.792969 0.585938 0.796875 0.585938 0.816406 0.582031 0.820312 0.566406 0.820312 0.566406 0.835938 0.578125 0.835938 0.582031 0.839844 0.585938 0.839844 0.589844 0.843750 0.597656 0.843750 0.601562 0.839844 0.609375 0.839844 0.617188 0.832031 0.621094 0.832031 0.621094 0.820312 0.625000 0.816406 0.648438 0.816406 0.656250 0.808594 0.660156 0.808594 0.660156 0.800781 0.664062 0.796875 0.667969 0.796875 0.675781 0.789062 0.699219 0.789062 0.699219 0.773438 0.703125 0.769531 0.722656 0.769531 0.722656 0.765625 0.726562 0.761719 0.738281 0.761719 0.742188 0.757812 0.761719 0.757812 0.765625 0.761719 0.765625 0.769531 0.773438 0.769531 0.781250 0.761719 0.781250 0.757812 0.796875 0.742188 0.796875 0.738281 0.804688 0.730469 0.804688 0.726562 0.820312 0.710938 0.824219 0.710938 0.828125 0.707031 0.828125 0.703125 0.835938 0.695312 0.835938 0.691406 0.839844 0.687500 0.839844 0.679688 0.843750 0.675781 0.843750 0.671875 0.847656 0.667969 0.847656 0.664062 0.851562 0.660156 0.855469 0.660156 0.855469 0.652344 0.847656 0.652344 0.847656 0.656250 0.843750 0.660156 0.839844 0.660156 0.839844 0.664062 0.835938 0.667969 0.835938 0.675781 0.832031 0.679688 0.792969 0.679688 0.792969 0.687500 0.804688 0.687500 0.808594 0.691406 0.808594 0.707031 0.781250 0.734375 0.753906 0.734375 0.750000 0.730469 0.750000 0.726562 0.746094 0.726562 0.742188 0.722656 0.738281 0.722656 0.734375 0.718750 0.730469 0.718750 0.726562 0.714844 0.726562 0.710938 0.722656 0.710938 0.718750 0.707031 0.718750 0.683594 0.707031 0.683594 0.703125 0.679688 0.695312 0.679688 0.691406 0.675781 0.691406 0.664062 0.683594 0.664062 0.679688 0.667969 0.664062 0.667969 0.660156 0.664062 0.660156 0.648438 0.652344 0.648438 0.648438 0.644531 0.648438 0.628906 0.632812 0.628906 0.628906 0.625000 0.628906 0.621094 0.617188 0.621094 0.613281 0.617188 0.613281 0.613281 0.605469 0.613281 0.605469 0.628906 0.621094 0.628906 0.625000 0.632812 0.625000 0.644531 0.636719 0.656250 0.636719 0.695312 0.632812 0.699219 0.621094 0.699219 0.617188 0.703125 0.617188 0.707031 0.613281 0.710938 0.593750 0.710938 0.589844 0.707031 0.589844 0.679688 0.585938 0.675781 0.574219 0.675781 0.570312 0.671875 0.570312 0.652344 0.558594 0.652344 0.550781 0.660156 0.531250 0.660156 0.531250 0.675781 0.535156 0.679688 0.558594 0.679688 0.562500 0.683594 0.562500 0.703125 0.554688 0.710938 0.515625 0.710938 0.511719 0.707031 0.503906 0.707031 0.500000 0.710938 0.441406 0.710938 0.437500 0.707031 0.437500 0.691406 0.417969 0.691406 0.414062 0.687500 0.414062 0.671875 0.410156 0.667969 0.410156 0.652344 0.414062 0.648438 0.453125 0.648438 0.457031 0.652344 0.457031 0.667969 0.468750 0.667969 0.472656 0.664062 0.472656 0.660156 0.484375 0.648438 0.492188 0.648438 0.503906 0.636719 0.523438 0.636719 0.527344 0.632812 0.535156 0.632812 0.535156 0.613281 0.539062 0.609375 0.546875 0.609375 0.550781 0.605469 0.562500 0.605469 0.566406 0.601562 0.589844 0.601562 0.589844 0.578125 0.593750 0.574219 0.617188 0.574219 0.621094 0.570312 0.628906 0.570312 0.628906 0.566406 0.636719 0.558594 0.640625 0.558594 0.640625 0.550781 0.644531 0.546875 0.648438 0.546875 0.648438 0.535156 0.652344 0.531250 0.667969 0.531250 0.671875 0.535156 0.675781 0.535156 0.679688 0.539062 0.679688 0.554688 0.675781 0.558594 0.664062 0.558594 0.664062 0.574219 0.671875 0.582031 0.671875 0.613281 0.675781 0.613281 0.687500 0.625000 0.691406 0.625000 0.695312 0.628906 0.695312 0.632812 0.703125 0.632812 0.707031 0.628906 0.710938 0.628906 0.710938 0.617188 0.718750 0.609375 0.722656 0.609375 0.722656 0.601562 0.726562 0.597656 0.726562 0.593750 0.738281 0.582031 0.738281 0.574219 0.734375 0.570312 0.734375 0.566406 0.714844 0.566406 0.710938 0.562500 0.710938 0.546875 0.714844 0.542969 0.753906 0.542969 0.753906 0.531250 0.757812 0.527344 0.773438 0.527344 0.777344 0.531250 0.777344 0.562500 0.785156 0.562500 0.789062 0.566406 0.808594 0.566406 0.808594 0.542969 0.804688 0.539062 0.804688 0.535156 0.800781 0.535156 0.796875 0.531250 0.792969 0.531250 0.789062 0.527344 0.789062 0.492188 0.792969 0.488281 0.796875 0.488281 0.796875 0.460938 0.800781 0.457031 0.804688 0.457031 0.808594 0.453125 0.820312 0.453125 0.824219 0.449219 0.835938 0.449219 0.835938 0.425781 0.828125 0.417969 0.828125 0.406250 0.820312 0.406250 0.816406 0.402344 0.812500 0.402344 0.808594 0.398438 0.804688 0.398438 0.800781 0.394531 0.800781 0.386719 0.796875 0.382812 0.796875 0.367188 0.800781 0.363281 0.812500 0.363281 0.816406 0.359375 0.820312 0.359375 0.824219 0.355469 0.824219 0.339844 0.828125 0.335938 0.828125 0.328125 0.835938 0.320312 0.843750 0.320312 0.843750 0.312500 0.839844 0.308594 0.832031 0.308594 0.828125 0.304688 0.828125 0.296875 0.824219 0.292969 0.824219 0.285156 0.820312 0.281250 0.812500 0.281250 0.808594 0.277344 0.808594 0.273438 0.800781 0.273438 0.796875 0.269531 0.796875 0.250000 0.789062 0.242188 0.789062 0.238281 0.785156 0.234375 0.785156 0.226562 0.777344 0.226562 0.773438 0.222656 0.765625 0.222656 0.761719 0.218750 0.761719 0.203125 0.757812 0.203125 0.753906 0.199219 0.753906 0.195312 0.738281 0.195312 0.738281 0.218750 0.742188 0.218750 0.746094 0.222656 0.746094 0.253906 0.757812 0.253906 0.761719 0.257812 0.761719 0.269531 0.765625 0.269531 0.769531 0.273438 0.769531 0.296875 0.765625 0.300781 0.765625 0.304688 0.761719 0.308594 0.730469 0.308594 0.726562 0.304688 0.726562 0.289062 0.722656 0.289062 0.714844 0.281250 0.714844 0.277344 0.707031 0.277344 0.703125 0.281250 0.699219 0.281250 0.695312 0.285156 0.648438 0.285156 0.636719 0.273438 0.636719 0.253906 0.640625 0.250000 0.652344 0.250000 0.656250 0.246094 0.660156 0.246094 0.660156 0.238281 0.667969 0.230469 0.667969 0.222656 0.664062 0.218750 0.660156 0.218750 0.656250 0.214844 0.656250 0.210938 0.652344 0.210938 0.648438 0.207031 0.648438 0.187500 0.644531 0.183594 0.644531 0.167969 0.648438 0.164062 0.652344 0.164062 0.656250 0.160156 0.679688 0.160156 0.683594 0.164062 0.683594 0.167969 0.687500 0.171875 0.687500 0.199219 0.695312 0.207031 0.695312 0.230469 0.707031 0.230469 0.707031 0.199219 0.710938 0.195312 0.710938 0.191406 0.714844 0.187500 0.722656 0.187500 0.722656 0.175781 0.710938 0.175781 0.703125 0.167969 0.703125 0.164062 0.699219 0.160156 0.695312 0.160156 0.691406 0.156250 0.687500 0.156250 0.683594 0.152344 0.636719 0.152344 0.628906 0.144531
2 0.808594 0.140625 0.808594 0.144531 0.804688 0.148438 0.796875 0.148438 0.796875 0.152344 0.792969 0.156250 0.792969 0.167969 0.789062 0.171875 0.785156 0.171875 0.781250 0.175781 0.781250 0.191406 0.792969 0.191406 0.792969 0.187500 0.796875 0.183594 0.800781 0.183594 0.800781 0.175781 0.804688 0.171875 0.824219 0.171875 0.824219 0.160156 0.820312 0.160156 0.816406 0.156250 0.816406 0.140625
2 0.582031 0.136719 0.578125 0.140625 0.574219 0.140625 0.562500 0.152344 0.562500 0.160156 0.566406 0.164062 0.566406 0.183594 0.562500 0.187500 0.554688 0.187500 0.550781 0.191406 0.550781 0.210938 0.546875 0.214844 0.546875 0.226562 0.558594 0.226562 0.558594 0.207031 0.570312 0.195312 0.589844 0.195312 0.589844 0.183594 0.582031 0.175781 0.582031 0.160156 0.589844 0.152344 0.589844 0.136719
2 0.808594 0.023438 0.800781 0.031250 0.800781 0.039062 0.808594 0.039062 0.812500 0.042969 0.812500 0.054688 0.816406 0.058594 0.816406 0.078125 0.820312 0.082031 0.820312 0.085938 0.828125 0.085938 0.828125 0.082031 0.832031 0.078125 0.832031 0.062500 0.828125 0.058594 0.828125 0.042969 0.824219 0.039062 0.824219 0.035156 0.820312 0.031250 0.820312 0.027344 0.816406 0.023438
