2 0.476562 0.828125 0.476562 0.855469 0.472656 0.859375 0.445312 0.859375 0.441406 0.863281 0.437500 0.863281 0.437500 0.878906 0.453125 0.878906 0.457031 0.882812 0.507812 0.882812 0.507812 0.871094 0.496094 0.871094 0.492188 0.867188 0.492188 0.847656 0.488281 0.843750 0.488281 0.828125
2 0.667969 0.816406 0.667969 0.820312 0.664062 0.824219 0.664062 0.832031 0.660156 0.835938 0.652344 0.835938 0.648438 0.839844 0.648438 0.847656 0.664062 0.847656 0.667969 0.843750 0.671875 0.843750 0.683594 0.832031 0.699219 0.832031 0.703125 0.835938 0.710938 0.835938 0.714844 0.839844 0.734375 0.839844 0.738281 0.835938 0.738281 0.828125 0.734375 0.824219 0.726562 0.824219 0.722656 0.820312 0.714844 0.820312 0.710938 0.816406
2 0.875000 0.746094 0.867188 0.753906 0.863281 0.753906 0.859375 0.757812 0.855469 0.757812 0.855469 0.769531 0.875000 0.769531 0.878906 0.773438 0.902344 0.773438 0.910156 0.765625 0.910156 0.753906 0.898438 0.753906 0.894531 0.750000 0.894531 0.746094
2 0.496094 0.648438 0.496094 0.660156 0.503906 0.660156 0.507812 0.664062 0.507812 0.679688 0.515625 0.687500 0.515625 0.707031 0.527344 0.707031 0.531250 0.710938 0.539062 0.710938 0.539062 0.703125 0.542969 0.699219 0.546875 0.699219 0.550781 0.695312 0.550781 0.683594 0.546875 0.683594 0.542969 0.679688 0.542969 0.671875 0.539062 0.671875 0.531250 0.664062 0.523438 0.664062 0.511719 0.652344 0.511719 0.648438
2 0.550781 0.617188 0.550781 0.625000 0.546875 0.628906 0.542969 0.628906 0.542969 0.636719 0.550781 0.636719 0.554688 0.640625 0.558594 0.640625 0.562500 0.644531 0.574219 0.644531 0.578125 0.648438 0.582031 0.648438 0.585938 0.652344 0.589844 0.652344 0.593750 0.656250 0.605469 0.656250 0.609375 0.652344 0.609375 0.644531 0.605469 0.640625 0.601562 0.640625 0.593750 0.632812 0.589844 0.632812 0.585938 0.628906 0.585938 0.621094 0.570312 0.621094 0.566406 0.617188
2 0.312500 0.589844 0.308594 0.593750 0.308594 0.609375 0.304688 0.613281 0.296875 0.613281 0.292969 0.617188 0.292969 0.628906 0.296875 0.628906 0.308594 0.640625 0.324219 0.640625 0.328125 0.644531 0.328125 0.660156 0.332031 0.664062 0.332031 0.667969 0.335938 0.671875 0.343750 0.671875 0.343750 0.656250 0.347656 0.652344 0.363281 0.652344 0.363281 0.644531 0.339844 0.644531 0.335938 0.640625 0.335938 0.632812 0.332031 0.628906 0.332031 0.593750 0.328125 0.589844
2 0.878906 0.578125 0.875000 0.582031 0.875000 0.585938 0.871094 0.589844 0.871094 0.601562 0.878906 0.609375 0.886719 0.609375 0.890625 0.605469 0.894531 0.605469 0.894531 0.597656 0.890625 0.597656 0.886719 0.593750 0.886719 0.578125
2 0.898438 0.531250 0.898438 0.542969 0.906250 0.542969 0.910156 0.546875 0.910156 0.550781 0.921875 0.550781 0.925781 0.546875 0.925781 0.539062 0.921875 0.535156 0.910156 0.535156 0.906250 0.531250
2 0.343750 0.519531 0.343750 0.527344 0.347656 0.531250 0.347656 0.535156 0.351562 0.539062 0.351562 0.542969 0.355469 0.542969 0.363281 0.550781 0.367188 0.550781 0.371094 0.554688 0.371094 0.558594 0.375000 0.558594 0.382812 0.566406 0.390625 0.566406 0.390625 0.558594 0.394531 0.554688 0.410156 0.554688 0.414062 0.558594 0.414062 0.582031 0.421875 0.589844 0.429688 0.589844 0.433594 0.585938 0.437500 0.585938 0.437500 0.582031 0.441406 0.578125 0.449219 0.578125 0.449219 0.574219 0.453125 0.570312 0.453125 0.546875 0.457031 0.542969 0.460938 0.542969 0.464844 0.539062 0.464844 0.531250 0.460938 0.527344 0.460938 0.523438 0.449219 0.523438 0.449219 0.554688 0.445312 0.558594 0.425781 0.558594 0.421875 0.554688 0.421875 0.550781 0.398438 0.550781 0.390625 0.542969 0.390625 0.539062 0.386719 0.535156 0.367188 0.535156 0.363281 0.531250 0.363281 0.519531
2 0.515625 0.457031 0.515625 0.480469 0.507812 0.488281 0.507812 0.496094 0.511719 0.500000 0.535156 0.500000 0.535156 0.492188 0.539062 0.488281 0.539062 0.484375 0.542969 0.480469 0.542969 0.472656 0.539062 0.472656 0.535156 0.468750 0.535156 0.464844 0.531250 0.460938 0.531250 0.457031
2 0.312500 0.441406 0.308594 0.445312 0.308594 0.449219 0.304688 0.453125 0.304688 0.464844 0.316406 0.464844 0.316406 0.457031 0.320312 0.453125 0.320312 0.441406
2 0.539062 0.417969 0.539062 0.425781 0.535156 0.429688 0.535156 0.441406 0.558594 0.441406 0.562500 0.437500 0.562500 0.425781 0.558594 0.421875 0.554688 0.421875 0.550781 0.417969
2 0.363281 0.359375 0.363281 0.375000 0.359375 0.378906 0.355469 0.378906 0.355469 0.390625 0.351562 0.394531 0.339844 0.394531 0.335938 0.398438 0.335938 0.402344 0.328125 0.410156 0.328125 0.421875 0.343750 0.421875 0.351562 0.414062 0.351562 0.398438 0.355469 0.394531 0.371094 0.394531 0.371094 0.359375
2 0.632812 0.289062 0.632812 0.292969 0.621094 0.304688 0.609375 0.304688 0.605469 0.308594 0.605469 0.316406 0.613281 0.316406 0.617188 0.312500 0.644531 0.312500 0.648438 0.308594 0.652344 0.308594 0.656250 0.304688 0.656250 0.292969 0.652344 0.289062
2 0.738281 0.253906 0.738281 0.261719 0.742188 0.265625 0.742188 0.281250 0.738281 0.285156 0.738281 0.292969 0.734375 0.296875 0.699219 0.296875 0.695312 0.292969 0.687500 0.292969 0.683594 0.296875 0.679688 0.296875 0.679688 0.304688 0.687500 0.304688 0.691406 0.300781 0.710938 0.300781 0.714844 0.304688 0.714844 0.308594 0.730469 0.308594 0.734375 0.312500 0.734375 0.343750 0.730469 0.347656 0.722656 0.347656 0.722656 0.359375 0.730469 0.367188 0.734375 0.367188 0.742188 0.375000 0.742188 0.378906 0.746094 0.382812 0.746094 0.402344 0.750000 0.402344 0.753906 0.406250 0.753906 0.410156 0.757812 0.410156 0.761719 0.414062 0.761719 0.417969 0.765625 0.417969 0.769531 0.421875 0.769531 0.425781 0.785156 0.425781 0.789062 0.429688 0.796875 0.429688 0.800781 0.433594 0.800781 0.480469 0.792969 0.488281 0.792969 0.492188 0.789062 0.496094 0.789062 0.503906 0.792969 0.507812 0.800781 0.507812 0.804688 0.503906 0.808594 0.503906 0.808594 0.500000 0.812500 0.496094 0.816406 0.496094 0.816406 0.484375 0.828125 0.472656 0.828125 0.457031 0.824219 0.453125 0.824219 0.449219 0.808594 0.433594 0.800781 0.433594 0.796875 0.429688 0.796875 0.421875 0.792969 0.421875 0.789062 0.417969 0.785156 0.417969 0.773438 0.406250 0.769531 0.406250 0.757812 0.394531 0.757812 0.371094 0.753906 0.367188 0.753906 0.339844 0.757812 0.335938 0.757812 0.289062 0.761719 0.285156 0.781250 0.285156 0.781250 0.265625 0.777344 0.265625 0.773438 0.261719 0.757812 0.261719 0.750000 0.253906
2 0.378906 0.226562 0.371094 0.234375 0.367188 0.234375 0.367188 0.238281 0.363281 0.242188 0.363281 0.257812 0.359375 0.261719 0.343750 0.261719 0.335938 0.269531 0.324219 0.269531 0.324219 0.277344 0.320312 0.281250 0.320312 0.289062 0.316406 0.292969 0.316406 0.316406 0.312500 0.320312 0.304688 0.320312 0.300781 0.324219 0.296875 0.324219 0.296875 0.347656 0.304688 0.347656 0.308594 0.343750 0.312500 0.343750 0.312500 0.335938 0.316406 0.332031 0.320312 0.332031 0.320312 0.324219 0.324219 0.320312 0.332031 0.320312 0.332031 0.292969 0.335938 0.289062 0.351562 0.289062 0.355469 0.292969 0.378906 0.292969 0.382812 0.289062 0.382812 0.277344 0.378906 0.273438 0.378906 0.253906 0.382812 0.250000 0.382812 0.246094 0.386719 0.242188 0.386719 0.226562
2 0.468750 0.144531 0.468750 0.152344 0.476562 0.152344 0.476562 0.144531
2 0.417969 0.062500 0.417969 0.074219 0.421875 0.078125 0.421875 0.097656 0.429688 0.097656 0.433594 0.101562 0.433594 0.109375 0.437500 0.113281 0.437500 0.125000 0.445312 0.125000 0.445312 0.113281 0.457031 0.101562 0.472656 0.101562 0.488281 0.117188 0.488281 0.132812 0.515625 0.132812 0.519531 0.136719 0.519531 0.152344 0.515625 0.156250 0.507812 0.156250 0.507812 0.175781 0.515625 0.183594 0.515625 0.187500 0.519531 0.191406 0.523438 0.191406 0.527344 0.195312 0.527344 0.199219 0.539062 0.199219 0.539062 0.171875 0.542969 0.167969 0.546875 0.167969 0.546875 0.140625 0.558594 0.128906 0.558594 0.121094 0.554688 0.121094 0.550781 0.117188 0.546875 0.117188 0.542969 0.113281 0.539062 0.113281 0.535156 0.109375 0.535156 0.097656 0.531250 0.097656 0.527344 0.093750 0.500000 0.093750 0.496094 0.089844 0.492188 0.089844 0.488281 0.085938 0.480469 0.085938 0.472656 0.078125 0.464844 0.078125 0.460938 0.074219 0.457031 0.074219 0.453125 0.070312 0.445312 0.070312 0.441406 0.066406 0.433594 0.066406 0.429688 0.062500
