2 0.417969 0.812500 0.414062 0.816406 0.410156 0.816406 0.410156 0.824219 0.417969 0.824219 0.421875 0.820312 0.433594 0.820312 0.433594 0.812500
2 0.343750 0.812500 0.339844 0.816406 0.339844 0.824219 0.343750 0.828125 0.343750 0.847656 0.351562 0.855469 0.351562 0.859375 0.359375 0.867188 0.359375 0.871094 0.367188 0.871094 0.375000 0.863281 0.375000 0.859375 0.378906 0.855469 0.386719 0.855469 0.386719 0.851562 0.398438 0.839844 0.398438 0.828125 0.386719 0.828125 0.382812 0.824219 0.382812 0.820312 0.371094 0.820312 0.367188 0.816406 0.359375 0.816406 0.355469 0.812500
2 0.507812 0.710938 0.507812 0.722656 0.519531 0.722656 0.523438 0.726562 0.527344 0.726562 0.535156 0.734375 0.535156 0.738281 0.542969 0.738281 0.546875 0.734375 0.570312 0.734375 0.570312 0.726562 0.542969 0.726562 0.539062 0.722656 0.539062 0.718750 0.535156 0.714844 0.523438 0.714844 0.519531 0.710938
2 0.667969 0.687500 0.664062 0.691406 0.660156 0.691406 0.660156 0.695312 0.656250 0.699219 0.648438 0.699219 0.640625 0.707031 0.632812 0.707031 0.632812 0.714844 0.628906 0.718750 0.605469 0.718750 0.605469 0.726562 0.625000 0.726562 0.628906 0.730469 0.628906 0.734375 0.636719 0.734375 0.640625 0.738281 0.648438 0.738281 0.652344 0.734375 0.664062 0.734375 0.667969 0.730469 0.683594 0.730469 0.687500 0.734375 0.687500 0.742188 0.691406 0.746094 0.691406 0.757812 0.695312 0.761719 0.703125 0.761719 0.703125 0.753906 0.707031 0.750000 0.718750 0.750000 0.718750 0.726562 0.707031 0.714844 0.695312 0.714844 0.695312 0.722656 0.691406 0.726562 0.675781 0.726562 0.667969 0.718750 0.667969 0.703125 0.675781 0.695312 0.675781 0.687500
2 0.289062 0.648438 0.285156 0.652344 0.281250 0.652344 0.281250 0.660156 0.285156 0.660156 0.289062 0.664062 0.296875 0.664062 0.300781 0.667969 0.300781 0.679688 0.312500 0.679688 0.316406 0.683594 0.324219 0.683594 0.324219 0.667969 0.320312 0.664062 0.316406 0.664062 0.300781 0.648438
2 0.667969 0.574219 0.664062 0.578125 0.664062 0.582031 0.660156 0.585938 0.660156 0.605469 0.695312 0.605469 0.699219 0.601562 0.703125 0.601562 0.710938 0.593750 0.734375 0.593750 0.738281 0.597656 0.738281 0.601562 0.746094 0.609375 0.746094 0.617188 0.750000 0.621094 0.757812 0.621094 0.757812 0.617188 0.761719 0.613281 0.761719 0.609375 0.765625 0.605469 0.765625 0.597656 0.761719 0.597656 0.757812 0.593750 0.757812 0.585938 0.726562 0.585938 0.722656 0.589844 0.687500 0.589844 0.679688 0.582031 0.679688 0.574219
2 0.398438 0.488281 0.398438 0.496094 0.402344 0.500000 0.417969 0.500000 0.421875 0.503906 0.421875 0.539062 0.425781 0.542969 0.425781 0.566406 0.429688 0.570312 0.429688 0.597656 0.437500 0.597656 0.441406 0.601562 0.449219 0.601562 0.453125 0.597656 0.453125 0.589844 0.445312 0.589844 0.441406 0.585938 0.441406 0.562500 0.445312 0.558594 0.445312 0.507812 0.437500 0.500000 0.414062 0.500000 0.410156 0.496094 0.410156 0.492188 0.406250 0.488281
2 0.324219 0.417969 0.324219 0.421875 0.320312 0.425781 0.312500 0.425781 0.312500 0.449219 0.308594 0.453125 0.308594 0.460938 0.304688 0.464844 0.304688 0.480469 0.312500 0.488281 0.312500 0.519531 0.316406 0.523438 0.316406 0.550781 0.320312 0.554688 0.332031 0.554688 0.339844 0.562500 0.339844 0.574219 0.343750 0.578125 0.343750 0.582031 0.347656 0.582031 0.359375 0.593750 0.359375 0.609375 0.367188 0.609375 0.375000 0.617188 0.375000 0.628906 0.386719 0.628906 0.398438 0.640625 0.398438 0.656250 0.394531 0.660156 0.382812 0.660156 0.382812 0.687500 0.378906 0.691406 0.359375 0.691406 0.359375 0.714844 0.355469 0.718750 0.355469 0.726562 0.359375 0.726562 0.363281 0.730469 0.363281 0.734375 0.375000 0.734375 0.378906 0.730469 0.386719 0.730469 0.390625 0.726562 0.394531 0.726562 0.394531 0.714844 0.398438 0.710938 0.414062 0.710938 0.414062 0.707031 0.417969 0.703125 0.425781 0.703125 0.425781 0.699219 0.429688 0.695312 0.437500 0.695312 0.437500 0.671875 0.441406 0.667969 0.441406 0.640625 0.445312 0.636719 0.445312 0.628906 0.417969 0.628906 0.414062 0.625000 0.414062 0.613281 0.410156 0.613281 0.406250 0.609375 0.402344 0.609375 0.398438 0.605469 0.398438 0.601562 0.394531 0.601562 0.390625 0.597656 0.386719 0.597656 0.382812 0.593750 0.382812 0.585938 0.375000 0.578125 0.371094 0.578125 0.367188 0.574219 0.367188 0.566406 0.363281 0.566406 0.359375 0.562500 0.359375 0.539062 0.355469 0.535156 0.355469 0.531250 0.351562 0.527344 0.351562 0.500000 0.347656 0.496094 0.343750 0.496094 0.339844 0.492188 0.332031 0.492188 0.328125 0.488281 0.328125 0.464844 0.332031 0.460938 0.351562 0.460938 0.355469 0.464844 0.363281 0.464844 0.363281 0.460938 0.367188 0.457031 0.371094 0.457031 0.375000 0.453125 0.390625 0.453125 0.394531 0.457031 0.398438 0.457031 0.402344 0.460938 0.410156 0.460938 0.417969 0.468750 0.437500 0.468750 0.437500 0.449219 0.421875 0.449219 0.417969 0.445312 0.371094 0.445312 0.367188 0.441406 0.367188 0.437500 0.359375 0.429688 0.359375 0.425781 0.355469 0.421875 0.355469 0.417969
2 0.527344 0.394531 0.523438 0.398438 0.519531 0.398438 0.515625 0.402344 0.511719 0.402344 0.511719 0.429688 0.523438 0.429688 0.523438 0.425781 0.531250 0.417969 0.531250 0.414062 0.535156 0.410156 0.535156 0.406250 0.539062 0.402344 0.539062 0.394531
2 0.546875 0.363281 0.546875 0.371094 0.550781 0.375000 0.550781 0.378906 0.558594 0.378906 0.562500 0.375000 0.562500 0.363281
2 0.406250 0.363281 0.406250 0.367188 0.402344 0.371094 0.402344 0.375000 0.398438 0.378906 0.386719 0.378906 0.386719 0.382812 0.382812 0.386719 0.375000 0.386719 0.375000 0.394531 0.386719 0.394531 0.390625 0.398438 0.390625 0.406250 0.402344 0.406250 0.402344 0.398438 0.406250 0.394531 0.406250 0.386719 0.410156 0.382812 0.414062 0.382812 0.414062 0.363281
2 0.460938 0.257812 0.460938 0.281250 0.457031 0.285156 0.437500 0.285156 0.437500 0.292969 0.445312 0.292969 0.449219 0.296875 0.449219 0.300781 0.453125 0.304688 0.453125 0.351562 0.449219 0.355469 0.449219 0.375000 0.445312 0.378906 0.437500 0.378906 0.437500 0.394531 0.433594 0.398438 0.429688 0.398438 0.429688 0.410156 0.433594 0.414062 0.441406 0.414062 0.445312 0.410156 0.453125 0.410156 0.453125 0.390625 0.457031 0.386719 0.457031 0.375000 0.460938 0.371094 0.460938 0.351562 0.464844 0.347656 0.464844 0.328125 0.468750 0.324219 0.468750 0.300781 0.464844 0.296875 0.464844 0.273438 0.468750 0.269531 0.472656 0.269531 0.472656 0.257812
