2 0.250000 0.859375 0.250000 0.867188 0.269531 0.867188 0.273438 0.871094 0.273438 0.878906 0.281250 0.886719 0.281250 0.890625 0.285156 0.894531 0.289062 0.894531 0.292969 0.898438 0.296875 0.898438 0.300781 0.902344 0.300781 0.917969 0.296875 0.921875 0.292969 0.921875 0.289062 0.925781 0.289062 0.949219 0.304688 0.949219 0.308594 0.953125 0.308594 0.960938 0.316406 0.960938 0.316406 0.953125 0.308594 0.953125 0.304688 0.949219 0.304688 0.941406 0.300781 0.937500 0.300781 0.917969 0.304688 0.914062 0.308594 0.914062 0.312500 0.910156 0.312500 0.902344 0.304688 0.902344 0.300781 0.898438 0.300781 0.875000 0.292969 0.875000 0.285156 0.867188 0.265625 0.867188 0.261719 0.863281 0.261719 0.859375
2 0.316406 0.832031 0.316406 0.839844 0.320312 0.843750 0.320312 0.847656 0.335938 0.847656 0.335938 0.839844 0.332031 0.839844 0.324219 0.832031
2 0.675781 0.792969 0.675781 0.800781 0.687500 0.800781 0.691406 0.804688 0.707031 0.804688 0.710938 0.808594 0.714844 0.808594 0.718750 0.812500 0.718750 0.816406 0.730469 0.828125 0.730469 0.855469 0.750000 0.855469 0.750000 0.835938 0.738281 0.824219 0.738281 0.796875 0.703125 0.796875 0.699219 0.792969
2 0.449219 0.785156 0.449219 0.796875 0.445312 0.800781 0.406250 0.800781 0.402344 0.796875 0.394531 0.796875 0.390625 0.800781 0.378906 0.800781 0.378906 0.812500 0.375000 0.816406 0.359375 0.816406 0.355469 0.820312 0.351562 0.820312 0.351562 0.835938 0.375000 0.835938 0.382812 0.843750 0.382812 0.847656 0.398438 0.847656 0.402344 0.851562 0.402344 0.863281 0.406250 0.867188 0.414062 0.867188 0.433594 0.847656 0.437500 0.847656 0.453125 0.832031 0.480469 0.832031 0.484375 0.835938 0.488281 0.835938 0.492188 0.839844 0.496094 0.839844 0.500000 0.843750 0.507812 0.843750 0.511719 0.847656 0.511719 0.855469 0.519531 0.855469 0.519531 0.847656 0.511719 0.847656 0.507812 0.843750 0.507812 0.832031 0.500000 0.832031 0.496094 0.828125 0.492188 0.828125 0.488281 0.824219 0.488281 0.820312 0.484375 0.820312 0.480469 0.816406 0.480469 0.812500 0.464844 0.812500 0.460938 0.808594 0.460938 0.785156
2 0.558594 0.738281 0.554688 0.742188 0.550781 0.742188 0.550781 0.765625 0.566406 0.765625 0.570312 0.761719 0.585938 0.761719 0.593750 0.753906 0.597656 0.753906 0.597656 0.746094 0.570312 0.746094 0.566406 0.742188 0.566406 0.738281
2 0.355469 0.726562 0.355469 0.738281 0.371094 0.738281 0.375000 0.734375 0.375000 0.726562
2 0.621094 0.722656 0.621094 0.726562 0.617188 0.730469 0.617188 0.742188 0.632812 0.742188 0.640625 0.734375 0.644531 0.734375 0.644531 0.726562 0.640625 0.722656
2 0.695312 0.707031 0.695312 0.714844 0.703125 0.714844 0.703125 0.707031
2 0.714844 0.671875 0.714844 0.687500 0.746094 0.687500 0.750000 0.683594 0.750000 0.671875
2 0.832031 0.628906 0.828125 0.632812 0.812500 0.632812 0.812500 0.640625 0.808594 0.644531 0.789062 0.644531 0.789062 0.648438 0.785156 0.652344 0.781250 0.652344 0.781250 0.667969 0.777344 0.671875 0.773438 0.671875 0.773438 0.679688 0.792969 0.679688 0.796875 0.683594 0.800781 0.683594 0.804688 0.687500 0.804688 0.691406 0.808594 0.695312 0.812500 0.695312 0.816406 0.699219 0.816406 0.703125 0.820312 0.703125 0.824219 0.707031 0.824219 0.710938 0.828125 0.710938 0.832031 0.714844 0.832031 0.726562 0.835938 0.730469 0.835938 0.738281 0.843750 0.738281 0.847656 0.734375 0.847656 0.718750 0.843750 0.718750 0.839844 0.714844 0.835938 0.714844 0.832031 0.710938 0.832031 0.703125 0.828125 0.703125 0.824219 0.699219 0.824219 0.695312 0.820312 0.695312 0.816406 0.691406 0.816406 0.656250 0.820312 0.652344 0.820312 0.648438 0.824219 0.644531 0.824219 0.640625 0.828125 0.636719 0.839844 0.636719 0.839844 0.628906
2 0.304688 0.597656 0.300781 0.601562 0.300781 0.605469 0.296875 0.609375 0.277344 0.609375 0.273438 0.605469 0.257812 0.605469 0.257812 0.609375 0.253906 0.613281 0.253906 0.621094 0.257812 0.625000 0.257812 0.640625 0.253906 0.644531 0.238281 0.644531 0.238281 0.652344 0.234375 0.656250 0.218750 0.656250 0.214844 0.660156 0.210938 0.660156 0.210938 0.683594 0.207031 0.687500 0.191406 0.687500 0.191406 0.695312 0.195312 0.699219 0.226562 0.699219 0.226562 0.691406 0.230469 0.687500 0.230469 0.683594 0.234375 0.679688 0.269531 0.679688 0.273438 0.683594 0.273438 0.687500 0.281250 0.687500 0.285156 0.683594 0.300781 0.683594 0.304688 0.687500 0.304688 0.703125 0.308594 0.703125 0.312500 0.707031 0.316406 0.707031 0.320312 0.710938 0.320312 0.714844 0.324219 0.718750 0.347656 0.718750 0.347656 0.703125 0.351562 0.699219 0.351562 0.683594 0.347656 0.683594 0.343750 0.679688 0.343750 0.664062 0.332031 0.664062 0.328125 0.660156 0.328125 0.652344 0.320312 0.644531 0.320312 0.640625 0.308594 0.628906 0.308594 0.613281 0.316406 0.605469 0.316406 0.597656
2 0.152344 0.593750 0.152344 0.605469 0.148438 0.609375 0.148438 0.617188 0.140625 0.625000 0.140625 0.644531 0.144531 0.648438 0.152344 0.648438 0.152344 0.636719 0.156250 0.632812 0.160156 0.632812 0.160156 0.605469 0.164062 0.601562 0.164062 0.593750
2 0.742188 0.582031 0.738281 0.585938 0.734375 0.585938 0.730469 0.589844 0.722656 0.589844 0.710938 0.601562 0.710938 0.613281 0.707031 0.617188 0.687500 0.617188 0.679688 0.609375 0.671875 0.609375 0.667969 0.613281 0.648438 0.613281 0.636719 0.625000 0.632812 0.625000 0.625000 0.632812 0.617188 0.632812 0.617188 0.636719 0.609375 0.644531 0.605469 0.644531 0.605469 0.648438 0.601562 0.652344 0.597656 0.652344 0.597656 0.656250 0.593750 0.660156 0.593750 0.667969 0.589844 0.671875 0.562500 0.671875 0.558594 0.667969 0.550781 0.667969 0.542969 0.675781 0.539062 0.675781 0.535156 0.679688 0.535156 0.687500 0.558594 0.687500 0.562500 0.683594 0.566406 0.683594 0.570312 0.679688 0.582031 0.679688 0.582031 0.675781 0.585938 0.671875 0.609375 0.671875 0.617188 0.679688 0.632812 0.679688 0.632812 0.671875 0.636719 0.667969 0.644531 0.667969 0.652344 0.660156 0.679688 0.660156 0.679688 0.648438 0.683594 0.644531 0.687500 0.644531 0.687500 0.640625 0.691406 0.636719 0.714844 0.636719 0.718750 0.632812 0.718750 0.613281 0.722656 0.609375 0.730469 0.609375 0.730469 0.605469 0.734375 0.601562 0.738281 0.601562 0.742188 0.597656 0.750000 0.597656 0.750000 0.582031
2 0.183594 0.566406 0.183594 0.574219 0.191406 0.574219 0.191406 0.566406
2 0.808594 0.531250 0.804688 0.535156 0.789062 0.535156 0.789062 0.554688 0.781250 0.562500 0.773438 0.562500 0.769531 0.566406 0.769531 0.574219 0.777344 0.582031 0.777344 0.585938 0.785156 0.585938 0.789062 0.582031 0.804688 0.582031 0.808594 0.578125 0.820312 0.578125 0.820312 0.566406 0.824219 0.562500 0.835938 0.562500 0.835938 0.539062 0.828125 0.531250
2 0.515625 0.378906 0.515625 0.382812 0.511719 0.386719 0.496094 0.386719 0.492188 0.382812 0.472656 0.382812 0.468750 0.386719 0.453125 0.386719 0.453125 0.394531 0.460938 0.402344 0.460938 0.406250 0.464844 0.410156 0.484375 0.410156 0.488281 0.414062 0.488281 0.429688 0.484375 0.433594 0.484375 0.445312 0.480469 0.449219 0.480469 0.457031 0.476562 0.460938 0.476562 0.480469 0.472656 0.484375 0.464844 0.484375 0.464844 0.488281 0.460938 0.492188 0.445312 0.492188 0.441406 0.496094 0.433594 0.496094 0.429688 0.500000 0.429688 0.511719 0.425781 0.515625 0.398438 0.515625 0.390625 0.507812 0.390625 0.503906 0.386719 0.500000 0.386719 0.492188 0.378906 0.492188 0.378906 0.507812 0.375000 0.511719 0.375000 0.519531 0.382812 0.527344 0.382812 0.558594 0.386719 0.562500 0.386719 0.593750 0.382812 0.597656 0.382812 0.609375 0.394531 0.621094 0.394531 0.632812 0.398438 0.636719 0.398438 0.644531 0.402344 0.648438 0.402344 0.660156 0.406250 0.660156 0.410156 0.664062 0.410156 0.667969 0.414062 0.671875 0.414062 0.675781 0.417969 0.679688 0.433594 0.679688 0.437500 0.683594 0.437500 0.710938 0.445312 0.718750 0.445312 0.730469 0.449219 0.734375 0.449219 0.742188 0.460938 0.742188 0.468750 0.750000 0.468750 0.781250 0.480469 0.781250 0.484375 0.785156 0.496094 0.785156 0.500000 0.789062 0.511719 0.789062 0.511719 0.777344 0.507812 0.777344 0.500000 0.769531 0.500000 0.757812 0.496094 0.753906 0.488281 0.753906 0.484375 0.750000 0.484375 0.710938 0.492188 0.703125 0.492188 0.695312 0.468750 0.695312 0.464844 0.699219 0.449219 0.699219 0.441406 0.691406 0.441406 0.656250 0.437500 0.652344 0.437500 0.640625 0.433594 0.636719 0.433594 0.613281 0.429688 0.609375 0.425781 0.609375 0.421875 0.605469 0.421875 0.589844 0.417969 0.585938 0.417969 0.574219 0.414062 0.570312 0.414062 0.546875 0.417969 0.542969 0.421875 0.542969 0.425781 0.539062 0.441406 0.539062 0.445312 0.535156 0.464844 0.535156 0.468750 0.531250 0.472656 0.531250 0.476562 0.527344 0.500000 0.527344 0.511719 0.539062 0.531250 0.539062 0.535156 0.542969 0.535156 0.562500 0.531250 0.566406 0.523438 0.566406 0.523438 0.574219 0.535156 0.574219 0.535156 0.566406 0.539062 0.562500 0.558594 0.562500 0.562500 0.566406 0.562500 0.585938 0.570312 0.585938 0.570312 0.574219 0.574219 0.570312 0.613281 0.570312 0.617188 0.566406 0.628906 0.566406 0.632812 0.562500 0.636719 0.562500 0.648438 0.550781 0.652344 0.550781 0.652344 0.542969 0.656250 0.539062 0.671875 0.539062 0.671875 0.535156 0.675781 0.531250 0.675781 0.523438 0.679688 0.519531 0.699219 0.519531 0.699219 0.515625 0.703125 0.511719 0.707031 0.511719 0.710938 0.507812 0.714844 0.507812 0.714844 0.496094 0.710938 0.492188 0.710938 0.476562 0.703125 0.468750 0.691406 0.468750 0.687500 0.472656 0.687500 0.476562 0.679688 0.484375 0.675781 0.484375 0.675781 0.496094 0.679688 0.500000 0.679688 0.515625 0.675781 0.519531 0.667969 0.519531 0.667969 0.523438 0.664062 0.527344 0.656250 0.527344 0.652344 0.531250 0.652344 0.535156 0.648438 0.539062 0.621094 0.539062 0.621094 0.546875 0.617188 0.550781 0.578125 0.550781 0.574219 0.546875 0.574219 0.542969 0.554688 0.542969 0.550781 0.539062 0.550781 0.523438 0.546875 0.519531 0.546875 0.511719 0.542969 0.507812 0.542969 0.488281 0.546875 0.484375 0.546875 0.476562 0.550781 0.472656 0.550781 0.460938 0.546875 0.457031 0.546875 0.453125 0.542969 0.449219 0.542969 0.445312 0.535156 0.445312 0.527344 0.453125 0.527344 0.464844 0.523438 0.468750 0.507812 0.468750 0.503906 0.464844 0.503906 0.460938 0.500000 0.457031 0.500000 0.441406 0.503906 0.437500 0.503906 0.433594 0.507812 0.429688 0.507812 0.402344 0.511719 0.398438 0.531250 0.398438 0.531250 0.394531 0.535156 0.390625 0.535156 0.382812 0.531250 0.378906
2 0.609375 0.351562 0.609375 0.359375 0.605469 0.363281 0.605469 0.402344 0.617188 0.402344 0.621094 0.398438 0.648438 0.398438 0.648438 0.378906 0.652344 0.375000 0.652344 0.367188 0.648438 0.367188 0.644531 0.363281 0.644531 0.359375 0.621094 0.359375 0.617188 0.355469 0.617188 0.351562
2 0.792969 0.335938 0.789062 0.339844 0.789062 0.355469 0.785156 0.359375 0.769531 0.359375 0.765625 0.363281 0.753906 0.363281 0.750000 0.367188 0.750000 0.378906 0.761719 0.378906 0.765625 0.382812 0.765625 0.398438 0.761719 0.402344 0.757812 0.402344 0.750000 0.410156 0.750000 0.417969 0.746094 0.421875 0.730469 0.421875 0.730469 0.425781 0.726562 0.429688 0.726562 0.441406 0.730469 0.441406 0.734375 0.445312 0.738281 0.445312 0.742188 0.449219 0.742188 0.457031 0.746094 0.460938 0.757812 0.460938 0.769531 0.449219 0.769531 0.425781 0.777344 0.417969 0.777344 0.398438 0.785156 0.390625 0.789062 0.390625 0.792969 0.386719 0.792969 0.375000 0.796875 0.371094 0.816406 0.371094 0.820312 0.375000 0.828125 0.375000 0.832031 0.371094 0.835938 0.371094 0.835938 0.363281 0.828125 0.355469 0.824219 0.355469 0.820312 0.351562 0.816406 0.351562 0.812500 0.347656 0.812500 0.339844 0.804688 0.339844 0.800781 0.335938
2 0.796875 0.281250 0.796875 0.285156 0.792969 0.289062 0.789062 0.289062 0.785156 0.292969 0.765625 0.292969 0.765625 0.304688 0.792969 0.304688 0.792969 0.300781 0.796875 0.296875 0.800781 0.296875 0.804688 0.292969 0.804688 0.281250
2 0.460938 0.269531 0.457031 0.273438 0.457031 0.277344 0.449219 0.285156 0.449219 0.316406 0.445312 0.320312 0.437500 0.320312 0.437500 0.343750 0.441406 0.343750 0.445312 0.347656 0.445312 0.355469 0.453125 0.355469 0.453125 0.328125 0.457031 0.324219 0.472656 0.324219 0.472656 0.312500 0.476562 0.308594 0.480469 0.308594 0.484375 0.304688 0.519531 0.304688 0.519531 0.296875 0.515625 0.296875 0.511719 0.292969 0.511719 0.285156 0.488281 0.285156 0.480469 0.277344 0.480469 0.273438 0.476562 0.269531
2 0.523438 0.230469 0.523438 0.238281 0.527344 0.238281 0.531250 0.242188 0.550781 0.242188 0.554688 0.246094 0.570312 0.246094 0.570312 0.238281 0.542969 0.238281 0.535156 0.230469
2 0.625000 0.140625 0.625000 0.148438 0.628906 0.152344 0.636719 0.152344 0.640625 0.156250 0.640625 0.187500 0.636719 0.191406 0.636719 0.199219 0.632812 0.203125 0.632812 0.210938 0.640625 0.210938 0.640625 0.203125 0.644531 0.199219 0.644531 0.195312 0.660156 0.179688 0.667969 0.179688 0.667969 0.171875 0.664062 0.171875 0.660156 0.167969 0.660156 0.152344 0.644531 0.152344 0.640625 0.148438 0.640625 0.144531 0.636719 0.140625
2 0.550781 0.093750 0.546875 0.097656 0.539062 0.097656 0.535156 0.101562 0.535156 0.109375 0.550781 0.109375 0.554688 0.113281 0.554688 0.132812 0.558594 0.132812 0.562500 0.136719 0.562500 0.140625 0.566406 0.144531 0.566406 0.152344 0.570312 0.156250 0.570312 0.183594 0.574219 0.187500 0.574219 0.191406 0.582031 0.199219 0.582031 0.234375 0.589844 0.234375 0.593750 0.238281 0.601562 0.238281 0.605469 0.242188 0.605469 0.265625 0.613281 0.273438 0.613281 0.289062 0.609375 0.292969 0.609375 0.320312 0.617188 0.320312 0.621094 0.316406 0.621094 0.308594 0.617188 0.304688 0.617188 0.289062 0.621094 0.285156 0.621094 0.265625 0.625000 0.261719 0.625000 0.257812 0.628906 0.253906 0.628906 0.246094 0.625000 0.242188 0.625000 0.214844 0.613281 0.214844 0.605469 0.207031 0.605469 0.203125 0.597656 0.195312 0.593750 0.195312 0.589844 0.191406 0.589844 0.183594 0.585938 0.183594 0.582031 0.179688 0.582031 0.175781 0.578125 0.171875 0.578125 0.156250 0.585938 0.148438 0.585938 0.140625 0.582031 0.136719 0.578125 0.136719 0.574219 0.132812 0.574219 0.105469 0.562500 0.105469 0.558594 0.101562 0.558594 0.093750
