2 0.453125 0.921875 0.453125 0.933594 0.464844 0.945312 0.464844 0.949219 0.468750 0.953125 0.468750 0.976562 0.472656 0.980469 0.500000 0.980469 0.503906 0.984375 0.511719 0.984375 0.511719 0.976562 0.492188 0.976562 0.488281 0.972656 0.488281 0.960938 0.480469 0.960938 0.472656 0.953125 0.472656 0.933594 0.468750 0.929688 0.468750 0.921875
2 0.476562 0.863281 0.476562 0.890625 0.472656 0.894531 0.472656 0.910156 0.492188 0.910156 0.492188 0.902344 0.488281 0.898438 0.488281 0.882812 0.484375 0.878906 0.484375 0.863281
2 0.527344 0.738281 0.527344 0.742188 0.515625 0.753906 0.496094 0.753906 0.492188 0.750000 0.484375 0.750000 0.476562 0.757812 0.468750 0.757812 0.464844 0.761719 0.464844 0.765625 0.460938 0.769531 0.460938 0.789062 0.464844 0.792969 0.480469 0.792969 0.484375 0.796875 0.484375 0.800781 0.492188 0.800781 0.492188 0.792969 0.496094 0.789062 0.496094 0.781250 0.503906 0.773438 0.531250 0.773438 0.531250 0.750000 0.535156 0.746094 0.535156 0.738281
2 0.542969 0.707031 0.542969 0.726562 0.554688 0.726562 0.558594 0.730469 0.558594 0.734375 0.562500 0.738281 0.562500 0.742188 0.593750 0.742188 0.593750 0.734375 0.585938 0.726562 0.582031 0.726562 0.578125 0.722656 0.578125 0.707031
2 0.765625 0.582031 0.761719 0.585938 0.753906 0.585938 0.750000 0.589844 0.738281 0.589844 0.738281 0.601562 0.742188 0.601562 0.746094 0.605469 0.750000 0.605469 0.753906 0.609375 0.765625 0.609375 0.769531 0.613281 0.777344 0.613281 0.781250 0.617188 0.789062 0.617188 0.792969 0.613281 0.792969 0.589844 0.789062 0.585938 0.789062 0.582031
2 0.269531 0.515625 0.265625 0.519531 0.257812 0.519531 0.257812 0.531250 0.261719 0.531250 0.265625 0.535156 0.265625 0.539062 0.273438 0.546875 0.273438 0.550781 0.277344 0.554688 0.277344 0.570312 0.273438 0.574219 0.269531 0.574219 0.269531 0.585938 0.273438 0.589844 0.277344 0.589844 0.281250 0.593750 0.281250 0.632812 0.277344 0.636719 0.269531 0.636719 0.269531 0.640625 0.261719 0.648438 0.242188 0.648438 0.238281 0.644531 0.238281 0.617188 0.226562 0.605469 0.218750 0.605469 0.218750 0.648438 0.210938 0.656250 0.175781 0.656250 0.175781 0.664062 0.171875 0.667969 0.171875 0.675781 0.179688 0.683594 0.179688 0.687500 0.210938 0.687500 0.214844 0.691406 0.214844 0.695312 0.230469 0.695312 0.234375 0.699219 0.257812 0.699219 0.261719 0.695312 0.261719 0.679688 0.265625 0.675781 0.281250 0.675781 0.281250 0.667969 0.285156 0.664062 0.339844 0.664062 0.347656 0.671875 0.347656 0.683594 0.351562 0.687500 0.359375 0.687500 0.363281 0.691406 0.367188 0.691406 0.371094 0.695312 0.375000 0.695312 0.378906 0.699219 0.382812 0.699219 0.386719 0.703125 0.394531 0.703125 0.398438 0.699219 0.414062 0.699219 0.417969 0.703125 0.417969 0.718750 0.421875 0.718750 0.425781 0.722656 0.433594 0.722656 0.433594 0.714844 0.429688 0.710938 0.429688 0.703125 0.425781 0.699219 0.425781 0.695312 0.421875 0.691406 0.421875 0.687500 0.417969 0.683594 0.417969 0.675781 0.414062 0.671875 0.414062 0.667969 0.410156 0.664062 0.410156 0.660156 0.406250 0.660156 0.398438 0.652344 0.398438 0.609375 0.406250 0.601562 0.406250 0.582031 0.410156 0.578125 0.414062 0.578125 0.414062 0.570312 0.406250 0.570312 0.406250 0.578125 0.402344 0.582031 0.375000 0.582031 0.375000 0.585938 0.371094 0.589844 0.371094 0.593750 0.367188 0.597656 0.328125 0.597656 0.324219 0.593750 0.324219 0.585938 0.320312 0.582031 0.320312 0.574219 0.308594 0.574219 0.304688 0.570312 0.304688 0.542969 0.308594 0.539062 0.308594 0.531250 0.289062 0.531250 0.285156 0.527344 0.285156 0.519531 0.281250 0.519531 0.277344 0.515625
2 0.179688 0.472656 0.179688 0.476562 0.175781 0.480469 0.160156 0.480469 0.160156 0.488281 0.164062 0.492188 0.164062 0.496094 0.167969 0.500000 0.179688 0.500000 0.183594 0.503906 0.183594 0.519531 0.179688 0.523438 0.171875 0.523438 0.171875 0.531250 0.183594 0.542969 0.183594 0.562500 0.179688 0.566406 0.179688 0.578125 0.187500 0.578125 0.191406 0.582031 0.191406 0.585938 0.195312 0.585938 0.199219 0.589844 0.199219 0.593750 0.207031 0.593750 0.207031 0.585938 0.203125 0.582031 0.203125 0.566406 0.207031 0.562500 0.238281 0.562500 0.238281 0.554688 0.234375 0.550781 0.214844 0.550781 0.210938 0.546875 0.210938 0.527344 0.214844 0.523438 0.226562 0.523438 0.230469 0.519531 0.230469 0.515625 0.234375 0.511719 0.246094 0.511719 0.246094 0.496094 0.242188 0.492188 0.226562 0.492188 0.222656 0.488281 0.210938 0.488281 0.207031 0.484375 0.199219 0.484375 0.195312 0.480469 0.195312 0.476562 0.191406 0.472656
2 0.562500 0.390625 0.562500 0.402344 0.570312 0.410156 0.578125 0.410156 0.582031 0.406250 0.582031 0.394531 0.578125 0.390625
2 0.230469 0.390625 0.226562 0.394531 0.222656 0.394531 0.218750 0.398438 0.218750 0.406250 0.230469 0.406250 0.242188 0.417969 0.242188 0.421875 0.250000 0.429688 0.250000 0.453125 0.253906 0.453125 0.257812 0.457031 0.265625 0.457031 0.265625 0.449219 0.269531 0.445312 0.269531 0.437500 0.257812 0.437500 0.253906 0.433594 0.253906 0.414062 0.257812 0.410156 0.257812 0.402344 0.253906 0.398438 0.250000 0.398438 0.246094 0.394531 0.242188 0.394531 0.238281 0.390625
2 0.539062 0.304688 0.539062 0.335938 0.535156 0.339844 0.535156 0.363281 0.558594 0.363281 0.558594 0.339844 0.554688 0.335938 0.554688 0.304688
2 0.496094 0.230469 0.496094 0.265625 0.492188 0.269531 0.484375 0.269531 0.480469 0.273438 0.453125 0.273438 0.449219 0.277344 0.441406 0.277344 0.441406 0.296875 0.437500 0.300781 0.410156 0.300781 0.402344 0.292969 0.394531 0.292969 0.394531 0.308594 0.390625 0.312500 0.386719 0.312500 0.386719 0.332031 0.398438 0.343750 0.414062 0.343750 0.417969 0.347656 0.417969 0.394531 0.414062 0.398438 0.398438 0.398438 0.398438 0.402344 0.394531 0.406250 0.363281 0.406250 0.359375 0.402344 0.359375 0.394531 0.355469 0.390625 0.355469 0.386719 0.347656 0.386719 0.339844 0.378906 0.339844 0.375000 0.335938 0.371094 0.335938 0.351562 0.332031 0.347656 0.332031 0.343750 0.328125 0.339844 0.328125 0.335938 0.324219 0.332031 0.324219 0.328125 0.316406 0.320312 0.316406 0.312500 0.312500 0.308594 0.304688 0.308594 0.304688 0.312500 0.300781 0.316406 0.300781 0.324219 0.304688 0.328125 0.304688 0.332031 0.312500 0.339844 0.312500 0.351562 0.316406 0.355469 0.316406 0.371094 0.312500 0.375000 0.300781 0.375000 0.300781 0.382812 0.308594 0.390625 0.312500 0.390625 0.316406 0.394531 0.320312 0.394531 0.324219 0.398438 0.324219 0.402344 0.335938 0.402344 0.339844 0.406250 0.339844 0.425781 0.351562 0.425781 0.351562 0.417969 0.355469 0.414062 0.378906 0.414062 0.382812 0.410156 0.406250 0.410156 0.410156 0.414062 0.410156 0.449219 0.414062 0.449219 0.417969 0.453125 0.417969 0.457031 0.425781 0.457031 0.425781 0.449219 0.429688 0.445312 0.429688 0.437500 0.433594 0.433594 0.433594 0.429688 0.437500 0.425781 0.468750 0.425781 0.472656 0.429688 0.472656 0.433594 0.476562 0.437500 0.476562 0.441406 0.484375 0.441406 0.488281 0.445312 0.488281 0.449219 0.492188 0.453125 0.492188 0.460938 0.496094 0.464844 0.496094 0.468750 0.500000 0.472656 0.500000 0.488281 0.496094 0.492188 0.492188 0.492188 0.488281 0.496094 0.484375 0.496094 0.480469 0.500000 0.460938 0.500000 0.460938 0.503906 0.457031 0.507812 0.433594 0.507812 0.429688 0.511719 0.429688 0.531250 0.433594 0.535156 0.433594 0.546875 0.437500 0.546875 0.441406 0.550781 0.441406 0.566406 0.449219 0.566406 0.453125 0.562500 0.472656 0.562500 0.476562 0.566406 0.476562 0.617188 0.484375 0.625000 0.484375 0.632812 0.488281 0.636719 0.488281 0.640625 0.496094 0.640625 0.496094 0.617188 0.500000 0.613281 0.515625 0.613281 0.519531 0.609375 0.542969 0.609375 0.542969 0.585938 0.546875 0.582031 0.550781 0.582031 0.550781 0.566406 0.554688 0.562500 0.554688 0.539062 0.558594 0.535156 0.574219 0.535156 0.574219 0.507812 0.566406 0.507812 0.566406 0.531250 0.562500 0.535156 0.542969 0.535156 0.539062 0.531250 0.539062 0.503906 0.542969 0.500000 0.550781 0.500000 0.550781 0.488281 0.554688 0.484375 0.554688 0.480469 0.558594 0.476562 0.558594 0.460938 0.550781 0.460938 0.546875 0.464844 0.519531 0.464844 0.515625 0.460938 0.515625 0.445312 0.511719 0.445312 0.507812 0.441406 0.492188 0.441406 0.488281 0.437500 0.488281 0.417969 0.484375 0.417969 0.480469 0.414062 0.480469 0.394531 0.484375 0.390625 0.488281 0.390625 0.488281 0.386719 0.492188 0.382812 0.492188 0.367188 0.496094 0.363281 0.496094 0.351562 0.484375 0.339844 0.429688 0.339844 0.425781 0.335938 0.425781 0.320312 0.429688 0.316406 0.433594 0.316406 0.433594 0.312500 0.437500 0.308594 0.445312 0.308594 0.453125 0.300781 0.460938 0.300781 0.464844 0.296875 0.484375 0.296875 0.484375 0.292969 0.488281 0.289062 0.523438 0.289062 0.527344 0.292969 0.535156 0.292969 0.535156 0.265625 0.539062 0.261719 0.539062 0.250000 0.542969 0.246094 0.558594 0.246094 0.562500 0.250000 0.566406 0.250000 0.570312 0.253906 0.574219 0.253906 0.578125 0.257812 0.578125 0.261719 0.593750 0.261719 0.597656 0.265625 0.597656 0.269531 0.601562 0.269531 0.605469 0.273438 0.605469 0.300781 0.640625 0.300781 0.644531 0.304688 0.644531 0.308594 0.652344 0.308594 0.652344 0.292969 0.640625 0.292969 0.636719 0.289062 0.636719 0.285156 0.632812 0.285156 0.628906 0.281250 0.628906 0.277344 0.625000 0.277344 0.621094 0.273438 0.621094 0.265625 0.613281 0.265625 0.609375 0.261719 0.597656 0.261719 0.593750 0.257812 0.593750 0.253906 0.585938 0.246094 0.578125 0.246094 0.574219 0.242188 0.562500 0.242188 0.554688 0.234375 0.550781 0.234375 0.546875 0.230469 0.535156 0.230469 0.531250 0.234375 0.515625 0.234375 0.511719 0.230469
2 0.375000 0.167969 0.367188 0.175781 0.367188 0.183594 0.371094 0.187500 0.371094 0.195312 0.398438 0.195312 0.402344 0.199219 0.402344 0.226562 0.398438 0.230469 0.382812 0.230469 0.382812 0.261719 0.386719 0.265625 0.398438 0.265625 0.402344 0.261719 0.421875 0.261719 0.421875 0.246094 0.425781 0.242188 0.453125 0.242188 0.453125 0.222656 0.457031 0.218750 0.472656 0.218750 0.476562 0.222656 0.476562 0.226562 0.488281 0.226562 0.488281 0.210938 0.492188 0.207031 0.503906 0.207031 0.507812 0.203125 0.507812 0.195312 0.503906 0.191406 0.468750 0.191406 0.457031 0.203125 0.437500 0.203125 0.433594 0.199219 0.433594 0.195312 0.425781 0.195312 0.421875 0.191406 0.394531 0.191406 0.390625 0.187500 0.390625 0.183594 0.386719 0.179688 0.386719 0.175781 0.382812 0.171875 0.382812 0.167969
2 0.484375 0.136719 0.484375 0.144531 0.488281 0.144531 0.492188 0.148438 0.492188 0.152344 0.500000 0.152344 0.500000 0.144531 0.496094 0.140625 0.496094 0.136719
2 0.382812 0.046875 0.382812 0.054688 0.394531 0.066406 0.398438 0.066406 0.402344 0.070312 0.410156 0.070312 0.414062 0.074219 0.414062 0.109375 0.433594 0.109375 0.437500 0.105469 0.449219 0.105469 0.453125 0.101562 0.453125 0.093750 0.449219 0.089844 0.445312 0.089844 0.441406 0.085938 0.437500 0.085938 0.433594 0.082031 0.429688 0.082031 0.425781 0.078125 0.425781 0.074219 0.421875 0.070312 0.414062 0.070312 0.410156 0.066406 0.410156 0.062500 0.406250 0.062500 0.398438 0.054688 0.398438 0.050781 0.394531 0.050781 0.390625 0.046875
2 0.367188 0.027344 0.367188 0.035156 0.378906 0.035156 0.378906 0.027344
