2 0.406250 0.917969 0.402344 0.921875 0.398438 0.921875 0.398438 0.925781 0.394531 0.929688 0.390625 0.929688 0.386719 0.933594 0.382812 0.933594 0.378906 0.937500 0.375000 0.937500 0.375000 0.945312 0.390625 0.945312 0.398438 0.937500 0.402344 0.937500 0.406250 0.933594 0.410156 0.933594 0.417969 0.925781 0.417969 0.917969
2 0.757812 0.710938 0.757812 0.714844 0.753906 0.718750 0.746094 0.718750 0.738281 0.726562 0.738281 0.742188 0.742188 0.746094 0.757812 0.746094 0.761719 0.742188 0.765625 0.742188 0.769531 0.738281 0.777344 0.738281 0.777344 0.734375 0.781250 0.730469 0.781250 0.718750 0.777344 0.718750 0.773438 0.714844 0.773438 0.710938
2 0.843750 0.656250 0.843750 0.675781 0.839844 0.679688 0.828125 0.679688 0.828125 0.683594 0.820312 0.691406 0.816406 0.691406 0.812500 0.695312 0.804688 0.695312 0.804688 0.710938 0.808594 0.714844 0.812500 0.714844 0.816406 0.718750 0.824219 0.718750 0.828125 0.714844 0.828125 0.703125 0.832031 0.699219 0.847656 0.699219 0.851562 0.695312 0.851562 0.656250
2 0.859375 0.625000 0.859375 0.632812 0.867188 0.632812 0.867188 0.625000
2 0.773438 0.621094 0.773438 0.628906 0.781250 0.628906 0.781250 0.621094
2 0.800781 0.609375 0.800781 0.617188 0.812500 0.617188 0.812500 0.609375
2 0.867188 0.574219 0.867188 0.582031 0.878906 0.582031 0.878906 0.574219
2 0.808594 0.507812 0.804688 0.511719 0.800781 0.511719 0.800781 0.515625 0.796875 0.519531 0.792969 0.519531 0.792969 0.527344 0.824219 0.527344 0.828125 0.531250 0.835938 0.531250 0.839844 0.535156 0.839844 0.539062 0.843750 0.542969 0.851562 0.542969 0.855469 0.546875 0.855469 0.550781 0.863281 0.550781 0.863281 0.542969 0.855469 0.542969 0.851562 0.539062 0.851562 0.535156 0.847656 0.531250 0.839844 0.531250 0.835938 0.527344 0.835938 0.519531 0.832031 0.519531 0.828125 0.515625 0.828125 0.507812
2 0.218750 0.363281 0.218750 0.367188 0.214844 0.371094 0.214844 0.378906 0.226562 0.378906 0.226562 0.363281
2 0.664062 0.332031 0.664062 0.343750 0.667969 0.347656 0.667969 0.359375 0.671875 0.363281 0.671875 0.382812 0.667969 0.386719 0.656250 0.386719 0.656250 0.394531 0.660156 0.398438 0.660156 0.417969 0.671875 0.417969 0.671875 0.410156 0.675781 0.406250 0.679688 0.406250 0.679688 0.375000 0.687500 0.367188 0.703125 0.367188 0.707031 0.371094 0.718750 0.371094 0.718750 0.359375 0.714844 0.359375 0.703125 0.347656 0.699219 0.347656 0.695312 0.343750 0.695312 0.335938 0.675781 0.335938 0.671875 0.332031
2 0.250000 0.324219 0.246094 0.328125 0.242188 0.328125 0.242188 0.332031 0.238281 0.335938 0.234375 0.335938 0.230469 0.339844 0.230469 0.355469 0.238281 0.355469 0.238281 0.351562 0.242188 0.347656 0.246094 0.347656 0.253906 0.339844 0.257812 0.339844 0.257812 0.324219
2 0.621094 0.289062 0.621094 0.292969 0.617188 0.296875 0.617188 0.308594 0.625000 0.308594 0.625000 0.304688 0.628906 0.300781 0.632812 0.300781 0.632812 0.289062
2 0.281250 0.285156 0.281250 0.292969 0.277344 0.296875 0.273438 0.296875 0.273438 0.300781 0.269531 0.304688 0.269531 0.312500 0.281250 0.312500 0.281250 0.296875 0.285156 0.292969 0.289062 0.292969 0.289062 0.285156
2 0.636719 0.261719 0.636719 0.269531 0.648438 0.269531 0.648438 0.261719
2 0.546875 0.140625 0.546875 0.144531 0.542969 0.148438 0.542969 0.152344 0.539062 0.156250 0.535156 0.156250 0.535156 0.167969 0.531250 0.171875 0.519531 0.171875 0.515625 0.175781 0.511719 0.175781 0.503906 0.183594 0.484375 0.183594 0.480469 0.187500 0.468750 0.187500 0.468750 0.199219 0.472656 0.203125 0.496094 0.203125 0.500000 0.207031 0.500000 0.210938 0.503906 0.210938 0.511719 0.218750 0.511719 0.238281 0.507812 0.242188 0.484375 0.242188 0.476562 0.234375 0.476562 0.230469 0.449219 0.230469 0.445312 0.226562 0.437500 0.226562 0.437500 0.253906 0.433594 0.257812 0.425781 0.257812 0.425781 0.277344 0.421875 0.281250 0.394531 0.281250 0.390625 0.277344 0.390625 0.273438 0.378906 0.273438 0.378906 0.281250 0.394531 0.281250 0.398438 0.285156 0.398438 0.304688 0.394531 0.308594 0.390625 0.308594 0.390625 0.332031 0.386719 0.335938 0.371094 0.335938 0.367188 0.332031 0.363281 0.332031 0.359375 0.328125 0.359375 0.304688 0.351562 0.304688 0.347656 0.308594 0.347656 0.324219 0.343750 0.328125 0.328125 0.328125 0.328125 0.339844 0.335938 0.339844 0.339844 0.343750 0.339844 0.363281 0.335938 0.367188 0.320312 0.367188 0.316406 0.371094 0.316406 0.375000 0.312500 0.378906 0.312500 0.386719 0.308594 0.390625 0.304688 0.390625 0.300781 0.394531 0.300781 0.402344 0.296875 0.406250 0.277344 0.406250 0.277344 0.414062 0.281250 0.414062 0.285156 0.417969 0.285156 0.421875 0.292969 0.421875 0.296875 0.425781 0.296875 0.441406 0.292969 0.445312 0.265625 0.445312 0.265625 0.453125 0.261719 0.457031 0.261719 0.484375 0.257812 0.488281 0.257812 0.492188 0.253906 0.496094 0.253906 0.523438 0.257812 0.527344 0.265625 0.527344 0.265625 0.523438 0.269531 0.519531 0.269531 0.500000 0.273438 0.496094 0.289062 0.496094 0.292969 0.500000 0.316406 0.500000 0.320312 0.503906 0.320312 0.519531 0.316406 0.523438 0.316406 0.539062 0.312500 0.542969 0.312500 0.546875 0.308594 0.550781 0.300781 0.550781 0.296875 0.554688 0.289062 0.554688 0.289062 0.566406 0.300781 0.578125 0.300781 0.605469 0.335938 0.605469 0.339844 0.609375 0.339844 0.640625 0.335938 0.644531 0.332031 0.644531 0.332031 0.648438 0.328125 0.652344 0.316406 0.652344 0.316406 0.664062 0.332031 0.664062 0.335938 0.667969 0.343750 0.667969 0.351562 0.675781 0.359375 0.675781 0.378906 0.695312 0.378906 0.699219 0.386719 0.699219 0.390625 0.703125 0.390625 0.730469 0.421875 0.730469 0.425781 0.734375 0.425781 0.742188 0.429688 0.746094 0.429688 0.750000 0.437500 0.757812 0.441406 0.757812 0.445312 0.761719 0.445312 0.765625 0.449219 0.769531 0.449219 0.781250 0.453125 0.785156 0.453125 0.800781 0.449219 0.804688 0.445312 0.804688 0.445312 0.808594 0.441406 0.812500 0.441406 0.828125 0.433594 0.835938 0.429688 0.835938 0.425781 0.839844 0.425781 0.855469 0.417969 0.863281 0.414062 0.863281 0.414062 0.875000 0.417969 0.878906 0.417969 0.886719 0.421875 0.890625 0.429688 0.890625 0.437500 0.882812 0.437500 0.867188 0.441406 0.863281 0.449219 0.863281 0.453125 0.859375 0.457031 0.859375 0.472656 0.843750 0.472656 0.839844 0.476562 0.835938 0.476562 0.824219 0.460938 0.824219 0.457031 0.820312 0.457031 0.800781 0.460938 0.796875 0.484375 0.796875 0.488281 0.800781 0.503906 0.800781 0.503906 0.792969 0.496094 0.785156 0.496094 0.742188 0.500000 0.738281 0.523438 0.738281 0.523438 0.734375 0.527344 0.730469 0.546875 0.730469 0.546875 0.718750 0.550781 0.714844 0.550781 0.710938 0.558594 0.703125 0.585938 0.703125 0.589844 0.707031 0.589844 0.726562 0.601562 0.726562 0.605469 0.722656 0.605469 0.718750 0.609375 0.714844 0.625000 0.714844 0.628906 0.710938 0.636719 0.710938 0.636719 0.707031 0.640625 0.703125 0.660156 0.703125 0.664062 0.707031 0.664062 0.726562 0.671875 0.726562 0.671875 0.714844 0.675781 0.710938 0.675781 0.707031 0.679688 0.703125 0.683594 0.703125 0.687500 0.699219 0.691406 0.699219 0.695312 0.695312 0.695312 0.691406 0.699219 0.687500 0.714844 0.687500 0.718750 0.683594 0.718750 0.679688 0.730469 0.667969 0.734375 0.667969 0.734375 0.660156 0.730469 0.656250 0.730469 0.625000 0.734375 0.621094 0.734375 0.609375 0.730469 0.609375 0.726562 0.605469 0.726562 0.597656 0.710938 0.597656 0.707031 0.593750 0.707031 0.589844 0.703125 0.585938 0.703125 0.578125 0.683594 0.578125 0.679688 0.574219 0.679688 0.558594 0.687500 0.550781 0.710938 0.550781 0.710938 0.542969 0.691406 0.542969 0.683594 0.535156 0.683594 0.531250 0.679688 0.531250 0.675781 0.527344 0.675781 0.511719 0.671875 0.507812 0.671875 0.503906 0.667969 0.500000 0.667969 0.496094 0.664062 0.492188 0.664062 0.480469 0.660156 0.480469 0.656250 0.476562 0.640625 0.476562 0.632812 0.468750 0.632812 0.464844 0.625000 0.457031 0.613281 0.457031 0.609375 0.460938 0.593750 0.460938 0.589844 0.457031 0.589844 0.445312 0.585938 0.441406 0.585938 0.421875 0.589844 0.417969 0.589844 0.398438 0.593750 0.394531 0.597656 0.394531 0.597656 0.386719 0.589844 0.386719 0.585938 0.382812 0.585938 0.367188 0.589844 0.363281 0.593750 0.363281 0.597656 0.359375 0.597656 0.343750 0.601562 0.339844 0.601562 0.335938 0.605469 0.332031 0.605469 0.316406 0.582031 0.316406 0.578125 0.312500 0.578125 0.304688 0.574219 0.300781 0.566406 0.300781 0.562500 0.304688 0.562500 0.312500 0.558594 0.316406 0.539062 0.316406 0.535156 0.312500 0.535156 0.296875 0.542969 0.289062 0.542969 0.269531 0.546875 0.265625 0.570312 0.265625 0.574219 0.261719 0.574219 0.250000 0.554688 0.250000 0.550781 0.246094 0.550781 0.226562 0.542969 0.218750 0.542969 0.195312 0.546875 0.191406 0.562500 0.191406 0.562500 0.140625
