2 0.671875 0.925781 0.671875 0.933594 0.667969 0.937500 0.664062 0.937500 0.660156 0.941406 0.660156 0.949219 0.664062 0.949219 0.667969 0.953125 0.671875 0.953125 0.675781 0.957031 0.675781 0.960938 0.710938 0.960938 0.714844 0.957031 0.714844 0.945312 0.707031 0.945312 0.699219 0.937500 0.695312 0.937500 0.691406 0.933594 0.691406 0.929688 0.687500 0.925781
2 0.363281 0.886719 0.359375 0.890625 0.351562 0.890625 0.351562 0.898438 0.359375 0.898438 0.363281 0.902344 0.367188 0.902344 0.371094 0.906250 0.410156 0.906250 0.410156 0.898438 0.406250 0.898438 0.402344 0.894531 0.402344 0.890625 0.382812 0.890625 0.378906 0.886719
2 0.300781 0.738281 0.296875 0.742188 0.292969 0.742188 0.285156 0.750000 0.281250 0.750000 0.281250 0.773438 0.277344 0.777344 0.273438 0.777344 0.269531 0.781250 0.242188 0.781250 0.238281 0.777344 0.238281 0.765625 0.234375 0.761719 0.230469 0.761719 0.226562 0.757812 0.226562 0.753906 0.214844 0.753906 0.214844 0.757812 0.210938 0.761719 0.210938 0.769531 0.214844 0.769531 0.218750 0.773438 0.222656 0.773438 0.230469 0.781250 0.242188 0.781250 0.246094 0.785156 0.246094 0.789062 0.250000 0.789062 0.253906 0.792969 0.253906 0.796875 0.257812 0.800781 0.285156 0.800781 0.285156 0.785156 0.289062 0.781250 0.292969 0.781250 0.292969 0.757812 0.296875 0.753906 0.308594 0.753906 0.308594 0.738281
2 0.679688 0.707031 0.675781 0.710938 0.644531 0.710938 0.636719 0.718750 0.636719 0.722656 0.632812 0.726562 0.625000 0.726562 0.625000 0.746094 0.621094 0.750000 0.609375 0.750000 0.609375 0.761719 0.628906 0.761719 0.632812 0.757812 0.644531 0.757812 0.652344 0.750000 0.679688 0.750000 0.683594 0.746094 0.691406 0.746094 0.691406 0.738281 0.687500 0.734375 0.687500 0.718750 0.691406 0.714844 0.695312 0.714844 0.695312 0.707031
2 0.062500 0.675781 0.062500 0.683594 0.070312 0.691406 0.082031 0.691406 0.082031 0.683594 0.078125 0.683594 0.070312 0.675781
2 0.664062 0.644531 0.664062 0.652344 0.671875 0.652344 0.671875 0.644531
2 0.042969 0.621094 0.039062 0.625000 0.031250 0.625000 0.027344 0.628906 0.023438 0.628906 0.023438 0.636719 0.042969 0.636719 0.050781 0.644531 0.050781 0.656250 0.058594 0.656250 0.058594 0.636719 0.066406 0.628906 0.066406 0.621094
2 0.687500 0.617188 0.679688 0.625000 0.679688 0.632812 0.695312 0.632812 0.695312 0.617188
2 0.796875 0.558594 0.789062 0.566406 0.789062 0.574219 0.785156 0.578125 0.785156 0.582031 0.781250 0.585938 0.777344 0.585938 0.773438 0.589844 0.722656 0.589844 0.718750 0.593750 0.718750 0.605469 0.777344 0.605469 0.781250 0.601562 0.785156 0.601562 0.792969 0.593750 0.796875 0.593750 0.800781 0.589844 0.804688 0.589844 0.808594 0.585938 0.812500 0.585938 0.816406 0.582031 0.816406 0.574219 0.812500 0.570312 0.812500 0.562500 0.808594 0.558594
2 0.730469 0.464844 0.726562 0.468750 0.726562 0.480469 0.722656 0.484375 0.722656 0.492188 0.734375 0.492188 0.742188 0.500000 0.742188 0.519531 0.753906 0.519531 0.757812 0.515625 0.757812 0.503906 0.753906 0.500000 0.753906 0.496094 0.746094 0.488281 0.746094 0.468750 0.742188 0.468750 0.738281 0.464844
2 0.636719 0.429688 0.636719 0.441406 0.648438 0.441406 0.648438 0.433594 0.644531 0.429688
2 0.304688 0.421875 0.304688 0.425781 0.292969 0.437500 0.285156 0.437500 0.285156 0.445312 0.277344 0.453125 0.273438 0.453125 0.269531 0.457031 0.265625 0.457031 0.265625 0.476562 0.261719 0.480469 0.246094 0.480469 0.242188 0.476562 0.226562 0.476562 0.222656 0.480469 0.218750 0.480469 0.218750 0.484375 0.214844 0.488281 0.195312 0.488281 0.195312 0.496094 0.199219 0.500000 0.207031 0.500000 0.207031 0.492188 0.210938 0.488281 0.234375 0.488281 0.238281 0.492188 0.238281 0.507812 0.250000 0.519531 0.261719 0.519531 0.269531 0.527344 0.273438 0.527344 0.277344 0.531250 0.277344 0.535156 0.281250 0.539062 0.281250 0.542969 0.285156 0.546875 0.285156 0.562500 0.289062 0.566406 0.289062 0.574219 0.292969 0.578125 0.292969 0.582031 0.296875 0.585938 0.296875 0.593750 0.300781 0.593750 0.304688 0.597656 0.312500 0.597656 0.316406 0.601562 0.316406 0.632812 0.312500 0.636719 0.296875 0.636719 0.292969 0.632812 0.285156 0.632812 0.281250 0.628906 0.246094 0.628906 0.242188 0.625000 0.238281 0.625000 0.234375 0.621094 0.234375 0.589844 0.246094 0.578125 0.250000 0.578125 0.250000 0.566406 0.246094 0.562500 0.246094 0.558594 0.242188 0.554688 0.234375 0.554688 0.230469 0.550781 0.218750 0.550781 0.218750 0.597656 0.214844 0.601562 0.199219 0.601562 0.195312 0.597656 0.195312 0.582031 0.183594 0.582031 0.179688 0.585938 0.179688 0.589844 0.175781 0.593750 0.175781 0.597656 0.171875 0.601562 0.171875 0.605469 0.164062 0.613281 0.160156 0.613281 0.156250 0.617188 0.105469 0.617188 0.105469 0.628906 0.109375 0.632812 0.136719 0.632812 0.140625 0.628906 0.175781 0.628906 0.179688 0.625000 0.207031 0.625000 0.210938 0.628906 0.210938 0.664062 0.207031 0.667969 0.191406 0.667969 0.187500 0.671875 0.179688 0.671875 0.179688 0.687500 0.183594 0.691406 0.183594 0.718750 0.179688 0.722656 0.175781 0.722656 0.175781 0.746094 0.183594 0.746094 0.183594 0.738281 0.187500 0.734375 0.210938 0.734375 0.210938 0.718750 0.214844 0.714844 0.214844 0.710938 0.218750 0.707031 0.242188 0.707031 0.246094 0.703125 0.246094 0.695312 0.230469 0.695312 0.226562 0.699219 0.210938 0.699219 0.207031 0.695312 0.207031 0.679688 0.210938 0.675781 0.218750 0.675781 0.218750 0.660156 0.222656 0.656250 0.230469 0.656250 0.234375 0.652344 0.250000 0.652344 0.253906 0.656250 0.261719 0.656250 0.265625 0.660156 0.265625 0.679688 0.269531 0.683594 0.269531 0.695312 0.273438 0.699219 0.292969 0.699219 0.296875 0.695312 0.312500 0.695312 0.316406 0.699219 0.316406 0.710938 0.324219 0.718750 0.335938 0.718750 0.335938 0.699219 0.339844 0.695312 0.363281 0.695312 0.367188 0.699219 0.367188 0.707031 0.371094 0.707031 0.375000 0.710938 0.375000 0.718750 0.378906 0.718750 0.382812 0.722656 0.382812 0.750000 0.378906 0.753906 0.375000 0.753906 0.371094 0.757812 0.371094 0.765625 0.375000 0.769531 0.375000 0.773438 0.390625 0.773438 0.394531 0.769531 0.398438 0.769531 0.402344 0.765625 0.402344 0.757812 0.414062 0.746094 0.437500 0.746094 0.437500 0.742188 0.445312 0.734375 0.445312 0.722656 0.441406 0.722656 0.437500 0.718750 0.433594 0.718750 0.429688 0.714844 0.429688 0.699219 0.433594 0.695312 0.441406 0.695312 0.445312 0.691406 0.445312 0.683594 0.449219 0.679688 0.457031 0.679688 0.464844 0.671875 0.484375 0.671875 0.488281 0.675781 0.496094 0.675781 0.500000 0.671875 0.515625 0.671875 0.519531 0.675781 0.519531 0.707031 0.515625 0.710938 0.511719 0.710938 0.511719 0.718750 0.550781 0.718750 0.550781 0.699219 0.554688 0.695312 0.554688 0.691406 0.558594 0.687500 0.558594 0.679688 0.542969 0.679688 0.539062 0.675781 0.539062 0.660156 0.523438 0.660156 0.519531 0.656250 0.500000 0.656250 0.496094 0.652344 0.496094 0.625000 0.488281 0.625000 0.484375 0.621094 0.484375 0.609375 0.476562 0.601562 0.476562 0.597656 0.472656 0.597656 0.468750 0.593750 0.468750 0.578125 0.464844 0.574219 0.464844 0.570312 0.460938 0.566406 0.460938 0.539062 0.464844 0.535156 0.480469 0.535156 0.480469 0.523438 0.484375 0.519531 0.492188 0.519531 0.496094 0.515625 0.519531 0.515625 0.519531 0.507812 0.523438 0.503906 0.531250 0.503906 0.535156 0.500000 0.539062 0.500000 0.539062 0.488281 0.542969 0.484375 0.550781 0.484375 0.550781 0.468750 0.554688 0.464844 0.593750 0.464844 0.597656 0.468750 0.597656 0.480469 0.601562 0.484375 0.601562 0.492188 0.605469 0.496094 0.605469 0.507812 0.609375 0.511719 0.609375 0.546875 0.613281 0.550781 0.613281 0.589844 0.609375 0.593750 0.609375 0.605469 0.640625 0.605469 0.640625 0.597656 0.644531 0.593750 0.644531 0.570312 0.648438 0.566406 0.652344 0.566406 0.652344 0.558594 0.648438 0.554688 0.632812 0.554688 0.628906 0.550781 0.628906 0.531250 0.625000 0.531250 0.621094 0.527344 0.621094 0.523438 0.617188 0.519531 0.617188 0.500000 0.625000 0.492188 0.625000 0.484375 0.628906 0.480469 0.636719 0.480469 0.636719 0.472656 0.621094 0.472656 0.613281 0.464844 0.613281 0.457031 0.589844 0.457031 0.585938 0.453125 0.585938 0.445312 0.574219 0.445312 0.566406 0.453125 0.546875 0.453125 0.542969 0.449219 0.542969 0.445312 0.539062 0.441406 0.539062 0.437500 0.535156 0.433594 0.535156 0.429688 0.531250 0.429688 0.527344 0.425781 0.523438 0.425781 0.519531 0.421875 0.511719 0.421875 0.511719 0.437500 0.507812 0.441406 0.503906 0.441406 0.503906 0.449219 0.507812 0.453125 0.507812 0.476562 0.503906 0.480469 0.484375 0.480469 0.480469 0.476562 0.480469 0.468750 0.468750 0.468750 0.464844 0.464844 0.464844 0.460938 0.460938 0.460938 0.457031 0.457031 0.457031 0.437500 0.449219 0.437500 0.445312 0.441406 0.445312 0.453125 0.441406 0.457031 0.414062 0.457031 0.410156 0.453125 0.410156 0.445312 0.402344 0.445312 0.398438 0.441406 0.398438 0.433594 0.394531 0.429688 0.390625 0.429688 0.386719 0.425781 0.378906 0.425781 0.378906 0.449219 0.375000 0.453125 0.359375 0.453125 0.351562 0.445312 0.351562 0.441406 0.343750 0.441406 0.343750 0.445312 0.339844 0.449219 0.316406 0.449219 0.312500 0.445312 0.312500 0.421875
2 0.738281 0.363281 0.730469 0.371094 0.730469 0.382812 0.726562 0.386719 0.718750 0.386719 0.714844 0.390625 0.714844 0.410156 0.710938 0.414062 0.710938 0.421875 0.718750 0.421875 0.722656 0.425781 0.730469 0.425781 0.734375 0.421875 0.738281 0.421875 0.738281 0.390625 0.742188 0.386719 0.746094 0.386719 0.746094 0.382812 0.750000 0.378906 0.753906 0.378906 0.753906 0.363281
2 0.261719 0.320312 0.261719 0.332031 0.257812 0.335938 0.250000 0.335938 0.246094 0.339844 0.226562 0.339844 0.222656 0.343750 0.214844 0.343750 0.207031 0.351562 0.207031 0.371094 0.218750 0.371094 0.222656 0.367188 0.222656 0.363281 0.230469 0.355469 0.234375 0.355469 0.238281 0.351562 0.257812 0.351562 0.257812 0.335938 0.261719 0.332031 0.281250 0.332031 0.292969 0.343750 0.292969 0.359375 0.289062 0.363281 0.281250 0.363281 0.281250 0.371094 0.285156 0.375000 0.285156 0.402344 0.296875 0.402344 0.300781 0.398438 0.316406 0.398438 0.316406 0.390625 0.308594 0.390625 0.304688 0.386719 0.304688 0.375000 0.300781 0.371094 0.300781 0.355469 0.304688 0.351562 0.328125 0.351562 0.339844 0.363281 0.339844 0.367188 0.347656 0.367188 0.347656 0.359375 0.351562 0.355469 0.351562 0.343750 0.355469 0.339844 0.363281 0.339844 0.363281 0.332031 0.320312 0.332031 0.316406 0.328125 0.316406 0.320312 0.304688 0.320312 0.300781 0.324219 0.273438 0.324219 0.269531 0.320312
2 0.597656 0.296875 0.585938 0.308594 0.585938 0.312500 0.574219 0.324219 0.546875 0.324219 0.546875 0.339844 0.542969 0.343750 0.515625 0.343750 0.515625 0.351562 0.527344 0.351562 0.535156 0.359375 0.535156 0.371094 0.539062 0.375000 0.554688 0.375000 0.558594 0.378906 0.558594 0.402344 0.566406 0.402344 0.570312 0.406250 0.570312 0.410156 0.578125 0.417969 0.589844 0.417969 0.589844 0.410156 0.593750 0.406250 0.605469 0.406250 0.605469 0.390625 0.601562 0.386719 0.601562 0.382812 0.597656 0.378906 0.597656 0.375000 0.593750 0.371094 0.593750 0.335938 0.597656 0.332031 0.601562 0.332031 0.601562 0.324219 0.605469 0.320312 0.605469 0.308594 0.609375 0.304688 0.609375 0.296875
2 0.421875 0.253906 0.417969 0.257812 0.390625 0.257812 0.390625 0.273438 0.402344 0.273438 0.402344 0.269531 0.410156 0.261719 0.425781 0.261719 0.433594 0.269531 0.441406 0.269531 0.445312 0.273438 0.449219 0.273438 0.457031 0.281250 0.457031 0.296875 0.453125 0.300781 0.445312 0.300781 0.445312 0.335938 0.441406 0.339844 0.425781 0.339844 0.417969 0.347656 0.417969 0.371094 0.453125 0.371094 0.457031 0.375000 0.457031 0.378906 0.464844 0.378906 0.464844 0.371094 0.468750 0.367188 0.488281 0.367188 0.492188 0.363281 0.492188 0.355469 0.484375 0.355469 0.480469 0.351562 0.480469 0.335938 0.484375 0.332031 0.500000 0.332031 0.500000 0.316406 0.496094 0.312500 0.496094 0.308594 0.492188 0.308594 0.488281 0.304688 0.488281 0.300781 0.468750 0.300781 0.464844 0.296875 0.464844 0.281250 0.468750 0.277344 0.484375 0.277344 0.484375 0.265625 0.480469 0.265625 0.476562 0.261719 0.476562 0.257812 0.445312 0.257812 0.441406 0.253906
2 0.250000 0.253906 0.246094 0.257812 0.246094 0.265625 0.242188 0.269531 0.242188 0.281250 0.246094 0.285156 0.253906 0.285156 0.253906 0.265625 0.257812 0.261719 0.257812 0.253906
2 0.304688 0.210938 0.304688 0.218750 0.312500 0.218750 0.312500 0.210938
2 0.734375 0.082031 0.734375 0.093750 0.750000 0.093750 0.753906 0.097656 0.753906 0.105469 0.761719 0.105469 0.765625 0.109375 0.765625 0.117188 0.769531 0.117188 0.773438 0.121094 0.777344 0.121094 0.800781 0.144531 0.812500 0.144531 0.816406 0.140625 0.816406 0.132812 0.812500 0.128906 0.808594 0.128906 0.804688 0.125000 0.800781 0.125000 0.796875 0.121094 0.792969 0.121094 0.781250 0.109375 0.777344 0.109375 0.773438 0.105469 0.765625 0.105469 0.761719 0.101562 0.761719 0.093750 0.753906 0.093750 0.750000 0.089844 0.750000 0.085938 0.746094 0.085938 0.742188 0.082031
2 0.656250 0.015625 0.656250 0.023438 0.660156 0.023438 0.671875 0.035156 0.671875 0.039062 0.675781 0.042969 0.675781 0.070312 0.683594 0.070312 0.687500 0.074219 0.687500 0.093750 0.699219 0.093750 0.703125 0.089844 0.707031 0.089844 0.707031 0.078125 0.710938 0.074219 0.722656 0.074219 0.722656 0.062500 0.710938 0.050781 0.707031 0.050781 0.703125 0.046875 0.699219 0.046875 0.687500 0.035156 0.687500 0.031250 0.683594 0.027344 0.683594 0.023438 0.679688 0.019531 0.675781 0.019531 0.671875 0.015625
