2 0.320312 0.785156 0.320312 0.789062 0.316406 0.792969 0.300781 0.792969 0.300781 0.800781 0.304688 0.804688 0.308594 0.804688 0.312500 0.808594 0.312500 0.847656 0.304688 0.855469 0.304688 0.878906 0.308594 0.882812 0.308594 0.886719 0.316406 0.886719 0.320312 0.882812 0.320312 0.871094 0.328125 0.863281 0.328125 0.847656 0.332031 0.843750 0.332031 0.828125 0.335938 0.824219 0.335938 0.820312 0.339844 0.816406 0.339844 0.808594 0.343750 0.804688 0.343750 0.796875 0.339844 0.792969 0.335938 0.792969 0.328125 0.785156
2 0.593750 0.679688 0.593750 0.683594 0.589844 0.687500 0.589844 0.703125 0.585938 0.707031 0.578125 0.707031 0.574219 0.710938 0.574219 0.718750 0.578125 0.722656 0.589844 0.722656 0.589844 0.718750 0.593750 0.714844 0.621094 0.714844 0.621094 0.710938 0.628906 0.703125 0.628906 0.683594 0.613281 0.683594 0.609375 0.679688
2 0.144531 0.636719 0.140625 0.640625 0.140625 0.660156 0.136719 0.664062 0.128906 0.664062 0.128906 0.671875 0.132812 0.671875 0.136719 0.675781 0.136719 0.691406 0.132812 0.695312 0.125000 0.695312 0.121094 0.699219 0.105469 0.699219 0.097656 0.691406 0.097656 0.687500 0.085938 0.687500 0.085938 0.695312 0.089844 0.699219 0.089844 0.722656 0.093750 0.726562 0.105469 0.726562 0.113281 0.718750 0.113281 0.710938 0.117188 0.707031 0.136719 0.707031 0.140625 0.703125 0.144531 0.703125 0.144531 0.671875 0.148438 0.667969 0.152344 0.667969 0.152344 0.664062 0.156250 0.660156 0.156250 0.636719
2 0.285156 0.593750 0.281250 0.597656 0.277344 0.597656 0.277344 0.613281 0.285156 0.613281 0.289062 0.617188 0.292969 0.617188 0.296875 0.621094 0.296875 0.656250 0.292969 0.660156 0.273438 0.660156 0.269531 0.656250 0.269531 0.648438 0.265625 0.644531 0.265625 0.621094 0.253906 0.621094 0.250000 0.617188 0.246094 0.617188 0.238281 0.609375 0.222656 0.609375 0.214844 0.617188 0.214844 0.640625 0.222656 0.648438 0.226562 0.648438 0.234375 0.656250 0.250000 0.656250 0.253906 0.660156 0.253906 0.683594 0.257812 0.687500 0.269531 0.687500 0.273438 0.683594 0.281250 0.683594 0.285156 0.679688 0.285156 0.675781 0.289062 0.671875 0.304688 0.671875 0.320312 0.687500 0.359375 0.687500 0.363281 0.691406 0.363281 0.718750 0.371094 0.718750 0.371094 0.714844 0.375000 0.710938 0.378906 0.710938 0.378906 0.707031 0.386719 0.699219 0.386719 0.679688 0.390625 0.675781 0.390625 0.671875 0.394531 0.667969 0.398438 0.667969 0.398438 0.664062 0.402344 0.660156 0.406250 0.660156 0.410156 0.656250 0.410156 0.648438 0.398438 0.648438 0.390625 0.656250 0.382812 0.656250 0.382812 0.660156 0.378906 0.664062 0.324219 0.664062 0.316406 0.656250 0.316406 0.640625 0.328125 0.628906 0.328125 0.617188 0.320312 0.617188 0.316406 0.613281 0.316406 0.593750
2 0.378906 0.585938 0.375000 0.589844 0.371094 0.589844 0.371094 0.597656 0.390625 0.597656 0.394531 0.593750 0.398438 0.593750 0.398438 0.585938
2 0.652344 0.539062 0.652344 0.542969 0.644531 0.550781 0.636719 0.550781 0.636719 0.554688 0.632812 0.558594 0.625000 0.558594 0.625000 0.566406 0.621094 0.570312 0.613281 0.570312 0.609375 0.574219 0.597656 0.574219 0.582031 0.589844 0.582031 0.613281 0.589844 0.613281 0.589844 0.609375 0.593750 0.605469 0.605469 0.605469 0.613281 0.597656 0.621094 0.597656 0.625000 0.593750 0.628906 0.593750 0.628906 0.585938 0.644531 0.570312 0.648438 0.570312 0.648438 0.566406 0.652344 0.562500 0.656250 0.562500 0.656250 0.550781 0.660156 0.546875 0.660156 0.539062
2 0.894531 0.492188 0.894531 0.503906 0.902344 0.511719 0.902344 0.519531 0.914062 0.519531 0.914062 0.511719 0.910156 0.507812 0.910156 0.500000 0.902344 0.492188
2 0.421875 0.488281 0.414062 0.496094 0.414062 0.503906 0.417969 0.503906 0.421875 0.507812 0.421875 0.527344 0.417969 0.531250 0.402344 0.531250 0.398438 0.527344 0.390625 0.527344 0.386719 0.531250 0.386719 0.539062 0.390625 0.542969 0.390625 0.550781 0.402344 0.562500 0.429688 0.562500 0.433594 0.558594 0.464844 0.558594 0.468750 0.562500 0.468750 0.570312 0.480469 0.570312 0.488281 0.562500 0.496094 0.562500 0.500000 0.558594 0.503906 0.558594 0.507812 0.554688 0.511719 0.554688 0.511719 0.550781 0.515625 0.546875 0.531250 0.546875 0.542969 0.535156 0.546875 0.535156 0.546875 0.523438 0.539062 0.523438 0.535156 0.527344 0.531250 0.527344 0.531250 0.531250 0.527344 0.535156 0.519531 0.535156 0.519531 0.542969 0.515625 0.546875 0.476562 0.546875 0.472656 0.542969 0.472656 0.535156 0.460938 0.535156 0.457031 0.531250 0.445312 0.531250 0.441406 0.527344 0.441406 0.503906 0.437500 0.500000 0.437500 0.488281
2 0.878906 0.480469 0.878906 0.488281 0.886719 0.488281 0.886719 0.480469
2 0.796875 0.398438 0.796875 0.406250 0.792969 0.410156 0.792969 0.421875 0.800781 0.429688 0.812500 0.429688 0.816406 0.433594 0.816406 0.453125 0.820312 0.453125 0.824219 0.457031 0.824219 0.472656 0.828125 0.476562 0.839844 0.476562 0.839844 0.460938 0.835938 0.457031 0.835938 0.437500 0.832031 0.433594 0.832031 0.417969 0.828125 0.414062 0.828125 0.410156 0.824219 0.406250 0.824219 0.402344 0.812500 0.402344 0.808594 0.398438
2 0.546875 0.398438 0.546875 0.406250 0.554688 0.406250 0.554688 0.398438
2 0.234375 0.398438 0.234375 0.414062 0.230469 0.417969 0.214844 0.417969 0.207031 0.410156 0.207031 0.406250 0.199219 0.406250 0.195312 0.410156 0.191406 0.410156 0.191406 0.417969 0.195312 0.417969 0.199219 0.421875 0.203125 0.421875 0.207031 0.425781 0.207031 0.441406 0.203125 0.445312 0.203125 0.453125 0.199219 0.457031 0.199219 0.468750 0.195312 0.472656 0.179688 0.472656 0.179688 0.480469 0.195312 0.480469 0.199219 0.484375 0.199219 0.503906 0.195312 0.507812 0.179688 0.507812 0.179688 0.515625 0.183594 0.519531 0.203125 0.519531 0.203125 0.500000 0.207031 0.496094 0.210938 0.496094 0.214844 0.492188 0.214844 0.488281 0.218750 0.484375 0.218750 0.457031 0.222656 0.453125 0.222656 0.445312 0.226562 0.441406 0.230469 0.441406 0.234375 0.437500 0.234375 0.425781 0.238281 0.421875 0.246094 0.421875 0.250000 0.417969 0.250000 0.406250 0.246094 0.402344 0.246094 0.398438
2 0.160156 0.367188 0.152344 0.375000 0.136719 0.375000 0.132812 0.378906 0.128906 0.378906 0.125000 0.382812 0.117188 0.382812 0.113281 0.386719 0.109375 0.386719 0.105469 0.390625 0.105469 0.398438 0.109375 0.402344 0.125000 0.402344 0.132812 0.394531 0.136719 0.394531 0.140625 0.390625 0.156250 0.390625 0.160156 0.386719 0.171875 0.386719 0.175781 0.382812 0.175781 0.371094 0.171875 0.367188
2 0.351562 0.269531 0.343750 0.277344 0.335938 0.277344 0.332031 0.281250 0.328125 0.281250 0.328125 0.285156 0.324219 0.289062 0.324219 0.300781 0.316406 0.308594 0.316406 0.316406 0.320312 0.320312 0.332031 0.320312 0.335938 0.316406 0.339844 0.316406 0.339844 0.312500 0.347656 0.304688 0.347656 0.300781 0.351562 0.296875 0.367188 0.296875 0.371094 0.300781 0.382812 0.300781 0.386719 0.304688 0.386719 0.312500 0.394531 0.320312 0.394531 0.328125 0.406250 0.328125 0.414062 0.320312 0.414062 0.304688 0.410156 0.300781 0.410156 0.296875 0.406250 0.292969 0.382812 0.292969 0.378906 0.289062 0.378906 0.273438 0.367188 0.273438 0.363281 0.269531
2 0.601562 0.093750 0.593750 0.101562 0.593750 0.113281 0.589844 0.117188 0.589844 0.160156 0.585938 0.164062 0.570312 0.164062 0.566406 0.160156 0.542969 0.160156 0.539062 0.156250 0.531250 0.156250 0.527344 0.160156 0.492188 0.160156 0.488281 0.164062 0.472656 0.164062 0.468750 0.160156 0.453125 0.160156 0.445312 0.167969 0.441406 0.167969 0.441406 0.175781 0.445312 0.179688 0.457031 0.179688 0.460938 0.183594 0.460938 0.187500 0.472656 0.187500 0.476562 0.183594 0.492188 0.183594 0.496094 0.187500 0.496094 0.203125 0.492188 0.207031 0.492188 0.214844 0.488281 0.218750 0.488281 0.242188 0.484375 0.246094 0.472656 0.246094 0.472656 0.253906 0.476562 0.257812 0.476562 0.277344 0.472656 0.281250 0.468750 0.281250 0.468750 0.285156 0.464844 0.289062 0.449219 0.289062 0.449219 0.296875 0.460938 0.296875 0.464844 0.300781 0.464844 0.332031 0.460938 0.335938 0.457031 0.335938 0.457031 0.351562 0.449219 0.359375 0.445312 0.359375 0.445312 0.363281 0.441406 0.367188 0.441406 0.375000 0.437500 0.378906 0.437500 0.386719 0.441406 0.386719 0.445312 0.390625 0.449219 0.390625 0.453125 0.394531 0.457031 0.394531 0.460938 0.398438 0.460938 0.425781 0.476562 0.425781 0.480469 0.429688 0.496094 0.429688 0.500000 0.433594 0.519531 0.433594 0.523438 0.429688 0.523438 0.398438 0.527344 0.394531 0.531250 0.394531 0.531250 0.355469 0.519531 0.343750 0.515625 0.343750 0.511719 0.339844 0.511719 0.320312 0.515625 0.316406 0.515625 0.308594 0.519531 0.304688 0.531250 0.304688 0.535156 0.300781 0.535156 0.269531 0.546875 0.257812 0.558594 0.257812 0.558594 0.253906 0.562500 0.250000 0.582031 0.250000 0.585938 0.253906 0.597656 0.253906 0.597656 0.238281 0.601562 0.234375 0.609375 0.234375 0.609375 0.222656 0.613281 0.218750 0.632812 0.218750 0.636719 0.222656 0.636719 0.242188 0.644531 0.242188 0.644531 0.234375 0.640625 0.230469 0.640625 0.207031 0.644531 0.203125 0.660156 0.203125 0.664062 0.207031 0.664062 0.218750 0.667969 0.222656 0.683594 0.222656 0.687500 0.218750 0.687500 0.214844 0.695312 0.207031 0.699219 0.207031 0.699219 0.191406 0.703125 0.187500 0.707031 0.187500 0.714844 0.179688 0.714844 0.171875 0.703125 0.171875 0.699219 0.167969 0.699219 0.148438 0.683594 0.148438 0.683594 0.160156 0.671875 0.171875 0.671875 0.179688 0.667969 0.183594 0.660156 0.183594 0.656250 0.187500 0.640625 0.187500 0.636719 0.183594 0.636719 0.175781 0.628906 0.175781 0.625000 0.171875 0.613281 0.171875 0.609375 0.167969 0.609375 0.140625 0.605469 0.140625 0.601562 0.136719 0.601562 0.121094 0.609375 0.113281 0.609375 0.105469 0.613281 0.101562 0.613281 0.093750
