2 0.574219 0.921875 0.574219 0.929688 0.578125 0.933594 0.582031 0.933594 0.585938 0.937500 0.609375 0.937500 0.617188 0.929688 0.636719 0.929688 0.640625 0.933594 0.640625 0.941406 0.648438 0.941406 0.656250 0.933594 0.679688 0.933594 0.679688 0.925781 0.664062 0.925781 0.660156 0.929688 0.628906 0.929688 0.625000 0.925781 0.625000 0.921875
2 0.539062 0.906250 0.535156 0.910156 0.531250 0.910156 0.531250 0.917969 0.539062 0.917969 0.542969 0.914062 0.554688 0.914062 0.554688 0.906250
2 0.367188 0.832031 0.367188 0.847656 0.371094 0.847656 0.375000 0.851562 0.386719 0.851562 0.386719 0.835938 0.378906 0.835938 0.375000 0.832031
2 0.929688 0.828125 0.914062 0.843750 0.914062 0.863281 0.917969 0.867188 0.917969 0.875000 0.925781 0.875000 0.925781 0.871094 0.929688 0.867188 0.929688 0.859375 0.941406 0.847656 0.941406 0.828125
2 0.335938 0.824219 0.335938 0.835938 0.343750 0.835938 0.343750 0.824219
2 0.769531 0.820312 0.765625 0.824219 0.750000 0.824219 0.750000 0.835938 0.746094 0.839844 0.746094 0.859375 0.742188 0.863281 0.742188 0.871094 0.753906 0.871094 0.757812 0.875000 0.761719 0.875000 0.765625 0.878906 0.765625 0.882812 0.769531 0.886719 0.769531 0.910156 0.773438 0.914062 0.773438 0.929688 0.777344 0.933594 0.789062 0.933594 0.792969 0.929688 0.812500 0.929688 0.816406 0.933594 0.816406 0.937500 0.828125 0.937500 0.828125 0.933594 0.832031 0.929688 0.843750 0.929688 0.847656 0.925781 0.851562 0.925781 0.851562 0.910156 0.847656 0.910156 0.839844 0.902344 0.839844 0.898438 0.828125 0.898438 0.824219 0.894531 0.824219 0.886719 0.820312 0.882812 0.820312 0.878906 0.804688 0.878906 0.796875 0.871094 0.796875 0.867188 0.792969 0.863281 0.792969 0.859375 0.785156 0.859375 0.781250 0.855469 0.781250 0.832031 0.777344 0.828125 0.777344 0.820312
2 0.398438 0.800781 0.398438 0.820312 0.417969 0.820312 0.417969 0.812500 0.414062 0.812500 0.410156 0.808594 0.410156 0.800781
2 0.617188 0.773438 0.617188 0.781250 0.621094 0.785156 0.621094 0.800781 0.628906 0.808594 0.628906 0.812500 0.632812 0.816406 0.656250 0.816406 0.664062 0.824219 0.671875 0.824219 0.675781 0.820312 0.679688 0.820312 0.679688 0.816406 0.683594 0.812500 0.683594 0.808594 0.687500 0.804688 0.703125 0.804688 0.707031 0.808594 0.710938 0.808594 0.714844 0.812500 0.726562 0.812500 0.726562 0.800781 0.722656 0.796875 0.722656 0.789062 0.714844 0.789062 0.710938 0.792969 0.691406 0.792969 0.687500 0.789062 0.683594 0.789062 0.679688 0.785156 0.679688 0.773438 0.648438 0.773438 0.644531 0.777344 0.628906 0.777344 0.625000 0.773438
2 0.796875 0.718750 0.796875 0.726562 0.792969 0.730469 0.789062 0.730469 0.789062 0.769531 0.785156 0.773438 0.781250 0.773438 0.781250 0.781250 0.789062 0.781250 0.789062 0.773438 0.792969 0.769531 0.796875 0.769531 0.800781 0.765625 0.804688 0.765625 0.804688 0.750000 0.808594 0.746094 0.824219 0.746094 0.828125 0.750000 0.835938 0.750000 0.835938 0.738281 0.820312 0.738281 0.816406 0.734375 0.816406 0.726562 0.808594 0.718750
2 0.738281 0.640625 0.730469 0.648438 0.730469 0.656250 0.738281 0.664062 0.738281 0.671875 0.757812 0.671875 0.761719 0.667969 0.769531 0.667969 0.769531 0.648438 0.753906 0.648438 0.746094 0.640625
2 0.675781 0.625000 0.675781 0.640625 0.671875 0.644531 0.671875 0.660156 0.679688 0.660156 0.679688 0.656250 0.683594 0.652344 0.683594 0.648438 0.687500 0.644531 0.687500 0.636719 0.691406 0.632812 0.691406 0.625000
2 0.792969 0.500000 0.792969 0.519531 0.796875 0.523438 0.796875 0.531250 0.808594 0.531250 0.808594 0.500000
2 0.820312 0.464844 0.820312 0.484375 0.828125 0.484375 0.832031 0.480469 0.835938 0.480469 0.835938 0.468750 0.832031 0.468750 0.828125 0.464844
2 0.792969 0.437500 0.792969 0.449219 0.796875 0.449219 0.800781 0.453125 0.808594 0.453125 0.808594 0.445312 0.804688 0.445312 0.800781 0.441406 0.800781 0.437500
2 0.320312 0.414062 0.320312 0.425781 0.324219 0.429688 0.324219 0.441406 0.332031 0.441406 0.332031 0.437500 0.335938 0.433594 0.335938 0.421875 0.332031 0.417969 0.332031 0.414062
2 0.574219 0.316406 0.574219 0.335938 0.570312 0.339844 0.566406 0.339844 0.566406 0.347656 0.589844 0.347656 0.589844 0.316406
2 0.562500 0.285156 0.558594 0.289062 0.554688 0.289062 0.554688 0.296875 0.562500 0.296875 0.566406 0.292969 0.574219 0.292969 0.574219 0.285156
2 0.589844 0.234375 0.589844 0.246094 0.597656 0.253906 0.597656 0.257812 0.605469 0.265625 0.605469 0.269531 0.628906 0.269531 0.628906 0.261719 0.601562 0.234375
2 0.257812 0.218750 0.257812 0.226562 0.261719 0.230469 0.261719 0.234375 0.265625 0.238281 0.265625 0.246094 0.269531 0.246094 0.273438 0.250000 0.273438 0.269531 0.269531 0.273438 0.257812 0.273438 0.253906 0.277344 0.242188 0.277344 0.238281 0.281250 0.238281 0.289062 0.253906 0.289062 0.253906 0.285156 0.257812 0.281250 0.289062 0.281250 0.292969 0.285156 0.300781 0.285156 0.300781 0.273438 0.292969 0.265625 0.292969 0.261719 0.289062 0.261719 0.285156 0.257812 0.277344 0.257812 0.273438 0.253906 0.273438 0.238281 0.269531 0.234375 0.269531 0.222656 0.265625 0.218750
2 0.316406 0.085938 0.312500 0.089844 0.300781 0.089844 0.296875 0.093750 0.296875 0.117188 0.300781 0.121094 0.300781 0.125000 0.304688 0.128906 0.304688 0.156250 0.300781 0.160156 0.300781 0.179688 0.304688 0.179688 0.308594 0.183594 0.308594 0.187500 0.312500 0.191406 0.312500 0.199219 0.316406 0.199219 0.324219 0.207031 0.324219 0.210938 0.332031 0.218750 0.332031 0.230469 0.335938 0.234375 0.335938 0.238281 0.339844 0.238281 0.343750 0.242188 0.343750 0.246094 0.347656 0.246094 0.351562 0.250000 0.351562 0.273438 0.359375 0.281250 0.359375 0.304688 0.355469 0.308594 0.304688 0.308594 0.304688 0.320312 0.300781 0.324219 0.296875 0.324219 0.292969 0.328125 0.277344 0.328125 0.273438 0.332031 0.265625 0.332031 0.261719 0.335938 0.250000 0.335938 0.246094 0.339844 0.222656 0.339844 0.218750 0.343750 0.214844 0.343750 0.210938 0.347656 0.175781 0.347656 0.171875 0.343750 0.167969 0.343750 0.164062 0.339844 0.164062 0.320312 0.167969 0.316406 0.175781 0.316406 0.175781 0.300781 0.179688 0.296875 0.179688 0.285156 0.175781 0.281250 0.160156 0.281250 0.160156 0.316406 0.156250 0.320312 0.152344 0.320312 0.152344 0.335938 0.148438 0.339844 0.148438 0.347656 0.152344 0.351562 0.156250 0.351562 0.160156 0.355469 0.160156 0.359375 0.164062 0.359375 0.167969 0.363281 0.167969 0.378906 0.164062 0.382812 0.164062 0.394531 0.167969 0.398438 0.167969 0.406250 0.171875 0.410156 0.171875 0.433594 0.167969 0.437500 0.167969 0.449219 0.175781 0.457031 0.183594 0.457031 0.183594 0.441406 0.187500 0.437500 0.214844 0.437500 0.218750 0.441406 0.226562 0.441406 0.234375 0.449219 0.246094 0.449219 0.250000 0.453125 0.261719 0.453125 0.265625 0.449219 0.269531 0.449219 0.277344 0.441406 0.277344 0.433594 0.273438 0.433594 0.265625 0.425781 0.257812 0.425781 0.253906 0.421875 0.253906 0.406250 0.257812 0.402344 0.257812 0.394531 0.261719 0.390625 0.265625 0.390625 0.265625 0.378906 0.269531 0.375000 0.273438 0.375000 0.273438 0.371094 0.277344 0.367188 0.312500 0.367188 0.316406 0.371094 0.324219 0.371094 0.328125 0.367188 0.347656 0.367188 0.351562 0.371094 0.351562 0.382812 0.355469 0.382812 0.359375 0.386719 0.363281 0.386719 0.367188 0.390625 0.367188 0.410156 0.371094 0.414062 0.371094 0.417969 0.386719 0.433594 0.406250 0.433594 0.410156 0.437500 0.410156 0.457031 0.406250 0.460938 0.378906 0.460938 0.375000 0.464844 0.351562 0.464844 0.347656 0.468750 0.343750 0.468750 0.343750 0.476562 0.351562 0.476562 0.355469 0.480469 0.355469 0.492188 0.359375 0.496094 0.359375 0.503906 0.371094 0.503906 0.375000 0.500000 0.390625 0.500000 0.394531 0.503906 0.394531 0.535156 0.390625 0.539062 0.371094 0.539062 0.367188 0.535156 0.351562 0.535156 0.347656 0.531250 0.347656 0.519531 0.339844 0.519531 0.335938 0.523438 0.335938 0.539062 0.332031 0.542969 0.308594 0.542969 0.304688 0.539062 0.300781 0.539062 0.296875 0.535156 0.296875 0.519531 0.292969 0.515625 0.281250 0.515625 0.277344 0.511719 0.277344 0.507812 0.246094 0.507812 0.238281 0.500000 0.234375 0.500000 0.230469 0.496094 0.230469 0.480469 0.222656 0.480469 0.222656 0.492188 0.226562 0.492188 0.230469 0.496094 0.230469 0.519531 0.234375 0.519531 0.238281 0.523438 0.238281 0.531250 0.269531 0.531250 0.273438 0.535156 0.273438 0.558594 0.281250 0.566406 0.292969 0.566406 0.296875 0.562500 0.312500 0.562500 0.316406 0.566406 0.324219 0.566406 0.328125 0.570312 0.332031 0.570312 0.335938 0.574219 0.335938 0.589844 0.339844 0.593750 0.339844 0.613281 0.332031 0.621094 0.324219 0.621094 0.324219 0.632812 0.328125 0.636719 0.328125 0.652344 0.320312 0.660156 0.320312 0.683594 0.339844 0.683594 0.343750 0.687500 0.343750 0.703125 0.351562 0.703125 0.355469 0.707031 0.355469 0.714844 0.359375 0.718750 0.359375 0.738281 0.355469 0.742188 0.355469 0.750000 0.359375 0.750000 0.363281 0.753906 0.363281 0.757812 0.367188 0.761719 0.375000 0.761719 0.378906 0.757812 0.406250 0.757812 0.421875 0.773438 0.437500 0.773438 0.441406 0.777344 0.441406 0.796875 0.445312 0.796875 0.449219 0.800781 0.480469 0.800781 0.484375 0.796875 0.503906 0.796875 0.527344 0.820312 0.535156 0.820312 0.542969 0.828125 0.542969 0.843750 0.546875 0.847656 0.562500 0.847656 0.566406 0.851562 0.566406 0.867188 0.570312 0.871094 0.570312 0.890625 0.582031 0.890625 0.582031 0.882812 0.585938 0.878906 0.585938 0.859375 0.570312 0.859375 0.566406 0.855469 0.566406 0.839844 0.574219 0.832031 0.574219 0.820312 0.582031 0.812500 0.582031 0.808594 0.589844 0.800781 0.589844 0.785156 0.585938 0.785156 0.578125 0.777344 0.578125 0.765625 0.566406 0.765625 0.562500 0.761719 0.562500 0.757812 0.554688 0.750000 0.554688 0.730469 0.558594 0.726562 0.574219 0.726562 0.578125 0.730469 0.578125 0.734375 0.597656 0.734375 0.601562 0.738281 0.601562 0.746094 0.613281 0.746094 0.621094 0.738281 0.628906 0.738281 0.628906 0.730469 0.632812 0.726562 0.636719 0.726562 0.640625 0.722656 0.656250 0.722656 0.660156 0.726562 0.660156 0.738281 0.664062 0.742188 0.679688 0.742188 0.683594 0.746094 0.683594 0.750000 0.691406 0.750000 0.695312 0.753906 0.695312 0.757812 0.699219 0.757812 0.703125 0.761719 0.703125 0.765625 0.714844 0.765625 0.714844 0.746094 0.710938 0.742188 0.710938 0.722656 0.714844 0.718750 0.714844 0.710938 0.710938 0.710938 0.707031 0.707031 0.707031 0.691406 0.687500 0.691406 0.683594 0.695312 0.667969 0.695312 0.664062 0.691406 0.664062 0.687500 0.660156 0.683594 0.652344 0.683594 0.648438 0.679688 0.644531 0.679688 0.640625 0.675781 0.621094 0.675781 0.617188 0.671875 0.617188 0.656250 0.613281 0.652344 0.613281 0.636719 0.617188 0.632812 0.617188 0.609375 0.621094 0.605469 0.625000 0.605469 0.628906 0.601562 0.628906 0.593750 0.636719 0.585938 0.652344 0.585938 0.656250 0.589844 0.664062 0.589844 0.664062 0.585938 0.667969 0.582031 0.683594 0.582031 0.687500 0.585938 0.687500 0.593750 0.695312 0.601562 0.695312 0.609375 0.703125 0.609375 0.707031 0.605469 0.707031 0.589844 0.710938 0.585938 0.710938 0.582031 0.714844 0.578125 0.726562 0.578125 0.726562 0.566406 0.722656 0.566406 0.718750 0.562500 0.714844 0.562500 0.707031 0.554688 0.707031 0.535156 0.710938 0.531250 0.710938 0.507812 0.714844 0.503906 0.730469 0.503906 0.730469 0.496094 0.726562 0.492188 0.722656 0.492188 0.718750 0.488281 0.718750 0.484375 0.699219 0.484375 0.695312 0.480469 0.695312 0.449219 0.664062 0.449219 0.660156 0.445312 0.640625 0.445312 0.636719 0.441406 0.636719 0.421875 0.644531 0.414062 0.656250 0.414062 0.660156 0.410156 0.664062 0.410156 0.664062 0.402344 0.667969 0.398438 0.683594 0.398438 0.683594 0.378906 0.687500 0.375000 0.707031 0.375000 0.710938 0.371094 0.710938 0.367188 0.714844 0.363281 0.714844 0.355469 0.710938 0.351562 0.710938 0.339844 0.699219 0.339844 0.695312 0.343750 0.671875 0.343750 0.667969 0.339844 0.667969 0.324219 0.671875 0.320312 0.671875 0.316406 0.687500 0.300781 0.687500 0.292969 0.675781 0.281250 0.671875 0.281250 0.667969 0.277344 0.652344 0.277344 0.648438 0.281250 0.640625 0.281250 0.640625 0.289062 0.632812 0.296875 0.628906 0.296875 0.628906 0.304688 0.632812 0.308594 0.632812 0.367188 0.628906 0.371094 0.617188 0.371094 0.617188 0.375000 0.613281 0.378906 0.605469 0.378906 0.605469 0.394531 0.601562 0.398438 0.601562 0.410156 0.597656 0.414062 0.593750 0.414062 0.593750 0.425781 0.589844 0.429688 0.578125 0.429688 0.578125 0.441406 0.582031 0.445312 0.582031 0.460938 0.578125 0.464844 0.574219 0.464844 0.570312 0.468750 0.566406 0.468750 0.566406 0.476562 0.562500 0.480469 0.562500 0.484375 0.554688 0.492188 0.554688 0.503906 0.550781 0.507812 0.535156 0.507812 0.531250 0.511719 0.531250 0.515625 0.527344 0.519531 0.527344 0.531250 0.531250 0.531250 0.535156 0.535156 0.535156 0.550781 0.527344 0.558594 0.523438 0.558594 0.523438 0.574219 0.519531 0.578125 0.515625 0.578125 0.515625 0.585938 0.511719 0.589844 0.511719 0.597656 0.550781 0.597656 0.554688 0.601562 0.554688 0.621094 0.550781 0.625000 0.550781 0.636719 0.546875 0.640625 0.542969 0.640625 0.542969 0.648438 0.539062 0.652344 0.539062 0.660156 0.531250 0.667969 0.527344 0.667969 0.527344 0.671875 0.523438 0.675781 0.519531 0.675781 0.519531 0.691406 0.515625 0.695312 0.511719 0.695312 0.511719 0.722656 0.507812 0.726562 0.500000 0.726562 0.496094 0.730469 0.488281 0.730469 0.484375 0.734375 0.464844 0.734375 0.457031 0.726562 0.453125 0.726562 0.449219 0.722656 0.449219 0.718750 0.445312 0.714844 0.437500 0.714844 0.433594 0.710938 0.433594 0.695312 0.437500 0.691406 0.437500 0.687500 0.441406 0.683594 0.441406 0.675781 0.449219 0.667969 0.453125 0.667969 0.453125 0.664062 0.457031 0.660156 0.460938 0.660156 0.464844 0.656250 0.480469 0.656250 0.484375 0.660156 0.484375 0.667969 0.492188 0.667969 0.496094 0.664062 0.503906 0.664062 0.503906 0.648438 0.476562 0.648438 0.472656 0.644531 0.472656 0.636719 0.441406 0.636719 0.437500 0.632812 0.437500 0.617188 0.445312 0.609375 0.457031 0.609375 0.457031 0.605469 0.460938 0.601562 0.460938 0.597656 0.468750 0.589844 0.472656 0.589844 0.472656 0.566406 0.468750 0.562500 0.464844 0.562500 0.460938 0.558594 0.460938 0.523438 0.464844 0.519531 0.472656 0.519531 0.472656 0.500000 0.476562 0.496094 0.492188 0.496094 0.492188 0.468750 0.500000 0.460938 0.500000 0.445312 0.507812 0.437500 0.507812 0.417969 0.511719 0.414062 0.535156 0.414062 0.539062 0.410156 0.542969 0.410156 0.542969 0.390625 0.546875 0.386719 0.546875 0.378906 0.542969 0.375000 0.542969 0.371094 0.535156 0.371094 0.531250 0.367188 0.531250 0.363281 0.527344 0.359375 0.515625 0.359375 0.511719 0.355469 0.511719 0.328125 0.503906 0.320312 0.503906 0.296875 0.507812 0.292969 0.507812 0.277344 0.500000 0.277344 0.500000 0.289062 0.496094 0.292969 0.476562 0.292969 0.472656 0.289062 0.472656 0.281250 0.468750 0.277344 0.468750 0.273438 0.460938 0.273438 0.453125 0.265625 0.453125 0.261719 0.449219 0.261719 0.445312 0.257812 0.445312 0.230469 0.449219 0.226562 0.449219 0.218750 0.457031 0.210938 0.457031 0.203125 0.449219 0.195312 0.449219 0.179688 0.429688 0.179688 0.425781 0.175781 0.425781 0.160156 0.421875 0.156250 0.421875 0.136719 0.417969 0.136719 0.414062 0.132812 0.382812 0.132812 0.378906 0.128906 0.378906 0.125000 0.375000 0.121094 0.371094 0.121094 0.367188 0.117188 0.367188 0.113281 0.363281 0.109375 0.363281 0.101562 0.359375 0.101562 0.355469 0.097656 0.335938 0.097656 0.332031 0.093750 0.332031 0.089844 0.328125 0.089844 0.324219 0.085938
2 0.164062 0.011719 0.160156 0.015625 0.140625 0.015625 0.140625 0.039062 0.136719 0.042969 0.125000 0.042969 0.125000 0.054688 0.128906 0.054688 0.132812 0.058594 0.140625 0.058594 0.144531 0.062500 0.164062 0.062500 0.167969 0.066406 0.167969 0.074219 0.171875 0.078125 0.171875 0.121094 0.167969 0.125000 0.167969 0.132812 0.164062 0.136719 0.164062 0.156250 0.160156 0.160156 0.156250 0.160156 0.152344 0.164062 0.152344 0.195312 0.148438 0.199219 0.144531 0.199219 0.144531 0.207031 0.140625 0.210938 0.140625 0.226562 0.148438 0.226562 0.148438 0.222656 0.152344 0.218750 0.152344 0.187500 0.156250 0.183594 0.171875 0.183594 0.171875 0.179688 0.175781 0.175781 0.195312 0.175781 0.199219 0.179688 0.199219 0.187500 0.207031 0.195312 0.210938 0.195312 0.218750 0.203125 0.250000 0.203125 0.250000 0.195312 0.253906 0.191406 0.273438 0.191406 0.273438 0.183594 0.269531 0.179688 0.269531 0.175781 0.265625 0.171875 0.265625 0.164062 0.257812 0.164062 0.253906 0.160156 0.253906 0.156250 0.226562 0.156250 0.222656 0.152344 0.222656 0.089844 0.226562 0.085938 0.226562 0.070312 0.218750 0.070312 0.214844 0.066406 0.214844 0.062500 0.199219 0.062500 0.195312 0.058594 0.195312 0.050781 0.191406 0.046875 0.187500 0.046875 0.183594 0.042969 0.183594 0.035156 0.179688 0.031250 0.179688 0.027344 0.175781 0.023438 0.175781 0.011719
