2 0.332031 0.929688 0.332031 0.945312 0.328125 0.949219 0.304688 0.949219 0.304688 0.960938 0.335938 0.960938 0.339844 0.957031 0.351562 0.957031 0.351562 0.929688
2 0.488281 0.886719 0.488281 0.890625 0.484375 0.894531 0.484375 0.902344 0.492188 0.902344 0.496094 0.898438 0.500000 0.898438 0.500000 0.886719
2 0.347656 0.875000 0.347656 0.878906 0.343750 0.882812 0.324219 0.882812 0.324219 0.890625 0.335938 0.890625 0.335938 0.886719 0.339844 0.882812 0.359375 0.882812 0.359375 0.875000
2 0.425781 0.863281 0.425781 0.871094 0.417969 0.878906 0.410156 0.878906 0.406250 0.882812 0.394531 0.882812 0.394531 0.890625 0.402344 0.890625 0.410156 0.898438 0.410156 0.902344 0.417969 0.910156 0.437500 0.910156 0.441406 0.914062 0.445312 0.914062 0.453125 0.921875 0.453125 0.925781 0.457031 0.929688 0.457031 0.937500 0.476562 0.937500 0.484375 0.945312 0.500000 0.945312 0.500000 0.937500 0.496094 0.933594 0.484375 0.933594 0.480469 0.929688 0.480469 0.910156 0.464844 0.910156 0.457031 0.902344 0.457031 0.898438 0.453125 0.898438 0.449219 0.894531 0.449219 0.871094 0.445312 0.867188 0.445312 0.863281
2 0.531250 0.808594 0.527344 0.812500 0.527344 0.820312 0.523438 0.824219 0.519531 0.824219 0.519531 0.832031 0.539062 0.832031 0.539062 0.808594
2 0.558594 0.753906 0.558594 0.761719 0.566406 0.761719 0.566406 0.753906
2 0.250000 0.699219 0.250000 0.707031 0.257812 0.707031 0.257812 0.699219
2 0.175781 0.597656 0.171875 0.601562 0.160156 0.601562 0.160156 0.609375 0.156250 0.613281 0.152344 0.613281 0.144531 0.621094 0.140625 0.621094 0.140625 0.640625 0.148438 0.640625 0.152344 0.636719 0.152344 0.632812 0.167969 0.617188 0.167969 0.613281 0.171875 0.609375 0.187500 0.609375 0.191406 0.605469 0.195312 0.605469 0.195312 0.597656
2 0.359375 0.570312 0.359375 0.574219 0.355469 0.578125 0.347656 0.578125 0.347656 0.589844 0.343750 0.593750 0.308594 0.593750 0.308594 0.601562 0.312500 0.601562 0.316406 0.605469 0.328125 0.605469 0.332031 0.609375 0.335938 0.609375 0.339844 0.613281 0.343750 0.613281 0.347656 0.617188 0.355469 0.617188 0.359375 0.613281 0.363281 0.613281 0.367188 0.609375 0.375000 0.609375 0.375000 0.597656 0.378906 0.593750 0.390625 0.593750 0.390625 0.578125 0.386719 0.574219 0.378906 0.574219 0.375000 0.570312
2 0.796875 0.562500 0.796875 0.578125 0.812500 0.578125 0.812500 0.562500
2 0.648438 0.550781 0.648438 0.554688 0.644531 0.558594 0.640625 0.558594 0.636719 0.562500 0.636719 0.566406 0.628906 0.574219 0.628906 0.582031 0.632812 0.585938 0.632812 0.609375 0.636719 0.613281 0.636719 0.640625 0.640625 0.644531 0.644531 0.644531 0.648438 0.648438 0.648438 0.652344 0.652344 0.656250 0.652344 0.660156 0.660156 0.660156 0.664062 0.664062 0.675781 0.664062 0.675781 0.656250 0.687500 0.644531 0.718750 0.644531 0.722656 0.640625 0.722656 0.636719 0.726562 0.632812 0.734375 0.632812 0.734375 0.628906 0.738281 0.625000 0.753906 0.625000 0.753906 0.613281 0.750000 0.609375 0.746094 0.609375 0.742188 0.605469 0.738281 0.605469 0.734375 0.601562 0.734375 0.585938 0.730469 0.582031 0.730469 0.574219 0.722656 0.574219 0.718750 0.570312 0.699219 0.570312 0.695312 0.566406 0.695312 0.562500 0.683594 0.562500 0.679688 0.566406 0.664062 0.566406 0.660156 0.562500 0.660156 0.550781
2 0.777344 0.480469 0.777344 0.484375 0.773438 0.488281 0.769531 0.488281 0.769531 0.492188 0.761719 0.500000 0.750000 0.500000 0.750000 0.507812 0.753906 0.507812 0.757812 0.511719 0.757812 0.515625 0.765625 0.515625 0.773438 0.507812 0.781250 0.507812 0.781250 0.496094 0.785156 0.492188 0.789062 0.492188 0.792969 0.488281 0.804688 0.488281 0.804688 0.480469
2 0.445312 0.464844 0.445312 0.468750 0.441406 0.472656 0.441406 0.480469 0.453125 0.480469 0.453125 0.464844
2 0.710938 0.441406 0.707031 0.445312 0.699219 0.445312 0.695312 0.449219 0.667969 0.449219 0.667969 0.460938 0.664062 0.464844 0.660156 0.464844 0.656250 0.468750 0.656250 0.500000 0.652344 0.503906 0.640625 0.503906 0.640625 0.515625 0.664062 0.515625 0.667969 0.519531 0.675781 0.519531 0.679688 0.515625 0.695312 0.515625 0.699219 0.519531 0.699219 0.527344 0.703125 0.531250 0.710938 0.531250 0.714844 0.527344 0.714844 0.515625 0.710938 0.511719 0.710938 0.492188 0.718750 0.484375 0.718750 0.457031 0.722656 0.453125 0.722656 0.441406
2 0.933594 0.429688 0.933594 0.433594 0.929688 0.437500 0.925781 0.437500 0.925781 0.445312 0.929688 0.449219 0.929688 0.453125 0.933594 0.457031 0.941406 0.457031 0.945312 0.460938 0.957031 0.460938 0.957031 0.449219 0.949219 0.441406 0.949219 0.433594 0.945312 0.429688
2 0.535156 0.332031 0.531250 0.335938 0.531250 0.359375 0.527344 0.363281 0.507812 0.363281 0.503906 0.367188 0.464844 0.367188 0.460938 0.363281 0.460938 0.351562 0.453125 0.351562 0.445312 0.343750 0.445312 0.339844 0.429688 0.339844 0.429688 0.367188 0.425781 0.371094 0.414062 0.371094 0.414062 0.378906 0.417969 0.382812 0.417969 0.398438 0.414062 0.402344 0.398438 0.402344 0.398438 0.414062 0.394531 0.417969 0.371094 0.417969 0.367188 0.414062 0.367188 0.410156 0.355469 0.410156 0.351562 0.406250 0.351562 0.402344 0.335938 0.402344 0.335938 0.410156 0.339844 0.414062 0.339844 0.425781 0.343750 0.429688 0.343750 0.433594 0.359375 0.433594 0.363281 0.429688 0.378906 0.429688 0.386719 0.437500 0.386719 0.441406 0.390625 0.445312 0.390625 0.468750 0.386719 0.472656 0.363281 0.472656 0.363281 0.496094 0.359375 0.500000 0.339844 0.500000 0.332031 0.492188 0.332031 0.488281 0.328125 0.484375 0.328125 0.457031 0.308594 0.457031 0.308594 0.468750 0.304688 0.472656 0.300781 0.472656 0.300781 0.492188 0.304688 0.492188 0.308594 0.496094 0.308594 0.515625 0.312500 0.519531 0.312500 0.523438 0.320312 0.531250 0.320312 0.539062 0.332031 0.539062 0.335938 0.542969 0.343750 0.542969 0.347656 0.539062 0.347656 0.531250 0.351562 0.527344 0.355469 0.527344 0.355469 0.523438 0.359375 0.519531 0.382812 0.519531 0.382812 0.496094 0.386719 0.492188 0.406250 0.492188 0.406250 0.476562 0.402344 0.472656 0.402344 0.457031 0.406250 0.453125 0.410156 0.453125 0.417969 0.445312 0.417969 0.441406 0.421875 0.437500 0.421875 0.406250 0.425781 0.402344 0.437500 0.402344 0.441406 0.398438 0.457031 0.398438 0.464844 0.406250 0.464844 0.410156 0.472656 0.417969 0.472656 0.421875 0.476562 0.425781 0.476562 0.429688 0.484375 0.437500 0.492188 0.437500 0.496094 0.441406 0.496094 0.496094 0.492188 0.500000 0.472656 0.500000 0.468750 0.503906 0.457031 0.503906 0.449219 0.511719 0.433594 0.511719 0.429688 0.515625 0.429688 0.519531 0.425781 0.523438 0.421875 0.523438 0.421875 0.527344 0.417969 0.531250 0.417969 0.539062 0.421875 0.539062 0.425781 0.542969 0.429688 0.542969 0.433594 0.546875 0.437500 0.546875 0.441406 0.550781 0.441406 0.562500 0.445312 0.566406 0.445312 0.570312 0.453125 0.570312 0.460938 0.578125 0.460938 0.582031 0.464844 0.582031 0.476562 0.593750 0.476562 0.605469 0.496094 0.605469 0.507812 0.617188 0.507812 0.621094 0.515625 0.628906 0.515625 0.632812 0.519531 0.632812 0.523438 0.636719 0.531250 0.636719 0.535156 0.640625 0.535156 0.644531 0.542969 0.652344 0.542969 0.675781 0.539062 0.679688 0.539062 0.683594 0.535156 0.687500 0.531250 0.687500 0.531250 0.691406 0.523438 0.699219 0.523438 0.707031 0.519531 0.710938 0.503906 0.710938 0.496094 0.703125 0.496094 0.699219 0.488281 0.699219 0.484375 0.695312 0.484375 0.691406 0.480469 0.687500 0.476562 0.687500 0.472656 0.683594 0.472656 0.671875 0.464844 0.664062 0.449219 0.664062 0.445312 0.660156 0.437500 0.660156 0.433594 0.664062 0.429688 0.664062 0.429688 0.667969 0.425781 0.671875 0.414062 0.671875 0.410156 0.675781 0.394531 0.675781 0.390625 0.671875 0.378906 0.671875 0.378906 0.683594 0.382812 0.687500 0.382812 0.691406 0.394531 0.691406 0.402344 0.699219 0.402344 0.707031 0.406250 0.710938 0.406250 0.726562 0.402344 0.730469 0.378906 0.730469 0.375000 0.726562 0.351562 0.726562 0.343750 0.718750 0.343750 0.714844 0.316406 0.714844 0.316406 0.730469 0.308594 0.738281 0.269531 0.738281 0.269531 0.769531 0.273438 0.773438 0.273438 0.781250 0.281250 0.781250 0.281250 0.773438 0.289062 0.765625 0.332031 0.765625 0.335938 0.769531 0.359375 0.769531 0.367188 0.777344 0.367188 0.789062 0.371094 0.789062 0.375000 0.792969 0.375000 0.796875 0.382812 0.796875 0.386719 0.800781 0.386719 0.804688 0.414062 0.804688 0.417969 0.808594 0.429688 0.808594 0.433594 0.804688 0.476562 0.804688 0.480469 0.800781 0.484375 0.800781 0.488281 0.796875 0.496094 0.796875 0.496094 0.789062 0.492188 0.785156 0.492188 0.769531 0.496094 0.765625 0.515625 0.765625 0.515625 0.761719 0.519531 0.757812 0.535156 0.757812 0.535156 0.742188 0.515625 0.742188 0.511719 0.738281 0.511719 0.714844 0.515625 0.710938 0.531250 0.710938 0.535156 0.714844 0.539062 0.714844 0.542969 0.718750 0.546875 0.718750 0.550781 0.722656 0.554688 0.722656 0.558594 0.726562 0.562500 0.726562 0.566406 0.730469 0.574219 0.730469 0.574219 0.726562 0.582031 0.718750 0.582031 0.695312 0.585938 0.691406 0.585938 0.660156 0.589844 0.656250 0.593750 0.656250 0.593750 0.628906 0.589844 0.625000 0.589844 0.597656 0.593750 0.593750 0.597656 0.593750 0.597656 0.585938 0.593750 0.582031 0.593750 0.578125 0.589844 0.578125 0.585938 0.574219 0.585938 0.550781 0.589844 0.546875 0.597656 0.546875 0.597656 0.519531 0.601562 0.515625 0.605469 0.515625 0.605469 0.507812 0.597656 0.507812 0.593750 0.511719 0.578125 0.511719 0.574219 0.507812 0.574219 0.484375 0.578125 0.480469 0.578125 0.468750 0.574219 0.468750 0.562500 0.457031 0.562500 0.433594 0.542969 0.433594 0.535156 0.425781 0.523438 0.425781 0.519531 0.421875 0.519531 0.406250 0.523438 0.402344 0.523438 0.394531 0.527344 0.390625 0.539062 0.390625 0.539062 0.386719 0.542969 0.382812 0.558594 0.382812 0.558594 0.355469 0.562500 0.351562 0.562500 0.339844 0.546875 0.339844 0.542969 0.335938 0.542969 0.332031
2 0.578125 0.253906 0.574219 0.257812 0.562500 0.257812 0.562500 0.269531 0.558594 0.273438 0.535156 0.273438 0.531250 0.277344 0.523438 0.277344 0.523438 0.289062 0.539062 0.304688 0.546875 0.304688 0.546875 0.296875 0.542969 0.292969 0.542969 0.277344 0.546875 0.273438 0.562500 0.273438 0.566406 0.277344 0.566406 0.281250 0.574219 0.281250 0.578125 0.277344 0.582031 0.277344 0.585938 0.273438 0.589844 0.273438 0.593750 0.269531 0.609375 0.269531 0.613281 0.273438 0.613281 0.281250 0.632812 0.281250 0.636719 0.285156 0.636719 0.292969 0.644531 0.292969 0.652344 0.285156 0.652344 0.273438 0.648438 0.269531 0.648438 0.257812 0.640625 0.257812 0.636719 0.253906 0.628906 0.253906 0.628906 0.261719 0.625000 0.265625 0.609375 0.265625 0.605469 0.261719 0.605469 0.257812 0.589844 0.257812 0.585938 0.253906
2 0.613281 0.230469 0.609375 0.234375 0.609375 0.242188 0.621094 0.242188 0.621094 0.230469
2 0.632812 0.210938 0.628906 0.214844 0.628906 0.222656 0.644531 0.222656 0.644531 0.210938
2 0.558594 0.175781 0.550781 0.183594 0.546875 0.183594 0.546875 0.195312 0.550781 0.199219 0.554688 0.199219 0.558594 0.203125 0.558594 0.214844 0.562500 0.218750 0.562500 0.222656 0.566406 0.226562 0.578125 0.226562 0.578125 0.199219 0.574219 0.195312 0.574219 0.175781
