2 0.582031 0.949219 0.582031 0.953125 0.578125 0.957031 0.562500 0.957031 0.558594 0.960938 0.554688 0.960938 0.554688 0.968750 0.566406 0.968750 0.570312 0.964844 0.578125 0.964844 0.578125 0.960938 0.582031 0.957031 0.589844 0.957031 0.589844 0.949219
2 0.808594 0.871094 0.808594 0.878906 0.812500 0.882812 0.820312 0.882812 0.824219 0.878906 0.824219 0.871094
2 0.222656 0.820312 0.222656 0.839844 0.218750 0.843750 0.210938 0.843750 0.210938 0.847656 0.207031 0.851562 0.203125 0.851562 0.203125 0.863281 0.210938 0.863281 0.214844 0.867188 0.214844 0.886719 0.207031 0.894531 0.207031 0.902344 0.210938 0.906250 0.214844 0.906250 0.222656 0.914062 0.238281 0.914062 0.242188 0.917969 0.257812 0.917969 0.261719 0.921875 0.269531 0.921875 0.273438 0.925781 0.277344 0.925781 0.281250 0.929688 0.285156 0.929688 0.289062 0.933594 0.300781 0.933594 0.304688 0.937500 0.312500 0.937500 0.316406 0.941406 0.328125 0.941406 0.332031 0.945312 0.347656 0.945312 0.351562 0.949219 0.382812 0.949219 0.386719 0.945312 0.398438 0.945312 0.398438 0.933594 0.394531 0.933594 0.390625 0.929688 0.390625 0.917969 0.386719 0.917969 0.382812 0.914062 0.382812 0.894531 0.375000 0.894531 0.371094 0.898438 0.371094 0.921875 0.367188 0.925781 0.363281 0.925781 0.363281 0.929688 0.355469 0.937500 0.335938 0.937500 0.332031 0.933594 0.320312 0.933594 0.312500 0.925781 0.312500 0.910156 0.308594 0.906250 0.304688 0.906250 0.300781 0.902344 0.300781 0.890625 0.292969 0.890625 0.289062 0.894531 0.257812 0.894531 0.253906 0.890625 0.253906 0.886719 0.242188 0.886719 0.238281 0.882812 0.238281 0.855469 0.242188 0.851562 0.257812 0.851562 0.261719 0.855469 0.261719 0.867188 0.273438 0.867188 0.273438 0.843750 0.269531 0.843750 0.261719 0.835938 0.261719 0.824219 0.238281 0.824219 0.234375 0.820312
2 0.292969 0.816406 0.292969 0.824219 0.300781 0.824219 0.300781 0.816406
2 0.792969 0.789062 0.789062 0.792969 0.785156 0.792969 0.781250 0.796875 0.765625 0.796875 0.765625 0.816406 0.781250 0.816406 0.781250 0.808594 0.785156 0.804688 0.808594 0.804688 0.808594 0.789062
2 0.828125 0.769531 0.828125 0.785156 0.835938 0.785156 0.835938 0.781250 0.839844 0.777344 0.839844 0.769531
2 0.335938 0.769531 0.335938 0.777344 0.343750 0.777344 0.343750 0.769531
2 0.761719 0.746094 0.761719 0.753906 0.769531 0.753906 0.769531 0.746094
2 0.281250 0.691406 0.281250 0.699219 0.289062 0.699219 0.292969 0.703125 0.316406 0.703125 0.316406 0.695312 0.304688 0.695312 0.300781 0.691406
2 0.660156 0.621094 0.660156 0.625000 0.652344 0.632812 0.644531 0.632812 0.640625 0.636719 0.640625 0.644531 0.644531 0.648438 0.652344 0.648438 0.656250 0.644531 0.664062 0.644531 0.667969 0.640625 0.675781 0.640625 0.679688 0.636719 0.679688 0.625000 0.675781 0.625000 0.671875 0.621094
2 0.734375 0.609375 0.730469 0.613281 0.730469 0.617188 0.726562 0.621094 0.726562 0.628906 0.734375 0.628906 0.734375 0.625000 0.738281 0.621094 0.750000 0.621094 0.753906 0.617188 0.757812 0.617188 0.757812 0.609375
2 0.843750 0.500000 0.839844 0.503906 0.835938 0.503906 0.832031 0.507812 0.832031 0.511719 0.828125 0.515625 0.824219 0.515625 0.824219 0.531250 0.820312 0.535156 0.816406 0.535156 0.816406 0.554688 0.812500 0.558594 0.796875 0.558594 0.785156 0.546875 0.777344 0.546875 0.773438 0.550781 0.773438 0.558594 0.777344 0.562500 0.785156 0.562500 0.789062 0.566406 0.789062 0.578125 0.812500 0.578125 0.816406 0.582031 0.816406 0.609375 0.812500 0.613281 0.792969 0.613281 0.792969 0.628906 0.800781 0.628906 0.804688 0.625000 0.816406 0.625000 0.816406 0.597656 0.820312 0.593750 0.824219 0.593750 0.824219 0.589844 0.828125 0.585938 0.835938 0.585938 0.835938 0.578125 0.839844 0.574219 0.843750 0.574219 0.843750 0.562500 0.839844 0.562500 0.832031 0.554688 0.832031 0.539062 0.843750 0.527344 0.843750 0.523438 0.847656 0.519531 0.851562 0.519531 0.851562 0.500000
2 0.667969 0.464844 0.667969 0.472656 0.675781 0.472656 0.675781 0.464844
2 0.738281 0.457031 0.738281 0.468750 0.742188 0.472656 0.742188 0.476562 0.750000 0.476562 0.753906 0.480469 0.761719 0.480469 0.761719 0.457031
2 0.671875 0.414062 0.671875 0.429688 0.679688 0.429688 0.683594 0.433594 0.683594 0.460938 0.695312 0.460938 0.695312 0.457031 0.699219 0.453125 0.726562 0.453125 0.726562 0.441406 0.718750 0.433594 0.718750 0.421875 0.691406 0.421875 0.687500 0.417969 0.687500 0.414062
2 0.140625 0.386719 0.140625 0.390625 0.132812 0.398438 0.132812 0.402344 0.128906 0.406250 0.128906 0.410156 0.125000 0.414062 0.125000 0.429688 0.121094 0.433594 0.117188 0.433594 0.117188 0.437500 0.109375 0.445312 0.109375 0.500000 0.105469 0.503906 0.097656 0.503906 0.097656 0.519531 0.109375 0.519531 0.113281 0.523438 0.113281 0.527344 0.117188 0.527344 0.121094 0.531250 0.121094 0.546875 0.117188 0.550781 0.097656 0.550781 0.093750 0.546875 0.074219 0.546875 0.074219 0.562500 0.085938 0.562500 0.089844 0.566406 0.097656 0.566406 0.105469 0.558594 0.132812 0.558594 0.136719 0.562500 0.144531 0.562500 0.148438 0.566406 0.148438 0.582031 0.167969 0.582031 0.167969 0.570312 0.164062 0.566406 0.160156 0.566406 0.152344 0.558594 0.152344 0.554688 0.148438 0.554688 0.144531 0.550781 0.144531 0.527344 0.148438 0.523438 0.160156 0.523438 0.164062 0.519531 0.167969 0.519531 0.171875 0.515625 0.207031 0.515625 0.210938 0.511719 0.210938 0.488281 0.214844 0.484375 0.230469 0.484375 0.230469 0.480469 0.238281 0.472656 0.257812 0.472656 0.261719 0.476562 0.261719 0.484375 0.285156 0.484375 0.289062 0.480469 0.296875 0.480469 0.300781 0.476562 0.320312 0.476562 0.324219 0.472656 0.324219 0.464844 0.296875 0.464844 0.292969 0.460938 0.226562 0.460938 0.222656 0.457031 0.222656 0.453125 0.218750 0.449219 0.218750 0.441406 0.207031 0.441406 0.207031 0.460938 0.203125 0.464844 0.187500 0.464844 0.183594 0.460938 0.183594 0.449219 0.179688 0.445312 0.171875 0.445312 0.171875 0.460938 0.164062 0.468750 0.160156 0.468750 0.160156 0.488281 0.156250 0.492188 0.125000 0.492188 0.121094 0.488281 0.121094 0.449219 0.125000 0.445312 0.125000 0.433594 0.128906 0.429688 0.132812 0.429688 0.132812 0.425781 0.136719 0.421875 0.136719 0.414062 0.140625 0.410156 0.140625 0.406250 0.148438 0.398438 0.148438 0.386719
2 0.769531 0.296875 0.765625 0.300781 0.761719 0.300781 0.757812 0.304688 0.757812 0.324219 0.753906 0.328125 0.742188 0.328125 0.738281 0.332031 0.738281 0.343750 0.746094 0.351562 0.796875 0.351562 0.800781 0.347656 0.820312 0.347656 0.824219 0.351562 0.832031 0.351562 0.832031 0.343750 0.816406 0.343750 0.812500 0.339844 0.812500 0.335938 0.808594 0.335938 0.800781 0.328125 0.800781 0.304688 0.792969 0.304688 0.789062 0.300781 0.781250 0.300781 0.777344 0.296875
2 0.265625 0.191406 0.265625 0.218750 0.261719 0.222656 0.250000 0.222656 0.242188 0.230469 0.238281 0.230469 0.226562 0.242188 0.222656 0.242188 0.218750 0.246094 0.214844 0.246094 0.214844 0.250000 0.210938 0.253906 0.207031 0.253906 0.207031 0.257812 0.199219 0.265625 0.199219 0.273438 0.203125 0.273438 0.207031 0.277344 0.207031 0.296875 0.203125 0.300781 0.203125 0.312500 0.199219 0.316406 0.199219 0.339844 0.195312 0.343750 0.195312 0.359375 0.191406 0.363281 0.183594 0.363281 0.183594 0.367188 0.179688 0.371094 0.179688 0.375000 0.175781 0.378906 0.171875 0.378906 0.171875 0.386719 0.187500 0.386719 0.191406 0.382812 0.218750 0.382812 0.218750 0.359375 0.222656 0.355469 0.242188 0.355469 0.242188 0.335938 0.246094 0.332031 0.269531 0.332031 0.269531 0.312500 0.273438 0.308594 0.300781 0.308594 0.304688 0.312500 0.339844 0.312500 0.343750 0.316406 0.355469 0.316406 0.359375 0.312500 0.363281 0.312500 0.363281 0.304688 0.367188 0.300781 0.386719 0.300781 0.386719 0.289062 0.390625 0.285156 0.390625 0.277344 0.386719 0.273438 0.378906 0.273438 0.375000 0.277344 0.347656 0.277344 0.343750 0.273438 0.343750 0.265625 0.339844 0.265625 0.335938 0.261719 0.335938 0.234375 0.332031 0.230469 0.308594 0.230469 0.308594 0.234375 0.304688 0.238281 0.289062 0.238281 0.285156 0.234375 0.285156 0.218750 0.281250 0.218750 0.277344 0.214844 0.277344 0.199219 0.273438 0.195312 0.273438 0.191406
2 0.316406 0.156250 0.308594 0.164062 0.308594 0.195312 0.320312 0.195312 0.320312 0.187500 0.324219 0.183594 0.339844 0.183594 0.339844 0.175781 0.328125 0.175781 0.324219 0.171875 0.324219 0.156250
2 0.449219 0.058594 0.445312 0.062500 0.433594 0.062500 0.429688 0.066406 0.421875 0.066406 0.421875 0.070312 0.417969 0.074219 0.398438 0.074219 0.394531 0.078125 0.390625 0.078125 0.390625 0.082031 0.386719 0.085938 0.378906 0.085938 0.378906 0.097656 0.402344 0.097656 0.406250 0.093750 0.421875 0.093750 0.425781 0.097656 0.425781 0.128906 0.421875 0.132812 0.402344 0.132812 0.402344 0.148438 0.398438 0.152344 0.394531 0.152344 0.394531 0.171875 0.390625 0.175781 0.375000 0.175781 0.375000 0.183594 0.386719 0.183594 0.390625 0.187500 0.390625 0.191406 0.398438 0.191406 0.402344 0.195312 0.406250 0.195312 0.410156 0.199219 0.410156 0.207031 0.414062 0.207031 0.421875 0.214844 0.425781 0.214844 0.429688 0.218750 0.429688 0.238281 0.433594 0.238281 0.437500 0.242188 0.437500 0.246094 0.441406 0.246094 0.445312 0.250000 0.445312 0.261719 0.449219 0.265625 0.449219 0.281250 0.457031 0.281250 0.457031 0.257812 0.460938 0.253906 0.464844 0.253906 0.468750 0.250000 0.468750 0.242188 0.464844 0.238281 0.460938 0.238281 0.449219 0.226562 0.449219 0.199219 0.453125 0.195312 0.476562 0.195312 0.480469 0.199219 0.496094 0.199219 0.500000 0.195312 0.500000 0.191406 0.503906 0.187500 0.523438 0.187500 0.527344 0.191406 0.527344 0.199219 0.535156 0.199219 0.539062 0.203125 0.539062 0.218750 0.550781 0.218750 0.554688 0.222656 0.554688 0.238281 0.550781 0.242188 0.542969 0.242188 0.539062 0.246094 0.507812 0.246094 0.500000 0.253906 0.496094 0.253906 0.496094 0.273438 0.492188 0.277344 0.484375 0.277344 0.480469 0.281250 0.480469 0.292969 0.484375 0.292969 0.488281 0.296875 0.496094 0.296875 0.500000 0.300781 0.500000 0.316406 0.496094 0.320312 0.496094 0.328125 0.488281 0.335938 0.468750 0.335938 0.464844 0.332031 0.449219 0.332031 0.441406 0.339844 0.441406 0.351562 0.476562 0.351562 0.480469 0.355469 0.480469 0.371094 0.476562 0.375000 0.472656 0.375000 0.472656 0.386719 0.488281 0.386719 0.492188 0.382812 0.511719 0.382812 0.515625 0.386719 0.515625 0.402344 0.519531 0.406250 0.519531 0.414062 0.523438 0.414062 0.527344 0.417969 0.535156 0.417969 0.539062 0.421875 0.539062 0.441406 0.535156 0.445312 0.531250 0.445312 0.531250 0.453125 0.535156 0.453125 0.539062 0.457031 0.539062 0.472656 0.535156 0.476562 0.511719 0.476562 0.507812 0.472656 0.507812 0.464844 0.500000 0.464844 0.496094 0.468750 0.460938 0.468750 0.457031 0.464844 0.457031 0.460938 0.453125 0.457031 0.453125 0.453125 0.449219 0.449219 0.449219 0.441406 0.429688 0.441406 0.425781 0.437500 0.425781 0.421875 0.406250 0.421875 0.402344 0.425781 0.390625 0.425781 0.390625 0.433594 0.394531 0.433594 0.402344 0.441406 0.402344 0.445312 0.406250 0.445312 0.410156 0.449219 0.410156 0.453125 0.414062 0.453125 0.417969 0.457031 0.421875 0.457031 0.437500 0.472656 0.437500 0.488281 0.449219 0.488281 0.453125 0.492188 0.453125 0.500000 0.460938 0.507812 0.460938 0.519531 0.468750 0.519531 0.472656 0.515625 0.492188 0.515625 0.496094 0.519531 0.496094 0.539062 0.492188 0.542969 0.484375 0.542969 0.484375 0.550781 0.480469 0.554688 0.480469 0.570312 0.476562 0.574219 0.457031 0.574219 0.453125 0.570312 0.433594 0.570312 0.433594 0.605469 0.429688 0.609375 0.421875 0.609375 0.421875 0.621094 0.425781 0.625000 0.425781 0.644531 0.421875 0.648438 0.414062 0.648438 0.410156 0.652344 0.390625 0.652344 0.386719 0.648438 0.386719 0.628906 0.390625 0.625000 0.390625 0.609375 0.386719 0.605469 0.386719 0.601562 0.382812 0.597656 0.382812 0.582031 0.390625 0.574219 0.398438 0.574219 0.398438 0.566406 0.402344 0.562500 0.402344 0.554688 0.406250 0.550781 0.406250 0.542969 0.398438 0.542969 0.394531 0.546875 0.378906 0.546875 0.375000 0.542969 0.371094 0.542969 0.359375 0.531250 0.355469 0.531250 0.343750 0.519531 0.332031 0.519531 0.332031 0.523438 0.328125 0.527344 0.316406 0.527344 0.316406 0.531250 0.312500 0.535156 0.289062 0.535156 0.285156 0.539062 0.281250 0.539062 0.281250 0.550781 0.285156 0.554688 0.289062 0.554688 0.292969 0.558594 0.292969 0.578125 0.289062 0.582031 0.265625 0.582031 0.257812 0.589844 0.257812 0.593750 0.250000 0.601562 0.234375 0.601562 0.230469 0.597656 0.222656 0.597656 0.222656 0.601562 0.218750 0.605469 0.199219 0.605469 0.195312 0.601562 0.195312 0.593750 0.179688 0.593750 0.179688 0.609375 0.183594 0.609375 0.187500 0.613281 0.187500 0.628906 0.183594 0.632812 0.167969 0.632812 0.164062 0.628906 0.152344 0.628906 0.148438 0.625000 0.136719 0.625000 0.132812 0.621094 0.125000 0.621094 0.121094 0.617188 0.105469 0.617188 0.093750 0.605469 0.085938 0.605469 0.082031 0.609375 0.078125 0.609375 0.078125 0.625000 0.082031 0.628906 0.097656 0.628906 0.101562 0.632812 0.101562 0.652344 0.097656 0.656250 0.093750 0.656250 0.093750 0.664062 0.101562 0.664062 0.101562 0.652344 0.105469 0.648438 0.109375 0.648438 0.109375 0.644531 0.113281 0.640625 0.132812 0.640625 0.136719 0.644531 0.140625 0.644531 0.144531 0.648438 0.156250 0.648438 0.160156 0.644531 0.199219 0.644531 0.203125 0.648438 0.203125 0.656250 0.207031 0.656250 0.210938 0.660156 0.214844 0.660156 0.218750 0.664062 0.222656 0.664062 0.230469 0.671875 0.230469 0.687500 0.226562 0.691406 0.210938 0.691406 0.207031 0.687500 0.195312 0.687500 0.191406 0.691406 0.167969 0.691406 0.164062 0.687500 0.152344 0.687500 0.148438 0.691406 0.148438 0.710938 0.152344 0.710938 0.160156 0.718750 0.167969 0.718750 0.171875 0.722656 0.171875 0.726562 0.175781 0.726562 0.179688 0.730469 0.203125 0.730469 0.207031 0.734375 0.207031 0.738281 0.210938 0.738281 0.214844 0.742188 0.218750 0.742188 0.222656 0.746094 0.222656 0.757812 0.226562 0.761719 0.226562 0.785156 0.222656 0.789062 0.222656 0.796875 0.230469 0.796875 0.230469 0.781250 0.234375 0.777344 0.242188 0.777344 0.246094 0.773438 0.250000 0.773438 0.250000 0.769531 0.253906 0.765625 0.273438 0.765625 0.277344 0.769531 0.277344 0.789062 0.285156 0.789062 0.285156 0.777344 0.289062 0.773438 0.296875 0.773438 0.304688 0.765625 0.308594 0.765625 0.308594 0.746094 0.304688 0.742188 0.304688 0.726562 0.296875 0.726562 0.289062 0.734375 0.269531 0.734375 0.265625 0.730469 0.250000 0.730469 0.246094 0.726562 0.246094 0.691406 0.250000 0.687500 0.261719 0.687500 0.261719 0.652344 0.257812 0.648438 0.257812 0.644531 0.234375 0.644531 0.230469 0.640625 0.222656 0.640625 0.218750 0.636719 0.218750 0.613281 0.222656 0.609375 0.234375 0.609375 0.238281 0.605469 0.285156 0.605469 0.289062 0.609375 0.289062 0.613281 0.292969 0.613281 0.296875 0.617188 0.296875 0.621094 0.300781 0.625000 0.316406 0.625000 0.324219 0.632812 0.335938 0.632812 0.343750 0.640625 0.351562 0.640625 0.351562 0.621094 0.355469 0.617188 0.375000 0.617188 0.378906 0.621094 0.378906 0.644531 0.375000 0.648438 0.371094 0.648438 0.371094 0.660156 0.394531 0.660156 0.398438 0.664062 0.398438 0.691406 0.394531 0.695312 0.386719 0.695312 0.386719 0.703125 0.390625 0.707031 0.402344 0.707031 0.406250 0.710938 0.406250 0.734375 0.410156 0.734375 0.414062 0.738281 0.425781 0.738281 0.433594 0.746094 0.433594 0.761719 0.425781 0.769531 0.406250 0.769531 0.406250 0.785156 0.410156 0.789062 0.410156 0.792969 0.429688 0.792969 0.433594 0.789062 0.453125 0.789062 0.457031 0.792969 0.457031 0.800781 0.468750 0.812500 0.468750 0.832031 0.472656 0.835938 0.472656 0.839844 0.476562 0.843750 0.480469 0.843750 0.484375 0.847656 0.492188 0.847656 0.492188 0.828125 0.496094 0.824219 0.515625 0.824219 0.519531 0.828125 0.527344 0.828125 0.527344 0.824219 0.531250 0.820312 0.546875 0.820312 0.550781 0.824219 0.550781 0.843750 0.546875 0.847656 0.546875 0.851562 0.542969 0.855469 0.542969 0.863281 0.605469 0.863281 0.609375 0.867188 0.613281 0.867188 0.617188 0.871094 0.617188 0.878906 0.621094 0.882812 0.621094 0.898438 0.628906 0.898438 0.632812 0.902344 0.636719 0.902344 0.640625 0.906250 0.640625 0.910156 0.644531 0.914062 0.644531 0.929688 0.640625 0.933594 0.640625 0.937500 0.636719 0.941406 0.636719 0.949219 0.691406 0.949219 0.695312 0.945312 0.695312 0.941406 0.699219 0.937500 0.707031 0.937500 0.718750 0.925781 0.718750 0.906250 0.722656 0.902344 0.730469 0.902344 0.734375 0.898438 0.742188 0.898438 0.746094 0.894531 0.773438 0.894531 0.773438 0.886719 0.769531 0.882812 0.753906 0.882812 0.750000 0.886719 0.734375 0.886719 0.730469 0.882812 0.714844 0.882812 0.710938 0.878906 0.691406 0.878906 0.687500 0.875000 0.687500 0.859375 0.691406 0.855469 0.714844 0.855469 0.718750 0.851562 0.722656 0.851562 0.734375 0.839844 0.738281 0.839844 0.746094 0.832031 0.753906 0.832031 0.753906 0.824219 0.746094 0.824219 0.742188 0.820312 0.742188 0.808594 0.734375 0.808594 0.726562 0.800781 0.726562 0.785156 0.710938 0.785156 0.707031 0.781250 0.707031 0.769531 0.699219 0.769531 0.699219 0.773438 0.695312 0.777344 0.691406 0.777344 0.687500 0.781250 0.679688 0.781250 0.679688 0.789062 0.675781 0.792969 0.671875 0.792969 0.671875 0.800781 0.667969 0.804688 0.644531 0.804688 0.636719 0.796875 0.636719 0.769531 0.628906 0.761719 0.628906 0.746094 0.640625 0.734375 0.664062 0.734375 0.667969 0.730469 0.687500 0.730469 0.691406 0.734375 0.699219 0.734375 0.703125 0.738281 0.714844 0.738281 0.718750 0.734375 0.718750 0.730469 0.722656 0.726562 0.722656 0.722656 0.726562 0.718750 0.738281 0.718750 0.742188 0.714844 0.750000 0.714844 0.753906 0.710938 0.753906 0.699219 0.734375 0.699219 0.730469 0.695312 0.730469 0.691406 0.718750 0.679688 0.718750 0.660156 0.714844 0.656250 0.703125 0.656250 0.703125 0.675781 0.699219 0.679688 0.687500 0.679688 0.683594 0.683594 0.683594 0.691406 0.679688 0.695312 0.671875 0.695312 0.671875 0.699219 0.667969 0.703125 0.660156 0.703125 0.656250 0.707031 0.636719 0.707031 0.632812 0.703125 0.632812 0.687500 0.621094 0.687500 0.617188 0.683594 0.601562 0.683594 0.597656 0.679688 0.597656 0.664062 0.601562 0.660156 0.605469 0.660156 0.605469 0.644531 0.601562 0.640625 0.597656 0.640625 0.593750 0.636719 0.593750 0.621094 0.597656 0.617188 0.601562 0.617188 0.601562 0.613281 0.605469 0.609375 0.621094 0.609375 0.621094 0.605469 0.625000 0.601562 0.625000 0.593750 0.628906 0.589844 0.628906 0.585938 0.632812 0.582031 0.660156 0.582031 0.660156 0.574219 0.652344 0.574219 0.648438 0.570312 0.636719 0.570312 0.632812 0.566406 0.632812 0.546875 0.628906 0.546875 0.625000 0.542969 0.625000 0.531250 0.617188 0.523438 0.617188 0.500000 0.613281 0.496094 0.613281 0.468750 0.605469 0.468750 0.601562 0.464844 0.601562 0.460938 0.578125 0.460938 0.574219 0.457031 0.574219 0.425781 0.578125 0.421875 0.605469 0.421875 0.605469 0.414062 0.613281 0.406250 0.613281 0.390625 0.628906 0.375000 0.628906 0.371094 0.632812 0.367188 0.632812 0.359375 0.640625 0.351562 0.667969 0.351562 0.671875 0.355469 0.671875 0.363281 0.675781 0.367188 0.675781 0.386719 0.687500 0.386719 0.691406 0.390625 0.691406 0.398438 0.726562 0.398438 0.730469 0.394531 0.730469 0.386719 0.726562 0.386719 0.722656 0.382812 0.722656 0.378906 0.710938 0.378906 0.707031 0.375000 0.707031 0.371094 0.699219 0.371094 0.691406 0.363281 0.691406 0.355469 0.671875 0.355469 0.667969 0.351562 0.667969 0.324219 0.671875 0.320312 0.675781 0.320312 0.679688 0.316406 0.679688 0.308594 0.675781 0.308594 0.671875 0.304688 0.671875 0.296875 0.667969 0.292969 0.667969 0.257812 0.671875 0.253906 0.695312 0.253906 0.703125 0.246094 0.707031 0.246094 0.710938 0.242188 0.710938 0.234375 0.703125 0.234375 0.699219 0.230469 0.699219 0.226562 0.695312 0.226562 0.691406 0.222656 0.691406 0.218750 0.687500 0.218750 0.683594 0.214844 0.667969 0.214844 0.664062 0.210938 0.664062 0.207031 0.632812 0.207031 0.628906 0.210938 0.628906 0.218750 0.640625 0.218750 0.644531 0.222656 0.656250 0.222656 0.660156 0.226562 0.660156 0.242188 0.656250 0.246094 0.656250 0.261719 0.652344 0.265625 0.628906 0.265625 0.628906 0.269531 0.625000 0.273438 0.625000 0.285156 0.628906 0.289062 0.628906 0.312500 0.625000 0.316406 0.609375 0.316406 0.605469 0.320312 0.589844 0.320312 0.585938 0.316406 0.585938 0.296875 0.582031 0.296875 0.574219 0.289062 0.574219 0.273438 0.582031 0.265625 0.589844 0.265625 0.589844 0.261719 0.593750 0.257812 0.597656 0.257812 0.601562 0.253906 0.601562 0.246094 0.582031 0.246094 0.578125 0.242188 0.578125 0.238281 0.562500 0.238281 0.558594 0.234375 0.558594 0.218750 0.562500 0.214844 0.578125 0.214844 0.582031 0.218750 0.582031 0.222656 0.605469 0.222656 0.605469 0.207031 0.601562 0.207031 0.597656 0.203125 0.597656 0.195312 0.589844 0.187500 0.589844 0.183594 0.578125 0.171875 0.578125 0.164062 0.574219 0.164062 0.570312 0.160156 0.570312 0.156250 0.566406 0.152344 0.566406 0.144531 0.562500 0.140625 0.562500 0.136719 0.539062 0.136719 0.527344 0.125000 0.527344 0.121094 0.523438 0.121094 0.511719 0.109375 0.511719 0.105469 0.507812 0.101562 0.503906 0.101562 0.500000 0.097656 0.500000 0.082031 0.496094 0.082031 0.492188 0.078125 0.492188 0.066406 0.488281 0.066406 0.484375 0.062500 0.472656 0.062500 0.468750 0.058594
