2 0.265625 0.910156 0.261719 0.914062 0.261719 0.921875 0.269531 0.921875 0.273438 0.917969 0.273438 0.910156
2 0.304688 0.738281 0.300781 0.742188 0.300781 0.750000 0.296875 0.753906 0.281250 0.753906 0.281250 0.777344 0.277344 0.781250 0.277344 0.785156 0.273438 0.789062 0.273438 0.808594 0.269531 0.812500 0.261719 0.812500 0.253906 0.820312 0.234375 0.820312 0.234375 0.839844 0.230469 0.843750 0.226562 0.843750 0.218750 0.851562 0.218750 0.871094 0.234375 0.871094 0.234375 0.863281 0.238281 0.859375 0.238281 0.851562 0.242188 0.847656 0.242188 0.843750 0.246094 0.839844 0.273438 0.839844 0.277344 0.843750 0.277344 0.863281 0.289062 0.863281 0.292969 0.867188 0.292969 0.871094 0.304688 0.871094 0.308594 0.867188 0.308594 0.863281 0.312500 0.859375 0.312500 0.851562 0.328125 0.835938 0.328125 0.816406 0.312500 0.816406 0.308594 0.812500 0.308594 0.781250 0.296875 0.781250 0.292969 0.777344 0.292969 0.757812 0.296875 0.753906 0.312500 0.753906 0.316406 0.757812 0.316406 0.769531 0.324219 0.769531 0.324219 0.761719 0.320312 0.761719 0.316406 0.757812 0.316406 0.742188 0.312500 0.738281
2 0.179688 0.699219 0.179688 0.707031 0.187500 0.707031 0.187500 0.699219
2 0.312500 0.671875 0.312500 0.679688 0.308594 0.683594 0.296875 0.683594 0.296875 0.691406 0.292969 0.695312 0.292969 0.707031 0.304688 0.707031 0.308594 0.710938 0.308594 0.714844 0.316406 0.714844 0.316406 0.687500 0.320312 0.683594 0.320312 0.671875
2 0.074219 0.664062 0.074219 0.667969 0.070312 0.671875 0.062500 0.671875 0.058594 0.675781 0.054688 0.675781 0.054688 0.691406 0.062500 0.691406 0.070312 0.699219 0.070312 0.707031 0.082031 0.707031 0.085938 0.710938 0.093750 0.710938 0.097656 0.714844 0.097656 0.718750 0.121094 0.718750 0.121094 0.683594 0.105469 0.683594 0.097656 0.675781 0.089844 0.675781 0.082031 0.667969 0.082031 0.664062
2 0.421875 0.617188 0.417969 0.621094 0.417969 0.632812 0.414062 0.636719 0.414062 0.640625 0.410156 0.644531 0.406250 0.644531 0.398438 0.652344 0.398438 0.667969 0.410156 0.667969 0.414062 0.671875 0.414062 0.687500 0.433594 0.687500 0.437500 0.691406 0.437500 0.707031 0.449219 0.707031 0.449219 0.699219 0.445312 0.695312 0.445312 0.691406 0.441406 0.687500 0.441406 0.671875 0.445312 0.667969 0.445312 0.660156 0.449219 0.656250 0.457031 0.656250 0.457031 0.648438 0.441406 0.648438 0.437500 0.644531 0.437500 0.632812 0.433594 0.628906 0.433594 0.621094 0.429688 0.617188
2 0.265625 0.542969 0.261719 0.546875 0.250000 0.546875 0.246094 0.550781 0.246094 0.562500 0.265625 0.562500 0.273438 0.570312 0.273438 0.585938 0.277344 0.585938 0.281250 0.589844 0.281250 0.609375 0.285156 0.613281 0.285156 0.628906 0.289062 0.632812 0.289062 0.648438 0.285156 0.652344 0.281250 0.652344 0.281250 0.667969 0.289062 0.667969 0.289062 0.656250 0.292969 0.652344 0.300781 0.652344 0.300781 0.640625 0.304688 0.636719 0.304688 0.609375 0.312500 0.601562 0.324219 0.601562 0.324219 0.585938 0.320312 0.582031 0.320312 0.574219 0.316406 0.570312 0.296875 0.570312 0.292969 0.566406 0.292969 0.554688 0.289062 0.550781 0.289062 0.546875 0.277344 0.546875 0.273438 0.542969
2 0.105469 0.523438 0.105469 0.527344 0.101562 0.531250 0.101562 0.546875 0.097656 0.550781 0.066406 0.550781 0.066406 0.562500 0.054688 0.574219 0.039062 0.574219 0.035156 0.570312 0.035156 0.566406 0.027344 0.566406 0.023438 0.562500 0.023438 0.554688 0.000000 0.554688 0.000000 0.589844 0.023438 0.589844 0.027344 0.593750 0.027344 0.601562 0.042969 0.601562 0.050781 0.609375 0.070312 0.609375 0.074219 0.613281 0.074219 0.628906 0.101562 0.628906 0.101562 0.625000 0.105469 0.621094 0.121094 0.621094 0.125000 0.625000 0.128906 0.625000 0.132812 0.628906 0.132812 0.652344 0.152344 0.652344 0.156250 0.656250 0.156250 0.660156 0.160156 0.664062 0.160156 0.671875 0.179688 0.671875 0.183594 0.675781 0.199219 0.675781 0.203125 0.679688 0.203125 0.687500 0.214844 0.687500 0.214844 0.679688 0.218750 0.675781 0.218750 0.648438 0.214844 0.648438 0.210938 0.644531 0.199219 0.644531 0.199219 0.648438 0.195312 0.652344 0.179688 0.652344 0.175781 0.648438 0.175781 0.636719 0.171875 0.632812 0.136719 0.632812 0.132812 0.628906 0.132812 0.613281 0.128906 0.609375 0.128906 0.605469 0.117188 0.593750 0.117188 0.562500 0.121094 0.558594 0.136719 0.558594 0.140625 0.562500 0.140625 0.566406 0.156250 0.566406 0.156250 0.550781 0.152344 0.546875 0.136719 0.546875 0.128906 0.539062 0.128906 0.535156 0.125000 0.535156 0.121094 0.531250 0.117188 0.531250 0.113281 0.527344 0.113281 0.523438
2 0.250000 0.476562 0.246094 0.480469 0.246094 0.488281 0.250000 0.492188 0.250000 0.496094 0.265625 0.496094 0.269531 0.500000 0.277344 0.500000 0.281250 0.496094 0.281250 0.484375 0.277344 0.480469 0.277344 0.476562
2 0.839844 0.468750 0.839844 0.476562 0.843750 0.480469 0.843750 0.488281 0.847656 0.492188 0.847656 0.503906 0.859375 0.503906 0.863281 0.500000 0.863281 0.480469 0.851562 0.468750
2 0.777344 0.429688 0.777344 0.437500 0.781250 0.441406 0.789062 0.441406 0.789062 0.433594 0.785156 0.429688
2 0.242188 0.421875 0.242188 0.429688 0.246094 0.429688 0.253906 0.437500 0.261719 0.437500 0.261719 0.429688 0.253906 0.421875
2 0.750000 0.417969 0.750000 0.425781 0.757812 0.425781 0.757812 0.417969
2 0.316406 0.406250 0.316406 0.437500 0.312500 0.441406 0.312500 0.468750 0.308594 0.472656 0.308594 0.480469 0.316406 0.480469 0.316406 0.468750 0.320312 0.464844 0.320312 0.437500 0.324219 0.433594 0.324219 0.406250
2 0.320312 0.359375 0.320312 0.371094 0.324219 0.375000 0.324219 0.378906 0.332031 0.378906 0.332031 0.375000 0.335938 0.371094 0.335938 0.359375
2 0.175781 0.304688 0.175781 0.320312 0.183594 0.328125 0.183594 0.335938 0.187500 0.339844 0.195312 0.339844 0.199219 0.343750 0.203125 0.343750 0.207031 0.347656 0.214844 0.347656 0.218750 0.351562 0.218750 0.359375 0.230469 0.359375 0.230469 0.347656 0.218750 0.347656 0.214844 0.343750 0.214844 0.339844 0.195312 0.320312 0.195312 0.316406 0.191406 0.312500 0.187500 0.312500 0.183594 0.308594 0.183594 0.304688
2 0.707031 0.296875 0.707031 0.312500 0.703125 0.316406 0.679688 0.316406 0.679688 0.335938 0.675781 0.339844 0.652344 0.339844 0.652344 0.347656 0.656250 0.351562 0.667969 0.351562 0.671875 0.355469 0.671875 0.367188 0.679688 0.367188 0.679688 0.363281 0.683594 0.359375 0.695312 0.359375 0.699219 0.355469 0.699219 0.343750 0.703125 0.339844 0.742188 0.339844 0.742188 0.332031 0.738281 0.332031 0.726562 0.320312 0.718750 0.320312 0.714844 0.316406 0.714844 0.296875
2 0.660156 0.156250 0.660156 0.160156 0.656250 0.164062 0.656250 0.187500 0.664062 0.195312 0.679688 0.195312 0.683594 0.199219 0.683594 0.203125 0.687500 0.207031 0.687500 0.210938 0.695312 0.218750 0.695312 0.222656 0.699219 0.226562 0.699219 0.230469 0.703125 0.234375 0.714844 0.234375 0.714844 0.207031 0.710938 0.203125 0.710938 0.195312 0.699219 0.195312 0.695312 0.191406 0.679688 0.191406 0.675781 0.187500 0.675781 0.156250
2 0.667969 0.074219 0.664062 0.078125 0.664062 0.085938 0.667969 0.089844 0.667969 0.097656 0.671875 0.101562 0.671875 0.132812 0.679688 0.132812 0.687500 0.125000 0.691406 0.125000 0.695312 0.121094 0.695312 0.093750 0.687500 0.085938 0.683594 0.085938 0.675781 0.078125 0.675781 0.074219
2 0.312500 0.058594 0.312500 0.074219 0.308594 0.078125 0.296875 0.078125 0.289062 0.085938 0.289062 0.093750 0.292969 0.097656 0.292969 0.101562 0.308594 0.101562 0.316406 0.109375 0.316406 0.113281 0.328125 0.113281 0.328125 0.089844 0.324219 0.085938 0.324219 0.062500 0.320312 0.058594
2 0.113281 0.031250 0.113281 0.050781 0.109375 0.054688 0.109375 0.066406 0.113281 0.070312 0.113281 0.074219 0.117188 0.078125 0.117188 0.082031 0.132812 0.082031 0.136719 0.085938 0.136719 0.089844 0.148438 0.101562 0.148438 0.109375 0.156250 0.109375 0.160156 0.113281 0.175781 0.113281 0.183594 0.121094 0.183594 0.125000 0.187500 0.128906 0.222656 0.128906 0.226562 0.132812 0.226562 0.136719 0.230469 0.140625 0.230469 0.144531 0.238281 0.144531 0.242188 0.140625 0.242188 0.125000 0.238281 0.121094 0.238281 0.105469 0.242188 0.101562 0.250000 0.101562 0.250000 0.082031 0.234375 0.082031 0.230469 0.078125 0.218750 0.078125 0.214844 0.074219 0.203125 0.074219 0.199219 0.070312 0.191406 0.070312 0.171875 0.050781 0.144531 0.050781 0.140625 0.046875 0.140625 0.042969 0.132812 0.042969 0.128906 0.039062 0.128906 0.031250
2 0.527344 0.023438 0.527344 0.039062 0.523438 0.042969 0.523438 0.058594 0.527344 0.058594 0.531250 0.062500 0.531250 0.078125 0.539062 0.078125 0.554688 0.062500 0.554688 0.042969 0.550781 0.039062 0.546875 0.039062 0.542969 0.035156 0.542969 0.031250 0.535156 0.023438
2 0.093750 0.015625 0.093750 0.023438 0.101562 0.023438 0.101562 0.015625
2 0.417969 0.000000 0.417969 0.015625 0.402344 0.031250 0.398438 0.031250 0.398438 0.035156 0.394531 0.039062 0.394531 0.042969 0.390625 0.046875 0.386719 0.046875 0.382812 0.050781 0.382812 0.078125 0.386719 0.078125 0.394531 0.085938 0.402344 0.085938 0.406250 0.082031 0.406250 0.074219 0.398438 0.066406 0.398438 0.050781 0.410156 0.039062 0.421875 0.039062 0.425781 0.035156 0.433594 0.035156 0.433594 0.019531 0.441406 0.011719 0.441406 0.000000
