2 0.449219 0.828125 0.441406 0.835938 0.437500 0.835938 0.437500 0.847656 0.433594 0.851562 0.398438 0.851562 0.394531 0.855469 0.394531 0.863281 0.437500 0.863281 0.437500 0.855469 0.441406 0.851562 0.472656 0.851562 0.472656 0.843750 0.464844 0.835938 0.460938 0.835938 0.457031 0.832031 0.457031 0.828125
2 0.785156 0.769531 0.781250 0.773438 0.777344 0.773438 0.777344 0.781250 0.789062 0.781250 0.792969 0.777344 0.792969 0.769531
2 0.472656 0.738281 0.472656 0.750000 0.476562 0.753906 0.484375 0.753906 0.488281 0.757812 0.488281 0.761719 0.492188 0.761719 0.496094 0.765625 0.496094 0.773438 0.500000 0.777344 0.500000 0.781250 0.503906 0.781250 0.507812 0.785156 0.507812 0.808594 0.511719 0.808594 0.515625 0.812500 0.523438 0.812500 0.523438 0.792969 0.519531 0.789062 0.519531 0.785156 0.515625 0.781250 0.515625 0.761719 0.511719 0.757812 0.511719 0.750000 0.503906 0.750000 0.500000 0.746094 0.500000 0.738281
2 0.808594 0.671875 0.808594 0.679688 0.812500 0.683594 0.812500 0.687500 0.816406 0.687500 0.820312 0.691406 0.820312 0.695312 0.824219 0.699219 0.824219 0.703125 0.828125 0.707031 0.828125 0.722656 0.835938 0.722656 0.839844 0.718750 0.839844 0.703125 0.835938 0.703125 0.832031 0.699219 0.832031 0.687500 0.828125 0.683594 0.828125 0.679688 0.820312 0.671875
2 0.605469 0.644531 0.605469 0.675781 0.609375 0.675781 0.613281 0.679688 0.613281 0.695312 0.617188 0.695312 0.621094 0.699219 0.640625 0.699219 0.644531 0.703125 0.644531 0.718750 0.640625 0.722656 0.640625 0.730469 0.660156 0.730469 0.664062 0.726562 0.703125 0.726562 0.707031 0.722656 0.707031 0.707031 0.703125 0.707031 0.691406 0.695312 0.691406 0.675781 0.695312 0.671875 0.695312 0.664062 0.687500 0.664062 0.683594 0.667969 0.644531 0.667969 0.640625 0.664062 0.640625 0.652344 0.621094 0.652344 0.617188 0.648438 0.617188 0.644531
2 0.714844 0.640625 0.714844 0.644531 0.710938 0.648438 0.710938 0.660156 0.722656 0.660156 0.726562 0.664062 0.734375 0.664062 0.734375 0.656250 0.726562 0.656250 0.722656 0.652344 0.722656 0.640625
2 0.750000 0.628906 0.750000 0.632812 0.746094 0.636719 0.746094 0.648438 0.753906 0.648438 0.757812 0.652344 0.757812 0.656250 0.761719 0.656250 0.765625 0.660156 0.765625 0.664062 0.789062 0.664062 0.789062 0.656250 0.781250 0.656250 0.777344 0.652344 0.777344 0.648438 0.773438 0.648438 0.769531 0.644531 0.769531 0.636719 0.765625 0.636719 0.757812 0.628906
2 0.164062 0.625000 0.164062 0.628906 0.160156 0.632812 0.156250 0.632812 0.156250 0.644531 0.164062 0.644531 0.171875 0.636719 0.195312 0.636719 0.199219 0.640625 0.218750 0.640625 0.218750 0.632812 0.195312 0.632812 0.191406 0.628906 0.183594 0.628906 0.179688 0.625000
2 0.796875 0.597656 0.796875 0.605469 0.804688 0.605469 0.804688 0.597656
2 0.722656 0.519531 0.722656 0.527344 0.734375 0.527344 0.734375 0.519531
2 0.582031 0.515625 0.582031 0.519531 0.578125 0.523438 0.570312 0.523438 0.570312 0.531250 0.566406 0.535156 0.531250 0.535156 0.527344 0.531250 0.511719 0.531250 0.507812 0.535156 0.503906 0.535156 0.503906 0.542969 0.500000 0.546875 0.492188 0.546875 0.492188 0.554688 0.496094 0.558594 0.496094 0.562500 0.507812 0.562500 0.523438 0.578125 0.523438 0.585938 0.539062 0.585938 0.546875 0.593750 0.574219 0.593750 0.578125 0.597656 0.578125 0.605469 0.589844 0.605469 0.589844 0.589844 0.593750 0.585938 0.605469 0.585938 0.609375 0.582031 0.625000 0.582031 0.625000 0.570312 0.605469 0.570312 0.601562 0.566406 0.601562 0.550781 0.597656 0.546875 0.593750 0.546875 0.589844 0.542969 0.589844 0.527344 0.593750 0.523438 0.593750 0.515625
2 0.148438 0.492188 0.148438 0.507812 0.140625 0.515625 0.132812 0.515625 0.128906 0.519531 0.125000 0.519531 0.125000 0.527344 0.156250 0.527344 0.160156 0.531250 0.175781 0.531250 0.179688 0.535156 0.199219 0.535156 0.199219 0.519531 0.195312 0.515625 0.195312 0.511719 0.187500 0.511719 0.183594 0.507812 0.175781 0.507812 0.171875 0.503906 0.171875 0.500000 0.167969 0.500000 0.160156 0.492188
2 0.707031 0.445312 0.707031 0.449219 0.703125 0.453125 0.675781 0.453125 0.671875 0.449219 0.648438 0.449219 0.644531 0.453125 0.625000 0.453125 0.625000 0.457031 0.621094 0.460938 0.621094 0.468750 0.625000 0.472656 0.640625 0.472656 0.644531 0.476562 0.644531 0.488281 0.667969 0.488281 0.671875 0.492188 0.671875 0.507812 0.679688 0.507812 0.683594 0.511719 0.683594 0.515625 0.691406 0.515625 0.695312 0.511719 0.714844 0.511719 0.714844 0.496094 0.710938 0.496094 0.707031 0.492188 0.707031 0.476562 0.703125 0.472656 0.703125 0.457031 0.707031 0.453125 0.714844 0.453125 0.714844 0.445312
2 0.308594 0.328125 0.308594 0.332031 0.304688 0.335938 0.296875 0.335938 0.296875 0.351562 0.304688 0.351562 0.304688 0.347656 0.308594 0.343750 0.332031 0.343750 0.332031 0.335938 0.328125 0.332031 0.324219 0.332031 0.320312 0.328125
2 0.441406 0.312500 0.441406 0.320312 0.437500 0.324219 0.425781 0.324219 0.425781 0.332031 0.433594 0.332031 0.437500 0.335938 0.437500 0.367188 0.441406 0.367188 0.445312 0.371094 0.445312 0.390625 0.441406 0.394531 0.437500 0.394531 0.437500 0.398438 0.433594 0.402344 0.417969 0.402344 0.417969 0.410156 0.414062 0.414062 0.394531 0.414062 0.390625 0.410156 0.390625 0.402344 0.386719 0.398438 0.386719 0.394531 0.382812 0.394531 0.375000 0.386719 0.375000 0.378906 0.367188 0.378906 0.363281 0.382812 0.347656 0.382812 0.343750 0.378906 0.343750 0.371094 0.339844 0.367188 0.332031 0.367188 0.332031 0.371094 0.328125 0.375000 0.296875 0.375000 0.296875 0.378906 0.292969 0.382812 0.285156 0.382812 0.285156 0.390625 0.281250 0.394531 0.277344 0.394531 0.277344 0.398438 0.273438 0.402344 0.273438 0.406250 0.269531 0.410156 0.269531 0.414062 0.265625 0.417969 0.261719 0.417969 0.261719 0.429688 0.257812 0.433594 0.253906 0.433594 0.253906 0.445312 0.257812 0.449219 0.257812 0.472656 0.265625 0.472656 0.265625 0.464844 0.269531 0.460938 0.292969 0.460938 0.292969 0.457031 0.296875 0.453125 0.312500 0.453125 0.320312 0.460938 0.332031 0.460938 0.335938 0.464844 0.335938 0.480469 0.343750 0.480469 0.343750 0.476562 0.347656 0.472656 0.351562 0.472656 0.351562 0.445312 0.355469 0.441406 0.378906 0.441406 0.382812 0.437500 0.382812 0.433594 0.386719 0.429688 0.414062 0.429688 0.417969 0.433594 0.421875 0.433594 0.425781 0.437500 0.425781 0.460938 0.429688 0.464844 0.429688 0.488281 0.421875 0.496094 0.421875 0.515625 0.417969 0.519531 0.410156 0.519531 0.410156 0.523438 0.402344 0.531250 0.371094 0.531250 0.367188 0.527344 0.355469 0.527344 0.355469 0.535156 0.359375 0.539062 0.375000 0.539062 0.382812 0.546875 0.386719 0.546875 0.394531 0.554688 0.394531 0.589844 0.398438 0.593750 0.398438 0.628906 0.394531 0.632812 0.394531 0.652344 0.390625 0.656250 0.375000 0.656250 0.367188 0.648438 0.367188 0.628906 0.363281 0.625000 0.355469 0.625000 0.351562 0.621094 0.351562 0.617188 0.347656 0.613281 0.347656 0.597656 0.328125 0.597656 0.324219 0.593750 0.320312 0.593750 0.316406 0.589844 0.316406 0.574219 0.308594 0.574219 0.304688 0.570312 0.304688 0.554688 0.296875 0.554688 0.292969 0.558594 0.253906 0.558594 0.242188 0.546875 0.222656 0.546875 0.222656 0.570312 0.214844 0.578125 0.210938 0.578125 0.210938 0.593750 0.214844 0.597656 0.234375 0.597656 0.238281 0.601562 0.246094 0.601562 0.250000 0.605469 0.250000 0.609375 0.253906 0.613281 0.253906 0.644531 0.257812 0.648438 0.261719 0.648438 0.265625 0.652344 0.277344 0.652344 0.277344 0.628906 0.285156 0.621094 0.289062 0.621094 0.289062 0.617188 0.292969 0.613281 0.308594 0.613281 0.312500 0.617188 0.312500 0.621094 0.320312 0.628906 0.320312 0.632812 0.332031 0.644531 0.332031 0.652344 0.335938 0.656250 0.335938 0.660156 0.339844 0.660156 0.343750 0.664062 0.351562 0.664062 0.355469 0.667969 0.367188 0.667969 0.371094 0.671875 0.382812 0.671875 0.390625 0.679688 0.398438 0.679688 0.402344 0.683594 0.406250 0.683594 0.410156 0.687500 0.414062 0.687500 0.429688 0.703125 0.437500 0.703125 0.437500 0.687500 0.433594 0.683594 0.433594 0.679688 0.421875 0.679688 0.417969 0.675781 0.417969 0.652344 0.421875 0.648438 0.437500 0.648438 0.441406 0.652344 0.441406 0.656250 0.445312 0.656250 0.449219 0.660156 0.449219 0.664062 0.457031 0.664062 0.460938 0.667969 0.460938 0.671875 0.464844 0.675781 0.472656 0.675781 0.472656 0.664062 0.476562 0.660156 0.476562 0.656250 0.480469 0.652344 0.480469 0.640625 0.488281 0.632812 0.488281 0.628906 0.492188 0.625000 0.527344 0.625000 0.527344 0.617188 0.515625 0.617188 0.511719 0.613281 0.503906 0.613281 0.503906 0.621094 0.500000 0.625000 0.464844 0.625000 0.457031 0.617188 0.457031 0.601562 0.460938 0.597656 0.468750 0.597656 0.468750 0.593750 0.472656 0.589844 0.488281 0.589844 0.488281 0.578125 0.468750 0.578125 0.464844 0.574219 0.464844 0.562500 0.457031 0.554688 0.457031 0.550781 0.453125 0.546875 0.453125 0.527344 0.449219 0.527344 0.445312 0.523438 0.441406 0.523438 0.437500 0.519531 0.437500 0.503906 0.441406 0.500000 0.449219 0.500000 0.449219 0.480469 0.457031 0.472656 0.460938 0.472656 0.464844 0.468750 0.468750 0.468750 0.468750 0.460938 0.472656 0.457031 0.472656 0.453125 0.476562 0.449219 0.480469 0.449219 0.484375 0.445312 0.507812 0.445312 0.515625 0.437500 0.527344 0.437500 0.531250 0.433594 0.542969 0.433594 0.546875 0.429688 0.597656 0.429688 0.597656 0.425781 0.601562 0.421875 0.609375 0.421875 0.613281 0.417969 0.636719 0.417969 0.640625 0.421875 0.652344 0.421875 0.652344 0.417969 0.656250 0.414062 0.660156 0.414062 0.664062 0.410156 0.687500 0.410156 0.687500 0.402344 0.683594 0.402344 0.679688 0.398438 0.679688 0.382812 0.667969 0.371094 0.667969 0.367188 0.664062 0.363281 0.664062 0.359375 0.660156 0.355469 0.660156 0.347656 0.656250 0.343750 0.648438 0.343750 0.640625 0.335938 0.636719 0.335938 0.632812 0.332031 0.625000 0.332031 0.621094 0.328125 0.621094 0.316406 0.605469 0.316406 0.601562 0.312500 0.589844 0.312500 0.589844 0.320312 0.597656 0.320312 0.601562 0.324219 0.601562 0.328125 0.609375 0.328125 0.613281 0.332031 0.613281 0.355469 0.609375 0.359375 0.605469 0.359375 0.601562 0.363281 0.585938 0.363281 0.582031 0.359375 0.582031 0.355469 0.566406 0.355469 0.562500 0.351562 0.562500 0.343750 0.546875 0.343750 0.542969 0.347656 0.531250 0.347656 0.527344 0.351562 0.496094 0.351562 0.492188 0.347656 0.492188 0.343750 0.484375 0.343750 0.480469 0.347656 0.464844 0.347656 0.460938 0.343750 0.457031 0.343750 0.453125 0.339844 0.453125 0.312500
2 0.507812 0.269531 0.507812 0.273438 0.503906 0.277344 0.503906 0.296875 0.500000 0.300781 0.496094 0.300781 0.496094 0.320312 0.507812 0.320312 0.507812 0.289062 0.515625 0.281250 0.515625 0.269531
2 0.539062 0.253906 0.539062 0.292969 0.546875 0.292969 0.550781 0.289062 0.558594 0.289062 0.558594 0.281250 0.562500 0.277344 0.585938 0.277344 0.585938 0.265625 0.582031 0.265625 0.578125 0.261719 0.578125 0.257812 0.562500 0.257812 0.558594 0.253906
2 0.550781 0.171875 0.550781 0.183594 0.554688 0.187500 0.554688 0.195312 0.570312 0.195312 0.574219 0.191406 0.574219 0.179688 0.570312 0.175781 0.570312 0.171875
2 0.515625 0.160156 0.515625 0.191406 0.511719 0.195312 0.511719 0.203125 0.515625 0.207031 0.515625 0.234375 0.531250 0.234375 0.531250 0.222656 0.527344 0.218750 0.527344 0.210938 0.523438 0.207031 0.523438 0.183594 0.527344 0.179688 0.527344 0.164062 0.523438 0.160156
2 0.640625 0.152344 0.636719 0.156250 0.636719 0.164062 0.632812 0.167969 0.632812 0.171875 0.628906 0.175781 0.617188 0.175781 0.617188 0.195312 0.613281 0.199219 0.605469 0.199219 0.605469 0.207031 0.617188 0.207031 0.617188 0.187500 0.621094 0.183594 0.644531 0.183594 0.644531 0.179688 0.648438 0.175781 0.652344 0.175781 0.652344 0.164062 0.648438 0.160156 0.648438 0.152344
2 0.527344 0.097656 0.523438 0.101562 0.515625 0.101562 0.515625 0.109375 0.550781 0.109375 0.554688 0.113281 0.566406 0.113281 0.570312 0.117188 0.582031 0.117188 0.585938 0.121094 0.617188 0.121094 0.617188 0.113281 0.609375 0.105469 0.605469 0.105469 0.601562 0.101562 0.550781 0.101562 0.546875 0.097656
