2 0.562500 0.875000 0.562500 0.882812 0.574219 0.882812 0.578125 0.886719 0.578125 0.890625 0.582031 0.890625 0.585938 0.894531 0.585938 0.917969 0.593750 0.925781 0.593750 0.929688 0.625000 0.929688 0.628906 0.933594 0.628906 0.945312 0.632812 0.945312 0.636719 0.949219 0.640625 0.949219 0.644531 0.953125 0.644531 0.968750 0.640625 0.972656 0.640625 0.976562 0.636719 0.980469 0.617188 0.980469 0.617188 0.996094 0.679688 0.996094 0.679688 0.988281 0.683594 0.984375 0.683594 0.976562 0.675781 0.968750 0.675781 0.960938 0.667969 0.960938 0.664062 0.957031 0.664062 0.953125 0.656250 0.945312 0.656250 0.941406 0.652344 0.937500 0.652344 0.902344 0.640625 0.902344 0.636719 0.898438 0.636719 0.886719 0.597656 0.886719 0.593750 0.882812 0.593750 0.878906 0.574219 0.878906 0.570312 0.875000
2 0.328125 0.785156 0.328125 0.792969 0.324219 0.796875 0.324219 0.800781 0.320312 0.804688 0.304688 0.804688 0.304688 0.820312 0.312500 0.820312 0.316406 0.824219 0.335938 0.824219 0.339844 0.828125 0.347656 0.828125 0.347656 0.812500 0.355469 0.804688 0.367188 0.804688 0.367188 0.792969 0.359375 0.792969 0.355469 0.789062 0.351562 0.789062 0.347656 0.785156
2 0.832031 0.667969 0.828125 0.671875 0.820312 0.671875 0.820312 0.679688 0.835938 0.679688 0.839844 0.675781 0.839844 0.667969
2 0.476562 0.656250 0.476562 0.660156 0.472656 0.664062 0.472656 0.671875 0.484375 0.671875 0.484375 0.656250
2 0.222656 0.640625 0.222656 0.648438 0.230469 0.648438 0.230469 0.640625
2 0.500000 0.617188 0.492188 0.625000 0.492188 0.628906 0.488281 0.632812 0.488281 0.648438 0.496094 0.648438 0.496094 0.644531 0.500000 0.640625 0.503906 0.640625 0.503906 0.636719 0.507812 0.632812 0.511719 0.632812 0.511719 0.617188
2 0.175781 0.589844 0.175781 0.605469 0.171875 0.609375 0.171875 0.613281 0.167969 0.617188 0.164062 0.617188 0.164062 0.625000 0.171875 0.632812 0.179688 0.632812 0.183594 0.636719 0.195312 0.636719 0.199219 0.632812 0.210938 0.632812 0.210938 0.625000 0.199219 0.613281 0.199219 0.609375 0.191406 0.609375 0.187500 0.605469 0.187500 0.597656 0.183594 0.593750 0.183594 0.589844
2 0.523438 0.585938 0.523438 0.589844 0.519531 0.593750 0.515625 0.593750 0.515625 0.605469 0.523438 0.605469 0.523438 0.597656 0.527344 0.593750 0.535156 0.593750 0.535156 0.585938
2 0.402344 0.546875 0.402344 0.562500 0.406250 0.566406 0.406250 0.597656 0.402344 0.601562 0.402344 0.636719 0.398438 0.640625 0.398438 0.648438 0.394531 0.652344 0.394531 0.660156 0.398438 0.660156 0.402344 0.664062 0.402344 0.687500 0.398438 0.691406 0.398438 0.699219 0.402344 0.699219 0.406250 0.703125 0.414062 0.703125 0.414062 0.699219 0.421875 0.691406 0.421875 0.687500 0.425781 0.683594 0.425781 0.671875 0.429688 0.667969 0.429688 0.660156 0.437500 0.652344 0.437500 0.640625 0.433594 0.636719 0.433594 0.605469 0.437500 0.601562 0.437500 0.593750 0.433594 0.589844 0.433594 0.562500 0.417969 0.562500 0.414062 0.558594 0.414062 0.546875
2 0.425781 0.511719 0.425781 0.519531 0.421875 0.523438 0.421875 0.539062 0.433594 0.539062 0.433594 0.511719
2 0.000000 0.468750 0.000000 0.480469 0.007812 0.480469 0.011719 0.484375 0.019531 0.484375 0.023438 0.480469 0.023438 0.468750
2 0.164062 0.464844 0.160156 0.468750 0.156250 0.468750 0.156250 0.476562 0.152344 0.480469 0.136719 0.480469 0.132812 0.476562 0.132812 0.472656 0.128906 0.472656 0.125000 0.468750 0.117188 0.468750 0.117188 0.484375 0.121094 0.484375 0.125000 0.488281 0.125000 0.523438 0.117188 0.531250 0.117188 0.539062 0.125000 0.539062 0.136719 0.550781 0.140625 0.550781 0.144531 0.554688 0.144531 0.558594 0.148438 0.558594 0.152344 0.562500 0.160156 0.562500 0.160156 0.546875 0.156250 0.542969 0.156250 0.539062 0.152344 0.535156 0.140625 0.535156 0.136719 0.531250 0.136719 0.511719 0.140625 0.507812 0.144531 0.507812 0.144531 0.488281 0.148438 0.484375 0.164062 0.484375 0.167969 0.488281 0.167969 0.492188 0.179688 0.492188 0.183594 0.488281 0.183594 0.480469 0.179688 0.476562 0.175781 0.476562 0.171875 0.472656 0.171875 0.464844
2 0.042969 0.437500 0.042969 0.441406 0.039062 0.445312 0.039062 0.449219 0.035156 0.453125 0.035156 0.460938 0.058594 0.460938 0.062500 0.464844 0.070312 0.464844 0.070312 0.445312 0.066406 0.441406 0.066406 0.437500
2 0.675781 0.417969 0.675781 0.429688 0.683594 0.429688 0.687500 0.425781 0.699219 0.425781 0.699219 0.417969
2 0.179688 0.417969 0.179688 0.433594 0.183594 0.437500 0.191406 0.437500 0.195312 0.433594 0.195312 0.417969
2 0.640625 0.394531 0.640625 0.402344 0.648438 0.402344 0.648438 0.394531
2 0.582031 0.394531 0.582031 0.398438 0.574219 0.406250 0.558594 0.406250 0.558594 0.429688 0.562500 0.433594 0.562500 0.441406 0.570312 0.441406 0.574219 0.445312 0.574219 0.460938 0.570312 0.464844 0.566406 0.464844 0.566406 0.480469 0.562500 0.484375 0.546875 0.484375 0.542969 0.480469 0.542969 0.472656 0.539062 0.468750 0.539062 0.464844 0.523438 0.464844 0.519531 0.460938 0.519531 0.457031 0.511719 0.457031 0.511719 0.464844 0.503906 0.472656 0.500000 0.472656 0.500000 0.480469 0.503906 0.484375 0.503906 0.488281 0.507812 0.492188 0.507812 0.503906 0.511719 0.503906 0.515625 0.507812 0.515625 0.535156 0.519531 0.539062 0.519531 0.546875 0.542969 0.546875 0.546875 0.550781 0.546875 0.562500 0.558594 0.562500 0.558594 0.558594 0.562500 0.554688 0.562500 0.523438 0.566406 0.519531 0.566406 0.515625 0.570312 0.511719 0.574219 0.511719 0.574219 0.507812 0.578125 0.503906 0.582031 0.503906 0.582031 0.500000 0.589844 0.492188 0.589844 0.488281 0.593750 0.484375 0.593750 0.476562 0.589844 0.472656 0.589844 0.468750 0.585938 0.464844 0.585938 0.460938 0.578125 0.460938 0.574219 0.457031 0.574219 0.437500 0.578125 0.433594 0.593750 0.433594 0.593750 0.417969 0.597656 0.414062 0.597656 0.406250 0.593750 0.402344 0.593750 0.398438 0.589844 0.394531
2 0.164062 0.394531 0.164062 0.406250 0.171875 0.406250 0.171875 0.394531
2 0.937500 0.386719 0.937500 0.390625 0.925781 0.402344 0.925781 0.417969 0.960938 0.417969 0.964844 0.421875 0.964844 0.425781 0.968750 0.425781 0.972656 0.429688 0.980469 0.429688 0.980469 0.414062 0.976562 0.414062 0.972656 0.410156 0.957031 0.410156 0.953125 0.406250 0.953125 0.398438 0.949219 0.394531 0.949219 0.390625 0.945312 0.386719
2 0.312500 0.371094 0.308594 0.375000 0.308594 0.386719 0.300781 0.394531 0.300781 0.421875 0.296875 0.425781 0.277344 0.425781 0.273438 0.421875 0.269531 0.421875 0.265625 0.417969 0.250000 0.417969 0.246094 0.414062 0.246094 0.406250 0.238281 0.398438 0.238281 0.394531 0.234375 0.394531 0.226562 0.386719 0.226562 0.378906 0.222656 0.375000 0.214844 0.375000 0.214844 0.378906 0.210938 0.382812 0.203125 0.382812 0.203125 0.390625 0.207031 0.394531 0.207031 0.402344 0.214844 0.402344 0.218750 0.406250 0.222656 0.406250 0.226562 0.410156 0.226562 0.414062 0.246094 0.414062 0.250000 0.417969 0.250000 0.429688 0.253906 0.433594 0.257812 0.433594 0.265625 0.441406 0.265625 0.468750 0.261719 0.472656 0.242188 0.472656 0.238281 0.468750 0.238281 0.464844 0.230469 0.457031 0.218750 0.457031 0.218750 0.468750 0.222656 0.472656 0.222656 0.476562 0.226562 0.480469 0.226562 0.488281 0.250000 0.511719 0.250000 0.519531 0.253906 0.523438 0.253906 0.531250 0.257812 0.531250 0.261719 0.535156 0.261719 0.554688 0.269531 0.562500 0.269531 0.589844 0.273438 0.593750 0.273438 0.605469 0.277344 0.605469 0.281250 0.609375 0.281250 0.632812 0.285156 0.636719 0.285156 0.640625 0.289062 0.640625 0.292969 0.644531 0.292969 0.671875 0.289062 0.675781 0.261719 0.675781 0.261719 0.683594 0.265625 0.687500 0.269531 0.687500 0.273438 0.691406 0.273438 0.722656 0.269531 0.726562 0.195312 0.726562 0.195312 0.734375 0.210938 0.734375 0.218750 0.742188 0.222656 0.742188 0.226562 0.746094 0.230469 0.746094 0.234375 0.750000 0.277344 0.750000 0.277344 0.722656 0.281250 0.718750 0.281250 0.703125 0.285156 0.699219 0.289062 0.699219 0.289062 0.679688 0.292969 0.675781 0.320312 0.675781 0.324219 0.679688 0.324219 0.699219 0.328125 0.703125 0.328125 0.718750 0.324219 0.722656 0.324219 0.738281 0.339844 0.738281 0.339844 0.726562 0.335938 0.722656 0.335938 0.707031 0.339844 0.703125 0.339844 0.687500 0.343750 0.683594 0.343750 0.671875 0.347656 0.667969 0.351562 0.667969 0.351562 0.640625 0.355469 0.636719 0.355469 0.628906 0.359375 0.625000 0.359375 0.617188 0.363281 0.613281 0.367188 0.613281 0.367188 0.597656 0.363281 0.593750 0.347656 0.593750 0.343750 0.589844 0.343750 0.550781 0.351562 0.542969 0.355469 0.542969 0.355469 0.515625 0.359375 0.511719 0.359375 0.507812 0.363281 0.503906 0.363281 0.496094 0.335938 0.496094 0.332031 0.500000 0.332031 0.503906 0.328125 0.507812 0.328125 0.511719 0.324219 0.515625 0.312500 0.515625 0.312500 0.523438 0.316406 0.527344 0.324219 0.527344 0.328125 0.531250 0.328125 0.558594 0.332031 0.562500 0.332031 0.574219 0.335938 0.578125 0.335938 0.593750 0.328125 0.601562 0.308594 0.601562 0.292969 0.585938 0.292969 0.554688 0.285156 0.546875 0.285156 0.511719 0.289062 0.507812 0.289062 0.492188 0.296875 0.484375 0.296875 0.480469 0.300781 0.476562 0.300781 0.468750 0.304688 0.464844 0.304688 0.453125 0.308594 0.449219 0.308594 0.445312 0.312500 0.441406 0.316406 0.441406 0.316406 0.437500 0.320312 0.433594 0.320312 0.429688 0.324219 0.425781 0.324219 0.421875 0.328125 0.417969 0.328125 0.414062 0.332031 0.410156 0.347656 0.410156 0.351562 0.414062 0.371094 0.414062 0.371094 0.406250 0.367188 0.402344 0.367188 0.398438 0.363281 0.398438 0.359375 0.394531 0.355469 0.394531 0.351562 0.390625 0.343750 0.390625 0.335938 0.382812 0.335938 0.375000 0.324219 0.375000 0.320312 0.371094
2 0.835938 0.300781 0.835938 0.347656 0.832031 0.351562 0.789062 0.351562 0.781250 0.359375 0.777344 0.359375 0.777344 0.386719 0.773438 0.390625 0.765625 0.390625 0.761719 0.394531 0.734375 0.394531 0.734375 0.398438 0.730469 0.402344 0.730469 0.425781 0.726562 0.429688 0.722656 0.429688 0.718750 0.433594 0.707031 0.433594 0.707031 0.453125 0.703125 0.457031 0.699219 0.457031 0.699219 0.460938 0.695312 0.464844 0.691406 0.464844 0.687500 0.468750 0.683594 0.468750 0.675781 0.476562 0.675781 0.492188 0.671875 0.496094 0.667969 0.496094 0.667969 0.503906 0.664062 0.507812 0.652344 0.507812 0.652344 0.519531 0.683594 0.519531 0.687500 0.523438 0.687500 0.550781 0.683594 0.554688 0.679688 0.554688 0.679688 0.566406 0.671875 0.574219 0.660156 0.574219 0.660156 0.585938 0.648438 0.597656 0.648438 0.613281 0.652344 0.617188 0.652344 0.648438 0.644531 0.656250 0.644531 0.664062 0.640625 0.667969 0.617188 0.667969 0.613281 0.664062 0.613281 0.636719 0.617188 0.632812 0.621094 0.632812 0.621094 0.621094 0.613281 0.613281 0.585938 0.613281 0.582031 0.617188 0.582031 0.621094 0.578125 0.625000 0.570312 0.625000 0.570312 0.632812 0.574219 0.636719 0.589844 0.636719 0.593750 0.640625 0.593750 0.660156 0.589844 0.664062 0.570312 0.664062 0.570312 0.671875 0.578125 0.671875 0.578125 0.667969 0.582031 0.664062 0.613281 0.664062 0.617188 0.667969 0.617188 0.699219 0.613281 0.703125 0.601562 0.703125 0.597656 0.707031 0.593750 0.707031 0.589844 0.710938 0.582031 0.710938 0.582031 0.718750 0.578125 0.722656 0.574219 0.722656 0.574219 0.730469 0.585938 0.730469 0.585938 0.726562 0.589844 0.722656 0.613281 0.722656 0.617188 0.726562 0.617188 0.730469 0.621094 0.734375 0.644531 0.734375 0.648438 0.738281 0.652344 0.738281 0.656250 0.742188 0.656250 0.750000 0.660156 0.753906 0.660156 0.769531 0.656250 0.773438 0.636719 0.773438 0.636719 0.785156 0.640625 0.789062 0.640625 0.808594 0.636719 0.812500 0.625000 0.812500 0.625000 0.820312 0.628906 0.824219 0.632812 0.824219 0.644531 0.835938 0.644531 0.863281 0.648438 0.867188 0.664062 0.867188 0.667969 0.871094 0.667969 0.875000 0.675781 0.875000 0.675781 0.855469 0.683594 0.847656 0.695312 0.847656 0.699219 0.843750 0.699219 0.839844 0.703125 0.835938 0.710938 0.835938 0.718750 0.828125 0.722656 0.828125 0.722656 0.824219 0.726562 0.820312 0.726562 0.804688 0.722656 0.800781 0.722656 0.785156 0.726562 0.781250 0.726562 0.765625 0.730469 0.761719 0.750000 0.761719 0.753906 0.765625 0.757812 0.765625 0.761719 0.769531 0.765625 0.769531 0.769531 0.773438 0.777344 0.773438 0.781250 0.777344 0.789062 0.777344 0.789062 0.769531 0.792969 0.765625 0.792969 0.746094 0.796875 0.742188 0.800781 0.742188 0.800781 0.734375 0.796875 0.734375 0.792969 0.730469 0.792969 0.707031 0.773438 0.707031 0.769531 0.703125 0.769531 0.687500 0.773438 0.683594 0.781250 0.683594 0.785156 0.679688 0.789062 0.679688 0.789062 0.671875 0.792969 0.667969 0.800781 0.667969 0.800781 0.632812 0.804688 0.628906 0.824219 0.628906 0.828125 0.625000 0.828125 0.605469 0.832031 0.601562 0.843750 0.601562 0.843750 0.593750 0.839844 0.589844 0.835938 0.589844 0.832031 0.585938 0.832031 0.562500 0.835938 0.558594 0.835938 0.554688 0.839844 0.550781 0.843750 0.550781 0.847656 0.546875 0.851562 0.546875 0.855469 0.542969 0.875000 0.542969 0.878906 0.546875 0.878906 0.554688 0.886719 0.554688 0.886719 0.550781 0.890625 0.546875 0.890625 0.539062 0.867188 0.539062 0.863281 0.535156 0.859375 0.535156 0.855469 0.531250 0.851562 0.531250 0.847656 0.527344 0.847656 0.507812 0.843750 0.507812 0.839844 0.503906 0.839844 0.500000 0.835938 0.500000 0.828125 0.492188 0.828125 0.480469 0.824219 0.480469 0.820312 0.476562 0.820312 0.460938 0.824219 0.457031 0.828125 0.457031 0.835938 0.449219 0.835938 0.445312 0.839844 0.441406 0.863281 0.441406 0.863281 0.425781 0.843750 0.425781 0.839844 0.421875 0.839844 0.410156 0.832031 0.410156 0.828125 0.406250 0.828125 0.402344 0.824219 0.398438 0.824219 0.394531 0.820312 0.390625 0.820312 0.375000 0.828125 0.367188 0.839844 0.367188 0.843750 0.363281 0.843750 0.359375 0.847656 0.355469 0.882812 0.355469 0.886719 0.359375 0.898438 0.359375 0.898438 0.343750 0.902344 0.339844 0.914062 0.339844 0.921875 0.332031 0.921875 0.320312 0.910156 0.320312 0.906250 0.324219 0.886719 0.324219 0.886719 0.335938 0.882812 0.339844 0.867188 0.339844 0.863281 0.335938 0.859375 0.335938 0.851562 0.328125 0.851562 0.300781
2 0.437500 0.277344 0.437500 0.285156 0.433594 0.289062 0.414062 0.289062 0.410156 0.292969 0.410156 0.300781 0.406250 0.304688 0.406250 0.308594 0.398438 0.316406 0.398438 0.339844 0.394531 0.343750 0.394531 0.351562 0.398438 0.351562 0.402344 0.355469 0.402344 0.410156 0.398438 0.414062 0.398438 0.417969 0.390625 0.425781 0.390625 0.433594 0.394531 0.437500 0.402344 0.437500 0.402344 0.425781 0.406250 0.421875 0.406250 0.406250 0.410156 0.402344 0.417969 0.402344 0.417969 0.382812 0.425781 0.375000 0.429688 0.375000 0.433594 0.371094 0.433594 0.367188 0.437500 0.363281 0.468750 0.363281 0.472656 0.367188 0.472656 0.375000 0.480469 0.375000 0.484375 0.371094 0.500000 0.371094 0.503906 0.375000 0.503906 0.406250 0.507812 0.410156 0.507812 0.425781 0.515625 0.425781 0.515625 0.421875 0.519531 0.417969 0.519531 0.410156 0.523438 0.406250 0.523438 0.375000 0.519531 0.371094 0.519531 0.332031 0.527344 0.324219 0.527344 0.312500 0.531250 0.308594 0.535156 0.308594 0.535156 0.296875 0.515625 0.296875 0.503906 0.285156 0.503906 0.281250 0.492188 0.281250 0.492188 0.292969 0.496094 0.296875 0.496094 0.304688 0.500000 0.304688 0.507812 0.312500 0.507812 0.332031 0.503906 0.335938 0.476562 0.335938 0.468750 0.328125 0.468750 0.316406 0.453125 0.316406 0.453125 0.347656 0.449219 0.351562 0.433594 0.351562 0.429688 0.347656 0.429688 0.296875 0.433594 0.292969 0.453125 0.292969 0.453125 0.285156 0.445312 0.277344
2 0.335938 0.242188 0.335938 0.250000 0.332031 0.253906 0.316406 0.253906 0.316406 0.261719 0.312500 0.265625 0.312500 0.281250 0.316406 0.281250 0.320312 0.285156 0.320312 0.289062 0.324219 0.292969 0.324219 0.312500 0.320312 0.316406 0.312500 0.316406 0.312500 0.324219 0.347656 0.324219 0.355469 0.332031 0.355469 0.347656 0.351562 0.351562 0.351562 0.359375 0.359375 0.359375 0.359375 0.343750 0.363281 0.339844 0.363281 0.324219 0.359375 0.320312 0.359375 0.296875 0.351562 0.296875 0.347656 0.292969 0.339844 0.292969 0.335938 0.289062 0.335938 0.277344 0.332031 0.273438 0.332031 0.257812 0.335938 0.253906 0.347656 0.253906 0.347656 0.242188
2 0.976562 0.238281 0.976562 0.246094 0.980469 0.250000 0.980469 0.253906 0.996094 0.253906 0.996094 0.242188 0.988281 0.242188 0.984375 0.238281
2 0.914062 0.179688 0.914062 0.191406 0.917969 0.195312 0.917969 0.203125 0.933594 0.203125 0.933594 0.179688
2 0.812500 0.144531 0.812500 0.164062 0.808594 0.167969 0.785156 0.167969 0.781250 0.164062 0.781250 0.160156 0.773438 0.160156 0.769531 0.156250 0.769531 0.152344 0.746094 0.152344 0.742188 0.156250 0.742188 0.160156 0.738281 0.164062 0.714844 0.164062 0.710938 0.160156 0.699219 0.160156 0.695312 0.164062 0.691406 0.164062 0.691406 0.187500 0.683594 0.195312 0.683594 0.214844 0.687500 0.218750 0.687500 0.238281 0.683594 0.242188 0.683594 0.253906 0.679688 0.257812 0.679688 0.261719 0.671875 0.269531 0.671875 0.273438 0.664062 0.281250 0.660156 0.281250 0.652344 0.289062 0.648438 0.289062 0.640625 0.296875 0.617188 0.296875 0.617188 0.312500 0.613281 0.316406 0.613281 0.324219 0.625000 0.324219 0.625000 0.316406 0.628906 0.312500 0.660156 0.312500 0.664062 0.316406 0.664062 0.347656 0.675781 0.347656 0.675781 0.343750 0.679688 0.339844 0.687500 0.339844 0.687500 0.320312 0.683594 0.316406 0.683594 0.304688 0.679688 0.300781 0.679688 0.285156 0.683594 0.281250 0.687500 0.281250 0.687500 0.277344 0.691406 0.273438 0.691406 0.246094 0.695312 0.242188 0.699219 0.242188 0.699219 0.191406 0.703125 0.187500 0.730469 0.187500 0.734375 0.183594 0.757812 0.183594 0.761719 0.187500 0.761719 0.207031 0.769531 0.207031 0.769531 0.191406 0.773438 0.187500 0.777344 0.187500 0.781250 0.183594 0.781250 0.179688 0.785156 0.175781 0.816406 0.175781 0.820312 0.179688 0.828125 0.179688 0.832031 0.183594 0.832031 0.203125 0.828125 0.207031 0.824219 0.207031 0.824219 0.214844 0.820312 0.218750 0.812500 0.218750 0.812500 0.238281 0.808594 0.242188 0.808594 0.246094 0.804688 0.250000 0.773438 0.250000 0.769531 0.246094 0.769531 0.230469 0.761719 0.230469 0.761719 0.253906 0.757812 0.257812 0.753906 0.257812 0.750000 0.261719 0.746094 0.261719 0.746094 0.300781 0.750000 0.304688 0.761719 0.304688 0.765625 0.300781 0.765625 0.296875 0.769531 0.292969 0.789062 0.292969 0.789062 0.285156 0.792969 0.281250 0.792969 0.277344 0.796875 0.273438 0.816406 0.273438 0.816406 0.269531 0.820312 0.265625 0.839844 0.265625 0.843750 0.261719 0.843750 0.250000 0.835938 0.250000 0.832031 0.246094 0.832031 0.230469 0.835938 0.226562 0.839844 0.226562 0.839844 0.199219 0.835938 0.195312 0.835938 0.167969 0.832031 0.167969 0.828125 0.164062 0.828125 0.144531
2 0.894531 0.117188 0.890625 0.121094 0.882812 0.121094 0.882812 0.125000 0.875000 0.132812 0.875000 0.144531 0.886719 0.144531 0.890625 0.148438 0.890625 0.152344 0.894531 0.156250 0.910156 0.156250 0.914062 0.152344 0.917969 0.152344 0.917969 0.140625 0.914062 0.136719 0.914062 0.128906 0.902344 0.117188
2 0.628906 0.078125 0.625000 0.082031 0.625000 0.089844 0.628906 0.093750 0.628906 0.097656 0.632812 0.101562 0.632812 0.117188 0.644531 0.128906 0.652344 0.128906 0.656250 0.132812 0.656250 0.148438 0.671875 0.148438 0.671875 0.105469 0.667969 0.101562 0.667969 0.085938 0.664062 0.082031 0.640625 0.082031 0.636719 0.078125
