2 0.519531 0.875000 0.507812 0.886719 0.503906 0.886719 0.503906 0.906250 0.523438 0.906250 0.531250 0.898438 0.531250 0.890625 0.527344 0.886719 0.527344 0.875000
2 0.562500 0.835938 0.558594 0.839844 0.554688 0.839844 0.554688 0.847656 0.558594 0.851562 0.574219 0.851562 0.578125 0.847656 0.585938 0.847656 0.585938 0.839844 0.582031 0.839844 0.578125 0.835938
2 0.792969 0.832031 0.792969 0.839844 0.796875 0.843750 0.800781 0.843750 0.808594 0.851562 0.812500 0.851562 0.816406 0.855469 0.820312 0.855469 0.824219 0.859375 0.824219 0.871094 0.828125 0.875000 0.839844 0.875000 0.839844 0.863281 0.843750 0.859375 0.859375 0.859375 0.859375 0.855469 0.863281 0.851562 0.863281 0.839844 0.855469 0.832031 0.847656 0.832031 0.843750 0.835938 0.839844 0.835938 0.835938 0.839844 0.816406 0.839844 0.808594 0.832031
2 0.160156 0.824219 0.156250 0.828125 0.144531 0.828125 0.144531 0.835938 0.148438 0.839844 0.164062 0.839844 0.167969 0.843750 0.171875 0.843750 0.175781 0.847656 0.175781 0.851562 0.195312 0.851562 0.199219 0.847656 0.214844 0.847656 0.214844 0.839844 0.199219 0.839844 0.195312 0.835938 0.191406 0.835938 0.187500 0.832031 0.183594 0.832031 0.179688 0.828125 0.175781 0.828125 0.171875 0.824219
2 0.234375 0.792969 0.234375 0.808594 0.230469 0.812500 0.230469 0.824219 0.246094 0.824219 0.246094 0.812500 0.253906 0.804688 0.273438 0.804688 0.277344 0.808594 0.281250 0.808594 0.285156 0.812500 0.292969 0.812500 0.292969 0.800781 0.273438 0.800781 0.269531 0.796875 0.265625 0.796875 0.261719 0.792969
2 0.402344 0.660156 0.402344 0.667969 0.421875 0.667969 0.425781 0.671875 0.425781 0.675781 0.441406 0.675781 0.441406 0.664062 0.437500 0.664062 0.433594 0.660156
2 0.234375 0.660156 0.230469 0.664062 0.230469 0.675781 0.234375 0.679688 0.234375 0.687500 0.242188 0.687500 0.246094 0.683594 0.261719 0.683594 0.265625 0.687500 0.265625 0.707031 0.261719 0.710938 0.250000 0.710938 0.246094 0.714844 0.246094 0.730469 0.253906 0.730469 0.257812 0.734375 0.269531 0.734375 0.273438 0.738281 0.277344 0.738281 0.281250 0.742188 0.281250 0.753906 0.296875 0.753906 0.300781 0.757812 0.328125 0.757812 0.332031 0.761719 0.343750 0.761719 0.347656 0.757812 0.347656 0.753906 0.351562 0.750000 0.382812 0.750000 0.390625 0.757812 0.394531 0.757812 0.398438 0.761719 0.398438 0.781250 0.394531 0.785156 0.386719 0.785156 0.386719 0.792969 0.406250 0.792969 0.410156 0.796875 0.410156 0.816406 0.414062 0.816406 0.417969 0.820312 0.417969 0.828125 0.425781 0.828125 0.425781 0.820312 0.429688 0.816406 0.433594 0.816406 0.433594 0.785156 0.441406 0.777344 0.460938 0.777344 0.464844 0.773438 0.464844 0.765625 0.457031 0.757812 0.453125 0.757812 0.449219 0.753906 0.449219 0.750000 0.437500 0.750000 0.433594 0.746094 0.421875 0.746094 0.417969 0.742188 0.414062 0.742188 0.410156 0.738281 0.410156 0.730469 0.402344 0.730469 0.402344 0.738281 0.398438 0.742188 0.382812 0.742188 0.378906 0.738281 0.375000 0.738281 0.371094 0.734375 0.371094 0.722656 0.367188 0.718750 0.367188 0.710938 0.355469 0.710938 0.351562 0.707031 0.351562 0.703125 0.332031 0.703125 0.328125 0.699219 0.328125 0.695312 0.324219 0.691406 0.308594 0.691406 0.304688 0.687500 0.304688 0.664062 0.300781 0.660156
2 0.195312 0.625000 0.195312 0.628906 0.191406 0.632812 0.175781 0.632812 0.175781 0.640625 0.171875 0.644531 0.171875 0.656250 0.175781 0.660156 0.175781 0.675781 0.171875 0.679688 0.132812 0.679688 0.132812 0.691406 0.136719 0.691406 0.140625 0.695312 0.156250 0.695312 0.160156 0.699219 0.160156 0.707031 0.167969 0.707031 0.167969 0.703125 0.171875 0.699219 0.171875 0.695312 0.175781 0.691406 0.195312 0.691406 0.195312 0.683594 0.187500 0.675781 0.187500 0.636719 0.191406 0.632812 0.203125 0.632812 0.203125 0.625000
2 0.792969 0.601562 0.792969 0.609375 0.789062 0.613281 0.789062 0.621094 0.785156 0.625000 0.785156 0.628906 0.781250 0.632812 0.777344 0.632812 0.777344 0.640625 0.773438 0.644531 0.773438 0.722656 0.769531 0.726562 0.769531 0.734375 0.765625 0.738281 0.765625 0.750000 0.773438 0.750000 0.777344 0.746094 0.777344 0.742188 0.781250 0.738281 0.781250 0.710938 0.785156 0.707031 0.800781 0.707031 0.808594 0.714844 0.816406 0.714844 0.816406 0.710938 0.824219 0.703125 0.828125 0.703125 0.839844 0.691406 0.839844 0.683594 0.835938 0.679688 0.835938 0.648438 0.828125 0.648438 0.824219 0.652344 0.804688 0.652344 0.800781 0.648438 0.800781 0.625000 0.804688 0.621094 0.832031 0.621094 0.843750 0.609375 0.843750 0.601562
2 0.039062 0.542969 0.035156 0.546875 0.035156 0.554688 0.046875 0.554688 0.050781 0.558594 0.050781 0.574219 0.046875 0.578125 0.042969 0.578125 0.042969 0.601562 0.054688 0.601562 0.054688 0.597656 0.058594 0.593750 0.058594 0.589844 0.062500 0.585938 0.062500 0.566406 0.066406 0.562500 0.078125 0.562500 0.078125 0.554688 0.058594 0.554688 0.054688 0.550781 0.054688 0.546875 0.050781 0.542969
2 0.558594 0.480469 0.558594 0.492188 0.550781 0.500000 0.550781 0.503906 0.546875 0.507812 0.546875 0.515625 0.550781 0.519531 0.550781 0.539062 0.558594 0.539062 0.566406 0.531250 0.566406 0.519531 0.570312 0.515625 0.570312 0.484375 0.566406 0.480469
2 0.105469 0.480469 0.101562 0.484375 0.101562 0.507812 0.105469 0.511719 0.113281 0.511719 0.117188 0.515625 0.117188 0.527344 0.128906 0.527344 0.136719 0.519531 0.152344 0.519531 0.156250 0.523438 0.156250 0.531250 0.160156 0.531250 0.167969 0.539062 0.179688 0.539062 0.179688 0.535156 0.183594 0.531250 0.199219 0.531250 0.203125 0.535156 0.203125 0.562500 0.210938 0.562500 0.214844 0.566406 0.214844 0.585938 0.246094 0.585938 0.250000 0.589844 0.250000 0.593750 0.300781 0.593750 0.304688 0.597656 0.304688 0.601562 0.308594 0.605469 0.320312 0.605469 0.320312 0.593750 0.324219 0.589844 0.324219 0.582031 0.316406 0.582031 0.312500 0.578125 0.289062 0.578125 0.285156 0.574219 0.285156 0.570312 0.281250 0.570312 0.273438 0.562500 0.273438 0.542969 0.269531 0.539062 0.261719 0.539062 0.257812 0.535156 0.257812 0.527344 0.238281 0.527344 0.234375 0.523438 0.234375 0.519531 0.230469 0.515625 0.230469 0.488281 0.222656 0.488281 0.222656 0.500000 0.218750 0.503906 0.203125 0.503906 0.199219 0.500000 0.195312 0.500000 0.191406 0.496094 0.183594 0.496094 0.183594 0.500000 0.179688 0.503906 0.179688 0.511719 0.171875 0.519531 0.156250 0.519531 0.152344 0.515625 0.152344 0.496094 0.128906 0.496094 0.125000 0.492188 0.121094 0.492188 0.117188 0.488281 0.117188 0.484375 0.113281 0.480469
2 0.562500 0.410156 0.562500 0.421875 0.558594 0.425781 0.539062 0.425781 0.531250 0.433594 0.515625 0.433594 0.511719 0.429688 0.511719 0.425781 0.503906 0.425781 0.503906 0.433594 0.507812 0.437500 0.507812 0.460938 0.515625 0.460938 0.515625 0.457031 0.519531 0.453125 0.558594 0.453125 0.562500 0.457031 0.574219 0.457031 0.578125 0.453125 0.589844 0.453125 0.589844 0.445312 0.585938 0.441406 0.574219 0.441406 0.570312 0.437500 0.570312 0.410156
2 0.531250 0.351562 0.531250 0.355469 0.527344 0.359375 0.527344 0.367188 0.523438 0.371094 0.523438 0.390625 0.527344 0.394531 0.527344 0.398438 0.531250 0.402344 0.539062 0.402344 0.539062 0.386719 0.542969 0.382812 0.546875 0.382812 0.546875 0.355469 0.542969 0.351562
2 0.386719 0.289062 0.386719 0.296875 0.394531 0.304688 0.402344 0.304688 0.402344 0.296875 0.394531 0.289062
2 0.421875 0.281250 0.421875 0.289062 0.429688 0.289062 0.429688 0.281250
2 0.207031 0.253906 0.207031 0.261719 0.203125 0.265625 0.203125 0.273438 0.207031 0.277344 0.210938 0.277344 0.218750 0.285156 0.218750 0.300781 0.226562 0.300781 0.230469 0.296875 0.234375 0.296875 0.242188 0.289062 0.277344 0.289062 0.281250 0.292969 0.281250 0.304688 0.304688 0.304688 0.308594 0.308594 0.308594 0.324219 0.304688 0.328125 0.304688 0.359375 0.300781 0.363281 0.281250 0.363281 0.281250 0.394531 0.277344 0.398438 0.273438 0.398438 0.273438 0.402344 0.269531 0.406250 0.250000 0.406250 0.250000 0.417969 0.253906 0.417969 0.257812 0.421875 0.257812 0.429688 0.261719 0.433594 0.273438 0.433594 0.277344 0.437500 0.277344 0.441406 0.281250 0.441406 0.292969 0.453125 0.292969 0.457031 0.296875 0.460938 0.296875 0.464844 0.300781 0.464844 0.304688 0.468750 0.308594 0.468750 0.312500 0.472656 0.312500 0.476562 0.316406 0.476562 0.320312 0.480469 0.320312 0.488281 0.343750 0.488281 0.347656 0.492188 0.347656 0.507812 0.343750 0.511719 0.343750 0.519531 0.347656 0.523438 0.347656 0.527344 0.351562 0.531250 0.355469 0.531250 0.363281 0.539062 0.363281 0.546875 0.386719 0.546875 0.386719 0.542969 0.390625 0.539062 0.410156 0.539062 0.414062 0.542969 0.414062 0.562500 0.417969 0.562500 0.421875 0.566406 0.429688 0.566406 0.429688 0.554688 0.433594 0.550781 0.472656 0.550781 0.476562 0.554688 0.480469 0.554688 0.484375 0.558594 0.484375 0.597656 0.480469 0.601562 0.449219 0.601562 0.449219 0.625000 0.476562 0.625000 0.480469 0.621094 0.484375 0.621094 0.484375 0.617188 0.488281 0.613281 0.503906 0.613281 0.507812 0.617188 0.511719 0.617188 0.519531 0.625000 0.519531 0.671875 0.515625 0.675781 0.507812 0.675781 0.503906 0.679688 0.503906 0.687500 0.507812 0.691406 0.515625 0.691406 0.519531 0.695312 0.539062 0.695312 0.542969 0.699219 0.562500 0.699219 0.570312 0.707031 0.578125 0.707031 0.582031 0.710938 0.582031 0.742188 0.578125 0.746094 0.570312 0.746094 0.570312 0.785156 0.628906 0.785156 0.632812 0.781250 0.656250 0.781250 0.660156 0.785156 0.667969 0.785156 0.667969 0.753906 0.671875 0.750000 0.707031 0.750000 0.707031 0.742188 0.703125 0.738281 0.695312 0.738281 0.691406 0.734375 0.683594 0.734375 0.679688 0.730469 0.679688 0.710938 0.675781 0.707031 0.675781 0.683594 0.671875 0.679688 0.671875 0.636719 0.667969 0.632812 0.667969 0.617188 0.664062 0.613281 0.664062 0.593750 0.667969 0.589844 0.671875 0.589844 0.675781 0.585938 0.675781 0.566406 0.679688 0.562500 0.710938 0.562500 0.714844 0.558594 0.714844 0.550781 0.703125 0.539062 0.703125 0.535156 0.687500 0.535156 0.683594 0.531250 0.683594 0.507812 0.675781 0.507812 0.675781 0.523438 0.671875 0.527344 0.664062 0.527344 0.660156 0.531250 0.660156 0.546875 0.656250 0.550781 0.640625 0.550781 0.640625 0.566406 0.636719 0.570312 0.605469 0.570312 0.605469 0.589844 0.601562 0.593750 0.585938 0.593750 0.578125 0.585938 0.578125 0.578125 0.558594 0.578125 0.554688 0.582031 0.550781 0.582031 0.546875 0.585938 0.546875 0.593750 0.542969 0.597656 0.519531 0.597656 0.515625 0.593750 0.515625 0.566406 0.511719 0.566406 0.507812 0.562500 0.507812 0.554688 0.503906 0.550781 0.500000 0.550781 0.496094 0.546875 0.496094 0.535156 0.492188 0.531250 0.492188 0.527344 0.488281 0.523438 0.484375 0.523438 0.480469 0.519531 0.480469 0.515625 0.476562 0.511719 0.476562 0.488281 0.480469 0.484375 0.480469 0.476562 0.484375 0.472656 0.484375 0.460938 0.480469 0.457031 0.480469 0.429688 0.476562 0.425781 0.476562 0.421875 0.468750 0.421875 0.460938 0.429688 0.402344 0.429688 0.398438 0.425781 0.398438 0.414062 0.390625 0.414062 0.386719 0.417969 0.386719 0.441406 0.382812 0.445312 0.367188 0.445312 0.363281 0.441406 0.363281 0.437500 0.359375 0.433594 0.351562 0.433594 0.347656 0.429688 0.347656 0.421875 0.343750 0.417969 0.335938 0.417969 0.332031 0.414062 0.332031 0.378906 0.335938 0.375000 0.335938 0.367188 0.339844 0.363281 0.363281 0.363281 0.367188 0.367188 0.371094 0.367188 0.375000 0.371094 0.375000 0.375000 0.414062 0.375000 0.421875 0.367188 0.425781 0.367188 0.425781 0.363281 0.437500 0.351562 0.437500 0.347656 0.441406 0.343750 0.480469 0.343750 0.484375 0.347656 0.484375 0.351562 0.492188 0.351562 0.492188 0.343750 0.488281 0.339844 0.488281 0.324219 0.480469 0.324219 0.476562 0.328125 0.460938 0.328125 0.453125 0.320312 0.453125 0.316406 0.441406 0.316406 0.437500 0.312500 0.429688 0.312500 0.425781 0.316406 0.410156 0.316406 0.410156 0.332031 0.406250 0.335938 0.375000 0.335938 0.375000 0.339844 0.371094 0.343750 0.355469 0.343750 0.351562 0.347656 0.347656 0.347656 0.347656 0.355469 0.343750 0.359375 0.328125 0.359375 0.324219 0.355469 0.324219 0.339844 0.328125 0.335938 0.328125 0.328125 0.320312 0.320312 0.320312 0.300781 0.316406 0.296875 0.316406 0.292969 0.312500 0.289062 0.296875 0.289062 0.289062 0.281250 0.285156 0.281250 0.273438 0.269531 0.269531 0.269531 0.261719 0.261719 0.234375 0.261719 0.230469 0.257812 0.222656 0.257812 0.218750 0.253906
2 0.339844 0.175781 0.339844 0.179688 0.335938 0.183594 0.335938 0.222656 0.339844 0.226562 0.355469 0.226562 0.363281 0.234375 0.378906 0.234375 0.378906 0.226562 0.375000 0.226562 0.371094 0.222656 0.371094 0.218750 0.367188 0.218750 0.363281 0.214844 0.363281 0.187500 0.351562 0.175781
