2 0.953125 0.648438 0.953125 0.652344 0.949219 0.656250 0.933594 0.656250 0.914062 0.675781 0.910156 0.675781 0.906250 0.679688 0.898438 0.679688 0.894531 0.683594 0.882812 0.683594 0.878906 0.687500 0.878906 0.691406 0.875000 0.695312 0.867188 0.695312 0.863281 0.699219 0.847656 0.699219 0.847656 0.707031 0.855469 0.714844 0.855469 0.722656 0.867188 0.722656 0.867188 0.714844 0.871094 0.710938 0.886719 0.710938 0.894531 0.703125 0.914062 0.703125 0.921875 0.695312 0.925781 0.695312 0.929688 0.691406 0.953125 0.691406 0.957031 0.687500 0.968750 0.687500 0.968750 0.675781 0.960938 0.667969 0.960938 0.648438
2 0.125000 0.574219 0.125000 0.582031 0.132812 0.582031 0.132812 0.574219
2 0.203125 0.550781 0.203125 0.558594 0.195312 0.566406 0.167969 0.566406 0.164062 0.570312 0.156250 0.570312 0.156250 0.582031 0.160156 0.582031 0.167969 0.589844 0.179688 0.589844 0.183594 0.593750 0.187500 0.593750 0.191406 0.597656 0.203125 0.597656 0.207031 0.593750 0.207031 0.574219 0.210938 0.570312 0.218750 0.570312 0.218750 0.562500 0.210938 0.554688 0.210938 0.550781
2 0.683594 0.511719 0.675781 0.519531 0.667969 0.519531 0.664062 0.523438 0.664062 0.535156 0.671875 0.542969 0.671875 0.558594 0.664062 0.566406 0.664062 0.574219 0.699219 0.574219 0.703125 0.570312 0.703125 0.554688 0.707031 0.550781 0.710938 0.550781 0.710938 0.542969 0.714844 0.539062 0.746094 0.539062 0.750000 0.535156 0.753906 0.535156 0.753906 0.527344 0.750000 0.527344 0.746094 0.523438 0.746094 0.519531 0.738281 0.519531 0.734375 0.515625 0.695312 0.515625 0.691406 0.511719
2 0.914062 0.500000 0.914062 0.511719 0.921875 0.519531 0.921875 0.523438 0.929688 0.523438 0.929688 0.515625 0.925781 0.511719 0.925781 0.503906 0.921875 0.500000
2 0.453125 0.406250 0.453125 0.429688 0.449219 0.433594 0.445312 0.433594 0.441406 0.437500 0.437500 0.437500 0.433594 0.441406 0.429688 0.441406 0.425781 0.445312 0.417969 0.445312 0.417969 0.457031 0.425781 0.457031 0.429688 0.460938 0.441406 0.460938 0.445312 0.457031 0.460938 0.457031 0.464844 0.460938 0.464844 0.480469 0.460938 0.484375 0.453125 0.484375 0.449219 0.488281 0.410156 0.488281 0.406250 0.484375 0.406250 0.472656 0.386719 0.472656 0.382812 0.468750 0.382812 0.449219 0.378906 0.445312 0.359375 0.445312 0.355469 0.441406 0.355469 0.425781 0.351562 0.421875 0.339844 0.421875 0.339844 0.433594 0.343750 0.437500 0.343750 0.464844 0.335938 0.472656 0.308594 0.472656 0.304688 0.476562 0.300781 0.476562 0.300781 0.484375 0.304688 0.488281 0.304688 0.507812 0.308594 0.511719 0.308594 0.527344 0.304688 0.531250 0.300781 0.531250 0.300781 0.539062 0.355469 0.539062 0.359375 0.535156 0.371094 0.535156 0.375000 0.531250 0.402344 0.531250 0.406250 0.535156 0.406250 0.539062 0.429688 0.539062 0.433594 0.542969 0.433594 0.554688 0.437500 0.558594 0.441406 0.558594 0.449219 0.566406 0.449219 0.578125 0.457031 0.585938 0.460938 0.585938 0.464844 0.589844 0.464844 0.609375 0.472656 0.609375 0.472656 0.605469 0.476562 0.601562 0.476562 0.589844 0.472656 0.589844 0.468750 0.585938 0.468750 0.570312 0.464844 0.566406 0.464844 0.562500 0.460938 0.558594 0.460938 0.554688 0.457031 0.550781 0.457031 0.531250 0.460938 0.527344 0.476562 0.527344 0.480469 0.523438 0.496094 0.523438 0.500000 0.527344 0.511719 0.527344 0.511719 0.515625 0.496094 0.515625 0.488281 0.507812 0.488281 0.472656 0.468750 0.472656 0.464844 0.468750 0.464844 0.449219 0.460938 0.445312 0.460938 0.429688 0.472656 0.417969 0.472656 0.410156 0.464844 0.410156 0.460938 0.406250
2 0.882812 0.367188 0.882812 0.378906 0.886719 0.378906 0.890625 0.382812 0.890625 0.476562 0.886719 0.480469 0.871094 0.480469 0.863281 0.472656 0.851562 0.472656 0.851562 0.480469 0.847656 0.484375 0.843750 0.484375 0.839844 0.488281 0.816406 0.488281 0.808594 0.480469 0.800781 0.480469 0.796875 0.484375 0.796875 0.492188 0.777344 0.511719 0.777344 0.523438 0.785156 0.523438 0.789062 0.519531 0.796875 0.519531 0.804688 0.511719 0.847656 0.511719 0.851562 0.515625 0.863281 0.515625 0.863281 0.503906 0.867188 0.500000 0.886719 0.500000 0.890625 0.496094 0.906250 0.496094 0.906250 0.488281 0.902344 0.488281 0.898438 0.484375 0.898438 0.457031 0.902344 0.453125 0.921875 0.453125 0.921875 0.441406 0.925781 0.437500 0.925781 0.410156 0.914062 0.410156 0.910156 0.406250 0.910156 0.398438 0.906250 0.394531 0.906250 0.390625 0.894531 0.390625 0.890625 0.386719 0.890625 0.367188
2 0.378906 0.312500 0.378906 0.316406 0.375000 0.320312 0.375000 0.324219 0.367188 0.332031 0.363281 0.332031 0.363281 0.335938 0.359375 0.339844 0.359375 0.343750 0.351562 0.351562 0.328125 0.351562 0.328125 0.355469 0.320312 0.363281 0.316406 0.363281 0.312500 0.367188 0.312500 0.378906 0.308594 0.382812 0.308594 0.410156 0.316406 0.410156 0.320312 0.406250 0.332031 0.406250 0.332031 0.394531 0.335938 0.390625 0.335938 0.386719 0.347656 0.375000 0.347656 0.363281 0.351562 0.359375 0.363281 0.359375 0.367188 0.355469 0.367188 0.351562 0.375000 0.343750 0.375000 0.339844 0.378906 0.335938 0.378906 0.332031 0.382812 0.328125 0.382812 0.324219 0.386719 0.320312 0.386719 0.312500
2 0.511719 0.308594 0.511719 0.316406 0.507812 0.320312 0.507812 0.332031 0.515625 0.332031 0.519531 0.335938 0.527344 0.335938 0.531250 0.332031 0.535156 0.332031 0.535156 0.316406 0.531250 0.316406 0.527344 0.312500 0.523438 0.312500 0.519531 0.308594
2 0.468750 0.300781 0.464844 0.304688 0.464844 0.320312 0.480469 0.320312 0.484375 0.316406 0.484375 0.308594 0.476562 0.300781
2 0.554688 0.289062 0.554688 0.308594 0.566406 0.308594 0.566406 0.292969 0.562500 0.289062
2 0.632812 0.277344 0.628906 0.281250 0.625000 0.281250 0.621094 0.285156 0.621094 0.296875 0.617188 0.300781 0.617188 0.351562 0.609375 0.359375 0.609375 0.371094 0.621094 0.371094 0.625000 0.367188 0.648438 0.367188 0.652344 0.371094 0.660156 0.371094 0.660156 0.367188 0.664062 0.363281 0.664062 0.347656 0.667969 0.343750 0.687500 0.343750 0.691406 0.347656 0.699219 0.347656 0.703125 0.351562 0.710938 0.351562 0.710938 0.347656 0.714844 0.343750 0.718750 0.343750 0.730469 0.332031 0.730469 0.328125 0.738281 0.320312 0.750000 0.320312 0.750000 0.308594 0.742188 0.308594 0.738281 0.312500 0.703125 0.312500 0.699219 0.308594 0.667969 0.308594 0.664062 0.312500 0.648438 0.312500 0.644531 0.308594 0.644531 0.277344
