2 0.535156 0.812500 0.535156 0.820312 0.542969 0.820312 0.542969 0.812500
2 0.496094 0.781250 0.480469 0.796875 0.480469 0.812500 0.488281 0.812500 0.492188 0.808594 0.496094 0.808594 0.500000 0.804688 0.507812 0.804688 0.507812 0.785156 0.503906 0.781250
2 0.203125 0.781250 0.199219 0.785156 0.191406 0.785156 0.191406 0.792969 0.214844 0.792969 0.218750 0.796875 0.230469 0.796875 0.234375 0.800781 0.253906 0.800781 0.257812 0.804688 0.269531 0.804688 0.269531 0.792969 0.265625 0.789062 0.257812 0.789062 0.253906 0.785156 0.214844 0.785156 0.210938 0.781250
2 0.613281 0.769531 0.609375 0.773438 0.601562 0.773438 0.597656 0.777344 0.593750 0.777344 0.589844 0.781250 0.578125 0.781250 0.574219 0.785156 0.558594 0.785156 0.554688 0.789062 0.554688 0.796875 0.566406 0.796875 0.570312 0.800781 0.570312 0.812500 0.582031 0.812500 0.582031 0.792969 0.585938 0.789062 0.605469 0.789062 0.609375 0.792969 0.621094 0.792969 0.625000 0.796875 0.625000 0.800781 0.652344 0.800781 0.656250 0.804688 0.656250 0.808594 0.660156 0.808594 0.671875 0.820312 0.691406 0.820312 0.691406 0.808594 0.683594 0.800781 0.679688 0.800781 0.675781 0.796875 0.664062 0.796875 0.652344 0.785156 0.640625 0.785156 0.636719 0.781250 0.632812 0.781250 0.628906 0.777344 0.628906 0.773438 0.625000 0.769531
2 0.484375 0.703125 0.484375 0.722656 0.480469 0.726562 0.476562 0.726562 0.476562 0.734375 0.503906 0.734375 0.511719 0.742188 0.535156 0.742188 0.539062 0.746094 0.554688 0.746094 0.558594 0.742188 0.562500 0.742188 0.566406 0.738281 0.582031 0.738281 0.585938 0.734375 0.597656 0.734375 0.601562 0.730469 0.609375 0.730469 0.613281 0.726562 0.621094 0.726562 0.628906 0.718750 0.632812 0.718750 0.636719 0.714844 0.640625 0.714844 0.640625 0.707031 0.632812 0.707031 0.628906 0.710938 0.625000 0.710938 0.621094 0.714844 0.617188 0.714844 0.613281 0.718750 0.601562 0.718750 0.597656 0.722656 0.570312 0.722656 0.566406 0.726562 0.558594 0.726562 0.554688 0.730469 0.539062 0.730469 0.535156 0.726562 0.535156 0.722656 0.531250 0.718750 0.531250 0.710938 0.523438 0.710938 0.523438 0.714844 0.519531 0.718750 0.500000 0.718750 0.496094 0.714844 0.496094 0.703125
2 0.691406 0.511719 0.687500 0.515625 0.687500 0.519531 0.683594 0.523438 0.660156 0.523438 0.656250 0.527344 0.656250 0.539062 0.664062 0.539062 0.667969 0.542969 0.667969 0.546875 0.671875 0.550781 0.671875 0.570312 0.675781 0.574219 0.675781 0.589844 0.667969 0.597656 0.667969 0.605469 0.664062 0.609375 0.648438 0.609375 0.644531 0.605469 0.644531 0.597656 0.601562 0.597656 0.601562 0.617188 0.597656 0.621094 0.593750 0.621094 0.585938 0.628906 0.582031 0.628906 0.578125 0.632812 0.570312 0.632812 0.570312 0.636719 0.566406 0.640625 0.558594 0.640625 0.546875 0.652344 0.546875 0.660156 0.554688 0.660156 0.558594 0.656250 0.566406 0.656250 0.574219 0.648438 0.585938 0.648438 0.589844 0.644531 0.589844 0.640625 0.593750 0.636719 0.613281 0.636719 0.617188 0.632812 0.625000 0.632812 0.628906 0.628906 0.628906 0.625000 0.632812 0.621094 0.652344 0.621094 0.656250 0.625000 0.656250 0.640625 0.695312 0.640625 0.699219 0.644531 0.699219 0.660156 0.695312 0.664062 0.691406 0.664062 0.683594 0.671875 0.679688 0.671875 0.679688 0.679688 0.691406 0.679688 0.695312 0.683594 0.695312 0.687500 0.707031 0.687500 0.710938 0.683594 0.722656 0.683594 0.726562 0.679688 0.726562 0.664062 0.730469 0.660156 0.730469 0.656250 0.734375 0.652344 0.757812 0.652344 0.761719 0.648438 0.765625 0.648438 0.773438 0.640625 0.777344 0.640625 0.781250 0.636719 0.785156 0.636719 0.789062 0.632812 0.804688 0.632812 0.804688 0.628906 0.808594 0.625000 0.824219 0.625000 0.828125 0.621094 0.828125 0.613281 0.832031 0.609375 0.835938 0.609375 0.839844 0.605469 0.847656 0.605469 0.851562 0.601562 0.855469 0.601562 0.863281 0.593750 0.867188 0.593750 0.875000 0.585938 0.882812 0.585938 0.886719 0.582031 0.894531 0.582031 0.898438 0.578125 0.902344 0.578125 0.906250 0.574219 0.929688 0.574219 0.929688 0.566406 0.925781 0.566406 0.921875 0.562500 0.886719 0.562500 0.882812 0.558594 0.824219 0.558594 0.820312 0.562500 0.796875 0.562500 0.792969 0.566406 0.773438 0.566406 0.769531 0.562500 0.765625 0.562500 0.757812 0.554688 0.757812 0.535156 0.761719 0.531250 0.765625 0.531250 0.765625 0.519531 0.750000 0.519531 0.746094 0.523438 0.722656 0.523438 0.718750 0.519531 0.718750 0.511719
2 0.730469 0.492188 0.730469 0.500000 0.738281 0.500000 0.738281 0.492188
2 0.539062 0.492188 0.539062 0.496094 0.531250 0.503906 0.531250 0.511719 0.527344 0.515625 0.519531 0.515625 0.515625 0.519531 0.515625 0.539062 0.519531 0.542969 0.523438 0.542969 0.527344 0.546875 0.527344 0.562500 0.523438 0.566406 0.523438 0.597656 0.515625 0.605469 0.484375 0.605469 0.484375 0.621094 0.492188 0.621094 0.492188 0.617188 0.496094 0.613281 0.527344 0.613281 0.531250 0.617188 0.539062 0.617188 0.539062 0.605469 0.542969 0.601562 0.546875 0.601562 0.546875 0.597656 0.558594 0.585938 0.558594 0.566406 0.562500 0.562500 0.566406 0.562500 0.566406 0.550781 0.558594 0.542969 0.558594 0.527344 0.562500 0.523438 0.562500 0.515625 0.566406 0.511719 0.566406 0.503906 0.562500 0.503906 0.554688 0.496094 0.554688 0.492188
2 0.738281 0.457031 0.738281 0.464844 0.746094 0.464844 0.750000 0.468750 0.750000 0.476562 0.757812 0.476562 0.757812 0.464844 0.750000 0.464844 0.746094 0.460938 0.746094 0.457031
2 0.769531 0.453125 0.769531 0.460938 0.777344 0.460938 0.781250 0.464844 0.785156 0.464844 0.789062 0.468750 0.789062 0.484375 0.792969 0.488281 0.792969 0.492188 0.800781 0.492188 0.808594 0.484375 0.808594 0.464844 0.800781 0.464844 0.789062 0.453125
2 0.269531 0.375000 0.269531 0.386719 0.273438 0.390625 0.273438 0.410156 0.316406 0.410156 0.320312 0.414062 0.324219 0.414062 0.328125 0.417969 0.328125 0.425781 0.332031 0.429688 0.339844 0.429688 0.343750 0.425781 0.347656 0.425781 0.347656 0.417969 0.332031 0.417969 0.328125 0.414062 0.328125 0.402344 0.324219 0.398438 0.308594 0.398438 0.289062 0.378906 0.289062 0.375000
2 0.625000 0.335938 0.621094 0.339844 0.617188 0.339844 0.605469 0.351562 0.597656 0.351562 0.593750 0.355469 0.593750 0.363281 0.613281 0.363281 0.625000 0.351562 0.640625 0.351562 0.644531 0.355469 0.644531 0.363281 0.648438 0.363281 0.652344 0.367188 0.652344 0.386719 0.656250 0.386719 0.660156 0.390625 0.660156 0.406250 0.652344 0.414062 0.648438 0.414062 0.644531 0.417969 0.632812 0.417969 0.632812 0.433594 0.628906 0.437500 0.601562 0.437500 0.597656 0.433594 0.597656 0.417969 0.601562 0.414062 0.605469 0.414062 0.605469 0.398438 0.597656 0.398438 0.593750 0.394531 0.593750 0.390625 0.585938 0.390625 0.582031 0.394531 0.582031 0.410156 0.578125 0.414062 0.570312 0.414062 0.570312 0.417969 0.566406 0.421875 0.558594 0.421875 0.554688 0.425781 0.507812 0.425781 0.507812 0.433594 0.511719 0.437500 0.523438 0.437500 0.527344 0.441406 0.539062 0.441406 0.546875 0.433594 0.550781 0.433594 0.554688 0.429688 0.570312 0.429688 0.574219 0.433594 0.589844 0.433594 0.593750 0.437500 0.593750 0.460938 0.597656 0.460938 0.601562 0.464844 0.601562 0.472656 0.605469 0.476562 0.605469 0.484375 0.613281 0.484375 0.613281 0.476562 0.617188 0.472656 0.632812 0.472656 0.636719 0.476562 0.636719 0.484375 0.640625 0.488281 0.648438 0.488281 0.652344 0.484375 0.667969 0.484375 0.675781 0.476562 0.707031 0.476562 0.707031 0.468750 0.703125 0.464844 0.695312 0.464844 0.691406 0.460938 0.675781 0.460938 0.671875 0.464844 0.671875 0.468750 0.667969 0.472656 0.644531 0.472656 0.640625 0.468750 0.640625 0.445312 0.648438 0.437500 0.656250 0.437500 0.656250 0.429688 0.660156 0.425781 0.679688 0.425781 0.679688 0.421875 0.683594 0.417969 0.699219 0.417969 0.703125 0.421875 0.703125 0.429688 0.707031 0.433594 0.726562 0.433594 0.726562 0.421875 0.730469 0.417969 0.734375 0.417969 0.738281 0.414062 0.738281 0.406250 0.734375 0.402344 0.734375 0.398438 0.730469 0.394531 0.730469 0.390625 0.726562 0.386719 0.726562 0.382812 0.722656 0.378906 0.714844 0.378906 0.714844 0.390625 0.710938 0.394531 0.710938 0.398438 0.699219 0.410156 0.671875 0.410156 0.667969 0.406250 0.667969 0.382812 0.671875 0.378906 0.675781 0.378906 0.675781 0.375000 0.683594 0.367188 0.703125 0.367188 0.703125 0.355469 0.699219 0.351562 0.699219 0.347656 0.695312 0.343750 0.695312 0.335938 0.683594 0.335938 0.683594 0.339844 0.679688 0.343750 0.660156 0.343750 0.656250 0.347656 0.636719 0.347656 0.632812 0.343750 0.632812 0.335938
2 0.019531 0.312500 0.015625 0.316406 0.015625 0.324219 0.019531 0.324219 0.023438 0.328125 0.023438 0.359375 0.019531 0.363281 0.011719 0.363281 0.011719 0.367188 0.007812 0.371094 0.000000 0.371094 0.000000 0.378906 0.019531 0.378906 0.027344 0.386719 0.031250 0.386719 0.039062 0.394531 0.039062 0.398438 0.066406 0.398438 0.070312 0.402344 0.074219 0.402344 0.078125 0.406250 0.089844 0.406250 0.093750 0.410156 0.109375 0.410156 0.109375 0.406250 0.113281 0.402344 0.136719 0.402344 0.136719 0.390625 0.132812 0.390625 0.128906 0.386719 0.128906 0.378906 0.113281 0.378906 0.109375 0.375000 0.093750 0.375000 0.089844 0.371094 0.070312 0.371094 0.066406 0.367188 0.058594 0.367188 0.054688 0.363281 0.054688 0.359375 0.046875 0.359375 0.039062 0.351562 0.039062 0.312500
2 0.328125 0.292969 0.328125 0.304688 0.324219 0.308594 0.308594 0.308594 0.308594 0.316406 0.324219 0.316406 0.324219 0.308594 0.328125 0.304688 0.339844 0.304688 0.339844 0.292969
2 0.414062 0.289062 0.406250 0.296875 0.402344 0.296875 0.398438 0.300781 0.382812 0.300781 0.382812 0.304688 0.378906 0.308594 0.347656 0.308594 0.347656 0.320312 0.355469 0.320312 0.359375 0.316406 0.375000 0.316406 0.378906 0.320312 0.378906 0.347656 0.382812 0.351562 0.390625 0.351562 0.390625 0.335938 0.394531 0.332031 0.414062 0.332031 0.417969 0.328125 0.417969 0.324219 0.421875 0.320312 0.425781 0.320312 0.429688 0.316406 0.433594 0.316406 0.441406 0.308594 0.453125 0.308594 0.457031 0.304688 0.460938 0.304688 0.460938 0.292969 0.429688 0.292969 0.425781 0.289062
2 0.238281 0.277344 0.238281 0.292969 0.230469 0.300781 0.226562 0.300781 0.226562 0.351562 0.222656 0.355469 0.222656 0.367188 0.238281 0.367188 0.242188 0.363281 0.257812 0.363281 0.257812 0.335938 0.253906 0.335938 0.246094 0.328125 0.246094 0.312500 0.250000 0.308594 0.265625 0.308594 0.269531 0.312500 0.281250 0.312500 0.289062 0.304688 0.300781 0.304688 0.300781 0.289062 0.273438 0.289062 0.269531 0.285156 0.257812 0.285156 0.253906 0.281250 0.253906 0.277344
2 0.187500 0.230469 0.187500 0.234375 0.183594 0.238281 0.171875 0.238281 0.171875 0.246094 0.175781 0.250000 0.191406 0.250000 0.191406 0.246094 0.195312 0.242188 0.199219 0.242188 0.199219 0.230469
2 0.597656 0.222656 0.593750 0.226562 0.589844 0.226562 0.585938 0.230469 0.582031 0.230469 0.578125 0.234375 0.574219 0.234375 0.562500 0.246094 0.558594 0.246094 0.558594 0.253906 0.582031 0.253906 0.585938 0.257812 0.593750 0.257812 0.593750 0.253906 0.597656 0.250000 0.613281 0.250000 0.613281 0.242188 0.609375 0.242188 0.605469 0.238281 0.605469 0.222656
2 0.652344 0.191406 0.652344 0.195312 0.648438 0.199219 0.640625 0.199219 0.640625 0.203125 0.636719 0.207031 0.636719 0.210938 0.632812 0.214844 0.628906 0.214844 0.628906 0.230469 0.632812 0.230469 0.636719 0.234375 0.644531 0.234375 0.644531 0.230469 0.656250 0.218750 0.667969 0.218750 0.667969 0.214844 0.671875 0.210938 0.671875 0.203125 0.675781 0.199219 0.675781 0.191406
2 0.156250 0.191406 0.152344 0.195312 0.148438 0.195312 0.148438 0.210938 0.167969 0.210938 0.167969 0.195312 0.164062 0.191406
2 0.230469 0.187500 0.226562 0.191406 0.226562 0.234375 0.230469 0.238281 0.246094 0.238281 0.250000 0.234375 0.250000 0.226562 0.253906 0.222656 0.281250 0.222656 0.281250 0.218750 0.289062 0.210938 0.292969 0.210938 0.292969 0.207031 0.296875 0.203125 0.296875 0.191406 0.289062 0.191406 0.289062 0.195312 0.285156 0.199219 0.281250 0.199219 0.277344 0.203125 0.250000 0.203125 0.246094 0.199219 0.246094 0.195312 0.238281 0.187500
2 0.000000 0.179688 0.000000 0.203125 0.007812 0.203125 0.015625 0.210938 0.019531 0.210938 0.023438 0.214844 0.031250 0.214844 0.031250 0.203125 0.035156 0.199219 0.039062 0.199219 0.039062 0.191406 0.042969 0.187500 0.050781 0.187500 0.050781 0.179688
2 0.445312 0.109375 0.445312 0.113281 0.441406 0.117188 0.441406 0.121094 0.437500 0.125000 0.437500 0.128906 0.421875 0.144531 0.417969 0.144531 0.417969 0.175781 0.414062 0.179688 0.410156 0.179688 0.402344 0.187500 0.402344 0.195312 0.398438 0.199219 0.398438 0.230469 0.394531 0.234375 0.394531 0.246094 0.402344 0.246094 0.402344 0.242188 0.406250 0.238281 0.406250 0.230469 0.417969 0.218750 0.453125 0.218750 0.453125 0.214844 0.457031 0.210938 0.464844 0.210938 0.468750 0.207031 0.472656 0.207031 0.472656 0.203125 0.476562 0.199219 0.480469 0.199219 0.480469 0.191406 0.476562 0.187500 0.476562 0.175781 0.453125 0.175781 0.449219 0.171875 0.449219 0.144531 0.453125 0.140625 0.453125 0.109375
