2 0.253906 0.929688 0.250000 0.933594 0.246094 0.933594 0.246094 0.941406 0.273438 0.941406 0.273438 0.933594 0.269531 0.933594 0.265625 0.929688
2 0.285156 0.878906 0.281250 0.882812 0.281250 0.890625 0.289062 0.890625 0.292969 0.886719 0.292969 0.878906
2 0.410156 0.691406 0.410156 0.703125 0.417969 0.710938 0.417969 0.738281 0.414062 0.742188 0.410156 0.742188 0.410156 0.761719 0.406250 0.765625 0.394531 0.765625 0.394531 0.777344 0.386719 0.785156 0.367188 0.785156 0.367188 0.789062 0.363281 0.792969 0.347656 0.792969 0.343750 0.789062 0.328125 0.789062 0.324219 0.785156 0.324219 0.781250 0.320312 0.781250 0.316406 0.777344 0.300781 0.777344 0.296875 0.781250 0.296875 0.800781 0.300781 0.804688 0.300781 0.808594 0.304688 0.812500 0.304688 0.816406 0.312500 0.816406 0.316406 0.820312 0.316406 0.824219 0.320312 0.824219 0.324219 0.828125 0.339844 0.828125 0.343750 0.832031 0.343750 0.851562 0.351562 0.851562 0.355469 0.847656 0.355469 0.843750 0.359375 0.839844 0.367188 0.839844 0.371094 0.835938 0.375000 0.835938 0.378906 0.832031 0.382812 0.832031 0.386719 0.828125 0.390625 0.828125 0.394531 0.824219 0.398438 0.824219 0.406250 0.816406 0.410156 0.816406 0.410156 0.812500 0.414062 0.808594 0.417969 0.808594 0.417969 0.804688 0.425781 0.796875 0.433594 0.796875 0.445312 0.785156 0.445312 0.781250 0.457031 0.769531 0.460938 0.769531 0.464844 0.765625 0.464844 0.746094 0.460938 0.746094 0.457031 0.742188 0.449219 0.742188 0.445312 0.738281 0.445312 0.714844 0.441406 0.710938 0.441406 0.707031 0.437500 0.707031 0.433594 0.703125 0.433594 0.699219 0.429688 0.695312 0.429688 0.691406
2 0.398438 0.609375 0.394531 0.613281 0.382812 0.613281 0.378906 0.617188 0.378906 0.621094 0.375000 0.625000 0.355469 0.625000 0.351562 0.628906 0.351562 0.636719 0.343750 0.644531 0.339844 0.644531 0.339844 0.656250 0.347656 0.656250 0.351562 0.660156 0.351562 0.664062 0.359375 0.664062 0.359375 0.648438 0.363281 0.644531 0.363281 0.636719 0.367188 0.632812 0.371094 0.632812 0.375000 0.628906 0.386719 0.628906 0.390625 0.625000 0.394531 0.625000 0.398438 0.621094 0.406250 0.621094 0.406250 0.609375
2 0.441406 0.492188 0.437500 0.496094 0.421875 0.496094 0.417969 0.500000 0.406250 0.500000 0.402344 0.503906 0.398438 0.503906 0.394531 0.507812 0.394531 0.511719 0.386719 0.519531 0.386719 0.527344 0.382812 0.531250 0.378906 0.531250 0.378906 0.542969 0.382812 0.546875 0.382812 0.562500 0.390625 0.562500 0.390625 0.554688 0.394531 0.550781 0.406250 0.550781 0.406250 0.523438 0.410156 0.519531 0.414062 0.519531 0.421875 0.511719 0.425781 0.511719 0.429688 0.507812 0.437500 0.507812 0.441406 0.503906 0.449219 0.503906 0.453125 0.500000 0.453125 0.492188
2 0.507812 0.414062 0.507812 0.437500 0.503906 0.441406 0.488281 0.441406 0.484375 0.437500 0.484375 0.433594 0.472656 0.433594 0.472656 0.441406 0.480469 0.449219 0.488281 0.449219 0.492188 0.453125 0.492188 0.476562 0.484375 0.484375 0.484375 0.492188 0.488281 0.496094 0.503906 0.496094 0.507812 0.500000 0.515625 0.500000 0.519531 0.496094 0.523438 0.496094 0.523438 0.468750 0.531250 0.460938 0.546875 0.460938 0.546875 0.457031 0.550781 0.453125 0.582031 0.453125 0.582031 0.433594 0.585938 0.429688 0.601562 0.429688 0.601562 0.417969 0.597656 0.414062 0.582031 0.414062 0.578125 0.417969 0.562500 0.417969 0.562500 0.429688 0.558594 0.433594 0.542969 0.433594 0.535156 0.425781 0.535156 0.417969 0.531250 0.414062
2 0.484375 0.394531 0.484375 0.402344 0.492188 0.402344 0.492188 0.394531
2 0.457031 0.359375 0.457031 0.367188 0.460938 0.371094 0.464844 0.371094 0.468750 0.375000 0.476562 0.375000 0.476562 0.367188 0.468750 0.359375
2 0.503906 0.320312 0.503906 0.324219 0.500000 0.328125 0.488281 0.328125 0.488281 0.339844 0.511719 0.339844 0.515625 0.335938 0.523438 0.335938 0.523438 0.324219 0.515625 0.324219 0.511719 0.320312
2 0.437500 0.289062 0.433594 0.292969 0.433594 0.308594 0.429688 0.312500 0.429688 0.320312 0.441406 0.320312 0.441406 0.304688 0.445312 0.300781 0.445312 0.289062
2 0.699219 0.238281 0.695312 0.242188 0.675781 0.242188 0.671875 0.246094 0.593750 0.246094 0.593750 0.300781 0.585938 0.308594 0.562500 0.308594 0.562500 0.316406 0.597656 0.316406 0.601562 0.320312 0.601562 0.339844 0.605469 0.339844 0.609375 0.343750 0.609375 0.351562 0.613281 0.351562 0.617188 0.355469 0.628906 0.355469 0.632812 0.359375 0.632812 0.371094 0.644531 0.371094 0.648438 0.367188 0.648438 0.363281 0.652344 0.359375 0.652344 0.355469 0.656250 0.351562 0.656250 0.347656 0.660156 0.343750 0.683594 0.343750 0.687500 0.347656 0.687500 0.375000 0.691406 0.375000 0.695312 0.378906 0.695312 0.394531 0.691406 0.398438 0.691406 0.406250 0.695312 0.410156 0.695312 0.417969 0.707031 0.417969 0.710938 0.421875 0.710938 0.449219 0.714844 0.453125 0.714844 0.472656 0.710938 0.476562 0.695312 0.476562 0.691406 0.472656 0.691406 0.460938 0.675781 0.460938 0.675781 0.468750 0.671875 0.472656 0.664062 0.472656 0.660156 0.476562 0.660156 0.480469 0.656250 0.484375 0.628906 0.484375 0.625000 0.488281 0.625000 0.492188 0.621094 0.496094 0.578125 0.496094 0.578125 0.500000 0.574219 0.503906 0.558594 0.503906 0.558594 0.507812 0.554688 0.511719 0.554688 0.531250 0.558594 0.531250 0.562500 0.535156 0.562500 0.539062 0.566406 0.542969 0.574219 0.542969 0.578125 0.539062 0.585938 0.539062 0.589844 0.535156 0.605469 0.535156 0.609375 0.539062 0.621094 0.539062 0.628906 0.546875 0.628906 0.558594 0.632812 0.558594 0.636719 0.562500 0.636719 0.597656 0.632812 0.601562 0.628906 0.601562 0.617188 0.613281 0.589844 0.613281 0.585938 0.609375 0.578125 0.609375 0.574219 0.613281 0.570312 0.613281 0.566406 0.617188 0.546875 0.617188 0.546875 0.621094 0.542969 0.625000 0.542969 0.636719 0.539062 0.640625 0.531250 0.640625 0.527344 0.644531 0.527344 0.667969 0.523438 0.671875 0.523438 0.691406 0.519531 0.695312 0.515625 0.695312 0.511719 0.699219 0.511719 0.707031 0.507812 0.710938 0.476562 0.710938 0.476562 0.722656 0.480469 0.726562 0.484375 0.726562 0.488281 0.730469 0.488281 0.734375 0.492188 0.738281 0.492188 0.742188 0.500000 0.742188 0.503906 0.738281 0.503906 0.714844 0.507812 0.710938 0.542969 0.710938 0.546875 0.714844 0.554688 0.714844 0.558594 0.718750 0.566406 0.718750 0.570312 0.714844 0.570312 0.707031 0.574219 0.703125 0.578125 0.703125 0.578125 0.683594 0.582031 0.679688 0.585938 0.679688 0.589844 0.675781 0.605469 0.675781 0.609375 0.679688 0.609375 0.703125 0.613281 0.707031 0.621094 0.707031 0.625000 0.710938 0.636719 0.710938 0.648438 0.699219 0.648438 0.695312 0.660156 0.683594 0.664062 0.683594 0.671875 0.675781 0.679688 0.675781 0.683594 0.671875 0.687500 0.671875 0.687500 0.664062 0.691406 0.660156 0.695312 0.660156 0.699219 0.656250 0.707031 0.656250 0.707031 0.652344 0.710938 0.648438 0.714844 0.648438 0.718750 0.644531 0.722656 0.644531 0.722656 0.640625 0.726562 0.636719 0.730469 0.636719 0.730469 0.632812 0.734375 0.628906 0.742188 0.628906 0.746094 0.625000 0.746094 0.601562 0.750000 0.597656 0.750000 0.589844 0.738281 0.589844 0.734375 0.585938 0.734375 0.562500 0.738281 0.558594 0.746094 0.558594 0.750000 0.554688 0.753906 0.554688 0.757812 0.550781 0.761719 0.550781 0.761719 0.539062 0.750000 0.539062 0.746094 0.535156 0.742188 0.535156 0.738281 0.531250 0.738281 0.503906 0.742188 0.500000 0.765625 0.500000 0.765625 0.496094 0.769531 0.492188 0.785156 0.492188 0.785156 0.480469 0.792969 0.472656 0.792969 0.460938 0.765625 0.460938 0.761719 0.457031 0.753906 0.457031 0.750000 0.453125 0.750000 0.449219 0.746094 0.445312 0.746094 0.425781 0.750000 0.421875 0.777344 0.421875 0.777344 0.414062 0.773438 0.410156 0.773438 0.402344 0.734375 0.402344 0.730469 0.398438 0.722656 0.398438 0.718750 0.394531 0.718750 0.359375 0.722656 0.355469 0.722656 0.347656 0.718750 0.347656 0.714844 0.343750 0.710938 0.343750 0.707031 0.339844 0.707031 0.324219 0.703125 0.320312 0.699219 0.320312 0.695312 0.316406 0.695312 0.308594 0.687500 0.300781 0.687500 0.277344 0.691406 0.273438 0.691406 0.265625 0.699219 0.257812 0.699219 0.253906 0.707031 0.246094 0.707031 0.238281
2 0.589844 0.160156 0.589844 0.167969 0.597656 0.167969 0.597656 0.160156
2 0.503906 0.121094 0.503906 0.125000 0.500000 0.128906 0.496094 0.128906 0.496094 0.136719 0.523438 0.136719 0.527344 0.140625 0.527344 0.144531 0.546875 0.144531 0.546875 0.132812 0.531250 0.132812 0.527344 0.128906 0.523438 0.128906 0.519531 0.125000 0.519531 0.121094
2 0.480469 0.097656 0.480469 0.105469 0.488281 0.105469 0.488281 0.097656
