2 0.660156 0.894531 0.660156 0.921875 0.648438 0.933594 0.648438 0.941406 0.660156 0.941406 0.671875 0.929688 0.671875 0.921875 0.679688 0.914062 0.683594 0.914062 0.687500 0.910156 0.691406 0.910156 0.695312 0.906250 0.695312 0.898438 0.691406 0.894531
2 0.261719 0.894531 0.261719 0.902344 0.273438 0.902344 0.277344 0.906250 0.277344 0.914062 0.281250 0.914062 0.285156 0.917969 0.308594 0.917969 0.312500 0.921875 0.312500 0.925781 0.316406 0.925781 0.320312 0.929688 0.324219 0.929688 0.335938 0.941406 0.343750 0.941406 0.347656 0.945312 0.347656 0.949219 0.375000 0.949219 0.378906 0.953125 0.386719 0.953125 0.390625 0.957031 0.398438 0.957031 0.402344 0.953125 0.402344 0.945312 0.398438 0.941406 0.398438 0.937500 0.394531 0.933594 0.390625 0.933594 0.386719 0.929688 0.359375 0.929688 0.355469 0.925781 0.343750 0.925781 0.339844 0.921875 0.328125 0.921875 0.324219 0.917969 0.308594 0.917969 0.304688 0.914062 0.304688 0.902344 0.273438 0.902344 0.269531 0.898438 0.269531 0.894531
2 0.539062 0.875000 0.535156 0.878906 0.531250 0.878906 0.531250 0.894531 0.539062 0.894531 0.542969 0.898438 0.550781 0.898438 0.550781 0.875000
2 0.718750 0.789062 0.718750 0.792969 0.714844 0.796875 0.714844 0.800781 0.710938 0.804688 0.710938 0.824219 0.730469 0.824219 0.734375 0.828125 0.734375 0.859375 0.730469 0.863281 0.730469 0.871094 0.734375 0.875000 0.734375 0.878906 0.738281 0.882812 0.738281 0.886719 0.746094 0.886719 0.746094 0.882812 0.750000 0.878906 0.753906 0.878906 0.753906 0.863281 0.750000 0.859375 0.750000 0.843750 0.757812 0.835938 0.761719 0.835938 0.765625 0.832031 0.769531 0.832031 0.773438 0.828125 0.789062 0.828125 0.792969 0.824219 0.792969 0.816406 0.781250 0.816406 0.777344 0.812500 0.769531 0.812500 0.765625 0.808594 0.750000 0.808594 0.746094 0.804688 0.746094 0.789062
2 0.695312 0.753906 0.695312 0.769531 0.703125 0.769531 0.703125 0.753906
2 0.472656 0.718750 0.472656 0.726562 0.492188 0.726562 0.492188 0.718750
2 0.117188 0.710938 0.117188 0.738281 0.121094 0.738281 0.125000 0.742188 0.125000 0.746094 0.128906 0.746094 0.132812 0.750000 0.132812 0.773438 0.136719 0.777344 0.144531 0.777344 0.144531 0.765625 0.136719 0.765625 0.132812 0.761719 0.132812 0.746094 0.136719 0.742188 0.167969 0.742188 0.167969 0.734375 0.164062 0.730469 0.140625 0.730469 0.136719 0.726562 0.136719 0.718750 0.132812 0.714844 0.132812 0.710938
2 0.500000 0.691406 0.500000 0.699219 0.511719 0.699219 0.511719 0.691406
2 0.574219 0.683594 0.574219 0.695312 0.582031 0.695312 0.582031 0.683594
2 0.539062 0.664062 0.539062 0.683594 0.546875 0.683594 0.546875 0.679688 0.550781 0.675781 0.550781 0.664062
2 0.242188 0.613281 0.242188 0.617188 0.238281 0.621094 0.238281 0.628906 0.226562 0.640625 0.222656 0.640625 0.214844 0.648438 0.199219 0.648438 0.195312 0.644531 0.183594 0.644531 0.179688 0.640625 0.164062 0.640625 0.160156 0.644531 0.160156 0.652344 0.175781 0.652344 0.179688 0.656250 0.203125 0.656250 0.207031 0.660156 0.207031 0.664062 0.214844 0.664062 0.218750 0.667969 0.226562 0.667969 0.230469 0.664062 0.234375 0.664062 0.234375 0.652344 0.238281 0.648438 0.242188 0.648438 0.246094 0.644531 0.246094 0.636719 0.253906 0.628906 0.253906 0.613281
2 0.378906 0.609375 0.375000 0.613281 0.351562 0.613281 0.347656 0.617188 0.343750 0.617188 0.343750 0.644531 0.335938 0.652344 0.332031 0.652344 0.332031 0.660156 0.351562 0.660156 0.351562 0.656250 0.355469 0.652344 0.371094 0.652344 0.375000 0.656250 0.375000 0.660156 0.390625 0.660156 0.394531 0.664062 0.394531 0.683594 0.390625 0.687500 0.367188 0.687500 0.363281 0.691406 0.359375 0.691406 0.359375 0.707031 0.363281 0.707031 0.367188 0.710938 0.367188 0.714844 0.398438 0.714844 0.406250 0.707031 0.433594 0.707031 0.433594 0.699219 0.437500 0.695312 0.476562 0.695312 0.476562 0.683594 0.472656 0.683594 0.468750 0.679688 0.460938 0.679688 0.453125 0.687500 0.414062 0.687500 0.406250 0.679688 0.406250 0.675781 0.402344 0.675781 0.398438 0.671875 0.398438 0.648438 0.402344 0.644531 0.410156 0.644531 0.414062 0.640625 0.421875 0.640625 0.421875 0.632812 0.425781 0.628906 0.425781 0.617188 0.421875 0.617188 0.417969 0.613281 0.394531 0.613281 0.390625 0.609375
2 0.292969 0.593750 0.289062 0.597656 0.281250 0.597656 0.277344 0.601562 0.277344 0.609375 0.285156 0.609375 0.289062 0.605469 0.300781 0.605469 0.304688 0.601562 0.304688 0.593750
2 0.093750 0.539062 0.093750 0.578125 0.097656 0.582031 0.097656 0.597656 0.089844 0.605469 0.089844 0.632812 0.093750 0.632812 0.097656 0.636719 0.097656 0.656250 0.093750 0.660156 0.093750 0.671875 0.101562 0.671875 0.105469 0.675781 0.105469 0.703125 0.113281 0.703125 0.113281 0.691406 0.117188 0.687500 0.117188 0.679688 0.113281 0.675781 0.109375 0.675781 0.105469 0.671875 0.105469 0.652344 0.101562 0.648438 0.101562 0.605469 0.105469 0.601562 0.105469 0.593750 0.109375 0.589844 0.109375 0.582031 0.105469 0.578125 0.105469 0.539062
2 0.132812 0.343750 0.125000 0.351562 0.125000 0.355469 0.121094 0.359375 0.121094 0.371094 0.128906 0.371094 0.128906 0.363281 0.132812 0.359375 0.136719 0.359375 0.136719 0.355469 0.140625 0.351562 0.144531 0.351562 0.144531 0.343750
2 0.167969 0.308594 0.167969 0.316406 0.164062 0.320312 0.164062 0.328125 0.171875 0.328125 0.171875 0.320312 0.175781 0.316406 0.175781 0.308594
2 0.808594 0.253906 0.808594 0.261719 0.812500 0.261719 0.816406 0.265625 0.816406 0.281250 0.824219 0.281250 0.828125 0.285156 0.828125 0.300781 0.832031 0.300781 0.835938 0.304688 0.835938 0.320312 0.843750 0.328125 0.843750 0.339844 0.847656 0.343750 0.847656 0.355469 0.851562 0.355469 0.855469 0.359375 0.855469 0.367188 0.867188 0.378906 0.867188 0.382812 0.871094 0.382812 0.875000 0.386719 0.875000 0.390625 0.878906 0.390625 0.882812 0.394531 0.882812 0.398438 0.886719 0.398438 0.890625 0.402344 0.890625 0.410156 0.894531 0.414062 0.910156 0.414062 0.910156 0.406250 0.906250 0.402344 0.894531 0.402344 0.890625 0.398438 0.890625 0.386719 0.878906 0.375000 0.878906 0.371094 0.867188 0.359375 0.867188 0.355469 0.863281 0.351562 0.863281 0.347656 0.855469 0.339844 0.855469 0.328125 0.847656 0.320312 0.847656 0.308594 0.839844 0.308594 0.835938 0.304688 0.835938 0.285156 0.832031 0.285156 0.828125 0.281250 0.828125 0.273438 0.824219 0.273438 0.820312 0.269531 0.820312 0.253906
2 0.796875 0.226562 0.796875 0.234375 0.804688 0.234375 0.804688 0.226562
2 0.746094 0.187500 0.746094 0.195312 0.753906 0.195312 0.757812 0.199219 0.757812 0.203125 0.765625 0.203125 0.765625 0.195312 0.757812 0.195312 0.753906 0.191406 0.753906 0.187500
2 0.476562 0.179688 0.476562 0.195312 0.480469 0.199219 0.480469 0.214844 0.488281 0.222656 0.488281 0.250000 0.484375 0.253906 0.480469 0.253906 0.476562 0.257812 0.457031 0.257812 0.449219 0.250000 0.441406 0.250000 0.437500 0.253906 0.437500 0.277344 0.464844 0.277344 0.468750 0.281250 0.468750 0.300781 0.464844 0.304688 0.445312 0.304688 0.445312 0.308594 0.441406 0.312500 0.410156 0.312500 0.406250 0.308594 0.406250 0.289062 0.398438 0.289062 0.398438 0.292969 0.394531 0.296875 0.394531 0.316406 0.390625 0.320312 0.378906 0.320312 0.375000 0.324219 0.347656 0.324219 0.343750 0.320312 0.343750 0.304688 0.347656 0.300781 0.351562 0.300781 0.355469 0.296875 0.355469 0.289062 0.347656 0.289062 0.343750 0.292969 0.343750 0.296875 0.339844 0.300781 0.335938 0.300781 0.335938 0.304688 0.332031 0.308594 0.316406 0.308594 0.312500 0.304688 0.300781 0.304688 0.300781 0.320312 0.296875 0.324219 0.296875 0.351562 0.292969 0.355469 0.281250 0.355469 0.281250 0.359375 0.277344 0.363281 0.277344 0.371094 0.265625 0.382812 0.265625 0.394531 0.257812 0.402344 0.246094 0.402344 0.246094 0.414062 0.242188 0.417969 0.214844 0.417969 0.210938 0.414062 0.210938 0.406250 0.179688 0.406250 0.179688 0.414062 0.183594 0.417969 0.191406 0.417969 0.195312 0.421875 0.195312 0.453125 0.191406 0.457031 0.167969 0.457031 0.164062 0.460938 0.164062 0.468750 0.191406 0.468750 0.195312 0.472656 0.195312 0.488281 0.191406 0.492188 0.187500 0.492188 0.187500 0.500000 0.191406 0.503906 0.191406 0.539062 0.183594 0.546875 0.183594 0.558594 0.187500 0.562500 0.191406 0.562500 0.195312 0.566406 0.203125 0.566406 0.207031 0.562500 0.207031 0.558594 0.210938 0.554688 0.230469 0.554688 0.230469 0.550781 0.234375 0.546875 0.250000 0.546875 0.253906 0.550781 0.261719 0.550781 0.265625 0.554688 0.269531 0.554688 0.281250 0.566406 0.292969 0.566406 0.296875 0.562500 0.296875 0.558594 0.300781 0.554688 0.332031 0.554688 0.335938 0.558594 0.406250 0.558594 0.414062 0.566406 0.421875 0.566406 0.429688 0.574219 0.437500 0.574219 0.441406 0.578125 0.445312 0.578125 0.449219 0.582031 0.449219 0.589844 0.476562 0.589844 0.480469 0.593750 0.480469 0.609375 0.476562 0.613281 0.453125 0.613281 0.453125 0.632812 0.468750 0.632812 0.468750 0.621094 0.472656 0.617188 0.496094 0.617188 0.496094 0.613281 0.500000 0.609375 0.503906 0.609375 0.507812 0.605469 0.597656 0.605469 0.601562 0.609375 0.601562 0.613281 0.605469 0.617188 0.605469 0.644531 0.597656 0.652344 0.597656 0.664062 0.601562 0.664062 0.613281 0.675781 0.613281 0.679688 0.617188 0.683594 0.625000 0.683594 0.628906 0.687500 0.644531 0.687500 0.648438 0.691406 0.648438 0.710938 0.652344 0.710938 0.656250 0.714844 0.656250 0.722656 0.660156 0.726562 0.660156 0.750000 0.652344 0.757812 0.648438 0.757812 0.648438 0.761719 0.644531 0.765625 0.644531 0.773438 0.632812 0.785156 0.621094 0.785156 0.621094 0.796875 0.617188 0.800781 0.605469 0.800781 0.605469 0.816406 0.601562 0.820312 0.578125 0.820312 0.574219 0.824219 0.574219 0.832031 0.582031 0.832031 0.585938 0.835938 0.585938 0.851562 0.582031 0.855469 0.558594 0.855469 0.558594 0.871094 0.578125 0.871094 0.582031 0.875000 0.589844 0.875000 0.593750 0.871094 0.597656 0.871094 0.597656 0.867188 0.601562 0.863281 0.617188 0.863281 0.617188 0.839844 0.621094 0.835938 0.644531 0.835938 0.644531 0.820312 0.648438 0.816406 0.652344 0.816406 0.652344 0.792969 0.656250 0.789062 0.664062 0.789062 0.664062 0.785156 0.667969 0.781250 0.667969 0.777344 0.671875 0.773438 0.671875 0.765625 0.664062 0.757812 0.664062 0.738281 0.667969 0.734375 0.667969 0.722656 0.664062 0.718750 0.664062 0.714844 0.660156 0.710938 0.660156 0.703125 0.656250 0.699219 0.652344 0.699219 0.648438 0.695312 0.648438 0.671875 0.644531 0.671875 0.640625 0.667969 0.640625 0.660156 0.636719 0.656250 0.636719 0.605469 0.601562 0.605469 0.597656 0.601562 0.597656 0.582031 0.601562 0.578125 0.601562 0.562500 0.597656 0.558594 0.597656 0.531250 0.601562 0.527344 0.601562 0.515625 0.605469 0.511719 0.605469 0.503906 0.609375 0.500000 0.613281 0.500000 0.617188 0.496094 0.617188 0.476562 0.621094 0.472656 0.644531 0.472656 0.644531 0.464844 0.652344 0.457031 0.675781 0.457031 0.679688 0.460938 0.679688 0.472656 0.683594 0.472656 0.687500 0.476562 0.687500 0.484375 0.699219 0.484375 0.703125 0.488281 0.703125 0.527344 0.695312 0.535156 0.687500 0.535156 0.687500 0.539062 0.679688 0.546875 0.675781 0.546875 0.675781 0.550781 0.667969 0.558594 0.667969 0.566406 0.664062 0.570312 0.648438 0.570312 0.648438 0.582031 0.652344 0.585938 0.652344 0.593750 0.660156 0.593750 0.664062 0.597656 0.664062 0.613281 0.675781 0.613281 0.679688 0.609375 0.699219 0.609375 0.703125 0.613281 0.718750 0.613281 0.722656 0.609375 0.738281 0.609375 0.742188 0.613281 0.742188 0.628906 0.738281 0.632812 0.726562 0.632812 0.722656 0.636719 0.710938 0.636719 0.707031 0.640625 0.707031 0.664062 0.703125 0.667969 0.691406 0.667969 0.691406 0.683594 0.722656 0.683594 0.726562 0.687500 0.726562 0.699219 0.730469 0.703125 0.742188 0.703125 0.742188 0.699219 0.746094 0.695312 0.750000 0.695312 0.750000 0.687500 0.757812 0.679688 0.761719 0.679688 0.765625 0.675781 0.769531 0.675781 0.769531 0.671875 0.773438 0.667969 0.800781 0.667969 0.800781 0.660156 0.804688 0.656250 0.804688 0.613281 0.808594 0.609375 0.816406 0.609375 0.816406 0.605469 0.820312 0.601562 0.820312 0.593750 0.812500 0.585938 0.808594 0.585938 0.804688 0.582031 0.804688 0.566406 0.808594 0.562500 0.824219 0.562500 0.824219 0.542969 0.832031 0.535156 0.832031 0.507812 0.835938 0.503906 0.843750 0.503906 0.843750 0.484375 0.847656 0.480469 0.851562 0.480469 0.855469 0.476562 0.871094 0.476562 0.871094 0.468750 0.828125 0.468750 0.824219 0.464844 0.816406 0.464844 0.812500 0.460938 0.812500 0.429688 0.820312 0.421875 0.820312 0.414062 0.812500 0.414062 0.804688 0.406250 0.792969 0.406250 0.789062 0.410156 0.773438 0.410156 0.765625 0.402344 0.765625 0.386719 0.769531 0.382812 0.773438 0.382812 0.777344 0.378906 0.777344 0.375000 0.781250 0.371094 0.785156 0.371094 0.785156 0.363281 0.765625 0.363281 0.761719 0.359375 0.761719 0.351562 0.734375 0.351562 0.730469 0.347656 0.714844 0.347656 0.710938 0.343750 0.710938 0.328125 0.707031 0.324219 0.703125 0.324219 0.695312 0.316406 0.695312 0.281250 0.699219 0.277344 0.703125 0.277344 0.703125 0.265625 0.687500 0.265625 0.683594 0.269531 0.679688 0.269531 0.679688 0.289062 0.675781 0.292969 0.660156 0.292969 0.656250 0.289062 0.648438 0.289062 0.644531 0.285156 0.636719 0.285156 0.632812 0.281250 0.632812 0.277344 0.613281 0.277344 0.613281 0.285156 0.609375 0.289062 0.593750 0.289062 0.593750 0.300781 0.617188 0.300781 0.621094 0.304688 0.621094 0.312500 0.625000 0.312500 0.628906 0.316406 0.636719 0.316406 0.640625 0.320312 0.640625 0.351562 0.636719 0.355469 0.625000 0.355469 0.617188 0.363281 0.617188 0.382812 0.613281 0.386719 0.613281 0.390625 0.609375 0.394531 0.585938 0.394531 0.582031 0.390625 0.582031 0.386719 0.578125 0.386719 0.574219 0.382812 0.574219 0.375000 0.570312 0.371094 0.570312 0.367188 0.566406 0.367188 0.562500 0.363281 0.554688 0.363281 0.550781 0.359375 0.550781 0.343750 0.554688 0.339844 0.554688 0.332031 0.550781 0.328125 0.550781 0.324219 0.542969 0.324219 0.539062 0.320312 0.539062 0.316406 0.535156 0.312500 0.531250 0.312500 0.527344 0.308594 0.527344 0.253906 0.531250 0.250000 0.550781 0.250000 0.554688 0.246094 0.558594 0.246094 0.558594 0.218750 0.562500 0.214844 0.582031 0.214844 0.585938 0.218750 0.593750 0.218750 0.597656 0.214844 0.621094 0.214844 0.625000 0.218750 0.625000 0.222656 0.636719 0.222656 0.636719 0.214844 0.628906 0.214844 0.625000 0.210938 0.625000 0.207031 0.621094 0.203125 0.621094 0.199219 0.617188 0.199219 0.613281 0.195312 0.597656 0.195312 0.589844 0.203125 0.566406 0.203125 0.562500 0.199219 0.562500 0.191406 0.554688 0.191406 0.550781 0.195312 0.542969 0.195312 0.542969 0.199219 0.539062 0.203125 0.539062 0.210938 0.531250 0.218750 0.511719 0.218750 0.507812 0.214844 0.507812 0.207031 0.500000 0.207031 0.496094 0.203125 0.496094 0.183594 0.488281 0.183594 0.484375 0.179688
