2 0.609375 0.957031 0.609375 0.968750 0.632812 0.968750 0.636719 0.964844 0.636719 0.957031
2 0.554688 0.957031 0.554688 0.968750 0.566406 0.968750 0.566406 0.960938 0.562500 0.957031
2 0.656250 0.945312 0.656250 0.953125 0.664062 0.953125 0.664062 0.945312
2 0.695312 0.890625 0.691406 0.894531 0.691406 0.902344 0.699219 0.902344 0.703125 0.898438 0.703125 0.890625
2 0.160156 0.664062 0.160156 0.683594 0.156250 0.687500 0.144531 0.687500 0.144531 0.691406 0.140625 0.695312 0.140625 0.707031 0.148438 0.707031 0.152344 0.703125 0.160156 0.703125 0.160156 0.679688 0.164062 0.675781 0.167969 0.675781 0.167969 0.664062
2 0.796875 0.648438 0.792969 0.652344 0.792969 0.671875 0.800781 0.671875 0.804688 0.667969 0.816406 0.667969 0.816406 0.656250 0.812500 0.656250 0.804688 0.648438
2 0.832031 0.632812 0.832031 0.648438 0.843750 0.648438 0.847656 0.644531 0.847656 0.632812
2 0.800781 0.609375 0.800781 0.617188 0.808594 0.617188 0.808594 0.609375
2 0.128906 0.578125 0.125000 0.582031 0.125000 0.601562 0.121094 0.605469 0.117188 0.605469 0.113281 0.609375 0.101562 0.609375 0.101562 0.617188 0.097656 0.621094 0.097656 0.628906 0.101562 0.632812 0.101562 0.640625 0.109375 0.640625 0.109375 0.632812 0.113281 0.628906 0.121094 0.628906 0.121094 0.621094 0.125000 0.617188 0.128906 0.617188 0.128906 0.597656 0.132812 0.593750 0.152344 0.593750 0.152344 0.582031 0.144531 0.582031 0.140625 0.578125
2 0.699219 0.484375 0.699219 0.488281 0.695312 0.492188 0.691406 0.492188 0.691406 0.500000 0.707031 0.500000 0.707031 0.484375
2 0.316406 0.347656 0.316406 0.355469 0.324219 0.355469 0.324219 0.347656
2 0.628906 0.187500 0.628906 0.203125 0.625000 0.207031 0.605469 0.207031 0.605469 0.234375 0.601562 0.238281 0.593750 0.238281 0.593750 0.246094 0.601562 0.246094 0.605469 0.250000 0.605469 0.281250 0.597656 0.289062 0.593750 0.289062 0.593750 0.300781 0.585938 0.308594 0.558594 0.308594 0.554688 0.304688 0.554688 0.300781 0.550781 0.300781 0.546875 0.296875 0.546875 0.277344 0.550781 0.273438 0.558594 0.273438 0.558594 0.265625 0.546875 0.265625 0.546875 0.269531 0.542969 0.273438 0.527344 0.273438 0.523438 0.269531 0.507812 0.269531 0.503906 0.273438 0.503906 0.277344 0.500000 0.281250 0.484375 0.281250 0.480469 0.277344 0.468750 0.277344 0.464844 0.281250 0.457031 0.281250 0.453125 0.285156 0.437500 0.285156 0.433594 0.289062 0.433594 0.296875 0.429688 0.300781 0.414062 0.300781 0.410156 0.304688 0.406250 0.304688 0.406250 0.312500 0.398438 0.320312 0.398438 0.328125 0.394531 0.332031 0.371094 0.332031 0.363281 0.324219 0.359375 0.324219 0.355469 0.320312 0.355469 0.312500 0.347656 0.312500 0.347656 0.328125 0.351562 0.332031 0.351562 0.339844 0.355469 0.339844 0.359375 0.343750 0.359375 0.359375 0.355469 0.363281 0.351562 0.363281 0.347656 0.367188 0.347656 0.375000 0.355469 0.375000 0.359375 0.378906 0.359375 0.394531 0.378906 0.394531 0.382812 0.398438 0.382812 0.421875 0.375000 0.429688 0.375000 0.445312 0.382812 0.445312 0.386719 0.449219 0.386719 0.488281 0.382812 0.492188 0.382812 0.496094 0.378906 0.500000 0.355469 0.500000 0.351562 0.496094 0.347656 0.496094 0.343750 0.492188 0.343750 0.488281 0.339844 0.484375 0.339844 0.480469 0.332031 0.480469 0.328125 0.476562 0.328125 0.468750 0.324219 0.464844 0.324219 0.453125 0.320312 0.449219 0.320312 0.445312 0.289062 0.445312 0.285156 0.441406 0.277344 0.441406 0.269531 0.433594 0.269531 0.429688 0.250000 0.429688 0.246094 0.433594 0.246094 0.441406 0.242188 0.445312 0.238281 0.445312 0.238281 0.457031 0.246094 0.464844 0.246094 0.468750 0.250000 0.472656 0.250000 0.488281 0.246094 0.492188 0.242188 0.492188 0.242188 0.503906 0.234375 0.511719 0.218750 0.511719 0.214844 0.515625 0.203125 0.515625 0.203125 0.519531 0.199219 0.523438 0.191406 0.523438 0.187500 0.527344 0.187500 0.535156 0.191406 0.539062 0.191406 0.550781 0.210938 0.550781 0.214844 0.554688 0.214844 0.558594 0.218750 0.562500 0.218750 0.589844 0.214844 0.593750 0.210938 0.593750 0.210938 0.601562 0.214844 0.601562 0.222656 0.609375 0.226562 0.609375 0.230469 0.613281 0.230469 0.617188 0.253906 0.617188 0.257812 0.621094 0.257812 0.644531 0.261719 0.648438 0.277344 0.648438 0.281250 0.652344 0.281250 0.667969 0.277344 0.671875 0.269531 0.671875 0.269531 0.687500 0.265625 0.691406 0.261719 0.691406 0.261719 0.699219 0.265625 0.699219 0.269531 0.703125 0.269531 0.710938 0.273438 0.710938 0.277344 0.714844 0.277344 0.718750 0.281250 0.722656 0.308594 0.722656 0.312500 0.726562 0.312500 0.734375 0.320312 0.734375 0.328125 0.742188 0.328125 0.750000 0.332031 0.750000 0.335938 0.753906 0.335938 0.769531 0.332031 0.773438 0.304688 0.773438 0.300781 0.769531 0.285156 0.769531 0.281250 0.765625 0.269531 0.765625 0.265625 0.761719 0.257812 0.761719 0.253906 0.757812 0.246094 0.757812 0.242188 0.753906 0.242188 0.734375 0.234375 0.734375 0.230469 0.730469 0.214844 0.730469 0.210938 0.726562 0.210938 0.695312 0.207031 0.691406 0.207031 0.687500 0.195312 0.687500 0.195312 0.695312 0.203125 0.703125 0.203125 0.726562 0.199219 0.730469 0.167969 0.730469 0.167969 0.750000 0.171875 0.753906 0.171875 0.765625 0.179688 0.773438 0.183594 0.773438 0.187500 0.777344 0.187500 0.781250 0.214844 0.781250 0.218750 0.785156 0.218750 0.789062 0.222656 0.792969 0.222656 0.796875 0.226562 0.796875 0.230469 0.800781 0.230469 0.804688 0.242188 0.804688 0.246094 0.800781 0.273438 0.800781 0.277344 0.804688 0.277344 0.816406 0.281250 0.816406 0.285156 0.820312 0.296875 0.820312 0.296875 0.804688 0.300781 0.800781 0.335938 0.800781 0.339844 0.804688 0.347656 0.804688 0.355469 0.812500 0.355469 0.843750 0.359375 0.847656 0.367188 0.847656 0.371094 0.851562 0.386719 0.851562 0.390625 0.855469 0.390625 0.886719 0.386719 0.890625 0.378906 0.890625 0.378906 0.898438 0.375000 0.902344 0.375000 0.914062 0.371094 0.917969 0.351562 0.917969 0.347656 0.914062 0.339844 0.914062 0.335938 0.917969 0.332031 0.917969 0.332031 0.929688 0.335938 0.933594 0.343750 0.933594 0.351562 0.941406 0.359375 0.941406 0.363281 0.945312 0.371094 0.945312 0.375000 0.949219 0.390625 0.949219 0.394531 0.945312 0.410156 0.945312 0.414062 0.949219 0.425781 0.949219 0.429688 0.945312 0.441406 0.945312 0.441406 0.937500 0.437500 0.933594 0.437500 0.902344 0.441406 0.898438 0.472656 0.898438 0.476562 0.902344 0.476562 0.910156 0.484375 0.910156 0.488281 0.906250 0.503906 0.906250 0.507812 0.910156 0.507812 0.914062 0.511719 0.914062 0.515625 0.917969 0.523438 0.917969 0.523438 0.906250 0.527344 0.902344 0.542969 0.902344 0.546875 0.898438 0.558594 0.898438 0.566406 0.890625 0.566406 0.882812 0.550781 0.882812 0.539062 0.871094 0.539062 0.855469 0.542969 0.851562 0.542969 0.847656 0.546875 0.843750 0.562500 0.843750 0.566406 0.839844 0.609375 0.839844 0.621094 0.851562 0.632812 0.851562 0.632812 0.824219 0.636719 0.820312 0.660156 0.820312 0.664062 0.824219 0.671875 0.824219 0.679688 0.832031 0.679688 0.835938 0.683594 0.839844 0.683594 0.843750 0.691406 0.843750 0.695312 0.839844 0.718750 0.839844 0.722656 0.843750 0.722656 0.859375 0.718750 0.863281 0.718750 0.867188 0.714844 0.871094 0.714844 0.878906 0.726562 0.878906 0.730469 0.875000 0.734375 0.875000 0.734375 0.871094 0.738281 0.867188 0.738281 0.863281 0.742188 0.859375 0.750000 0.859375 0.750000 0.855469 0.753906 0.851562 0.757812 0.851562 0.757812 0.839844 0.761719 0.835938 0.761719 0.832031 0.765625 0.828125 0.765625 0.816406 0.757812 0.816406 0.757812 0.824219 0.753906 0.828125 0.738281 0.828125 0.734375 0.824219 0.734375 0.808594 0.738281 0.804688 0.738281 0.765625 0.742188 0.761719 0.742188 0.746094 0.738281 0.742188 0.730469 0.742188 0.726562 0.738281 0.722656 0.738281 0.718750 0.734375 0.718750 0.726562 0.714844 0.722656 0.714844 0.710938 0.710938 0.710938 0.707031 0.707031 0.703125 0.707031 0.695312 0.699219 0.695312 0.683594 0.691406 0.683594 0.687500 0.679688 0.687500 0.660156 0.691406 0.656250 0.707031 0.656250 0.710938 0.660156 0.710938 0.679688 0.714844 0.679688 0.718750 0.683594 0.722656 0.683594 0.726562 0.687500 0.734375 0.687500 0.738281 0.683594 0.746094 0.683594 0.746094 0.667969 0.750000 0.664062 0.750000 0.640625 0.753906 0.636719 0.753906 0.625000 0.746094 0.625000 0.742188 0.621094 0.742188 0.617188 0.730469 0.617188 0.726562 0.613281 0.726562 0.593750 0.730469 0.589844 0.730469 0.582031 0.714844 0.582031 0.710938 0.578125 0.710938 0.558594 0.714844 0.554688 0.714844 0.535156 0.718750 0.531250 0.722656 0.531250 0.722656 0.519531 0.726562 0.515625 0.738281 0.515625 0.738281 0.507812 0.722656 0.507812 0.722656 0.519531 0.718750 0.523438 0.714844 0.523438 0.710938 0.527344 0.691406 0.527344 0.683594 0.519531 0.671875 0.519531 0.667969 0.515625 0.667969 0.500000 0.664062 0.500000 0.660156 0.496094 0.656250 0.496094 0.648438 0.488281 0.648438 0.460938 0.652344 0.457031 0.652344 0.441406 0.656250 0.437500 0.667969 0.437500 0.679688 0.425781 0.683594 0.425781 0.687500 0.421875 0.707031 0.421875 0.714844 0.414062 0.718750 0.414062 0.718750 0.394531 0.722656 0.390625 0.738281 0.390625 0.742188 0.394531 0.742188 0.421875 0.746094 0.425781 0.765625 0.425781 0.765625 0.390625 0.761719 0.390625 0.757812 0.386719 0.757812 0.363281 0.753906 0.359375 0.738281 0.359375 0.730469 0.367188 0.730469 0.386719 0.726562 0.390625 0.710938 0.390625 0.707031 0.394531 0.703125 0.394531 0.703125 0.398438 0.699219 0.402344 0.695312 0.402344 0.691406 0.406250 0.671875 0.406250 0.660156 0.394531 0.660156 0.363281 0.664062 0.359375 0.667969 0.359375 0.675781 0.351562 0.675781 0.339844 0.671875 0.335938 0.671875 0.328125 0.644531 0.328125 0.640625 0.324219 0.640625 0.320312 0.632812 0.312500 0.632812 0.296875 0.636719 0.292969 0.640625 0.292969 0.640625 0.289062 0.644531 0.285156 0.648438 0.285156 0.652344 0.281250 0.652344 0.277344 0.656250 0.273438 0.675781 0.273438 0.679688 0.277344 0.679688 0.292969 0.707031 0.292969 0.710938 0.296875 0.710938 0.320312 0.714844 0.320312 0.718750 0.324219 0.718750 0.328125 0.738281 0.328125 0.742188 0.332031 0.742188 0.335938 0.750000 0.335938 0.750000 0.328125 0.738281 0.328125 0.734375 0.324219 0.734375 0.312500 0.730469 0.312500 0.726562 0.308594 0.714844 0.308594 0.710938 0.304688 0.710938 0.285156 0.714844 0.281250 0.734375 0.281250 0.734375 0.265625 0.726562 0.265625 0.722656 0.269531 0.707031 0.269531 0.703125 0.265625 0.703125 0.261719 0.699219 0.261719 0.695312 0.257812 0.695312 0.253906 0.664062 0.253906 0.660156 0.250000 0.640625 0.250000 0.636719 0.246094 0.636719 0.218750 0.640625 0.214844 0.652344 0.214844 0.660156 0.207031 0.660156 0.199219 0.648438 0.199219 0.636719 0.187500
2 0.527344 0.164062 0.527344 0.167969 0.523438 0.171875 0.523438 0.175781 0.519531 0.179688 0.511719 0.179688 0.511719 0.183594 0.507812 0.187500 0.496094 0.187500 0.496094 0.199219 0.507812 0.199219 0.511719 0.195312 0.519531 0.195312 0.523438 0.191406 0.531250 0.191406 0.531250 0.187500 0.542969 0.175781 0.546875 0.175781 0.546875 0.164062
