2 0.554688 0.917969 0.554688 0.933594 0.550781 0.937500 0.535156 0.937500 0.531250 0.933594 0.531250 0.929688 0.523438 0.929688 0.519531 0.933594 0.515625 0.933594 0.515625 0.941406 0.523438 0.949219 0.539062 0.949219 0.550781 0.960938 0.550781 0.976562 0.574219 0.976562 0.578125 0.972656 0.578125 0.960938 0.582031 0.957031 0.589844 0.957031 0.589844 0.929688 0.585938 0.925781 0.566406 0.925781 0.562500 0.921875 0.562500 0.917969
2 0.679688 0.914062 0.679688 0.933594 0.675781 0.937500 0.664062 0.937500 0.664062 0.941406 0.660156 0.945312 0.640625 0.945312 0.636719 0.949219 0.636719 0.953125 0.632812 0.957031 0.632812 0.964844 0.636719 0.968750 0.636719 0.972656 0.644531 0.972656 0.648438 0.968750 0.652344 0.968750 0.660156 0.960938 0.664062 0.960938 0.664062 0.953125 0.667969 0.949219 0.699219 0.949219 0.703125 0.953125 0.703125 0.957031 0.707031 0.960938 0.707031 0.964844 0.722656 0.964844 0.726562 0.960938 0.726562 0.949219 0.722656 0.945312 0.710938 0.945312 0.707031 0.941406 0.707031 0.937500 0.703125 0.937500 0.699219 0.933594 0.699219 0.925781 0.691406 0.925781 0.687500 0.921875 0.687500 0.914062
2 0.574219 0.875000 0.574219 0.894531 0.578125 0.898438 0.578125 0.902344 0.585938 0.902344 0.585938 0.890625 0.582031 0.886719 0.582031 0.875000
2 0.675781 0.871094 0.675781 0.886719 0.695312 0.886719 0.699219 0.882812 0.699219 0.875000 0.695312 0.875000 0.691406 0.871094
2 0.519531 0.824219 0.519531 0.843750 0.523438 0.847656 0.523438 0.855469 0.527344 0.855469 0.531250 0.859375 0.531250 0.863281 0.570312 0.863281 0.570312 0.851562 0.574219 0.847656 0.574219 0.839844 0.578125 0.835938 0.578125 0.824219 0.570312 0.824219 0.570312 0.828125 0.566406 0.832031 0.546875 0.832031 0.542969 0.828125 0.542969 0.824219
2 0.636719 0.804688 0.636719 0.816406 0.632812 0.820312 0.621094 0.820312 0.621094 0.859375 0.636719 0.859375 0.636719 0.835938 0.640625 0.832031 0.652344 0.832031 0.656250 0.828125 0.664062 0.828125 0.664062 0.816406 0.652344 0.816406 0.648438 0.812500 0.648438 0.808594 0.644531 0.804688
2 0.667969 0.777344 0.667969 0.785156 0.675781 0.785156 0.675781 0.777344
2 0.417969 0.765625 0.417969 0.773438 0.414062 0.777344 0.386719 0.777344 0.386719 0.789062 0.406250 0.789062 0.410156 0.792969 0.410156 0.796875 0.414062 0.796875 0.417969 0.800781 0.429688 0.800781 0.437500 0.808594 0.437500 0.839844 0.433594 0.843750 0.425781 0.843750 0.425781 0.851562 0.429688 0.855469 0.441406 0.855469 0.441406 0.851562 0.445312 0.847656 0.464844 0.847656 0.464844 0.832031 0.468750 0.828125 0.472656 0.828125 0.472656 0.824219 0.476562 0.820312 0.496094 0.820312 0.496094 0.808594 0.492188 0.804688 0.492188 0.796875 0.488281 0.792969 0.476562 0.792969 0.472656 0.789062 0.472656 0.777344 0.457031 0.777344 0.449219 0.769531 0.445312 0.769531 0.441406 0.765625
2 0.148438 0.765625 0.148438 0.777344 0.156250 0.777344 0.160156 0.781250 0.160156 0.792969 0.164062 0.796875 0.164062 0.808594 0.171875 0.816406 0.171875 0.820312 0.179688 0.828125 0.179688 0.832031 0.191406 0.832031 0.195312 0.828125 0.199219 0.828125 0.199219 0.812500 0.191406 0.812500 0.179688 0.800781 0.179688 0.796875 0.171875 0.789062 0.171875 0.781250 0.167969 0.777344 0.164062 0.777344 0.160156 0.773438 0.160156 0.765625
2 0.476562 0.699219 0.476562 0.707031 0.484375 0.707031 0.484375 0.699219
2 0.917969 0.640625 0.914062 0.644531 0.914062 0.652344 0.910156 0.656250 0.910156 0.667969 0.925781 0.667969 0.929688 0.671875 0.929688 0.707031 0.937500 0.707031 0.937500 0.691406 0.941406 0.687500 0.945312 0.687500 0.945312 0.679688 0.949219 0.675781 0.968750 0.675781 0.968750 0.664062 0.972656 0.660156 0.972656 0.656250 0.976562 0.652344 0.976562 0.644531 0.968750 0.644531 0.968750 0.648438 0.964844 0.652344 0.964844 0.656250 0.960938 0.660156 0.941406 0.660156 0.937500 0.656250 0.937500 0.648438 0.929688 0.640625
2 0.726562 0.632812 0.726562 0.648438 0.718750 0.656250 0.710938 0.656250 0.707031 0.660156 0.683594 0.660156 0.683594 0.675781 0.679688 0.679688 0.664062 0.679688 0.660156 0.675781 0.660156 0.667969 0.648438 0.667969 0.648438 0.675781 0.644531 0.679688 0.628906 0.679688 0.621094 0.671875 0.613281 0.671875 0.613281 0.679688 0.617188 0.683594 0.617188 0.699219 0.628906 0.699219 0.632812 0.695312 0.652344 0.695312 0.656250 0.699219 0.660156 0.699219 0.671875 0.710938 0.671875 0.722656 0.687500 0.722656 0.687500 0.703125 0.691406 0.699219 0.699219 0.699219 0.703125 0.695312 0.730469 0.695312 0.730469 0.691406 0.734375 0.687500 0.753906 0.687500 0.761719 0.695312 0.781250 0.695312 0.781250 0.679688 0.777344 0.675781 0.773438 0.675781 0.765625 0.667969 0.765625 0.656250 0.738281 0.656250 0.734375 0.652344 0.734375 0.632812
2 0.980469 0.617188 0.980469 0.636719 0.996094 0.636719 0.996094 0.617188
2 0.808594 0.574219 0.808594 0.593750 0.812500 0.593750 0.820312 0.601562 0.828125 0.601562 0.828125 0.585938 0.824219 0.585938 0.820312 0.582031 0.820312 0.578125 0.816406 0.574219
2 0.734375 0.574219 0.734375 0.582031 0.738281 0.582031 0.742188 0.585938 0.761719 0.585938 0.765625 0.589844 0.773438 0.589844 0.773438 0.578125 0.753906 0.578125 0.750000 0.574219
2 0.699219 0.574219 0.699219 0.582031 0.710938 0.582031 0.710938 0.574219
2 0.421875 0.566406 0.421875 0.582031 0.437500 0.582031 0.437500 0.574219 0.429688 0.566406
2 0.414062 0.527344 0.414062 0.535156 0.425781 0.535156 0.425781 0.527344
2 0.242188 0.527344 0.242188 0.542969 0.238281 0.546875 0.230469 0.546875 0.222656 0.554688 0.222656 0.585938 0.218750 0.589844 0.210938 0.589844 0.210938 0.597656 0.218750 0.597656 0.218750 0.593750 0.222656 0.589844 0.230469 0.589844 0.230469 0.562500 0.234375 0.558594 0.238281 0.558594 0.238281 0.550781 0.242188 0.546875 0.257812 0.546875 0.261719 0.550781 0.261719 0.554688 0.277344 0.554688 0.281250 0.558594 0.281250 0.562500 0.289062 0.562500 0.289062 0.554688 0.285156 0.554688 0.281250 0.550781 0.281250 0.546875 0.269531 0.535156 0.269531 0.527344
2 0.832031 0.500000 0.832031 0.523438 0.828125 0.527344 0.820312 0.527344 0.820312 0.535156 0.839844 0.535156 0.843750 0.539062 0.843750 0.550781 0.851562 0.550781 0.851562 0.546875 0.855469 0.542969 0.859375 0.542969 0.859375 0.527344 0.855469 0.523438 0.855469 0.500000
2 0.914062 0.460938 0.914062 0.472656 0.917969 0.476562 0.917969 0.480469 0.925781 0.488281 0.925781 0.492188 0.929688 0.496094 0.929688 0.503906 0.933594 0.503906 0.937500 0.507812 0.937500 0.511719 0.945312 0.511719 0.945312 0.507812 0.953125 0.500000 0.957031 0.500000 0.957031 0.492188 0.953125 0.492188 0.949219 0.488281 0.949219 0.480469 0.937500 0.480469 0.933594 0.476562 0.933594 0.464844 0.929688 0.464844 0.925781 0.460938
2 0.324219 0.460938 0.320312 0.464844 0.296875 0.464844 0.296875 0.472656 0.300781 0.472656 0.304688 0.476562 0.312500 0.476562 0.316406 0.472656 0.324219 0.472656 0.328125 0.468750 0.335938 0.468750 0.335938 0.460938
2 0.578125 0.457031 0.578125 0.464844 0.593750 0.464844 0.593750 0.457031
2 0.699219 0.394531 0.683594 0.410156 0.664062 0.410156 0.664062 0.417969 0.675781 0.429688 0.675781 0.433594 0.683594 0.441406 0.683594 0.460938 0.679688 0.464844 0.675781 0.464844 0.671875 0.468750 0.671875 0.472656 0.667969 0.476562 0.667969 0.503906 0.664062 0.507812 0.660156 0.507812 0.660156 0.519531 0.683594 0.519531 0.683594 0.503906 0.687500 0.500000 0.687500 0.496094 0.691406 0.492188 0.695312 0.492188 0.695312 0.472656 0.699219 0.468750 0.730469 0.468750 0.730469 0.464844 0.734375 0.460938 0.734375 0.453125 0.738281 0.449219 0.738281 0.445312 0.742188 0.441406 0.742188 0.433594 0.738281 0.429688 0.738281 0.425781 0.734375 0.425781 0.730469 0.421875 0.730469 0.414062 0.718750 0.414062 0.714844 0.410156 0.714844 0.394531
2 0.246094 0.390625 0.246094 0.414062 0.242188 0.417969 0.218750 0.417969 0.218750 0.425781 0.222656 0.429688 0.222656 0.433594 0.230469 0.433594 0.234375 0.437500 0.250000 0.437500 0.253906 0.441406 0.253906 0.449219 0.261719 0.449219 0.265625 0.445312 0.273438 0.445312 0.273438 0.437500 0.281250 0.429688 0.335938 0.429688 0.343750 0.437500 0.351562 0.437500 0.351562 0.425781 0.347656 0.421875 0.347656 0.406250 0.339844 0.406250 0.335938 0.402344 0.320312 0.402344 0.320312 0.406250 0.316406 0.410156 0.312500 0.410156 0.312500 0.414062 0.308594 0.417969 0.300781 0.417969 0.296875 0.421875 0.281250 0.421875 0.273438 0.414062 0.273438 0.410156 0.261719 0.410156 0.253906 0.402344 0.253906 0.390625
2 0.562500 0.375000 0.562500 0.382812 0.566406 0.386719 0.566406 0.398438 0.570312 0.402344 0.582031 0.402344 0.582031 0.394531 0.578125 0.394531 0.570312 0.386719 0.570312 0.375000
2 0.636719 0.296875 0.632812 0.300781 0.632812 0.335938 0.636719 0.339844 0.636719 0.347656 0.640625 0.351562 0.640625 0.371094 0.636719 0.375000 0.628906 0.375000 0.628906 0.390625 0.648438 0.390625 0.652344 0.394531 0.652344 0.402344 0.660156 0.402344 0.660156 0.394531 0.656250 0.390625 0.656250 0.335938 0.667969 0.324219 0.671875 0.324219 0.671875 0.312500 0.660156 0.312500 0.652344 0.304688 0.652344 0.300781 0.648438 0.300781 0.644531 0.296875
2 0.777344 0.277344 0.773438 0.281250 0.773438 0.292969 0.777344 0.296875 0.777344 0.328125 0.781250 0.332031 0.781250 0.335938 0.785156 0.339844 0.785156 0.347656 0.800781 0.347656 0.804688 0.351562 0.816406 0.351562 0.820312 0.347656 0.828125 0.347656 0.828125 0.339844 0.824219 0.335938 0.820312 0.335938 0.816406 0.332031 0.816406 0.328125 0.812500 0.328125 0.808594 0.324219 0.808594 0.320312 0.800781 0.320312 0.796875 0.316406 0.796875 0.289062 0.785156 0.277344
2 0.531250 0.253906 0.531250 0.261719 0.535156 0.265625 0.535156 0.281250 0.531250 0.285156 0.527344 0.285156 0.523438 0.289062 0.515625 0.289062 0.511719 0.292969 0.503906 0.292969 0.500000 0.296875 0.480469 0.296875 0.476562 0.300781 0.472656 0.300781 0.472656 0.304688 0.468750 0.308594 0.468750 0.316406 0.472656 0.320312 0.472656 0.324219 0.476562 0.328125 0.476562 0.355469 0.468750 0.363281 0.441406 0.363281 0.441406 0.375000 0.445312 0.378906 0.445312 0.406250 0.449219 0.406250 0.453125 0.410156 0.453125 0.414062 0.464844 0.414062 0.468750 0.417969 0.468750 0.460938 0.464844 0.464844 0.464844 0.488281 0.488281 0.488281 0.496094 0.496094 0.500000 0.496094 0.503906 0.500000 0.503906 0.515625 0.500000 0.519531 0.496094 0.519531 0.492188 0.523438 0.488281 0.523438 0.488281 0.527344 0.484375 0.531250 0.484375 0.542969 0.503906 0.542969 0.511719 0.550781 0.515625 0.550781 0.519531 0.554688 0.519531 0.566406 0.523438 0.570312 0.527344 0.570312 0.531250 0.574219 0.531250 0.601562 0.527344 0.605469 0.523438 0.605469 0.523438 0.613281 0.527344 0.617188 0.527344 0.621094 0.531250 0.621094 0.535156 0.625000 0.535156 0.648438 0.531250 0.652344 0.511719 0.652344 0.511719 0.656250 0.503906 0.664062 0.484375 0.664062 0.480469 0.660156 0.472656 0.660156 0.468750 0.656250 0.464844 0.656250 0.460938 0.652344 0.445312 0.652344 0.441406 0.648438 0.441406 0.644531 0.425781 0.644531 0.421875 0.640625 0.421875 0.632812 0.414062 0.632812 0.410156 0.636719 0.410156 0.652344 0.406250 0.656250 0.406250 0.679688 0.402344 0.683594 0.390625 0.683594 0.390625 0.691406 0.394531 0.691406 0.398438 0.695312 0.398438 0.699219 0.402344 0.703125 0.402344 0.718750 0.406250 0.718750 0.410156 0.722656 0.417969 0.722656 0.421875 0.726562 0.429688 0.726562 0.433594 0.722656 0.433594 0.718750 0.437500 0.714844 0.445312 0.714844 0.445312 0.707031 0.441406 0.703125 0.433594 0.703125 0.429688 0.699219 0.429688 0.671875 0.433594 0.667969 0.457031 0.667969 0.460938 0.671875 0.460938 0.675781 0.484375 0.675781 0.488281 0.679688 0.488281 0.691406 0.507812 0.691406 0.511719 0.695312 0.535156 0.695312 0.539062 0.699219 0.539062 0.703125 0.542969 0.707031 0.542969 0.718750 0.546875 0.722656 0.546875 0.730469 0.558594 0.730469 0.558594 0.707031 0.554688 0.703125 0.554688 0.671875 0.558594 0.667969 0.558594 0.648438 0.554688 0.644531 0.554688 0.617188 0.558594 0.613281 0.558594 0.593750 0.554688 0.589844 0.554688 0.582031 0.550781 0.578125 0.550781 0.574219 0.546875 0.570312 0.546875 0.542969 0.542969 0.539062 0.539062 0.539062 0.535156 0.535156 0.535156 0.531250 0.531250 0.527344 0.531250 0.511719 0.535156 0.507812 0.539062 0.507812 0.542969 0.503906 0.542969 0.496094 0.539062 0.496094 0.531250 0.488281 0.531250 0.464844 0.527344 0.464844 0.523438 0.460938 0.523438 0.433594 0.527344 0.429688 0.542969 0.429688 0.542969 0.421875 0.539062 0.417969 0.539062 0.414062 0.535156 0.410156 0.535156 0.406250 0.519531 0.406250 0.511719 0.398438 0.511719 0.386719 0.507812 0.382812 0.507812 0.378906 0.500000 0.378906 0.496094 0.375000 0.496094 0.355469 0.500000 0.351562 0.503906 0.351562 0.507812 0.347656 0.527344 0.347656 0.531250 0.351562 0.531250 0.359375 0.554688 0.359375 0.554688 0.347656 0.542969 0.347656 0.539062 0.343750 0.539062 0.320312 0.542969 0.316406 0.546875 0.316406 0.546875 0.292969 0.542969 0.292969 0.539062 0.289062 0.539062 0.269531 0.542969 0.265625 0.558594 0.265625 0.558594 0.253906
2 0.160156 0.250000 0.160156 0.257812 0.164062 0.261719 0.164062 0.281250 0.171875 0.281250 0.171875 0.250000
2 0.210938 0.210938 0.207031 0.214844 0.199219 0.214844 0.195312 0.218750 0.191406 0.218750 0.187500 0.222656 0.183594 0.222656 0.179688 0.226562 0.179688 0.230469 0.175781 0.234375 0.175781 0.242188 0.187500 0.242188 0.191406 0.238281 0.207031 0.238281 0.214844 0.230469 0.214844 0.226562 0.218750 0.222656 0.218750 0.210938
2 0.531250 0.191406 0.527344 0.195312 0.527344 0.203125 0.531250 0.207031 0.546875 0.207031 0.550781 0.210938 0.550781 0.218750 0.554688 0.218750 0.558594 0.222656 0.558594 0.226562 0.562500 0.230469 0.562500 0.238281 0.578125 0.238281 0.582031 0.234375 0.585938 0.234375 0.585938 0.218750 0.574219 0.207031 0.570312 0.207031 0.558594 0.195312 0.550781 0.195312 0.546875 0.191406
2 0.421875 0.179688 0.421875 0.195312 0.417969 0.199219 0.410156 0.199219 0.410156 0.218750 0.406250 0.222656 0.398438 0.222656 0.394531 0.226562 0.394531 0.257812 0.390625 0.261719 0.382812 0.261719 0.382812 0.285156 0.378906 0.289062 0.378906 0.296875 0.382812 0.300781 0.382812 0.304688 0.394531 0.304688 0.394531 0.289062 0.398438 0.285156 0.417969 0.285156 0.417969 0.273438 0.421875 0.269531 0.488281 0.269531 0.488281 0.265625 0.492188 0.261719 0.503906 0.261719 0.503906 0.253906 0.500000 0.253906 0.492188 0.246094 0.488281 0.246094 0.484375 0.242188 0.484375 0.238281 0.464844 0.238281 0.457031 0.230469 0.457031 0.203125 0.460938 0.199219 0.460938 0.183594 0.449219 0.183594 0.445312 0.179688
2 0.675781 0.175781 0.675781 0.187500 0.691406 0.187500 0.691406 0.179688 0.687500 0.175781
2 0.625000 0.140625 0.621094 0.144531 0.613281 0.144531 0.613281 0.152344 0.609375 0.156250 0.609375 0.164062 0.613281 0.167969 0.621094 0.167969 0.625000 0.164062 0.625000 0.160156 0.628906 0.156250 0.648438 0.156250 0.652344 0.160156 0.652344 0.164062 0.660156 0.164062 0.660156 0.156250 0.656250 0.156250 0.652344 0.152344 0.652344 0.148438 0.648438 0.144531 0.640625 0.144531 0.636719 0.140625
2 0.539062 0.097656 0.539062 0.109375 0.542969 0.113281 0.542969 0.117188 0.546875 0.117188 0.550781 0.121094 0.550781 0.136719 0.554688 0.140625 0.562500 0.140625 0.566406 0.136719 0.578125 0.136719 0.578125 0.121094 0.570312 0.113281 0.562500 0.113281 0.558594 0.109375 0.558594 0.105469 0.550781 0.105469 0.546875 0.101562 0.546875 0.097656
