2 0.574219 0.882812 0.570312 0.886719 0.566406 0.886719 0.566406 0.894531 0.562500 0.898438 0.542969 0.898438 0.542969 0.906250 0.550781 0.906250 0.554688 0.902344 0.570312 0.902344 0.574219 0.906250 0.585938 0.906250 0.585938 0.882812
2 0.644531 0.859375 0.644531 0.878906 0.640625 0.882812 0.628906 0.882812 0.628906 0.886719 0.625000 0.890625 0.613281 0.890625 0.613281 0.898438 0.617188 0.902344 0.625000 0.902344 0.628906 0.906250 0.628906 0.910156 0.644531 0.925781 0.648438 0.925781 0.652344 0.929688 0.652344 0.933594 0.660156 0.941406 0.667969 0.941406 0.671875 0.945312 0.671875 0.957031 0.675781 0.957031 0.679688 0.960938 0.679688 0.968750 0.687500 0.976562 0.687500 0.996094 0.734375 0.996094 0.734375 0.976562 0.730469 0.976562 0.726562 0.972656 0.703125 0.972656 0.695312 0.964844 0.691406 0.964844 0.687500 0.960938 0.687500 0.937500 0.691406 0.933594 0.699219 0.933594 0.699219 0.925781 0.695312 0.925781 0.691406 0.921875 0.691406 0.914062 0.687500 0.914062 0.683594 0.910156 0.683594 0.906250 0.679688 0.906250 0.675781 0.902344 0.675781 0.898438 0.667969 0.898438 0.667969 0.902344 0.664062 0.906250 0.648438 0.906250 0.644531 0.902344 0.644531 0.882812 0.648438 0.878906 0.660156 0.878906 0.660156 0.871094 0.656250 0.871094 0.652344 0.867188 0.652344 0.859375
2 0.730469 0.843750 0.730469 0.847656 0.726562 0.851562 0.718750 0.851562 0.718750 0.855469 0.710938 0.863281 0.710938 0.871094 0.738281 0.871094 0.742188 0.875000 0.742188 0.878906 0.753906 0.878906 0.757812 0.875000 0.765625 0.875000 0.765625 0.855469 0.769531 0.851562 0.769531 0.843750
2 0.761719 0.792969 0.761719 0.800781 0.773438 0.800781 0.773438 0.792969
2 0.683594 0.750000 0.679688 0.753906 0.656250 0.753906 0.656250 0.765625 0.652344 0.769531 0.652344 0.777344 0.648438 0.781250 0.648438 0.792969 0.656250 0.792969 0.664062 0.800781 0.664062 0.804688 0.667969 0.808594 0.667969 0.816406 0.675781 0.824219 0.703125 0.824219 0.707031 0.820312 0.710938 0.820312 0.710938 0.804688 0.714844 0.800781 0.722656 0.800781 0.726562 0.796875 0.738281 0.796875 0.738281 0.789062 0.707031 0.789062 0.703125 0.792969 0.683594 0.792969 0.679688 0.789062 0.679688 0.769531 0.683594 0.765625 0.691406 0.765625 0.695312 0.761719 0.695312 0.750000
2 0.761719 0.410156 0.761719 0.417969 0.769531 0.425781 0.769531 0.429688 0.777344 0.429688 0.777344 0.421875 0.773438 0.417969 0.773438 0.414062 0.769531 0.410156
2 0.738281 0.394531 0.738281 0.406250 0.750000 0.406250 0.750000 0.394531
2 0.132812 0.339844 0.128906 0.343750 0.128906 0.375000 0.125000 0.378906 0.117188 0.378906 0.117188 0.390625 0.125000 0.398438 0.128906 0.398438 0.132812 0.402344 0.140625 0.402344 0.140625 0.386719 0.144531 0.382812 0.152344 0.382812 0.152344 0.359375 0.148438 0.359375 0.140625 0.351562 0.140625 0.339844
2 0.718750 0.250000 0.718750 0.257812 0.726562 0.257812 0.726562 0.250000
2 0.773438 0.242188 0.773438 0.253906 0.777344 0.253906 0.781250 0.257812 0.781250 0.273438 0.777344 0.277344 0.757812 0.277344 0.753906 0.273438 0.753906 0.261719 0.746094 0.261719 0.746094 0.277344 0.742188 0.281250 0.742188 0.300781 0.746094 0.304688 0.750000 0.304688 0.753906 0.308594 0.753906 0.312500 0.757812 0.316406 0.757812 0.328125 0.781250 0.328125 0.789062 0.335938 0.792969 0.335938 0.800781 0.343750 0.800781 0.347656 0.812500 0.347656 0.812500 0.335938 0.816406 0.332031 0.816406 0.328125 0.820312 0.324219 0.820312 0.320312 0.824219 0.316406 0.828125 0.316406 0.828125 0.304688 0.832031 0.300781 0.847656 0.300781 0.851562 0.304688 0.855469 0.304688 0.859375 0.308594 0.859375 0.332031 0.871094 0.332031 0.875000 0.335938 0.886719 0.335938 0.886719 0.312500 0.890625 0.308594 0.890625 0.300781 0.882812 0.292969 0.878906 0.292969 0.871094 0.285156 0.863281 0.285156 0.859375 0.281250 0.851562 0.281250 0.847656 0.277344 0.843750 0.277344 0.839844 0.273438 0.835938 0.273438 0.828125 0.265625 0.824219 0.265625 0.820312 0.261719 0.820312 0.253906 0.812500 0.253906 0.808594 0.250000 0.808594 0.246094 0.804688 0.242188
2 0.550781 0.195312 0.546875 0.199219 0.546875 0.207031 0.550781 0.210938 0.550781 0.230469 0.554688 0.230469 0.558594 0.234375 0.558594 0.238281 0.578125 0.238281 0.585938 0.246094 0.585938 0.253906 0.589844 0.257812 0.597656 0.257812 0.601562 0.261719 0.601562 0.265625 0.605469 0.265625 0.609375 0.269531 0.609375 0.289062 0.605469 0.292969 0.597656 0.292969 0.589844 0.300781 0.589844 0.304688 0.585938 0.308594 0.566406 0.308594 0.566406 0.320312 0.570312 0.320312 0.574219 0.324219 0.585938 0.324219 0.589844 0.328125 0.589844 0.332031 0.593750 0.332031 0.601562 0.339844 0.601562 0.351562 0.621094 0.351562 0.625000 0.355469 0.625000 0.375000 0.628906 0.378906 0.628906 0.394531 0.625000 0.398438 0.621094 0.398438 0.621094 0.410156 0.625000 0.410156 0.636719 0.421875 0.644531 0.421875 0.648438 0.417969 0.664062 0.417969 0.667969 0.421875 0.667969 0.425781 0.671875 0.425781 0.675781 0.429688 0.675781 0.433594 0.683594 0.433594 0.687500 0.437500 0.687500 0.457031 0.707031 0.457031 0.710938 0.460938 0.710938 0.472656 0.714844 0.476562 0.714844 0.496094 0.718750 0.500000 0.738281 0.500000 0.742188 0.503906 0.750000 0.503906 0.753906 0.507812 0.753906 0.527344 0.757812 0.531250 0.769531 0.531250 0.769531 0.523438 0.765625 0.519531 0.765625 0.515625 0.761719 0.511719 0.761719 0.496094 0.765625 0.492188 0.800781 0.492188 0.804688 0.496094 0.804688 0.527344 0.800781 0.531250 0.796875 0.531250 0.796875 0.554688 0.792969 0.558594 0.761719 0.558594 0.761719 0.562500 0.757812 0.566406 0.757812 0.574219 0.761719 0.578125 0.761719 0.597656 0.765625 0.601562 0.765625 0.605469 0.773438 0.605469 0.773438 0.589844 0.777344 0.585938 0.800781 0.585938 0.804688 0.589844 0.820312 0.589844 0.824219 0.593750 0.835938 0.593750 0.835938 0.585938 0.832031 0.582031 0.828125 0.582031 0.824219 0.578125 0.824219 0.566406 0.820312 0.566406 0.816406 0.562500 0.816406 0.531250 0.820312 0.527344 0.820312 0.519531 0.824219 0.515625 0.824219 0.511719 0.828125 0.507812 0.828125 0.496094 0.824219 0.496094 0.820312 0.492188 0.820312 0.468750 0.816406 0.464844 0.800781 0.464844 0.796875 0.460938 0.781250 0.460938 0.781250 0.468750 0.777344 0.472656 0.761719 0.472656 0.757812 0.468750 0.742188 0.468750 0.726562 0.453125 0.722656 0.453125 0.718750 0.449219 0.699219 0.449219 0.695312 0.445312 0.695312 0.429688 0.691406 0.425781 0.687500 0.425781 0.683594 0.421875 0.679688 0.421875 0.675781 0.417969 0.667969 0.417969 0.664062 0.414062 0.664062 0.398438 0.671875 0.390625 0.675781 0.390625 0.679688 0.386719 0.687500 0.386719 0.691406 0.382812 0.722656 0.382812 0.722656 0.363281 0.718750 0.359375 0.710938 0.359375 0.707031 0.355469 0.703125 0.355469 0.699219 0.351562 0.699219 0.335938 0.695312 0.335938 0.691406 0.332031 0.687500 0.332031 0.683594 0.328125 0.683594 0.324219 0.675781 0.316406 0.675781 0.289062 0.679688 0.285156 0.679688 0.277344 0.683594 0.273438 0.695312 0.273438 0.695312 0.265625 0.691406 0.261719 0.683594 0.261719 0.679688 0.265625 0.664062 0.265625 0.660156 0.261719 0.660156 0.250000 0.656250 0.250000 0.652344 0.246094 0.640625 0.246094 0.636719 0.242188 0.632812 0.242188 0.628906 0.238281 0.628906 0.226562 0.609375 0.226562 0.605469 0.222656 0.605469 0.218750 0.601562 0.214844 0.570312 0.214844 0.566406 0.210938 0.566406 0.203125 0.562500 0.203125 0.558594 0.199219 0.558594 0.195312
2 0.414062 0.144531 0.414062 0.148438 0.410156 0.152344 0.410156 0.156250 0.402344 0.164062 0.394531 0.164062 0.394531 0.175781 0.390625 0.179688 0.386719 0.179688 0.386719 0.183594 0.382812 0.187500 0.382812 0.195312 0.386719 0.199219 0.386719 0.218750 0.378906 0.226562 0.363281 0.226562 0.359375 0.222656 0.359375 0.218750 0.332031 0.218750 0.328125 0.214844 0.328125 0.175781 0.335938 0.167969 0.339844 0.167969 0.339844 0.164062 0.343750 0.160156 0.347656 0.160156 0.347656 0.152344 0.332031 0.152344 0.324219 0.160156 0.304688 0.160156 0.304688 0.175781 0.300781 0.179688 0.289062 0.179688 0.285156 0.183594 0.285156 0.191406 0.292969 0.199219 0.292969 0.203125 0.300781 0.210938 0.308594 0.210938 0.312500 0.214844 0.312500 0.230469 0.308594 0.234375 0.289062 0.234375 0.285156 0.230469 0.277344 0.230469 0.273438 0.234375 0.269531 0.234375 0.265625 0.238281 0.265625 0.242188 0.261719 0.246094 0.261719 0.250000 0.257812 0.253906 0.234375 0.253906 0.234375 0.265625 0.246094 0.265625 0.250000 0.269531 0.250000 0.273438 0.257812 0.273438 0.257812 0.265625 0.261719 0.261719 0.277344 0.261719 0.281250 0.265625 0.320312 0.265625 0.324219 0.269531 0.324219 0.285156 0.320312 0.289062 0.296875 0.289062 0.292969 0.292969 0.285156 0.292969 0.281250 0.296875 0.281250 0.300781 0.277344 0.304688 0.277344 0.328125 0.273438 0.332031 0.250000 0.332031 0.246094 0.335938 0.242188 0.335938 0.238281 0.339844 0.238281 0.347656 0.242188 0.347656 0.250000 0.355469 0.250000 0.371094 0.257812 0.371094 0.261719 0.367188 0.277344 0.367188 0.281250 0.371094 0.281250 0.402344 0.277344 0.406250 0.273438 0.406250 0.269531 0.410156 0.261719 0.410156 0.261719 0.414062 0.257812 0.417969 0.242188 0.417969 0.238281 0.414062 0.238281 0.394531 0.242188 0.390625 0.242188 0.382812 0.226562 0.382812 0.222656 0.378906 0.222656 0.359375 0.210938 0.359375 0.210938 0.390625 0.222656 0.390625 0.226562 0.394531 0.226562 0.410156 0.222656 0.414062 0.214844 0.414062 0.214844 0.421875 0.210938 0.425781 0.207031 0.425781 0.207031 0.429688 0.199219 0.437500 0.195312 0.437500 0.191406 0.441406 0.183594 0.441406 0.183594 0.457031 0.179688 0.460938 0.179688 0.476562 0.187500 0.476562 0.191406 0.480469 0.191406 0.496094 0.195312 0.500000 0.195312 0.519531 0.199219 0.523438 0.207031 0.523438 0.207031 0.515625 0.210938 0.511719 0.210938 0.503906 0.218750 0.496094 0.222656 0.496094 0.222656 0.492188 0.226562 0.488281 0.250000 0.488281 0.253906 0.484375 0.273438 0.484375 0.277344 0.488281 0.277344 0.503906 0.273438 0.507812 0.273438 0.519531 0.277344 0.523438 0.292969 0.523438 0.296875 0.527344 0.296875 0.542969 0.304688 0.542969 0.316406 0.554688 0.316406 0.570312 0.308594 0.578125 0.304688 0.578125 0.296875 0.585938 0.292969 0.585938 0.292969 0.593750 0.296875 0.593750 0.304688 0.601562 0.320312 0.601562 0.324219 0.605469 0.324219 0.609375 0.328125 0.609375 0.332031 0.613281 0.332031 0.628906 0.324219 0.636719 0.324219 0.644531 0.328125 0.648438 0.339844 0.648438 0.339844 0.617188 0.343750 0.613281 0.343750 0.605469 0.347656 0.601562 0.363281 0.601562 0.367188 0.605469 0.367188 0.617188 0.371094 0.617188 0.378906 0.625000 0.378906 0.640625 0.375000 0.644531 0.367188 0.644531 0.363281 0.648438 0.363281 0.652344 0.359375 0.656250 0.355469 0.656250 0.355469 0.675781 0.351562 0.679688 0.343750 0.679688 0.343750 0.687500 0.347656 0.691406 0.347656 0.699219 0.355469 0.699219 0.359375 0.703125 0.359375 0.707031 0.367188 0.707031 0.371094 0.703125 0.394531 0.703125 0.398438 0.707031 0.398438 0.710938 0.410156 0.710938 0.414062 0.714844 0.414062 0.746094 0.410156 0.750000 0.410156 0.757812 0.417969 0.757812 0.421875 0.761719 0.421875 0.773438 0.433594 0.773438 0.437500 0.777344 0.457031 0.777344 0.460938 0.781250 0.460938 0.785156 0.480469 0.785156 0.484375 0.789062 0.484375 0.808594 0.492188 0.808594 0.496094 0.812500 0.496094 0.828125 0.484375 0.839844 0.480469 0.839844 0.480469 0.867188 0.476562 0.871094 0.460938 0.871094 0.460938 0.878906 0.468750 0.878906 0.468750 0.875000 0.472656 0.871094 0.488281 0.871094 0.492188 0.875000 0.492188 0.898438 0.500000 0.898438 0.500000 0.886719 0.496094 0.886719 0.492188 0.882812 0.492188 0.851562 0.496094 0.847656 0.515625 0.847656 0.519531 0.851562 0.519531 0.855469 0.523438 0.859375 0.539062 0.859375 0.539062 0.851562 0.542969 0.847656 0.542969 0.843750 0.546875 0.839844 0.550781 0.839844 0.550781 0.828125 0.546875 0.824219 0.542969 0.824219 0.531250 0.812500 0.531250 0.808594 0.527344 0.808594 0.523438 0.804688 0.523438 0.777344 0.519531 0.777344 0.515625 0.773438 0.515625 0.769531 0.511719 0.765625 0.511719 0.750000 0.515625 0.746094 0.515625 0.738281 0.492188 0.738281 0.488281 0.734375 0.488281 0.730469 0.484375 0.726562 0.484375 0.722656 0.472656 0.722656 0.464844 0.714844 0.464844 0.710938 0.449219 0.710938 0.449219 0.714844 0.445312 0.718750 0.441406 0.718750 0.437500 0.722656 0.417969 0.722656 0.414062 0.718750 0.414062 0.699219 0.390625 0.699219 0.386719 0.695312 0.386719 0.671875 0.390625 0.667969 0.390625 0.664062 0.402344 0.652344 0.433594 0.652344 0.437500 0.656250 0.437500 0.667969 0.441406 0.667969 0.445312 0.671875 0.453125 0.671875 0.453125 0.648438 0.449219 0.648438 0.445312 0.644531 0.445312 0.636719 0.437500 0.636719 0.433594 0.632812 0.433594 0.613281 0.429688 0.609375 0.429688 0.605469 0.421875 0.605469 0.417969 0.601562 0.417969 0.589844 0.410156 0.589844 0.402344 0.582031 0.402344 0.578125 0.398438 0.574219 0.398438 0.546875 0.402344 0.542969 0.402344 0.531250 0.406250 0.527344 0.406250 0.519531 0.410156 0.515625 0.421875 0.515625 0.421875 0.511719 0.429688 0.503906 0.445312 0.503906 0.449219 0.507812 0.449219 0.511719 0.453125 0.515625 0.453125 0.519531 0.457031 0.523438 0.457031 0.527344 0.460938 0.531250 0.460938 0.539062 0.464844 0.542969 0.464844 0.546875 0.468750 0.550781 0.468750 0.558594 0.472656 0.562500 0.472656 0.566406 0.476562 0.570312 0.476562 0.582031 0.480469 0.585938 0.480469 0.593750 0.492188 0.605469 0.492188 0.609375 0.496094 0.613281 0.496094 0.617188 0.503906 0.625000 0.503906 0.628906 0.511719 0.636719 0.511719 0.648438 0.531250 0.667969 0.531250 0.671875 0.535156 0.675781 0.535156 0.679688 0.546875 0.691406 0.546875 0.707031 0.570312 0.730469 0.570312 0.738281 0.574219 0.742188 0.574219 0.746094 0.578125 0.750000 0.578125 0.753906 0.585938 0.761719 0.585938 0.769531 0.589844 0.773438 0.597656 0.773438 0.597656 0.769531 0.601562 0.765625 0.613281 0.765625 0.613281 0.757812 0.609375 0.753906 0.609375 0.738281 0.613281 0.734375 0.617188 0.734375 0.621094 0.730469 0.621094 0.726562 0.628906 0.718750 0.628906 0.707031 0.632812 0.703125 0.656250 0.703125 0.660156 0.699219 0.660156 0.691406 0.664062 0.687500 0.664062 0.675781 0.667969 0.671875 0.687500 0.671875 0.691406 0.675781 0.691406 0.679688 0.695312 0.683594 0.714844 0.683594 0.718750 0.687500 0.718750 0.691406 0.722656 0.695312 0.722656 0.734375 0.742188 0.734375 0.742188 0.730469 0.746094 0.726562 0.761719 0.726562 0.765625 0.730469 0.765625 0.734375 0.769531 0.734375 0.777344 0.742188 0.781250 0.742188 0.785156 0.746094 0.785156 0.750000 0.796875 0.750000 0.796875 0.742188 0.792969 0.738281 0.792969 0.730469 0.789062 0.726562 0.789062 0.722656 0.785156 0.718750 0.785156 0.707031 0.781250 0.703125 0.781250 0.699219 0.777344 0.699219 0.773438 0.695312 0.773438 0.687500 0.753906 0.687500 0.750000 0.683594 0.750000 0.667969 0.746094 0.664062 0.746094 0.660156 0.726562 0.660156 0.722656 0.656250 0.722656 0.644531 0.718750 0.640625 0.718750 0.632812 0.714844 0.628906 0.707031 0.628906 0.703125 0.632812 0.667969 0.632812 0.664062 0.628906 0.652344 0.628906 0.648438 0.625000 0.648438 0.605469 0.644531 0.601562 0.644531 0.585938 0.652344 0.578125 0.671875 0.578125 0.671875 0.558594 0.660156 0.546875 0.660156 0.531250 0.664062 0.527344 0.664062 0.515625 0.648438 0.515625 0.644531 0.511719 0.644531 0.507812 0.636719 0.507812 0.636719 0.515625 0.648438 0.515625 0.652344 0.519531 0.652344 0.539062 0.640625 0.550781 0.640625 0.554688 0.636719 0.558594 0.605469 0.558594 0.601562 0.554688 0.593750 0.554688 0.585938 0.546875 0.585938 0.531250 0.589844 0.527344 0.605469 0.527344 0.605469 0.515625 0.601562 0.511719 0.601562 0.488281 0.585938 0.488281 0.582031 0.492188 0.566406 0.492188 0.562500 0.488281 0.562500 0.468750 0.566406 0.464844 0.566406 0.453125 0.562500 0.453125 0.558594 0.449219 0.554688 0.449219 0.546875 0.441406 0.546875 0.421875 0.507812 0.421875 0.503906 0.417969 0.503906 0.410156 0.488281 0.410156 0.484375 0.406250 0.484375 0.402344 0.476562 0.402344 0.472656 0.398438 0.472656 0.378906 0.476562 0.375000 0.480469 0.375000 0.480469 0.371094 0.484375 0.367188 0.507812 0.367188 0.507812 0.359375 0.496094 0.359375 0.496094 0.363281 0.492188 0.367188 0.476562 0.367188 0.472656 0.363281 0.472656 0.343750 0.480469 0.335938 0.480469 0.332031 0.484375 0.328125 0.488281 0.328125 0.492188 0.324219 0.492188 0.316406 0.468750 0.316406 0.460938 0.308594 0.460938 0.292969 0.457031 0.289062 0.457031 0.269531 0.460938 0.265625 0.472656 0.265625 0.472656 0.230469 0.464844 0.222656 0.460938 0.222656 0.453125 0.214844 0.445312 0.214844 0.441406 0.210938 0.441406 0.191406 0.433594 0.191406 0.429688 0.195312 0.414062 0.195312 0.410156 0.191406 0.410156 0.175781 0.417969 0.167969 0.433594 0.167969 0.437500 0.164062 0.441406 0.164062 0.441406 0.152344 0.437500 0.148438 0.433594 0.148438 0.429688 0.144531
2 0.460938 0.054688 0.457031 0.058594 0.445312 0.058594 0.441406 0.062500 0.441406 0.066406 0.437500 0.070312 0.437500 0.074219 0.433594 0.078125 0.425781 0.078125 0.421875 0.082031 0.417969 0.082031 0.417969 0.089844 0.421875 0.093750 0.421875 0.097656 0.445312 0.097656 0.445312 0.082031 0.449219 0.078125 0.464844 0.078125 0.468750 0.074219 0.488281 0.074219 0.492188 0.078125 0.523438 0.078125 0.535156 0.089844 0.539062 0.089844 0.542969 0.093750 0.542969 0.125000 0.539062 0.128906 0.539062 0.136719 0.542969 0.136719 0.546875 0.140625 0.546875 0.152344 0.550781 0.156250 0.558594 0.156250 0.562500 0.152344 0.601562 0.152344 0.609375 0.160156 0.609375 0.164062 0.617188 0.164062 0.621094 0.160156 0.640625 0.160156 0.644531 0.156250 0.648438 0.156250 0.652344 0.152344 0.656250 0.152344 0.656250 0.144531 0.648438 0.136719 0.644531 0.136719 0.640625 0.132812 0.585938 0.132812 0.570312 0.117188 0.570312 0.113281 0.566406 0.109375 0.566406 0.105469 0.562500 0.105469 0.558594 0.101562 0.558594 0.093750 0.554688 0.089844 0.550781 0.089844 0.546875 0.085938 0.546875 0.082031 0.535156 0.070312 0.531250 0.070312 0.527344 0.066406 0.500000 0.066406 0.496094 0.062500 0.484375 0.062500 0.480469 0.058594 0.480469 0.054688
2 0.316406 0.042969 0.312500 0.046875 0.312500 0.050781 0.308594 0.054688 0.308594 0.062500 0.304688 0.066406 0.300781 0.066406 0.292969 0.074219 0.289062 0.074219 0.285156 0.078125 0.269531 0.078125 0.265625 0.082031 0.261719 0.082031 0.257812 0.085938 0.253906 0.085938 0.250000 0.089844 0.250000 0.101562 0.257812 0.101562 0.261719 0.105469 0.261719 0.117188 0.277344 0.117188 0.281250 0.113281 0.281250 0.097656 0.285156 0.093750 0.300781 0.093750 0.304688 0.089844 0.304688 0.085938 0.308594 0.082031 0.332031 0.082031 0.335938 0.078125 0.367188 0.078125 0.367188 0.066406 0.335938 0.066406 0.332031 0.062500 0.332031 0.042969
