2 0.507812 0.808594 0.503906 0.812500 0.500000 0.812500 0.500000 0.824219 0.507812 0.824219 0.511719 0.828125 0.511719 0.832031 0.515625 0.835938 0.519531 0.835938 0.523438 0.839844 0.527344 0.839844 0.531250 0.843750 0.531250 0.847656 0.554688 0.847656 0.554688 0.843750 0.558594 0.839844 0.558594 0.816406 0.550781 0.816406 0.542969 0.824219 0.527344 0.824219 0.519531 0.816406 0.519531 0.808594
2 0.324219 0.796875 0.324219 0.804688 0.328125 0.808594 0.332031 0.808594 0.335938 0.812500 0.339844 0.812500 0.343750 0.816406 0.367188 0.816406 0.371094 0.812500 0.382812 0.812500 0.382812 0.804688 0.375000 0.796875
2 0.406250 0.765625 0.406250 0.769531 0.402344 0.773438 0.402344 0.800781 0.417969 0.800781 0.417969 0.781250 0.421875 0.777344 0.421875 0.765625
2 0.636719 0.691406 0.636719 0.699219 0.644531 0.699219 0.644531 0.691406
2 0.656250 0.625000 0.656250 0.636719 0.660156 0.640625 0.660156 0.644531 0.667969 0.644531 0.667969 0.628906 0.664062 0.625000
2 0.320312 0.550781 0.320312 0.554688 0.316406 0.558594 0.300781 0.558594 0.300781 0.566406 0.312500 0.578125 0.312500 0.593750 0.320312 0.593750 0.324219 0.597656 0.347656 0.597656 0.351562 0.593750 0.375000 0.593750 0.378906 0.597656 0.382812 0.597656 0.386719 0.601562 0.386719 0.613281 0.390625 0.613281 0.394531 0.617188 0.394531 0.640625 0.410156 0.640625 0.414062 0.644531 0.414062 0.660156 0.410156 0.664062 0.410156 0.675781 0.417969 0.675781 0.421875 0.671875 0.421875 0.667969 0.425781 0.664062 0.445312 0.664062 0.449219 0.660156 0.464844 0.660156 0.464844 0.644531 0.460938 0.640625 0.460938 0.621094 0.468750 0.613281 0.472656 0.613281 0.472656 0.609375 0.476562 0.605469 0.488281 0.605469 0.488281 0.597656 0.484375 0.593750 0.484375 0.585938 0.457031 0.585938 0.453125 0.582031 0.437500 0.582031 0.433594 0.578125 0.433594 0.574219 0.425781 0.566406 0.425781 0.562500 0.417969 0.562500 0.414062 0.566406 0.410156 0.566406 0.406250 0.570312 0.398438 0.570312 0.394531 0.574219 0.378906 0.574219 0.375000 0.570312 0.375000 0.566406 0.371094 0.562500 0.371094 0.554688 0.367188 0.550781 0.359375 0.550781 0.355469 0.554688 0.332031 0.554688 0.328125 0.550781
2 0.460938 0.542969 0.457031 0.546875 0.457031 0.554688 0.472656 0.554688 0.472656 0.542969
2 0.546875 0.515625 0.546875 0.523438 0.554688 0.523438 0.554688 0.515625
2 0.367188 0.437500 0.367188 0.441406 0.363281 0.445312 0.359375 0.445312 0.359375 0.460938 0.355469 0.464844 0.351562 0.464844 0.351562 0.476562 0.363281 0.476562 0.363281 0.472656 0.367188 0.468750 0.375000 0.468750 0.378906 0.464844 0.382812 0.464844 0.382812 0.441406 0.378906 0.437500
2 0.753906 0.410156 0.750000 0.414062 0.750000 0.425781 0.753906 0.429688 0.769531 0.429688 0.769531 0.414062 0.765625 0.410156
2 0.304688 0.359375 0.300781 0.363281 0.296875 0.363281 0.296875 0.371094 0.292969 0.375000 0.292969 0.386719 0.289062 0.390625 0.289062 0.394531 0.281250 0.402344 0.281250 0.414062 0.289062 0.421875 0.300781 0.421875 0.304688 0.417969 0.312500 0.417969 0.312500 0.375000 0.316406 0.371094 0.320312 0.371094 0.320312 0.359375
2 0.644531 0.171875 0.636719 0.179688 0.632812 0.179688 0.628906 0.183594 0.625000 0.183594 0.625000 0.187500 0.621094 0.191406 0.617188 0.191406 0.613281 0.195312 0.605469 0.195312 0.601562 0.199219 0.582031 0.199219 0.582031 0.203125 0.578125 0.207031 0.570312 0.207031 0.562500 0.214844 0.558594 0.214844 0.558594 0.222656 0.550781 0.230469 0.542969 0.230469 0.542969 0.242188 0.550781 0.242188 0.554688 0.246094 0.558594 0.246094 0.562500 0.250000 0.562500 0.277344 0.550781 0.289062 0.542969 0.289062 0.542969 0.296875 0.539062 0.300781 0.519531 0.300781 0.515625 0.296875 0.503906 0.296875 0.500000 0.292969 0.500000 0.281250 0.492188 0.281250 0.492188 0.285156 0.488281 0.289062 0.480469 0.289062 0.476562 0.292969 0.468750 0.292969 0.468750 0.308594 0.464844 0.312500 0.457031 0.312500 0.453125 0.316406 0.433594 0.316406 0.433594 0.343750 0.429688 0.347656 0.406250 0.347656 0.402344 0.351562 0.394531 0.351562 0.390625 0.355469 0.390625 0.378906 0.386719 0.382812 0.382812 0.382812 0.382812 0.390625 0.378906 0.394531 0.363281 0.394531 0.363281 0.402344 0.378906 0.402344 0.378906 0.394531 0.382812 0.390625 0.410156 0.390625 0.414062 0.394531 0.414062 0.398438 0.421875 0.398438 0.425781 0.394531 0.425781 0.382812 0.429688 0.378906 0.433594 0.378906 0.433594 0.371094 0.437500 0.367188 0.457031 0.367188 0.464844 0.359375 0.468750 0.359375 0.472656 0.355469 0.496094 0.355469 0.500000 0.359375 0.500000 0.363281 0.507812 0.363281 0.507812 0.347656 0.511719 0.343750 0.527344 0.343750 0.535156 0.351562 0.535156 0.367188 0.531250 0.371094 0.531250 0.382812 0.539062 0.382812 0.539062 0.355469 0.546875 0.347656 0.566406 0.347656 0.570312 0.351562 0.570312 0.363281 0.585938 0.363281 0.589844 0.367188 0.589844 0.398438 0.585938 0.402344 0.585938 0.429688 0.574219 0.441406 0.566406 0.441406 0.566406 0.445312 0.562500 0.449219 0.562500 0.453125 0.554688 0.460938 0.546875 0.460938 0.546875 0.468750 0.542969 0.472656 0.539062 0.472656 0.539062 0.484375 0.546875 0.492188 0.562500 0.492188 0.566406 0.496094 0.585938 0.496094 0.589844 0.500000 0.589844 0.523438 0.585938 0.527344 0.582031 0.527344 0.582031 0.546875 0.578125 0.550781 0.550781 0.550781 0.550781 0.558594 0.574219 0.558594 0.578125 0.562500 0.578125 0.582031 0.574219 0.585938 0.566406 0.585938 0.566406 0.621094 0.562500 0.625000 0.554688 0.625000 0.554688 0.628906 0.550781 0.632812 0.546875 0.632812 0.542969 0.636719 0.542969 0.660156 0.539062 0.664062 0.531250 0.664062 0.531250 0.679688 0.527344 0.683594 0.515625 0.683594 0.515625 0.699219 0.511719 0.703125 0.496094 0.703125 0.492188 0.707031 0.492188 0.714844 0.507812 0.714844 0.511719 0.718750 0.511719 0.734375 0.507812 0.738281 0.507812 0.750000 0.503906 0.753906 0.480469 0.753906 0.476562 0.750000 0.468750 0.750000 0.468750 0.781250 0.496094 0.781250 0.500000 0.777344 0.500000 0.765625 0.503906 0.761719 0.527344 0.761719 0.531250 0.757812 0.531250 0.750000 0.535156 0.746094 0.535156 0.734375 0.531250 0.730469 0.531250 0.679688 0.535156 0.675781 0.554688 0.675781 0.558594 0.679688 0.558594 0.687500 0.562500 0.687500 0.566406 0.691406 0.585938 0.691406 0.589844 0.695312 0.589844 0.699219 0.601562 0.699219 0.605469 0.695312 0.609375 0.695312 0.613281 0.691406 0.613281 0.687500 0.617188 0.683594 0.621094 0.683594 0.621094 0.667969 0.601562 0.667969 0.597656 0.664062 0.597656 0.625000 0.601562 0.621094 0.601562 0.613281 0.609375 0.605469 0.617188 0.605469 0.617188 0.582031 0.621094 0.578125 0.632812 0.578125 0.632812 0.570312 0.636719 0.566406 0.675781 0.566406 0.679688 0.570312 0.679688 0.578125 0.687500 0.585938 0.699219 0.585938 0.699219 0.570312 0.703125 0.566406 0.746094 0.566406 0.750000 0.570312 0.750000 0.593750 0.746094 0.597656 0.738281 0.597656 0.738281 0.605469 0.781250 0.605469 0.785156 0.601562 0.785156 0.597656 0.789062 0.593750 0.789062 0.589844 0.792969 0.585938 0.796875 0.585938 0.796875 0.582031 0.800781 0.578125 0.812500 0.578125 0.816406 0.574219 0.847656 0.574219 0.851562 0.570312 0.859375 0.570312 0.867188 0.562500 0.871094 0.562500 0.871094 0.546875 0.863281 0.546875 0.859375 0.550781 0.855469 0.550781 0.851562 0.554688 0.843750 0.554688 0.839844 0.558594 0.832031 0.558594 0.828125 0.562500 0.824219 0.562500 0.820312 0.566406 0.812500 0.566406 0.808594 0.570312 0.789062 0.570312 0.785156 0.566406 0.785156 0.539062 0.777344 0.539062 0.773438 0.535156 0.773438 0.515625 0.781250 0.507812 0.804688 0.507812 0.804688 0.500000 0.792969 0.500000 0.789062 0.496094 0.789062 0.480469 0.792969 0.476562 0.796875 0.476562 0.796875 0.464844 0.789062 0.464844 0.785156 0.460938 0.765625 0.460938 0.765625 0.476562 0.761719 0.480469 0.746094 0.480469 0.742188 0.476562 0.730469 0.476562 0.726562 0.472656 0.726562 0.445312 0.695312 0.445312 0.691406 0.441406 0.691406 0.425781 0.699219 0.417969 0.699219 0.382812 0.703125 0.378906 0.703125 0.367188 0.707031 0.363281 0.714844 0.363281 0.714844 0.359375 0.718750 0.355469 0.726562 0.355469 0.726562 0.351562 0.730469 0.347656 0.734375 0.347656 0.734375 0.324219 0.703125 0.324219 0.703125 0.343750 0.695312 0.351562 0.691406 0.351562 0.691406 0.359375 0.687500 0.363281 0.664062 0.363281 0.660156 0.359375 0.660156 0.343750 0.656250 0.339844 0.656250 0.335938 0.652344 0.335938 0.648438 0.332031 0.648438 0.269531 0.660156 0.257812 0.660156 0.250000 0.664062 0.246094 0.691406 0.246094 0.695312 0.242188 0.699219 0.242188 0.707031 0.234375 0.718750 0.234375 0.718750 0.218750 0.710938 0.210938 0.710938 0.207031 0.707031 0.203125 0.687500 0.203125 0.675781 0.191406 0.675781 0.179688 0.667969 0.179688 0.664062 0.175781 0.656250 0.175781 0.652344 0.171875
2 0.464844 0.132812 0.464844 0.148438 0.453125 0.160156 0.441406 0.160156 0.437500 0.164062 0.433594 0.164062 0.429688 0.167969 0.417969 0.167969 0.417969 0.171875 0.414062 0.175781 0.406250 0.175781 0.406250 0.179688 0.402344 0.183594 0.394531 0.183594 0.390625 0.187500 0.386719 0.187500 0.386719 0.191406 0.382812 0.195312 0.382812 0.203125 0.390625 0.203125 0.398438 0.195312 0.421875 0.195312 0.425781 0.191406 0.445312 0.191406 0.449219 0.195312 0.460938 0.195312 0.464844 0.199219 0.464844 0.203125 0.468750 0.207031 0.488281 0.207031 0.492188 0.203125 0.492188 0.195312 0.496094 0.191406 0.519531 0.191406 0.523438 0.195312 0.523438 0.214844 0.531250 0.214844 0.531250 0.207031 0.527344 0.207031 0.523438 0.203125 0.523438 0.183594 0.527344 0.179688 0.531250 0.179688 0.531250 0.167969 0.527344 0.164062 0.527344 0.152344 0.523438 0.148438 0.507812 0.148438 0.503906 0.144531 0.503906 0.136719 0.500000 0.136719 0.496094 0.132812
