2 0.246094 0.914062 0.242188 0.917969 0.230469 0.917969 0.230469 0.929688 0.234375 0.929688 0.238281 0.933594 0.242188 0.933594 0.246094 0.937500 0.257812 0.937500 0.261719 0.933594 0.261719 0.917969 0.257812 0.917969 0.253906 0.914062
2 0.457031 0.902344 0.453125 0.906250 0.445312 0.906250 0.445312 0.914062 0.441406 0.917969 0.359375 0.917969 0.351562 0.925781 0.351562 0.929688 0.347656 0.933594 0.347656 0.941406 0.367188 0.941406 0.371094 0.937500 0.390625 0.937500 0.390625 0.933594 0.394531 0.929688 0.421875 0.929688 0.425781 0.933594 0.437500 0.933594 0.441406 0.929688 0.445312 0.929688 0.449219 0.925781 0.453125 0.925781 0.457031 0.921875 0.460938 0.921875 0.468750 0.914062 0.468750 0.906250 0.464844 0.902344
2 0.195312 0.847656 0.191406 0.851562 0.187500 0.851562 0.183594 0.855469 0.179688 0.855469 0.179688 0.863281 0.195312 0.878906 0.199219 0.878906 0.203125 0.882812 0.210938 0.882812 0.210938 0.867188 0.207031 0.863281 0.207031 0.855469 0.203125 0.851562 0.203125 0.847656
2 0.312500 0.796875 0.304688 0.804688 0.285156 0.804688 0.285156 0.808594 0.281250 0.812500 0.277344 0.812500 0.277344 0.820312 0.281250 0.820312 0.285156 0.824219 0.285156 0.832031 0.289062 0.835938 0.328125 0.835938 0.332031 0.832031 0.332031 0.816406 0.335938 0.812500 0.335938 0.800781 0.332031 0.796875
2 0.792969 0.750000 0.789062 0.753906 0.785156 0.753906 0.785156 0.765625 0.796875 0.765625 0.800781 0.769531 0.800781 0.789062 0.804688 0.789062 0.808594 0.792969 0.816406 0.792969 0.820312 0.789062 0.820312 0.773438 0.824219 0.769531 0.843750 0.769531 0.847656 0.765625 0.851562 0.765625 0.851562 0.750000
2 0.464844 0.722656 0.460938 0.726562 0.460938 0.738281 0.468750 0.738281 0.472656 0.742188 0.480469 0.742188 0.480469 0.734375 0.472656 0.726562 0.472656 0.722656
2 0.324219 0.703125 0.324219 0.707031 0.320312 0.710938 0.320312 0.734375 0.316406 0.738281 0.316406 0.750000 0.320312 0.750000 0.324219 0.753906 0.347656 0.753906 0.355469 0.761719 0.355469 0.789062 0.363281 0.796875 0.363281 0.820312 0.371094 0.820312 0.375000 0.824219 0.375000 0.832031 0.378906 0.832031 0.382812 0.835938 0.382812 0.847656 0.394531 0.847656 0.394531 0.839844 0.398438 0.835938 0.410156 0.835938 0.414062 0.832031 0.414062 0.824219 0.410156 0.824219 0.402344 0.816406 0.402344 0.800781 0.390625 0.800781 0.386719 0.796875 0.386719 0.785156 0.382812 0.785156 0.378906 0.781250 0.378906 0.769531 0.371094 0.761719 0.371094 0.753906 0.359375 0.742188 0.359375 0.730469 0.355469 0.730469 0.351562 0.726562 0.343750 0.726562 0.339844 0.722656 0.339844 0.718750 0.335938 0.714844 0.335938 0.707031 0.332031 0.703125
2 0.937500 0.699219 0.933594 0.703125 0.933594 0.707031 0.929688 0.710938 0.929688 0.718750 0.933594 0.722656 0.933594 0.726562 0.941406 0.734375 0.960938 0.734375 0.960938 0.718750 0.957031 0.714844 0.957031 0.710938 0.949219 0.710938 0.945312 0.707031 0.945312 0.699219
2 0.843750 0.640625 0.839844 0.644531 0.839844 0.652344 0.843750 0.652344 0.851562 0.660156 0.851562 0.675781 0.863281 0.675781 0.882812 0.656250 0.882812 0.644531 0.859375 0.644531 0.855469 0.640625
2 0.937500 0.628906 0.925781 0.640625 0.917969 0.640625 0.917969 0.644531 0.914062 0.648438 0.914062 0.656250 0.917969 0.660156 0.925781 0.660156 0.929688 0.656250 0.941406 0.656250 0.941406 0.648438 0.945312 0.644531 0.945312 0.628906
2 0.367188 0.593750 0.367188 0.601562 0.371094 0.601562 0.375000 0.605469 0.375000 0.613281 0.378906 0.617188 0.378906 0.625000 0.386719 0.625000 0.386719 0.605469 0.378906 0.605469 0.375000 0.601562 0.375000 0.593750
2 0.429688 0.578125 0.421875 0.585938 0.417969 0.585938 0.417969 0.593750 0.421875 0.597656 0.441406 0.597656 0.445312 0.601562 0.445312 0.605469 0.449219 0.609375 0.449219 0.625000 0.460938 0.625000 0.464844 0.628906 0.472656 0.628906 0.472656 0.625000 0.476562 0.621094 0.488281 0.621094 0.488281 0.605469 0.492188 0.601562 0.496094 0.601562 0.496094 0.593750 0.492188 0.589844 0.488281 0.589844 0.484375 0.585938 0.476562 0.585938 0.476562 0.589844 0.472656 0.593750 0.457031 0.593750 0.453125 0.589844 0.449219 0.589844 0.445312 0.585938 0.441406 0.585938 0.437500 0.582031 0.437500 0.578125
2 0.417969 0.507812 0.417969 0.515625 0.425781 0.515625 0.429688 0.519531 0.437500 0.519531 0.437500 0.507812
2 0.441406 0.488281 0.441406 0.496094 0.453125 0.496094 0.453125 0.488281
2 0.703125 0.457031 0.703125 0.464844 0.710938 0.464844 0.710938 0.457031
2 0.136719 0.414062 0.132812 0.417969 0.132812 0.429688 0.125000 0.437500 0.125000 0.468750 0.132812 0.476562 0.132812 0.480469 0.136719 0.484375 0.136719 0.507812 0.132812 0.511719 0.132812 0.515625 0.125000 0.523438 0.121094 0.523438 0.121094 0.527344 0.117188 0.531250 0.117188 0.546875 0.113281 0.550781 0.113281 0.558594 0.109375 0.562500 0.109375 0.570312 0.128906 0.570312 0.132812 0.566406 0.136719 0.566406 0.140625 0.562500 0.140625 0.546875 0.148438 0.539062 0.152344 0.539062 0.152344 0.531250 0.148438 0.527344 0.148438 0.500000 0.152344 0.496094 0.152344 0.441406 0.148438 0.437500 0.148438 0.429688 0.144531 0.425781 0.144531 0.414062
2 0.765625 0.410156 0.765625 0.414062 0.757812 0.421875 0.730469 0.421875 0.730469 0.429688 0.734375 0.429688 0.738281 0.433594 0.738281 0.441406 0.746094 0.441406 0.750000 0.445312 0.750000 0.476562 0.757812 0.476562 0.761719 0.472656 0.765625 0.472656 0.765625 0.453125 0.769531 0.449219 0.769531 0.429688 0.777344 0.421875 0.792969 0.421875 0.792969 0.410156
2 0.753906 0.375000 0.753906 0.382812 0.761719 0.382812 0.761719 0.375000
2 0.218750 0.371094 0.218750 0.378906 0.226562 0.378906 0.226562 0.371094
2 0.296875 0.320312 0.296875 0.324219 0.292969 0.328125 0.289062 0.328125 0.285156 0.332031 0.269531 0.332031 0.265625 0.335938 0.257812 0.335938 0.253906 0.339844 0.250000 0.339844 0.246094 0.343750 0.246094 0.347656 0.242188 0.351562 0.242188 0.359375 0.246094 0.359375 0.253906 0.367188 0.253906 0.375000 0.265625 0.375000 0.273438 0.367188 0.285156 0.367188 0.285156 0.363281 0.292969 0.355469 0.296875 0.355469 0.300781 0.351562 0.335938 0.351562 0.335938 0.343750 0.332031 0.339844 0.332031 0.335938 0.328125 0.335938 0.324219 0.332031 0.324219 0.320312
2 0.640625 0.308594 0.632812 0.316406 0.632812 0.332031 0.628906 0.335938 0.625000 0.335938 0.625000 0.343750 0.621094 0.347656 0.621094 0.351562 0.617188 0.355469 0.613281 0.355469 0.609375 0.359375 0.601562 0.359375 0.597656 0.363281 0.589844 0.363281 0.589844 0.375000 0.585938 0.378906 0.585938 0.382812 0.578125 0.390625 0.578125 0.398438 0.574219 0.402344 0.558594 0.402344 0.554688 0.398438 0.554688 0.394531 0.539062 0.394531 0.535156 0.390625 0.535156 0.371094 0.539062 0.367188 0.539062 0.335938 0.535156 0.335938 0.531250 0.332031 0.523438 0.332031 0.523438 0.335938 0.519531 0.339844 0.519531 0.347656 0.515625 0.351562 0.503906 0.351562 0.503906 0.355469 0.500000 0.359375 0.500000 0.367188 0.503906 0.371094 0.507812 0.371094 0.511719 0.375000 0.511719 0.390625 0.507812 0.394531 0.488281 0.394531 0.484375 0.398438 0.476562 0.398438 0.472656 0.402344 0.472656 0.406250 0.468750 0.410156 0.457031 0.410156 0.457031 0.421875 0.480469 0.421875 0.484375 0.425781 0.484375 0.433594 0.492188 0.433594 0.496094 0.437500 0.496094 0.453125 0.492188 0.457031 0.492188 0.460938 0.484375 0.468750 0.484375 0.476562 0.480469 0.480469 0.480469 0.492188 0.488281 0.492188 0.492188 0.496094 0.492188 0.515625 0.488281 0.519531 0.464844 0.519531 0.464844 0.531250 0.468750 0.535156 0.472656 0.535156 0.476562 0.539062 0.484375 0.539062 0.484375 0.531250 0.488281 0.527344 0.500000 0.527344 0.500000 0.515625 0.503906 0.511719 0.507812 0.511719 0.507812 0.496094 0.511719 0.492188 0.542969 0.492188 0.546875 0.496094 0.546875 0.500000 0.562500 0.500000 0.566406 0.503906 0.566406 0.523438 0.562500 0.527344 0.550781 0.527344 0.546875 0.531250 0.531250 0.531250 0.527344 0.535156 0.527344 0.542969 0.542969 0.542969 0.546875 0.546875 0.546875 0.570312 0.542969 0.574219 0.535156 0.574219 0.531250 0.578125 0.527344 0.578125 0.527344 0.582031 0.523438 0.585938 0.523438 0.601562 0.519531 0.605469 0.519531 0.609375 0.515625 0.613281 0.511719 0.613281 0.511719 0.621094 0.507812 0.625000 0.500000 0.625000 0.500000 0.640625 0.496094 0.644531 0.496094 0.648438 0.492188 0.652344 0.492188 0.671875 0.488281 0.675781 0.457031 0.675781 0.453125 0.671875 0.453125 0.667969 0.445312 0.667969 0.441406 0.664062 0.429688 0.664062 0.425781 0.660156 0.421875 0.660156 0.417969 0.656250 0.410156 0.656250 0.410156 0.671875 0.414062 0.671875 0.417969 0.675781 0.417969 0.687500 0.421875 0.691406 0.425781 0.691406 0.429688 0.695312 0.429688 0.703125 0.437500 0.703125 0.437500 0.679688 0.441406 0.675781 0.464844 0.675781 0.468750 0.679688 0.468750 0.683594 0.492188 0.683594 0.496094 0.687500 0.496094 0.710938 0.519531 0.710938 0.527344 0.718750 0.539062 0.718750 0.542969 0.722656 0.542969 0.742188 0.539062 0.746094 0.511719 0.746094 0.507812 0.750000 0.507812 0.753906 0.503906 0.757812 0.500000 0.757812 0.500000 0.777344 0.503906 0.781250 0.503906 0.800781 0.500000 0.804688 0.500000 0.812500 0.496094 0.816406 0.472656 0.816406 0.472656 0.820312 0.468750 0.824219 0.468750 0.835938 0.488281 0.835938 0.492188 0.839844 0.492188 0.863281 0.488281 0.867188 0.472656 0.867188 0.468750 0.863281 0.468750 0.859375 0.464844 0.855469 0.464844 0.851562 0.453125 0.851562 0.449219 0.855469 0.449219 0.859375 0.445312 0.863281 0.441406 0.863281 0.437500 0.867188 0.417969 0.867188 0.410156 0.859375 0.402344 0.859375 0.402344 0.867188 0.410156 0.875000 0.410156 0.878906 0.421875 0.878906 0.425781 0.875000 0.464844 0.875000 0.468750 0.878906 0.500000 0.878906 0.507812 0.886719 0.511719 0.886719 0.515625 0.890625 0.531250 0.890625 0.535156 0.894531 0.535156 0.898438 0.546875 0.898438 0.550781 0.902344 0.570312 0.902344 0.570312 0.886719 0.558594 0.886719 0.550781 0.878906 0.519531 0.878906 0.515625 0.875000 0.515625 0.871094 0.511719 0.867188 0.511719 0.847656 0.515625 0.843750 0.531250 0.843750 0.535156 0.847656 0.539062 0.847656 0.542969 0.851562 0.554688 0.851562 0.558594 0.855469 0.570312 0.855469 0.574219 0.851562 0.574219 0.847656 0.578125 0.843750 0.585938 0.843750 0.589844 0.839844 0.589844 0.824219 0.585938 0.824219 0.578125 0.816406 0.578125 0.796875 0.585938 0.789062 0.589844 0.789062 0.589844 0.785156 0.601562 0.773438 0.605469 0.773438 0.609375 0.769531 0.609375 0.761719 0.613281 0.757812 0.621094 0.757812 0.621094 0.753906 0.625000 0.750000 0.625000 0.742188 0.628906 0.738281 0.628906 0.734375 0.636719 0.726562 0.644531 0.726562 0.644531 0.718750 0.636719 0.718750 0.632812 0.722656 0.617188 0.722656 0.613281 0.718750 0.613281 0.699219 0.609375 0.695312 0.609375 0.671875 0.613281 0.667969 0.628906 0.667969 0.632812 0.671875 0.652344 0.671875 0.652344 0.667969 0.656250 0.664062 0.667969 0.664062 0.667969 0.636719 0.675781 0.628906 0.687500 0.628906 0.695312 0.621094 0.703125 0.621094 0.703125 0.613281 0.695312 0.613281 0.691406 0.609375 0.691406 0.582031 0.695312 0.578125 0.695312 0.574219 0.699219 0.570312 0.699219 0.558594 0.707031 0.550781 0.714844 0.550781 0.714844 0.535156 0.703125 0.535156 0.699219 0.539062 0.679688 0.539062 0.675781 0.535156 0.671875 0.535156 0.667969 0.531250 0.656250 0.531250 0.656250 0.542969 0.652344 0.546875 0.648438 0.546875 0.648438 0.554688 0.644531 0.558594 0.625000 0.558594 0.621094 0.554688 0.621094 0.531250 0.625000 0.527344 0.628906 0.527344 0.628906 0.523438 0.636719 0.515625 0.640625 0.515625 0.640625 0.511719 0.644531 0.507812 0.652344 0.507812 0.656250 0.503906 0.656250 0.492188 0.664062 0.484375 0.671875 0.484375 0.671875 0.445312 0.664062 0.445312 0.664062 0.460938 0.656250 0.468750 0.656250 0.472656 0.652344 0.476562 0.652344 0.484375 0.648438 0.488281 0.648438 0.492188 0.644531 0.496094 0.609375 0.496094 0.605469 0.492188 0.605469 0.484375 0.597656 0.476562 0.597656 0.449219 0.601562 0.445312 0.601562 0.437500 0.605469 0.433594 0.605469 0.425781 0.609375 0.421875 0.617188 0.421875 0.621094 0.417969 0.621094 0.402344 0.625000 0.398438 0.648438 0.398438 0.648438 0.382812 0.652344 0.378906 0.656250 0.378906 0.660156 0.375000 0.660156 0.371094 0.675781 0.355469 0.675781 0.328125 0.671875 0.324219 0.656250 0.324219 0.652344 0.320312 0.652344 0.312500 0.648438 0.308594
2 0.363281 0.246094 0.363281 0.253906 0.371094 0.261719 0.371094 0.273438 0.375000 0.273438 0.378906 0.277344 0.378906 0.285156 0.382812 0.285156 0.386719 0.289062 0.394531 0.289062 0.398438 0.285156 0.398438 0.281250 0.402344 0.277344 0.402344 0.273438 0.406250 0.269531 0.406250 0.261719 0.386719 0.261719 0.382812 0.257812 0.382812 0.246094
2 0.574219 0.062500 0.574219 0.070312 0.566406 0.078125 0.519531 0.078125 0.519531 0.085938 0.515625 0.089844 0.515625 0.097656 0.523438 0.105469 0.523438 0.113281 0.527344 0.117188 0.527344 0.125000 0.535156 0.132812 0.535156 0.136719 0.539062 0.136719 0.542969 0.140625 0.542969 0.144531 0.546875 0.144531 0.554688 0.152344 0.566406 0.152344 0.570312 0.156250 0.570312 0.175781 0.566406 0.179688 0.562500 0.179688 0.558594 0.183594 0.558594 0.199219 0.550781 0.207031 0.550781 0.210938 0.546875 0.214844 0.546875 0.222656 0.539062 0.230469 0.539062 0.238281 0.542969 0.242188 0.554688 0.242188 0.554688 0.234375 0.558594 0.230469 0.589844 0.230469 0.589844 0.214844 0.585938 0.210938 0.582031 0.210938 0.578125 0.207031 0.578125 0.171875 0.582031 0.167969 0.597656 0.167969 0.605469 0.160156 0.609375 0.160156 0.609375 0.144531 0.605469 0.140625 0.593750 0.140625 0.589844 0.136719 0.554688 0.136719 0.550781 0.132812 0.550781 0.125000 0.546875 0.121094 0.546875 0.105469 0.550781 0.101562 0.554688 0.101562 0.558594 0.097656 0.558594 0.085938 0.562500 0.082031 0.585938 0.082031 0.589844 0.078125 0.589844 0.070312 0.585938 0.066406 0.585938 0.062500
