2 0.554688 0.882812 0.554688 0.890625 0.550781 0.894531 0.523438 0.894531 0.523438 0.902344 0.519531 0.906250 0.519531 0.917969 0.523438 0.921875 0.527344 0.921875 0.531250 0.925781 0.531250 0.929688 0.535156 0.929688 0.539062 0.933594 0.539062 0.953125 0.542969 0.957031 0.542969 0.972656 0.539062 0.976562 0.519531 0.976562 0.507812 0.964844 0.480469 0.964844 0.476562 0.960938 0.468750 0.960938 0.468750 0.968750 0.492188 0.968750 0.496094 0.972656 0.496094 0.976562 0.500000 0.980469 0.500000 0.996094 0.515625 0.996094 0.515625 0.988281 0.519531 0.984375 0.558594 0.984375 0.558594 0.976562 0.562500 0.972656 0.562500 0.953125 0.566406 0.949219 0.582031 0.949219 0.589844 0.957031 0.589844 0.980469 0.593750 0.980469 0.597656 0.984375 0.597656 0.996094 0.609375 0.996094 0.609375 0.980469 0.613281 0.976562 0.621094 0.976562 0.625000 0.972656 0.628906 0.972656 0.628906 0.953125 0.632812 0.949219 0.632812 0.929688 0.636719 0.925781 0.640625 0.925781 0.640625 0.921875 0.644531 0.917969 0.652344 0.917969 0.652344 0.914062 0.656250 0.910156 0.656250 0.902344 0.628906 0.902344 0.625000 0.898438 0.597656 0.898438 0.597656 0.910156 0.593750 0.914062 0.578125 0.914062 0.574219 0.910156 0.574219 0.898438 0.566406 0.890625 0.566406 0.886719 0.562500 0.882812
2 0.300781 0.878906 0.300781 0.886719 0.296875 0.890625 0.285156 0.890625 0.285156 0.898438 0.296875 0.898438 0.300781 0.902344 0.300781 0.906250 0.308594 0.906250 0.312500 0.910156 0.312500 0.914062 0.316406 0.917969 0.316406 0.921875 0.320312 0.925781 0.324219 0.925781 0.328125 0.929688 0.335938 0.929688 0.339844 0.933594 0.339844 0.937500 0.351562 0.937500 0.355469 0.933594 0.363281 0.933594 0.363281 0.921875 0.359375 0.917969 0.359375 0.906250 0.351562 0.906250 0.347656 0.902344 0.343750 0.902344 0.339844 0.898438 0.328125 0.898438 0.324219 0.894531 0.320312 0.894531 0.316406 0.890625 0.316406 0.882812 0.312500 0.878906
2 0.308594 0.839844 0.308594 0.847656 0.316406 0.847656 0.316406 0.839844
2 0.269531 0.765625 0.269531 0.773438 0.265625 0.777344 0.265625 0.789062 0.269531 0.792969 0.277344 0.792969 0.277344 0.789062 0.281250 0.785156 0.281250 0.765625
2 0.246094 0.695312 0.246094 0.703125 0.257812 0.703125 0.265625 0.710938 0.265625 0.730469 0.281250 0.730469 0.285156 0.734375 0.285156 0.757812 0.304688 0.757812 0.308594 0.761719 0.308594 0.765625 0.312500 0.769531 0.324219 0.769531 0.324219 0.765625 0.328125 0.761719 0.328125 0.757812 0.332031 0.753906 0.339844 0.753906 0.343750 0.750000 0.359375 0.750000 0.363281 0.753906 0.363281 0.757812 0.371094 0.757812 0.371094 0.746094 0.367188 0.746094 0.363281 0.742188 0.363281 0.738281 0.359375 0.738281 0.355469 0.734375 0.355469 0.726562 0.339844 0.726562 0.335938 0.722656 0.332031 0.722656 0.328125 0.718750 0.324219 0.718750 0.320312 0.714844 0.320312 0.699219 0.312500 0.699219 0.304688 0.707031 0.289062 0.707031 0.285156 0.703125 0.281250 0.703125 0.277344 0.699219 0.273438 0.699219 0.269531 0.695312
2 0.378906 0.664062 0.378906 0.671875 0.386719 0.671875 0.386719 0.664062
2 0.902344 0.578125 0.902344 0.585938 0.898438 0.589844 0.886719 0.589844 0.886719 0.597656 0.898438 0.597656 0.898438 0.593750 0.902344 0.589844 0.917969 0.589844 0.917969 0.582031 0.914062 0.578125
2 0.867188 0.566406 0.867188 0.578125 0.875000 0.578125 0.875000 0.566406
2 0.878906 0.535156 0.878906 0.546875 0.886719 0.546875 0.886719 0.535156
2 0.867188 0.445312 0.867188 0.468750 0.875000 0.476562 0.875000 0.480469 0.878906 0.484375 0.878906 0.488281 0.894531 0.503906 0.898438 0.503906 0.902344 0.507812 0.910156 0.507812 0.910156 0.496094 0.902344 0.488281 0.902344 0.484375 0.898438 0.484375 0.894531 0.480469 0.890625 0.480469 0.886719 0.476562 0.886719 0.468750 0.882812 0.464844 0.882812 0.457031 0.878906 0.453125 0.878906 0.449219 0.875000 0.445312
2 0.855469 0.429688 0.855469 0.437500 0.863281 0.437500 0.863281 0.429688
2 0.175781 0.316406 0.175781 0.347656 0.179688 0.347656 0.183594 0.351562 0.183594 0.355469 0.191406 0.363281 0.191406 0.378906 0.222656 0.378906 0.226562 0.375000 0.226562 0.363281 0.214844 0.363281 0.210938 0.359375 0.210938 0.335938 0.207031 0.335938 0.195312 0.324219 0.195312 0.316406
2 0.148438 0.285156 0.148438 0.296875 0.152344 0.300781 0.156250 0.300781 0.160156 0.304688 0.167969 0.304688 0.167969 0.292969 0.160156 0.285156
2 0.347656 0.257812 0.343750 0.261719 0.343750 0.269531 0.355469 0.269531 0.355469 0.257812
2 0.296875 0.257812 0.296875 0.277344 0.300781 0.281250 0.300781 0.296875 0.296875 0.300781 0.281250 0.300781 0.281250 0.312500 0.285156 0.312500 0.289062 0.316406 0.289062 0.328125 0.292969 0.332031 0.300781 0.332031 0.300781 0.304688 0.304688 0.300781 0.308594 0.300781 0.312500 0.296875 0.312500 0.273438 0.316406 0.269531 0.316406 0.257812
2 0.554688 0.207031 0.554688 0.214844 0.562500 0.214844 0.562500 0.207031
2 0.449219 0.148438 0.449219 0.156250 0.445312 0.160156 0.445312 0.167969 0.449219 0.171875 0.449219 0.187500 0.441406 0.195312 0.441406 0.238281 0.437500 0.242188 0.429688 0.242188 0.425781 0.246094 0.421875 0.246094 0.421875 0.300781 0.414062 0.308594 0.398438 0.308594 0.398438 0.316406 0.402344 0.320312 0.425781 0.320312 0.429688 0.324219 0.429688 0.351562 0.425781 0.355469 0.417969 0.355469 0.417969 0.359375 0.414062 0.363281 0.414062 0.371094 0.410156 0.375000 0.394531 0.375000 0.390625 0.371094 0.382812 0.371094 0.378906 0.367188 0.367188 0.367188 0.363281 0.363281 0.347656 0.363281 0.343750 0.367188 0.339844 0.367188 0.332031 0.375000 0.328125 0.375000 0.324219 0.378906 0.320312 0.378906 0.316406 0.382812 0.277344 0.382812 0.277344 0.390625 0.273438 0.394531 0.269531 0.394531 0.265625 0.398438 0.261719 0.398438 0.261719 0.402344 0.257812 0.406250 0.250000 0.406250 0.246094 0.410156 0.246094 0.421875 0.242188 0.425781 0.207031 0.425781 0.207031 0.433594 0.203125 0.437500 0.187500 0.437500 0.183594 0.441406 0.167969 0.441406 0.164062 0.437500 0.164062 0.425781 0.144531 0.425781 0.144531 0.429688 0.140625 0.433594 0.136719 0.433594 0.136719 0.464844 0.144531 0.464844 0.148438 0.468750 0.148438 0.484375 0.156250 0.492188 0.171875 0.492188 0.175781 0.496094 0.175781 0.515625 0.179688 0.519531 0.179688 0.523438 0.187500 0.531250 0.195312 0.531250 0.199219 0.535156 0.226562 0.535156 0.230469 0.539062 0.230469 0.546875 0.253906 0.546875 0.257812 0.550781 0.265625 0.550781 0.265625 0.546875 0.269531 0.542969 0.285156 0.542969 0.289062 0.546875 0.289062 0.550781 0.296875 0.550781 0.300781 0.554688 0.300781 0.593750 0.312500 0.593750 0.320312 0.601562 0.320312 0.625000 0.308594 0.636719 0.289062 0.636719 0.285156 0.632812 0.285156 0.605469 0.273438 0.605469 0.269531 0.609375 0.265625 0.609375 0.265625 0.621094 0.261719 0.625000 0.250000 0.625000 0.246094 0.628906 0.230469 0.628906 0.226562 0.625000 0.214844 0.625000 0.214844 0.632812 0.218750 0.636719 0.292969 0.636719 0.296875 0.640625 0.296875 0.648438 0.308594 0.648438 0.312500 0.652344 0.324219 0.652344 0.328125 0.648438 0.332031 0.648438 0.335938 0.644531 0.343750 0.644531 0.343750 0.632812 0.351562 0.625000 0.367188 0.625000 0.371094 0.628906 0.371094 0.632812 0.390625 0.632812 0.394531 0.636719 0.394531 0.660156 0.414062 0.660156 0.417969 0.656250 0.437500 0.656250 0.441406 0.660156 0.441406 0.679688 0.437500 0.683594 0.433594 0.683594 0.425781 0.691406 0.425781 0.699219 0.417969 0.707031 0.402344 0.707031 0.398438 0.703125 0.398438 0.695312 0.390625 0.695312 0.382812 0.703125 0.382812 0.710938 0.398438 0.710938 0.402344 0.714844 0.402344 0.765625 0.398438 0.769531 0.394531 0.769531 0.394531 0.773438 0.390625 0.777344 0.390625 0.792969 0.386719 0.796875 0.367188 0.796875 0.367188 0.804688 0.363281 0.808594 0.363281 0.832031 0.359375 0.835938 0.355469 0.835938 0.355469 0.855469 0.367188 0.855469 0.367188 0.835938 0.371094 0.832031 0.382812 0.832031 0.382812 0.820312 0.386719 0.816406 0.402344 0.816406 0.402344 0.808594 0.406250 0.804688 0.414062 0.804688 0.414062 0.792969 0.417969 0.789062 0.437500 0.789062 0.441406 0.792969 0.441406 0.832031 0.445312 0.835938 0.445312 0.855469 0.441406 0.859375 0.437500 0.859375 0.437500 0.875000 0.433594 0.878906 0.421875 0.878906 0.421875 0.886719 0.425781 0.890625 0.441406 0.890625 0.441406 0.871094 0.445312 0.867188 0.460938 0.867188 0.464844 0.871094 0.464844 0.875000 0.468750 0.875000 0.472656 0.878906 0.472656 0.894531 0.468750 0.898438 0.468750 0.906250 0.492188 0.906250 0.496094 0.902344 0.496094 0.875000 0.500000 0.871094 0.515625 0.871094 0.515625 0.867188 0.519531 0.863281 0.542969 0.863281 0.546875 0.859375 0.546875 0.835938 0.554688 0.828125 0.566406 0.828125 0.566406 0.796875 0.570312 0.792969 0.589844 0.792969 0.593750 0.796875 0.593750 0.800781 0.605469 0.800781 0.609375 0.796875 0.609375 0.792969 0.613281 0.789062 0.625000 0.789062 0.625000 0.781250 0.601562 0.781250 0.597656 0.777344 0.589844 0.777344 0.585938 0.773438 0.585938 0.753906 0.589844 0.750000 0.621094 0.750000 0.625000 0.746094 0.625000 0.742188 0.628906 0.738281 0.632812 0.738281 0.632812 0.730469 0.636719 0.726562 0.664062 0.726562 0.667969 0.730469 0.667969 0.753906 0.664062 0.757812 0.660156 0.757812 0.660156 0.773438 0.679688 0.773438 0.683594 0.777344 0.683594 0.796875 0.687500 0.800781 0.687500 0.812500 0.691406 0.812500 0.695312 0.816406 0.695312 0.835938 0.691406 0.839844 0.691406 0.847656 0.722656 0.847656 0.726562 0.851562 0.726562 0.859375 0.738281 0.871094 0.738281 0.875000 0.742188 0.875000 0.746094 0.878906 0.746094 0.886719 0.773438 0.886719 0.777344 0.890625 0.777344 0.894531 0.828125 0.894531 0.832031 0.890625 0.832031 0.878906 0.820312 0.878906 0.816406 0.875000 0.816406 0.871094 0.812500 0.867188 0.812500 0.851562 0.820312 0.843750 0.851562 0.843750 0.851562 0.824219 0.855469 0.820312 0.863281 0.820312 0.863281 0.804688 0.855469 0.804688 0.855469 0.816406 0.851562 0.820312 0.828125 0.820312 0.824219 0.816406 0.824219 0.800781 0.812500 0.800781 0.808594 0.804688 0.785156 0.804688 0.777344 0.796875 0.777344 0.781250 0.785156 0.773438 0.789062 0.773438 0.792969 0.769531 0.812500 0.769531 0.816406 0.765625 0.824219 0.765625 0.824219 0.757812 0.828125 0.753906 0.832031 0.753906 0.832031 0.746094 0.828125 0.746094 0.824219 0.742188 0.824219 0.718750 0.828125 0.714844 0.832031 0.714844 0.835938 0.710938 0.835938 0.703125 0.839844 0.699219 0.843750 0.699219 0.847656 0.695312 0.847656 0.691406 0.851562 0.687500 0.851562 0.652344 0.855469 0.648438 0.863281 0.648438 0.863281 0.628906 0.867188 0.625000 0.867188 0.605469 0.863281 0.601562 0.855469 0.601562 0.855469 0.613281 0.851562 0.617188 0.828125 0.617188 0.824219 0.613281 0.824219 0.589844 0.828125 0.585938 0.843750 0.585938 0.843750 0.574219 0.835938 0.574219 0.832031 0.570312 0.832031 0.566406 0.828125 0.562500 0.828125 0.558594 0.808594 0.558594 0.804688 0.554688 0.804688 0.527344 0.808594 0.523438 0.808594 0.511719 0.812500 0.507812 0.828125 0.507812 0.828125 0.503906 0.832031 0.500000 0.847656 0.500000 0.847656 0.492188 0.843750 0.492188 0.839844 0.488281 0.839844 0.484375 0.832031 0.484375 0.828125 0.480469 0.828125 0.476562 0.824219 0.472656 0.812500 0.472656 0.808594 0.468750 0.792969 0.468750 0.792969 0.480469 0.789062 0.484375 0.769531 0.484375 0.765625 0.480469 0.765625 0.421875 0.769531 0.417969 0.804688 0.417969 0.804688 0.402344 0.800781 0.398438 0.800781 0.390625 0.796875 0.386719 0.796875 0.378906 0.792969 0.375000 0.792969 0.371094 0.785156 0.371094 0.785156 0.394531 0.781250 0.398438 0.765625 0.398438 0.761719 0.394531 0.761719 0.367188 0.765625 0.363281 0.781250 0.363281 0.781250 0.347656 0.769531 0.347656 0.765625 0.343750 0.765625 0.332031 0.761719 0.332031 0.753906 0.324219 0.742188 0.324219 0.738281 0.320312 0.738281 0.296875 0.730469 0.296875 0.730469 0.304688 0.726562 0.308594 0.695312 0.308594 0.691406 0.304688 0.679688 0.304688 0.679688 0.308594 0.675781 0.312500 0.656250 0.312500 0.648438 0.304688 0.648438 0.300781 0.636719 0.300781 0.636719 0.304688 0.632812 0.308594 0.601562 0.308594 0.601562 0.316406 0.597656 0.320312 0.582031 0.320312 0.578125 0.316406 0.562500 0.316406 0.562500 0.328125 0.570312 0.328125 0.574219 0.332031 0.574219 0.378906 0.562500 0.390625 0.550781 0.390625 0.546875 0.394531 0.542969 0.394531 0.542969 0.402344 0.539062 0.406250 0.535156 0.406250 0.535156 0.414062 0.531250 0.417969 0.507812 0.417969 0.507812 0.425781 0.503906 0.429688 0.480469 0.429688 0.476562 0.425781 0.468750 0.425781 0.464844 0.421875 0.464844 0.417969 0.460938 0.414062 0.460938 0.410156 0.453125 0.410156 0.445312 0.402344 0.433594 0.402344 0.429688 0.398438 0.429688 0.386719 0.425781 0.382812 0.425781 0.355469 0.429688 0.351562 0.441406 0.351562 0.445312 0.347656 0.445312 0.332031 0.437500 0.332031 0.433594 0.328125 0.433594 0.261719 0.437500 0.257812 0.437500 0.250000 0.441406 0.246094 0.449219 0.246094 0.449219 0.238281 0.453125 0.234375 0.453125 0.222656 0.457031 0.218750 0.468750 0.218750 0.476562 0.210938 0.480469 0.210938 0.488281 0.203125 0.515625 0.203125 0.519531 0.199219 0.519531 0.191406 0.515625 0.191406 0.511719 0.187500 0.503906 0.187500 0.500000 0.183594 0.492188 0.183594 0.488281 0.179688 0.488281 0.171875 0.484375 0.171875 0.472656 0.160156 0.468750 0.160156 0.464844 0.156250 0.460938 0.156250 0.457031 0.152344 0.457031 0.148438
2 0.304688 0.066406 0.304688 0.074219 0.332031 0.074219 0.335938 0.078125 0.355469 0.078125 0.359375 0.082031 0.359375 0.109375 0.351562 0.117188 0.347656 0.117188 0.347656 0.125000 0.351562 0.125000 0.355469 0.128906 0.355469 0.160156 0.351562 0.164062 0.332031 0.164062 0.328125 0.160156 0.328125 0.144531 0.324219 0.144531 0.320312 0.140625 0.320312 0.117188 0.316406 0.113281 0.308594 0.113281 0.308594 0.125000 0.304688 0.128906 0.300781 0.128906 0.300781 0.136719 0.296875 0.140625 0.296875 0.164062 0.292969 0.167969 0.281250 0.167969 0.277344 0.171875 0.273438 0.171875 0.273438 0.183594 0.277344 0.183594 0.281250 0.187500 0.296875 0.187500 0.300781 0.191406 0.300781 0.214844 0.304688 0.214844 0.308594 0.218750 0.324219 0.218750 0.328125 0.222656 0.328125 0.234375 0.335938 0.234375 0.335938 0.226562 0.332031 0.226562 0.328125 0.222656 0.328125 0.207031 0.332031 0.203125 0.347656 0.203125 0.347656 0.199219 0.351562 0.195312 0.363281 0.195312 0.363281 0.140625 0.367188 0.136719 0.371094 0.136719 0.371094 0.121094 0.367188 0.121094 0.363281 0.117188 0.363281 0.097656 0.367188 0.093750 0.367188 0.085938 0.371094 0.082031 0.375000 0.082031 0.375000 0.066406 0.367188 0.066406 0.363281 0.070312 0.343750 0.070312 0.339844 0.066406
2 0.253906 0.015625 0.250000 0.019531 0.250000 0.023438 0.246094 0.027344 0.246094 0.035156 0.269531 0.035156 0.273438 0.031250 0.289062 0.031250 0.289062 0.023438 0.281250 0.023438 0.273438 0.015625
