2 0.472656 0.925781 0.468750 0.929688 0.468750 0.945312 0.464844 0.949219 0.449219 0.949219 0.449219 0.957031 0.457031 0.964844 0.460938 0.964844 0.464844 0.968750 0.468750 0.968750 0.472656 0.972656 0.476562 0.972656 0.480469 0.976562 0.531250 0.976562 0.531250 0.968750 0.527344 0.968750 0.523438 0.964844 0.515625 0.964844 0.507812 0.957031 0.507812 0.945312 0.500000 0.945312 0.496094 0.941406 0.488281 0.941406 0.484375 0.937500 0.484375 0.929688 0.480469 0.925781
2 0.781250 0.898438 0.777344 0.902344 0.765625 0.902344 0.765625 0.906250 0.761719 0.910156 0.757812 0.910156 0.753906 0.914062 0.734375 0.914062 0.722656 0.925781 0.703125 0.925781 0.699219 0.929688 0.699219 0.941406 0.703125 0.945312 0.710938 0.945312 0.714844 0.949219 0.730469 0.949219 0.734375 0.945312 0.734375 0.937500 0.742188 0.929688 0.746094 0.929688 0.746094 0.925781 0.750000 0.921875 0.785156 0.921875 0.789062 0.925781 0.789062 0.929688 0.792969 0.933594 0.800781 0.933594 0.800781 0.929688 0.804688 0.925781 0.804688 0.917969 0.796875 0.917969 0.789062 0.910156 0.789062 0.898438
2 0.312500 0.785156 0.312500 0.792969 0.308594 0.796875 0.300781 0.796875 0.300781 0.800781 0.296875 0.804688 0.257812 0.804688 0.257812 0.812500 0.261719 0.816406 0.269531 0.816406 0.273438 0.820312 0.285156 0.820312 0.285156 0.816406 0.289062 0.812500 0.308594 0.812500 0.312500 0.816406 0.312500 0.820312 0.328125 0.820312 0.335938 0.812500 0.335938 0.800781 0.332031 0.796875 0.332031 0.792969 0.328125 0.789062 0.328125 0.785156
2 0.417969 0.652344 0.414062 0.656250 0.414062 0.675781 0.417969 0.675781 0.421875 0.679688 0.425781 0.679688 0.437500 0.691406 0.437500 0.714844 0.449219 0.714844 0.449219 0.675781 0.445312 0.671875 0.445312 0.667969 0.441406 0.667969 0.437500 0.664062 0.437500 0.660156 0.433594 0.656250 0.433594 0.652344
2 0.171875 0.644531 0.167969 0.648438 0.164062 0.648438 0.160156 0.652344 0.156250 0.652344 0.152344 0.656250 0.140625 0.656250 0.140625 0.660156 0.132812 0.667969 0.132812 0.675781 0.136719 0.675781 0.140625 0.679688 0.140625 0.699219 0.148438 0.699219 0.148438 0.671875 0.152344 0.667969 0.160156 0.667969 0.164062 0.664062 0.183594 0.664062 0.187500 0.667969 0.187500 0.671875 0.199219 0.671875 0.199219 0.664062 0.187500 0.664062 0.183594 0.660156 0.183594 0.644531
2 0.148438 0.468750 0.148438 0.476562 0.156250 0.476562 0.156250 0.468750
2 0.324219 0.460938 0.320312 0.464844 0.308594 0.464844 0.308594 0.476562 0.304688 0.480469 0.296875 0.480469 0.296875 0.492188 0.304688 0.492188 0.308594 0.496094 0.320312 0.496094 0.328125 0.488281 0.335938 0.488281 0.335938 0.460938
2 0.062500 0.457031 0.062500 0.464844 0.066406 0.468750 0.070312 0.468750 0.074219 0.472656 0.074219 0.480469 0.105469 0.480469 0.113281 0.488281 0.113281 0.500000 0.121094 0.500000 0.125000 0.503906 0.125000 0.527344 0.128906 0.531250 0.128906 0.535156 0.148438 0.535156 0.152344 0.539062 0.160156 0.539062 0.160156 0.535156 0.164062 0.531250 0.167969 0.531250 0.167969 0.523438 0.164062 0.523438 0.160156 0.519531 0.160156 0.515625 0.128906 0.515625 0.125000 0.511719 0.125000 0.468750 0.128906 0.464844 0.136719 0.464844 0.136719 0.457031 0.109375 0.457031 0.105469 0.460938 0.089844 0.460938 0.085938 0.457031
2 0.222656 0.363281 0.222656 0.371094 0.226562 0.375000 0.234375 0.375000 0.234375 0.363281
2 0.675781 0.289062 0.671875 0.292969 0.671875 0.304688 0.679688 0.304688 0.683594 0.300781 0.683594 0.289062
2 0.355469 0.191406 0.351562 0.195312 0.351562 0.210938 0.355469 0.210938 0.359375 0.214844 0.363281 0.214844 0.367188 0.218750 0.371094 0.218750 0.375000 0.222656 0.375000 0.238281 0.367188 0.246094 0.367188 0.250000 0.359375 0.257812 0.351562 0.257812 0.351562 0.261719 0.347656 0.265625 0.343750 0.265625 0.339844 0.269531 0.324219 0.269531 0.320312 0.265625 0.320312 0.246094 0.316406 0.246094 0.312500 0.242188 0.312500 0.234375 0.300781 0.234375 0.300781 0.250000 0.304688 0.253906 0.304688 0.257812 0.308594 0.257812 0.312500 0.261719 0.312500 0.277344 0.304688 0.285156 0.304688 0.316406 0.300781 0.320312 0.273438 0.320312 0.269531 0.324219 0.265625 0.324219 0.265625 0.378906 0.261719 0.382812 0.246094 0.382812 0.246094 0.398438 0.242188 0.402344 0.242188 0.406250 0.238281 0.410156 0.238281 0.425781 0.246094 0.425781 0.246094 0.421875 0.250000 0.417969 0.250000 0.414062 0.253906 0.410156 0.289062 0.410156 0.296875 0.417969 0.304688 0.417969 0.308594 0.421875 0.347656 0.421875 0.351562 0.425781 0.367188 0.425781 0.371094 0.429688 0.378906 0.429688 0.378906 0.421875 0.382812 0.417969 0.402344 0.417969 0.406250 0.421875 0.406250 0.429688 0.417969 0.429688 0.421875 0.433594 0.421875 0.437500 0.433594 0.437500 0.437500 0.441406 0.437500 0.472656 0.433594 0.476562 0.382812 0.476562 0.382812 0.484375 0.386719 0.484375 0.394531 0.492188 0.406250 0.492188 0.410156 0.496094 0.414062 0.496094 0.417969 0.500000 0.417969 0.535156 0.410156 0.542969 0.410156 0.546875 0.402344 0.554688 0.402344 0.558594 0.398438 0.562500 0.394531 0.562500 0.386719 0.570312 0.386719 0.574219 0.382812 0.578125 0.363281 0.578125 0.355469 0.585938 0.355469 0.589844 0.351562 0.593750 0.351562 0.601562 0.359375 0.601562 0.363281 0.605469 0.363281 0.609375 0.378906 0.609375 0.386719 0.617188 0.398438 0.617188 0.398438 0.613281 0.402344 0.609375 0.421875 0.609375 0.425781 0.613281 0.429688 0.613281 0.433594 0.617188 0.445312 0.617188 0.453125 0.609375 0.453125 0.605469 0.460938 0.597656 0.472656 0.597656 0.472656 0.582031 0.476562 0.578125 0.480469 0.578125 0.480469 0.574219 0.484375 0.570312 0.484375 0.527344 0.488281 0.523438 0.488281 0.519531 0.492188 0.515625 0.507812 0.515625 0.515625 0.507812 0.542969 0.507812 0.542969 0.503906 0.546875 0.500000 0.562500 0.500000 0.566406 0.503906 0.566406 0.515625 0.570312 0.519531 0.570312 0.527344 0.574219 0.531250 0.574219 0.542969 0.589844 0.542969 0.593750 0.539062 0.609375 0.539062 0.613281 0.542969 0.613281 0.558594 0.605469 0.566406 0.574219 0.566406 0.566406 0.574219 0.550781 0.574219 0.550781 0.593750 0.546875 0.597656 0.539062 0.597656 0.539062 0.609375 0.542969 0.613281 0.542969 0.617188 0.562500 0.617188 0.566406 0.621094 0.578125 0.621094 0.578125 0.613281 0.582031 0.609375 0.582031 0.601562 0.585938 0.597656 0.589844 0.597656 0.589844 0.585938 0.593750 0.582031 0.617188 0.582031 0.621094 0.585938 0.621094 0.605469 0.617188 0.609375 0.605469 0.609375 0.605469 0.625000 0.613281 0.632812 0.613281 0.648438 0.609375 0.652344 0.605469 0.652344 0.605469 0.664062 0.601562 0.667969 0.601562 0.671875 0.597656 0.675781 0.597656 0.679688 0.593750 0.683594 0.593750 0.695312 0.589844 0.699219 0.566406 0.699219 0.566406 0.718750 0.562500 0.722656 0.562500 0.734375 0.570312 0.734375 0.574219 0.738281 0.582031 0.738281 0.589844 0.730469 0.609375 0.730469 0.613281 0.734375 0.613281 0.738281 0.625000 0.738281 0.632812 0.746094 0.632812 0.785156 0.628906 0.789062 0.601562 0.789062 0.601562 0.804688 0.597656 0.808594 0.585938 0.808594 0.585938 0.812500 0.582031 0.816406 0.566406 0.816406 0.562500 0.812500 0.546875 0.812500 0.546875 0.820312 0.550781 0.824219 0.554688 0.824219 0.558594 0.828125 0.558594 0.859375 0.562500 0.859375 0.566406 0.863281 0.570312 0.863281 0.574219 0.867188 0.574219 0.875000 0.589844 0.875000 0.589844 0.855469 0.593750 0.851562 0.593750 0.843750 0.589844 0.839844 0.589844 0.824219 0.593750 0.820312 0.625000 0.820312 0.625000 0.812500 0.628906 0.808594 0.632812 0.808594 0.632812 0.800781 0.636719 0.796875 0.652344 0.796875 0.660156 0.804688 0.667969 0.804688 0.671875 0.808594 0.671875 0.816406 0.675781 0.820312 0.683594 0.820312 0.687500 0.824219 0.699219 0.824219 0.699219 0.816406 0.703125 0.812500 0.703125 0.808594 0.710938 0.800781 0.726562 0.800781 0.730469 0.804688 0.738281 0.804688 0.742188 0.808594 0.742188 0.824219 0.738281 0.828125 0.734375 0.828125 0.734375 0.835938 0.730469 0.839844 0.722656 0.839844 0.722656 0.847656 0.777344 0.847656 0.781250 0.843750 0.785156 0.843750 0.785156 0.832031 0.789062 0.828125 0.792969 0.828125 0.796875 0.824219 0.812500 0.824219 0.812500 0.820312 0.816406 0.816406 0.820312 0.816406 0.820312 0.804688 0.796875 0.804688 0.792969 0.800781 0.789062 0.800781 0.785156 0.796875 0.785156 0.781250 0.789062 0.777344 0.796875 0.777344 0.796875 0.773438 0.800781 0.769531 0.800781 0.761719 0.812500 0.750000 0.816406 0.750000 0.820312 0.746094 0.832031 0.746094 0.832031 0.734375 0.804688 0.734375 0.796875 0.726562 0.796875 0.703125 0.804688 0.695312 0.804688 0.687500 0.812500 0.679688 0.816406 0.679688 0.816406 0.664062 0.820312 0.660156 0.820312 0.656250 0.824219 0.652344 0.824219 0.644531 0.820312 0.640625 0.820312 0.632812 0.808594 0.632812 0.800781 0.625000 0.800781 0.621094 0.796875 0.617188 0.796875 0.601562 0.800781 0.597656 0.800781 0.593750 0.804688 0.589844 0.804688 0.578125 0.808594 0.574219 0.808594 0.558594 0.804688 0.558594 0.800781 0.554688 0.800781 0.539062 0.804688 0.535156 0.804688 0.527344 0.796875 0.527344 0.792969 0.523438 0.792969 0.503906 0.804688 0.492188 0.804688 0.484375 0.808594 0.480469 0.808594 0.468750 0.785156 0.468750 0.781250 0.472656 0.781250 0.484375 0.777344 0.488281 0.773438 0.488281 0.773438 0.503906 0.769531 0.507812 0.753906 0.507812 0.750000 0.503906 0.750000 0.488281 0.753906 0.484375 0.753906 0.476562 0.750000 0.476562 0.746094 0.472656 0.746094 0.460938 0.738281 0.460938 0.734375 0.457031 0.726562 0.457031 0.722656 0.453125 0.722656 0.449219 0.714844 0.449219 0.710938 0.445312 0.707031 0.445312 0.703125 0.441406 0.703125 0.429688 0.695312 0.421875 0.695312 0.386719 0.699219 0.382812 0.699219 0.371094 0.679688 0.371094 0.675781 0.375000 0.667969 0.375000 0.667969 0.378906 0.664062 0.382812 0.648438 0.382812 0.644531 0.378906 0.644531 0.367188 0.636719 0.367188 0.636719 0.382812 0.632812 0.386719 0.628906 0.386719 0.628906 0.398438 0.632812 0.402344 0.632812 0.417969 0.628906 0.421875 0.609375 0.421875 0.605469 0.417969 0.605469 0.414062 0.582031 0.414062 0.574219 0.406250 0.574219 0.402344 0.562500 0.402344 0.558594 0.398438 0.558594 0.375000 0.562500 0.371094 0.566406 0.371094 0.570312 0.367188 0.593750 0.367188 0.593750 0.355469 0.597656 0.351562 0.601562 0.351562 0.601562 0.343750 0.597656 0.339844 0.597656 0.304688 0.601562 0.300781 0.605469 0.300781 0.605469 0.289062 0.601562 0.285156 0.601562 0.281250 0.597656 0.277344 0.566406 0.277344 0.562500 0.281250 0.558594 0.281250 0.558594 0.289062 0.554688 0.292969 0.539062 0.292969 0.531250 0.285156 0.531250 0.261719 0.527344 0.257812 0.527344 0.250000 0.515625 0.250000 0.515625 0.269531 0.511719 0.273438 0.511719 0.285156 0.503906 0.292969 0.484375 0.292969 0.480469 0.289062 0.480469 0.277344 0.468750 0.277344 0.464844 0.273438 0.464844 0.269531 0.457031 0.269531 0.453125 0.265625 0.453125 0.242188 0.441406 0.242188 0.437500 0.238281 0.437500 0.234375 0.433594 0.230469 0.433594 0.214844 0.425781 0.207031 0.425781 0.199219 0.410156 0.199219 0.410156 0.207031 0.417969 0.207031 0.421875 0.210938 0.421875 0.230469 0.417969 0.234375 0.402344 0.234375 0.394531 0.226562 0.378906 0.226562 0.375000 0.222656 0.375000 0.207031 0.363281 0.195312 0.363281 0.191406
2 0.449219 0.105469 0.445312 0.109375 0.437500 0.109375 0.437500 0.117188 0.433594 0.121094 0.425781 0.121094 0.425781 0.128906 0.437500 0.128906 0.445312 0.136719 0.460938 0.136719 0.464844 0.132812 0.464844 0.128906 0.468750 0.125000 0.484375 0.125000 0.484375 0.117188 0.468750 0.117188 0.464844 0.113281 0.464844 0.109375 0.460938 0.109375 0.457031 0.105469
2 0.222656 0.101562 0.218750 0.105469 0.214844 0.105469 0.210938 0.109375 0.203125 0.109375 0.203125 0.125000 0.214844 0.125000 0.218750 0.128906 0.218750 0.152344 0.214844 0.156250 0.191406 0.156250 0.187500 0.160156 0.183594 0.160156 0.183594 0.183594 0.179688 0.187500 0.175781 0.187500 0.175781 0.199219 0.167969 0.207031 0.164062 0.207031 0.164062 0.214844 0.167969 0.214844 0.171875 0.218750 0.171875 0.226562 0.179688 0.226562 0.179688 0.218750 0.187500 0.210938 0.187500 0.199219 0.191406 0.195312 0.195312 0.195312 0.195312 0.171875 0.199219 0.167969 0.214844 0.167969 0.218750 0.171875 0.218750 0.175781 0.261719 0.175781 0.261719 0.167969 0.257812 0.164062 0.257812 0.160156 0.250000 0.152344 0.242188 0.152344 0.238281 0.148438 0.238281 0.144531 0.226562 0.144531 0.222656 0.140625 0.222656 0.121094 0.226562 0.117188 0.230469 0.117188 0.234375 0.113281 0.238281 0.113281 0.238281 0.105469 0.234375 0.105469 0.230469 0.101562
