2 0.386719 0.847656 0.378906 0.855469 0.378906 0.863281 0.382812 0.867188 0.382812 0.871094 0.390625 0.871094 0.394531 0.867188 0.406250 0.867188 0.410156 0.863281 0.421875 0.863281 0.421875 0.855469 0.417969 0.855469 0.414062 0.851562 0.410156 0.851562 0.406250 0.847656
2 0.539062 0.820312 0.539062 0.832031 0.542969 0.835938 0.542969 0.839844 0.546875 0.843750 0.550781 0.843750 0.554688 0.847656 0.554688 0.851562 0.562500 0.859375 0.578125 0.859375 0.582031 0.855469 0.582031 0.843750 0.562500 0.843750 0.558594 0.839844 0.558594 0.828125 0.554688 0.828125 0.546875 0.820312
2 0.484375 0.792969 0.480469 0.796875 0.472656 0.796875 0.468750 0.800781 0.468750 0.812500 0.464844 0.816406 0.460938 0.816406 0.460938 0.824219 0.457031 0.828125 0.457031 0.835938 0.468750 0.835938 0.488281 0.816406 0.492188 0.816406 0.496094 0.812500 0.527344 0.812500 0.527344 0.796875 0.496094 0.796875 0.492188 0.792969
2 0.804688 0.761719 0.804688 0.769531 0.820312 0.769531 0.824219 0.773438 0.824219 0.777344 0.828125 0.781250 0.835938 0.781250 0.839844 0.785156 0.839844 0.789062 0.855469 0.789062 0.855469 0.769531 0.847656 0.769531 0.843750 0.765625 0.835938 0.765625 0.832031 0.769531 0.816406 0.769531 0.812500 0.765625 0.812500 0.761719
2 0.398438 0.761719 0.398438 0.812500 0.394531 0.816406 0.394531 0.824219 0.402344 0.824219 0.402344 0.812500 0.406250 0.808594 0.414062 0.808594 0.421875 0.800781 0.421875 0.792969 0.417969 0.792969 0.410156 0.785156 0.410156 0.781250 0.406250 0.777344 0.406250 0.761719
2 0.757812 0.757812 0.753906 0.761719 0.753906 0.777344 0.750000 0.781250 0.738281 0.781250 0.738281 0.785156 0.734375 0.789062 0.687500 0.789062 0.683594 0.792969 0.683594 0.800781 0.726562 0.800781 0.730469 0.796875 0.738281 0.796875 0.742188 0.792969 0.765625 0.792969 0.769531 0.796875 0.769531 0.812500 0.785156 0.812500 0.785156 0.800781 0.781250 0.796875 0.781250 0.773438 0.777344 0.769531 0.777344 0.765625 0.769531 0.765625 0.765625 0.761719 0.765625 0.757812
2 0.386719 0.738281 0.382812 0.742188 0.378906 0.742188 0.378906 0.753906 0.394531 0.753906 0.394531 0.738281
2 0.589844 0.714844 0.585938 0.718750 0.585938 0.722656 0.582031 0.726562 0.582031 0.730469 0.578125 0.734375 0.578125 0.742188 0.589844 0.742188 0.593750 0.746094 0.593750 0.761719 0.601562 0.761719 0.605469 0.765625 0.605469 0.789062 0.601562 0.792969 0.582031 0.792969 0.578125 0.789062 0.578125 0.777344 0.566406 0.777344 0.554688 0.765625 0.554688 0.761719 0.535156 0.761719 0.531250 0.757812 0.531250 0.750000 0.519531 0.750000 0.519531 0.757812 0.531250 0.757812 0.535156 0.761719 0.535156 0.773438 0.546875 0.773438 0.554688 0.781250 0.558594 0.781250 0.562500 0.785156 0.570312 0.785156 0.574219 0.789062 0.574219 0.804688 0.605469 0.804688 0.609375 0.808594 0.609375 0.824219 0.613281 0.828125 0.613281 0.847656 0.617188 0.851562 0.617188 0.867188 0.625000 0.867188 0.628906 0.863281 0.644531 0.863281 0.648438 0.867188 0.671875 0.867188 0.671875 0.847656 0.675781 0.843750 0.679688 0.843750 0.679688 0.835938 0.671875 0.835938 0.667969 0.832031 0.660156 0.832031 0.660156 0.835938 0.656250 0.839844 0.621094 0.839844 0.617188 0.835938 0.617188 0.812500 0.621094 0.808594 0.625000 0.808594 0.628906 0.804688 0.636719 0.804688 0.636719 0.773438 0.632812 0.773438 0.628906 0.769531 0.628906 0.753906 0.632812 0.750000 0.636719 0.750000 0.640625 0.746094 0.648438 0.746094 0.648438 0.738281 0.652344 0.734375 0.652344 0.726562 0.625000 0.726562 0.621094 0.722656 0.621094 0.718750 0.617188 0.714844
2 0.804688 0.703125 0.804688 0.707031 0.800781 0.710938 0.792969 0.710938 0.792969 0.722656 0.816406 0.722656 0.820312 0.726562 0.828125 0.726562 0.828125 0.703125
2 0.855469 0.699219 0.855469 0.707031 0.859375 0.710938 0.871094 0.710938 0.871094 0.703125 0.867188 0.703125 0.863281 0.699219
2 0.636719 0.621094 0.628906 0.628906 0.625000 0.628906 0.613281 0.640625 0.589844 0.640625 0.589844 0.652344 0.585938 0.656250 0.582031 0.656250 0.578125 0.660156 0.578125 0.679688 0.574219 0.683594 0.574219 0.695312 0.582031 0.695312 0.589844 0.687500 0.609375 0.687500 0.609375 0.683594 0.613281 0.679688 0.617188 0.679688 0.625000 0.671875 0.656250 0.671875 0.667969 0.660156 0.675781 0.660156 0.675781 0.652344 0.664062 0.652344 0.660156 0.648438 0.660156 0.644531 0.652344 0.644531 0.648438 0.640625 0.648438 0.621094
2 0.363281 0.593750 0.363281 0.605469 0.367188 0.609375 0.371094 0.609375 0.375000 0.613281 0.375000 0.617188 0.386719 0.617188 0.390625 0.621094 0.394531 0.621094 0.398438 0.625000 0.410156 0.625000 0.414062 0.628906 0.414062 0.640625 0.425781 0.640625 0.425781 0.628906 0.417969 0.628906 0.414062 0.625000 0.414062 0.609375 0.410156 0.605469 0.410156 0.597656 0.375000 0.597656 0.371094 0.593750
2 0.566406 0.582031 0.562500 0.585938 0.562500 0.589844 0.558594 0.593750 0.542969 0.593750 0.542969 0.601562 0.539062 0.605469 0.527344 0.605469 0.527344 0.609375 0.523438 0.613281 0.519531 0.613281 0.519531 0.636719 0.515625 0.640625 0.507812 0.640625 0.507812 0.656250 0.515625 0.656250 0.519531 0.652344 0.519531 0.628906 0.523438 0.625000 0.527344 0.625000 0.527344 0.617188 0.531250 0.613281 0.535156 0.613281 0.539062 0.609375 0.562500 0.609375 0.566406 0.605469 0.574219 0.605469 0.578125 0.601562 0.578125 0.593750 0.574219 0.589844 0.574219 0.582031
2 0.593750 0.562500 0.593750 0.570312 0.609375 0.570312 0.609375 0.562500
2 0.519531 0.480469 0.519531 0.484375 0.515625 0.488281 0.507812 0.488281 0.507812 0.496094 0.500000 0.503906 0.500000 0.511719 0.496094 0.515625 0.496094 0.535156 0.507812 0.535156 0.507812 0.531250 0.511719 0.527344 0.511719 0.519531 0.523438 0.507812 0.531250 0.507812 0.531250 0.500000 0.535156 0.496094 0.535156 0.488281 0.531250 0.488281 0.527344 0.484375 0.527344 0.480469
2 0.382812 0.421875 0.378906 0.425781 0.378906 0.441406 0.375000 0.445312 0.347656 0.445312 0.343750 0.449219 0.335938 0.449219 0.332031 0.453125 0.332031 0.480469 0.328125 0.484375 0.328125 0.507812 0.332031 0.511719 0.332031 0.527344 0.328125 0.531250 0.324219 0.531250 0.324219 0.546875 0.339844 0.546875 0.343750 0.550781 0.347656 0.550781 0.351562 0.554688 0.359375 0.554688 0.363281 0.550781 0.363281 0.523438 0.367188 0.519531 0.390625 0.519531 0.390625 0.507812 0.386719 0.507812 0.382812 0.503906 0.382812 0.484375 0.386719 0.480469 0.414062 0.480469 0.417969 0.476562 0.425781 0.476562 0.425781 0.468750 0.429688 0.464844 0.429688 0.433594 0.410156 0.433594 0.406250 0.429688 0.398438 0.429688 0.394531 0.425781 0.394531 0.421875
2 0.546875 0.148438 0.546875 0.175781 0.542969 0.179688 0.542969 0.187500 0.539062 0.191406 0.539062 0.210938 0.535156 0.214844 0.535156 0.230469 0.527344 0.238281 0.511719 0.238281 0.511719 0.246094 0.519531 0.253906 0.519531 0.269531 0.531250 0.269531 0.535156 0.265625 0.535156 0.257812 0.539062 0.253906 0.550781 0.253906 0.550781 0.230469 0.554688 0.226562 0.562500 0.226562 0.574219 0.214844 0.578125 0.214844 0.578125 0.207031 0.574219 0.203125 0.574219 0.191406 0.566406 0.183594 0.566406 0.179688 0.562500 0.175781 0.562500 0.171875 0.558594 0.167969 0.558594 0.160156 0.554688 0.156250 0.554688 0.148438
2 0.433594 0.148438 0.429688 0.152344 0.425781 0.152344 0.421875 0.156250 0.417969 0.156250 0.414062 0.160156 0.410156 0.160156 0.402344 0.167969 0.382812 0.167969 0.382812 0.171875 0.378906 0.175781 0.378906 0.183594 0.382812 0.187500 0.382812 0.218750 0.378906 0.222656 0.378906 0.226562 0.371094 0.234375 0.371094 0.261719 0.382812 0.261719 0.386719 0.265625 0.386719 0.289062 0.382812 0.292969 0.378906 0.292969 0.371094 0.300781 0.367188 0.300781 0.367188 0.308594 0.371094 0.308594 0.375000 0.312500 0.386719 0.312500 0.390625 0.316406 0.390625 0.332031 0.386719 0.335938 0.355469 0.335938 0.351562 0.339844 0.351562 0.351562 0.347656 0.355469 0.347656 0.367188 0.355469 0.367188 0.359375 0.371094 0.359375 0.390625 0.367188 0.390625 0.367188 0.378906 0.371094 0.375000 0.371094 0.367188 0.375000 0.363281 0.382812 0.363281 0.398438 0.347656 0.414062 0.347656 0.417969 0.351562 0.417969 0.355469 0.421875 0.359375 0.421875 0.363281 0.437500 0.363281 0.441406 0.367188 0.441406 0.398438 0.437500 0.402344 0.437500 0.421875 0.453125 0.421875 0.457031 0.417969 0.457031 0.402344 0.460938 0.398438 0.460938 0.390625 0.464844 0.386719 0.492188 0.386719 0.496094 0.390625 0.496094 0.410156 0.492188 0.414062 0.484375 0.414062 0.484375 0.421875 0.492188 0.421875 0.496094 0.425781 0.496094 0.449219 0.503906 0.449219 0.507812 0.445312 0.523438 0.445312 0.527344 0.449219 0.527344 0.457031 0.539062 0.457031 0.539062 0.445312 0.542969 0.441406 0.554688 0.441406 0.558594 0.437500 0.585938 0.437500 0.585938 0.421875 0.566406 0.421875 0.562500 0.417969 0.562500 0.402344 0.570312 0.394531 0.605469 0.394531 0.613281 0.386719 0.613281 0.363281 0.609375 0.359375 0.597656 0.359375 0.593750 0.355469 0.593750 0.343750 0.589844 0.343750 0.585938 0.339844 0.585938 0.335938 0.582031 0.332031 0.582031 0.308594 0.574219 0.308594 0.574219 0.320312 0.570312 0.324219 0.546875 0.324219 0.542969 0.328125 0.511719 0.328125 0.507812 0.324219 0.507812 0.316406 0.500000 0.316406 0.476562 0.339844 0.460938 0.339844 0.457031 0.343750 0.437500 0.343750 0.433594 0.339844 0.433594 0.324219 0.429688 0.324219 0.425781 0.320312 0.425781 0.312500 0.406250 0.312500 0.402344 0.308594 0.402344 0.285156 0.406250 0.281250 0.410156 0.281250 0.414062 0.277344 0.414062 0.273438 0.417969 0.269531 0.421875 0.269531 0.425781 0.265625 0.429688 0.265625 0.429688 0.257812 0.406250 0.257812 0.402344 0.253906 0.402344 0.218750 0.398438 0.214844 0.398438 0.210938 0.394531 0.207031 0.394531 0.183594 0.398438 0.179688 0.410156 0.179688 0.421875 0.167969 0.425781 0.167969 0.429688 0.164062 0.441406 0.164062 0.445312 0.160156 0.445312 0.148438
