2 0.878906 0.902344 0.875000 0.906250 0.867188 0.906250 0.855469 0.917969 0.855469 0.921875 0.851562 0.925781 0.851562 0.929688 0.843750 0.937500 0.824219 0.937500 0.816406 0.945312 0.816406 0.949219 0.812500 0.953125 0.781250 0.953125 0.781250 0.957031 0.777344 0.960938 0.746094 0.960938 0.738281 0.953125 0.734375 0.953125 0.730469 0.949219 0.718750 0.949219 0.714844 0.945312 0.714844 0.941406 0.710938 0.941406 0.707031 0.937500 0.699219 0.937500 0.695312 0.941406 0.691406 0.941406 0.691406 0.960938 0.687500 0.964844 0.683594 0.964844 0.679688 0.968750 0.675781 0.968750 0.675781 0.980469 0.699219 0.980469 0.707031 0.988281 0.707031 0.996094 0.718750 0.996094 0.718750 0.988281 0.722656 0.984375 0.753906 0.984375 0.753906 0.976562 0.757812 0.972656 0.785156 0.972656 0.789062 0.968750 0.843750 0.968750 0.847656 0.964844 0.847656 0.960938 0.855469 0.953125 0.859375 0.953125 0.859375 0.941406 0.863281 0.937500 0.875000 0.937500 0.878906 0.933594 0.890625 0.933594 0.890625 0.921875 0.886719 0.917969 0.886719 0.902344
2 0.734375 0.859375 0.734375 0.863281 0.722656 0.875000 0.722656 0.878906 0.718750 0.882812 0.714844 0.882812 0.710938 0.886719 0.703125 0.886719 0.703125 0.902344 0.714844 0.902344 0.718750 0.906250 0.750000 0.906250 0.753906 0.902344 0.757812 0.902344 0.757812 0.894531 0.746094 0.882812 0.746094 0.859375
2 0.949219 0.742188 0.949219 0.750000 0.957031 0.757812 0.957031 0.773438 0.953125 0.777344 0.953125 0.781250 0.945312 0.789062 0.945312 0.800781 0.941406 0.804688 0.910156 0.804688 0.906250 0.800781 0.906250 0.785156 0.910156 0.781250 0.925781 0.781250 0.925781 0.757812 0.921875 0.753906 0.906250 0.753906 0.902344 0.757812 0.902344 0.777344 0.898438 0.781250 0.890625 0.781250 0.890625 0.800781 0.894531 0.804688 0.894531 0.828125 0.898438 0.832031 0.898438 0.843750 0.902344 0.843750 0.906250 0.847656 0.906250 0.851562 0.910156 0.851562 0.914062 0.855469 0.914062 0.859375 0.921875 0.859375 0.933594 0.847656 0.937500 0.847656 0.937500 0.843750 0.945312 0.835938 0.949219 0.835938 0.953125 0.832031 0.957031 0.832031 0.957031 0.824219 0.960938 0.820312 0.960938 0.792969 0.964844 0.789062 0.968750 0.789062 0.968750 0.773438 0.960938 0.765625 0.960938 0.742188
2 0.585938 0.734375 0.582031 0.738281 0.582031 0.742188 0.578125 0.746094 0.574219 0.746094 0.574219 0.753906 0.578125 0.757812 0.578125 0.773438 0.582031 0.777344 0.582031 0.800781 0.578125 0.804688 0.578125 0.820312 0.582031 0.824219 0.582031 0.828125 0.585938 0.832031 0.585938 0.847656 0.597656 0.847656 0.601562 0.851562 0.601562 0.863281 0.636719 0.863281 0.640625 0.867188 0.664062 0.867188 0.664062 0.832031 0.671875 0.824219 0.671875 0.812500 0.675781 0.808594 0.695312 0.808594 0.695312 0.800781 0.703125 0.792969 0.703125 0.769531 0.695312 0.769531 0.695312 0.773438 0.691406 0.777344 0.691406 0.781250 0.687500 0.785156 0.683594 0.785156 0.683594 0.800781 0.679688 0.804688 0.648438 0.804688 0.644531 0.800781 0.644531 0.785156 0.640625 0.785156 0.636719 0.781250 0.636719 0.765625 0.625000 0.765625 0.621094 0.761719 0.621094 0.757812 0.617188 0.757812 0.613281 0.753906 0.613281 0.750000 0.601562 0.750000 0.597656 0.746094 0.597656 0.734375
2 0.343750 0.718750 0.343750 0.726562 0.351562 0.726562 0.351562 0.718750
2 0.300781 0.718750 0.296875 0.722656 0.292969 0.722656 0.289062 0.726562 0.289062 0.734375 0.292969 0.738281 0.292969 0.742188 0.300781 0.742188 0.304688 0.746094 0.308594 0.746094 0.312500 0.750000 0.343750 0.750000 0.347656 0.753906 0.347656 0.769531 0.343750 0.773438 0.332031 0.773438 0.332031 0.781250 0.335938 0.785156 0.335938 0.792969 0.343750 0.800781 0.347656 0.800781 0.351562 0.804688 0.355469 0.804688 0.359375 0.808594 0.363281 0.808594 0.367188 0.812500 0.371094 0.812500 0.390625 0.832031 0.394531 0.832031 0.398438 0.835938 0.402344 0.835938 0.406250 0.839844 0.414062 0.839844 0.414062 0.828125 0.410156 0.828125 0.402344 0.820312 0.402344 0.796875 0.406250 0.792969 0.406250 0.785156 0.410156 0.781250 0.410156 0.777344 0.414062 0.773438 0.414062 0.765625 0.410156 0.761719 0.406250 0.761719 0.402344 0.757812 0.398438 0.757812 0.394531 0.753906 0.371094 0.753906 0.367188 0.750000 0.332031 0.750000 0.328125 0.746094 0.328125 0.738281 0.320312 0.738281 0.312500 0.730469 0.312500 0.722656 0.308594 0.718750
2 0.867188 0.703125 0.867188 0.718750 0.878906 0.718750 0.882812 0.722656 0.882812 0.726562 0.894531 0.726562 0.894531 0.718750 0.890625 0.718750 0.886719 0.714844 0.886719 0.710938 0.878906 0.703125
2 0.125000 0.621094 0.125000 0.644531 0.128906 0.648438 0.128906 0.652344 0.136719 0.660156 0.136719 0.664062 0.140625 0.667969 0.140625 0.671875 0.160156 0.691406 0.160156 0.695312 0.164062 0.699219 0.164062 0.703125 0.171875 0.710938 0.175781 0.710938 0.179688 0.714844 0.199219 0.714844 0.199219 0.707031 0.195312 0.703125 0.195312 0.675781 0.199219 0.671875 0.199219 0.656250 0.195312 0.652344 0.175781 0.652344 0.171875 0.648438 0.144531 0.648438 0.140625 0.644531 0.140625 0.621094
2 0.144531 0.597656 0.144531 0.613281 0.156250 0.613281 0.156250 0.601562 0.152344 0.597656
2 0.582031 0.589844 0.582031 0.601562 0.605469 0.601562 0.605469 0.593750 0.601562 0.593750 0.597656 0.589844
2 0.714844 0.496094 0.714844 0.503906 0.718750 0.507812 0.722656 0.507812 0.726562 0.511719 0.730469 0.511719 0.734375 0.515625 0.734375 0.519531 0.742188 0.519531 0.746094 0.523438 0.746094 0.535156 0.753906 0.542969 0.757812 0.542969 0.761719 0.546875 0.761719 0.550781 0.765625 0.554688 0.777344 0.554688 0.781250 0.558594 0.781250 0.582031 0.800781 0.582031 0.804688 0.585938 0.804688 0.605469 0.808594 0.605469 0.812500 0.609375 0.812500 0.628906 0.808594 0.632812 0.800781 0.632812 0.796875 0.636719 0.750000 0.636719 0.746094 0.632812 0.734375 0.632812 0.730469 0.628906 0.718750 0.628906 0.707031 0.617188 0.699219 0.617188 0.699219 0.625000 0.695312 0.628906 0.687500 0.628906 0.687500 0.644531 0.683594 0.648438 0.671875 0.648438 0.667969 0.652344 0.660156 0.652344 0.660156 0.660156 0.667969 0.660156 0.671875 0.664062 0.671875 0.671875 0.691406 0.671875 0.695312 0.675781 0.695312 0.687500 0.699219 0.691406 0.710938 0.691406 0.714844 0.695312 0.742188 0.695312 0.746094 0.699219 0.746094 0.703125 0.773438 0.703125 0.781250 0.710938 0.792969 0.710938 0.792969 0.695312 0.796875 0.691406 0.839844 0.691406 0.839844 0.683594 0.835938 0.679688 0.832031 0.679688 0.828125 0.675781 0.828125 0.640625 0.832031 0.636719 0.835938 0.636719 0.839844 0.632812 0.839844 0.617188 0.843750 0.613281 0.843750 0.593750 0.808594 0.593750 0.804688 0.589844 0.804688 0.574219 0.800781 0.570312 0.800781 0.550781 0.804688 0.546875 0.808594 0.546875 0.816406 0.539062 0.816406 0.531250 0.812500 0.527344 0.812500 0.523438 0.808594 0.519531 0.804688 0.519531 0.800781 0.515625 0.800781 0.511719 0.796875 0.507812 0.796875 0.500000 0.792969 0.496094 0.785156 0.496094 0.785156 0.523438 0.777344 0.531250 0.761719 0.531250 0.757812 0.527344 0.757812 0.523438 0.750000 0.523438 0.746094 0.519531 0.746094 0.500000 0.726562 0.500000 0.722656 0.496094
2 0.761719 0.468750 0.761719 0.484375 0.773438 0.484375 0.773438 0.472656 0.769531 0.468750
2 0.562500 0.449219 0.562500 0.457031 0.570312 0.457031 0.570312 0.449219
2 0.449219 0.382812 0.445312 0.386719 0.433594 0.386719 0.429688 0.390625 0.429688 0.398438 0.433594 0.398438 0.445312 0.410156 0.453125 0.410156 0.457031 0.414062 0.457031 0.429688 0.460938 0.433594 0.460938 0.445312 0.464844 0.445312 0.468750 0.449219 0.480469 0.449219 0.480469 0.445312 0.484375 0.441406 0.484375 0.433594 0.476562 0.425781 0.476562 0.406250 0.468750 0.406250 0.464844 0.402344 0.464844 0.382812
2 0.347656 0.367188 0.343750 0.371094 0.335938 0.371094 0.335938 0.378906 0.339844 0.382812 0.339844 0.398438 0.335938 0.402344 0.328125 0.402344 0.328125 0.414062 0.332031 0.414062 0.339844 0.421875 0.343750 0.421875 0.347656 0.425781 0.355469 0.425781 0.355469 0.421875 0.363281 0.414062 0.363281 0.406250 0.359375 0.402344 0.359375 0.398438 0.355469 0.394531 0.355469 0.378906 0.359375 0.375000 0.359375 0.367188
2 0.453125 0.257812 0.453125 0.269531 0.449219 0.273438 0.433594 0.273438 0.433594 0.281250 0.445312 0.281250 0.449219 0.285156 0.449219 0.292969 0.453125 0.292969 0.457031 0.296875 0.457031 0.308594 0.460938 0.308594 0.464844 0.312500 0.464844 0.347656 0.480469 0.347656 0.480469 0.332031 0.484375 0.328125 0.500000 0.328125 0.507812 0.335938 0.507812 0.351562 0.511719 0.351562 0.515625 0.355469 0.515625 0.371094 0.511719 0.375000 0.507812 0.375000 0.507812 0.382812 0.535156 0.382812 0.539062 0.386719 0.539062 0.429688 0.535156 0.433594 0.527344 0.433594 0.527344 0.445312 0.531250 0.449219 0.531250 0.460938 0.535156 0.464844 0.535156 0.480469 0.539062 0.484375 0.539062 0.503906 0.531250 0.511719 0.515625 0.511719 0.511719 0.507812 0.511719 0.503906 0.503906 0.503906 0.500000 0.500000 0.500000 0.472656 0.496094 0.472656 0.492188 0.468750 0.484375 0.468750 0.476562 0.476562 0.472656 0.476562 0.472656 0.488281 0.480469 0.496094 0.492188 0.496094 0.496094 0.500000 0.496094 0.531250 0.500000 0.535156 0.500000 0.550781 0.496094 0.554688 0.480469 0.554688 0.476562 0.550781 0.476562 0.542969 0.464844 0.542969 0.460938 0.546875 0.457031 0.546875 0.457031 0.566406 0.453125 0.570312 0.449219 0.570312 0.449219 0.593750 0.445312 0.597656 0.429688 0.597656 0.425781 0.593750 0.425781 0.585938 0.421875 0.582031 0.417969 0.582031 0.414062 0.578125 0.414062 0.574219 0.406250 0.574219 0.406250 0.578125 0.398438 0.585938 0.371094 0.585938 0.367188 0.582031 0.351562 0.582031 0.347656 0.585938 0.343750 0.585938 0.339844 0.589844 0.339844 0.605469 0.335938 0.609375 0.335938 0.625000 0.343750 0.625000 0.343750 0.605469 0.347656 0.601562 0.363281 0.601562 0.367188 0.597656 0.386719 0.597656 0.394531 0.605469 0.394531 0.621094 0.386719 0.628906 0.378906 0.628906 0.367188 0.640625 0.363281 0.640625 0.363281 0.648438 0.367188 0.652344 0.367188 0.656250 0.371094 0.660156 0.371094 0.679688 0.386719 0.679688 0.390625 0.683594 0.402344 0.683594 0.402344 0.679688 0.406250 0.675781 0.414062 0.675781 0.414062 0.648438 0.417969 0.644531 0.417969 0.640625 0.421875 0.636719 0.421875 0.632812 0.425781 0.628906 0.429688 0.628906 0.433594 0.625000 0.460938 0.625000 0.468750 0.617188 0.468750 0.609375 0.464844 0.609375 0.460938 0.605469 0.460938 0.601562 0.457031 0.597656 0.457031 0.566406 0.460938 0.562500 0.488281 0.562500 0.492188 0.566406 0.492188 0.570312 0.503906 0.570312 0.507812 0.574219 0.507812 0.578125 0.515625 0.578125 0.519531 0.582031 0.519531 0.585938 0.542969 0.585938 0.542969 0.578125 0.546875 0.574219 0.578125 0.574219 0.578125 0.562500 0.574219 0.558594 0.574219 0.554688 0.566406 0.546875 0.566406 0.531250 0.570312 0.527344 0.578125 0.527344 0.578125 0.523438 0.582031 0.519531 0.582031 0.507812 0.585938 0.503906 0.605469 0.503906 0.605469 0.496094 0.601562 0.496094 0.597656 0.492188 0.597656 0.488281 0.593750 0.484375 0.582031 0.484375 0.582031 0.496094 0.578125 0.500000 0.562500 0.500000 0.558594 0.496094 0.558594 0.472656 0.542969 0.472656 0.539062 0.468750 0.539062 0.445312 0.542969 0.441406 0.558594 0.441406 0.558594 0.425781 0.554688 0.425781 0.550781 0.421875 0.550781 0.371094 0.558594 0.363281 0.570312 0.363281 0.578125 0.355469 0.597656 0.355469 0.609375 0.367188 0.609375 0.382812 0.605469 0.386719 0.605469 0.402344 0.601562 0.406250 0.597656 0.406250 0.593750 0.410156 0.593750 0.417969 0.617188 0.417969 0.621094 0.421875 0.621094 0.429688 0.628906 0.429688 0.632812 0.425781 0.632812 0.417969 0.628906 0.414062 0.625000 0.414062 0.621094 0.410156 0.617188 0.410156 0.613281 0.406250 0.613281 0.386719 0.617188 0.382812 0.636719 0.382812 0.640625 0.386719 0.652344 0.386719 0.652344 0.363281 0.656250 0.359375 0.664062 0.359375 0.664062 0.347656 0.660156 0.343750 0.660156 0.324219 0.664062 0.320312 0.664062 0.308594 0.667969 0.304688 0.695312 0.304688 0.699219 0.300781 0.718750 0.300781 0.722656 0.304688 0.722656 0.312500 0.738281 0.312500 0.738281 0.304688 0.734375 0.300781 0.722656 0.300781 0.718750 0.296875 0.718750 0.292969 0.699219 0.292969 0.695312 0.289062 0.660156 0.289062 0.656250 0.285156 0.648438 0.285156 0.648438 0.289062 0.644531 0.292969 0.625000 0.292969 0.625000 0.304688 0.632812 0.312500 0.632812 0.332031 0.628906 0.335938 0.628906 0.339844 0.625000 0.343750 0.609375 0.343750 0.601562 0.335938 0.585938 0.335938 0.582031 0.339844 0.550781 0.339844 0.546875 0.335938 0.542969 0.335938 0.539062 0.332031 0.531250 0.332031 0.527344 0.328125 0.523438 0.328125 0.519531 0.324219 0.515625 0.324219 0.511719 0.320312 0.507812 0.320312 0.503906 0.316406 0.492188 0.316406 0.488281 0.312500 0.488281 0.296875 0.492188 0.292969 0.496094 0.292969 0.500000 0.289062 0.500000 0.281250 0.496094 0.277344 0.496094 0.273438 0.492188 0.269531 0.472656 0.269531 0.460938 0.257812
2 0.171875 0.203125 0.167969 0.207031 0.167969 0.210938 0.164062 0.214844 0.148438 0.214844 0.148438 0.222656 0.140625 0.230469 0.125000 0.230469 0.121094 0.226562 0.121094 0.210938 0.097656 0.210938 0.097656 0.218750 0.101562 0.218750 0.105469 0.222656 0.105469 0.238281 0.109375 0.242188 0.117188 0.242188 0.121094 0.246094 0.121094 0.253906 0.125000 0.253906 0.128906 0.257812 0.136719 0.257812 0.140625 0.261719 0.140625 0.265625 0.156250 0.265625 0.160156 0.269531 0.160156 0.285156 0.156250 0.289062 0.152344 0.289062 0.148438 0.292969 0.140625 0.292969 0.140625 0.296875 0.136719 0.300781 0.132812 0.300781 0.128906 0.304688 0.125000 0.304688 0.125000 0.308594 0.121094 0.312500 0.113281 0.312500 0.113281 0.335938 0.109375 0.339844 0.097656 0.339844 0.097656 0.343750 0.093750 0.347656 0.093750 0.355469 0.125000 0.355469 0.128906 0.359375 0.132812 0.359375 0.136719 0.363281 0.136719 0.386719 0.132812 0.390625 0.121094 0.390625 0.121094 0.402344 0.125000 0.406250 0.125000 0.410156 0.152344 0.410156 0.156250 0.414062 0.156250 0.460938 0.160156 0.464844 0.164062 0.464844 0.167969 0.468750 0.167969 0.476562 0.171875 0.480469 0.171875 0.484375 0.179688 0.484375 0.183594 0.488281 0.183594 0.492188 0.187500 0.492188 0.191406 0.496094 0.191406 0.503906 0.195312 0.507812 0.203125 0.507812 0.207031 0.511719 0.207031 0.519531 0.218750 0.519531 0.226562 0.527344 0.238281 0.527344 0.238281 0.519531 0.242188 0.515625 0.265625 0.515625 0.269531 0.519531 0.277344 0.519531 0.281250 0.523438 0.281250 0.539062 0.304688 0.539062 0.308594 0.542969 0.312500 0.542969 0.316406 0.546875 0.332031 0.546875 0.335938 0.542969 0.339844 0.542969 0.339844 0.519531 0.332031 0.519531 0.328125 0.515625 0.328125 0.500000 0.332031 0.496094 0.332031 0.480469 0.320312 0.480469 0.316406 0.484375 0.281250 0.484375 0.281250 0.488281 0.277344 0.492188 0.277344 0.500000 0.273438 0.503906 0.253906 0.503906 0.250000 0.500000 0.250000 0.484375 0.253906 0.480469 0.253906 0.460938 0.257812 0.457031 0.269531 0.457031 0.277344 0.449219 0.277344 0.441406 0.273438 0.437500 0.273438 0.433594 0.257812 0.433594 0.253906 0.429688 0.253906 0.414062 0.257812 0.410156 0.257812 0.402344 0.253906 0.398438 0.253906 0.386719 0.250000 0.382812 0.250000 0.378906 0.238281 0.378906 0.234375 0.375000 0.226562 0.375000 0.226562 0.378906 0.222656 0.382812 0.222656 0.386719 0.214844 0.394531 0.214844 0.414062 0.218750 0.417969 0.222656 0.417969 0.226562 0.421875 0.226562 0.437500 0.222656 0.441406 0.183594 0.441406 0.179688 0.437500 0.179688 0.425781 0.175781 0.421875 0.175781 0.406250 0.179688 0.402344 0.179688 0.394531 0.175781 0.390625 0.175781 0.386719 0.171875 0.382812 0.171875 0.378906 0.167969 0.375000 0.167969 0.367188 0.156250 0.367188 0.152344 0.363281 0.144531 0.363281 0.140625 0.359375 0.140625 0.343750 0.144531 0.339844 0.148438 0.339844 0.152344 0.335938 0.152344 0.324219 0.156250 0.320312 0.156250 0.316406 0.160156 0.312500 0.164062 0.312500 0.167969 0.308594 0.167969 0.296875 0.164062 0.292969 0.164062 0.273438 0.167969 0.269531 0.171875 0.269531 0.171875 0.265625 0.179688 0.257812 0.191406 0.257812 0.191406 0.253906 0.195312 0.250000 0.195312 0.218750 0.191406 0.218750 0.187500 0.214844 0.187500 0.210938 0.183594 0.207031 0.183594 0.203125
2 0.437500 0.191406 0.437500 0.199219 0.449219 0.199219 0.449219 0.191406
2 0.050781 0.179688 0.050781 0.203125 0.046875 0.207031 0.046875 0.253906 0.039062 0.261719 0.039062 0.285156 0.054688 0.285156 0.058594 0.289062 0.058594 0.296875 0.078125 0.296875 0.082031 0.300781 0.097656 0.300781 0.097656 0.292969 0.093750 0.292969 0.089844 0.289062 0.089844 0.277344 0.085938 0.277344 0.082031 0.273438 0.078125 0.273438 0.074219 0.269531 0.074219 0.242188 0.078125 0.238281 0.078125 0.230469 0.074219 0.226562 0.074219 0.214844 0.070312 0.210938 0.070312 0.207031 0.062500 0.207031 0.058594 0.203125 0.058594 0.179688
2 0.511719 0.156250 0.511719 0.171875 0.507812 0.175781 0.496094 0.175781 0.496094 0.199219 0.492188 0.203125 0.492188 0.210938 0.496094 0.214844 0.503906 0.214844 0.507812 0.218750 0.511719 0.218750 0.527344 0.234375 0.527344 0.242188 0.535156 0.242188 0.542969 0.250000 0.542969 0.296875 0.546875 0.300781 0.546875 0.304688 0.554688 0.304688 0.554688 0.296875 0.558594 0.292969 0.558594 0.285156 0.562500 0.281250 0.562500 0.242188 0.558594 0.242188 0.554688 0.238281 0.554688 0.230469 0.550781 0.226562 0.550781 0.222656 0.546875 0.218750 0.546875 0.214844 0.535156 0.214844 0.531250 0.210938 0.531250 0.207031 0.527344 0.203125 0.527344 0.187500 0.531250 0.183594 0.535156 0.183594 0.539062 0.179688 0.539062 0.171875 0.527344 0.160156 0.523438 0.160156 0.519531 0.156250
2 0.406250 0.156250 0.406250 0.164062 0.410156 0.167969 0.410156 0.171875 0.417969 0.171875 0.417969 0.164062 0.414062 0.160156 0.414062 0.156250
2 0.070312 0.136719 0.066406 0.140625 0.066406 0.148438 0.062500 0.152344 0.062500 0.167969 0.070312 0.167969 0.085938 0.152344 0.085938 0.144531 0.082031 0.144531 0.078125 0.140625 0.078125 0.136719
2 0.335938 0.125000 0.335938 0.152344 0.332031 0.156250 0.332031 0.175781 0.339844 0.175781 0.343750 0.179688 0.347656 0.179688 0.351562 0.183594 0.363281 0.183594 0.367188 0.179688 0.367188 0.175781 0.371094 0.171875 0.371094 0.167969 0.375000 0.164062 0.378906 0.164062 0.378906 0.152344 0.355469 0.152344 0.351562 0.148438 0.351562 0.132812 0.347656 0.128906 0.347656 0.125000
2 0.246094 0.117188 0.246094 0.125000 0.250000 0.125000 0.253906 0.128906 0.253906 0.136719 0.257812 0.140625 0.257812 0.164062 0.265625 0.164062 0.269531 0.160156 0.277344 0.160156 0.277344 0.152344 0.273438 0.152344 0.269531 0.148438 0.269531 0.136719 0.265625 0.136719 0.261719 0.132812 0.261719 0.128906 0.257812 0.128906 0.253906 0.125000 0.253906 0.117188
2 0.179688 0.062500 0.175781 0.066406 0.171875 0.066406 0.164062 0.074219 0.160156 0.074219 0.148438 0.085938 0.148438 0.105469 0.144531 0.109375 0.144531 0.125000 0.148438 0.128906 0.152344 0.128906 0.156250 0.132812 0.156250 0.148438 0.171875 0.148438 0.175781 0.152344 0.175781 0.160156 0.187500 0.160156 0.187500 0.140625 0.191406 0.136719 0.195312 0.136719 0.199219 0.132812 0.203125 0.132812 0.207031 0.128906 0.210938 0.128906 0.218750 0.121094 0.218750 0.097656 0.214844 0.097656 0.210938 0.093750 0.210938 0.089844 0.203125 0.082031 0.203125 0.070312 0.199219 0.070312 0.195312 0.066406 0.195312 0.062500
