2 0.437500 0.867188 0.433594 0.871094 0.433594 0.882812 0.457031 0.882812 0.460938 0.886719 0.488281 0.886719 0.488281 0.878906 0.484375 0.875000 0.480469 0.875000 0.476562 0.871094 0.464844 0.871094 0.460938 0.867188
2 0.683594 0.855469 0.683594 0.863281 0.691406 0.863281 0.691406 0.855469
2 0.613281 0.828125 0.609375 0.832031 0.601562 0.832031 0.597656 0.835938 0.593750 0.835938 0.589844 0.839844 0.558594 0.839844 0.554688 0.843750 0.554688 0.882812 0.550781 0.886719 0.523438 0.886719 0.523438 0.898438 0.527344 0.898438 0.535156 0.906250 0.542969 0.906250 0.546875 0.902344 0.546875 0.898438 0.550781 0.894531 0.578125 0.894531 0.582031 0.898438 0.605469 0.898438 0.609375 0.902344 0.609375 0.925781 0.613281 0.929688 0.621094 0.929688 0.628906 0.921875 0.632812 0.921875 0.636719 0.917969 0.636719 0.914062 0.640625 0.910156 0.640625 0.902344 0.644531 0.898438 0.648438 0.898438 0.652344 0.894531 0.652344 0.886719 0.648438 0.882812 0.644531 0.882812 0.636719 0.875000 0.636719 0.855469 0.632812 0.851562 0.632812 0.839844 0.628906 0.835938 0.628906 0.832031 0.625000 0.828125
2 0.746094 0.773438 0.746094 0.781250 0.753906 0.781250 0.753906 0.773438
2 0.519531 0.656250 0.519531 0.664062 0.527344 0.664062 0.527344 0.656250
2 0.824219 0.628906 0.820312 0.632812 0.816406 0.632812 0.816406 0.636719 0.812500 0.640625 0.796875 0.640625 0.792969 0.644531 0.792969 0.648438 0.789062 0.652344 0.781250 0.652344 0.781250 0.660156 0.785156 0.664062 0.785156 0.687500 0.777344 0.695312 0.777344 0.699219 0.773438 0.703125 0.773438 0.710938 0.777344 0.714844 0.777344 0.726562 0.800781 0.726562 0.800781 0.695312 0.804688 0.691406 0.812500 0.691406 0.812500 0.683594 0.808594 0.683594 0.804688 0.679688 0.800781 0.679688 0.796875 0.675781 0.796875 0.656250 0.800781 0.652344 0.808594 0.652344 0.812500 0.648438 0.824219 0.648438 0.824219 0.644531 0.828125 0.640625 0.835938 0.640625 0.835938 0.628906
2 0.367188 0.609375 0.367188 0.625000 0.371094 0.628906 0.394531 0.628906 0.398438 0.632812 0.398438 0.687500 0.394531 0.691406 0.371094 0.691406 0.367188 0.687500 0.359375 0.687500 0.355469 0.683594 0.355469 0.660156 0.343750 0.660156 0.335938 0.667969 0.328125 0.667969 0.328125 0.683594 0.332031 0.687500 0.335938 0.687500 0.339844 0.691406 0.339844 0.695312 0.343750 0.699219 0.355469 0.699219 0.359375 0.703125 0.359375 0.707031 0.394531 0.707031 0.398438 0.710938 0.425781 0.710938 0.429688 0.714844 0.429688 0.730469 0.425781 0.734375 0.414062 0.734375 0.414062 0.742188 0.425781 0.742188 0.429688 0.738281 0.453125 0.738281 0.457031 0.742188 0.457031 0.746094 0.468750 0.746094 0.472656 0.750000 0.472656 0.765625 0.503906 0.765625 0.511719 0.757812 0.523438 0.757812 0.527344 0.753906 0.531250 0.753906 0.531250 0.746094 0.527344 0.742188 0.527344 0.726562 0.531250 0.722656 0.539062 0.722656 0.542969 0.718750 0.542969 0.710938 0.535156 0.710938 0.531250 0.707031 0.531250 0.699219 0.511719 0.699219 0.507812 0.703125 0.507812 0.710938 0.503906 0.714844 0.484375 0.714844 0.480469 0.710938 0.480469 0.707031 0.468750 0.695312 0.468750 0.691406 0.464844 0.691406 0.460938 0.687500 0.453125 0.687500 0.449219 0.683594 0.449219 0.667969 0.453125 0.664062 0.457031 0.664062 0.460938 0.660156 0.460938 0.652344 0.464844 0.648438 0.484375 0.648438 0.488281 0.644531 0.488281 0.621094 0.484375 0.617188 0.484375 0.609375 0.476562 0.609375 0.476562 0.628906 0.472656 0.632812 0.472656 0.644531 0.468750 0.648438 0.445312 0.648438 0.441406 0.644531 0.441406 0.640625 0.433594 0.640625 0.425781 0.632812 0.417969 0.632812 0.414062 0.628906 0.406250 0.628906 0.402344 0.625000 0.402344 0.621094 0.398438 0.621094 0.390625 0.613281 0.386719 0.613281 0.382812 0.609375
2 0.296875 0.597656 0.296875 0.605469 0.289062 0.613281 0.277344 0.613281 0.273438 0.617188 0.273438 0.625000 0.277344 0.628906 0.304688 0.628906 0.304688 0.625000 0.308594 0.621094 0.312500 0.621094 0.316406 0.617188 0.320312 0.617188 0.320312 0.601562 0.316406 0.601562 0.312500 0.597656
2 0.484375 0.519531 0.484375 0.550781 0.480469 0.554688 0.460938 0.554688 0.457031 0.550781 0.457031 0.546875 0.433594 0.546875 0.433594 0.554688 0.429688 0.558594 0.425781 0.558594 0.425781 0.570312 0.429688 0.574219 0.429688 0.578125 0.433594 0.582031 0.433594 0.601562 0.441406 0.601562 0.441406 0.589844 0.445312 0.585938 0.460938 0.585938 0.468750 0.578125 0.484375 0.578125 0.484375 0.558594 0.488281 0.554688 0.503906 0.554688 0.503906 0.527344 0.500000 0.523438 0.496094 0.523438 0.492188 0.519531
2 0.796875 0.484375 0.796875 0.496094 0.816406 0.496094 0.816406 0.484375
2 0.437500 0.476562 0.433594 0.480469 0.433594 0.484375 0.429688 0.488281 0.429688 0.500000 0.433594 0.503906 0.449219 0.503906 0.449219 0.500000 0.453125 0.496094 0.468750 0.496094 0.472656 0.500000 0.480469 0.500000 0.480469 0.488281 0.484375 0.484375 0.500000 0.484375 0.503906 0.488281 0.503906 0.492188 0.511719 0.492188 0.511719 0.476562 0.500000 0.476562 0.500000 0.480469 0.496094 0.484375 0.480469 0.484375 0.476562 0.480469 0.453125 0.480469 0.449219 0.476562
2 0.546875 0.472656 0.546875 0.488281 0.542969 0.492188 0.542969 0.503906 0.546875 0.507812 0.546875 0.511719 0.550781 0.515625 0.566406 0.515625 0.570312 0.511719 0.570312 0.500000 0.566406 0.496094 0.566406 0.472656
2 0.582031 0.410156 0.582031 0.421875 0.589844 0.421875 0.589844 0.410156
2 0.640625 0.406250 0.640625 0.414062 0.644531 0.417969 0.644531 0.425781 0.652344 0.425781 0.652344 0.414062 0.648438 0.410156 0.648438 0.406250
2 0.320312 0.394531 0.316406 0.398438 0.316406 0.417969 0.312500 0.421875 0.308594 0.421875 0.308594 0.429688 0.312500 0.433594 0.312500 0.453125 0.304688 0.460938 0.292969 0.460938 0.289062 0.464844 0.289062 0.472656 0.296875 0.472656 0.300781 0.476562 0.304688 0.476562 0.308594 0.480469 0.339844 0.480469 0.343750 0.484375 0.343750 0.503906 0.347656 0.503906 0.351562 0.507812 0.351562 0.515625 0.363281 0.515625 0.367188 0.511719 0.367188 0.500000 0.359375 0.492188 0.359375 0.476562 0.363281 0.472656 0.371094 0.472656 0.371094 0.433594 0.367188 0.429688 0.367188 0.421875 0.343750 0.421875 0.339844 0.417969 0.339844 0.406250 0.335938 0.402344 0.332031 0.402344 0.328125 0.398438 0.328125 0.394531
2 0.195312 0.390625 0.195312 0.394531 0.191406 0.398438 0.191406 0.406250 0.195312 0.410156 0.195312 0.414062 0.203125 0.421875 0.203125 0.425781 0.210938 0.425781 0.214844 0.429688 0.222656 0.429688 0.226562 0.433594 0.246094 0.433594 0.246094 0.425781 0.242188 0.421875 0.242188 0.417969 0.234375 0.417969 0.230469 0.414062 0.218750 0.414062 0.214844 0.410156 0.214844 0.406250 0.207031 0.398438 0.207031 0.394531 0.203125 0.390625
2 0.410156 0.382812 0.410156 0.386719 0.406250 0.390625 0.402344 0.390625 0.402344 0.402344 0.410156 0.402344 0.414062 0.406250 0.414062 0.414062 0.417969 0.414062 0.421875 0.417969 0.425781 0.417969 0.429688 0.421875 0.437500 0.421875 0.441406 0.425781 0.460938 0.425781 0.460938 0.417969 0.453125 0.417969 0.449219 0.414062 0.445312 0.414062 0.441406 0.410156 0.441406 0.394531 0.437500 0.390625 0.421875 0.390625 0.417969 0.386719 0.417969 0.382812
2 0.722656 0.238281 0.722656 0.246094 0.734375 0.246094 0.738281 0.250000 0.738281 0.289062 0.750000 0.289062 0.750000 0.269531 0.753906 0.265625 0.777344 0.265625 0.777344 0.250000 0.738281 0.250000 0.734375 0.246094 0.734375 0.238281
2 0.812500 0.226562 0.808594 0.230469 0.804688 0.230469 0.804688 0.234375 0.800781 0.238281 0.800781 0.250000 0.808594 0.250000 0.808594 0.246094 0.812500 0.242188 0.835938 0.242188 0.839844 0.246094 0.839844 0.261719 0.835938 0.265625 0.824219 0.265625 0.824219 0.273438 0.820312 0.277344 0.820312 0.281250 0.816406 0.285156 0.816406 0.289062 0.812500 0.292969 0.808594 0.292969 0.804688 0.296875 0.804688 0.308594 0.808594 0.308594 0.812500 0.312500 0.812500 0.332031 0.808594 0.335938 0.789062 0.335938 0.785156 0.332031 0.765625 0.332031 0.761719 0.328125 0.750000 0.328125 0.746094 0.324219 0.746094 0.320312 0.742188 0.320312 0.734375 0.312500 0.734375 0.300781 0.710938 0.300781 0.707031 0.296875 0.707031 0.292969 0.695312 0.292969 0.695312 0.296875 0.691406 0.300781 0.687500 0.300781 0.687500 0.304688 0.683594 0.308594 0.679688 0.308594 0.675781 0.312500 0.660156 0.312500 0.656250 0.308594 0.656250 0.304688 0.640625 0.304688 0.636719 0.300781 0.636719 0.285156 0.632812 0.285156 0.628906 0.281250 0.628906 0.273438 0.621094 0.273438 0.621094 0.285156 0.617188 0.289062 0.585938 0.289062 0.582031 0.285156 0.582031 0.281250 0.566406 0.281250 0.562500 0.285156 0.558594 0.285156 0.558594 0.300781 0.566406 0.308594 0.566406 0.324219 0.562500 0.328125 0.562500 0.351562 0.558594 0.355469 0.554688 0.355469 0.554688 0.367188 0.558594 0.371094 0.578125 0.371094 0.582031 0.375000 0.582031 0.378906 0.597656 0.378906 0.601562 0.375000 0.605469 0.375000 0.609375 0.371094 0.628906 0.371094 0.632812 0.375000 0.644531 0.375000 0.644531 0.367188 0.648438 0.363281 0.664062 0.363281 0.667969 0.367188 0.667969 0.371094 0.675781 0.371094 0.679688 0.375000 0.679688 0.378906 0.683594 0.382812 0.718750 0.382812 0.722656 0.386719 0.722656 0.402344 0.718750 0.406250 0.714844 0.406250 0.714844 0.414062 0.710938 0.417969 0.691406 0.417969 0.691406 0.433594 0.687500 0.437500 0.687500 0.445312 0.699219 0.445312 0.707031 0.453125 0.707031 0.484375 0.703125 0.488281 0.687500 0.488281 0.683594 0.484375 0.683594 0.472656 0.660156 0.472656 0.656250 0.468750 0.656250 0.457031 0.652344 0.453125 0.621094 0.453125 0.613281 0.445312 0.613281 0.429688 0.601562 0.429688 0.601562 0.449219 0.597656 0.453125 0.597656 0.476562 0.593750 0.480469 0.593750 0.535156 0.589844 0.539062 0.589844 0.562500 0.585938 0.566406 0.566406 0.566406 0.562500 0.562500 0.562500 0.542969 0.554688 0.542969 0.550781 0.546875 0.550781 0.554688 0.554688 0.554688 0.558594 0.558594 0.558594 0.574219 0.554688 0.578125 0.531250 0.578125 0.531250 0.582031 0.527344 0.585938 0.500000 0.585938 0.500000 0.597656 0.527344 0.597656 0.535156 0.605469 0.535156 0.625000 0.531250 0.628906 0.531250 0.640625 0.539062 0.640625 0.539062 0.625000 0.542969 0.621094 0.542969 0.605469 0.546875 0.601562 0.574219 0.601562 0.574219 0.589844 0.578125 0.585938 0.593750 0.585938 0.597656 0.589844 0.597656 0.601562 0.601562 0.605469 0.601562 0.609375 0.609375 0.609375 0.613281 0.613281 0.613281 0.632812 0.609375 0.636719 0.609375 0.644531 0.613281 0.648438 0.621094 0.648438 0.625000 0.644531 0.625000 0.640625 0.628906 0.636719 0.648438 0.636719 0.652344 0.640625 0.652344 0.660156 0.648438 0.664062 0.644531 0.664062 0.644531 0.667969 0.640625 0.671875 0.632812 0.671875 0.632812 0.675781 0.628906 0.679688 0.628906 0.703125 0.625000 0.707031 0.621094 0.707031 0.617188 0.710938 0.613281 0.710938 0.613281 0.726562 0.617188 0.730469 0.617188 0.742188 0.621094 0.746094 0.621094 0.765625 0.625000 0.769531 0.625000 0.785156 0.628906 0.789062 0.628906 0.804688 0.644531 0.804688 0.648438 0.808594 0.656250 0.808594 0.660156 0.812500 0.660156 0.851562 0.667969 0.851562 0.667969 0.835938 0.675781 0.828125 0.675781 0.824219 0.679688 0.820312 0.710938 0.820312 0.714844 0.824219 0.714844 0.859375 0.718750 0.863281 0.726562 0.863281 0.726562 0.851562 0.730469 0.847656 0.734375 0.847656 0.738281 0.843750 0.750000 0.843750 0.750000 0.835938 0.746094 0.832031 0.746094 0.828125 0.742188 0.824219 0.742188 0.812500 0.730469 0.812500 0.730469 0.816406 0.726562 0.820312 0.707031 0.820312 0.703125 0.816406 0.703125 0.812500 0.695312 0.812500 0.691406 0.808594 0.683594 0.808594 0.683594 0.812500 0.679688 0.816406 0.664062 0.816406 0.660156 0.812500 0.660156 0.789062 0.652344 0.789062 0.648438 0.785156 0.648438 0.781250 0.644531 0.777344 0.644531 0.761719 0.648438 0.757812 0.652344 0.757812 0.652344 0.750000 0.660156 0.742188 0.667969 0.742188 0.671875 0.738281 0.671875 0.714844 0.675781 0.710938 0.714844 0.710938 0.718750 0.714844 0.718750 0.718750 0.722656 0.722656 0.730469 0.722656 0.730469 0.710938 0.718750 0.710938 0.714844 0.707031 0.714844 0.695312 0.699219 0.695312 0.695312 0.691406 0.695312 0.675781 0.703125 0.667969 0.718750 0.667969 0.718750 0.656250 0.722656 0.652344 0.722656 0.628906 0.726562 0.625000 0.730469 0.625000 0.738281 0.617188 0.738281 0.609375 0.734375 0.609375 0.726562 0.601562 0.726562 0.585938 0.718750 0.585938 0.718750 0.597656 0.714844 0.601562 0.714844 0.605469 0.710938 0.609375 0.695312 0.609375 0.691406 0.605469 0.691406 0.593750 0.683594 0.593750 0.679688 0.589844 0.671875 0.589844 0.671875 0.593750 0.667969 0.597656 0.640625 0.597656 0.636719 0.593750 0.636719 0.578125 0.640625 0.574219 0.644531 0.574219 0.648438 0.570312 0.656250 0.570312 0.656250 0.566406 0.660156 0.562500 0.660156 0.550781 0.664062 0.546875 0.679688 0.546875 0.683594 0.550781 0.714844 0.550781 0.718750 0.554688 0.730469 0.554688 0.734375 0.558594 0.734375 0.566406 0.742188 0.566406 0.746094 0.562500 0.769531 0.562500 0.769531 0.546875 0.757812 0.546875 0.753906 0.550781 0.730469 0.550781 0.726562 0.546875 0.722656 0.546875 0.718750 0.542969 0.718750 0.527344 0.722656 0.523438 0.722656 0.503906 0.714844 0.503906 0.710938 0.500000 0.710938 0.476562 0.714844 0.472656 0.714844 0.468750 0.718750 0.464844 0.722656 0.464844 0.722656 0.449219 0.730469 0.441406 0.746094 0.441406 0.750000 0.437500 0.750000 0.429688 0.753906 0.425781 0.769531 0.425781 0.769531 0.417969 0.761719 0.417969 0.757812 0.421875 0.730469 0.421875 0.726562 0.417969 0.726562 0.390625 0.730469 0.386719 0.746094 0.386719 0.750000 0.390625 0.765625 0.390625 0.769531 0.394531 0.773438 0.394531 0.777344 0.398438 0.796875 0.398438 0.800781 0.402344 0.800781 0.410156 0.804688 0.410156 0.812500 0.417969 0.812500 0.425781 0.816406 0.429688 0.816406 0.433594 0.820312 0.437500 0.820312 0.460938 0.824219 0.464844 0.832031 0.464844 0.843750 0.453125 0.843750 0.429688 0.847656 0.425781 0.855469 0.425781 0.855469 0.398438 0.824219 0.398438 0.820312 0.394531 0.820312 0.355469 0.824219 0.351562 0.828125 0.351562 0.828125 0.343750 0.820312 0.343750 0.816406 0.339844 0.816406 0.324219 0.820312 0.320312 0.824219 0.320312 0.824219 0.308594 0.828125 0.304688 0.828125 0.292969 0.832031 0.289062 0.835938 0.289062 0.839844 0.285156 0.839844 0.281250 0.843750 0.277344 0.855469 0.277344 0.855469 0.269531 0.859375 0.265625 0.859375 0.253906 0.863281 0.250000 0.863281 0.242188 0.855469 0.242188 0.851562 0.238281 0.839844 0.238281 0.835938 0.234375 0.835938 0.226562
2 0.703125 0.222656 0.703125 0.230469 0.710938 0.230469 0.710938 0.222656
2 0.640625 0.175781 0.640625 0.179688 0.636719 0.183594 0.636719 0.191406 0.652344 0.191406 0.652344 0.175781
2 0.671875 0.152344 0.671875 0.156250 0.667969 0.160156 0.667969 0.167969 0.683594 0.167969 0.687500 0.164062 0.687500 0.156250 0.683594 0.156250 0.679688 0.152344
2 0.371094 0.152344 0.371094 0.156250 0.367188 0.160156 0.351562 0.160156 0.347656 0.164062 0.332031 0.164062 0.324219 0.171875 0.320312 0.171875 0.316406 0.175781 0.312500 0.175781 0.312500 0.183594 0.320312 0.191406 0.332031 0.191406 0.343750 0.179688 0.347656 0.179688 0.351562 0.175781 0.355469 0.175781 0.363281 0.167969 0.367188 0.167969 0.367188 0.164062 0.371094 0.160156 0.378906 0.160156 0.378906 0.152344
2 0.515625 0.062500 0.500000 0.078125 0.500000 0.089844 0.511719 0.089844 0.515625 0.085938 0.535156 0.085938 0.539062 0.089844 0.539062 0.097656 0.542969 0.097656 0.546875 0.101562 0.546875 0.105469 0.550781 0.105469 0.554688 0.109375 0.554688 0.125000 0.550781 0.128906 0.550781 0.152344 0.546875 0.156250 0.542969 0.156250 0.539062 0.160156 0.492188 0.160156 0.488281 0.156250 0.488281 0.148438 0.472656 0.148438 0.468750 0.144531 0.468750 0.121094 0.457031 0.121094 0.453125 0.125000 0.449219 0.125000 0.445312 0.128906 0.437500 0.128906 0.433594 0.132812 0.417969 0.132812 0.417969 0.140625 0.421875 0.144531 0.421875 0.148438 0.425781 0.148438 0.429688 0.152344 0.433594 0.152344 0.437500 0.156250 0.437500 0.179688 0.433594 0.183594 0.433594 0.191406 0.437500 0.195312 0.445312 0.195312 0.445312 0.179688 0.449219 0.175781 0.449219 0.171875 0.453125 0.167969 0.460938 0.167969 0.468750 0.160156 0.503906 0.160156 0.507812 0.164062 0.507812 0.171875 0.519531 0.171875 0.523438 0.175781 0.523438 0.183594 0.527344 0.183594 0.535156 0.191406 0.535156 0.199219 0.554688 0.199219 0.558594 0.203125 0.558594 0.207031 0.566406 0.207031 0.566406 0.199219 0.574219 0.191406 0.574219 0.179688 0.578125 0.175781 0.578125 0.152344 0.582031 0.148438 0.601562 0.148438 0.601562 0.132812 0.605469 0.128906 0.632812 0.128906 0.636719 0.132812 0.636719 0.152344 0.644531 0.152344 0.644531 0.140625 0.648438 0.136719 0.652344 0.136719 0.652344 0.128906 0.628906 0.128906 0.625000 0.125000 0.625000 0.121094 0.621094 0.121094 0.617188 0.117188 0.570312 0.117188 0.562500 0.109375 0.562500 0.101562 0.558594 0.097656 0.558594 0.089844 0.554688 0.085938 0.554688 0.082031 0.550781 0.082031 0.546875 0.078125 0.527344 0.078125 0.523438 0.074219 0.523438 0.062500
