2 0.355469 0.906250 0.347656 0.914062 0.343750 0.914062 0.343750 0.929688 0.394531 0.929688 0.398438 0.925781 0.406250 0.925781 0.410156 0.921875 0.414062 0.921875 0.414062 0.910156 0.410156 0.910156 0.406250 0.906250
2 0.871094 0.750000 0.871094 0.757812 0.867188 0.761719 0.867188 0.765625 0.855469 0.777344 0.855469 0.781250 0.851562 0.785156 0.847656 0.785156 0.847656 0.792969 0.843750 0.796875 0.843750 0.800781 0.839844 0.804688 0.839844 0.808594 0.835938 0.812500 0.828125 0.812500 0.824219 0.816406 0.824219 0.835938 0.820312 0.839844 0.812500 0.839844 0.808594 0.843750 0.804688 0.843750 0.800781 0.847656 0.761719 0.847656 0.757812 0.851562 0.753906 0.851562 0.753906 0.859375 0.757812 0.863281 0.761719 0.863281 0.765625 0.867188 0.765625 0.871094 0.769531 0.875000 0.769531 0.882812 0.796875 0.882812 0.800781 0.878906 0.804688 0.878906 0.812500 0.871094 0.812500 0.851562 0.816406 0.847656 0.820312 0.847656 0.820312 0.839844 0.824219 0.835938 0.835938 0.835938 0.839844 0.832031 0.839844 0.828125 0.851562 0.816406 0.855469 0.816406 0.855469 0.808594 0.859375 0.804688 0.859375 0.796875 0.863281 0.792969 0.863281 0.789062 0.871094 0.781250 0.875000 0.781250 0.878906 0.777344 0.878906 0.773438 0.886719 0.765625 0.886719 0.750000
2 0.488281 0.750000 0.488281 0.773438 0.484375 0.777344 0.468750 0.777344 0.460938 0.785156 0.457031 0.785156 0.453125 0.789062 0.453125 0.796875 0.460938 0.804688 0.460938 0.808594 0.464844 0.812500 0.464844 0.816406 0.476562 0.816406 0.476562 0.789062 0.480469 0.785156 0.500000 0.785156 0.500000 0.781250 0.503906 0.777344 0.503906 0.761719 0.496094 0.753906 0.496094 0.750000
2 0.199219 0.531250 0.199219 0.542969 0.195312 0.546875 0.191406 0.546875 0.191406 0.550781 0.187500 0.554688 0.171875 0.554688 0.171875 0.558594 0.164062 0.566406 0.164062 0.570312 0.156250 0.578125 0.156250 0.582031 0.152344 0.585938 0.140625 0.585938 0.136719 0.589844 0.128906 0.589844 0.128906 0.609375 0.136719 0.609375 0.144531 0.601562 0.156250 0.601562 0.164062 0.593750 0.164062 0.589844 0.175781 0.578125 0.175781 0.574219 0.179688 0.570312 0.179688 0.558594 0.183594 0.554688 0.203125 0.554688 0.207031 0.558594 0.226562 0.558594 0.226562 0.554688 0.230469 0.550781 0.230469 0.542969 0.226562 0.539062 0.218750 0.539062 0.214844 0.535156 0.210938 0.535156 0.207031 0.531250
2 0.859375 0.507812 0.859375 0.519531 0.855469 0.523438 0.839844 0.523438 0.832031 0.531250 0.828125 0.531250 0.824219 0.535156 0.816406 0.535156 0.816406 0.542969 0.804688 0.554688 0.800781 0.554688 0.800781 0.558594 0.792969 0.566406 0.785156 0.566406 0.785156 0.570312 0.769531 0.585938 0.769531 0.593750 0.765625 0.597656 0.765625 0.609375 0.761719 0.613281 0.757812 0.613281 0.757812 0.617188 0.753906 0.621094 0.746094 0.621094 0.742188 0.625000 0.738281 0.625000 0.738281 0.632812 0.746094 0.632812 0.750000 0.628906 0.753906 0.628906 0.753906 0.625000 0.757812 0.621094 0.765625 0.621094 0.765625 0.613281 0.769531 0.609375 0.773438 0.609375 0.785156 0.597656 0.812500 0.597656 0.816406 0.593750 0.828125 0.593750 0.832031 0.589844 0.839844 0.589844 0.843750 0.585938 0.847656 0.585938 0.847656 0.582031 0.851562 0.578125 0.851562 0.566406 0.855469 0.562500 0.867188 0.562500 0.871094 0.558594 0.871094 0.550781 0.875000 0.546875 0.875000 0.531250 0.878906 0.527344 0.878906 0.519531 0.867188 0.507812
2 0.761719 0.500000 0.761719 0.503906 0.757812 0.507812 0.753906 0.507812 0.753906 0.511719 0.750000 0.515625 0.746094 0.515625 0.746094 0.519531 0.742188 0.523438 0.742188 0.527344 0.738281 0.531250 0.722656 0.531250 0.718750 0.535156 0.718750 0.539062 0.707031 0.550781 0.707031 0.562500 0.714844 0.562500 0.730469 0.546875 0.730469 0.535156 0.734375 0.531250 0.750000 0.531250 0.753906 0.527344 0.757812 0.527344 0.761719 0.523438 0.761719 0.519531 0.769531 0.511719 0.769531 0.500000
2 0.792969 0.425781 0.789062 0.429688 0.777344 0.429688 0.773438 0.433594 0.769531 0.433594 0.765625 0.437500 0.753906 0.437500 0.753906 0.453125 0.781250 0.453125 0.781250 0.449219 0.789062 0.441406 0.820312 0.441406 0.824219 0.445312 0.824219 0.457031 0.832031 0.457031 0.832031 0.453125 0.835938 0.449219 0.835938 0.433594 0.820312 0.433594 0.816406 0.429688 0.816406 0.425781
2 0.230469 0.335938 0.222656 0.343750 0.222656 0.359375 0.226562 0.363281 0.226562 0.402344 0.238281 0.402344 0.238281 0.398438 0.242188 0.394531 0.289062 0.394531 0.292969 0.398438 0.300781 0.398438 0.300781 0.390625 0.296875 0.390625 0.292969 0.386719 0.289062 0.386719 0.281250 0.378906 0.250000 0.378906 0.246094 0.375000 0.246094 0.371094 0.242188 0.367188 0.242188 0.335938
2 0.257812 0.320312 0.253906 0.324219 0.253906 0.332031 0.261719 0.332031 0.265625 0.328125 0.265625 0.320312
2 0.320312 0.312500 0.316406 0.316406 0.316406 0.328125 0.312500 0.332031 0.308594 0.332031 0.308594 0.347656 0.316406 0.347656 0.324219 0.355469 0.324219 0.359375 0.328125 0.363281 0.328125 0.367188 0.335938 0.375000 0.335938 0.378906 0.343750 0.378906 0.343750 0.371094 0.339844 0.367188 0.339844 0.332031 0.335938 0.328125 0.335938 0.316406 0.332031 0.312500
2 0.382812 0.187500 0.378906 0.191406 0.375000 0.191406 0.375000 0.195312 0.371094 0.199219 0.371094 0.222656 0.378906 0.230469 0.386719 0.230469 0.390625 0.234375 0.398438 0.234375 0.398438 0.222656 0.394531 0.218750 0.394531 0.195312 0.390625 0.191406 0.390625 0.187500
2 0.562500 0.125000 0.562500 0.136719 0.558594 0.140625 0.554688 0.140625 0.554688 0.164062 0.550781 0.167969 0.550781 0.218750 0.546875 0.222656 0.546875 0.242188 0.550781 0.246094 0.558594 0.246094 0.558594 0.242188 0.562500 0.238281 0.562500 0.226562 0.566406 0.222656 0.566406 0.210938 0.570312 0.207031 0.585938 0.207031 0.593750 0.214844 0.593750 0.226562 0.597656 0.226562 0.601562 0.230469 0.617188 0.230469 0.621094 0.234375 0.628906 0.234375 0.628906 0.222656 0.617188 0.210938 0.617188 0.207031 0.613281 0.203125 0.613281 0.199219 0.609375 0.195312 0.609375 0.191406 0.601562 0.183594 0.601562 0.179688 0.597656 0.175781 0.597656 0.160156 0.589844 0.160156 0.589844 0.183594 0.585938 0.187500 0.570312 0.187500 0.562500 0.179688 0.562500 0.175781 0.558594 0.171875 0.558594 0.152344 0.562500 0.148438 0.562500 0.140625 0.566406 0.136719 0.570312 0.136719 0.570312 0.125000
2 0.410156 0.039062 0.410156 0.046875 0.421875 0.046875 0.421875 0.039062
2 0.445312 0.035156 0.445312 0.078125 0.441406 0.082031 0.437500 0.082031 0.437500 0.089844 0.445312 0.089844 0.445312 0.085938 0.449219 0.082031 0.464844 0.082031 0.464844 0.066406 0.468750 0.062500 0.480469 0.062500 0.484375 0.058594 0.488281 0.058594 0.488281 0.046875 0.484375 0.042969 0.468750 0.042969 0.460938 0.035156
