2 0.519531 0.855469 0.519531 0.863281 0.523438 0.867188 0.523438 0.890625 0.519531 0.894531 0.519531 0.902344 0.527344 0.902344 0.527344 0.898438 0.531250 0.894531 0.531250 0.875000 0.535156 0.871094 0.535156 0.867188 0.539062 0.863281 0.539062 0.855469
2 0.511719 0.792969 0.511719 0.796875 0.507812 0.800781 0.507812 0.808594 0.500000 0.816406 0.500000 0.835938 0.507812 0.835938 0.507812 0.828125 0.511719 0.824219 0.515625 0.824219 0.519531 0.820312 0.519531 0.816406 0.523438 0.812500 0.531250 0.812500 0.531250 0.792969
2 0.511719 0.691406 0.511719 0.722656 0.507812 0.726562 0.507812 0.730469 0.503906 0.734375 0.503906 0.738281 0.500000 0.742188 0.500000 0.750000 0.503906 0.753906 0.503906 0.757812 0.511719 0.757812 0.511719 0.753906 0.515625 0.750000 0.527344 0.750000 0.531250 0.746094 0.531250 0.730469 0.527344 0.730469 0.523438 0.726562 0.523438 0.691406
2 0.628906 0.687500 0.628906 0.691406 0.625000 0.695312 0.625000 0.710938 0.621094 0.714844 0.617188 0.714844 0.613281 0.718750 0.597656 0.718750 0.585938 0.707031 0.578125 0.707031 0.578125 0.710938 0.574219 0.714844 0.574219 0.726562 0.578125 0.730469 0.589844 0.730469 0.593750 0.726562 0.609375 0.726562 0.613281 0.730469 0.621094 0.730469 0.625000 0.734375 0.625000 0.742188 0.632812 0.750000 0.632812 0.753906 0.648438 0.753906 0.652344 0.750000 0.652344 0.738281 0.648438 0.734375 0.648438 0.722656 0.636719 0.722656 0.632812 0.718750 0.632812 0.703125 0.640625 0.695312 0.640625 0.687500
2 0.726562 0.664062 0.722656 0.667969 0.718750 0.667969 0.714844 0.671875 0.710938 0.671875 0.707031 0.675781 0.703125 0.675781 0.695312 0.683594 0.675781 0.683594 0.671875 0.687500 0.667969 0.687500 0.667969 0.699219 0.664062 0.703125 0.664062 0.710938 0.683594 0.710938 0.687500 0.714844 0.687500 0.718750 0.695312 0.718750 0.699219 0.714844 0.699219 0.695312 0.703125 0.691406 0.707031 0.691406 0.710938 0.687500 0.714844 0.687500 0.718750 0.683594 0.722656 0.683594 0.730469 0.675781 0.734375 0.675781 0.734375 0.664062
2 0.386719 0.648438 0.386719 0.652344 0.382812 0.656250 0.378906 0.656250 0.378906 0.671875 0.375000 0.675781 0.355469 0.675781 0.347656 0.667969 0.347656 0.664062 0.343750 0.660156 0.335938 0.660156 0.335938 0.675781 0.339844 0.675781 0.343750 0.679688 0.343750 0.726562 0.339844 0.730469 0.339844 0.742188 0.343750 0.746094 0.355469 0.746094 0.359375 0.742188 0.367188 0.742188 0.371094 0.738281 0.375000 0.738281 0.378906 0.734375 0.378906 0.722656 0.382812 0.718750 0.410156 0.718750 0.414062 0.714844 0.425781 0.714844 0.425781 0.699219 0.414062 0.699219 0.410156 0.695312 0.410156 0.687500 0.406250 0.687500 0.402344 0.683594 0.402344 0.652344 0.398438 0.648438
2 0.164062 0.597656 0.164062 0.605469 0.167969 0.609375 0.175781 0.609375 0.175781 0.597656
2 0.312500 0.558594 0.312500 0.570312 0.308594 0.574219 0.304688 0.574219 0.304688 0.585938 0.308594 0.589844 0.312500 0.589844 0.316406 0.593750 0.316406 0.632812 0.312500 0.636719 0.292969 0.636719 0.289062 0.632812 0.289062 0.609375 0.285156 0.605469 0.253906 0.605469 0.250000 0.601562 0.246094 0.601562 0.238281 0.593750 0.234375 0.593750 0.226562 0.585938 0.218750 0.585938 0.214844 0.582031 0.210938 0.582031 0.207031 0.578125 0.203125 0.578125 0.199219 0.574219 0.199219 0.566406 0.187500 0.566406 0.187500 0.570312 0.183594 0.574219 0.183594 0.585938 0.195312 0.585938 0.203125 0.593750 0.210938 0.593750 0.214844 0.597656 0.214844 0.601562 0.222656 0.601562 0.226562 0.605469 0.226562 0.609375 0.246094 0.609375 0.250000 0.613281 0.250000 0.617188 0.253906 0.617188 0.257812 0.621094 0.257812 0.636719 0.277344 0.636719 0.281250 0.640625 0.281250 0.644531 0.285156 0.644531 0.289062 0.648438 0.289062 0.652344 0.300781 0.652344 0.304688 0.656250 0.320312 0.656250 0.320312 0.636719 0.324219 0.632812 0.332031 0.632812 0.332031 0.628906 0.335938 0.625000 0.355469 0.625000 0.355469 0.613281 0.351562 0.609375 0.351562 0.605469 0.343750 0.597656 0.343750 0.593750 0.332031 0.582031 0.332031 0.578125 0.328125 0.574219 0.328125 0.570312 0.324219 0.566406 0.324219 0.562500 0.320312 0.558594
2 0.679688 0.554688 0.679688 0.562500 0.675781 0.566406 0.675781 0.582031 0.671875 0.585938 0.656250 0.585938 0.652344 0.589844 0.640625 0.589844 0.632812 0.597656 0.632812 0.609375 0.628906 0.613281 0.625000 0.613281 0.609375 0.628906 0.609375 0.632812 0.601562 0.640625 0.601562 0.644531 0.597656 0.648438 0.593750 0.648438 0.593750 0.660156 0.605469 0.660156 0.605469 0.656250 0.613281 0.648438 0.613281 0.640625 0.617188 0.636719 0.664062 0.636719 0.679688 0.621094 0.683594 0.621094 0.687500 0.617188 0.691406 0.617188 0.691406 0.593750 0.695312 0.589844 0.707031 0.589844 0.707031 0.585938 0.710938 0.582031 0.710938 0.574219 0.699219 0.574219 0.695312 0.570312 0.695312 0.554688
2 0.160156 0.492188 0.156250 0.496094 0.156250 0.500000 0.152344 0.503906 0.144531 0.503906 0.132812 0.515625 0.132812 0.523438 0.128906 0.527344 0.128906 0.546875 0.132812 0.550781 0.144531 0.550781 0.144531 0.546875 0.148438 0.542969 0.148438 0.535156 0.152344 0.531250 0.171875 0.531250 0.175781 0.527344 0.175781 0.519531 0.171875 0.519531 0.167969 0.515625 0.167969 0.492188
2 0.203125 0.441406 0.199219 0.445312 0.195312 0.445312 0.187500 0.453125 0.183594 0.453125 0.183594 0.457031 0.179688 0.460938 0.179688 0.464844 0.175781 0.468750 0.175781 0.484375 0.199219 0.484375 0.203125 0.480469 0.222656 0.480469 0.226562 0.484375 0.226562 0.500000 0.230469 0.503906 0.230469 0.507812 0.238281 0.515625 0.246094 0.515625 0.246094 0.511719 0.250000 0.507812 0.261719 0.507812 0.261719 0.492188 0.257812 0.492188 0.253906 0.488281 0.242188 0.488281 0.238281 0.484375 0.238281 0.464844 0.230469 0.457031 0.230469 0.453125 0.214844 0.453125 0.210938 0.449219 0.210938 0.441406
2 0.710938 0.398438 0.710938 0.406250 0.703125 0.414062 0.703125 0.417969 0.699219 0.421875 0.699219 0.425781 0.695312 0.429688 0.691406 0.429688 0.687500 0.433594 0.687500 0.449219 0.683594 0.453125 0.675781 0.453125 0.671875 0.457031 0.667969 0.457031 0.660156 0.464844 0.660156 0.472656 0.656250 0.476562 0.656250 0.480469 0.652344 0.484375 0.644531 0.484375 0.644531 0.488281 0.640625 0.492188 0.640625 0.507812 0.652344 0.507812 0.652344 0.503906 0.660156 0.496094 0.664062 0.496094 0.667969 0.492188 0.667969 0.488281 0.679688 0.476562 0.683594 0.476562 0.683594 0.472656 0.703125 0.453125 0.703125 0.449219 0.707031 0.445312 0.707031 0.437500 0.710938 0.433594 0.714844 0.433594 0.714844 0.429688 0.718750 0.425781 0.718750 0.417969 0.722656 0.414062 0.722656 0.402344 0.718750 0.398438
2 0.253906 0.378906 0.253906 0.390625 0.261719 0.390625 0.269531 0.398438 0.269531 0.406250 0.292969 0.406250 0.292969 0.394531 0.285156 0.394531 0.269531 0.378906
2 0.511719 0.371094 0.511719 0.375000 0.507812 0.378906 0.507812 0.386719 0.515625 0.386719 0.519531 0.390625 0.519531 0.406250 0.511719 0.414062 0.457031 0.414062 0.449219 0.406250 0.449219 0.402344 0.445312 0.398438 0.445312 0.386719 0.441406 0.382812 0.433594 0.382812 0.433594 0.386719 0.429688 0.390625 0.429688 0.394531 0.425781 0.398438 0.421875 0.398438 0.421875 0.406250 0.433594 0.406250 0.437500 0.410156 0.437500 0.414062 0.441406 0.417969 0.441406 0.433594 0.445312 0.437500 0.445312 0.464844 0.457031 0.476562 0.457031 0.480469 0.480469 0.480469 0.492188 0.492188 0.492188 0.507812 0.488281 0.511719 0.488281 0.523438 0.484375 0.527344 0.484375 0.542969 0.480469 0.546875 0.480469 0.554688 0.476562 0.558594 0.472656 0.558594 0.472656 0.562500 0.468750 0.566406 0.453125 0.566406 0.449219 0.562500 0.449219 0.554688 0.433594 0.539062 0.433594 0.535156 0.429688 0.531250 0.429688 0.527344 0.417969 0.515625 0.417969 0.503906 0.414062 0.500000 0.414062 0.492188 0.410156 0.488281 0.410156 0.484375 0.402344 0.476562 0.398438 0.476562 0.394531 0.472656 0.394531 0.449219 0.390625 0.449219 0.386719 0.445312 0.386719 0.441406 0.375000 0.441406 0.371094 0.437500 0.371094 0.433594 0.363281 0.425781 0.363281 0.421875 0.355469 0.421875 0.355469 0.429688 0.359375 0.433594 0.359375 0.476562 0.363281 0.480469 0.386719 0.480469 0.390625 0.484375 0.390625 0.500000 0.386719 0.503906 0.386719 0.511719 0.390625 0.511719 0.394531 0.515625 0.394531 0.531250 0.390625 0.535156 0.390625 0.554688 0.417969 0.554688 0.421875 0.558594 0.433594 0.558594 0.437500 0.562500 0.437500 0.566406 0.445312 0.574219 0.449219 0.574219 0.453125 0.578125 0.453125 0.582031 0.457031 0.582031 0.460938 0.585938 0.460938 0.597656 0.464844 0.597656 0.468750 0.601562 0.468750 0.605469 0.476562 0.605469 0.480469 0.609375 0.480469 0.664062 0.476562 0.667969 0.476562 0.683594 0.480469 0.687500 0.496094 0.687500 0.496094 0.660156 0.500000 0.656250 0.519531 0.656250 0.527344 0.648438 0.527344 0.640625 0.531250 0.636719 0.539062 0.636719 0.546875 0.628906 0.546875 0.621094 0.550781 0.617188 0.570312 0.617188 0.574219 0.613281 0.578125 0.613281 0.585938 0.605469 0.585938 0.574219 0.609375 0.550781 0.613281 0.550781 0.613281 0.542969 0.621094 0.535156 0.621094 0.519531 0.613281 0.511719 0.613281 0.503906 0.601562 0.503906 0.601562 0.531250 0.597656 0.535156 0.597656 0.539062 0.593750 0.542969 0.593750 0.546875 0.570312 0.570312 0.570312 0.574219 0.562500 0.582031 0.554688 0.582031 0.550781 0.585938 0.535156 0.585938 0.531250 0.582031 0.531250 0.570312 0.527344 0.566406 0.519531 0.566406 0.515625 0.562500 0.515625 0.546875 0.519531 0.542969 0.535156 0.542969 0.539062 0.546875 0.546875 0.546875 0.554688 0.539062 0.558594 0.539062 0.558594 0.523438 0.554688 0.519531 0.550781 0.519531 0.546875 0.515625 0.523438 0.515625 0.519531 0.511719 0.519531 0.507812 0.515625 0.507812 0.511719 0.503906 0.511719 0.476562 0.515625 0.472656 0.515625 0.449219 0.527344 0.437500 0.527344 0.433594 0.531250 0.429688 0.558594 0.429688 0.562500 0.433594 0.570312 0.433594 0.570312 0.414062 0.531250 0.414062 0.527344 0.410156 0.527344 0.406250 0.523438 0.406250 0.519531 0.402344 0.519531 0.371094
2 0.593750 0.351562 0.585938 0.359375 0.585938 0.378906 0.578125 0.386719 0.578125 0.406250 0.605469 0.406250 0.605469 0.351562
2 0.332031 0.320312 0.324219 0.328125 0.320312 0.328125 0.320312 0.332031 0.316406 0.335938 0.316406 0.339844 0.308594 0.347656 0.308594 0.351562 0.300781 0.359375 0.300781 0.371094 0.304688 0.375000 0.304688 0.382812 0.324219 0.382812 0.328125 0.386719 0.328125 0.394531 0.339844 0.394531 0.339844 0.371094 0.347656 0.363281 0.359375 0.363281 0.359375 0.351562 0.355469 0.347656 0.355469 0.339844 0.351562 0.339844 0.347656 0.335938 0.343750 0.335938 0.339844 0.332031 0.339844 0.320312
2 0.671875 0.292969 0.671875 0.304688 0.667969 0.308594 0.667969 0.328125 0.664062 0.332031 0.652344 0.332031 0.648438 0.335938 0.644531 0.335938 0.644531 0.339844 0.632812 0.351562 0.632812 0.363281 0.644531 0.363281 0.667969 0.339844 0.667969 0.332031 0.671875 0.328125 0.675781 0.328125 0.679688 0.324219 0.683594 0.324219 0.683594 0.320312 0.687500 0.316406 0.687500 0.304688 0.691406 0.300781 0.691406 0.292969
2 0.480469 0.125000 0.468750 0.136719 0.468750 0.140625 0.460938 0.148438 0.457031 0.148438 0.457031 0.152344 0.453125 0.156250 0.449219 0.156250 0.433594 0.171875 0.433594 0.175781 0.429688 0.179688 0.429688 0.183594 0.425781 0.187500 0.421875 0.187500 0.421875 0.191406 0.414062 0.199219 0.414062 0.218750 0.410156 0.222656 0.410156 0.230469 0.406250 0.234375 0.398438 0.234375 0.390625 0.242188 0.386719 0.242188 0.378906 0.250000 0.378906 0.257812 0.382812 0.257812 0.386719 0.261719 0.394531 0.261719 0.394531 0.253906 0.398438 0.250000 0.410156 0.250000 0.410156 0.238281 0.414062 0.234375 0.425781 0.234375 0.425781 0.214844 0.429688 0.210938 0.457031 0.210938 0.460938 0.214844 0.460938 0.246094 0.468750 0.253906 0.468750 0.273438 0.472656 0.277344 0.472656 0.281250 0.480469 0.289062 0.480469 0.292969 0.492188 0.304688 0.492188 0.308594 0.496094 0.308594 0.500000 0.312500 0.500000 0.320312 0.503906 0.320312 0.507812 0.324219 0.511719 0.324219 0.515625 0.328125 0.515625 0.347656 0.523438 0.347656 0.527344 0.343750 0.527344 0.332031 0.531250 0.328125 0.531250 0.320312 0.539062 0.312500 0.539062 0.300781 0.542969 0.296875 0.554688 0.296875 0.558594 0.292969 0.562500 0.292969 0.562500 0.281250 0.558594 0.281250 0.554688 0.277344 0.554688 0.257812 0.550781 0.253906 0.550781 0.250000 0.546875 0.250000 0.542969 0.246094 0.542969 0.218750 0.539062 0.214844 0.539062 0.210938 0.535156 0.210938 0.531250 0.207031 0.531250 0.175781 0.507812 0.175781 0.503906 0.171875 0.503906 0.152344 0.500000 0.152344 0.492188 0.144531 0.492188 0.125000
