2 0.464844 0.835938 0.464844 0.843750 0.472656 0.843750 0.472656 0.835938
2 0.781250 0.777344 0.777344 0.781250 0.777344 0.785156 0.773438 0.789062 0.773438 0.800781 0.789062 0.800781 0.800781 0.812500 0.800781 0.824219 0.812500 0.824219 0.820312 0.816406 0.824219 0.816406 0.824219 0.812500 0.828125 0.808594 0.832031 0.808594 0.832031 0.800781 0.828125 0.800781 0.824219 0.796875 0.804688 0.796875 0.800781 0.792969 0.796875 0.792969 0.792969 0.789062 0.792969 0.781250 0.789062 0.777344
2 0.445312 0.746094 0.441406 0.750000 0.437500 0.750000 0.433594 0.753906 0.429688 0.753906 0.429688 0.757812 0.425781 0.761719 0.410156 0.761719 0.402344 0.753906 0.375000 0.753906 0.371094 0.750000 0.363281 0.750000 0.363281 0.761719 0.371094 0.761719 0.375000 0.765625 0.375000 0.769531 0.390625 0.769531 0.394531 0.773438 0.398438 0.773438 0.406250 0.781250 0.414062 0.781250 0.417969 0.777344 0.433594 0.777344 0.441406 0.785156 0.441406 0.804688 0.453125 0.816406 0.460938 0.816406 0.460938 0.804688 0.468750 0.796875 0.472656 0.796875 0.472656 0.789062 0.476562 0.785156 0.492188 0.785156 0.496094 0.789062 0.503906 0.789062 0.503906 0.781250 0.492188 0.781250 0.488281 0.777344 0.488281 0.773438 0.484375 0.773438 0.480469 0.769531 0.480469 0.757812 0.464844 0.757812 0.460938 0.753906 0.460938 0.746094
2 0.304688 0.718750 0.300781 0.722656 0.281250 0.722656 0.281250 0.730469 0.285156 0.734375 0.300781 0.734375 0.304688 0.738281 0.332031 0.738281 0.332031 0.722656 0.316406 0.722656 0.312500 0.718750
2 0.605469 0.675781 0.593750 0.687500 0.589844 0.687500 0.585938 0.691406 0.566406 0.691406 0.566406 0.703125 0.562500 0.707031 0.558594 0.707031 0.558594 0.710938 0.554688 0.714844 0.546875 0.714844 0.546875 0.726562 0.542969 0.730469 0.531250 0.730469 0.527344 0.734375 0.527344 0.738281 0.523438 0.742188 0.523438 0.750000 0.546875 0.750000 0.550781 0.753906 0.550781 0.757812 0.558594 0.757812 0.558594 0.753906 0.562500 0.750000 0.562500 0.726562 0.570312 0.718750 0.589844 0.718750 0.593750 0.714844 0.601562 0.714844 0.601562 0.710938 0.605469 0.707031 0.605469 0.699219 0.609375 0.695312 0.613281 0.695312 0.613281 0.687500 0.617188 0.683594 0.621094 0.683594 0.621094 0.675781
2 0.738281 0.660156 0.730469 0.667969 0.722656 0.667969 0.722656 0.671875 0.714844 0.679688 0.714844 0.687500 0.710938 0.691406 0.699219 0.691406 0.695312 0.695312 0.691406 0.695312 0.691406 0.707031 0.687500 0.710938 0.683594 0.710938 0.675781 0.718750 0.671875 0.718750 0.671875 0.750000 0.679688 0.750000 0.683594 0.753906 0.691406 0.753906 0.691406 0.738281 0.695312 0.734375 0.707031 0.734375 0.710938 0.730469 0.730469 0.730469 0.734375 0.726562 0.738281 0.726562 0.738281 0.722656 0.742188 0.718750 0.742188 0.699219 0.746094 0.695312 0.765625 0.695312 0.769531 0.699219 0.773438 0.699219 0.777344 0.703125 0.785156 0.703125 0.785156 0.695312 0.777344 0.687500 0.773438 0.687500 0.769531 0.683594 0.769531 0.679688 0.757812 0.679688 0.753906 0.675781 0.753906 0.664062 0.750000 0.660156
2 0.199219 0.613281 0.199219 0.617188 0.195312 0.621094 0.195312 0.628906 0.207031 0.628906 0.210938 0.632812 0.218750 0.632812 0.218750 0.625000 0.214844 0.621094 0.214844 0.617188 0.210938 0.617188 0.207031 0.613281
2 0.152344 0.609375 0.144531 0.617188 0.144531 0.628906 0.148438 0.632812 0.148438 0.644531 0.152344 0.648438 0.152344 0.664062 0.164062 0.675781 0.164062 0.679688 0.171875 0.687500 0.175781 0.687500 0.179688 0.691406 0.195312 0.691406 0.199219 0.695312 0.199219 0.707031 0.207031 0.714844 0.207031 0.746094 0.210938 0.750000 0.210938 0.753906 0.214844 0.753906 0.218750 0.757812 0.230469 0.757812 0.230469 0.750000 0.234375 0.746094 0.253906 0.746094 0.253906 0.718750 0.250000 0.718750 0.246094 0.714844 0.246094 0.691406 0.250000 0.687500 0.273438 0.687500 0.273438 0.683594 0.277344 0.679688 0.277344 0.671875 0.269531 0.671875 0.265625 0.667969 0.265625 0.660156 0.257812 0.652344 0.242188 0.652344 0.238281 0.648438 0.238281 0.640625 0.226562 0.640625 0.226562 0.648438 0.230469 0.652344 0.230469 0.656250 0.246094 0.656250 0.253906 0.664062 0.253906 0.683594 0.250000 0.687500 0.226562 0.687500 0.222656 0.683594 0.222656 0.679688 0.210938 0.679688 0.207031 0.675781 0.207031 0.671875 0.203125 0.671875 0.199219 0.667969 0.199219 0.664062 0.195312 0.664062 0.191406 0.660156 0.191406 0.656250 0.187500 0.656250 0.183594 0.652344 0.183594 0.644531 0.171875 0.644531 0.167969 0.640625 0.167969 0.609375
2 0.781250 0.574219 0.781250 0.582031 0.789062 0.589844 0.789062 0.593750 0.800781 0.593750 0.800781 0.578125 0.792969 0.578125 0.789062 0.574219
2 0.660156 0.539062 0.652344 0.546875 0.652344 0.554688 0.648438 0.558594 0.648438 0.562500 0.644531 0.566406 0.640625 0.566406 0.640625 0.574219 0.648438 0.574219 0.648438 0.570312 0.652344 0.566406 0.671875 0.566406 0.671875 0.542969 0.667969 0.539062
2 0.246094 0.492188 0.246094 0.503906 0.253906 0.503906 0.257812 0.507812 0.257812 0.523438 0.253906 0.527344 0.226562 0.527344 0.222656 0.523438 0.218750 0.523438 0.214844 0.519531 0.207031 0.519531 0.203125 0.523438 0.195312 0.523438 0.187500 0.531250 0.167969 0.531250 0.167969 0.550781 0.171875 0.554688 0.171875 0.562500 0.183594 0.562500 0.187500 0.566406 0.195312 0.566406 0.199219 0.570312 0.214844 0.570312 0.214844 0.562500 0.218750 0.558594 0.222656 0.558594 0.226562 0.554688 0.234375 0.554688 0.234375 0.550781 0.238281 0.546875 0.261719 0.546875 0.261719 0.531250 0.265625 0.527344 0.273438 0.527344 0.273438 0.515625 0.265625 0.507812 0.257812 0.507812 0.253906 0.503906 0.253906 0.492188
2 0.640625 0.320312 0.640625 0.328125 0.648438 0.328125 0.648438 0.320312
2 0.511719 0.296875 0.511719 0.300781 0.507812 0.304688 0.492188 0.304688 0.488281 0.308594 0.484375 0.308594 0.484375 0.316406 0.480469 0.320312 0.464844 0.320312 0.464844 0.328125 0.476562 0.328125 0.480469 0.332031 0.480469 0.363281 0.476562 0.367188 0.476562 0.375000 0.480469 0.375000 0.484375 0.378906 0.484375 0.398438 0.488281 0.402344 0.488281 0.406250 0.492188 0.410156 0.492188 0.414062 0.496094 0.414062 0.500000 0.417969 0.500000 0.519531 0.507812 0.519531 0.511719 0.523438 0.511719 0.542969 0.507812 0.546875 0.507812 0.558594 0.503906 0.562500 0.503906 0.570312 0.500000 0.574219 0.500000 0.578125 0.496094 0.582031 0.496094 0.589844 0.492188 0.593750 0.492188 0.597656 0.488281 0.601562 0.449219 0.601562 0.445312 0.597656 0.437500 0.597656 0.433594 0.593750 0.433594 0.589844 0.429688 0.585938 0.425781 0.585938 0.421875 0.582031 0.421875 0.578125 0.417969 0.574219 0.417969 0.570312 0.410156 0.570312 0.406250 0.566406 0.398438 0.566406 0.390625 0.558594 0.390625 0.535156 0.382812 0.535156 0.382812 0.566406 0.378906 0.570312 0.378906 0.578125 0.375000 0.582031 0.375000 0.597656 0.378906 0.601562 0.378906 0.628906 0.382812 0.628906 0.386719 0.632812 0.386719 0.640625 0.394531 0.640625 0.394531 0.636719 0.398438 0.632812 0.402344 0.632812 0.406250 0.628906 0.421875 0.628906 0.425781 0.632812 0.425781 0.660156 0.421875 0.664062 0.421875 0.671875 0.417969 0.675781 0.402344 0.675781 0.402344 0.687500 0.417969 0.687500 0.417969 0.679688 0.421875 0.675781 0.433594 0.675781 0.441406 0.667969 0.441406 0.652344 0.445312 0.648438 0.445312 0.632812 0.453125 0.625000 0.457031 0.625000 0.460938 0.621094 0.480469 0.621094 0.484375 0.625000 0.484375 0.632812 0.492188 0.632812 0.492188 0.628906 0.496094 0.625000 0.496094 0.621094 0.507812 0.609375 0.507812 0.605469 0.515625 0.597656 0.519531 0.597656 0.527344 0.589844 0.527344 0.585938 0.531250 0.582031 0.531250 0.578125 0.539062 0.570312 0.542969 0.570312 0.542969 0.558594 0.546875 0.554688 0.546875 0.550781 0.550781 0.546875 0.566406 0.546875 0.566406 0.542969 0.582031 0.527344 0.593750 0.527344 0.601562 0.519531 0.613281 0.519531 0.613281 0.511719 0.617188 0.507812 0.648438 0.507812 0.652344 0.511719 0.664062 0.511719 0.667969 0.507812 0.683594 0.507812 0.691406 0.515625 0.699219 0.515625 0.703125 0.519531 0.703125 0.535156 0.718750 0.535156 0.722656 0.539062 0.722656 0.550781 0.730469 0.558594 0.730469 0.574219 0.750000 0.574219 0.750000 0.566406 0.742188 0.558594 0.738281 0.558594 0.734375 0.554688 0.734375 0.539062 0.722656 0.539062 0.718750 0.535156 0.718750 0.523438 0.714844 0.519531 0.714844 0.503906 0.707031 0.496094 0.699219 0.496094 0.695312 0.492188 0.695312 0.488281 0.691406 0.484375 0.691406 0.464844 0.683594 0.464844 0.675781 0.472656 0.656250 0.472656 0.652344 0.468750 0.652344 0.457031 0.644531 0.457031 0.640625 0.460938 0.613281 0.460938 0.609375 0.457031 0.609375 0.449219 0.589844 0.449219 0.582031 0.441406 0.582031 0.425781 0.589844 0.417969 0.589844 0.414062 0.593750 0.410156 0.593750 0.390625 0.589844 0.386719 0.578125 0.386719 0.574219 0.382812 0.554688 0.382812 0.550781 0.378906 0.550781 0.363281 0.554688 0.359375 0.554688 0.355469 0.558594 0.351562 0.558594 0.343750 0.554688 0.339844 0.554688 0.320312 0.558594 0.316406 0.570312 0.316406 0.578125 0.308594 0.578125 0.300781 0.570312 0.300781 0.566406 0.304688 0.550781 0.304688 0.546875 0.300781 0.546875 0.296875
