2 0.421875 0.808594 0.421875 0.816406 0.429688 0.816406 0.429688 0.808594
2 0.343750 0.789062 0.343750 0.804688 0.339844 0.808594 0.320312 0.808594 0.316406 0.812500 0.312500 0.812500 0.312500 0.820312 0.328125 0.820312 0.332031 0.824219 0.359375 0.824219 0.363281 0.828125 0.363281 0.855469 0.378906 0.855469 0.382812 0.851562 0.386719 0.851562 0.386719 0.839844 0.390625 0.835938 0.398438 0.835938 0.398438 0.824219 0.347656 0.824219 0.343750 0.820312 0.343750 0.800781 0.347656 0.796875 0.351562 0.796875 0.351562 0.789062
2 0.621094 0.675781 0.621094 0.687500 0.617188 0.691406 0.613281 0.691406 0.613281 0.699219 0.625000 0.699219 0.625000 0.695312 0.628906 0.691406 0.628906 0.675781
2 0.121094 0.671875 0.121094 0.679688 0.128906 0.687500 0.128906 0.707031 0.132812 0.710938 0.132812 0.714844 0.136719 0.718750 0.140625 0.718750 0.144531 0.722656 0.144531 0.730469 0.160156 0.730469 0.160156 0.722656 0.156250 0.718750 0.156250 0.714844 0.152344 0.710938 0.152344 0.703125 0.148438 0.699219 0.148438 0.687500 0.140625 0.687500 0.136719 0.683594 0.136719 0.679688 0.128906 0.671875
2 0.382812 0.601562 0.382812 0.605469 0.378906 0.609375 0.375000 0.609375 0.371094 0.613281 0.371094 0.625000 0.375000 0.625000 0.378906 0.628906 0.378906 0.632812 0.386719 0.632812 0.390625 0.628906 0.402344 0.628906 0.402344 0.621094 0.398438 0.621094 0.390625 0.613281 0.390625 0.601562
2 0.875000 0.480469 0.871094 0.484375 0.867188 0.484375 0.867188 0.492188 0.871094 0.496094 0.878906 0.496094 0.886719 0.488281 0.886719 0.480469
2 0.847656 0.449219 0.843750 0.453125 0.843750 0.460938 0.851562 0.460938 0.855469 0.457031 0.859375 0.457031 0.859375 0.449219
2 0.292969 0.425781 0.289062 0.429688 0.285156 0.429688 0.277344 0.437500 0.277344 0.445312 0.273438 0.449219 0.273438 0.453125 0.269531 0.457031 0.269531 0.464844 0.273438 0.464844 0.277344 0.468750 0.277344 0.515625 0.285156 0.515625 0.292969 0.523438 0.292969 0.527344 0.296875 0.527344 0.304688 0.535156 0.304688 0.558594 0.300781 0.562500 0.296875 0.562500 0.296875 0.574219 0.304688 0.574219 0.308594 0.578125 0.308594 0.582031 0.312500 0.585938 0.312500 0.605469 0.316406 0.605469 0.324219 0.613281 0.328125 0.613281 0.332031 0.617188 0.332031 0.625000 0.339844 0.625000 0.339844 0.613281 0.343750 0.609375 0.351562 0.609375 0.351562 0.601562 0.343750 0.593750 0.343750 0.539062 0.335938 0.539062 0.332031 0.535156 0.320312 0.535156 0.316406 0.531250 0.316406 0.515625 0.320312 0.511719 0.324219 0.511719 0.328125 0.507812 0.328125 0.500000 0.316406 0.488281 0.316406 0.460938 0.312500 0.460938 0.308594 0.457031 0.308594 0.441406 0.316406 0.433594 0.316406 0.425781
2 0.851562 0.410156 0.851562 0.417969 0.859375 0.417969 0.859375 0.410156
2 0.832031 0.320312 0.832031 0.332031 0.843750 0.332031 0.843750 0.320312
2 0.800781 0.304688 0.789062 0.316406 0.785156 0.316406 0.781250 0.320312 0.753906 0.320312 0.750000 0.316406 0.750000 0.312500 0.734375 0.312500 0.734375 0.316406 0.730469 0.320312 0.726562 0.320312 0.722656 0.324219 0.722656 0.367188 0.718750 0.371094 0.718750 0.378906 0.714844 0.382812 0.714844 0.386719 0.710938 0.390625 0.710938 0.394531 0.707031 0.398438 0.707031 0.402344 0.703125 0.406250 0.703125 0.421875 0.699219 0.425781 0.687500 0.425781 0.687500 0.433594 0.683594 0.437500 0.683594 0.441406 0.675781 0.449219 0.675781 0.457031 0.671875 0.460938 0.667969 0.460938 0.667969 0.464844 0.660156 0.472656 0.660156 0.484375 0.656250 0.488281 0.652344 0.488281 0.648438 0.492188 0.640625 0.492188 0.640625 0.503906 0.644531 0.507812 0.644531 0.527344 0.640625 0.531250 0.640625 0.550781 0.636719 0.554688 0.621094 0.554688 0.613281 0.562500 0.570312 0.562500 0.566406 0.558594 0.566406 0.527344 0.570312 0.523438 0.574219 0.523438 0.574219 0.519531 0.578125 0.515625 0.582031 0.515625 0.582031 0.488281 0.589844 0.480469 0.589844 0.468750 0.593750 0.464844 0.593750 0.457031 0.570312 0.457031 0.566406 0.453125 0.566406 0.437500 0.570312 0.433594 0.570312 0.414062 0.574219 0.410156 0.589844 0.410156 0.593750 0.414062 0.593750 0.417969 0.597656 0.421875 0.597656 0.433594 0.605469 0.433594 0.609375 0.437500 0.609375 0.441406 0.617188 0.441406 0.617188 0.429688 0.621094 0.425781 0.621094 0.414062 0.617188 0.410156 0.613281 0.410156 0.609375 0.406250 0.609375 0.390625 0.613281 0.386719 0.625000 0.386719 0.625000 0.375000 0.617188 0.375000 0.613281 0.378906 0.609375 0.378906 0.609375 0.398438 0.605469 0.402344 0.570312 0.402344 0.566406 0.398438 0.554688 0.398438 0.554688 0.402344 0.550781 0.406250 0.531250 0.406250 0.527344 0.402344 0.527344 0.394531 0.523438 0.390625 0.523438 0.386719 0.511719 0.386719 0.511719 0.394531 0.507812 0.398438 0.507812 0.417969 0.503906 0.421875 0.468750 0.421875 0.464844 0.425781 0.464844 0.429688 0.460938 0.433594 0.460938 0.449219 0.457031 0.453125 0.457031 0.464844 0.460938 0.468750 0.460938 0.484375 0.457031 0.488281 0.437500 0.488281 0.433594 0.484375 0.433594 0.460938 0.429688 0.457031 0.429688 0.453125 0.421875 0.453125 0.417969 0.449219 0.417969 0.445312 0.414062 0.445312 0.410156 0.441406 0.410156 0.421875 0.402344 0.414062 0.402344 0.402344 0.378906 0.402344 0.375000 0.406250 0.375000 0.425781 0.378906 0.429688 0.378906 0.433594 0.406250 0.433594 0.410156 0.437500 0.410156 0.453125 0.406250 0.457031 0.402344 0.457031 0.402344 0.464844 0.406250 0.468750 0.406250 0.472656 0.410156 0.476562 0.410156 0.496094 0.414062 0.496094 0.421875 0.503906 0.421875 0.507812 0.433594 0.519531 0.457031 0.519531 0.464844 0.527344 0.472656 0.527344 0.472656 0.515625 0.476562 0.511719 0.476562 0.488281 0.480469 0.484375 0.480469 0.480469 0.484375 0.476562 0.484375 0.433594 0.488281 0.429688 0.511719 0.429688 0.515625 0.433594 0.515625 0.445312 0.527344 0.445312 0.531250 0.449219 0.531250 0.492188 0.527344 0.496094 0.523438 0.496094 0.523438 0.503906 0.519531 0.507812 0.511719 0.507812 0.511719 0.515625 0.531250 0.515625 0.535156 0.519531 0.535156 0.531250 0.546875 0.531250 0.550781 0.535156 0.550781 0.550781 0.562500 0.550781 0.566406 0.554688 0.566406 0.570312 0.562500 0.574219 0.542969 0.574219 0.523438 0.593750 0.519531 0.593750 0.519531 0.613281 0.515625 0.617188 0.488281 0.617188 0.484375 0.613281 0.484375 0.593750 0.472656 0.593750 0.464844 0.585938 0.464844 0.578125 0.449219 0.578125 0.445312 0.574219 0.433594 0.574219 0.429688 0.578125 0.429688 0.589844 0.441406 0.589844 0.445312 0.593750 0.445312 0.601562 0.449219 0.605469 0.449219 0.621094 0.437500 0.632812 0.429688 0.632812 0.425781 0.636719 0.421875 0.636719 0.421875 0.644531 0.425781 0.648438 0.425781 0.675781 0.429688 0.679688 0.449219 0.679688 0.453125 0.683594 0.464844 0.683594 0.468750 0.687500 0.468750 0.695312 0.488281 0.695312 0.488281 0.671875 0.449219 0.671875 0.445312 0.667969 0.445312 0.664062 0.433594 0.664062 0.429688 0.660156 0.429688 0.644531 0.433594 0.640625 0.441406 0.640625 0.445312 0.636719 0.449219 0.636719 0.453125 0.632812 0.457031 0.632812 0.460938 0.628906 0.468750 0.628906 0.472656 0.625000 0.488281 0.625000 0.492188 0.628906 0.492188 0.648438 0.500000 0.648438 0.503906 0.644531 0.507812 0.644531 0.507812 0.621094 0.511719 0.617188 0.527344 0.617188 0.527344 0.613281 0.531250 0.609375 0.546875 0.609375 0.550781 0.605469 0.558594 0.605469 0.558594 0.585938 0.562500 0.582031 0.574219 0.582031 0.574219 0.578125 0.578125 0.574219 0.601562 0.574219 0.605469 0.578125 0.605469 0.597656 0.601562 0.601562 0.597656 0.601562 0.593750 0.605469 0.589844 0.605469 0.589844 0.613281 0.593750 0.617188 0.593750 0.625000 0.601562 0.625000 0.609375 0.617188 0.613281 0.617188 0.621094 0.609375 0.625000 0.609375 0.625000 0.597656 0.628906 0.593750 0.660156 0.593750 0.664062 0.597656 0.664062 0.640625 0.660156 0.644531 0.656250 0.644531 0.656250 0.652344 0.652344 0.656250 0.644531 0.656250 0.644531 0.664062 0.652344 0.664062 0.656250 0.660156 0.679688 0.660156 0.683594 0.664062 0.683594 0.718750 0.675781 0.726562 0.671875 0.726562 0.671875 0.734375 0.667969 0.738281 0.636719 0.738281 0.632812 0.734375 0.617188 0.734375 0.609375 0.726562 0.609375 0.722656 0.605469 0.722656 0.601562 0.718750 0.593750 0.718750 0.593750 0.734375 0.589844 0.738281 0.558594 0.738281 0.554688 0.734375 0.554688 0.730469 0.546875 0.730469 0.542969 0.726562 0.535156 0.726562 0.535156 0.738281 0.539062 0.742188 0.539062 0.750000 0.546875 0.750000 0.550781 0.753906 0.550781 0.773438 0.546875 0.777344 0.546875 0.785156 0.542969 0.789062 0.539062 0.789062 0.539062 0.800781 0.535156 0.804688 0.519531 0.804688 0.515625 0.800781 0.515625 0.796875 0.507812 0.796875 0.503906 0.800781 0.503906 0.812500 0.500000 0.816406 0.476562 0.816406 0.472656 0.812500 0.472656 0.785156 0.468750 0.785156 0.464844 0.781250 0.464844 0.761719 0.468750 0.757812 0.472656 0.757812 0.472656 0.753906 0.476562 0.750000 0.476562 0.738281 0.433594 0.738281 0.425781 0.730469 0.425781 0.722656 0.417969 0.722656 0.414062 0.726562 0.378906 0.726562 0.375000 0.722656 0.375000 0.718750 0.371094 0.718750 0.363281 0.710938 0.363281 0.703125 0.343750 0.703125 0.339844 0.699219 0.332031 0.699219 0.328125 0.703125 0.312500 0.703125 0.308594 0.699219 0.308594 0.695312 0.273438 0.695312 0.269531 0.691406 0.269531 0.675781 0.265625 0.675781 0.261719 0.671875 0.246094 0.671875 0.246094 0.679688 0.242188 0.683594 0.230469 0.683594 0.230469 0.691406 0.234375 0.695312 0.246094 0.695312 0.250000 0.699219 0.250000 0.707031 0.253906 0.710938 0.253906 0.726562 0.250000 0.730469 0.250000 0.738281 0.257812 0.738281 0.261719 0.742188 0.261719 0.773438 0.257812 0.777344 0.246094 0.777344 0.246094 0.785156 0.250000 0.785156 0.253906 0.789062 0.257812 0.789062 0.261719 0.792969 0.265625 0.792969 0.269531 0.796875 0.277344 0.796875 0.281250 0.800781 0.292969 0.800781 0.292969 0.785156 0.289062 0.781250 0.289062 0.777344 0.285156 0.777344 0.281250 0.773438 0.281250 0.757812 0.269531 0.757812 0.265625 0.753906 0.265625 0.722656 0.269531 0.718750 0.273438 0.718750 0.277344 0.714844 0.300781 0.714844 0.304688 0.718750 0.316406 0.718750 0.320312 0.722656 0.320312 0.738281 0.324219 0.742188 0.332031 0.742188 0.335938 0.746094 0.335938 0.750000 0.343750 0.750000 0.347656 0.746094 0.351562 0.746094 0.355469 0.742188 0.375000 0.742188 0.378906 0.746094 0.378906 0.769531 0.386719 0.769531 0.390625 0.773438 0.394531 0.773438 0.398438 0.777344 0.437500 0.777344 0.441406 0.781250 0.441406 0.785156 0.445312 0.789062 0.445312 0.804688 0.449219 0.804688 0.453125 0.808594 0.457031 0.808594 0.460938 0.812500 0.468750 0.812500 0.472656 0.816406 0.472656 0.851562 0.468750 0.855469 0.464844 0.855469 0.460938 0.859375 0.457031 0.859375 0.457031 0.867188 0.453125 0.871094 0.449219 0.871094 0.449219 0.878906 0.457031 0.878906 0.457031 0.875000 0.460938 0.871094 0.468750 0.871094 0.472656 0.867188 0.476562 0.867188 0.480469 0.863281 0.480469 0.859375 0.484375 0.855469 0.488281 0.855469 0.496094 0.847656 0.511719 0.847656 0.515625 0.851562 0.515625 0.867188 0.535156 0.867188 0.535156 0.859375 0.539062 0.855469 0.558594 0.855469 0.562500 0.851562 0.570312 0.851562 0.574219 0.847656 0.574219 0.839844 0.570312 0.835938 0.570312 0.812500 0.574219 0.808594 0.597656 0.808594 0.601562 0.812500 0.628906 0.812500 0.632812 0.816406 0.632812 0.820312 0.640625 0.820312 0.640625 0.812500 0.644531 0.808594 0.660156 0.808594 0.664062 0.812500 0.671875 0.812500 0.679688 0.820312 0.679688 0.824219 0.687500 0.824219 0.691406 0.820312 0.707031 0.820312 0.710938 0.816406 0.746094 0.816406 0.750000 0.820312 0.757812 0.820312 0.761719 0.824219 0.800781 0.824219 0.804688 0.828125 0.820312 0.828125 0.820312 0.820312 0.828125 0.812500 0.828125 0.804688 0.832031 0.800781 0.843750 0.800781 0.843750 0.789062 0.835938 0.789062 0.828125 0.781250 0.828125 0.753906 0.832031 0.750000 0.832031 0.734375 0.835938 0.730469 0.839844 0.730469 0.843750 0.726562 0.843750 0.710938 0.847656 0.707031 0.871094 0.707031 0.875000 0.703125 0.878906 0.703125 0.882812 0.699219 0.886719 0.699219 0.886719 0.691406 0.863281 0.691406 0.855469 0.699219 0.839844 0.699219 0.835938 0.695312 0.835938 0.675781 0.820312 0.675781 0.816406 0.671875 0.816406 0.640625 0.820312 0.636719 0.828125 0.636719 0.828125 0.617188 0.832031 0.613281 0.835938 0.613281 0.835938 0.609375 0.843750 0.601562 0.843750 0.597656 0.847656 0.593750 0.847656 0.585938 0.812500 0.585938 0.808594 0.582031 0.808594 0.566406 0.812500 0.562500 0.828125 0.562500 0.832031 0.558594 0.843750 0.558594 0.843750 0.550781 0.828125 0.550781 0.824219 0.546875 0.816406 0.546875 0.812500 0.550781 0.812500 0.562500 0.808594 0.566406 0.792969 0.566406 0.789062 0.562500 0.781250 0.562500 0.781250 0.566406 0.777344 0.570312 0.769531 0.570312 0.765625 0.574219 0.757812 0.574219 0.753906 0.578125 0.746094 0.578125 0.742188 0.582031 0.734375 0.582031 0.734375 0.585938 0.722656 0.597656 0.718750 0.597656 0.718750 0.605469 0.707031 0.617188 0.679688 0.617188 0.675781 0.613281 0.675781 0.585938 0.679688 0.582031 0.687500 0.582031 0.691406 0.578125 0.691406 0.566406 0.695312 0.562500 0.699219 0.562500 0.699219 0.554688 0.703125 0.550781 0.722656 0.550781 0.722656 0.546875 0.726562 0.542969 0.738281 0.542969 0.742188 0.539062 0.742188 0.535156 0.753906 0.523438 0.753906 0.515625 0.757812 0.511719 0.765625 0.511719 0.769531 0.507812 0.769531 0.500000 0.773438 0.496094 0.785156 0.496094 0.789062 0.492188 0.843750 0.492188 0.843750 0.484375 0.832031 0.484375 0.828125 0.480469 0.828125 0.464844 0.824219 0.464844 0.820312 0.460938 0.820312 0.441406 0.824219 0.437500 0.824219 0.410156 0.828125 0.406250 0.839844 0.406250 0.839844 0.390625 0.835938 0.386719 0.820312 0.386719 0.816406 0.382812 0.812500 0.382812 0.804688 0.375000 0.804688 0.371094 0.800781 0.367188 0.800781 0.347656 0.796875 0.347656 0.792969 0.343750 0.792969 0.324219 0.796875 0.320312 0.804688 0.320312 0.812500 0.312500 0.828125 0.312500 0.828125 0.304688
2 0.683594 0.230469 0.683594 0.234375 0.679688 0.238281 0.675781 0.238281 0.675781 0.246094 0.671875 0.250000 0.667969 0.250000 0.664062 0.253906 0.664062 0.269531 0.671875 0.277344 0.671875 0.292969 0.679688 0.292969 0.679688 0.273438 0.683594 0.269531 0.687500 0.269531 0.691406 0.265625 0.714844 0.265625 0.718750 0.261719 0.722656 0.261719 0.722656 0.253906 0.718750 0.253906 0.714844 0.250000 0.714844 0.242188 0.695312 0.242188 0.691406 0.238281 0.691406 0.230469
2 0.531250 0.148438 0.531250 0.156250 0.554688 0.156250 0.558594 0.160156 0.558594 0.167969 0.566406 0.167969 0.570312 0.171875 0.578125 0.171875 0.585938 0.179688 0.585938 0.187500 0.589844 0.187500 0.593750 0.191406 0.593750 0.218750 0.589844 0.222656 0.589844 0.230469 0.585938 0.234375 0.562500 0.234375 0.558594 0.238281 0.558594 0.253906 0.554688 0.257812 0.546875 0.257812 0.546875 0.261719 0.542969 0.265625 0.542969 0.269531 0.539062 0.273438 0.523438 0.273438 0.519531 0.269531 0.519531 0.253906 0.523438 0.250000 0.523438 0.238281 0.531250 0.230469 0.539062 0.230469 0.539062 0.214844 0.535156 0.210938 0.527344 0.210938 0.523438 0.207031 0.523438 0.199219 0.515625 0.199219 0.515625 0.203125 0.511719 0.207031 0.507812 0.207031 0.507812 0.218750 0.511719 0.222656 0.511719 0.253906 0.507812 0.257812 0.492188 0.257812 0.492188 0.269531 0.496094 0.269531 0.500000 0.273438 0.500000 0.277344 0.535156 0.277344 0.542969 0.285156 0.542969 0.304688 0.546875 0.308594 0.546875 0.312500 0.554688 0.312500 0.558594 0.316406 0.558594 0.332031 0.562500 0.335938 0.562500 0.339844 0.589844 0.339844 0.593750 0.335938 0.601562 0.335938 0.609375 0.328125 0.625000 0.328125 0.632812 0.335938 0.632812 0.339844 0.640625 0.339844 0.640625 0.332031 0.644531 0.328125 0.644531 0.320312 0.613281 0.320312 0.609375 0.316406 0.609375 0.300781 0.613281 0.296875 0.617188 0.296875 0.617188 0.273438 0.621094 0.269531 0.628906 0.269531 0.632812 0.265625 0.632812 0.261719 0.636719 0.257812 0.640625 0.257812 0.640625 0.242188 0.636719 0.242188 0.632812 0.238281 0.632812 0.218750 0.644531 0.207031 0.644531 0.203125 0.648438 0.199219 0.671875 0.199219 0.675781 0.195312 0.675781 0.187500 0.679688 0.183594 0.679688 0.171875 0.664062 0.171875 0.660156 0.167969 0.644531 0.167969 0.640625 0.171875 0.632812 0.171875 0.632812 0.191406 0.628906 0.195312 0.613281 0.195312 0.609375 0.191406 0.609375 0.171875 0.613281 0.167969 0.617188 0.167969 0.617188 0.156250 0.601562 0.156250 0.597656 0.152344 0.597656 0.148438
2 0.640625 0.031250 0.640625 0.039062 0.644531 0.042969 0.644531 0.046875 0.679688 0.046875 0.683594 0.050781 0.687500 0.050781 0.703125 0.066406 0.710938 0.066406 0.710938 0.062500 0.714844 0.058594 0.714844 0.042969 0.703125 0.042969 0.699219 0.039062 0.664062 0.039062 0.660156 0.035156 0.656250 0.035156 0.652344 0.031250
