2 0.425781 0.851562 0.421875 0.855469 0.394531 0.855469 0.394531 0.863281 0.390625 0.867188 0.375000 0.867188 0.375000 0.894531 0.402344 0.894531 0.406250 0.898438 0.406250 0.902344 0.417969 0.902344 0.425781 0.910156 0.425781 0.914062 0.429688 0.914062 0.437500 0.921875 0.437500 0.925781 0.441406 0.925781 0.445312 0.929688 0.460938 0.929688 0.464844 0.925781 0.468750 0.925781 0.472656 0.921875 0.472656 0.910156 0.457031 0.910156 0.453125 0.906250 0.453125 0.898438 0.449219 0.894531 0.449219 0.878906 0.453125 0.875000 0.457031 0.875000 0.457031 0.867188 0.453125 0.863281 0.445312 0.863281 0.441406 0.859375 0.441406 0.855469 0.437500 0.855469 0.433594 0.851562
2 0.226562 0.820312 0.226562 0.835938 0.222656 0.839844 0.218750 0.839844 0.218750 0.847656 0.230469 0.847656 0.234375 0.851562 0.246094 0.851562 0.246094 0.839844 0.242188 0.835938 0.242188 0.820312
2 0.039062 0.816406 0.039062 0.832031 0.035156 0.835938 0.031250 0.835938 0.031250 0.847656 0.039062 0.855469 0.039062 0.882812 0.046875 0.890625 0.046875 0.894531 0.054688 0.902344 0.054688 0.906250 0.066406 0.906250 0.070312 0.902344 0.085938 0.902344 0.089844 0.906250 0.093750 0.906250 0.097656 0.910156 0.113281 0.910156 0.117188 0.906250 0.121094 0.906250 0.125000 0.902344 0.144531 0.902344 0.144531 0.894531 0.132812 0.882812 0.085938 0.882812 0.082031 0.878906 0.074219 0.878906 0.070312 0.875000 0.062500 0.875000 0.058594 0.871094 0.050781 0.871094 0.042969 0.863281 0.042969 0.832031 0.046875 0.828125 0.050781 0.828125 0.054688 0.824219 0.062500 0.824219 0.062500 0.816406
2 0.328125 0.757812 0.328125 0.781250 0.324219 0.785156 0.304688 0.785156 0.300781 0.781250 0.300781 0.773438 0.296875 0.773438 0.292969 0.769531 0.285156 0.769531 0.285156 0.781250 0.300781 0.781250 0.304688 0.785156 0.304688 0.800781 0.300781 0.804688 0.300781 0.808594 0.292969 0.816406 0.292969 0.824219 0.289062 0.828125 0.289062 0.832031 0.285156 0.835938 0.281250 0.835938 0.281250 0.843750 0.277344 0.847656 0.273438 0.847656 0.273438 0.851562 0.269531 0.855469 0.253906 0.855469 0.253906 0.867188 0.289062 0.867188 0.292969 0.863281 0.308594 0.863281 0.308594 0.843750 0.312500 0.839844 0.324219 0.839844 0.328125 0.835938 0.339844 0.835938 0.339844 0.832031 0.343750 0.828125 0.343750 0.820312 0.339844 0.820312 0.335938 0.816406 0.335938 0.796875 0.339844 0.792969 0.343750 0.792969 0.343750 0.789062 0.347656 0.785156 0.351562 0.785156 0.351562 0.781250 0.355469 0.777344 0.355469 0.769531 0.351562 0.765625 0.339844 0.765625 0.335938 0.761719 0.335938 0.757812
2 0.011719 0.753906 0.011719 0.761719 0.019531 0.761719 0.019531 0.753906
2 0.195312 0.750000 0.195312 0.757812 0.203125 0.757812 0.203125 0.750000
2 0.160156 0.648438 0.160156 0.656250 0.164062 0.660156 0.171875 0.660156 0.171875 0.648438
2 0.042969 0.601562 0.042969 0.609375 0.035156 0.617188 0.035156 0.625000 0.031250 0.628906 0.031250 0.652344 0.027344 0.656250 0.023438 0.656250 0.019531 0.660156 0.019531 0.671875 0.015625 0.675781 0.015625 0.699219 0.039062 0.699219 0.042969 0.695312 0.046875 0.695312 0.046875 0.671875 0.039062 0.671875 0.035156 0.667969 0.035156 0.652344 0.039062 0.648438 0.039062 0.644531 0.042969 0.640625 0.042969 0.632812 0.046875 0.628906 0.050781 0.628906 0.050781 0.601562
2 0.640625 0.582031 0.632812 0.589844 0.632812 0.597656 0.636719 0.601562 0.648438 0.601562 0.652344 0.597656 0.652344 0.582031
2 0.589844 0.578125 0.589844 0.589844 0.605469 0.589844 0.609375 0.585938 0.613281 0.585938 0.613281 0.578125
2 0.070312 0.554688 0.066406 0.558594 0.066406 0.566406 0.070312 0.566406 0.074219 0.570312 0.082031 0.570312 0.082031 0.554688
2 0.675781 0.539062 0.675781 0.550781 0.679688 0.550781 0.683594 0.554688 0.683594 0.566406 0.687500 0.566406 0.695312 0.574219 0.722656 0.574219 0.726562 0.570312 0.726562 0.562500 0.722656 0.558594 0.714844 0.558594 0.710938 0.554688 0.710938 0.546875 0.707031 0.546875 0.703125 0.542969 0.703125 0.539062
2 0.515625 0.484375 0.515625 0.488281 0.511719 0.492188 0.484375 0.492188 0.484375 0.496094 0.480469 0.500000 0.480469 0.511719 0.484375 0.515625 0.484375 0.539062 0.480469 0.542969 0.464844 0.542969 0.460938 0.539062 0.460938 0.531250 0.453125 0.531250 0.453125 0.539062 0.457031 0.539062 0.460938 0.542969 0.460938 0.574219 0.457031 0.578125 0.429688 0.578125 0.425781 0.582031 0.421875 0.582031 0.417969 0.585938 0.417969 0.617188 0.414062 0.621094 0.406250 0.621094 0.406250 0.632812 0.398438 0.640625 0.382812 0.640625 0.378906 0.644531 0.378906 0.652344 0.375000 0.656250 0.371094 0.656250 0.371094 0.660156 0.363281 0.667969 0.335938 0.667969 0.332031 0.664062 0.312500 0.664062 0.312500 0.671875 0.316406 0.671875 0.320312 0.675781 0.320312 0.683594 0.324219 0.687500 0.335938 0.687500 0.339844 0.691406 0.339844 0.710938 0.343750 0.714844 0.343750 0.722656 0.347656 0.726562 0.347656 0.734375 0.351562 0.738281 0.351562 0.742188 0.363281 0.742188 0.363281 0.738281 0.367188 0.734375 0.375000 0.734375 0.378906 0.730469 0.378906 0.722656 0.382812 0.718750 0.398438 0.718750 0.402344 0.722656 0.402344 0.726562 0.414062 0.726562 0.417969 0.722656 0.441406 0.722656 0.445312 0.718750 0.453125 0.718750 0.453125 0.703125 0.457031 0.699219 0.468750 0.699219 0.468750 0.679688 0.480469 0.667969 0.480469 0.656250 0.460938 0.656250 0.453125 0.648438 0.453125 0.613281 0.460938 0.605469 0.480469 0.605469 0.480469 0.597656 0.476562 0.593750 0.476562 0.578125 0.472656 0.578125 0.468750 0.574219 0.468750 0.554688 0.472656 0.550781 0.472656 0.546875 0.476562 0.542969 0.492188 0.542969 0.496094 0.546875 0.507812 0.546875 0.511719 0.542969 0.531250 0.542969 0.542969 0.554688 0.550781 0.554688 0.550781 0.550781 0.554688 0.546875 0.597656 0.546875 0.601562 0.550781 0.601562 0.554688 0.609375 0.554688 0.613281 0.550781 0.613281 0.546875 0.617188 0.542969 0.632812 0.542969 0.632812 0.535156 0.625000 0.535156 0.625000 0.539062 0.621094 0.542969 0.585938 0.542969 0.582031 0.539062 0.582031 0.531250 0.566406 0.531250 0.562500 0.527344 0.562500 0.523438 0.554688 0.523438 0.554688 0.527344 0.550781 0.531250 0.535156 0.531250 0.531250 0.527344 0.531250 0.519531 0.515625 0.519531 0.511719 0.515625 0.500000 0.515625 0.496094 0.511719 0.496094 0.496094 0.500000 0.492188 0.523438 0.492188 0.523438 0.484375
2 0.117188 0.484375 0.117188 0.496094 0.113281 0.500000 0.109375 0.500000 0.109375 0.503906 0.105469 0.507812 0.105469 0.515625 0.113281 0.515625 0.113281 0.511719 0.117188 0.507812 0.117188 0.500000 0.121094 0.496094 0.125000 0.496094 0.125000 0.484375
2 0.878906 0.453125 0.878906 0.472656 0.875000 0.476562 0.843750 0.476562 0.839844 0.472656 0.839844 0.464844 0.832031 0.464844 0.832031 0.484375 0.839844 0.492188 0.839844 0.496094 0.851562 0.496094 0.855469 0.500000 0.855469 0.527344 0.863281 0.535156 0.863281 0.550781 0.859375 0.554688 0.859375 0.570312 0.855469 0.574219 0.832031 0.574219 0.828125 0.570312 0.828125 0.558594 0.820312 0.550781 0.820312 0.535156 0.804688 0.535156 0.800781 0.531250 0.800781 0.527344 0.796875 0.523438 0.796875 0.519531 0.789062 0.519531 0.789062 0.523438 0.785156 0.527344 0.773438 0.527344 0.773438 0.554688 0.777344 0.558594 0.777344 0.566406 0.781250 0.566406 0.785156 0.570312 0.785156 0.589844 0.777344 0.597656 0.777344 0.601562 0.773438 0.605469 0.765625 0.605469 0.761719 0.609375 0.761719 0.613281 0.757812 0.617188 0.750000 0.617188 0.750000 0.621094 0.746094 0.625000 0.734375 0.625000 0.730469 0.628906 0.730469 0.644531 0.726562 0.648438 0.703125 0.648438 0.699219 0.644531 0.699219 0.640625 0.695312 0.640625 0.691406 0.636719 0.683594 0.636719 0.683594 0.644531 0.679688 0.648438 0.660156 0.648438 0.656250 0.644531 0.656250 0.640625 0.648438 0.640625 0.648438 0.648438 0.644531 0.652344 0.628906 0.652344 0.625000 0.648438 0.625000 0.636719 0.613281 0.636719 0.609375 0.640625 0.605469 0.640625 0.605469 0.648438 0.609375 0.652344 0.621094 0.652344 0.625000 0.656250 0.625000 0.675781 0.621094 0.679688 0.605469 0.679688 0.601562 0.675781 0.589844 0.675781 0.585938 0.671875 0.570312 0.671875 0.566406 0.667969 0.558594 0.667969 0.554688 0.671875 0.535156 0.671875 0.535156 0.675781 0.531250 0.679688 0.531250 0.683594 0.527344 0.687500 0.511719 0.687500 0.511719 0.695312 0.515625 0.699219 0.515625 0.718750 0.511719 0.722656 0.507812 0.722656 0.507812 0.734375 0.527344 0.734375 0.531250 0.738281 0.531250 0.757812 0.542969 0.757812 0.542969 0.738281 0.546875 0.734375 0.562500 0.734375 0.566406 0.738281 0.570312 0.738281 0.574219 0.742188 0.593750 0.742188 0.597656 0.746094 0.597656 0.761719 0.593750 0.765625 0.566406 0.765625 0.566406 0.769531 0.562500 0.773438 0.558594 0.773438 0.558594 0.781250 0.554688 0.785156 0.535156 0.785156 0.531250 0.781250 0.523438 0.781250 0.523438 0.785156 0.519531 0.789062 0.515625 0.789062 0.515625 0.792969 0.511719 0.796875 0.496094 0.796875 0.492188 0.792969 0.480469 0.792969 0.476562 0.796875 0.472656 0.796875 0.468750 0.800781 0.464844 0.800781 0.460938 0.804688 0.453125 0.804688 0.453125 0.812500 0.449219 0.816406 0.429688 0.816406 0.425781 0.812500 0.425781 0.808594 0.414062 0.808594 0.414062 0.816406 0.421875 0.816406 0.425781 0.820312 0.425781 0.828125 0.437500 0.828125 0.441406 0.824219 0.453125 0.824219 0.453125 0.816406 0.457031 0.812500 0.488281 0.812500 0.488281 0.808594 0.492188 0.804688 0.496094 0.804688 0.496094 0.800781 0.500000 0.796875 0.527344 0.796875 0.535156 0.804688 0.535156 0.808594 0.539062 0.808594 0.542969 0.812500 0.542969 0.820312 0.546875 0.824219 0.554688 0.824219 0.558594 0.828125 0.562500 0.828125 0.566406 0.832031 0.566406 0.847656 0.562500 0.851562 0.558594 0.851562 0.558594 0.867188 0.554688 0.871094 0.554688 0.886719 0.550781 0.890625 0.519531 0.890625 0.519531 0.898438 0.535156 0.898438 0.535156 0.894531 0.539062 0.890625 0.562500 0.890625 0.566406 0.886719 0.582031 0.886719 0.585938 0.882812 0.589844 0.882812 0.593750 0.878906 0.609375 0.878906 0.613281 0.875000 0.617188 0.875000 0.621094 0.871094 0.628906 0.871094 0.628906 0.863281 0.625000 0.863281 0.621094 0.859375 0.609375 0.859375 0.609375 0.863281 0.605469 0.867188 0.585938 0.867188 0.582031 0.863281 0.582031 0.839844 0.585938 0.835938 0.613281 0.835938 0.617188 0.832031 0.644531 0.832031 0.648438 0.835938 0.648438 0.847656 0.667969 0.847656 0.671875 0.843750 0.679688 0.843750 0.683594 0.839844 0.687500 0.839844 0.695312 0.832031 0.699219 0.832031 0.699219 0.820312 0.691406 0.812500 0.691406 0.808594 0.687500 0.804688 0.656250 0.804688 0.652344 0.808594 0.644531 0.808594 0.640625 0.812500 0.628906 0.812500 0.628906 0.824219 0.625000 0.828125 0.593750 0.828125 0.589844 0.824219 0.589844 0.808594 0.593750 0.804688 0.613281 0.804688 0.613281 0.789062 0.609375 0.785156 0.609375 0.769531 0.613281 0.765625 0.621094 0.765625 0.625000 0.761719 0.632812 0.761719 0.636719 0.757812 0.640625 0.757812 0.640625 0.750000 0.632812 0.750000 0.628906 0.746094 0.628906 0.730469 0.632812 0.726562 0.640625 0.726562 0.644531 0.722656 0.656250 0.722656 0.656250 0.714844 0.660156 0.710938 0.679688 0.710938 0.683594 0.714844 0.683594 0.734375 0.699219 0.734375 0.703125 0.738281 0.703125 0.753906 0.699219 0.757812 0.691406 0.757812 0.687500 0.761719 0.687500 0.777344 0.691406 0.781250 0.691406 0.785156 0.707031 0.785156 0.710938 0.789062 0.726562 0.789062 0.726562 0.781250 0.718750 0.773438 0.718750 0.753906 0.722656 0.750000 0.730469 0.750000 0.734375 0.746094 0.734375 0.738281 0.726562 0.730469 0.718750 0.730469 0.710938 0.722656 0.710938 0.695312 0.726562 0.679688 0.726562 0.675781 0.730469 0.671875 0.738281 0.671875 0.738281 0.656250 0.742188 0.652344 0.777344 0.652344 0.781250 0.656250 0.781250 0.664062 0.789062 0.671875 0.796875 0.671875 0.808594 0.683594 0.808594 0.699219 0.804688 0.703125 0.796875 0.703125 0.789062 0.710938 0.781250 0.710938 0.781250 0.722656 0.792969 0.722656 0.796875 0.718750 0.800781 0.718750 0.804688 0.714844 0.820312 0.714844 0.824219 0.718750 0.824219 0.722656 0.832031 0.722656 0.839844 0.714844 0.839844 0.710938 0.843750 0.707031 0.843750 0.699219 0.847656 0.695312 0.847656 0.683594 0.851562 0.679688 0.851562 0.667969 0.855469 0.664062 0.855469 0.660156 0.859375 0.656250 0.859375 0.652344 0.863281 0.648438 0.863281 0.644531 0.871094 0.636719 0.871094 0.632812 0.875000 0.628906 0.875000 0.625000 0.882812 0.617188 0.882812 0.613281 0.894531 0.601562 0.894531 0.597656 0.898438 0.593750 0.898438 0.589844 0.906250 0.582031 0.906250 0.578125 0.910156 0.574219 0.910156 0.570312 0.914062 0.566406 0.914062 0.550781 0.917969 0.546875 0.921875 0.546875 0.921875 0.542969 0.925781 0.539062 0.925781 0.519531 0.917969 0.519531 0.914062 0.515625 0.914062 0.492188 0.917969 0.488281 0.937500 0.488281 0.937500 0.480469 0.929688 0.480469 0.925781 0.484375 0.910156 0.484375 0.906250 0.480469 0.906250 0.472656 0.890625 0.472656 0.886719 0.468750 0.886719 0.453125
2 0.527344 0.433594 0.527344 0.441406 0.531250 0.441406 0.535156 0.445312 0.535156 0.449219 0.542969 0.449219 0.542969 0.441406 0.539062 0.437500 0.539062 0.433594
2 0.941406 0.425781 0.941406 0.441406 0.953125 0.441406 0.953125 0.429688 0.949219 0.425781
2 0.488281 0.417969 0.488281 0.429688 0.484375 0.433594 0.476562 0.433594 0.476562 0.441406 0.472656 0.445312 0.472656 0.457031 0.480469 0.457031 0.484375 0.460938 0.484375 0.464844 0.500000 0.464844 0.500000 0.417969
2 0.582031 0.406250 0.578125 0.410156 0.566406 0.410156 0.566406 0.441406 0.574219 0.441406 0.574219 0.421875 0.582031 0.414062 0.593750 0.414062 0.593750 0.406250
2 0.601562 0.371094 0.601562 0.378906 0.597656 0.382812 0.597656 0.390625 0.609375 0.390625 0.609375 0.371094
2 0.500000 0.371094 0.500000 0.394531 0.507812 0.394531 0.515625 0.386719 0.519531 0.386719 0.519531 0.371094
2 0.480469 0.324219 0.480469 0.335938 0.488281 0.335938 0.488281 0.324219
2 0.402344 0.316406 0.402344 0.324219 0.406250 0.328125 0.406250 0.339844 0.414062 0.339844 0.417969 0.343750 0.417969 0.390625 0.414062 0.394531 0.367188 0.394531 0.367188 0.402344 0.363281 0.406250 0.347656 0.406250 0.343750 0.402344 0.328125 0.402344 0.324219 0.398438 0.312500 0.398438 0.304688 0.406250 0.300781 0.406250 0.300781 0.417969 0.304688 0.421875 0.304688 0.441406 0.308594 0.441406 0.316406 0.449219 0.316406 0.468750 0.324219 0.476562 0.324219 0.500000 0.320312 0.503906 0.312500 0.503906 0.312500 0.507812 0.308594 0.511719 0.292969 0.511719 0.289062 0.507812 0.289062 0.503906 0.242188 0.503906 0.238281 0.507812 0.238281 0.515625 0.234375 0.519531 0.230469 0.519531 0.230469 0.542969 0.222656 0.550781 0.199219 0.550781 0.199219 0.566406 0.195312 0.570312 0.183594 0.570312 0.183594 0.578125 0.195312 0.578125 0.199219 0.582031 0.199219 0.597656 0.195312 0.601562 0.195312 0.605469 0.191406 0.609375 0.179688 0.609375 0.179688 0.617188 0.175781 0.621094 0.175781 0.632812 0.187500 0.632812 0.191406 0.628906 0.207031 0.628906 0.214844 0.636719 0.214844 0.640625 0.218750 0.644531 0.218750 0.648438 0.222656 0.652344 0.222656 0.671875 0.218750 0.675781 0.183594 0.675781 0.183594 0.683594 0.179688 0.687500 0.179688 0.699219 0.183594 0.703125 0.183594 0.707031 0.226562 0.707031 0.230469 0.710938 0.230469 0.726562 0.226562 0.730469 0.226562 0.742188 0.230469 0.742188 0.238281 0.750000 0.238281 0.761719 0.250000 0.761719 0.250000 0.753906 0.246094 0.750000 0.246094 0.707031 0.242188 0.707031 0.234375 0.699219 0.234375 0.683594 0.238281 0.679688 0.238281 0.675781 0.242188 0.671875 0.242188 0.667969 0.246094 0.664062 0.250000 0.664062 0.250000 0.648438 0.253906 0.644531 0.261719 0.644531 0.261719 0.636719 0.265625 0.632812 0.281250 0.632812 0.281250 0.621094 0.285156 0.617188 0.296875 0.617188 0.296875 0.605469 0.300781 0.601562 0.308594 0.601562 0.308594 0.593750 0.312500 0.589844 0.316406 0.589844 0.320312 0.585938 0.320312 0.570312 0.316406 0.566406 0.308594 0.566406 0.304688 0.562500 0.300781 0.562500 0.296875 0.558594 0.296875 0.550781 0.292969 0.546875 0.292969 0.531250 0.296875 0.527344 0.316406 0.527344 0.324219 0.535156 0.332031 0.535156 0.332031 0.515625 0.335938 0.511719 0.347656 0.511719 0.347656 0.503906 0.351562 0.500000 0.351562 0.492188 0.355469 0.488281 0.359375 0.488281 0.363281 0.484375 0.386719 0.484375 0.390625 0.488281 0.390625 0.500000 0.398438 0.500000 0.398438 0.496094 0.402344 0.492188 0.410156 0.492188 0.410156 0.464844 0.414062 0.460938 0.421875 0.460938 0.421875 0.457031 0.425781 0.453125 0.429688 0.453125 0.429688 0.429688 0.433594 0.425781 0.433594 0.417969 0.441406 0.410156 0.441406 0.378906 0.437500 0.375000 0.437500 0.359375 0.445312 0.351562 0.445312 0.347656 0.449219 0.343750 0.449219 0.335938 0.445312 0.335938 0.441406 0.332031 0.417969 0.332031 0.410156 0.324219 0.410156 0.316406
2 0.781250 0.296875 0.781250 0.300781 0.769531 0.312500 0.753906 0.312500 0.750000 0.308594 0.738281 0.308594 0.738281 0.320312 0.742188 0.324219 0.742188 0.328125 0.761719 0.328125 0.765625 0.332031 0.765625 0.347656 0.777344 0.347656 0.777344 0.332031 0.781250 0.328125 0.785156 0.328125 0.785156 0.312500 0.789062 0.308594 0.789062 0.296875
2 0.781250 0.214844 0.781250 0.218750 0.773438 0.226562 0.773438 0.234375 0.777344 0.234375 0.785156 0.242188 0.816406 0.242188 0.824219 0.250000 0.824219 0.253906 0.828125 0.257812 0.828125 0.273438 0.832031 0.273438 0.835938 0.277344 0.835938 0.289062 0.839844 0.292969 0.839844 0.300781 0.855469 0.300781 0.855469 0.292969 0.859375 0.289062 0.863281 0.289062 0.863281 0.285156 0.871094 0.277344 0.875000 0.277344 0.878906 0.273438 0.882812 0.273438 0.882812 0.253906 0.839844 0.253906 0.835938 0.250000 0.835938 0.242188 0.832031 0.238281 0.832031 0.230469 0.828125 0.226562 0.828125 0.222656 0.820312 0.222656 0.816406 0.218750 0.812500 0.218750 0.808594 0.214844
2 0.609375 0.183594 0.605469 0.187500 0.601562 0.187500 0.593750 0.195312 0.593750 0.207031 0.605469 0.218750 0.605469 0.226562 0.625000 0.226562 0.625000 0.210938 0.628906 0.207031 0.644531 0.207031 0.648438 0.210938 0.648438 0.226562 0.644531 0.230469 0.640625 0.230469 0.640625 0.246094 0.636719 0.250000 0.621094 0.250000 0.617188 0.253906 0.609375 0.253906 0.609375 0.261719 0.613281 0.265625 0.613281 0.300781 0.609375 0.304688 0.605469 0.304688 0.605469 0.320312 0.601562 0.324219 0.597656 0.324219 0.593750 0.328125 0.593750 0.335938 0.597656 0.339844 0.625000 0.339844 0.628906 0.343750 0.628906 0.355469 0.632812 0.355469 0.636719 0.359375 0.636719 0.367188 0.679688 0.367188 0.679688 0.359375 0.683594 0.355469 0.683594 0.339844 0.687500 0.335938 0.710938 0.335938 0.710938 0.328125 0.699219 0.328125 0.695312 0.324219 0.691406 0.324219 0.687500 0.320312 0.687500 0.300781 0.691406 0.296875 0.695312 0.296875 0.703125 0.289062 0.703125 0.285156 0.707031 0.281250 0.710938 0.281250 0.718750 0.273438 0.757812 0.273438 0.761719 0.277344 0.769531 0.277344 0.769531 0.269531 0.753906 0.269531 0.750000 0.265625 0.750000 0.261719 0.730469 0.261719 0.722656 0.253906 0.707031 0.253906 0.703125 0.250000 0.703125 0.234375 0.707031 0.230469 0.707031 0.222656 0.699219 0.222656 0.695312 0.218750 0.683594 0.218750 0.679688 0.214844 0.679688 0.199219 0.671875 0.191406 0.652344 0.191406 0.648438 0.187500 0.648438 0.183594
