2 0.277344 0.964844 0.273438 0.968750 0.257812 0.968750 0.257812 0.976562 0.281250 0.976562 0.285156 0.980469 0.292969 0.980469 0.292969 0.972656 0.289062 0.972656 0.285156 0.968750 0.285156 0.964844
2 0.214844 0.914062 0.210938 0.917969 0.195312 0.917969 0.195312 0.937500 0.191406 0.941406 0.187500 0.941406 0.187500 0.949219 0.203125 0.949219 0.203125 0.929688 0.207031 0.925781 0.210938 0.925781 0.214844 0.921875 0.222656 0.921875 0.222656 0.914062
2 0.410156 0.871094 0.410156 0.878906 0.417969 0.878906 0.417969 0.871094
2 0.496094 0.863281 0.488281 0.871094 0.488281 0.875000 0.484375 0.878906 0.480469 0.878906 0.480469 0.886719 0.492188 0.886719 0.496094 0.890625 0.496094 0.898438 0.507812 0.898438 0.511719 0.894531 0.515625 0.894531 0.515625 0.882812 0.519531 0.878906 0.519531 0.871094 0.515625 0.871094 0.511719 0.867188 0.507812 0.867188 0.503906 0.863281
2 0.382812 0.816406 0.378906 0.820312 0.316406 0.820312 0.316406 0.828125 0.328125 0.828125 0.332031 0.832031 0.375000 0.832031 0.382812 0.839844 0.382812 0.859375 0.386719 0.859375 0.394531 0.867188 0.402344 0.867188 0.402344 0.855469 0.390625 0.843750 0.390625 0.828125 0.394531 0.824219 0.410156 0.824219 0.410156 0.816406
2 0.437500 0.796875 0.433594 0.800781 0.433594 0.812500 0.449219 0.812500 0.449219 0.796875
2 0.695312 0.781250 0.691406 0.785156 0.679688 0.785156 0.675781 0.789062 0.667969 0.789062 0.667969 0.796875 0.660156 0.804688 0.660156 0.812500 0.675781 0.812500 0.679688 0.808594 0.679688 0.804688 0.683594 0.800781 0.695312 0.800781 0.703125 0.792969 0.707031 0.792969 0.707031 0.781250
2 0.812500 0.757812 0.812500 0.773438 0.808594 0.777344 0.808594 0.816406 0.820312 0.828125 0.828125 0.828125 0.828125 0.820312 0.824219 0.816406 0.824219 0.812500 0.816406 0.804688 0.816406 0.785156 0.820312 0.781250 0.820312 0.777344 0.824219 0.773438 0.828125 0.773438 0.832031 0.769531 0.832031 0.761719 0.824219 0.761719 0.820312 0.757812
2 0.722656 0.757812 0.722656 0.769531 0.734375 0.769531 0.734375 0.757812
2 0.800781 0.667969 0.800781 0.671875 0.796875 0.675781 0.789062 0.675781 0.785156 0.679688 0.781250 0.679688 0.777344 0.683594 0.765625 0.683594 0.765625 0.691406 0.769531 0.695312 0.796875 0.695312 0.804688 0.703125 0.812500 0.703125 0.816406 0.699219 0.816406 0.687500 0.812500 0.683594 0.812500 0.667969
2 0.398438 0.664062 0.398438 0.671875 0.406250 0.671875 0.406250 0.664062
2 0.507812 0.656250 0.507812 0.660156 0.503906 0.664062 0.488281 0.664062 0.488281 0.667969 0.484375 0.671875 0.468750 0.671875 0.468750 0.675781 0.464844 0.679688 0.464844 0.683594 0.460938 0.687500 0.460938 0.691406 0.453125 0.699219 0.453125 0.718750 0.449219 0.722656 0.433594 0.722656 0.433594 0.734375 0.445312 0.734375 0.445312 0.730469 0.449219 0.726562 0.464844 0.726562 0.468750 0.730469 0.468750 0.734375 0.492188 0.734375 0.496094 0.738281 0.496094 0.761719 0.492188 0.765625 0.468750 0.765625 0.468750 0.773438 0.472656 0.777344 0.472656 0.796875 0.484375 0.808594 0.484375 0.816406 0.488281 0.820312 0.488281 0.824219 0.496094 0.824219 0.507812 0.812500 0.507812 0.808594 0.511719 0.804688 0.511719 0.773438 0.507812 0.769531 0.507812 0.753906 0.511719 0.750000 0.511719 0.738281 0.496094 0.738281 0.492188 0.734375 0.492188 0.710938 0.496094 0.707031 0.507812 0.707031 0.507812 0.687500 0.511719 0.683594 0.519531 0.683594 0.519531 0.667969 0.515625 0.664062 0.515625 0.656250
2 0.269531 0.648438 0.265625 0.652344 0.261719 0.652344 0.261719 0.660156 0.265625 0.660156 0.269531 0.664062 0.277344 0.664062 0.281250 0.667969 0.281250 0.687500 0.285156 0.691406 0.285156 0.703125 0.296875 0.703125 0.300781 0.707031 0.300781 0.722656 0.296875 0.726562 0.289062 0.726562 0.289062 0.730469 0.277344 0.742188 0.277344 0.746094 0.273438 0.750000 0.269531 0.750000 0.269531 0.773438 0.281250 0.773438 0.285156 0.769531 0.316406 0.769531 0.320312 0.765625 0.351562 0.765625 0.355469 0.761719 0.378906 0.761719 0.382812 0.757812 0.402344 0.757812 0.406250 0.761719 0.421875 0.761719 0.421875 0.742188 0.378906 0.742188 0.375000 0.738281 0.363281 0.738281 0.359375 0.742188 0.355469 0.742188 0.351562 0.746094 0.335938 0.746094 0.332031 0.742188 0.332031 0.730469 0.328125 0.730469 0.324219 0.726562 0.324219 0.710938 0.328125 0.707031 0.328125 0.703125 0.332031 0.699219 0.351562 0.699219 0.351562 0.695312 0.355469 0.691406 0.355469 0.679688 0.335938 0.679688 0.332031 0.675781 0.332031 0.671875 0.328125 0.671875 0.320312 0.664062 0.308594 0.664062 0.304688 0.660156 0.300781 0.660156 0.296875 0.656250 0.296875 0.652344 0.285156 0.652344 0.281250 0.648438
2 0.210938 0.484375 0.210938 0.496094 0.218750 0.503906 0.218750 0.511719 0.222656 0.515625 0.234375 0.515625 0.238281 0.519531 0.238281 0.523438 0.257812 0.523438 0.257812 0.511719 0.250000 0.511719 0.246094 0.507812 0.242188 0.507812 0.238281 0.503906 0.238281 0.492188 0.230469 0.492188 0.222656 0.484375
2 0.253906 0.414062 0.253906 0.425781 0.257812 0.425781 0.261719 0.429688 0.261719 0.433594 0.265625 0.437500 0.265625 0.449219 0.273438 0.449219 0.277344 0.453125 0.277344 0.460938 0.285156 0.468750 0.285156 0.503906 0.289062 0.503906 0.292969 0.507812 0.292969 0.515625 0.296875 0.519531 0.296875 0.539062 0.292969 0.542969 0.292969 0.562500 0.289062 0.566406 0.269531 0.566406 0.265625 0.562500 0.261719 0.562500 0.257812 0.558594 0.253906 0.558594 0.250000 0.554688 0.250000 0.550781 0.234375 0.550781 0.230469 0.546875 0.230469 0.539062 0.218750 0.539062 0.214844 0.535156 0.207031 0.535156 0.207031 0.550781 0.203125 0.554688 0.199219 0.554688 0.199219 0.558594 0.195312 0.562500 0.195312 0.570312 0.203125 0.578125 0.203125 0.589844 0.207031 0.593750 0.207031 0.613281 0.203125 0.617188 0.195312 0.617188 0.195312 0.628906 0.222656 0.628906 0.222656 0.613281 0.230469 0.605469 0.230469 0.593750 0.234375 0.589844 0.261719 0.589844 0.261719 0.582031 0.265625 0.578125 0.300781 0.578125 0.304688 0.582031 0.320312 0.582031 0.324219 0.585938 0.324219 0.589844 0.328125 0.589844 0.332031 0.593750 0.332031 0.613281 0.347656 0.613281 0.351562 0.617188 0.351562 0.625000 0.359375 0.632812 0.363281 0.632812 0.371094 0.640625 0.371094 0.652344 0.375000 0.656250 0.375000 0.660156 0.390625 0.660156 0.390625 0.632812 0.386719 0.632812 0.382812 0.628906 0.382812 0.621094 0.378906 0.621094 0.375000 0.617188 0.375000 0.609375 0.371094 0.605469 0.371094 0.601562 0.367188 0.597656 0.367188 0.585938 0.363281 0.585938 0.359375 0.582031 0.359375 0.566406 0.363281 0.562500 0.363281 0.554688 0.359375 0.550781 0.355469 0.550781 0.351562 0.546875 0.343750 0.546875 0.339844 0.542969 0.339844 0.500000 0.335938 0.500000 0.332031 0.496094 0.332031 0.480469 0.335938 0.476562 0.339844 0.476562 0.343750 0.472656 0.347656 0.472656 0.347656 0.464844 0.351562 0.460938 0.371094 0.460938 0.371094 0.453125 0.367188 0.449219 0.367188 0.445312 0.328125 0.445312 0.328125 0.449219 0.320312 0.457031 0.292969 0.457031 0.289062 0.453125 0.289062 0.449219 0.285156 0.449219 0.281250 0.445312 0.281250 0.425781 0.273438 0.425781 0.269531 0.421875 0.269531 0.414062
2 0.476562 0.359375 0.468750 0.367188 0.468750 0.375000 0.472656 0.378906 0.496094 0.378906 0.500000 0.375000 0.500000 0.367188 0.496094 0.363281 0.496094 0.359375
2 0.570312 0.343750 0.566406 0.347656 0.542969 0.347656 0.539062 0.351562 0.531250 0.351562 0.531250 0.359375 0.535156 0.363281 0.535156 0.382812 0.531250 0.386719 0.531250 0.394531 0.527344 0.398438 0.527344 0.402344 0.523438 0.406250 0.503906 0.406250 0.496094 0.414062 0.476562 0.414062 0.472656 0.410156 0.472656 0.406250 0.460938 0.406250 0.460938 0.414062 0.457031 0.417969 0.457031 0.421875 0.453125 0.425781 0.441406 0.425781 0.441406 0.429688 0.437500 0.433594 0.402344 0.433594 0.402344 0.445312 0.406250 0.449219 0.406250 0.453125 0.410156 0.457031 0.425781 0.457031 0.429688 0.460938 0.429688 0.500000 0.425781 0.503906 0.425781 0.511719 0.429688 0.511719 0.433594 0.515625 0.433594 0.519531 0.441406 0.527344 0.441406 0.535156 0.453125 0.546875 0.453125 0.578125 0.457031 0.578125 0.464844 0.585938 0.464844 0.605469 0.460938 0.609375 0.457031 0.609375 0.453125 0.613281 0.453125 0.625000 0.464844 0.625000 0.464844 0.609375 0.468750 0.605469 0.472656 0.605469 0.476562 0.601562 0.480469 0.601562 0.484375 0.597656 0.500000 0.597656 0.500000 0.593750 0.511719 0.582031 0.515625 0.582031 0.531250 0.566406 0.531250 0.562500 0.535156 0.558594 0.539062 0.558594 0.542969 0.554688 0.542969 0.531250 0.546875 0.527344 0.550781 0.527344 0.550781 0.519531 0.554688 0.515625 0.554688 0.500000 0.550781 0.500000 0.546875 0.496094 0.546875 0.476562 0.550781 0.472656 0.554688 0.472656 0.558594 0.468750 0.574219 0.468750 0.578125 0.472656 0.578125 0.484375 0.585938 0.492188 0.585938 0.507812 0.593750 0.507812 0.597656 0.511719 0.597656 0.515625 0.613281 0.515625 0.617188 0.511719 0.636719 0.511719 0.636719 0.507812 0.640625 0.503906 0.656250 0.503906 0.667969 0.515625 0.667969 0.558594 0.671875 0.562500 0.671875 0.566406 0.679688 0.566406 0.683594 0.570312 0.683594 0.585938 0.675781 0.593750 0.660156 0.593750 0.656250 0.589844 0.632812 0.589844 0.632812 0.621094 0.628906 0.625000 0.628906 0.644531 0.625000 0.648438 0.613281 0.648438 0.609375 0.652344 0.609375 0.660156 0.628906 0.660156 0.632812 0.656250 0.652344 0.656250 0.656250 0.660156 0.656250 0.679688 0.667969 0.679688 0.675781 0.687500 0.675781 0.703125 0.671875 0.707031 0.613281 0.707031 0.609375 0.703125 0.601562 0.703125 0.601562 0.707031 0.597656 0.710938 0.597656 0.714844 0.593750 0.718750 0.582031 0.718750 0.574219 0.726562 0.574219 0.730469 0.566406 0.738281 0.566406 0.757812 0.562500 0.761719 0.562500 0.789062 0.566406 0.792969 0.566406 0.800781 0.570312 0.804688 0.574219 0.804688 0.582031 0.812500 0.582031 0.843750 0.578125 0.847656 0.574219 0.847656 0.574219 0.863281 0.578125 0.863281 0.582031 0.867188 0.582031 0.882812 0.585938 0.886719 0.593750 0.886719 0.593750 0.871094 0.589844 0.867188 0.589844 0.851562 0.593750 0.847656 0.593750 0.843750 0.597656 0.839844 0.597656 0.820312 0.601562 0.816406 0.605469 0.816406 0.609375 0.812500 0.613281 0.812500 0.613281 0.808594 0.617188 0.804688 0.621094 0.804688 0.621094 0.773438 0.625000 0.769531 0.628906 0.769531 0.628906 0.765625 0.632812 0.761719 0.644531 0.761719 0.644531 0.738281 0.648438 0.734375 0.652344 0.734375 0.652344 0.718750 0.656250 0.714844 0.675781 0.714844 0.675781 0.703125 0.679688 0.699219 0.691406 0.699219 0.691406 0.687500 0.695312 0.683594 0.695312 0.679688 0.699219 0.675781 0.699219 0.656250 0.703125 0.652344 0.718750 0.652344 0.722656 0.656250 0.722656 0.667969 0.734375 0.667969 0.734375 0.664062 0.742188 0.656250 0.742188 0.652344 0.746094 0.648438 0.746094 0.636719 0.753906 0.628906 0.796875 0.628906 0.800781 0.625000 0.808594 0.625000 0.808594 0.617188 0.804688 0.617188 0.796875 0.609375 0.796875 0.605469 0.792969 0.605469 0.789062 0.601562 0.789062 0.597656 0.785156 0.597656 0.781250 0.593750 0.773438 0.593750 0.773438 0.597656 0.765625 0.605469 0.761719 0.605469 0.757812 0.609375 0.742188 0.609375 0.738281 0.605469 0.738281 0.593750 0.734375 0.589844 0.730469 0.589844 0.726562 0.585938 0.726562 0.578125 0.718750 0.578125 0.714844 0.574219 0.714844 0.558594 0.718750 0.554688 0.722656 0.554688 0.726562 0.550781 0.742188 0.550781 0.742188 0.531250 0.746094 0.527344 0.746094 0.523438 0.757812 0.511719 0.757812 0.488281 0.753906 0.484375 0.750000 0.484375 0.746094 0.480469 0.746094 0.464844 0.738281 0.464844 0.734375 0.468750 0.699219 0.468750 0.695312 0.464844 0.695312 0.457031 0.691406 0.457031 0.687500 0.453125 0.683594 0.453125 0.679688 0.449219 0.679688 0.433594 0.683594 0.429688 0.707031 0.429688 0.710938 0.433594 0.718750 0.433594 0.722656 0.429688 0.726562 0.429688 0.726562 0.417969 0.718750 0.417969 0.710938 0.410156 0.710938 0.402344 0.707031 0.402344 0.703125 0.398438 0.691406 0.398438 0.687500 0.402344 0.671875 0.402344 0.667969 0.398438 0.667969 0.382812 0.671875 0.378906 0.675781 0.378906 0.679688 0.375000 0.683594 0.375000 0.683594 0.367188 0.652344 0.367188 0.652344 0.382812 0.648438 0.386719 0.648438 0.402344 0.652344 0.402344 0.656250 0.406250 0.656250 0.433594 0.652344 0.437500 0.648438 0.437500 0.640625 0.445312 0.636719 0.445312 0.636719 0.457031 0.632812 0.460938 0.617188 0.460938 0.613281 0.457031 0.601562 0.457031 0.593750 0.449219 0.593750 0.441406 0.589844 0.437500 0.589844 0.406250 0.593750 0.402344 0.593750 0.378906 0.601562 0.371094 0.605469 0.371094 0.605469 0.343750
2 0.410156 0.343750 0.406250 0.347656 0.406250 0.355469 0.410156 0.355469 0.414062 0.359375 0.414062 0.363281 0.429688 0.363281 0.429688 0.351562 0.425781 0.351562 0.417969 0.343750
2 0.464844 0.300781 0.464844 0.304688 0.460938 0.308594 0.449219 0.308594 0.449219 0.320312 0.460938 0.320312 0.464844 0.316406 0.496094 0.316406 0.500000 0.320312 0.523438 0.320312 0.527344 0.324219 0.527344 0.328125 0.539062 0.328125 0.539062 0.324219 0.542969 0.320312 0.558594 0.320312 0.558594 0.312500 0.550781 0.312500 0.546875 0.308594 0.546875 0.304688 0.496094 0.304688 0.492188 0.300781
2 0.718750 0.250000 0.714844 0.253906 0.695312 0.253906 0.695312 0.273438 0.734375 0.273438 0.738281 0.277344 0.738281 0.296875 0.746094 0.296875 0.750000 0.292969 0.792969 0.292969 0.796875 0.289062 0.812500 0.289062 0.816406 0.285156 0.835938 0.285156 0.835938 0.265625 0.832031 0.261719 0.800781 0.261719 0.800781 0.265625 0.796875 0.269531 0.773438 0.269531 0.765625 0.261719 0.765625 0.253906 0.738281 0.253906 0.734375 0.250000
2 0.402344 0.191406 0.390625 0.203125 0.390625 0.210938 0.398438 0.210938 0.402344 0.214844 0.402344 0.226562 0.414062 0.226562 0.417969 0.222656 0.425781 0.222656 0.429688 0.218750 0.441406 0.218750 0.441406 0.199219 0.425781 0.199219 0.421875 0.195312 0.421875 0.191406
2 0.632812 0.117188 0.628906 0.121094 0.621094 0.121094 0.621094 0.125000 0.601562 0.144531 0.597656 0.144531 0.593750 0.148438 0.589844 0.148438 0.582031 0.156250 0.558594 0.156250 0.558594 0.167969 0.554688 0.171875 0.539062 0.171875 0.535156 0.167969 0.511719 0.167969 0.507812 0.164062 0.507812 0.144531 0.511719 0.140625 0.515625 0.140625 0.527344 0.128906 0.527344 0.121094 0.519531 0.121094 0.515625 0.125000 0.511719 0.125000 0.507812 0.128906 0.503906 0.128906 0.500000 0.132812 0.496094 0.132812 0.492188 0.136719 0.488281 0.136719 0.484375 0.140625 0.480469 0.140625 0.472656 0.148438 0.468750 0.148438 0.453125 0.164062 0.449219 0.164062 0.445312 0.167969 0.445312 0.175781 0.453125 0.175781 0.457031 0.179688 0.457031 0.187500 0.460938 0.187500 0.464844 0.191406 0.480469 0.191406 0.484375 0.195312 0.484375 0.214844 0.480469 0.218750 0.476562 0.218750 0.476562 0.234375 0.488281 0.234375 0.492188 0.230469 0.492188 0.207031 0.496094 0.203125 0.507812 0.203125 0.511719 0.199219 0.515625 0.199219 0.523438 0.191406 0.535156 0.191406 0.539062 0.187500 0.546875 0.187500 0.546875 0.175781 0.550781 0.171875 0.582031 0.171875 0.585938 0.175781 0.585938 0.183594 0.589844 0.187500 0.593750 0.187500 0.597656 0.191406 0.597656 0.207031 0.609375 0.207031 0.613281 0.210938 0.613281 0.230469 0.617188 0.234375 0.617188 0.246094 0.628906 0.246094 0.632812 0.242188 0.648438 0.242188 0.652344 0.246094 0.671875 0.246094 0.675781 0.242188 0.687500 0.242188 0.687500 0.230469 0.679688 0.230469 0.671875 0.222656 0.671875 0.199219 0.656250 0.199219 0.652344 0.203125 0.648438 0.203125 0.648438 0.207031 0.644531 0.210938 0.617188 0.210938 0.613281 0.207031 0.613281 0.164062 0.628906 0.148438 0.628906 0.144531 0.632812 0.140625 0.632812 0.136719 0.640625 0.128906 0.640625 0.117188
2 0.687500 0.113281 0.687500 0.117188 0.679688 0.125000 0.679688 0.136719 0.675781 0.140625 0.671875 0.140625 0.671875 0.148438 0.679688 0.148438 0.683594 0.152344 0.683594 0.167969 0.679688 0.171875 0.679688 0.175781 0.675781 0.179688 0.675781 0.187500 0.699219 0.187500 0.699219 0.179688 0.695312 0.175781 0.695312 0.167969 0.691406 0.164062 0.691406 0.132812 0.699219 0.125000 0.699219 0.113281
