2 0.828125 0.789062 0.828125 0.808594 0.839844 0.808594 0.843750 0.804688 0.851562 0.804688 0.855469 0.800781 0.855469 0.792969 0.843750 0.792969 0.839844 0.789062
2 0.851562 0.593750 0.847656 0.597656 0.824219 0.597656 0.824219 0.617188 0.820312 0.621094 0.816406 0.621094 0.816406 0.628906 0.820312 0.632812 0.820312 0.640625 0.824219 0.644531 0.832031 0.644531 0.835938 0.640625 0.835938 0.617188 0.839844 0.613281 0.839844 0.609375 0.843750 0.605469 0.859375 0.605469 0.859375 0.593750
2 0.710938 0.566406 0.710938 0.574219 0.699219 0.585938 0.683594 0.585938 0.679688 0.582031 0.671875 0.582031 0.667969 0.578125 0.644531 0.578125 0.640625 0.582031 0.636719 0.582031 0.636719 0.593750 0.632812 0.597656 0.625000 0.597656 0.617188 0.605469 0.617188 0.609375 0.613281 0.613281 0.601562 0.613281 0.597656 0.617188 0.585938 0.617188 0.585938 0.625000 0.589844 0.628906 0.593750 0.628906 0.601562 0.636719 0.601562 0.652344 0.597656 0.656250 0.589844 0.656250 0.589844 0.667969 0.597656 0.667969 0.605469 0.675781 0.605469 0.687500 0.613281 0.687500 0.617188 0.691406 0.617188 0.722656 0.613281 0.726562 0.609375 0.726562 0.609375 0.734375 0.617188 0.734375 0.621094 0.738281 0.621094 0.753906 0.617188 0.757812 0.613281 0.757812 0.605469 0.765625 0.597656 0.765625 0.597656 0.777344 0.605469 0.785156 0.605469 0.792969 0.609375 0.792969 0.613281 0.796875 0.613281 0.816406 0.605469 0.824219 0.605469 0.832031 0.609375 0.835938 0.609375 0.839844 0.625000 0.839844 0.632812 0.847656 0.632812 0.855469 0.644531 0.855469 0.648438 0.851562 0.656250 0.851562 0.660156 0.847656 0.679688 0.847656 0.679688 0.843750 0.691406 0.832031 0.714844 0.832031 0.718750 0.835938 0.722656 0.835938 0.726562 0.839844 0.726562 0.847656 0.750000 0.847656 0.753906 0.851562 0.753906 0.867188 0.761719 0.867188 0.761719 0.863281 0.765625 0.859375 0.808594 0.859375 0.816406 0.851562 0.820312 0.851562 0.820312 0.835938 0.816406 0.832031 0.816406 0.828125 0.789062 0.828125 0.785156 0.824219 0.785156 0.808594 0.789062 0.804688 0.800781 0.804688 0.800781 0.781250 0.804688 0.777344 0.816406 0.777344 0.816406 0.765625 0.812500 0.761719 0.812500 0.742188 0.816406 0.738281 0.847656 0.738281 0.851562 0.742188 0.851562 0.753906 0.859375 0.753906 0.863281 0.757812 0.863281 0.789062 0.882812 0.789062 0.886719 0.785156 0.886719 0.769531 0.890625 0.765625 0.898438 0.765625 0.898438 0.753906 0.875000 0.753906 0.871094 0.750000 0.871094 0.746094 0.867188 0.742188 0.867188 0.734375 0.839844 0.734375 0.835938 0.730469 0.816406 0.730469 0.812500 0.726562 0.812500 0.703125 0.808594 0.699219 0.808594 0.675781 0.800781 0.675781 0.800781 0.679688 0.796875 0.683594 0.792969 0.683594 0.789062 0.687500 0.789062 0.707031 0.785156 0.710938 0.781250 0.710938 0.777344 0.714844 0.773438 0.714844 0.773438 0.722656 0.777344 0.722656 0.781250 0.726562 0.785156 0.726562 0.789062 0.730469 0.789062 0.746094 0.785156 0.750000 0.769531 0.750000 0.769531 0.757812 0.765625 0.761719 0.722656 0.761719 0.718750 0.757812 0.718750 0.722656 0.722656 0.718750 0.746094 0.718750 0.746094 0.687500 0.753906 0.679688 0.753906 0.667969 0.730469 0.667969 0.730469 0.683594 0.726562 0.687500 0.675781 0.687500 0.671875 0.683594 0.671875 0.660156 0.675781 0.656250 0.726562 0.656250 0.726562 0.644531 0.710938 0.644531 0.707031 0.640625 0.707031 0.621094 0.710938 0.617188 0.710938 0.605469 0.718750 0.597656 0.718750 0.566406
2 0.203125 0.398438 0.199219 0.402344 0.199219 0.410156 0.195312 0.414062 0.195312 0.417969 0.191406 0.421875 0.171875 0.421875 0.171875 0.433594 0.179688 0.433594 0.183594 0.429688 0.210938 0.429688 0.214844 0.425781 0.222656 0.425781 0.222656 0.414062 0.218750 0.410156 0.218750 0.406250 0.214844 0.406250 0.210938 0.402344 0.210938 0.398438
2 0.144531 0.386719 0.144531 0.394531 0.140625 0.398438 0.132812 0.398438 0.132812 0.417969 0.140625 0.425781 0.148438 0.425781 0.148438 0.402344 0.152344 0.398438 0.156250 0.398438 0.156250 0.386719
2 0.519531 0.359375 0.519531 0.371094 0.515625 0.375000 0.511719 0.375000 0.511719 0.386719 0.507812 0.390625 0.480469 0.390625 0.480469 0.394531 0.476562 0.398438 0.472656 0.398438 0.472656 0.406250 0.468750 0.410156 0.445312 0.410156 0.445312 0.417969 0.441406 0.421875 0.425781 0.421875 0.421875 0.417969 0.421875 0.402344 0.425781 0.398438 0.425781 0.390625 0.417969 0.382812 0.417969 0.378906 0.410156 0.378906 0.402344 0.386719 0.378906 0.386719 0.378906 0.394531 0.382812 0.394531 0.386719 0.398438 0.386719 0.406250 0.390625 0.410156 0.390625 0.417969 0.394531 0.421875 0.398438 0.421875 0.406250 0.429688 0.410156 0.429688 0.414062 0.433594 0.421875 0.433594 0.425781 0.437500 0.429688 0.437500 0.433594 0.441406 0.433594 0.449219 0.441406 0.449219 0.441406 0.425781 0.445312 0.421875 0.488281 0.421875 0.488281 0.402344 0.492188 0.398438 0.492188 0.394531 0.496094 0.390625 0.531250 0.390625 0.535156 0.386719 0.539062 0.386719 0.539062 0.378906 0.542969 0.375000 0.542969 0.363281 0.539062 0.359375
2 0.183594 0.308594 0.183594 0.312500 0.179688 0.316406 0.175781 0.316406 0.175781 0.332031 0.187500 0.332031 0.187500 0.328125 0.195312 0.320312 0.195312 0.312500 0.191406 0.308594
2 0.875000 0.289062 0.871094 0.292969 0.859375 0.292969 0.859375 0.300781 0.863281 0.300781 0.867188 0.304688 0.867188 0.316406 0.871094 0.320312 0.871094 0.324219 0.878906 0.332031 0.886719 0.332031 0.886719 0.304688 0.882812 0.300781 0.882812 0.289062
2 0.375000 0.281250 0.371094 0.285156 0.371094 0.292969 0.375000 0.292969 0.378906 0.296875 0.394531 0.296875 0.394531 0.285156 0.390625 0.285156 0.386719 0.281250
2 0.335938 0.257812 0.335938 0.269531 0.351562 0.269531 0.351562 0.261719 0.347656 0.261719 0.343750 0.257812
2 0.285156 0.257812 0.285156 0.281250 0.281250 0.285156 0.273438 0.285156 0.273438 0.292969 0.269531 0.296875 0.242188 0.296875 0.230469 0.285156 0.222656 0.285156 0.222656 0.289062 0.218750 0.292969 0.218750 0.304688 0.226562 0.304688 0.230469 0.308594 0.269531 0.308594 0.273438 0.312500 0.285156 0.312500 0.289062 0.316406 0.289062 0.332031 0.285156 0.335938 0.281250 0.335938 0.281250 0.343750 0.285156 0.347656 0.292969 0.347656 0.296875 0.351562 0.300781 0.351562 0.304688 0.355469 0.304688 0.363281 0.308594 0.367188 0.351562 0.367188 0.355469 0.371094 0.367188 0.371094 0.367188 0.363281 0.363281 0.359375 0.363281 0.351562 0.355469 0.351562 0.351562 0.347656 0.351562 0.332031 0.355469 0.328125 0.355469 0.308594 0.347656 0.308594 0.343750 0.304688 0.335938 0.304688 0.335938 0.308594 0.332031 0.312500 0.328125 0.312500 0.328125 0.335938 0.324219 0.339844 0.308594 0.339844 0.300781 0.332031 0.300781 0.312500 0.304688 0.308594 0.312500 0.308594 0.312500 0.289062 0.316406 0.285156 0.324219 0.285156 0.324219 0.277344 0.304688 0.277344 0.300781 0.273438 0.300781 0.257812
2 0.593750 0.253906 0.589844 0.257812 0.585938 0.257812 0.585938 0.265625 0.597656 0.265625 0.601562 0.261719 0.605469 0.261719 0.605469 0.253906
2 0.851562 0.234375 0.851562 0.242188 0.847656 0.246094 0.843750 0.246094 0.843750 0.277344 0.839844 0.281250 0.835938 0.281250 0.835938 0.289062 0.843750 0.289062 0.843750 0.273438 0.847656 0.269531 0.859375 0.269531 0.859375 0.246094 0.863281 0.242188 0.863281 0.234375
2 0.542969 0.234375 0.535156 0.242188 0.531250 0.242188 0.527344 0.246094 0.523438 0.246094 0.523438 0.253906 0.542969 0.253906 0.546875 0.250000 0.546875 0.246094 0.550781 0.242188 0.550781 0.234375
2 0.312500 0.234375 0.312500 0.246094 0.328125 0.246094 0.328125 0.234375
2 0.667969 0.226562 0.664062 0.230469 0.664062 0.238281 0.667969 0.242188 0.667969 0.246094 0.683594 0.246094 0.683594 0.226562
2 0.792969 0.195312 0.792969 0.210938 0.789062 0.214844 0.773438 0.214844 0.773438 0.257812 0.769531 0.261719 0.769531 0.265625 0.765625 0.269531 0.765625 0.273438 0.750000 0.289062 0.746094 0.289062 0.742188 0.292969 0.718750 0.292969 0.714844 0.296875 0.707031 0.296875 0.707031 0.300781 0.703125 0.304688 0.699219 0.304688 0.695312 0.308594 0.667969 0.308594 0.664062 0.304688 0.664062 0.261719 0.652344 0.261719 0.648438 0.265625 0.644531 0.265625 0.644531 0.273438 0.640625 0.277344 0.640625 0.281250 0.636719 0.285156 0.632812 0.285156 0.632812 0.289062 0.628906 0.292969 0.628906 0.308594 0.625000 0.312500 0.621094 0.312500 0.617188 0.316406 0.605469 0.316406 0.605469 0.339844 0.609375 0.343750 0.609375 0.367188 0.613281 0.371094 0.613281 0.406250 0.609375 0.410156 0.582031 0.410156 0.578125 0.406250 0.578125 0.390625 0.562500 0.390625 0.562500 0.410156 0.574219 0.410156 0.578125 0.414062 0.578125 0.429688 0.574219 0.433594 0.566406 0.433594 0.562500 0.437500 0.558594 0.437500 0.558594 0.449219 0.550781 0.457031 0.535156 0.457031 0.531250 0.453125 0.531250 0.445312 0.527344 0.441406 0.527344 0.437500 0.519531 0.437500 0.515625 0.433594 0.507812 0.433594 0.507812 0.468750 0.492188 0.484375 0.468750 0.484375 0.464844 0.480469 0.464844 0.472656 0.449219 0.472656 0.445312 0.476562 0.433594 0.476562 0.433594 0.488281 0.429688 0.492188 0.410156 0.492188 0.406250 0.496094 0.386719 0.496094 0.382812 0.500000 0.351562 0.500000 0.347656 0.496094 0.347656 0.476562 0.339844 0.476562 0.339844 0.492188 0.343750 0.492188 0.347656 0.496094 0.347656 0.511719 0.378906 0.511719 0.386719 0.519531 0.394531 0.519531 0.398438 0.523438 0.398438 0.554688 0.394531 0.558594 0.394531 0.562500 0.390625 0.566406 0.363281 0.566406 0.359375 0.562500 0.339844 0.562500 0.335938 0.558594 0.328125 0.558594 0.320312 0.550781 0.316406 0.550781 0.312500 0.546875 0.312500 0.542969 0.296875 0.542969 0.296875 0.550781 0.300781 0.550781 0.304688 0.554688 0.304688 0.558594 0.312500 0.558594 0.316406 0.562500 0.316406 0.578125 0.308594 0.585938 0.281250 0.585938 0.277344 0.582031 0.277344 0.578125 0.257812 0.578125 0.253906 0.574219 0.226562 0.574219 0.222656 0.570312 0.207031 0.570312 0.207031 0.582031 0.222656 0.582031 0.226562 0.585938 0.226562 0.597656 0.230469 0.601562 0.238281 0.601562 0.242188 0.605469 0.242188 0.609375 0.246094 0.613281 0.246094 0.617188 0.250000 0.621094 0.250000 0.656250 0.246094 0.660156 0.238281 0.660156 0.238281 0.699219 0.234375 0.703125 0.214844 0.703125 0.207031 0.695312 0.195312 0.695312 0.195312 0.707031 0.199219 0.710938 0.199219 0.722656 0.203125 0.726562 0.238281 0.726562 0.242188 0.730469 0.242188 0.753906 0.234375 0.761719 0.234375 0.769531 0.238281 0.769531 0.242188 0.773438 0.246094 0.773438 0.253906 0.781250 0.269531 0.781250 0.269531 0.769531 0.265625 0.765625 0.265625 0.742188 0.261719 0.738281 0.246094 0.738281 0.242188 0.734375 0.242188 0.707031 0.250000 0.699219 0.250000 0.679688 0.253906 0.675781 0.269531 0.675781 0.277344 0.667969 0.296875 0.667969 0.316406 0.687500 0.324219 0.687500 0.328125 0.691406 0.328125 0.714844 0.324219 0.718750 0.320312 0.718750 0.320312 0.726562 0.328125 0.726562 0.332031 0.722656 0.343750 0.722656 0.343750 0.714844 0.347656 0.710938 0.371094 0.710938 0.375000 0.714844 0.375000 0.722656 0.382812 0.722656 0.390625 0.730469 0.390625 0.750000 0.386719 0.753906 0.367188 0.753906 0.367188 0.761719 0.355469 0.773438 0.347656 0.773438 0.343750 0.777344 0.339844 0.777344 0.335938 0.781250 0.320312 0.781250 0.320312 0.792969 0.367188 0.792969 0.378906 0.804688 0.378906 0.808594 0.390625 0.808594 0.394531 0.812500 0.394531 0.828125 0.390625 0.832031 0.363281 0.832031 0.359375 0.835938 0.355469 0.835938 0.355469 0.843750 0.363281 0.843750 0.367188 0.847656 0.371094 0.847656 0.375000 0.851562 0.394531 0.851562 0.402344 0.859375 0.414062 0.859375 0.417969 0.863281 0.417969 0.867188 0.425781 0.867188 0.429688 0.863281 0.433594 0.863281 0.441406 0.855469 0.445312 0.855469 0.449219 0.851562 0.472656 0.851562 0.476562 0.855469 0.476562 0.863281 0.480469 0.867188 0.480469 0.882812 0.476562 0.886719 0.476562 0.906250 0.472656 0.910156 0.457031 0.910156 0.457031 0.917969 0.468750 0.917969 0.472656 0.921875 0.484375 0.921875 0.488281 0.925781 0.492188 0.925781 0.496094 0.929688 0.503906 0.929688 0.507812 0.925781 0.546875 0.925781 0.558594 0.937500 0.566406 0.937500 0.566406 0.910156 0.570312 0.906250 0.582031 0.906250 0.582031 0.898438 0.585938 0.894531 0.628906 0.894531 0.640625 0.906250 0.640625 0.910156 0.660156 0.910156 0.664062 0.914062 0.671875 0.914062 0.675781 0.910156 0.691406 0.910156 0.695312 0.906250 0.707031 0.906250 0.707031 0.898438 0.671875 0.898438 0.667969 0.894531 0.656250 0.894531 0.652344 0.890625 0.640625 0.890625 0.636719 0.886719 0.621094 0.886719 0.613281 0.878906 0.609375 0.878906 0.605469 0.875000 0.589844 0.875000 0.589844 0.878906 0.582031 0.886719 0.546875 0.886719 0.542969 0.882812 0.542969 0.859375 0.546875 0.855469 0.546875 0.832031 0.550781 0.828125 0.550781 0.789062 0.554688 0.785156 0.554688 0.781250 0.562500 0.773438 0.566406 0.773438 0.570312 0.769531 0.570312 0.753906 0.562500 0.753906 0.550781 0.742188 0.550781 0.726562 0.539062 0.726562 0.535156 0.722656 0.535156 0.691406 0.546875 0.679688 0.546875 0.640625 0.550781 0.636719 0.550781 0.621094 0.546875 0.621094 0.542969 0.617188 0.542969 0.601562 0.546875 0.597656 0.554688 0.597656 0.554688 0.574219 0.550781 0.570312 0.550781 0.550781 0.554688 0.546875 0.554688 0.539062 0.550781 0.539062 0.546875 0.535156 0.546875 0.496094 0.550781 0.492188 0.566406 0.492188 0.570312 0.496094 0.570312 0.515625 0.574219 0.519531 0.582031 0.519531 0.582031 0.515625 0.585938 0.511719 0.585938 0.500000 0.589844 0.496094 0.605469 0.496094 0.609375 0.500000 0.609375 0.503906 0.617188 0.503906 0.617188 0.496094 0.621094 0.492188 0.621094 0.480469 0.597656 0.480469 0.593750 0.476562 0.593750 0.460938 0.589844 0.460938 0.585938 0.457031 0.585938 0.437500 0.589844 0.433594 0.593750 0.433594 0.597656 0.429688 0.597656 0.421875 0.601562 0.417969 0.617188 0.417969 0.621094 0.421875 0.621094 0.425781 0.625000 0.429688 0.628906 0.429688 0.632812 0.433594 0.632812 0.441406 0.648438 0.441406 0.652344 0.445312 0.652344 0.453125 0.656250 0.453125 0.664062 0.460938 0.667969 0.460938 0.671875 0.464844 0.671875 0.468750 0.679688 0.468750 0.687500 0.476562 0.687500 0.492188 0.683594 0.496094 0.683594 0.503906 0.679688 0.507812 0.675781 0.507812 0.671875 0.511719 0.667969 0.511719 0.667969 0.515625 0.664062 0.519531 0.660156 0.519531 0.656250 0.523438 0.656250 0.546875 0.667969 0.546875 0.671875 0.542969 0.671875 0.539062 0.675781 0.535156 0.683594 0.535156 0.683594 0.531250 0.687500 0.527344 0.687500 0.519531 0.695312 0.511719 0.703125 0.511719 0.707031 0.507812 0.710938 0.507812 0.718750 0.500000 0.726562 0.500000 0.746094 0.480469 0.746094 0.472656 0.742188 0.468750 0.742188 0.460938 0.738281 0.460938 0.734375 0.457031 0.734375 0.441406 0.742188 0.433594 0.753906 0.433594 0.757812 0.429688 0.757812 0.425781 0.761719 0.421875 0.773438 0.421875 0.773438 0.410156 0.781250 0.402344 0.781250 0.390625 0.785156 0.386719 0.792969 0.386719 0.796875 0.382812 0.796875 0.371094 0.800781 0.367188 0.800781 0.347656 0.804688 0.343750 0.804688 0.328125 0.800781 0.328125 0.792969 0.320312 0.792969 0.312500 0.785156 0.304688 0.781250 0.304688 0.777344 0.300781 0.777344 0.281250 0.781250 0.277344 0.781250 0.265625 0.785156 0.261719 0.789062 0.261719 0.789062 0.238281 0.792969 0.234375 0.792969 0.210938 0.796875 0.207031 0.816406 0.207031 0.816406 0.199219 0.812500 0.199219 0.808594 0.195312
2 0.417969 0.136719 0.417969 0.148438 0.414062 0.152344 0.414062 0.156250 0.410156 0.160156 0.406250 0.160156 0.406250 0.191406 0.410156 0.195312 0.410156 0.253906 0.421875 0.253906 0.433594 0.265625 0.433594 0.273438 0.441406 0.273438 0.441406 0.269531 0.445312 0.265625 0.445312 0.257812 0.449219 0.253906 0.449219 0.246094 0.445312 0.242188 0.445312 0.214844 0.449219 0.210938 0.464844 0.210938 0.464844 0.183594 0.460938 0.179688 0.457031 0.179688 0.453125 0.175781 0.453125 0.164062 0.441406 0.164062 0.437500 0.160156 0.437500 0.148438 0.433594 0.144531 0.429688 0.144531 0.425781 0.140625 0.425781 0.136719
2 0.585938 0.089844 0.585938 0.097656 0.582031 0.101562 0.562500 0.101562 0.558594 0.105469 0.554688 0.105469 0.554688 0.117188 0.550781 0.121094 0.550781 0.128906 0.546875 0.132812 0.546875 0.148438 0.542969 0.152344 0.542969 0.156250 0.539062 0.160156 0.539062 0.171875 0.542969 0.175781 0.542969 0.199219 0.546875 0.203125 0.546875 0.210938 0.585938 0.210938 0.589844 0.214844 0.589844 0.222656 0.605469 0.222656 0.609375 0.218750 0.609375 0.199219 0.613281 0.195312 0.617188 0.195312 0.617188 0.179688 0.621094 0.175781 0.621094 0.167969 0.613281 0.167969 0.613281 0.179688 0.609375 0.183594 0.574219 0.183594 0.570312 0.179688 0.570312 0.156250 0.562500 0.148438 0.562500 0.128906 0.570312 0.121094 0.570312 0.109375 0.574219 0.105469 0.593750 0.105469 0.593750 0.089844
2 0.660156 0.074219 0.660156 0.078125 0.656250 0.082031 0.640625 0.082031 0.640625 0.089844 0.648438 0.097656 0.648438 0.109375 0.652344 0.113281 0.652344 0.125000 0.656250 0.128906 0.656250 0.144531 0.652344 0.148438 0.652344 0.167969 0.648438 0.171875 0.644531 0.171875 0.644531 0.187500 0.656250 0.187500 0.656250 0.179688 0.660156 0.175781 0.675781 0.175781 0.675781 0.156250 0.679688 0.152344 0.695312 0.152344 0.699219 0.156250 0.699219 0.191406 0.707031 0.191406 0.707031 0.183594 0.710938 0.179688 0.722656 0.179688 0.730469 0.171875 0.734375 0.171875 0.738281 0.167969 0.738281 0.164062 0.742188 0.160156 0.746094 0.160156 0.750000 0.156250 0.753906 0.156250 0.757812 0.152344 0.761719 0.152344 0.761719 0.148438 0.765625 0.144531 0.765625 0.136719 0.761719 0.132812 0.750000 0.132812 0.746094 0.128906 0.730469 0.128906 0.722656 0.121094 0.710938 0.121094 0.703125 0.113281 0.703125 0.101562 0.699219 0.097656 0.699219 0.093750 0.695312 0.093750 0.691406 0.089844 0.691406 0.082031 0.683594 0.082031 0.679688 0.078125 0.679688 0.074219
