2 0.457031 0.921875 0.445312 0.933594 0.445312 0.937500 0.441406 0.941406 0.441406 0.960938 0.445312 0.960938 0.449219 0.964844 0.449219 0.968750 0.453125 0.972656 0.453125 0.996094 0.492188 0.996094 0.492188 0.988281 0.500000 0.980469 0.500000 0.972656 0.503906 0.968750 0.503906 0.957031 0.480469 0.957031 0.476562 0.953125 0.476562 0.945312 0.472656 0.945312 0.468750 0.941406 0.468750 0.921875
2 0.546875 0.828125 0.546875 0.835938 0.542969 0.839844 0.535156 0.839844 0.535156 0.851562 0.542969 0.859375 0.542969 0.875000 0.550781 0.875000 0.550781 0.867188 0.554688 0.863281 0.554688 0.859375 0.558594 0.855469 0.582031 0.855469 0.585938 0.859375 0.585938 0.867188 0.605469 0.867188 0.605469 0.859375 0.601562 0.855469 0.601562 0.843750 0.597656 0.839844 0.582031 0.839844 0.574219 0.832031 0.558594 0.832031 0.554688 0.828125
2 0.714844 0.816406 0.707031 0.824219 0.691406 0.824219 0.687500 0.820312 0.679688 0.820312 0.679688 0.832031 0.687500 0.832031 0.691406 0.835938 0.691406 0.851562 0.718750 0.851562 0.722656 0.855469 0.730469 0.855469 0.734375 0.851562 0.738281 0.851562 0.742188 0.847656 0.742188 0.839844 0.746094 0.835938 0.746094 0.828125 0.734375 0.828125 0.730469 0.824219 0.730469 0.816406
2 0.812500 0.742188 0.812500 0.746094 0.804688 0.753906 0.800781 0.753906 0.800781 0.757812 0.785156 0.773438 0.761719 0.773438 0.761719 0.785156 0.769531 0.792969 0.769531 0.796875 0.777344 0.796875 0.781250 0.792969 0.785156 0.792969 0.792969 0.785156 0.796875 0.785156 0.796875 0.781250 0.816406 0.761719 0.816406 0.757812 0.824219 0.750000 0.824219 0.742188
2 0.472656 0.652344 0.472656 0.656250 0.468750 0.660156 0.468750 0.671875 0.472656 0.671875 0.476562 0.675781 0.476562 0.703125 0.480469 0.707031 0.488281 0.707031 0.488281 0.699219 0.484375 0.695312 0.484375 0.691406 0.480469 0.687500 0.480469 0.652344
2 0.476562 0.589844 0.476562 0.609375 0.484375 0.609375 0.484375 0.589844
2 0.789062 0.542969 0.789062 0.546875 0.785156 0.550781 0.781250 0.550781 0.781250 0.558594 0.773438 0.566406 0.773438 0.589844 0.769531 0.593750 0.765625 0.593750 0.761719 0.597656 0.750000 0.597656 0.750000 0.617188 0.746094 0.621094 0.738281 0.621094 0.734375 0.625000 0.726562 0.625000 0.726562 0.636719 0.734375 0.636719 0.738281 0.632812 0.789062 0.632812 0.792969 0.628906 0.800781 0.628906 0.800781 0.625000 0.804688 0.621094 0.808594 0.621094 0.808594 0.609375 0.781250 0.609375 0.777344 0.605469 0.777344 0.582031 0.781250 0.578125 0.785156 0.578125 0.789062 0.574219 0.796875 0.574219 0.796875 0.570312 0.800781 0.566406 0.824219 0.566406 0.828125 0.570312 0.828125 0.582031 0.832031 0.585938 0.832031 0.593750 0.839844 0.593750 0.843750 0.589844 0.843750 0.585938 0.847656 0.582031 0.847656 0.562500 0.839844 0.554688 0.816406 0.554688 0.812500 0.550781 0.804688 0.550781 0.796875 0.542969
2 0.472656 0.539062 0.472656 0.546875 0.480469 0.546875 0.480469 0.539062
2 0.476562 0.437500 0.476562 0.441406 0.472656 0.445312 0.472656 0.457031 0.488281 0.457031 0.488281 0.437500
2 0.414062 0.160156 0.414062 0.179688 0.421875 0.179688 0.421875 0.160156
2 0.515625 0.121094 0.515625 0.144531 0.511719 0.148438 0.500000 0.148438 0.500000 0.183594 0.496094 0.187500 0.492188 0.187500 0.492188 0.195312 0.484375 0.203125 0.468750 0.203125 0.464844 0.199219 0.464844 0.195312 0.460938 0.191406 0.453125 0.191406 0.453125 0.195312 0.449219 0.199219 0.437500 0.199219 0.437500 0.214844 0.441406 0.218750 0.441406 0.238281 0.460938 0.238281 0.464844 0.242188 0.464844 0.257812 0.460938 0.261719 0.460938 0.289062 0.480469 0.289062 0.484375 0.292969 0.488281 0.292969 0.492188 0.296875 0.492188 0.316406 0.488281 0.320312 0.472656 0.320312 0.468750 0.324219 0.468750 0.332031 0.464844 0.335938 0.449219 0.335938 0.441406 0.343750 0.441406 0.351562 0.457031 0.351562 0.460938 0.355469 0.460938 0.394531 0.464844 0.398438 0.464844 0.406250 0.468750 0.410156 0.480469 0.410156 0.480469 0.406250 0.484375 0.402344 0.500000 0.402344 0.503906 0.406250 0.503906 0.429688 0.507812 0.429688 0.511719 0.433594 0.511719 0.457031 0.554688 0.457031 0.554688 0.449219 0.562500 0.441406 0.562500 0.437500 0.566406 0.433594 0.566406 0.406250 0.570312 0.402344 0.582031 0.402344 0.585938 0.398438 0.609375 0.398438 0.613281 0.402344 0.613281 0.410156 0.617188 0.410156 0.621094 0.414062 0.621094 0.429688 0.617188 0.433594 0.617188 0.460938 0.625000 0.468750 0.625000 0.476562 0.640625 0.476562 0.644531 0.472656 0.652344 0.472656 0.652344 0.464844 0.656250 0.460938 0.671875 0.460938 0.675781 0.464844 0.675781 0.476562 0.679688 0.480469 0.679688 0.484375 0.710938 0.484375 0.714844 0.480469 0.714844 0.468750 0.718750 0.464844 0.718750 0.457031 0.714844 0.453125 0.714844 0.441406 0.707031 0.433594 0.699219 0.433594 0.699219 0.445312 0.695312 0.449219 0.679688 0.449219 0.675781 0.445312 0.675781 0.429688 0.644531 0.429688 0.640625 0.425781 0.640625 0.406250 0.644531 0.402344 0.644531 0.398438 0.652344 0.390625 0.652344 0.386719 0.656250 0.382812 0.683594 0.382812 0.687500 0.386719 0.687500 0.417969 0.695312 0.417969 0.695312 0.371094 0.687500 0.363281 0.687500 0.359375 0.683594 0.355469 0.683594 0.328125 0.679688 0.324219 0.667969 0.324219 0.667969 0.343750 0.664062 0.347656 0.644531 0.347656 0.636719 0.355469 0.628906 0.355469 0.625000 0.359375 0.609375 0.359375 0.605469 0.355469 0.605469 0.328125 0.609375 0.324219 0.609375 0.316406 0.601562 0.308594 0.601562 0.273438 0.605469 0.269531 0.609375 0.269531 0.613281 0.265625 0.613281 0.257812 0.617188 0.253906 0.625000 0.253906 0.625000 0.242188 0.617188 0.242188 0.613281 0.238281 0.605469 0.238281 0.601562 0.234375 0.597656 0.234375 0.593750 0.230469 0.593750 0.222656 0.589844 0.222656 0.585938 0.218750 0.585938 0.210938 0.582031 0.210938 0.574219 0.203125 0.570312 0.203125 0.566406 0.199219 0.566406 0.175781 0.570312 0.171875 0.570312 0.160156 0.562500 0.152344 0.558594 0.152344 0.542969 0.136719 0.539062 0.136719 0.531250 0.128906 0.527344 0.128906 0.523438 0.125000 0.523438 0.121094
