2 0.132812 0.742188 0.132812 0.750000 0.136719 0.753906 0.152344 0.753906 0.156250 0.757812 0.160156 0.757812 0.171875 0.769531 0.195312 0.769531 0.199219 0.773438 0.199219 0.777344 0.214844 0.777344 0.214844 0.769531 0.210938 0.769531 0.207031 0.765625 0.191406 0.765625 0.183594 0.757812 0.183594 0.753906 0.171875 0.753906 0.167969 0.750000 0.156250 0.750000 0.148438 0.742188
2 0.816406 0.710938 0.816406 0.726562 0.812500 0.730469 0.808594 0.730469 0.800781 0.738281 0.800781 0.746094 0.816406 0.746094 0.820312 0.742188 0.835938 0.742188 0.835938 0.738281 0.843750 0.730469 0.859375 0.730469 0.859375 0.722656 0.851562 0.722656 0.847656 0.726562 0.832031 0.726562 0.828125 0.722656 0.828125 0.710938
2 0.886719 0.703125 0.886719 0.718750 0.898438 0.718750 0.898438 0.703125
2 0.648438 0.683594 0.648438 0.691406 0.644531 0.695312 0.621094 0.695312 0.617188 0.699219 0.609375 0.699219 0.605469 0.703125 0.597656 0.703125 0.597656 0.707031 0.593750 0.710938 0.578125 0.710938 0.578125 0.714844 0.574219 0.718750 0.566406 0.718750 0.558594 0.726562 0.554688 0.726562 0.550781 0.730469 0.546875 0.730469 0.539062 0.738281 0.535156 0.738281 0.531250 0.742188 0.527344 0.742188 0.523438 0.746094 0.515625 0.746094 0.503906 0.757812 0.500000 0.757812 0.496094 0.761719 0.484375 0.761719 0.476562 0.769531 0.468750 0.769531 0.460938 0.777344 0.453125 0.777344 0.453125 0.781250 0.449219 0.785156 0.445312 0.785156 0.445312 0.796875 0.441406 0.800781 0.437500 0.800781 0.437500 0.808594 0.457031 0.808594 0.464844 0.800781 0.468750 0.800781 0.468750 0.792969 0.472656 0.789062 0.480469 0.789062 0.480469 0.781250 0.484375 0.777344 0.507812 0.777344 0.511719 0.773438 0.515625 0.773438 0.523438 0.765625 0.523438 0.761719 0.527344 0.757812 0.531250 0.757812 0.535156 0.753906 0.542969 0.753906 0.546875 0.750000 0.550781 0.750000 0.554688 0.746094 0.558594 0.746094 0.562500 0.742188 0.570312 0.742188 0.578125 0.734375 0.578125 0.730469 0.585938 0.722656 0.609375 0.722656 0.613281 0.726562 0.621094 0.726562 0.621094 0.722656 0.625000 0.718750 0.640625 0.718750 0.648438 0.710938 0.652344 0.710938 0.656250 0.707031 0.671875 0.707031 0.675781 0.703125 0.679688 0.703125 0.679688 0.691406 0.675781 0.691406 0.671875 0.687500 0.660156 0.687500 0.656250 0.683594
2 0.257812 0.683594 0.257812 0.691406 0.269531 0.691406 0.269531 0.683594
2 0.457031 0.625000 0.457031 0.632812 0.468750 0.632812 0.468750 0.625000
2 0.757812 0.507812 0.753906 0.511719 0.750000 0.511719 0.750000 0.515625 0.746094 0.519531 0.722656 0.519531 0.722656 0.527344 0.730469 0.535156 0.730469 0.546875 0.734375 0.550781 0.734375 0.558594 0.738281 0.562500 0.746094 0.562500 0.750000 0.566406 0.750000 0.582031 0.765625 0.582031 0.769531 0.578125 0.773438 0.578125 0.785156 0.566406 0.785156 0.558594 0.769531 0.558594 0.765625 0.554688 0.765625 0.527344 0.769531 0.523438 0.777344 0.523438 0.781250 0.519531 0.781250 0.507812
2 0.738281 0.464844 0.738281 0.484375 0.746094 0.484375 0.746094 0.480469 0.750000 0.476562 0.750000 0.464844
2 0.523438 0.464844 0.523438 0.472656 0.531250 0.472656 0.531250 0.464844
2 0.808594 0.421875 0.804688 0.425781 0.796875 0.425781 0.792969 0.429688 0.777344 0.429688 0.773438 0.433594 0.773438 0.445312 0.777344 0.445312 0.781250 0.449219 0.781250 0.464844 0.777344 0.468750 0.773438 0.468750 0.773438 0.484375 0.781250 0.484375 0.785156 0.488281 0.785156 0.496094 0.804688 0.496094 0.808594 0.492188 0.832031 0.492188 0.835938 0.488281 0.835938 0.480469 0.820312 0.480469 0.816406 0.476562 0.816406 0.449219 0.820312 0.445312 0.820312 0.425781 0.816406 0.421875
2 0.347656 0.355469 0.347656 0.363281 0.351562 0.367188 0.351562 0.371094 0.359375 0.371094 0.359375 0.355469
2 0.554688 0.351562 0.554688 0.355469 0.546875 0.363281 0.531250 0.363281 0.531250 0.382812 0.527344 0.386719 0.500000 0.386719 0.500000 0.390625 0.496094 0.394531 0.464844 0.394531 0.464844 0.421875 0.457031 0.429688 0.449219 0.429688 0.445312 0.433594 0.441406 0.433594 0.441406 0.441406 0.437500 0.445312 0.417969 0.445312 0.414062 0.441406 0.414062 0.425781 0.410156 0.421875 0.410156 0.417969 0.406250 0.414062 0.386719 0.414062 0.382812 0.410156 0.382812 0.375000 0.375000 0.375000 0.375000 0.390625 0.371094 0.394531 0.359375 0.394531 0.359375 0.417969 0.351562 0.425781 0.351562 0.433594 0.355469 0.437500 0.355469 0.441406 0.363281 0.441406 0.363281 0.417969 0.367188 0.414062 0.386719 0.414062 0.390625 0.417969 0.390625 0.437500 0.386719 0.441406 0.386719 0.445312 0.382812 0.449219 0.371094 0.449219 0.371094 0.460938 0.367188 0.464844 0.343750 0.464844 0.343750 0.476562 0.347656 0.476562 0.351562 0.480469 0.351562 0.484375 0.355469 0.488281 0.363281 0.488281 0.367188 0.492188 0.367188 0.500000 0.375000 0.507812 0.375000 0.531250 0.378906 0.531250 0.382812 0.535156 0.382812 0.550781 0.378906 0.554688 0.363281 0.554688 0.359375 0.550781 0.359375 0.535156 0.343750 0.535156 0.339844 0.539062 0.335938 0.539062 0.332031 0.542969 0.328125 0.542969 0.328125 0.550781 0.332031 0.554688 0.332031 0.585938 0.328125 0.589844 0.324219 0.589844 0.320312 0.593750 0.320312 0.605469 0.328125 0.605469 0.332031 0.609375 0.332031 0.625000 0.328125 0.628906 0.304688 0.628906 0.300781 0.625000 0.300781 0.609375 0.296875 0.605469 0.281250 0.605469 0.277344 0.601562 0.277344 0.589844 0.273438 0.585938 0.273438 0.582031 0.250000 0.582031 0.246094 0.578125 0.234375 0.578125 0.230469 0.574219 0.230469 0.570312 0.191406 0.570312 0.191406 0.574219 0.187500 0.578125 0.183594 0.578125 0.179688 0.582031 0.167969 0.582031 0.167969 0.589844 0.164062 0.593750 0.164062 0.621094 0.160156 0.625000 0.152344 0.625000 0.140625 0.636719 0.140625 0.644531 0.148438 0.644531 0.152344 0.640625 0.164062 0.640625 0.164062 0.632812 0.167969 0.628906 0.187500 0.628906 0.191406 0.632812 0.191406 0.640625 0.195312 0.640625 0.199219 0.644531 0.199219 0.648438 0.203125 0.652344 0.203125 0.656250 0.210938 0.656250 0.214844 0.660156 0.222656 0.660156 0.226562 0.664062 0.226562 0.667969 0.230469 0.671875 0.230469 0.675781 0.246094 0.675781 0.246094 0.652344 0.242188 0.652344 0.238281 0.648438 0.234375 0.648438 0.230469 0.644531 0.230469 0.621094 0.238281 0.613281 0.257812 0.613281 0.261719 0.617188 0.261719 0.644531 0.296875 0.644531 0.300781 0.648438 0.300781 0.667969 0.304688 0.671875 0.304688 0.687500 0.308594 0.691406 0.308594 0.714844 0.320312 0.714844 0.320312 0.699219 0.316406 0.695312 0.316406 0.648438 0.320312 0.644531 0.335938 0.644531 0.339844 0.640625 0.363281 0.640625 0.367188 0.644531 0.367188 0.660156 0.363281 0.664062 0.363281 0.683594 0.367188 0.687500 0.367188 0.695312 0.371094 0.699219 0.382812 0.699219 0.386719 0.695312 0.390625 0.695312 0.390625 0.675781 0.386719 0.671875 0.386719 0.640625 0.390625 0.636719 0.394531 0.636719 0.394531 0.628906 0.398438 0.625000 0.406250 0.625000 0.410156 0.621094 0.414062 0.621094 0.421875 0.613281 0.425781 0.613281 0.425781 0.601562 0.429688 0.597656 0.445312 0.597656 0.445312 0.589844 0.449219 0.585938 0.449219 0.570312 0.453125 0.566406 0.457031 0.566406 0.457031 0.546875 0.460938 0.542969 0.460938 0.527344 0.457031 0.523438 0.457031 0.507812 0.460938 0.503906 0.472656 0.503906 0.472656 0.488281 0.476562 0.484375 0.492188 0.484375 0.496094 0.480469 0.496094 0.472656 0.500000 0.468750 0.500000 0.453125 0.503906 0.449219 0.503906 0.425781 0.507812 0.421875 0.515625 0.421875 0.515625 0.417969 0.519531 0.414062 0.519531 0.406250 0.527344 0.398438 0.542969 0.398438 0.546875 0.402344 0.546875 0.410156 0.550781 0.414062 0.550781 0.445312 0.558594 0.445312 0.558594 0.437500 0.562500 0.433594 0.562500 0.382812 0.566406 0.378906 0.585938 0.378906 0.589844 0.375000 0.593750 0.375000 0.593750 0.367188 0.589844 0.363281 0.582031 0.363281 0.578125 0.359375 0.574219 0.359375 0.566406 0.351562
2 0.507812 0.304688 0.507812 0.320312 0.503906 0.324219 0.496094 0.324219 0.496094 0.328125 0.492188 0.332031 0.492188 0.343750 0.496094 0.347656 0.496094 0.351562 0.519531 0.351562 0.519531 0.308594 0.515625 0.304688
2 0.878906 0.300781 0.878906 0.316406 0.882812 0.320312 0.898438 0.320312 0.898438 0.316406 0.902344 0.312500 0.906250 0.312500 0.906250 0.304688 0.898438 0.304688 0.894531 0.300781
2 0.707031 0.171875 0.703125 0.175781 0.699219 0.175781 0.695312 0.179688 0.675781 0.179688 0.671875 0.183594 0.671875 0.191406 0.679688 0.199219 0.691406 0.199219 0.695312 0.203125 0.695312 0.234375 0.691406 0.238281 0.683594 0.238281 0.683594 0.253906 0.679688 0.257812 0.671875 0.257812 0.664062 0.265625 0.664062 0.277344 0.660156 0.281250 0.660156 0.292969 0.675781 0.292969 0.679688 0.296875 0.679688 0.312500 0.683594 0.316406 0.683594 0.332031 0.679688 0.335938 0.675781 0.335938 0.675781 0.347656 0.679688 0.351562 0.679688 0.371094 0.675781 0.375000 0.675781 0.390625 0.671875 0.394531 0.667969 0.394531 0.667969 0.402344 0.691406 0.402344 0.695312 0.406250 0.695312 0.421875 0.683594 0.433594 0.675781 0.433594 0.675781 0.449219 0.671875 0.453125 0.660156 0.453125 0.656250 0.457031 0.648438 0.457031 0.644531 0.460938 0.609375 0.460938 0.605469 0.457031 0.605469 0.445312 0.593750 0.445312 0.593750 0.457031 0.589844 0.460938 0.582031 0.460938 0.582031 0.468750 0.589844 0.476562 0.589844 0.492188 0.585938 0.496094 0.582031 0.496094 0.582031 0.507812 0.585938 0.511719 0.585938 0.523438 0.601562 0.523438 0.605469 0.527344 0.605469 0.550781 0.601562 0.554688 0.597656 0.554688 0.593750 0.558594 0.570312 0.558594 0.566406 0.554688 0.566406 0.535156 0.554688 0.535156 0.554688 0.562500 0.546875 0.570312 0.539062 0.570312 0.539062 0.578125 0.531250 0.585938 0.527344 0.585938 0.527344 0.597656 0.523438 0.601562 0.515625 0.601562 0.515625 0.617188 0.511719 0.621094 0.496094 0.621094 0.496094 0.632812 0.500000 0.636719 0.511719 0.636719 0.515625 0.640625 0.515625 0.667969 0.503906 0.679688 0.492188 0.679688 0.492188 0.683594 0.488281 0.687500 0.484375 0.687500 0.484375 0.695312 0.488281 0.695312 0.492188 0.699219 0.492188 0.703125 0.503906 0.703125 0.511719 0.710938 0.531250 0.710938 0.531250 0.695312 0.527344 0.695312 0.523438 0.691406 0.523438 0.675781 0.519531 0.671875 0.519531 0.656250 0.523438 0.652344 0.539062 0.652344 0.542969 0.648438 0.566406 0.648438 0.570312 0.644531 0.574219 0.644531 0.578125 0.640625 0.625000 0.640625 0.625000 0.625000 0.628906 0.621094 0.628906 0.605469 0.632812 0.601562 0.648438 0.601562 0.648438 0.589844 0.644531 0.585938 0.636719 0.585938 0.632812 0.582031 0.632812 0.566406 0.636719 0.562500 0.640625 0.562500 0.652344 0.550781 0.699219 0.550781 0.699219 0.515625 0.691406 0.507812 0.687500 0.507812 0.683594 0.503906 0.683594 0.484375 0.687500 0.480469 0.695312 0.480469 0.699219 0.476562 0.707031 0.476562 0.707031 0.468750 0.703125 0.464844 0.703125 0.449219 0.707031 0.445312 0.707031 0.433594 0.714844 0.425781 0.722656 0.425781 0.722656 0.414062 0.726562 0.410156 0.773438 0.410156 0.773438 0.402344 0.777344 0.398438 0.808594 0.398438 0.816406 0.390625 0.824219 0.390625 0.828125 0.386719 0.828125 0.382812 0.832031 0.378906 0.839844 0.378906 0.839844 0.375000 0.843750 0.371094 0.843750 0.355469 0.839844 0.355469 0.835938 0.351562 0.835938 0.328125 0.839844 0.324219 0.839844 0.304688 0.843750 0.300781 0.847656 0.300781 0.855469 0.292969 0.855469 0.281250 0.828125 0.281250 0.824219 0.277344 0.824219 0.261719 0.828125 0.257812 0.843750 0.257812 0.843750 0.250000 0.851562 0.242188 0.851562 0.234375 0.855469 0.230469 0.855469 0.226562 0.859375 0.222656 0.882812 0.222656 0.886719 0.218750 0.890625 0.218750 0.890625 0.203125 0.894531 0.199219 0.898438 0.199219 0.898438 0.191406 0.875000 0.191406 0.871094 0.187500 0.871094 0.179688 0.863281 0.179688 0.863281 0.191406 0.859375 0.195312 0.847656 0.195312 0.843750 0.199219 0.835938 0.199219 0.832031 0.203125 0.832031 0.207031 0.828125 0.210938 0.824219 0.210938 0.824219 0.214844 0.820312 0.218750 0.792969 0.218750 0.789062 0.222656 0.781250 0.222656 0.777344 0.226562 0.777344 0.234375 0.781250 0.238281 0.789062 0.238281 0.792969 0.242188 0.792969 0.281250 0.789062 0.285156 0.773438 0.285156 0.769531 0.281250 0.769531 0.277344 0.765625 0.277344 0.761719 0.273438 0.753906 0.273438 0.750000 0.269531 0.750000 0.261719 0.742188 0.253906 0.742188 0.238281 0.726562 0.238281 0.714844 0.226562 0.714844 0.199219 0.722656 0.191406 0.726562 0.191406 0.734375 0.183594 0.742188 0.183594 0.742188 0.171875
2 0.906250 0.164062 0.902344 0.167969 0.902344 0.175781 0.910156 0.175781 0.914062 0.171875 0.914062 0.164062
