2 0.621094 0.753906 0.621094 0.761719 0.628906 0.761719 0.628906 0.753906
2 0.695312 0.742188 0.691406 0.746094 0.671875 0.746094 0.664062 0.753906 0.664062 0.765625 0.687500 0.765625 0.691406 0.769531 0.691406 0.781250 0.699219 0.781250 0.699219 0.761719 0.703125 0.757812 0.703125 0.753906 0.707031 0.750000 0.707031 0.742188
2 0.398438 0.695312 0.398438 0.699219 0.394531 0.703125 0.390625 0.703125 0.390625 0.714844 0.386719 0.718750 0.375000 0.718750 0.375000 0.750000 0.371094 0.753906 0.371094 0.761719 0.375000 0.765625 0.378906 0.765625 0.382812 0.769531 0.394531 0.769531 0.398438 0.773438 0.414062 0.773438 0.414062 0.761719 0.406250 0.753906 0.406250 0.695312
2 0.222656 0.687500 0.222656 0.695312 0.226562 0.699219 0.234375 0.699219 0.234375 0.691406 0.230469 0.687500
2 0.726562 0.656250 0.726562 0.664062 0.714844 0.675781 0.710938 0.675781 0.707031 0.679688 0.679688 0.679688 0.679688 0.699219 0.675781 0.703125 0.675781 0.714844 0.683594 0.714844 0.683594 0.695312 0.691406 0.687500 0.707031 0.687500 0.714844 0.695312 0.722656 0.695312 0.722656 0.691406 0.726562 0.687500 0.726562 0.683594 0.730469 0.679688 0.730469 0.675781 0.734375 0.671875 0.734375 0.667969 0.738281 0.664062 0.738281 0.656250
2 0.691406 0.632812 0.691406 0.640625 0.703125 0.640625 0.707031 0.644531 0.722656 0.644531 0.722656 0.636719 0.718750 0.632812
2 0.554688 0.621094 0.554688 0.628906 0.550781 0.632812 0.546875 0.632812 0.542969 0.636719 0.531250 0.636719 0.527344 0.640625 0.527344 0.648438 0.531250 0.652344 0.531250 0.656250 0.535156 0.660156 0.535156 0.687500 0.531250 0.691406 0.515625 0.691406 0.511719 0.687500 0.488281 0.687500 0.484375 0.691406 0.464844 0.691406 0.457031 0.683594 0.457031 0.667969 0.425781 0.667969 0.425781 0.679688 0.437500 0.679688 0.441406 0.683594 0.441406 0.714844 0.457031 0.714844 0.460938 0.718750 0.460938 0.722656 0.464844 0.726562 0.464844 0.730469 0.468750 0.730469 0.476562 0.738281 0.476562 0.761719 0.472656 0.765625 0.472656 0.785156 0.468750 0.789062 0.449219 0.789062 0.445312 0.785156 0.421875 0.785156 0.421875 0.800781 0.425781 0.800781 0.429688 0.804688 0.441406 0.804688 0.445312 0.800781 0.488281 0.800781 0.492188 0.804688 0.492188 0.808594 0.496094 0.808594 0.503906 0.816406 0.511719 0.816406 0.511719 0.792969 0.503906 0.785156 0.503906 0.765625 0.507812 0.761719 0.507812 0.750000 0.500000 0.742188 0.484375 0.742188 0.480469 0.738281 0.480469 0.707031 0.484375 0.703125 0.511719 0.703125 0.515625 0.707031 0.515625 0.710938 0.519531 0.710938 0.527344 0.718750 0.527344 0.726562 0.535156 0.726562 0.539062 0.730469 0.539062 0.742188 0.542969 0.746094 0.550781 0.746094 0.550781 0.734375 0.554688 0.730469 0.570312 0.730469 0.574219 0.734375 0.574219 0.742188 0.597656 0.742188 0.597656 0.738281 0.601562 0.734375 0.601562 0.726562 0.597656 0.722656 0.597656 0.703125 0.601562 0.699219 0.636719 0.699219 0.640625 0.703125 0.648438 0.703125 0.648438 0.660156 0.652344 0.656250 0.652344 0.648438 0.648438 0.648438 0.640625 0.640625 0.640625 0.636719 0.636719 0.632812 0.636719 0.628906 0.613281 0.628906 0.609375 0.625000 0.593750 0.625000 0.589844 0.621094
2 0.175781 0.617188 0.175781 0.632812 0.167969 0.640625 0.167969 0.667969 0.171875 0.667969 0.175781 0.671875 0.175781 0.679688 0.179688 0.683594 0.187500 0.683594 0.191406 0.679688 0.199219 0.679688 0.203125 0.675781 0.207031 0.675781 0.207031 0.664062 0.203125 0.660156 0.203125 0.636719 0.199219 0.632812 0.199219 0.621094 0.187500 0.621094 0.183594 0.617188
2 0.511719 0.527344 0.511719 0.539062 0.519531 0.539062 0.519531 0.527344
2 0.675781 0.480469 0.671875 0.484375 0.644531 0.484375 0.636719 0.492188 0.636719 0.507812 0.644531 0.507812 0.648438 0.511719 0.648438 0.515625 0.652344 0.519531 0.656250 0.519531 0.660156 0.523438 0.660156 0.531250 0.664062 0.531250 0.667969 0.535156 0.667969 0.546875 0.671875 0.546875 0.675781 0.550781 0.675781 0.574219 0.679688 0.574219 0.683594 0.578125 0.695312 0.578125 0.703125 0.585938 0.753906 0.585938 0.757812 0.589844 0.757812 0.593750 0.765625 0.593750 0.777344 0.582031 0.777344 0.578125 0.781250 0.574219 0.781250 0.570312 0.785156 0.566406 0.785156 0.554688 0.781250 0.550781 0.781250 0.542969 0.765625 0.542969 0.761719 0.546875 0.703125 0.546875 0.699219 0.542969 0.699219 0.539062 0.691406 0.531250 0.691406 0.496094 0.687500 0.496094 0.683594 0.492188 0.683594 0.480469
2 0.777344 0.332031 0.777344 0.339844 0.785156 0.339844 0.785156 0.332031
2 0.273438 0.328125 0.273438 0.347656 0.265625 0.355469 0.253906 0.355469 0.253906 0.363281 0.250000 0.367188 0.246094 0.367188 0.246094 0.390625 0.238281 0.398438 0.214844 0.398438 0.207031 0.390625 0.207031 0.382812 0.183594 0.382812 0.183594 0.386719 0.179688 0.390625 0.179688 0.398438 0.175781 0.402344 0.160156 0.402344 0.160156 0.410156 0.164062 0.414062 0.164062 0.433594 0.171875 0.433594 0.175781 0.429688 0.203125 0.429688 0.207031 0.433594 0.207031 0.445312 0.214844 0.453125 0.214844 0.468750 0.222656 0.468750 0.230469 0.476562 0.230469 0.480469 0.234375 0.484375 0.242188 0.484375 0.242188 0.472656 0.238281 0.468750 0.238281 0.464844 0.234375 0.460938 0.234375 0.429688 0.238281 0.425781 0.261719 0.425781 0.265625 0.421875 0.269531 0.421875 0.273438 0.417969 0.296875 0.417969 0.296875 0.410156 0.300781 0.406250 0.300781 0.398438 0.296875 0.394531 0.296875 0.382812 0.292969 0.378906 0.292969 0.375000 0.289062 0.375000 0.285156 0.371094 0.285156 0.359375 0.281250 0.355469 0.281250 0.328125
2 0.152344 0.308594 0.152344 0.316406 0.148438 0.320312 0.148438 0.328125 0.156250 0.328125 0.156250 0.320312 0.160156 0.316406 0.160156 0.308594
2 0.199219 0.246094 0.199219 0.250000 0.195312 0.253906 0.195312 0.261719 0.187500 0.269531 0.183594 0.269531 0.183594 0.273438 0.179688 0.277344 0.175781 0.277344 0.167969 0.285156 0.167969 0.292969 0.195312 0.292969 0.199219 0.296875 0.199219 0.308594 0.203125 0.312500 0.203125 0.324219 0.207031 0.328125 0.207031 0.335938 0.218750 0.335938 0.218750 0.328125 0.222656 0.324219 0.222656 0.312500 0.218750 0.312500 0.214844 0.308594 0.214844 0.292969 0.203125 0.292969 0.199219 0.289062 0.199219 0.269531 0.207031 0.261719 0.207031 0.246094
2 0.351562 0.242188 0.347656 0.246094 0.343750 0.246094 0.339844 0.250000 0.332031 0.250000 0.332031 0.257812 0.324219 0.265625 0.320312 0.265625 0.320312 0.277344 0.316406 0.281250 0.304688 0.281250 0.296875 0.289062 0.273438 0.289062 0.269531 0.292969 0.269531 0.304688 0.285156 0.304688 0.289062 0.308594 0.289062 0.312500 0.300781 0.312500 0.300781 0.308594 0.304688 0.304688 0.308594 0.304688 0.316406 0.296875 0.332031 0.296875 0.335938 0.300781 0.335938 0.304688 0.339844 0.304688 0.343750 0.308594 0.343750 0.324219 0.339844 0.328125 0.335938 0.328125 0.335938 0.339844 0.347656 0.351562 0.355469 0.351562 0.355469 0.335938 0.351562 0.332031 0.351562 0.324219 0.347656 0.324219 0.343750 0.320312 0.343750 0.300781 0.347656 0.296875 0.363281 0.296875 0.367188 0.300781 0.367188 0.304688 0.378906 0.304688 0.378906 0.292969 0.382812 0.289062 0.386719 0.289062 0.386719 0.277344 0.378906 0.269531 0.378906 0.265625 0.375000 0.265625 0.371094 0.261719 0.363281 0.261719 0.359375 0.257812 0.359375 0.242188
2 0.484375 0.156250 0.484375 0.160156 0.480469 0.164062 0.460938 0.164062 0.460938 0.167969 0.457031 0.171875 0.445312 0.171875 0.445312 0.179688 0.449219 0.179688 0.453125 0.183594 0.453125 0.199219 0.449219 0.203125 0.449219 0.207031 0.437500 0.218750 0.433594 0.218750 0.429688 0.222656 0.406250 0.222656 0.406250 0.230469 0.414062 0.230469 0.417969 0.234375 0.417969 0.250000 0.433594 0.250000 0.437500 0.253906 0.437500 0.257812 0.441406 0.261719 0.441406 0.281250 0.437500 0.285156 0.437500 0.304688 0.433594 0.308594 0.425781 0.308594 0.425781 0.324219 0.421875 0.328125 0.414062 0.328125 0.406250 0.335938 0.406250 0.347656 0.398438 0.355469 0.398438 0.378906 0.394531 0.382812 0.367188 0.382812 0.367188 0.390625 0.363281 0.394531 0.359375 0.394531 0.351562 0.402344 0.351562 0.410156 0.347656 0.414062 0.339844 0.414062 0.339844 0.421875 0.367188 0.421875 0.371094 0.425781 0.378906 0.425781 0.378906 0.414062 0.390625 0.402344 0.394531 0.402344 0.398438 0.398438 0.398438 0.375000 0.402344 0.371094 0.417969 0.371094 0.421875 0.375000 0.421875 0.394531 0.425781 0.398438 0.425781 0.441406 0.421875 0.445312 0.417969 0.445312 0.417969 0.480469 0.414062 0.484375 0.414062 0.507812 0.406250 0.515625 0.406250 0.519531 0.402344 0.523438 0.398438 0.523438 0.394531 0.527344 0.394531 0.535156 0.390625 0.539062 0.382812 0.539062 0.378906 0.542969 0.375000 0.542969 0.375000 0.574219 0.363281 0.585938 0.347656 0.585938 0.343750 0.582031 0.343750 0.574219 0.339844 0.574219 0.332031 0.566406 0.328125 0.566406 0.324219 0.562500 0.324219 0.535156 0.320312 0.531250 0.320312 0.527344 0.316406 0.523438 0.312500 0.523438 0.308594 0.519531 0.289062 0.519531 0.285156 0.515625 0.285156 0.500000 0.281250 0.500000 0.273438 0.492188 0.265625 0.492188 0.261719 0.488281 0.253906 0.488281 0.253906 0.496094 0.257812 0.500000 0.261719 0.500000 0.269531 0.507812 0.269531 0.531250 0.265625 0.535156 0.230469 0.535156 0.226562 0.531250 0.203125 0.531250 0.199219 0.527344 0.199219 0.503906 0.183594 0.503906 0.179688 0.500000 0.171875 0.500000 0.167969 0.496094 0.167969 0.492188 0.152344 0.492188 0.152344 0.527344 0.148438 0.531250 0.144531 0.531250 0.144531 0.542969 0.148438 0.546875 0.148438 0.554688 0.164062 0.554688 0.167969 0.558594 0.171875 0.558594 0.175781 0.562500 0.195312 0.562500 0.199219 0.566406 0.199219 0.578125 0.218750 0.578125 0.222656 0.582031 0.222656 0.593750 0.250000 0.593750 0.257812 0.601562 0.257812 0.605469 0.296875 0.605469 0.320312 0.628906 0.320312 0.636719 0.343750 0.636719 0.347656 0.640625 0.347656 0.644531 0.351562 0.648438 0.363281 0.648438 0.367188 0.652344 0.367188 0.679688 0.363281 0.683594 0.363281 0.691406 0.371094 0.691406 0.371094 0.671875 0.375000 0.667969 0.375000 0.632812 0.386719 0.621094 0.386719 0.617188 0.398438 0.605469 0.406250 0.605469 0.410156 0.601562 0.425781 0.601562 0.433594 0.609375 0.445312 0.609375 0.453125 0.601562 0.457031 0.601562 0.457031 0.593750 0.453125 0.589844 0.445312 0.589844 0.441406 0.585938 0.441406 0.582031 0.437500 0.582031 0.433594 0.578125 0.429688 0.578125 0.425781 0.574219 0.425781 0.570312 0.414062 0.570312 0.410156 0.566406 0.402344 0.566406 0.398438 0.562500 0.398438 0.539062 0.406250 0.531250 0.406250 0.527344 0.410156 0.523438 0.414062 0.523438 0.417969 0.519531 0.417969 0.503906 0.421875 0.500000 0.457031 0.500000 0.460938 0.503906 0.476562 0.503906 0.480469 0.500000 0.480469 0.492188 0.484375 0.488281 0.523438 0.488281 0.527344 0.492188 0.527344 0.503906 0.535156 0.503906 0.542969 0.511719 0.542969 0.519531 0.546875 0.523438 0.546875 0.550781 0.542969 0.554688 0.531250 0.554688 0.531250 0.558594 0.523438 0.566406 0.503906 0.566406 0.503906 0.574219 0.507812 0.578125 0.507812 0.597656 0.515625 0.605469 0.523438 0.605469 0.523438 0.597656 0.527344 0.593750 0.550781 0.593750 0.550781 0.582031 0.562500 0.570312 0.562500 0.550781 0.566406 0.546875 0.585938 0.546875 0.585938 0.515625 0.589844 0.511719 0.589844 0.488281 0.593750 0.484375 0.601562 0.484375 0.601562 0.468750 0.605469 0.464844 0.605469 0.457031 0.601562 0.453125 0.601562 0.437500 0.609375 0.429688 0.609375 0.425781 0.613281 0.421875 0.625000 0.421875 0.625000 0.406250 0.628906 0.402344 0.671875 0.402344 0.671875 0.398438 0.687500 0.382812 0.687500 0.378906 0.695312 0.371094 0.695312 0.355469 0.699219 0.351562 0.722656 0.351562 0.726562 0.355469 0.726562 0.363281 0.730469 0.367188 0.738281 0.367188 0.738281 0.359375 0.742188 0.355469 0.753906 0.355469 0.753906 0.347656 0.750000 0.343750 0.746094 0.343750 0.742188 0.339844 0.742188 0.324219 0.746094 0.320312 0.753906 0.320312 0.753906 0.308594 0.757812 0.304688 0.773438 0.304688 0.773438 0.281250 0.765625 0.281250 0.757812 0.273438 0.750000 0.273438 0.746094 0.269531 0.742188 0.269531 0.734375 0.261719 0.734375 0.257812 0.726562 0.250000 0.726562 0.234375 0.722656 0.234375 0.718750 0.230469 0.718750 0.222656 0.710938 0.222656 0.707031 0.218750 0.703125 0.218750 0.699219 0.214844 0.691406 0.214844 0.687500 0.210938 0.679688 0.210938 0.675781 0.207031 0.671875 0.207031 0.667969 0.203125 0.667969 0.199219 0.664062 0.195312 0.656250 0.195312 0.652344 0.191406 0.652344 0.187500 0.632812 0.187500 0.632812 0.203125 0.628906 0.207031 0.628906 0.234375 0.625000 0.238281 0.613281 0.238281 0.613281 0.242188 0.609375 0.246094 0.593750 0.246094 0.589844 0.242188 0.589844 0.238281 0.585938 0.234375 0.585938 0.218750 0.589844 0.214844 0.589844 0.207031 0.570312 0.207031 0.566406 0.203125 0.566406 0.191406 0.554688 0.191406 0.550781 0.195312 0.535156 0.195312 0.531250 0.191406 0.531250 0.171875 0.527344 0.167969 0.511719 0.167969 0.507812 0.164062 0.500000 0.164062 0.496094 0.160156 0.496094 0.156250
2 0.351562 0.132812 0.351562 0.140625 0.355469 0.144531 0.359375 0.144531 0.363281 0.148438 0.367188 0.148438 0.371094 0.152344 0.375000 0.152344 0.378906 0.156250 0.378906 0.164062 0.382812 0.167969 0.382812 0.191406 0.378906 0.195312 0.375000 0.195312 0.375000 0.203125 0.378906 0.203125 0.382812 0.207031 0.390625 0.207031 0.390625 0.175781 0.394531 0.171875 0.394531 0.167969 0.402344 0.160156 0.402344 0.156250 0.406250 0.152344 0.421875 0.152344 0.425781 0.156250 0.425781 0.160156 0.433594 0.160156 0.433594 0.148438 0.425781 0.148438 0.421875 0.144531 0.417969 0.144531 0.414062 0.140625 0.414062 0.136719 0.402344 0.136719 0.402344 0.144531 0.398438 0.148438 0.382812 0.148438 0.378906 0.144531 0.378906 0.136719 0.367188 0.136719 0.363281 0.132812
