2 0.531250 0.875000 0.527344 0.878906 0.527344 0.894531 0.523438 0.898438 0.523438 0.906250 0.531250 0.906250 0.531250 0.894531 0.535156 0.890625 0.539062 0.890625 0.539062 0.875000
2 0.566406 0.843750 0.566406 0.859375 0.574219 0.859375 0.574219 0.843750
2 0.667969 0.777344 0.660156 0.785156 0.660156 0.796875 0.664062 0.796875 0.667969 0.800781 0.667969 0.804688 0.671875 0.808594 0.675781 0.808594 0.679688 0.812500 0.679688 0.835938 0.675781 0.839844 0.667969 0.839844 0.667969 0.847656 0.675781 0.847656 0.675781 0.839844 0.679688 0.835938 0.707031 0.835938 0.707031 0.824219 0.699219 0.824219 0.695312 0.820312 0.691406 0.820312 0.687500 0.816406 0.687500 0.789062 0.691406 0.785156 0.691406 0.777344
2 0.230469 0.765625 0.230469 0.777344 0.242188 0.777344 0.242188 0.765625
2 0.757812 0.753906 0.757812 0.757812 0.753906 0.761719 0.753906 0.785156 0.761719 0.785156 0.761719 0.765625 0.765625 0.761719 0.765625 0.753906
2 0.742188 0.695312 0.734375 0.703125 0.734375 0.707031 0.726562 0.714844 0.726562 0.722656 0.746094 0.722656 0.753906 0.730469 0.761719 0.730469 0.765625 0.726562 0.769531 0.726562 0.769531 0.710938 0.765625 0.707031 0.765625 0.699219 0.753906 0.699219 0.750000 0.695312
2 0.531250 0.636719 0.531250 0.652344 0.535156 0.656250 0.535156 0.671875 0.531250 0.675781 0.507812 0.675781 0.507812 0.679688 0.503906 0.683594 0.503906 0.699219 0.500000 0.703125 0.476562 0.703125 0.476562 0.714844 0.480469 0.718750 0.480469 0.722656 0.484375 0.726562 0.484375 0.738281 0.492188 0.746094 0.503906 0.746094 0.503906 0.738281 0.507812 0.734375 0.527344 0.734375 0.531250 0.738281 0.531250 0.742188 0.535156 0.746094 0.535156 0.750000 0.539062 0.753906 0.539062 0.761719 0.542969 0.765625 0.542969 0.769531 0.546875 0.773438 0.546875 0.777344 0.550781 0.781250 0.550781 0.816406 0.546875 0.820312 0.539062 0.820312 0.531250 0.828125 0.527344 0.828125 0.527344 0.839844 0.554688 0.839844 0.554688 0.820312 0.558594 0.816406 0.574219 0.816406 0.574219 0.812500 0.578125 0.808594 0.578125 0.785156 0.582031 0.781250 0.597656 0.781250 0.601562 0.785156 0.601562 0.789062 0.609375 0.789062 0.609375 0.773438 0.613281 0.769531 0.617188 0.769531 0.617188 0.765625 0.621094 0.761719 0.625000 0.761719 0.625000 0.750000 0.609375 0.750000 0.609375 0.753906 0.605469 0.757812 0.589844 0.757812 0.585938 0.761719 0.570312 0.761719 0.562500 0.753906 0.558594 0.753906 0.554688 0.750000 0.554688 0.730469 0.558594 0.726562 0.578125 0.726562 0.582031 0.730469 0.582031 0.734375 0.601562 0.734375 0.601562 0.730469 0.605469 0.726562 0.605469 0.710938 0.601562 0.707031 0.601562 0.679688 0.593750 0.679688 0.585938 0.687500 0.585938 0.710938 0.578125 0.718750 0.558594 0.718750 0.554688 0.714844 0.554688 0.695312 0.550781 0.691406 0.550781 0.667969 0.546875 0.664062 0.546875 0.652344 0.542969 0.652344 0.539062 0.648438 0.539062 0.636719
2 0.859375 0.585938 0.851562 0.593750 0.847656 0.593750 0.847656 0.597656 0.843750 0.601562 0.843750 0.609375 0.851562 0.609375 0.851562 0.605469 0.855469 0.601562 0.859375 0.601562 0.863281 0.597656 0.867188 0.597656 0.871094 0.593750 0.878906 0.593750 0.878906 0.585938
2 0.898438 0.535156 0.898438 0.542969 0.902344 0.546875 0.902344 0.550781 0.906250 0.554688 0.906250 0.574219 0.914062 0.574219 0.925781 0.562500 0.925781 0.558594 0.929688 0.554688 0.929688 0.542969 0.925781 0.539062 0.914062 0.539062 0.910156 0.535156
2 0.816406 0.519531 0.812500 0.523438 0.808594 0.523438 0.800781 0.531250 0.796875 0.531250 0.796875 0.539062 0.804688 0.539062 0.808594 0.542969 0.808594 0.566406 0.812500 0.570312 0.812500 0.574219 0.820312 0.574219 0.824219 0.570312 0.828125 0.570312 0.828125 0.554688 0.835938 0.546875 0.851562 0.546875 0.855469 0.550781 0.855469 0.558594 0.863281 0.558594 0.875000 0.546875 0.875000 0.539062 0.867188 0.539062 0.859375 0.546875 0.839844 0.546875 0.835938 0.542969 0.835938 0.539062 0.824219 0.527344 0.824219 0.519531
2 0.683594 0.500000 0.683594 0.503906 0.679688 0.507812 0.679688 0.539062 0.675781 0.542969 0.664062 0.542969 0.664062 0.554688 0.660156 0.558594 0.644531 0.558594 0.640625 0.554688 0.640625 0.550781 0.632812 0.550781 0.628906 0.554688 0.625000 0.554688 0.621094 0.558594 0.621094 0.562500 0.617188 0.566406 0.617188 0.570312 0.609375 0.578125 0.601562 0.578125 0.601562 0.585938 0.605469 0.589844 0.609375 0.589844 0.613281 0.593750 0.613281 0.597656 0.632812 0.597656 0.636719 0.601562 0.636719 0.632812 0.632812 0.636719 0.632812 0.640625 0.625000 0.648438 0.625000 0.656250 0.636719 0.656250 0.644531 0.648438 0.648438 0.648438 0.648438 0.628906 0.652344 0.625000 0.652344 0.621094 0.656250 0.617188 0.664062 0.617188 0.664062 0.609375 0.667969 0.605469 0.667969 0.585938 0.675781 0.578125 0.675781 0.574219 0.679688 0.570312 0.679688 0.566406 0.683594 0.562500 0.683594 0.558594 0.695312 0.546875 0.695312 0.542969 0.703125 0.535156 0.703125 0.531250 0.707031 0.527344 0.707031 0.515625 0.703125 0.511719 0.703125 0.507812 0.699219 0.503906 0.695312 0.503906 0.691406 0.500000
2 0.464844 0.492188 0.464844 0.500000 0.468750 0.500000 0.472656 0.503906 0.480469 0.503906 0.484375 0.507812 0.484375 0.535156 0.496094 0.535156 0.500000 0.539062 0.500000 0.558594 0.496094 0.562500 0.476562 0.562500 0.476562 0.570312 0.484375 0.578125 0.484375 0.585938 0.500000 0.585938 0.507812 0.578125 0.523438 0.578125 0.523438 0.527344 0.515625 0.519531 0.507812 0.519531 0.503906 0.515625 0.503906 0.500000 0.488281 0.500000 0.484375 0.496094 0.476562 0.496094 0.472656 0.492188
2 0.089844 0.437500 0.085938 0.441406 0.085938 0.460938 0.089844 0.460938 0.097656 0.468750 0.097656 0.488281 0.101562 0.488281 0.105469 0.492188 0.105469 0.542969 0.113281 0.550781 0.113281 0.578125 0.101562 0.589844 0.097656 0.589844 0.089844 0.597656 0.085938 0.597656 0.085938 0.601562 0.082031 0.605469 0.082031 0.613281 0.085938 0.617188 0.085938 0.621094 0.097656 0.621094 0.101562 0.625000 0.101562 0.628906 0.109375 0.628906 0.113281 0.632812 0.113281 0.636719 0.121094 0.636719 0.125000 0.640625 0.132812 0.640625 0.136719 0.644531 0.136719 0.660156 0.148438 0.671875 0.152344 0.671875 0.164062 0.683594 0.171875 0.683594 0.175781 0.687500 0.175781 0.726562 0.171875 0.730469 0.152344 0.730469 0.152344 0.742188 0.156250 0.746094 0.171875 0.746094 0.175781 0.750000 0.175781 0.761719 0.179688 0.761719 0.187500 0.769531 0.207031 0.769531 0.207031 0.761719 0.203125 0.757812 0.203125 0.726562 0.207031 0.722656 0.207031 0.714844 0.203125 0.710938 0.203125 0.664062 0.207031 0.660156 0.218750 0.660156 0.218750 0.648438 0.222656 0.644531 0.238281 0.644531 0.242188 0.648438 0.250000 0.648438 0.253906 0.652344 0.253906 0.660156 0.257812 0.664062 0.257812 0.667969 0.261719 0.667969 0.265625 0.671875 0.265625 0.679688 0.281250 0.679688 0.285156 0.683594 0.285156 0.687500 0.289062 0.687500 0.292969 0.691406 0.292969 0.695312 0.296875 0.699219 0.312500 0.699219 0.316406 0.703125 0.316406 0.710938 0.320312 0.710938 0.324219 0.714844 0.343750 0.714844 0.347656 0.718750 0.371094 0.718750 0.375000 0.722656 0.378906 0.722656 0.382812 0.726562 0.386719 0.726562 0.390625 0.730469 0.398438 0.730469 0.398438 0.726562 0.402344 0.722656 0.410156 0.722656 0.410156 0.714844 0.406250 0.714844 0.402344 0.710938 0.402344 0.699219 0.382812 0.699219 0.375000 0.691406 0.375000 0.683594 0.371094 0.683594 0.367188 0.679688 0.367188 0.671875 0.363281 0.671875 0.355469 0.664062 0.355469 0.660156 0.343750 0.660156 0.343750 0.664062 0.339844 0.667969 0.324219 0.667969 0.320312 0.664062 0.312500 0.664062 0.308594 0.660156 0.304688 0.660156 0.300781 0.656250 0.289062 0.656250 0.281250 0.648438 0.265625 0.648438 0.261719 0.644531 0.257812 0.644531 0.253906 0.640625 0.250000 0.640625 0.246094 0.636719 0.246094 0.589844 0.250000 0.585938 0.265625 0.585938 0.265625 0.578125 0.261719 0.578125 0.253906 0.570312 0.195312 0.570312 0.191406 0.566406 0.187500 0.566406 0.183594 0.562500 0.183594 0.546875 0.171875 0.546875 0.167969 0.550781 0.152344 0.550781 0.136719 0.535156 0.132812 0.535156 0.128906 0.531250 0.125000 0.531250 0.121094 0.527344 0.121094 0.507812 0.117188 0.507812 0.113281 0.503906 0.113281 0.500000 0.109375 0.496094 0.109375 0.476562 0.105469 0.472656 0.105469 0.457031 0.109375 0.453125 0.109375 0.449219 0.113281 0.445312 0.113281 0.437500
2 0.550781 0.425781 0.550781 0.437500 0.546875 0.441406 0.527344 0.441406 0.527344 0.457031 0.535156 0.457031 0.539062 0.453125 0.562500 0.453125 0.566406 0.457031 0.566406 0.464844 0.578125 0.464844 0.578125 0.460938 0.582031 0.457031 0.585938 0.457031 0.585938 0.437500 0.566406 0.437500 0.562500 0.433594 0.562500 0.429688 0.558594 0.425781
2 0.722656 0.234375 0.722656 0.242188 0.730469 0.242188 0.730469 0.234375
2 0.691406 0.203125 0.691406 0.210938 0.695312 0.210938 0.699219 0.214844 0.703125 0.214844 0.707031 0.218750 0.714844 0.218750 0.714844 0.210938 0.707031 0.203125
2 0.625000 0.179688 0.617188 0.187500 0.609375 0.187500 0.605469 0.191406 0.601562 0.191406 0.597656 0.195312 0.589844 0.195312 0.585938 0.199219 0.574219 0.199219 0.566406 0.207031 0.566406 0.218750 0.574219 0.218750 0.578125 0.222656 0.589844 0.222656 0.597656 0.214844 0.625000 0.214844 0.628906 0.218750 0.632812 0.218750 0.636719 0.222656 0.652344 0.222656 0.656250 0.218750 0.660156 0.218750 0.667969 0.210938 0.667969 0.203125 0.664062 0.203125 0.652344 0.191406 0.648438 0.191406 0.636719 0.179688
