1 0.710938 0.828125 0.710938 0.839844 0.726562 0.839844 0.730469 0.843750 0.746094 0.843750 0.746094 0.832031 0.730469 0.832031 0.726562 0.828125
1 0.445312 0.757812 0.445312 0.765625 0.457031 0.765625 0.457031 0.757812
1 0.390625 0.730469 0.390625 0.742188 0.406250 0.742188 0.410156 0.746094 0.417969 0.746094 0.417969 0.738281 0.406250 0.738281 0.398438 0.730469
1 0.339844 0.710938 0.339844 0.718750 0.343750 0.722656 0.347656 0.722656 0.351562 0.726562 0.367188 0.726562 0.367188 0.718750 0.363281 0.714844 0.363281 0.710938
1 0.507812 0.675781 0.507812 0.679688 0.503906 0.683594 0.492188 0.683594 0.492188 0.691406 0.500000 0.691406 0.500000 0.687500 0.503906 0.683594 0.515625 0.683594 0.515625 0.675781
1 0.539062 0.671875 0.539062 0.699219 0.550781 0.699219 0.550781 0.695312 0.554688 0.691406 0.554688 0.687500 0.558594 0.683594 0.562500 0.683594 0.566406 0.679688 0.566406 0.671875
1 0.519531 0.660156 0.519531 0.667969 0.527344 0.667969 0.527344 0.660156
1 0.433594 0.648438 0.429688 0.652344 0.425781 0.652344 0.425781 0.660156 0.421875 0.664062 0.398438 0.664062 0.398438 0.687500 0.394531 0.691406 0.390625 0.691406 0.390625 0.699219 0.398438 0.699219 0.402344 0.695312 0.410156 0.695312 0.410156 0.691406 0.414062 0.687500 0.437500 0.687500 0.437500 0.683594 0.441406 0.679688 0.468750 0.679688 0.468750 0.671875 0.460938 0.664062 0.460938 0.656250 0.449219 0.656250 0.445312 0.652344 0.445312 0.648438
1 0.191406 0.640625 0.191406 0.648438 0.195312 0.648438 0.199219 0.652344 0.203125 0.652344 0.222656 0.671875 0.230469 0.671875 0.234375 0.675781 0.253906 0.675781 0.253906 0.667969 0.250000 0.664062 0.242188 0.664062 0.238281 0.660156 0.226562 0.660156 0.222656 0.656250 0.222656 0.652344 0.218750 0.648438 0.210938 0.648438 0.203125 0.640625
1 0.167969 0.625000 0.167969 0.632812 0.175781 0.632812 0.175781 0.625000
1 0.500000 0.601562 0.500000 0.613281 0.511719 0.613281 0.511719 0.601562
1 0.253906 0.542969 0.250000 0.546875 0.250000 0.550781 0.246094 0.554688 0.246094 0.570312 0.250000 0.570312 0.253906 0.574219 0.253906 0.578125 0.261719 0.578125 0.265625 0.582031 0.265625 0.597656 0.277344 0.597656 0.277344 0.562500 0.281250 0.558594 0.285156 0.558594 0.285156 0.546875 0.269531 0.546875 0.265625 0.542969
1 0.796875 0.539062 0.796875 0.542969 0.792969 0.546875 0.792969 0.562500 0.808594 0.562500 0.812500 0.558594 0.816406 0.558594 0.816406 0.546875 0.808594 0.546875 0.804688 0.542969 0.804688 0.539062
1 0.804688 0.492188 0.804688 0.500000 0.812500 0.500000 0.812500 0.492188
1 0.253906 0.437500 0.253906 0.445312 0.269531 0.445312 0.269531 0.437500
1 0.796875 0.433594 0.796875 0.468750 0.828125 0.468750 0.828125 0.464844 0.835938 0.457031 0.847656 0.457031 0.847656 0.445312 0.843750 0.445312 0.839844 0.441406 0.839844 0.437500 0.828125 0.437500 0.828125 0.441406 0.824219 0.445312 0.808594 0.445312 0.804688 0.441406 0.804688 0.433594
1 0.371094 0.433594 0.371094 0.441406 0.378906 0.441406 0.378906 0.433594
1 0.187500 0.406250 0.179688 0.414062 0.179688 0.433594 0.183594 0.433594 0.191406 0.441406 0.191406 0.445312 0.195312 0.445312 0.199219 0.449219 0.214844 0.449219 0.214844 0.429688 0.207031 0.429688 0.203125 0.425781 0.203125 0.406250
1 0.605469 0.375000 0.605469 0.378906 0.601562 0.382812 0.597656 0.382812 0.593750 0.386719 0.578125 0.386719 0.578125 0.390625 0.574219 0.394531 0.566406 0.394531 0.562500 0.398438 0.562500 0.402344 0.558594 0.406250 0.550781 0.406250 0.546875 0.410156 0.542969 0.410156 0.535156 0.417969 0.535156 0.421875 0.523438 0.433594 0.476562 0.433594 0.472656 0.429688 0.472656 0.425781 0.464844 0.417969 0.457031 0.417969 0.457031 0.425781 0.453125 0.429688 0.437500 0.429688 0.433594 0.425781 0.433594 0.421875 0.429688 0.421875 0.425781 0.417969 0.425781 0.406250 0.414062 0.406250 0.410156 0.410156 0.410156 0.417969 0.417969 0.425781 0.417969 0.468750 0.414062 0.472656 0.414062 0.484375 0.417969 0.484375 0.421875 0.488281 0.421875 0.511719 0.417969 0.515625 0.406250 0.515625 0.402344 0.519531 0.378906 0.519531 0.371094 0.511719 0.371094 0.507812 0.355469 0.507812 0.351562 0.503906 0.351562 0.492188 0.347656 0.492188 0.343750 0.488281 0.343750 0.468750 0.332031 0.468750 0.328125 0.464844 0.328125 0.445312 0.316406 0.445312 0.316406 0.468750 0.312500 0.472656 0.292969 0.472656 0.289062 0.476562 0.277344 0.476562 0.273438 0.480469 0.257812 0.480469 0.253906 0.476562 0.253906 0.468750 0.238281 0.468750 0.234375 0.472656 0.199219 0.472656 0.199219 0.480469 0.195312 0.484375 0.179688 0.484375 0.179688 0.492188 0.199219 0.492188 0.207031 0.500000 0.207031 0.511719 0.222656 0.511719 0.226562 0.515625 0.234375 0.515625 0.234375 0.503906 0.230469 0.500000 0.230469 0.480469 0.234375 0.476562 0.253906 0.476562 0.257812 0.480469 0.257812 0.500000 0.261719 0.500000 0.265625 0.503906 0.277344 0.503906 0.277344 0.500000 0.281250 0.496094 0.304688 0.496094 0.308594 0.492188 0.328125 0.492188 0.332031 0.496094 0.332031 0.503906 0.335938 0.503906 0.339844 0.507812 0.339844 0.511719 0.343750 0.515625 0.343750 0.542969 0.355469 0.554688 0.367188 0.554688 0.371094 0.558594 0.398438 0.558594 0.402344 0.562500 0.410156 0.562500 0.410156 0.554688 0.414062 0.550781 0.417969 0.550781 0.421875 0.546875 0.421875 0.542969 0.433594 0.531250 0.449219 0.531250 0.453125 0.535156 0.453125 0.554688 0.460938 0.554688 0.460938 0.550781 0.464844 0.546875 0.496094 0.546875 0.503906 0.554688 0.519531 0.554688 0.523438 0.558594 0.523438 0.562500 0.535156 0.562500 0.539062 0.566406 0.539062 0.593750 0.550781 0.593750 0.554688 0.597656 0.554688 0.601562 0.558594 0.605469 0.566406 0.605469 0.566406 0.601562 0.570312 0.597656 0.597656 0.597656 0.601562 0.601562 0.601562 0.621094 0.605469 0.625000 0.605469 0.640625 0.601562 0.644531 0.593750 0.644531 0.593750 0.652344 0.613281 0.652344 0.617188 0.656250 0.625000 0.656250 0.628906 0.652344 0.632812 0.652344 0.632812 0.648438 0.640625 0.640625 0.656250 0.640625 0.660156 0.644531 0.667969 0.644531 0.675781 0.652344 0.675781 0.660156 0.679688 0.664062 0.679688 0.667969 0.683594 0.671875 0.687500 0.671875 0.695312 0.679688 0.695312 0.683594 0.699219 0.683594 0.703125 0.687500 0.703125 0.707031 0.699219 0.710938 0.683594 0.710938 0.679688 0.707031 0.667969 0.707031 0.667969 0.710938 0.664062 0.714844 0.648438 0.714844 0.644531 0.718750 0.640625 0.718750 0.640625 0.726562 0.648438 0.726562 0.652344 0.722656 0.667969 0.722656 0.671875 0.726562 0.675781 0.726562 0.679688 0.730469 0.679688 0.734375 0.683594 0.738281 0.699219 0.738281 0.703125 0.742188 0.703125 0.746094 0.714844 0.746094 0.718750 0.750000 0.718750 0.757812 0.738281 0.757812 0.742188 0.761719 0.750000 0.761719 0.753906 0.765625 0.753906 0.769531 0.773438 0.769531 0.777344 0.773438 0.777344 0.785156 0.781250 0.785156 0.785156 0.789062 0.789062 0.789062 0.792969 0.792969 0.792969 0.812500 0.789062 0.816406 0.789062 0.839844 0.785156 0.843750 0.773438 0.843750 0.773438 0.859375 0.777344 0.859375 0.781250 0.863281 0.792969 0.863281 0.796875 0.867188 0.804688 0.867188 0.808594 0.871094 0.812500 0.871094 0.816406 0.875000 0.824219 0.875000 0.824219 0.871094 0.828125 0.867188 0.828125 0.863281 0.835938 0.855469 0.835938 0.832031 0.832031 0.832031 0.824219 0.824219 0.824219 0.820312 0.816406 0.820312 0.812500 0.816406 0.812500 0.800781 0.816406 0.796875 0.816406 0.777344 0.812500 0.773438 0.812500 0.769531 0.804688 0.761719 0.804688 0.734375 0.800781 0.730469 0.800781 0.683594 0.804688 0.679688 0.808594 0.679688 0.808594 0.671875 0.804688 0.667969 0.804688 0.640625 0.800781 0.636719 0.800781 0.593750 0.789062 0.593750 0.789062 0.605469 0.792969 0.609375 0.792969 0.632812 0.789062 0.636719 0.765625 0.636719 0.757812 0.628906 0.734375 0.628906 0.730469 0.625000 0.730469 0.621094 0.722656 0.613281 0.722656 0.605469 0.718750 0.605469 0.714844 0.601562 0.714844 0.593750 0.710938 0.593750 0.707031 0.589844 0.699219 0.589844 0.695312 0.585938 0.695312 0.582031 0.691406 0.578125 0.679688 0.578125 0.667969 0.566406 0.656250 0.566406 0.652344 0.562500 0.652344 0.558594 0.648438 0.554688 0.648438 0.550781 0.640625 0.542969 0.640625 0.539062 0.632812 0.539062 0.621094 0.527344 0.617188 0.527344 0.613281 0.523438 0.613281 0.507812 0.617188 0.503906 0.621094 0.503906 0.621094 0.480469 0.628906 0.472656 0.632812 0.472656 0.636719 0.468750 0.640625 0.468750 0.640625 0.460938 0.636719 0.457031 0.632812 0.457031 0.628906 0.453125 0.628906 0.449219 0.621094 0.441406 0.621094 0.394531 0.617188 0.390625 0.617188 0.382812 0.613281 0.378906 0.613281 0.375000
1 0.640625 0.339844 0.636719 0.343750 0.636719 0.351562 0.648438 0.351562 0.652344 0.355469 0.652344 0.359375 0.660156 0.359375 0.664062 0.363281 0.664062 0.371094 0.667969 0.371094 0.671875 0.375000 0.671875 0.382812 0.679688 0.382812 0.687500 0.390625 0.691406 0.390625 0.695312 0.394531 0.695312 0.398438 0.703125 0.398438 0.703125 0.394531 0.710938 0.386719 0.718750 0.386719 0.722656 0.382812 0.722656 0.378906 0.726562 0.375000 0.742188 0.375000 0.742188 0.351562 0.738281 0.347656 0.687500 0.347656 0.683594 0.351562 0.664062 0.351562 0.652344 0.339844
1 0.613281 0.312500 0.613281 0.320312 0.625000 0.320312 0.625000 0.312500
1 0.519531 0.312500 0.515625 0.316406 0.503906 0.316406 0.503906 0.324219 0.511719 0.324219 0.515625 0.320312 0.527344 0.320312 0.527344 0.312500
1 0.500000 0.277344 0.500000 0.285156 0.503906 0.289062 0.503906 0.292969 0.515625 0.292969 0.515625 0.277344
1 0.171875 0.277344 0.171875 0.289062 0.199219 0.289062 0.203125 0.292969 0.203125 0.312500 0.199219 0.316406 0.199219 0.328125 0.203125 0.332031 0.203125 0.335938 0.218750 0.335938 0.218750 0.332031 0.222656 0.328125 0.226562 0.328125 0.230469 0.324219 0.238281 0.324219 0.238281 0.316406 0.242188 0.312500 0.250000 0.312500 0.250000 0.300781 0.234375 0.300781 0.230469 0.296875 0.230469 0.289062 0.222656 0.281250 0.222656 0.277344 0.210938 0.277344 0.210938 0.281250 0.207031 0.285156 0.191406 0.285156 0.183594 0.277344
1 0.203125 0.230469 0.203125 0.234375 0.199219 0.238281 0.191406 0.238281 0.191406 0.246094 0.199219 0.246094 0.199219 0.242188 0.203125 0.238281 0.214844 0.238281 0.214844 0.230469
1 0.367188 0.210938 0.367188 0.222656 0.371094 0.226562 0.371094 0.250000 0.375000 0.253906 0.375000 0.257812 0.378906 0.261719 0.382812 0.261719 0.386719 0.265625 0.386719 0.289062 0.394531 0.296875 0.410156 0.296875 0.417969 0.304688 0.417969 0.332031 0.421875 0.332031 0.425781 0.335938 0.429688 0.335938 0.433594 0.339844 0.445312 0.339844 0.449219 0.335938 0.449219 0.328125 0.445312 0.324219 0.445312 0.308594 0.449219 0.304688 0.457031 0.304688 0.457031 0.285156 0.460938 0.281250 0.468750 0.281250 0.468750 0.242188 0.460938 0.234375 0.441406 0.234375 0.441406 0.246094 0.437500 0.250000 0.406250 0.250000 0.402344 0.246094 0.402344 0.234375 0.398438 0.230469 0.398438 0.218750 0.378906 0.218750 0.375000 0.214844 0.375000 0.210938
1 0.589844 0.199219 0.585938 0.203125 0.582031 0.203125 0.578125 0.207031 0.574219 0.207031 0.574219 0.210938 0.570312 0.214844 0.566406 0.214844 0.566406 0.230469 0.585938 0.230469 0.589844 0.234375 0.605469 0.234375 0.609375 0.238281 0.617188 0.238281 0.621094 0.234375 0.621094 0.218750 0.617188 0.218750 0.613281 0.214844 0.613281 0.207031 0.609375 0.203125 0.609375 0.199219
1 0.347656 0.187500 0.347656 0.195312 0.355469 0.195312 0.355469 0.187500
1 0.445312 0.128906 0.445312 0.144531 0.441406 0.148438 0.441406 0.160156 0.460938 0.160156 0.464844 0.164062 0.464844 0.199219 0.472656 0.207031 0.472656 0.210938 0.496094 0.210938 0.500000 0.214844 0.500000 0.218750 0.507812 0.218750 0.511719 0.222656 0.511719 0.250000 0.519531 0.250000 0.519531 0.230469 0.515625 0.230469 0.511719 0.226562 0.511719 0.210938 0.500000 0.210938 0.496094 0.207031 0.496094 0.179688 0.492188 0.179688 0.488281 0.175781 0.488281 0.167969 0.476562 0.167969 0.472656 0.164062 0.472656 0.156250 0.457031 0.156250 0.453125 0.152344 0.453125 0.128906
1 0.562500 0.066406 0.562500 0.078125 0.578125 0.078125 0.582031 0.082031 0.601562 0.082031 0.605469 0.085938 0.605469 0.089844 0.609375 0.089844 0.613281 0.093750 0.640625 0.093750 0.644531 0.097656 0.644531 0.105469 0.648438 0.109375 0.652344 0.109375 0.656250 0.113281 0.656250 0.117188 0.660156 0.121094 0.679688 0.121094 0.679688 0.113281 0.675781 0.109375 0.671875 0.109375 0.667969 0.105469 0.664062 0.105469 0.660156 0.101562 0.660156 0.097656 0.656250 0.097656 0.652344 0.093750 0.640625 0.093750 0.636719 0.089844 0.636719 0.085938 0.625000 0.085938 0.621094 0.082031 0.621094 0.078125 0.613281 0.078125 0.609375 0.082031 0.593750 0.082031 0.589844 0.078125 0.589844 0.070312 0.574219 0.070312 0.570312 0.066406
