1 0.753906 0.781250 0.753906 0.789062 0.757812 0.789062 0.878906 0.910156 0.878906 0.914062 0.925781 0.960938 0.929688 0.960938 0.937500 0.968750 0.949219 0.968750 0.957031 0.960938 0.957031 0.949219 0.949219 0.941406 0.921875 0.941406 0.914062 0.933594 0.914062 0.929688 0.906250 0.921875 0.906250 0.894531 0.902344 0.890625 0.898438 0.890625 0.890625 0.882812 0.890625 0.878906 0.878906 0.878906 0.875000 0.875000 0.875000 0.871094 0.871094 0.871094 0.867188 0.867188 0.867188 0.859375 0.863281 0.855469 0.863281 0.851562 0.835938 0.851562 0.789062 0.804688 0.789062 0.800781 0.785156 0.800781 0.769531 0.785156 0.765625 0.785156 0.761719 0.781250
1 0.394531 0.718750 0.394531 0.726562 0.402344 0.734375 0.406250 0.734375 0.410156 0.738281 0.417969 0.738281 0.421875 0.742188 0.421875 0.746094 0.425781 0.750000 0.437500 0.750000 0.437500 0.742188 0.433594 0.738281 0.433594 0.734375 0.425781 0.726562 0.425781 0.722656 0.410156 0.722656 0.406250 0.718750
1 0.433594 0.683594 0.433594 0.691406 0.453125 0.691406 0.453125 0.683594
1 0.445312 0.601562 0.441406 0.605469 0.437500 0.605469 0.437500 0.628906 0.433594 0.632812 0.433594 0.640625 0.441406 0.640625 0.445312 0.636719 0.460938 0.636719 0.472656 0.625000 0.472656 0.617188 0.457031 0.617188 0.453125 0.613281 0.453125 0.601562
1 0.687500 0.492188 0.687500 0.500000 0.691406 0.503906 0.691406 0.519531 0.687500 0.523438 0.687500 0.531250 0.683594 0.535156 0.683594 0.542969 0.679688 0.546875 0.679688 0.550781 0.675781 0.554688 0.675781 0.562500 0.683594 0.570312 0.683594 0.582031 0.691406 0.582031 0.691406 0.562500 0.695312 0.558594 0.699219 0.558594 0.699219 0.535156 0.703125 0.531250 0.703125 0.492188
1 0.496094 0.492188 0.496094 0.507812 0.503906 0.507812 0.507812 0.511719 0.507812 0.527344 0.500000 0.535156 0.492188 0.535156 0.492188 0.546875 0.523438 0.546875 0.527344 0.550781 0.527344 0.562500 0.531250 0.566406 0.542969 0.566406 0.546875 0.570312 0.546875 0.605469 0.542969 0.609375 0.496094 0.609375 0.492188 0.605469 0.492188 0.601562 0.484375 0.601562 0.484375 0.613281 0.503906 0.613281 0.507812 0.617188 0.507812 0.628906 0.511719 0.632812 0.511719 0.640625 0.515625 0.644531 0.527344 0.644531 0.531250 0.648438 0.531250 0.675781 0.535156 0.679688 0.550781 0.679688 0.550781 0.671875 0.554688 0.667969 0.585938 0.667969 0.589844 0.671875 0.589844 0.679688 0.605469 0.679688 0.609375 0.675781 0.632812 0.675781 0.636719 0.679688 0.636719 0.691406 0.644531 0.699219 0.644531 0.726562 0.652344 0.726562 0.656250 0.730469 0.660156 0.730469 0.664062 0.734375 0.679688 0.734375 0.683594 0.730469 0.683594 0.726562 0.687500 0.722656 0.699219 0.722656 0.703125 0.718750 0.703125 0.707031 0.691406 0.695312 0.691406 0.691406 0.671875 0.671875 0.671875 0.667969 0.664062 0.660156 0.660156 0.660156 0.656250 0.656250 0.656250 0.652344 0.652344 0.652344 0.648438 0.648438 0.644531 0.648438 0.636719 0.640625 0.636719 0.636719 0.632812 0.636719 0.628906 0.632812 0.628906 0.628906 0.625000 0.628906 0.621094 0.625000 0.621094 0.621094 0.617188 0.617188 0.617188 0.613281 0.609375 0.605469 0.609375 0.601562 0.605469 0.597656 0.605469 0.593750 0.601562 0.593750 0.597656 0.589844 0.597656 0.585938 0.582031 0.570312 0.582031 0.566406 0.578125 0.566406 0.574219 0.562500 0.574219 0.554688 0.570312 0.550781 0.570312 0.535156 0.558594 0.535156 0.554688 0.531250 0.550781 0.531250 0.542969 0.523438 0.535156 0.523438 0.515625 0.503906 0.515625 0.500000 0.507812 0.492188
1 0.417969 0.492188 0.417969 0.500000 0.414062 0.503906 0.398438 0.503906 0.398438 0.511719 0.414062 0.511719 0.414062 0.503906 0.417969 0.500000 0.429688 0.500000 0.429688 0.492188
1 0.253906 0.406250 0.253906 0.421875 0.250000 0.425781 0.250000 0.441406 0.246094 0.445312 0.226562 0.445312 0.226562 0.453125 0.277344 0.453125 0.281250 0.457031 0.281250 0.464844 0.289062 0.464844 0.292969 0.468750 0.292969 0.472656 0.296875 0.472656 0.300781 0.476562 0.300781 0.480469 0.324219 0.480469 0.328125 0.484375 0.328125 0.488281 0.335938 0.488281 0.339844 0.492188 0.351562 0.492188 0.355469 0.496094 0.363281 0.496094 0.367188 0.492188 0.386719 0.492188 0.386719 0.476562 0.367188 0.476562 0.363281 0.472656 0.324219 0.472656 0.316406 0.464844 0.316406 0.460938 0.308594 0.460938 0.304688 0.457031 0.304688 0.441406 0.300781 0.437500 0.300781 0.421875 0.285156 0.421875 0.281250 0.417969 0.277344 0.417969 0.273438 0.414062 0.273438 0.410156 0.269531 0.406250
1 0.203125 0.386719 0.195312 0.394531 0.191406 0.394531 0.191406 0.410156 0.187500 0.414062 0.175781 0.414062 0.175781 0.421875 0.179688 0.425781 0.195312 0.425781 0.199219 0.429688 0.199219 0.433594 0.218750 0.433594 0.218750 0.425781 0.226562 0.417969 0.230469 0.417969 0.230469 0.394531 0.222656 0.394531 0.214844 0.386719
1 0.281250 0.339844 0.281250 0.347656 0.296875 0.347656 0.300781 0.351562 0.300781 0.355469 0.312500 0.355469 0.312500 0.347656 0.292969 0.347656 0.289062 0.343750 0.289062 0.339844
1 0.218750 0.316406 0.214844 0.320312 0.214844 0.328125 0.226562 0.339844 0.226562 0.363281 0.230469 0.367188 0.238281 0.367188 0.238281 0.363281 0.242188 0.359375 0.242188 0.351562 0.238281 0.347656 0.238281 0.324219 0.234375 0.324219 0.226562 0.316406
1 0.542969 0.296875 0.539062 0.300781 0.531250 0.300781 0.527344 0.304688 0.523438 0.304688 0.523438 0.320312 0.519531 0.324219 0.519531 0.332031 0.539062 0.332031 0.542969 0.335938 0.542969 0.355469 0.546875 0.355469 0.550781 0.359375 0.550781 0.378906 0.546875 0.382812 0.546875 0.433594 0.554688 0.441406 0.554688 0.445312 0.570312 0.445312 0.574219 0.441406 0.578125 0.441406 0.578125 0.402344 0.582031 0.398438 0.582031 0.390625 0.585938 0.386719 0.585938 0.378906 0.582031 0.375000 0.582031 0.359375 0.585938 0.355469 0.585938 0.343750 0.582031 0.343750 0.578125 0.339844 0.578125 0.335938 0.574219 0.332031 0.570312 0.332031 0.566406 0.328125 0.566406 0.312500 0.570312 0.308594 0.570312 0.296875
1 0.523438 0.238281 0.523438 0.250000 0.519531 0.253906 0.519531 0.269531 0.523438 0.273438 0.535156 0.273438 0.535156 0.242188 0.531250 0.238281
1 0.281250 0.222656 0.281250 0.234375 0.285156 0.234375 0.289062 0.238281 0.289062 0.246094 0.296875 0.246094 0.300781 0.250000 0.300781 0.257812 0.308594 0.265625 0.312500 0.265625 0.316406 0.269531 0.320312 0.269531 0.324219 0.273438 0.324219 0.285156 0.328125 0.289062 0.339844 0.289062 0.343750 0.292969 0.343750 0.308594 0.351562 0.308594 0.355469 0.312500 0.355469 0.316406 0.359375 0.320312 0.359375 0.335938 0.355469 0.339844 0.339844 0.339844 0.339844 0.343750 0.335938 0.347656 0.335938 0.382812 0.351562 0.382812 0.355469 0.386719 0.355469 0.394531 0.359375 0.394531 0.363281 0.398438 0.363281 0.414062 0.367188 0.417969 0.367188 0.433594 0.386719 0.433594 0.390625 0.437500 0.390625 0.453125 0.394531 0.457031 0.406250 0.457031 0.410156 0.453125 0.410156 0.449219 0.414062 0.445312 0.433594 0.445312 0.437500 0.449219 0.437500 0.453125 0.445312 0.453125 0.449219 0.457031 0.460938 0.457031 0.464844 0.460938 0.480469 0.460938 0.480469 0.453125 0.472656 0.445312 0.472656 0.441406 0.460938 0.429688 0.460938 0.425781 0.453125 0.417969 0.453125 0.414062 0.445312 0.406250 0.445312 0.402344 0.441406 0.398438 0.437500 0.398438 0.433594 0.394531 0.433594 0.390625 0.429688 0.386719 0.425781 0.386719 0.421875 0.382812 0.421875 0.378906 0.406250 0.363281 0.406250 0.347656 0.410156 0.343750 0.414062 0.343750 0.414062 0.332031 0.417969 0.328125 0.433594 0.328125 0.437500 0.332031 0.437500 0.335938 0.457031 0.335938 0.460938 0.332031 0.460938 0.328125 0.464844 0.324219 0.464844 0.312500 0.468750 0.308594 0.468750 0.296875 0.472656 0.292969 0.484375 0.292969 0.488281 0.289062 0.492188 0.289062 0.492188 0.277344 0.480469 0.277344 0.472656 0.285156 0.457031 0.285156 0.449219 0.292969 0.449219 0.300781 0.445312 0.304688 0.429688 0.304688 0.425781 0.300781 0.425781 0.292969 0.421875 0.289062 0.421875 0.281250 0.417969 0.281250 0.414062 0.277344 0.406250 0.277344 0.402344 0.273438 0.402344 0.257812 0.394531 0.250000 0.386719 0.250000 0.386719 0.253906 0.382812 0.257812 0.382812 0.273438 0.378906 0.277344 0.359375 0.277344 0.355469 0.273438 0.351562 0.273438 0.347656 0.269531 0.347656 0.238281 0.335938 0.238281 0.332031 0.242188 0.316406 0.242188 0.312500 0.238281 0.312500 0.222656
1 0.355469 0.218750 0.355469 0.230469 0.367188 0.230469 0.367188 0.222656 0.363281 0.218750
1 0.042969 0.210938 0.042969 0.214844 0.039062 0.218750 0.035156 0.218750 0.031250 0.222656 0.031250 0.230469 0.027344 0.234375 0.027344 0.250000 0.023438 0.253906 0.023438 0.316406 0.031250 0.316406 0.031250 0.300781 0.035156 0.296875 0.035156 0.281250 0.031250 0.277344 0.031250 0.250000 0.035156 0.246094 0.035156 0.234375 0.042969 0.226562 0.042969 0.222656 0.046875 0.218750 0.050781 0.218750 0.050781 0.210938
1 0.367188 0.144531 0.367188 0.152344 0.386719 0.152344 0.386719 0.144531
1 0.300781 0.136719 0.296875 0.140625 0.296875 0.164062 0.292969 0.167969 0.289062 0.167969 0.289062 0.183594 0.292969 0.183594 0.296875 0.187500 0.308594 0.187500 0.308594 0.175781 0.316406 0.167969 0.335938 0.167969 0.339844 0.171875 0.339844 0.191406 0.359375 0.191406 0.359375 0.183594 0.351562 0.183594 0.347656 0.179688 0.347656 0.160156 0.332031 0.160156 0.328125 0.156250 0.328125 0.148438 0.316406 0.148438 0.308594 0.140625 0.308594 0.136719
