1 0.785156 0.773438 0.785156 0.785156 0.792969 0.785156 0.796875 0.789062 0.796875 0.792969 0.804688 0.800781 0.808594 0.800781 0.812500 0.804688 0.812500 0.808594 0.820312 0.808594 0.820312 0.800781 0.816406 0.800781 0.812500 0.796875 0.812500 0.792969 0.804688 0.785156 0.800781 0.785156 0.796875 0.781250 0.796875 0.777344 0.792969 0.773438
1 0.347656 0.726562 0.347656 0.734375 0.355469 0.734375 0.355469 0.726562
1 0.835938 0.714844 0.832031 0.718750 0.804688 0.718750 0.804688 0.746094 0.820312 0.746094 0.835938 0.730469 0.847656 0.730469 0.855469 0.722656 0.855469 0.714844
1 0.699219 0.699219 0.699219 0.707031 0.703125 0.707031 0.707031 0.710938 0.707031 0.718750 0.710938 0.718750 0.714844 0.722656 0.718750 0.722656 0.722656 0.726562 0.722656 0.730469 0.726562 0.730469 0.730469 0.734375 0.730469 0.738281 0.734375 0.738281 0.738281 0.742188 0.738281 0.746094 0.742188 0.746094 0.750000 0.753906 0.753906 0.753906 0.757812 0.757812 0.765625 0.757812 0.765625 0.750000 0.761719 0.746094 0.761719 0.742188 0.753906 0.734375 0.753906 0.730469 0.742188 0.730469 0.726562 0.714844 0.722656 0.714844 0.718750 0.710938 0.710938 0.710938 0.707031 0.707031 0.707031 0.699219
1 0.667969 0.664062 0.667969 0.679688 0.671875 0.683594 0.675781 0.683594 0.679688 0.687500 0.691406 0.687500 0.691406 0.679688 0.683594 0.679688 0.679688 0.675781 0.679688 0.664062
1 0.781250 0.636719 0.781250 0.640625 0.773438 0.648438 0.773438 0.664062 0.777344 0.664062 0.781250 0.667969 0.800781 0.667969 0.804688 0.671875 0.812500 0.671875 0.812500 0.664062 0.808594 0.660156 0.808594 0.652344 0.800781 0.644531 0.800781 0.640625 0.792969 0.640625 0.789062 0.636719
1 0.230469 0.636719 0.230469 0.644531 0.226562 0.648438 0.218750 0.648438 0.218750 0.656250 0.214844 0.660156 0.210938 0.660156 0.210938 0.667969 0.203125 0.675781 0.187500 0.675781 0.183594 0.671875 0.175781 0.671875 0.175781 0.679688 0.167969 0.687500 0.167969 0.707031 0.171875 0.710938 0.171875 0.714844 0.179688 0.714844 0.183594 0.718750 0.183594 0.742188 0.191406 0.750000 0.191406 0.753906 0.195312 0.753906 0.199219 0.757812 0.199219 0.765625 0.203125 0.765625 0.207031 0.769531 0.230469 0.769531 0.234375 0.773438 0.234375 0.781250 0.242188 0.781250 0.246094 0.785156 0.246094 0.789062 0.257812 0.789062 0.261719 0.792969 0.265625 0.792969 0.269531 0.796875 0.269531 0.804688 0.273438 0.808594 0.285156 0.808594 0.289062 0.812500 0.292969 0.812500 0.296875 0.816406 0.312500 0.816406 0.312500 0.800781 0.308594 0.796875 0.304688 0.796875 0.300781 0.792969 0.296875 0.792969 0.292969 0.789062 0.292969 0.750000 0.296875 0.746094 0.304688 0.746094 0.304688 0.730469 0.308594 0.726562 0.320312 0.726562 0.320312 0.714844 0.316406 0.714844 0.312500 0.710938 0.304688 0.710938 0.300781 0.707031 0.281250 0.707031 0.281250 0.730469 0.277344 0.734375 0.273438 0.734375 0.273438 0.746094 0.269531 0.750000 0.261719 0.750000 0.257812 0.753906 0.253906 0.753906 0.253906 0.761719 0.250000 0.765625 0.226562 0.765625 0.222656 0.761719 0.222656 0.757812 0.218750 0.753906 0.218750 0.746094 0.214844 0.746094 0.203125 0.734375 0.203125 0.722656 0.195312 0.722656 0.191406 0.718750 0.191406 0.703125 0.195312 0.699219 0.195312 0.691406 0.199219 0.687500 0.214844 0.687500 0.214844 0.675781 0.218750 0.671875 0.222656 0.671875 0.230469 0.664062 0.230469 0.660156 0.234375 0.656250 0.242188 0.656250 0.242188 0.652344 0.246094 0.648438 0.246094 0.636719
1 0.117188 0.582031 0.113281 0.585938 0.113281 0.597656 0.128906 0.613281 0.132812 0.613281 0.140625 0.621094 0.140625 0.628906 0.144531 0.632812 0.156250 0.632812 0.160156 0.628906 0.164062 0.628906 0.164062 0.621094 0.160156 0.617188 0.160156 0.605469 0.156250 0.605469 0.148438 0.597656 0.144531 0.597656 0.128906 0.582031
1 0.355469 0.542969 0.355469 0.550781 0.367188 0.550781 0.367188 0.542969
1 0.335938 0.402344 0.335938 0.414062 0.343750 0.414062 0.343750 0.402344
1 0.812500 0.375000 0.812500 0.378906 0.808594 0.382812 0.789062 0.382812 0.789062 0.386719 0.785156 0.390625 0.785156 0.402344 0.792969 0.402344 0.796875 0.406250 0.796875 0.441406 0.820312 0.441406 0.824219 0.437500 0.839844 0.437500 0.839844 0.425781 0.835938 0.425781 0.832031 0.421875 0.812500 0.421875 0.808594 0.417969 0.808594 0.414062 0.804688 0.410156 0.804688 0.394531 0.808594 0.390625 0.824219 0.390625 0.828125 0.386719 0.828125 0.375000
1 0.324219 0.367188 0.324219 0.371094 0.316406 0.378906 0.316406 0.386719 0.332031 0.386719 0.332031 0.367188
1 0.488281 0.304688 0.488281 0.316406 0.500000 0.316406 0.503906 0.320312 0.503906 0.339844 0.500000 0.343750 0.496094 0.343750 0.488281 0.351562 0.488281 0.363281 0.492188 0.363281 0.500000 0.371094 0.503906 0.371094 0.507812 0.375000 0.507812 0.394531 0.503906 0.398438 0.488281 0.398438 0.488281 0.410156 0.484375 0.414062 0.480469 0.414062 0.476562 0.417969 0.476562 0.433594 0.472656 0.437500 0.457031 0.437500 0.453125 0.433594 0.453125 0.375000 0.449219 0.371094 0.449219 0.355469 0.453125 0.351562 0.457031 0.351562 0.457031 0.343750 0.460938 0.339844 0.464844 0.339844 0.464844 0.332031 0.460938 0.328125 0.445312 0.328125 0.441406 0.324219 0.441406 0.320312 0.429688 0.320312 0.429688 0.347656 0.425781 0.351562 0.410156 0.351562 0.406250 0.347656 0.406250 0.332031 0.394531 0.332031 0.394531 0.335938 0.390625 0.339844 0.378906 0.339844 0.378906 0.355469 0.375000 0.359375 0.375000 0.371094 0.367188 0.378906 0.359375 0.378906 0.359375 0.390625 0.371094 0.390625 0.375000 0.394531 0.386719 0.394531 0.390625 0.398438 0.390625 0.425781 0.398438 0.425781 0.406250 0.433594 0.406250 0.453125 0.402344 0.457031 0.382812 0.457031 0.382812 0.468750 0.378906 0.472656 0.359375 0.472656 0.359375 0.480469 0.351562 0.488281 0.332031 0.488281 0.328125 0.492188 0.328125 0.519531 0.335938 0.527344 0.335938 0.531250 0.351562 0.531250 0.351562 0.515625 0.355469 0.511719 0.355469 0.500000 0.359375 0.496094 0.363281 0.496094 0.363281 0.484375 0.367188 0.480469 0.367188 0.476562 0.371094 0.472656 0.386719 0.472656 0.390625 0.476562 0.394531 0.476562 0.398438 0.480469 0.406250 0.480469 0.410156 0.476562 0.414062 0.476562 0.417969 0.472656 0.425781 0.472656 0.433594 0.464844 0.433594 0.453125 0.437500 0.449219 0.453125 0.449219 0.468750 0.464844 0.468750 0.472656 0.472656 0.476562 0.476562 0.476562 0.480469 0.480469 0.500000 0.480469 0.503906 0.484375 0.515625 0.484375 0.515625 0.480469 0.519531 0.476562 0.531250 0.476562 0.531250 0.468750 0.535156 0.464844 0.550781 0.464844 0.554688 0.468750 0.554688 0.484375 0.550781 0.488281 0.546875 0.488281 0.546875 0.511719 0.550781 0.515625 0.550781 0.531250 0.554688 0.531250 0.566406 0.542969 0.566406 0.558594 0.562500 0.562500 0.558594 0.562500 0.550781 0.570312 0.550781 0.574219 0.546875 0.578125 0.531250 0.578125 0.523438 0.570312 0.523438 0.554688 0.519531 0.550781 0.519531 0.542969 0.515625 0.539062 0.515625 0.515625 0.511719 0.511719 0.488281 0.511719 0.484375 0.507812 0.484375 0.503906 0.476562 0.503906 0.476562 0.507812 0.472656 0.511719 0.468750 0.511719 0.464844 0.515625 0.441406 0.515625 0.441406 0.535156 0.437500 0.539062 0.437500 0.542969 0.433594 0.546875 0.421875 0.546875 0.417969 0.550781 0.410156 0.550781 0.410156 0.570312 0.406250 0.574219 0.390625 0.574219 0.390625 0.585938 0.386719 0.589844 0.386719 0.593750 0.382812 0.597656 0.363281 0.597656 0.363281 0.625000 0.359375 0.628906 0.355469 0.628906 0.351562 0.632812 0.351562 0.648438 0.355469 0.652344 0.359375 0.652344 0.363281 0.656250 0.363281 0.671875 0.359375 0.675781 0.359375 0.691406 0.363281 0.691406 0.367188 0.695312 0.367188 0.699219 0.371094 0.703125 0.371094 0.718750 0.378906 0.718750 0.382812 0.722656 0.382812 0.726562 0.386719 0.730469 0.386719 0.746094 0.394531 0.746094 0.398438 0.750000 0.398438 0.769531 0.394531 0.773438 0.390625 0.773438 0.390625 0.781250 0.394531 0.785156 0.394531 0.792969 0.398438 0.792969 0.406250 0.800781 0.406250 0.804688 0.449219 0.804688 0.453125 0.808594 0.453125 0.828125 0.449219 0.832031 0.433594 0.832031 0.433594 0.859375 0.429688 0.863281 0.414062 0.863281 0.410156 0.859375 0.410156 0.855469 0.398438 0.855469 0.394531 0.851562 0.386719 0.851562 0.386719 0.863281 0.390625 0.867188 0.394531 0.867188 0.406250 0.878906 0.414062 0.878906 0.417969 0.875000 0.457031 0.875000 0.460938 0.878906 0.484375 0.878906 0.492188 0.886719 0.531250 0.886719 0.531250 0.871094 0.535156 0.867188 0.539062 0.867188 0.542969 0.863281 0.542969 0.851562 0.519531 0.851562 0.515625 0.847656 0.507812 0.847656 0.503906 0.843750 0.503906 0.824219 0.507812 0.820312 0.554688 0.820312 0.562500 0.812500 0.566406 0.812500 0.566406 0.808594 0.570312 0.804688 0.570312 0.800781 0.574219 0.796875 0.578125 0.796875 0.578125 0.750000 0.582031 0.746094 0.582031 0.726562 0.585938 0.722656 0.585938 0.714844 0.593750 0.707031 0.593750 0.699219 0.605469 0.687500 0.609375 0.687500 0.609375 0.640625 0.613281 0.636719 0.632812 0.636719 0.636719 0.640625 0.648438 0.640625 0.648438 0.632812 0.652344 0.628906 0.671875 0.628906 0.675781 0.632812 0.675781 0.636719 0.683594 0.644531 0.683594 0.656250 0.699219 0.656250 0.703125 0.660156 0.703125 0.667969 0.738281 0.667969 0.738281 0.660156 0.726562 0.660156 0.722656 0.656250 0.722656 0.636719 0.726562 0.632812 0.726562 0.621094 0.718750 0.621094 0.714844 0.617188 0.714844 0.589844 0.710938 0.589844 0.707031 0.585938 0.707031 0.562500 0.703125 0.562500 0.691406 0.550781 0.683594 0.550781 0.679688 0.546875 0.679688 0.542969 0.675781 0.539062 0.675781 0.527344 0.671875 0.523438 0.667969 0.523438 0.664062 0.519531 0.664062 0.511719 0.660156 0.507812 0.648438 0.507812 0.640625 0.500000 0.640625 0.496094 0.636719 0.492188 0.636719 0.476562 0.640625 0.472656 0.644531 0.472656 0.648438 0.468750 0.664062 0.468750 0.667969 0.472656 0.671875 0.472656 0.675781 0.476562 0.683594 0.476562 0.687500 0.472656 0.699219 0.472656 0.699219 0.468750 0.703125 0.464844 0.707031 0.464844 0.707031 0.449219 0.699219 0.449219 0.691406 0.441406 0.691406 0.425781 0.695312 0.421875 0.699219 0.421875 0.703125 0.417969 0.703125 0.410156 0.699219 0.406250 0.699219 0.402344 0.687500 0.390625 0.687500 0.382812 0.671875 0.382812 0.667969 0.378906 0.660156 0.378906 0.652344 0.371094 0.652344 0.367188 0.640625 0.367188 0.636719 0.363281 0.636719 0.335938 0.621094 0.335938 0.617188 0.332031 0.613281 0.332031 0.605469 0.324219 0.597656 0.324219 0.597656 0.335938 0.589844 0.343750 0.574219 0.343750 0.574219 0.351562 0.582031 0.359375 0.582031 0.382812 0.585938 0.386719 0.585938 0.402344 0.582031 0.406250 0.578125 0.406250 0.578125 0.417969 0.574219 0.421875 0.546875 0.421875 0.542969 0.417969 0.542969 0.394531 0.546875 0.390625 0.550781 0.390625 0.550781 0.382812 0.542969 0.375000 0.542969 0.371094 0.539062 0.371094 0.535156 0.367188 0.535156 0.347656 0.539062 0.343750 0.539062 0.332031 0.535156 0.328125 0.507812 0.328125 0.503906 0.324219 0.503906 0.304688
1 0.722656 0.296875 0.722656 0.304688 0.718750 0.308594 0.714844 0.308594 0.714844 0.316406 0.730469 0.316406 0.734375 0.312500 0.734375 0.304688 0.730469 0.300781 0.730469 0.296875
1 0.472656 0.289062 0.472656 0.296875 0.480469 0.296875 0.480469 0.289062
1 0.488281 0.238281 0.488281 0.246094 0.496094 0.246094 0.496094 0.238281
1 0.542969 0.222656 0.539062 0.226562 0.523438 0.226562 0.519531 0.230469 0.519531 0.246094 0.523438 0.250000 0.523438 0.273438 0.519531 0.277344 0.515625 0.277344 0.515625 0.285156 0.523438 0.285156 0.527344 0.281250 0.542969 0.281250 0.542969 0.238281 0.546875 0.234375 0.550781 0.234375 0.550781 0.222656
1 0.484375 0.191406 0.484375 0.199219 0.492188 0.199219 0.492188 0.191406
1 0.613281 0.171875 0.609375 0.175781 0.597656 0.175781 0.593750 0.179688 0.589844 0.179688 0.589844 0.183594 0.585938 0.187500 0.570312 0.187500 0.566406 0.183594 0.558594 0.183594 0.558594 0.195312 0.589844 0.195312 0.593750 0.199219 0.597656 0.199219 0.601562 0.203125 0.601562 0.207031 0.621094 0.207031 0.625000 0.210938 0.625000 0.214844 0.628906 0.218750 0.664062 0.218750 0.667969 0.222656 0.671875 0.222656 0.679688 0.230469 0.679688 0.242188 0.687500 0.242188 0.695312 0.250000 0.695312 0.281250 0.710938 0.281250 0.710938 0.269531 0.707031 0.265625 0.707031 0.246094 0.703125 0.242188 0.703125 0.214844 0.707031 0.210938 0.707031 0.203125 0.703125 0.199219 0.703125 0.195312 0.675781 0.195312 0.667969 0.187500 0.667969 0.179688 0.660156 0.179688 0.656250 0.175781 0.628906 0.175781 0.625000 0.171875
1 0.636719 0.117188 0.636719 0.128906 0.640625 0.132812 0.640625 0.136719 0.648438 0.136719 0.652344 0.140625 0.675781 0.140625 0.679688 0.144531 0.695312 0.144531 0.699219 0.148438 0.699219 0.156250 0.703125 0.160156 0.707031 0.160156 0.710938 0.164062 0.710938 0.167969 0.714844 0.171875 0.722656 0.171875 0.726562 0.175781 0.726562 0.179688 0.730469 0.179688 0.734375 0.183594 0.746094 0.183594 0.750000 0.187500 0.757812 0.187500 0.761719 0.191406 0.761719 0.195312 0.765625 0.199219 0.765625 0.203125 0.769531 0.207031 0.769531 0.222656 0.773438 0.226562 0.773438 0.230469 0.781250 0.230469 0.789062 0.222656 0.789062 0.214844 0.792969 0.210938 0.796875 0.210938 0.796875 0.199219 0.789062 0.199219 0.785156 0.195312 0.785156 0.191406 0.765625 0.171875 0.757812 0.171875 0.746094 0.160156 0.734375 0.160156 0.726562 0.152344 0.718750 0.152344 0.714844 0.148438 0.714844 0.144531 0.710938 0.140625 0.695312 0.140625 0.691406 0.136719 0.691406 0.132812 0.687500 0.128906 0.667969 0.128906 0.664062 0.125000 0.656250 0.125000 0.652344 0.121094 0.648438 0.121094 0.644531 0.117188
1 0.429688 0.097656 0.425781 0.101562 0.410156 0.101562 0.410156 0.113281 0.414062 0.117188 0.414062 0.121094 0.429688 0.121094 0.429688 0.117188 0.433594 0.113281 0.433594 0.109375 0.437500 0.105469 0.460938 0.105469 0.464844 0.109375 0.496094 0.109375 0.500000 0.113281 0.500000 0.121094 0.503906 0.121094 0.507812 0.125000 0.519531 0.125000 0.519531 0.117188 0.515625 0.113281 0.515625 0.109375 0.484375 0.109375 0.480469 0.105469 0.480469 0.101562 0.464844 0.101562 0.460938 0.097656
