1 0.484375 0.851562 0.484375 0.875000 0.480469 0.878906 0.453125 0.878906 0.453125 0.902344 0.449219 0.906250 0.449219 0.910156 0.445312 0.914062 0.429688 0.914062 0.425781 0.910156 0.425781 0.906250 0.417969 0.906250 0.417969 0.910156 0.414062 0.914062 0.414062 0.941406 0.410156 0.945312 0.406250 0.945312 0.406250 0.949219 0.398438 0.957031 0.394531 0.957031 0.394531 0.968750 0.398438 0.972656 0.398438 0.976562 0.402344 0.980469 0.406250 0.980469 0.410156 0.984375 0.433594 0.984375 0.433594 0.968750 0.437500 0.964844 0.437500 0.957031 0.445312 0.949219 0.445312 0.933594 0.449219 0.929688 0.453125 0.929688 0.460938 0.921875 0.460938 0.914062 0.468750 0.906250 0.468750 0.902344 0.488281 0.882812 0.492188 0.882812 0.496094 0.878906 0.500000 0.878906 0.503906 0.875000 0.507812 0.875000 0.511719 0.871094 0.515625 0.871094 0.515625 0.863281 0.511719 0.863281 0.507812 0.859375 0.507812 0.855469 0.503906 0.851562
1 0.406250 0.820312 0.406250 0.828125 0.410156 0.828125 0.429688 0.847656 0.429688 0.851562 0.433594 0.855469 0.433594 0.863281 0.449219 0.863281 0.449219 0.855469 0.445312 0.851562 0.445312 0.839844 0.441406 0.839844 0.437500 0.835938 0.433594 0.835938 0.429688 0.832031 0.429688 0.828125 0.425781 0.824219 0.417969 0.824219 0.414062 0.820312
1 0.531250 0.769531 0.531250 0.792969 0.554688 0.792969 0.554688 0.769531
1 0.578125 0.757812 0.578125 0.765625 0.589844 0.765625 0.589844 0.757812
1 0.597656 0.738281 0.597656 0.746094 0.605469 0.746094 0.605469 0.738281
1 0.898438 0.601562 0.898438 0.609375 0.886719 0.621094 0.882812 0.621094 0.882812 0.625000 0.875000 0.632812 0.875000 0.636719 0.867188 0.644531 0.863281 0.644531 0.855469 0.652344 0.851562 0.652344 0.851562 0.656250 0.839844 0.667969 0.835938 0.667969 0.835938 0.679688 0.843750 0.679688 0.859375 0.664062 0.863281 0.664062 0.867188 0.660156 0.871094 0.660156 0.882812 0.648438 0.882812 0.644531 0.902344 0.625000 0.902344 0.613281 0.906250 0.609375 0.906250 0.601562
1 0.585938 0.578125 0.585938 0.585938 0.593750 0.585938 0.593750 0.578125
1 0.730469 0.542969 0.730469 0.550781 0.738281 0.550781 0.738281 0.542969
1 0.351562 0.496094 0.351562 0.503906 0.359375 0.503906 0.363281 0.507812 0.363281 0.523438 0.378906 0.523438 0.378906 0.503906 0.363281 0.503906 0.359375 0.500000 0.359375 0.496094
1 0.691406 0.484375 0.691406 0.492188 0.687500 0.496094 0.675781 0.496094 0.675781 0.531250 0.671875 0.535156 0.667969 0.535156 0.667969 0.542969 0.664062 0.546875 0.648438 0.546875 0.648438 0.554688 0.660156 0.554688 0.664062 0.558594 0.664062 0.578125 0.667969 0.582031 0.667969 0.597656 0.660156 0.605469 0.660156 0.617188 0.671875 0.617188 0.671875 0.593750 0.675781 0.589844 0.687500 0.589844 0.687500 0.582031 0.691406 0.578125 0.695312 0.578125 0.695312 0.562500 0.679688 0.562500 0.675781 0.558594 0.675781 0.527344 0.679688 0.523438 0.703125 0.523438 0.703125 0.511719 0.707031 0.507812 0.722656 0.507812 0.722656 0.492188 0.703125 0.492188 0.699219 0.488281 0.699219 0.484375
1 0.773438 0.476562 0.773438 0.480469 0.761719 0.492188 0.761719 0.500000 0.765625 0.503906 0.765625 0.519531 0.761719 0.523438 0.746094 0.523438 0.746094 0.531250 0.753906 0.531250 0.753906 0.527344 0.757812 0.523438 0.777344 0.523438 0.781250 0.519531 0.781250 0.511719 0.785156 0.507812 0.808594 0.507812 0.812500 0.503906 0.816406 0.503906 0.816406 0.500000 0.820312 0.496094 0.824219 0.496094 0.828125 0.492188 0.835938 0.492188 0.835938 0.484375 0.808594 0.484375 0.800781 0.476562
1 0.164062 0.382812 0.160156 0.386719 0.160156 0.398438 0.164062 0.398438 0.167969 0.402344 0.167969 0.406250 0.175781 0.406250 0.175781 0.398438 0.179688 0.394531 0.183594 0.394531 0.183594 0.382812
1 0.585938 0.335938 0.585938 0.343750 0.593750 0.343750 0.597656 0.347656 0.597656 0.351562 0.601562 0.355469 0.613281 0.355469 0.617188 0.351562 0.617188 0.343750 0.613281 0.343750 0.609375 0.339844 0.597656 0.339844 0.593750 0.335938
1 0.746094 0.332031 0.742188 0.335938 0.722656 0.335938 0.722656 0.343750 0.718750 0.347656 0.691406 0.347656 0.687500 0.351562 0.687500 0.359375 0.679688 0.367188 0.679688 0.378906 0.691406 0.378906 0.695312 0.375000 0.714844 0.375000 0.718750 0.378906 0.718750 0.398438 0.746094 0.398438 0.750000 0.402344 0.777344 0.402344 0.781250 0.398438 0.785156 0.398438 0.785156 0.386719 0.777344 0.386719 0.773438 0.382812 0.773438 0.375000 0.757812 0.375000 0.753906 0.371094 0.738281 0.371094 0.734375 0.367188 0.734375 0.343750 0.738281 0.339844 0.757812 0.339844 0.757812 0.332031
1 0.542969 0.300781 0.531250 0.312500 0.527344 0.312500 0.527344 0.316406 0.523438 0.320312 0.523438 0.328125 0.519531 0.332031 0.492188 0.332031 0.484375 0.324219 0.484375 0.316406 0.472656 0.316406 0.468750 0.320312 0.468750 0.328125 0.472656 0.332031 0.472656 0.359375 0.468750 0.363281 0.445312 0.363281 0.445312 0.386719 0.437500 0.394531 0.437500 0.417969 0.433594 0.421875 0.375000 0.421875 0.371094 0.417969 0.371094 0.402344 0.347656 0.402344 0.343750 0.398438 0.343750 0.390625 0.332031 0.390625 0.328125 0.386719 0.328125 0.382812 0.304688 0.382812 0.300781 0.378906 0.300781 0.355469 0.285156 0.355469 0.281250 0.351562 0.269531 0.351562 0.257812 0.339844 0.257812 0.320312 0.261719 0.316406 0.273438 0.316406 0.273438 0.304688 0.261719 0.304688 0.261719 0.316406 0.257812 0.320312 0.250000 0.320312 0.242188 0.328125 0.238281 0.328125 0.238281 0.355469 0.234375 0.359375 0.226562 0.359375 0.226562 0.378906 0.230469 0.382812 0.230469 0.386719 0.234375 0.386719 0.238281 0.390625 0.238281 0.406250 0.234375 0.410156 0.230469 0.410156 0.230469 0.421875 0.265625 0.421875 0.265625 0.414062 0.261719 0.410156 0.261719 0.394531 0.265625 0.390625 0.281250 0.390625 0.285156 0.394531 0.308594 0.394531 0.312500 0.398438 0.312500 0.410156 0.316406 0.414062 0.316406 0.425781 0.328125 0.425781 0.332031 0.429688 0.335938 0.429688 0.339844 0.433594 0.347656 0.433594 0.355469 0.441406 0.378906 0.441406 0.382812 0.445312 0.382812 0.449219 0.386719 0.453125 0.386719 0.496094 0.402344 0.496094 0.406250 0.500000 0.417969 0.500000 0.417969 0.445312 0.421875 0.441406 0.421875 0.433594 0.425781 0.429688 0.445312 0.429688 0.449219 0.433594 0.460938 0.433594 0.464844 0.429688 0.468750 0.429688 0.472656 0.425781 0.480469 0.425781 0.484375 0.421875 0.500000 0.421875 0.507812 0.429688 0.507812 0.437500 0.515625 0.437500 0.519531 0.441406 0.519531 0.476562 0.515625 0.480469 0.503906 0.480469 0.503906 0.503906 0.500000 0.507812 0.500000 0.511719 0.496094 0.515625 0.476562 0.515625 0.472656 0.511719 0.464844 0.511719 0.460938 0.515625 0.460938 0.523438 0.464844 0.523438 0.468750 0.527344 0.472656 0.527344 0.476562 0.531250 0.476562 0.546875 0.472656 0.550781 0.457031 0.550781 0.457031 0.562500 0.453125 0.566406 0.437500 0.566406 0.429688 0.574219 0.425781 0.574219 0.425781 0.582031 0.429688 0.585938 0.437500 0.585938 0.441406 0.589844 0.453125 0.589844 0.457031 0.593750 0.457031 0.609375 0.445312 0.621094 0.441406 0.621094 0.441406 0.628906 0.437500 0.632812 0.437500 0.656250 0.433594 0.660156 0.421875 0.660156 0.417969 0.664062 0.402344 0.664062 0.398438 0.660156 0.398438 0.656250 0.386719 0.656250 0.382812 0.652344 0.382812 0.640625 0.371094 0.640625 0.367188 0.636719 0.367188 0.632812 0.363281 0.628906 0.363281 0.621094 0.359375 0.621094 0.355469 0.617188 0.347656 0.617188 0.343750 0.613281 0.339844 0.613281 0.335938 0.609375 0.335938 0.593750 0.339844 0.589844 0.343750 0.589844 0.343750 0.578125 0.332031 0.578125 0.328125 0.574219 0.328125 0.570312 0.316406 0.570312 0.312500 0.574219 0.304688 0.574219 0.304688 0.582031 0.312500 0.589844 0.312500 0.593750 0.316406 0.597656 0.316406 0.601562 0.320312 0.601562 0.324219 0.605469 0.324219 0.613281 0.332031 0.621094 0.332031 0.636719 0.339844 0.636719 0.343750 0.640625 0.343750 0.644531 0.363281 0.644531 0.367188 0.648438 0.367188 0.652344 0.375000 0.652344 0.378906 0.656250 0.378906 0.671875 0.375000 0.675781 0.375000 0.683594 0.378906 0.683594 0.382812 0.687500 0.386719 0.687500 0.394531 0.695312 0.410156 0.695312 0.414062 0.699219 0.417969 0.699219 0.425781 0.707031 0.433594 0.707031 0.445312 0.718750 0.453125 0.718750 0.460938 0.710938 0.476562 0.710938 0.484375 0.718750 0.484375 0.746094 0.476562 0.753906 0.476562 0.773438 0.472656 0.777344 0.468750 0.777344 0.468750 0.800781 0.476562 0.800781 0.480469 0.796875 0.480469 0.792969 0.484375 0.789062 0.488281 0.789062 0.488281 0.761719 0.492188 0.757812 0.496094 0.757812 0.500000 0.753906 0.500000 0.750000 0.503906 0.746094 0.527344 0.746094 0.539062 0.734375 0.539062 0.726562 0.542969 0.722656 0.546875 0.722656 0.546875 0.714844 0.550781 0.710938 0.550781 0.703125 0.558594 0.695312 0.578125 0.695312 0.582031 0.691406 0.617188 0.691406 0.621094 0.695312 0.625000 0.695312 0.628906 0.699219 0.636719 0.699219 0.636719 0.691406 0.632812 0.691406 0.628906 0.687500 0.628906 0.683594 0.605469 0.683594 0.601562 0.679688 0.601562 0.656250 0.597656 0.652344 0.589844 0.652344 0.585938 0.648438 0.585938 0.644531 0.570312 0.644531 0.566406 0.648438 0.546875 0.648438 0.542969 0.644531 0.542969 0.597656 0.546875 0.593750 0.546875 0.585938 0.550781 0.582031 0.562500 0.582031 0.562500 0.570312 0.558594 0.566406 0.558594 0.558594 0.554688 0.558594 0.550781 0.554688 0.550781 0.531250 0.558594 0.523438 0.562500 0.523438 0.562500 0.500000 0.558594 0.496094 0.535156 0.496094 0.531250 0.492188 0.531250 0.464844 0.539062 0.457031 0.542969 0.457031 0.546875 0.453125 0.554688 0.453125 0.554688 0.449219 0.558594 0.445312 0.570312 0.445312 0.570312 0.441406 0.574219 0.437500 0.582031 0.437500 0.582031 0.433594 0.585938 0.429688 0.601562 0.429688 0.609375 0.421875 0.617188 0.421875 0.617188 0.417969 0.621094 0.414062 0.648438 0.414062 0.652344 0.410156 0.660156 0.410156 0.664062 0.406250 0.667969 0.406250 0.667969 0.402344 0.671875 0.398438 0.671875 0.390625 0.632812 0.390625 0.632812 0.394531 0.628906 0.398438 0.628906 0.406250 0.625000 0.410156 0.597656 0.410156 0.593750 0.414062 0.574219 0.414062 0.570312 0.417969 0.562500 0.417969 0.558594 0.421875 0.550781 0.421875 0.546875 0.425781 0.527344 0.425781 0.523438 0.421875 0.523438 0.363281 0.527344 0.359375 0.550781 0.359375 0.550781 0.339844 0.554688 0.335938 0.554688 0.320312 0.558594 0.316406 0.558594 0.308594 0.554688 0.308594 0.550781 0.304688 0.550781 0.300781
1 0.777344 0.292969 0.773438 0.296875 0.773438 0.304688 0.777344 0.308594 0.792969 0.308594 0.796875 0.312500 0.804688 0.312500 0.804688 0.300781 0.800781 0.300781 0.792969 0.292969
1 0.425781 0.253906 0.421875 0.257812 0.414062 0.257812 0.414062 0.261719 0.410156 0.265625 0.410156 0.269531 0.402344 0.277344 0.398438 0.277344 0.398438 0.300781 0.394531 0.304688 0.394531 0.312500 0.406250 0.312500 0.410156 0.308594 0.410156 0.304688 0.414062 0.300781 0.425781 0.300781 0.433594 0.292969 0.441406 0.292969 0.441406 0.285156 0.433594 0.277344 0.433594 0.253906
