1 0.039062 0.890625 0.039062 0.906250 0.042969 0.910156 0.042969 0.937500 0.050781 0.937500 0.054688 0.933594 0.062500 0.933594 0.066406 0.929688 0.066406 0.914062 0.070312 0.910156 0.070312 0.898438 0.050781 0.898438 0.046875 0.894531 0.046875 0.890625
1 0.074219 0.832031 0.074219 0.843750 0.070312 0.847656 0.070312 0.867188 0.078125 0.867188 0.078125 0.851562 0.082031 0.847656 0.082031 0.832031
1 0.554688 0.812500 0.554688 0.820312 0.562500 0.820312 0.562500 0.812500
1 0.601562 0.800781 0.601562 0.812500 0.613281 0.812500 0.613281 0.804688 0.609375 0.800781
1 0.539062 0.730469 0.535156 0.734375 0.531250 0.734375 0.531250 0.738281 0.527344 0.742188 0.523438 0.742188 0.523438 0.753906 0.527344 0.753906 0.531250 0.757812 0.531250 0.769531 0.535156 0.773438 0.542969 0.773438 0.546875 0.777344 0.550781 0.777344 0.554688 0.781250 0.562500 0.781250 0.566406 0.777344 0.570312 0.777344 0.570312 0.761719 0.562500 0.761719 0.558594 0.757812 0.558594 0.730469
1 0.113281 0.683594 0.109375 0.687500 0.109375 0.691406 0.101562 0.699219 0.101562 0.703125 0.097656 0.707031 0.097656 0.710938 0.093750 0.714844 0.093750 0.718750 0.089844 0.722656 0.089844 0.726562 0.085938 0.730469 0.085938 0.734375 0.082031 0.738281 0.082031 0.753906 0.078125 0.757812 0.074219 0.757812 0.074219 0.773438 0.070312 0.777344 0.070312 0.785156 0.078125 0.785156 0.082031 0.789062 0.089844 0.789062 0.089844 0.781250 0.093750 0.777344 0.097656 0.777344 0.097656 0.773438 0.101562 0.769531 0.101562 0.757812 0.097656 0.753906 0.097656 0.734375 0.101562 0.730469 0.101562 0.726562 0.105469 0.722656 0.105469 0.718750 0.109375 0.714844 0.109375 0.710938 0.113281 0.707031 0.113281 0.703125 0.117188 0.699219 0.117188 0.695312 0.121094 0.691406 0.121094 0.683594
1 0.449219 0.664062 0.449219 0.675781 0.445312 0.679688 0.425781 0.679688 0.425781 0.707031 0.421875 0.710938 0.421875 0.718750 0.425781 0.718750 0.429688 0.722656 0.445312 0.722656 0.445312 0.714844 0.441406 0.714844 0.437500 0.710938 0.437500 0.695312 0.441406 0.691406 0.453125 0.691406 0.453125 0.675781 0.457031 0.671875 0.457031 0.664062
1 0.722656 0.632812 0.722656 0.648438 0.734375 0.648438 0.734375 0.636719 0.730469 0.632812
1 0.417969 0.433594 0.417969 0.445312 0.433594 0.445312 0.437500 0.449219 0.445312 0.449219 0.449219 0.445312 0.457031 0.445312 0.457031 0.437500 0.445312 0.437500 0.441406 0.433594
1 0.285156 0.367188 0.285156 0.375000 0.292969 0.375000 0.292969 0.367188
1 0.464844 0.343750 0.460938 0.347656 0.457031 0.347656 0.457031 0.359375 0.460938 0.363281 0.480469 0.363281 0.484375 0.367188 0.503906 0.367188 0.503906 0.359375 0.492188 0.359375 0.484375 0.351562 0.480469 0.351562 0.472656 0.343750
1 0.847656 0.332031 0.847656 0.335938 0.843750 0.339844 0.843750 0.343750 0.839844 0.347656 0.835938 0.347656 0.832031 0.351562 0.832031 0.355469 0.828125 0.359375 0.820312 0.359375 0.816406 0.363281 0.816406 0.371094 0.824219 0.371094 0.828125 0.375000 0.832031 0.375000 0.839844 0.382812 0.839844 0.429688 0.835938 0.433594 0.820312 0.433594 0.820312 0.457031 0.828125 0.464844 0.828125 0.468750 0.832031 0.472656 0.832031 0.496094 0.828125 0.500000 0.820312 0.500000 0.816406 0.503906 0.812500 0.503906 0.812500 0.523438 0.816406 0.527344 0.816406 0.542969 0.812500 0.546875 0.812500 0.554688 0.820312 0.554688 0.824219 0.550781 0.824219 0.535156 0.828125 0.531250 0.828125 0.500000 0.832031 0.496094 0.843750 0.496094 0.843750 0.480469 0.847656 0.476562 0.851562 0.476562 0.851562 0.343750 0.855469 0.339844 0.855469 0.332031
1 0.718750 0.304688 0.718750 0.308594 0.714844 0.312500 0.691406 0.312500 0.687500 0.316406 0.683594 0.316406 0.679688 0.320312 0.652344 0.320312 0.648438 0.324219 0.644531 0.324219 0.644531 0.332031 0.640625 0.335938 0.640625 0.343750 0.632812 0.351562 0.617188 0.351562 0.613281 0.355469 0.597656 0.355469 0.593750 0.351562 0.585938 0.351562 0.585938 0.367188 0.582031 0.371094 0.554688 0.371094 0.550781 0.375000 0.523438 0.375000 0.523438 0.386719 0.515625 0.394531 0.511719 0.394531 0.511719 0.414062 0.519531 0.414062 0.523438 0.417969 0.527344 0.417969 0.531250 0.421875 0.531250 0.425781 0.535156 0.429688 0.539062 0.429688 0.542969 0.433594 0.550781 0.433594 0.554688 0.437500 0.554688 0.453125 0.558594 0.457031 0.558594 0.460938 0.566406 0.460938 0.570312 0.464844 0.570312 0.542969 0.566406 0.546875 0.546875 0.546875 0.546875 0.550781 0.539062 0.558594 0.515625 0.558594 0.511719 0.554688 0.500000 0.554688 0.496094 0.550781 0.496094 0.546875 0.480469 0.546875 0.468750 0.535156 0.425781 0.535156 0.421875 0.531250 0.410156 0.531250 0.410156 0.539062 0.406250 0.542969 0.394531 0.542969 0.390625 0.546875 0.339844 0.546875 0.335938 0.542969 0.335938 0.523438 0.339844 0.519531 0.347656 0.519531 0.359375 0.507812 0.363281 0.507812 0.363281 0.503906 0.367188 0.500000 0.371094 0.500000 0.375000 0.496094 0.375000 0.492188 0.378906 0.488281 0.386719 0.488281 0.386719 0.472656 0.382812 0.468750 0.382812 0.460938 0.378906 0.460938 0.371094 0.453125 0.371094 0.449219 0.363281 0.449219 0.363281 0.453125 0.359375 0.457031 0.347656 0.457031 0.347656 0.460938 0.343750 0.464844 0.339844 0.464844 0.332031 0.472656 0.328125 0.472656 0.328125 0.476562 0.324219 0.480469 0.300781 0.480469 0.296875 0.476562 0.296875 0.472656 0.289062 0.472656 0.281250 0.480469 0.281250 0.488281 0.273438 0.496094 0.269531 0.496094 0.269531 0.507812 0.265625 0.511719 0.246094 0.511719 0.246094 0.523438 0.238281 0.531250 0.234375 0.531250 0.234375 0.535156 0.230469 0.539062 0.203125 0.539062 0.203125 0.554688 0.199219 0.558594 0.199219 0.566406 0.203125 0.570312 0.203125 0.578125 0.210938 0.578125 0.214844 0.582031 0.214844 0.593750 0.222656 0.593750 0.222656 0.589844 0.226562 0.585938 0.230469 0.585938 0.234375 0.582031 0.250000 0.582031 0.253906 0.585938 0.261719 0.585938 0.265625 0.582031 0.269531 0.582031 0.273438 0.578125 0.277344 0.578125 0.281250 0.574219 0.308594 0.574219 0.312500 0.578125 0.312500 0.585938 0.328125 0.585938 0.332031 0.589844 0.339844 0.589844 0.339844 0.562500 0.343750 0.558594 0.382812 0.558594 0.386719 0.562500 0.390625 0.562500 0.394531 0.566406 0.394531 0.585938 0.398438 0.589844 0.410156 0.589844 0.417969 0.597656 0.429688 0.597656 0.433594 0.601562 0.437500 0.601562 0.441406 0.605469 0.476562 0.605469 0.480469 0.609375 0.480469 0.617188 0.500000 0.617188 0.500000 0.605469 0.503906 0.601562 0.523438 0.601562 0.527344 0.605469 0.535156 0.605469 0.539062 0.609375 0.539062 0.613281 0.593750 0.613281 0.597656 0.617188 0.605469 0.617188 0.605469 0.585938 0.609375 0.582031 0.636719 0.582031 0.640625 0.585938 0.640625 0.597656 0.644531 0.601562 0.644531 0.605469 0.648438 0.605469 0.652344 0.609375 0.652344 0.625000 0.648438 0.628906 0.628906 0.628906 0.628906 0.640625 0.625000 0.644531 0.621094 0.644531 0.621094 0.656250 0.625000 0.656250 0.628906 0.660156 0.640625 0.660156 0.644531 0.664062 0.644531 0.667969 0.664062 0.667969 0.667969 0.671875 0.675781 0.671875 0.675781 0.667969 0.679688 0.664062 0.687500 0.664062 0.687500 0.652344 0.679688 0.652344 0.675781 0.648438 0.675781 0.644531 0.671875 0.640625 0.671875 0.625000 0.675781 0.621094 0.695312 0.621094 0.699219 0.617188 0.703125 0.617188 0.703125 0.605469 0.699219 0.601562 0.695312 0.601562 0.691406 0.597656 0.691406 0.589844 0.687500 0.585938 0.687500 0.519531 0.675781 0.507812 0.671875 0.507812 0.664062 0.500000 0.664062 0.480469 0.660156 0.476562 0.652344 0.476562 0.648438 0.480469 0.648438 0.488281 0.644531 0.492188 0.617188 0.492188 0.613281 0.488281 0.613281 0.453125 0.617188 0.449219 0.648438 0.449219 0.648438 0.429688 0.652344 0.425781 0.691406 0.425781 0.695312 0.429688 0.695312 0.445312 0.714844 0.445312 0.718750 0.449219 0.718750 0.472656 0.726562 0.472656 0.730469 0.476562 0.742188 0.476562 0.742188 0.468750 0.738281 0.464844 0.738281 0.449219 0.734375 0.445312 0.734375 0.437500 0.718750 0.437500 0.714844 0.433594 0.714844 0.417969 0.718750 0.414062 0.734375 0.414062 0.738281 0.417969 0.738281 0.425781 0.746094 0.425781 0.750000 0.421875 0.765625 0.421875 0.769531 0.425781 0.769531 0.429688 0.777344 0.429688 0.777344 0.414062 0.781250 0.410156 0.781250 0.398438 0.785156 0.394531 0.785156 0.386719 0.781250 0.382812 0.781250 0.378906 0.773438 0.378906 0.769531 0.375000 0.769531 0.367188 0.765625 0.363281 0.750000 0.363281 0.746094 0.359375 0.746094 0.355469 0.738281 0.355469 0.734375 0.351562 0.726562 0.351562 0.722656 0.347656 0.722656 0.316406 0.726562 0.312500 0.726562 0.304688
1 0.308594 0.304688 0.308594 0.332031 0.316406 0.332031 0.320312 0.328125 0.343750 0.328125 0.343750 0.320312 0.320312 0.320312 0.316406 0.316406 0.316406 0.304688
1 0.167969 0.296875 0.167969 0.300781 0.164062 0.304688 0.164062 0.308594 0.156250 0.316406 0.156250 0.320312 0.148438 0.328125 0.148438 0.332031 0.144531 0.335938 0.144531 0.347656 0.140625 0.351562 0.140625 0.355469 0.136719 0.359375 0.136719 0.382812 0.132812 0.386719 0.132812 0.410156 0.128906 0.414062 0.125000 0.414062 0.125000 0.437500 0.140625 0.437500 0.140625 0.406250 0.144531 0.402344 0.144531 0.398438 0.148438 0.394531 0.148438 0.382812 0.152344 0.378906 0.152344 0.351562 0.160156 0.343750 0.160156 0.332031 0.167969 0.324219 0.171875 0.324219 0.171875 0.316406 0.175781 0.312500 0.175781 0.296875
1 0.597656 0.226562 0.597656 0.234375 0.601562 0.238281 0.601562 0.242188 0.609375 0.242188 0.609375 0.234375 0.605469 0.230469 0.605469 0.226562
1 0.527344 0.222656 0.527344 0.234375 0.523438 0.238281 0.519531 0.238281 0.519531 0.261719 0.515625 0.265625 0.511719 0.265625 0.511719 0.285156 0.507812 0.289062 0.488281 0.289062 0.484375 0.292969 0.468750 0.292969 0.468750 0.300781 0.496094 0.300781 0.500000 0.304688 0.500000 0.316406 0.503906 0.320312 0.503906 0.324219 0.507812 0.328125 0.515625 0.328125 0.519531 0.324219 0.531250 0.324219 0.531250 0.312500 0.523438 0.304688 0.523438 0.285156 0.527344 0.281250 0.554688 0.281250 0.562500 0.273438 0.562500 0.250000 0.566406 0.246094 0.566406 0.226562 0.542969 0.226562 0.539062 0.222656
1 0.304688 0.183594 0.304688 0.195312 0.316406 0.195312 0.316406 0.183594
1 0.386719 0.175781 0.386719 0.183594 0.394531 0.183594 0.394531 0.175781
1 0.445312 0.167969 0.445312 0.175781 0.449219 0.179688 0.449219 0.195312 0.445312 0.199219 0.425781 0.199219 0.421875 0.195312 0.421875 0.191406 0.410156 0.191406 0.410156 0.214844 0.406250 0.218750 0.386719 0.218750 0.382812 0.214844 0.382812 0.207031 0.375000 0.207031 0.371094 0.210938 0.367188 0.210938 0.367188 0.222656 0.371094 0.226562 0.371094 0.265625 0.367188 0.269531 0.363281 0.269531 0.363281 0.273438 0.359375 0.277344 0.355469 0.277344 0.355469 0.285156 0.359375 0.289062 0.359375 0.292969 0.363281 0.292969 0.367188 0.296875 0.378906 0.296875 0.382812 0.300781 0.390625 0.300781 0.390625 0.296875 0.394531 0.292969 0.402344 0.292969 0.402344 0.281250 0.406250 0.277344 0.433594 0.277344 0.433594 0.269531 0.437500 0.265625 0.441406 0.265625 0.441406 0.257812 0.445312 0.253906 0.468750 0.253906 0.468750 0.246094 0.464844 0.242188 0.464844 0.226562 0.468750 0.222656 0.468750 0.214844 0.472656 0.210938 0.480469 0.210938 0.484375 0.207031 0.484375 0.195312 0.476562 0.195312 0.472656 0.191406 0.472656 0.187500 0.464844 0.179688 0.464844 0.175781 0.457031 0.167969
1 0.507812 0.164062 0.503906 0.167969 0.503906 0.175781 0.507812 0.179688 0.507812 0.183594 0.515625 0.183594 0.519531 0.187500 0.519531 0.195312 0.531250 0.195312 0.531250 0.191406 0.535156 0.187500 0.535156 0.179688 0.527344 0.179688 0.523438 0.175781 0.523438 0.167969 0.519531 0.164062
1 0.285156 0.156250 0.281250 0.160156 0.277344 0.160156 0.273438 0.164062 0.261719 0.164062 0.257812 0.167969 0.253906 0.167969 0.253906 0.171875 0.246094 0.179688 0.246094 0.191406 0.253906 0.191406 0.253906 0.187500 0.261719 0.179688 0.265625 0.179688 0.269531 0.175781 0.281250 0.175781 0.285156 0.171875 0.292969 0.171875 0.292969 0.156250
1 0.562500 0.125000 0.562500 0.128906 0.558594 0.132812 0.539062 0.132812 0.539062 0.144531 0.542969 0.144531 0.546875 0.148438 0.546875 0.160156 0.562500 0.160156 0.566406 0.164062 0.566406 0.179688 0.574219 0.179688 0.574219 0.164062 0.578125 0.160156 0.601562 0.160156 0.605469 0.164062 0.605469 0.171875 0.609375 0.175781 0.609375 0.203125 0.621094 0.203125 0.621094 0.167969 0.625000 0.164062 0.656250 0.164062 0.660156 0.167969 0.660156 0.175781 0.667969 0.175781 0.667969 0.167969 0.664062 0.164062 0.664062 0.136719 0.667969 0.132812 0.667969 0.125000 0.648438 0.125000 0.644531 0.128906 0.628906 0.128906 0.628906 0.136719 0.625000 0.140625 0.625000 0.144531 0.621094 0.148438 0.597656 0.148438 0.593750 0.144531 0.593750 0.140625 0.582031 0.140625 0.578125 0.136719 0.578125 0.125000
1 0.320312 0.125000 0.312500 0.132812 0.308594 0.132812 0.304688 0.136719 0.304688 0.144531 0.312500 0.144531 0.316406 0.140625 0.328125 0.140625 0.328125 0.125000
1 0.652344 0.050781 0.648438 0.054688 0.480469 0.054688 0.468750 0.066406 0.437500 0.066406 0.433594 0.070312 0.421875 0.070312 0.421875 0.078125 0.425781 0.082031 0.441406 0.082031 0.445312 0.078125 0.453125 0.078125 0.460938 0.070312 0.500000 0.070312 0.503906 0.066406 0.542969 0.066406 0.546875 0.070312 0.558594 0.070312 0.562500 0.074219 0.566406 0.074219 0.570312 0.078125 0.570312 0.093750 0.582031 0.105469 0.582031 0.117188 0.625000 0.117188 0.625000 0.097656 0.628906 0.093750 0.632812 0.093750 0.632812 0.066406 0.636719 0.062500 0.640625 0.062500 0.644531 0.058594 0.671875 0.058594 0.671875 0.050781
1 0.703125 0.046875 0.703125 0.058594 0.707031 0.058594 0.710938 0.062500 0.722656 0.062500 0.726562 0.066406 0.738281 0.066406 0.742188 0.070312 0.746094 0.070312 0.753906 0.078125 0.757812 0.078125 0.761719 0.082031 0.769531 0.082031 0.773438 0.085938 0.773438 0.089844 0.777344 0.089844 0.781250 0.093750 0.785156 0.093750 0.792969 0.101562 0.792969 0.109375 0.800781 0.109375 0.804688 0.113281 0.804688 0.128906 0.808594 0.132812 0.812500 0.132812 0.816406 0.136719 0.816406 0.140625 0.820312 0.144531 0.824219 0.144531 0.828125 0.148438 0.828125 0.164062 0.824219 0.167969 0.804688 0.167969 0.804688 0.191406 0.808594 0.195312 0.816406 0.195312 0.816406 0.183594 0.820312 0.179688 0.835938 0.179688 0.839844 0.183594 0.843750 0.183594 0.847656 0.187500 0.855469 0.187500 0.855469 0.175781 0.851562 0.171875 0.851562 0.167969 0.847656 0.164062 0.847656 0.156250 0.843750 0.152344 0.843750 0.148438 0.839844 0.144531 0.839844 0.140625 0.835938 0.140625 0.832031 0.136719 0.832031 0.125000 0.816406 0.125000 0.812500 0.121094 0.812500 0.109375 0.808594 0.105469 0.808594 0.101562 0.804688 0.097656 0.804688 0.093750 0.800781 0.089844 0.796875 0.089844 0.792969 0.085938 0.792969 0.082031 0.789062 0.078125 0.777344 0.078125 0.773438 0.074219 0.769531 0.074219 0.765625 0.070312 0.761719 0.070312 0.753906 0.062500 0.750000 0.062500 0.746094 0.058594 0.738281 0.058594 0.734375 0.054688 0.722656 0.054688 0.714844 0.046875
