1 0.371094 0.851562 0.371094 0.859375 0.378906 0.859375 0.378906 0.851562
1 0.332031 0.843750 0.332031 0.851562 0.343750 0.851562 0.343750 0.843750
1 0.433594 0.800781 0.433594 0.816406 0.429688 0.820312 0.429688 0.828125 0.425781 0.832031 0.414062 0.832031 0.414062 0.839844 0.417969 0.843750 0.425781 0.843750 0.425781 0.835938 0.429688 0.832031 0.441406 0.832031 0.445312 0.828125 0.464844 0.828125 0.464844 0.820312 0.460938 0.816406 0.460938 0.808594 0.453125 0.808594 0.449219 0.804688 0.449219 0.800781
1 0.414062 0.789062 0.414062 0.796875 0.425781 0.796875 0.425781 0.789062
1 0.457031 0.710938 0.453125 0.714844 0.453125 0.718750 0.449219 0.722656 0.414062 0.722656 0.414062 0.730469 0.417969 0.730469 0.421875 0.734375 0.421875 0.746094 0.429688 0.753906 0.429688 0.757812 0.437500 0.757812 0.437500 0.753906 0.445312 0.746094 0.445312 0.742188 0.449219 0.738281 0.457031 0.738281 0.457031 0.734375 0.460938 0.730469 0.464844 0.730469 0.468750 0.726562 0.472656 0.726562 0.472656 0.718750 0.468750 0.714844 0.468750 0.710938
1 0.476562 0.636719 0.476562 0.648438 0.480469 0.652344 0.492188 0.652344 0.496094 0.648438 0.496094 0.640625 0.492188 0.636719
1 0.593750 0.628906 0.593750 0.636719 0.601562 0.636719 0.601562 0.628906
1 0.691406 0.617188 0.687500 0.621094 0.683594 0.621094 0.679688 0.625000 0.675781 0.625000 0.671875 0.628906 0.667969 0.628906 0.664062 0.632812 0.648438 0.632812 0.644531 0.628906 0.632812 0.628906 0.632812 0.640625 0.636719 0.640625 0.640625 0.644531 0.640625 0.648438 0.652344 0.648438 0.656250 0.652344 0.664062 0.652344 0.667969 0.656250 0.679688 0.656250 0.683594 0.652344 0.707031 0.652344 0.710938 0.648438 0.726562 0.648438 0.730469 0.652344 0.738281 0.652344 0.738281 0.636719 0.734375 0.636719 0.730469 0.632812 0.730469 0.628906 0.722656 0.628906 0.718750 0.625000 0.718750 0.621094 0.703125 0.621094 0.699219 0.617188
1 0.515625 0.558594 0.515625 0.570312 0.527344 0.570312 0.531250 0.574219 0.542969 0.574219 0.542969 0.566406 0.539062 0.562500 0.535156 0.562500 0.531250 0.558594
1 0.667969 0.445312 0.667969 0.457031 0.671875 0.460938 0.671875 0.464844 0.675781 0.464844 0.679688 0.468750 0.679688 0.503906 0.683594 0.503906 0.687500 0.507812 0.687500 0.523438 0.683594 0.527344 0.621094 0.527344 0.621094 0.539062 0.625000 0.542969 0.664062 0.542969 0.667969 0.546875 0.667969 0.554688 0.675781 0.554688 0.679688 0.550781 0.707031 0.550781 0.710938 0.546875 0.714844 0.546875 0.714844 0.542969 0.718750 0.539062 0.734375 0.539062 0.738281 0.535156 0.742188 0.535156 0.746094 0.531250 0.761719 0.531250 0.765625 0.527344 0.769531 0.527344 0.773438 0.523438 0.789062 0.523438 0.792969 0.519531 0.800781 0.519531 0.804688 0.515625 0.804688 0.496094 0.808594 0.492188 0.808594 0.484375 0.796875 0.484375 0.792969 0.488281 0.781250 0.488281 0.781250 0.496094 0.777344 0.500000 0.761719 0.500000 0.761719 0.511719 0.757812 0.515625 0.753906 0.515625 0.750000 0.519531 0.734375 0.519531 0.726562 0.511719 0.726562 0.507812 0.718750 0.507812 0.710938 0.500000 0.699219 0.500000 0.695312 0.496094 0.691406 0.496094 0.687500 0.492188 0.687500 0.476562 0.683594 0.472656 0.683594 0.445312
1 0.714844 0.410156 0.714844 0.425781 0.718750 0.425781 0.722656 0.429688 0.730469 0.429688 0.734375 0.425781 0.734375 0.414062 0.730469 0.410156
1 0.507812 0.300781 0.507812 0.304688 0.503906 0.308594 0.500000 0.308594 0.500000 0.316406 0.503906 0.320312 0.503906 0.347656 0.500000 0.351562 0.492188 0.351562 0.488281 0.355469 0.484375 0.355469 0.480469 0.359375 0.480469 0.386719 0.472656 0.394531 0.468750 0.394531 0.464844 0.398438 0.453125 0.398438 0.453125 0.402344 0.445312 0.410156 0.445312 0.433594 0.441406 0.437500 0.441406 0.445312 0.437500 0.449219 0.414062 0.449219 0.410156 0.445312 0.386719 0.445312 0.375000 0.433594 0.375000 0.417969 0.378906 0.414062 0.390625 0.414062 0.394531 0.410156 0.394531 0.398438 0.378906 0.398438 0.378906 0.410156 0.375000 0.414062 0.363281 0.414062 0.355469 0.421875 0.347656 0.421875 0.343750 0.425781 0.335938 0.425781 0.332031 0.429688 0.332031 0.433594 0.328125 0.437500 0.316406 0.437500 0.312500 0.441406 0.312500 0.449219 0.324219 0.449219 0.332031 0.457031 0.332031 0.484375 0.328125 0.488281 0.312500 0.488281 0.312500 0.496094 0.308594 0.500000 0.308594 0.511719 0.304688 0.515625 0.304688 0.523438 0.300781 0.527344 0.300781 0.531250 0.296875 0.535156 0.296875 0.546875 0.300781 0.550781 0.300781 0.566406 0.304688 0.570312 0.304688 0.593750 0.300781 0.597656 0.292969 0.597656 0.292969 0.605469 0.289062 0.609375 0.281250 0.609375 0.281250 0.613281 0.277344 0.617188 0.273438 0.617188 0.269531 0.621094 0.269531 0.636719 0.261719 0.644531 0.257812 0.644531 0.257812 0.656250 0.261719 0.656250 0.265625 0.660156 0.265625 0.675781 0.261719 0.679688 0.261719 0.703125 0.257812 0.707031 0.226562 0.707031 0.222656 0.703125 0.222656 0.687500 0.214844 0.687500 0.214844 0.722656 0.207031 0.730469 0.203125 0.730469 0.203125 0.757812 0.199219 0.761719 0.187500 0.761719 0.187500 0.769531 0.183594 0.773438 0.164062 0.773438 0.160156 0.769531 0.160156 0.753906 0.156250 0.750000 0.156250 0.742188 0.144531 0.742188 0.144531 0.753906 0.148438 0.753906 0.152344 0.757812 0.152344 0.777344 0.148438 0.781250 0.140625 0.781250 0.140625 0.792969 0.136719 0.796875 0.136719 0.800781 0.132812 0.804688 0.132812 0.812500 0.128906 0.816406 0.128906 0.828125 0.136719 0.828125 0.140625 0.832031 0.140625 0.835938 0.144531 0.835938 0.148438 0.839844 0.199219 0.839844 0.203125 0.843750 0.207031 0.843750 0.210938 0.847656 0.226562 0.847656 0.230469 0.851562 0.253906 0.851562 0.257812 0.855469 0.269531 0.855469 0.269531 0.843750 0.265625 0.843750 0.261719 0.839844 0.257812 0.839844 0.253906 0.835938 0.250000 0.835938 0.246094 0.832031 0.199219 0.832031 0.195312 0.828125 0.183594 0.828125 0.179688 0.832031 0.156250 0.832031 0.152344 0.828125 0.148438 0.828125 0.144531 0.824219 0.144531 0.800781 0.148438 0.796875 0.148438 0.792969 0.152344 0.789062 0.195312 0.789062 0.195312 0.785156 0.199219 0.781250 0.203125 0.781250 0.203125 0.777344 0.207031 0.773438 0.226562 0.773438 0.226562 0.769531 0.230469 0.765625 0.230469 0.761719 0.234375 0.757812 0.238281 0.757812 0.242188 0.753906 0.273438 0.753906 0.277344 0.750000 0.300781 0.750000 0.300781 0.742188 0.308594 0.734375 0.320312 0.734375 0.324219 0.730469 0.339844 0.730469 0.339844 0.722656 0.320312 0.722656 0.316406 0.718750 0.316406 0.699219 0.320312 0.695312 0.320312 0.691406 0.324219 0.687500 0.324219 0.683594 0.328125 0.679688 0.339844 0.679688 0.343750 0.675781 0.355469 0.675781 0.355469 0.652344 0.359375 0.648438 0.375000 0.648438 0.378906 0.644531 0.382812 0.644531 0.382812 0.632812 0.386719 0.628906 0.386719 0.621094 0.390625 0.617188 0.406250 0.617188 0.414062 0.625000 0.414062 0.628906 0.417969 0.632812 0.417969 0.636719 0.429688 0.636719 0.429688 0.617188 0.433594 0.613281 0.449219 0.613281 0.457031 0.621094 0.472656 0.621094 0.472656 0.609375 0.476562 0.605469 0.488281 0.605469 0.488281 0.597656 0.484375 0.593750 0.460938 0.593750 0.457031 0.589844 0.457031 0.578125 0.449219 0.578125 0.445312 0.574219 0.445312 0.554688 0.433594 0.554688 0.433594 0.562500 0.437500 0.562500 0.441406 0.566406 0.441406 0.585938 0.437500 0.589844 0.425781 0.589844 0.421875 0.593750 0.398438 0.593750 0.394531 0.589844 0.394531 0.585938 0.390625 0.582031 0.390625 0.574219 0.386719 0.570312 0.382812 0.570312 0.378906 0.566406 0.378906 0.542969 0.371094 0.542969 0.371094 0.546875 0.367188 0.550781 0.351562 0.550781 0.343750 0.542969 0.343750 0.531250 0.335938 0.523438 0.332031 0.523438 0.328125 0.519531 0.328125 0.496094 0.332031 0.492188 0.363281 0.492188 0.367188 0.488281 0.378906 0.488281 0.378906 0.476562 0.382812 0.472656 0.398438 0.472656 0.402344 0.468750 0.402344 0.464844 0.406250 0.460938 0.425781 0.460938 0.425781 0.453125 0.429688 0.449219 0.449219 0.449219 0.453125 0.453125 0.453125 0.457031 0.464844 0.457031 0.468750 0.453125 0.472656 0.453125 0.492188 0.433594 0.503906 0.433594 0.503906 0.425781 0.511719 0.417969 0.511719 0.414062 0.515625 0.410156 0.523438 0.410156 0.523438 0.398438 0.511719 0.398438 0.507812 0.394531 0.507812 0.371094 0.511719 0.367188 0.535156 0.367188 0.539062 0.363281 0.542969 0.363281 0.542969 0.359375 0.546875 0.355469 0.550781 0.355469 0.554688 0.351562 0.589844 0.351562 0.589844 0.335938 0.585938 0.332031 0.582031 0.332031 0.574219 0.324219 0.566406 0.324219 0.562500 0.320312 0.562500 0.308594 0.550781 0.308594 0.535156 0.324219 0.519531 0.324219 0.515625 0.320312 0.515625 0.300781
1 0.539062 0.265625 0.539062 0.273438 0.546875 0.273438 0.546875 0.265625
1 0.660156 0.250000 0.656250 0.253906 0.656250 0.261719 0.660156 0.265625 0.660156 0.273438 0.671875 0.273438 0.675781 0.277344 0.675781 0.300781 0.679688 0.304688 0.691406 0.304688 0.691406 0.289062 0.687500 0.289062 0.679688 0.281250 0.679688 0.257812 0.671875 0.257812 0.667969 0.253906 0.667969 0.250000
1 0.582031 0.195312 0.574219 0.203125 0.570312 0.203125 0.570312 0.207031 0.566406 0.210938 0.566406 0.222656 0.570312 0.222656 0.574219 0.226562 0.585938 0.226562 0.585938 0.222656 0.593750 0.214844 0.593750 0.195312
1 0.781250 0.191406 0.777344 0.195312 0.777344 0.203125 0.785156 0.203125 0.789062 0.199219 0.792969 0.199219 0.792969 0.191406
1 0.851562 0.171875 0.851562 0.183594 0.839844 0.195312 0.839844 0.214844 0.835938 0.218750 0.824219 0.218750 0.824219 0.222656 0.816406 0.230469 0.792969 0.230469 0.792969 0.242188 0.789062 0.246094 0.785156 0.246094 0.781250 0.250000 0.777344 0.250000 0.777344 0.261719 0.769531 0.269531 0.765625 0.269531 0.765625 0.273438 0.761719 0.277344 0.757812 0.277344 0.753906 0.281250 0.746094 0.281250 0.746094 0.300781 0.742188 0.304688 0.730469 0.304688 0.730469 0.332031 0.722656 0.339844 0.714844 0.339844 0.714844 0.343750 0.710938 0.347656 0.703125 0.347656 0.703125 0.351562 0.695312 0.359375 0.687500 0.359375 0.679688 0.367188 0.671875 0.367188 0.667969 0.371094 0.667969 0.375000 0.660156 0.382812 0.652344 0.382812 0.648438 0.386719 0.636719 0.386719 0.636719 0.390625 0.632812 0.394531 0.632812 0.402344 0.625000 0.410156 0.625000 0.414062 0.621094 0.417969 0.613281 0.417969 0.613281 0.425781 0.609375 0.429688 0.601562 0.429688 0.601562 0.433594 0.597656 0.437500 0.589844 0.437500 0.589844 0.441406 0.582031 0.449219 0.578125 0.449219 0.574219 0.453125 0.574219 0.460938 0.570312 0.464844 0.562500 0.464844 0.554688 0.472656 0.550781 0.472656 0.531250 0.492188 0.527344 0.492188 0.511719 0.507812 0.507812 0.507812 0.488281 0.527344 0.484375 0.527344 0.480469 0.531250 0.480469 0.542969 0.476562 0.546875 0.476562 0.550781 0.472656 0.554688 0.472656 0.566406 0.488281 0.566406 0.488281 0.558594 0.496094 0.550781 0.507812 0.550781 0.507812 0.523438 0.511719 0.519531 0.519531 0.519531 0.519531 0.515625 0.523438 0.511719 0.535156 0.511719 0.535156 0.503906 0.539062 0.500000 0.542969 0.500000 0.542969 0.496094 0.546875 0.492188 0.550781 0.492188 0.558594 0.484375 0.566406 0.484375 0.566406 0.476562 0.570312 0.472656 0.574219 0.472656 0.578125 0.468750 0.582031 0.468750 0.582031 0.464844 0.585938 0.460938 0.589844 0.460938 0.597656 0.453125 0.601562 0.453125 0.605469 0.449219 0.613281 0.449219 0.617188 0.445312 0.617188 0.441406 0.621094 0.437500 0.625000 0.437500 0.628906 0.433594 0.644531 0.433594 0.652344 0.441406 0.660156 0.441406 0.660156 0.410156 0.664062 0.406250 0.707031 0.406250 0.707031 0.378906 0.710938 0.375000 0.714844 0.375000 0.718750 0.371094 0.753906 0.371094 0.757812 0.375000 0.761719 0.375000 0.765625 0.378906 0.781250 0.378906 0.785156 0.382812 0.792969 0.382812 0.800781 0.390625 0.828125 0.390625 0.828125 0.378906 0.824219 0.375000 0.816406 0.375000 0.812500 0.371094 0.785156 0.371094 0.777344 0.363281 0.777344 0.324219 0.781250 0.320312 0.781250 0.292969 0.785156 0.289062 0.796875 0.289062 0.800781 0.285156 0.824219 0.285156 0.824219 0.277344 0.812500 0.277344 0.808594 0.273438 0.808594 0.250000 0.812500 0.246094 0.828125 0.246094 0.828125 0.242188 0.832031 0.238281 0.847656 0.238281 0.851562 0.234375 0.859375 0.234375 0.863281 0.230469 0.867188 0.230469 0.867188 0.222656 0.875000 0.214844 0.882812 0.214844 0.882812 0.210938 0.890625 0.203125 0.902344 0.203125 0.902344 0.195312 0.898438 0.191406 0.878906 0.191406 0.875000 0.187500 0.875000 0.175781 0.863281 0.175781 0.859375 0.171875
1 0.691406 0.164062 0.691406 0.199219 0.703125 0.199219 0.703125 0.179688 0.707031 0.175781 0.707031 0.164062
1 0.777344 0.148438 0.777344 0.156250 0.785156 0.156250 0.785156 0.148438
1 0.722656 0.101562 0.722656 0.117188 0.718750 0.121094 0.718750 0.136719 0.726562 0.136719 0.726562 0.125000 0.730469 0.121094 0.734375 0.121094 0.734375 0.113281 0.730469 0.109375 0.730469 0.101562
1 0.640625 0.042969 0.640625 0.050781 0.656250 0.050781 0.656250 0.042969
1 0.738281 0.000000 0.738281 0.007812 0.730469 0.015625 0.726562 0.015625 0.722656 0.019531 0.710938 0.019531 0.707031 0.023438 0.699219 0.023438 0.695312 0.027344 0.683594 0.027344 0.683594 0.035156 0.691406 0.035156 0.695312 0.039062 0.699219 0.039062 0.703125 0.042969 0.707031 0.042969 0.710938 0.046875 0.710938 0.050781 0.718750 0.050781 0.722656 0.046875 0.722656 0.035156 0.730469 0.027344 0.746094 0.027344 0.750000 0.023438 0.773438 0.023438 0.777344 0.027344 0.777344 0.039062 0.789062 0.039062 0.792969 0.035156 0.804688 0.035156 0.808594 0.031250 0.824219 0.031250 0.828125 0.035156 0.839844 0.035156 0.843750 0.031250 0.859375 0.031250 0.863281 0.035156 0.863281 0.039062 0.878906 0.039062 0.878906 0.031250 0.875000 0.027344 0.875000 0.019531 0.871094 0.015625 0.851562 0.015625 0.843750 0.007812 0.843750 0.000000
