1 0.371094 0.839844 0.367188 0.843750 0.351562 0.843750 0.351562 0.851562 0.359375 0.851562 0.363281 0.855469 0.386719 0.855469 0.390625 0.859375 0.402344 0.859375 0.402344 0.855469 0.406250 0.851562 0.406250 0.843750 0.402344 0.839844
1 0.281250 0.812500 0.281250 0.828125 0.289062 0.828125 0.292969 0.832031 0.292969 0.835938 0.304688 0.835938 0.312500 0.843750 0.312500 0.851562 0.320312 0.851562 0.320312 0.835938 0.316406 0.832031 0.316406 0.828125 0.312500 0.824219 0.300781 0.824219 0.296875 0.820312 0.296875 0.812500
1 0.742188 0.785156 0.742188 0.789062 0.738281 0.792969 0.722656 0.792969 0.722656 0.804688 0.730469 0.804688 0.730469 0.796875 0.734375 0.792969 0.750000 0.792969 0.750000 0.785156
1 0.601562 0.761719 0.601562 0.777344 0.605469 0.781250 0.605469 0.785156 0.613281 0.785156 0.613281 0.781250 0.617188 0.777344 0.625000 0.777344 0.625000 0.769531 0.617188 0.769531 0.609375 0.761719
1 0.191406 0.738281 0.191406 0.761719 0.187500 0.765625 0.187500 0.773438 0.203125 0.789062 0.207031 0.789062 0.214844 0.796875 0.218750 0.796875 0.226562 0.804688 0.246094 0.804688 0.246094 0.792969 0.250000 0.789062 0.257812 0.789062 0.257812 0.781250 0.253906 0.777344 0.253906 0.773438 0.250000 0.773438 0.246094 0.769531 0.218750 0.769531 0.210938 0.761719 0.210938 0.738281
1 0.792969 0.726562 0.785156 0.734375 0.785156 0.738281 0.781250 0.742188 0.777344 0.742188 0.773438 0.746094 0.769531 0.746094 0.765625 0.750000 0.765625 0.761719 0.761719 0.765625 0.753906 0.765625 0.753906 0.773438 0.761719 0.773438 0.761719 0.765625 0.765625 0.761719 0.773438 0.761719 0.777344 0.757812 0.781250 0.757812 0.789062 0.750000 0.796875 0.750000 0.800781 0.746094 0.800781 0.726562
1 0.640625 0.726562 0.636719 0.730469 0.636719 0.746094 0.644531 0.746094 0.648438 0.742188 0.648438 0.738281 0.652344 0.734375 0.652344 0.726562
1 0.164062 0.679688 0.160156 0.683594 0.160156 0.707031 0.167969 0.714844 0.175781 0.714844 0.183594 0.707031 0.195312 0.707031 0.195312 0.699219 0.187500 0.699219 0.183594 0.695312 0.183594 0.683594 0.175781 0.683594 0.171875 0.679688
1 0.667969 0.605469 0.664062 0.609375 0.656250 0.609375 0.656250 0.617188 0.648438 0.625000 0.648438 0.628906 0.644531 0.632812 0.644531 0.636719 0.640625 0.640625 0.632812 0.640625 0.625000 0.648438 0.625000 0.652344 0.621094 0.656250 0.621094 0.660156 0.609375 0.671875 0.605469 0.671875 0.593750 0.683594 0.593750 0.695312 0.605469 0.695312 0.605469 0.687500 0.613281 0.679688 0.625000 0.679688 0.632812 0.671875 0.640625 0.671875 0.640625 0.667969 0.644531 0.664062 0.652344 0.664062 0.652344 0.660156 0.656250 0.656250 0.656250 0.652344 0.667969 0.640625 0.671875 0.640625 0.671875 0.632812 0.675781 0.628906 0.675781 0.605469
1 0.507812 0.601562 0.507812 0.605469 0.503906 0.609375 0.503906 0.617188 0.500000 0.621094 0.484375 0.621094 0.480469 0.625000 0.476562 0.625000 0.472656 0.628906 0.468750 0.628906 0.468750 0.640625 0.492188 0.640625 0.500000 0.648438 0.500000 0.664062 0.503906 0.667969 0.503906 0.703125 0.507812 0.707031 0.507812 0.714844 0.511719 0.718750 0.511719 0.746094 0.515625 0.746094 0.519531 0.750000 0.519531 0.757812 0.523438 0.761719 0.523438 0.796875 0.519531 0.800781 0.515625 0.800781 0.507812 0.808594 0.507812 0.820312 0.503906 0.824219 0.464844 0.824219 0.464844 0.832031 0.468750 0.835938 0.468750 0.851562 0.464844 0.855469 0.449219 0.855469 0.445312 0.859375 0.441406 0.859375 0.441406 0.863281 0.437500 0.867188 0.437500 0.875000 0.445312 0.875000 0.449219 0.878906 0.468750 0.878906 0.468750 0.855469 0.472656 0.851562 0.492188 0.851562 0.496094 0.855469 0.500000 0.855469 0.503906 0.859375 0.507812 0.859375 0.511719 0.863281 0.527344 0.863281 0.531250 0.867188 0.531250 0.906250 0.527344 0.910156 0.523438 0.910156 0.523438 0.917969 0.527344 0.921875 0.531250 0.921875 0.535156 0.925781 0.535156 0.945312 0.539062 0.949219 0.542969 0.949219 0.546875 0.953125 0.546875 0.957031 0.554688 0.957031 0.558594 0.953125 0.562500 0.953125 0.562500 0.933594 0.550781 0.933594 0.546875 0.929688 0.546875 0.902344 0.550781 0.898438 0.562500 0.898438 0.566406 0.894531 0.578125 0.894531 0.578125 0.890625 0.582031 0.886719 0.589844 0.886719 0.593750 0.882812 0.601562 0.882812 0.605469 0.878906 0.609375 0.878906 0.613281 0.875000 0.625000 0.875000 0.625000 0.871094 0.628906 0.867188 0.632812 0.867188 0.640625 0.859375 0.644531 0.859375 0.652344 0.851562 0.656250 0.851562 0.660156 0.847656 0.660156 0.843750 0.664062 0.839844 0.675781 0.839844 0.679688 0.835938 0.687500 0.835938 0.691406 0.832031 0.691406 0.824219 0.695312 0.820312 0.707031 0.820312 0.710938 0.816406 0.710938 0.808594 0.703125 0.808594 0.699219 0.812500 0.699219 0.816406 0.695312 0.820312 0.675781 0.820312 0.671875 0.816406 0.671875 0.792969 0.652344 0.792969 0.652344 0.812500 0.644531 0.820312 0.640625 0.820312 0.632812 0.828125 0.632812 0.832031 0.628906 0.835938 0.625000 0.835938 0.617188 0.843750 0.597656 0.843750 0.597656 0.847656 0.589844 0.855469 0.574219 0.855469 0.570312 0.851562 0.570312 0.820312 0.574219 0.816406 0.574219 0.800781 0.558594 0.800781 0.550781 0.792969 0.542969 0.792969 0.535156 0.785156 0.535156 0.734375 0.531250 0.730469 0.531250 0.718750 0.527344 0.714844 0.527344 0.707031 0.523438 0.703125 0.523438 0.687500 0.519531 0.683594 0.519531 0.660156 0.515625 0.656250 0.515625 0.640625 0.519531 0.636719 0.519531 0.628906 0.515625 0.625000 0.515625 0.601562
1 0.328125 0.550781 0.328125 0.582031 0.351562 0.582031 0.355469 0.585938 0.355469 0.589844 0.359375 0.589844 0.363281 0.593750 0.367188 0.593750 0.371094 0.597656 0.371094 0.601562 0.375000 0.601562 0.378906 0.605469 0.398438 0.605469 0.402344 0.609375 0.402344 0.613281 0.410156 0.613281 0.410156 0.605469 0.394531 0.605469 0.390625 0.601562 0.390625 0.597656 0.382812 0.589844 0.378906 0.589844 0.363281 0.574219 0.359375 0.574219 0.355469 0.570312 0.339844 0.570312 0.335938 0.566406 0.335938 0.550781
1 0.691406 0.546875 0.691406 0.558594 0.699219 0.558594 0.699219 0.546875
1 0.304688 0.476562 0.304688 0.484375 0.300781 0.488281 0.300781 0.507812 0.296875 0.511719 0.296875 0.546875 0.292969 0.550781 0.292969 0.558594 0.300781 0.558594 0.300781 0.546875 0.304688 0.542969 0.316406 0.542969 0.316406 0.515625 0.312500 0.511719 0.312500 0.496094 0.316406 0.492188 0.316406 0.488281 0.320312 0.484375 0.320312 0.476562
1 0.070312 0.457031 0.070312 0.460938 0.066406 0.464844 0.054688 0.464844 0.054688 0.476562 0.066406 0.488281 0.070312 0.488281 0.078125 0.496094 0.078125 0.503906 0.085938 0.503906 0.089844 0.500000 0.089844 0.496094 0.093750 0.492188 0.105469 0.492188 0.105469 0.484375 0.093750 0.484375 0.089844 0.480469 0.089844 0.460938 0.085938 0.460938 0.082031 0.457031
1 0.703125 0.382812 0.703125 0.402344 0.699219 0.406250 0.695312 0.406250 0.695312 0.421875 0.691406 0.425781 0.691406 0.429688 0.687500 0.433594 0.687500 0.445312 0.683594 0.449219 0.683594 0.453125 0.679688 0.457031 0.675781 0.457031 0.671875 0.460938 0.667969 0.460938 0.667969 0.484375 0.664062 0.488281 0.664062 0.496094 0.683594 0.496094 0.687500 0.500000 0.687500 0.523438 0.699219 0.523438 0.699219 0.519531 0.703125 0.515625 0.703125 0.511719 0.707031 0.507812 0.707031 0.503906 0.710938 0.500000 0.710938 0.496094 0.714844 0.492188 0.718750 0.492188 0.722656 0.488281 0.726562 0.488281 0.726562 0.480469 0.738281 0.468750 0.738281 0.460938 0.734375 0.460938 0.730469 0.457031 0.730469 0.449219 0.726562 0.449219 0.722656 0.445312 0.722656 0.441406 0.710938 0.441406 0.707031 0.437500 0.707031 0.421875 0.710938 0.417969 0.710938 0.382812
1 0.296875 0.351562 0.296875 0.359375 0.300781 0.363281 0.300781 0.367188 0.304688 0.371094 0.304688 0.375000 0.316406 0.375000 0.320312 0.378906 0.320312 0.394531 0.316406 0.398438 0.308594 0.398438 0.308594 0.406250 0.332031 0.406250 0.335938 0.402344 0.343750 0.402344 0.351562 0.394531 0.351562 0.386719 0.343750 0.378906 0.320312 0.378906 0.316406 0.375000 0.316406 0.355469 0.312500 0.351562
1 0.742188 0.347656 0.738281 0.351562 0.730469 0.351562 0.726562 0.355469 0.726562 0.363281 0.750000 0.363281 0.753906 0.359375 0.753906 0.347656
1 0.453125 0.312500 0.453125 0.320312 0.460938 0.320312 0.460938 0.312500
1 0.722656 0.273438 0.722656 0.277344 0.718750 0.281250 0.714844 0.281250 0.714844 0.289062 0.710938 0.292969 0.707031 0.292969 0.703125 0.296875 0.675781 0.296875 0.675781 0.300781 0.671875 0.304688 0.660156 0.304688 0.660156 0.312500 0.656250 0.316406 0.656250 0.328125 0.652344 0.332031 0.644531 0.332031 0.625000 0.351562 0.625000 0.355469 0.621094 0.359375 0.597656 0.359375 0.593750 0.363281 0.589844 0.363281 0.589844 0.394531 0.585938 0.398438 0.585938 0.414062 0.597656 0.414062 0.597656 0.410156 0.601562 0.406250 0.617188 0.406250 0.621094 0.402344 0.625000 0.402344 0.625000 0.390625 0.636719 0.378906 0.636719 0.375000 0.640625 0.371094 0.652344 0.371094 0.656250 0.367188 0.656250 0.335938 0.660156 0.332031 0.664062 0.332031 0.667969 0.328125 0.667969 0.316406 0.675781 0.308594 0.695312 0.308594 0.699219 0.312500 0.699219 0.324219 0.710938 0.324219 0.714844 0.320312 0.746094 0.320312 0.746094 0.308594 0.742188 0.304688 0.742188 0.292969 0.734375 0.292969 0.730469 0.289062 0.730469 0.273438
1 0.117188 0.273438 0.109375 0.281250 0.109375 0.289062 0.105469 0.292969 0.101562 0.292969 0.101562 0.300781 0.097656 0.304688 0.089844 0.304688 0.082031 0.312500 0.082031 0.316406 0.078125 0.320312 0.078125 0.328125 0.082031 0.332031 0.082031 0.339844 0.093750 0.339844 0.097656 0.335938 0.101562 0.335938 0.101562 0.324219 0.105469 0.320312 0.105469 0.316406 0.109375 0.312500 0.121094 0.312500 0.121094 0.292969 0.125000 0.289062 0.125000 0.273438
1 0.464844 0.175781 0.460938 0.179688 0.460938 0.187500 0.464844 0.191406 0.464844 0.199219 0.468750 0.199219 0.472656 0.203125 0.472656 0.214844 0.476562 0.218750 0.476562 0.285156 0.472656 0.289062 0.472656 0.308594 0.480469 0.308594 0.484375 0.312500 0.484375 0.316406 0.488281 0.320312 0.488281 0.347656 0.484375 0.351562 0.484375 0.410156 0.476562 0.417969 0.476562 0.429688 0.480469 0.429688 0.484375 0.433594 0.484375 0.441406 0.488281 0.445312 0.488281 0.519531 0.492188 0.523438 0.492188 0.527344 0.496094 0.531250 0.496094 0.535156 0.500000 0.539062 0.500000 0.566406 0.503906 0.570312 0.503906 0.574219 0.511719 0.574219 0.511719 0.535156 0.507812 0.531250 0.507812 0.519531 0.503906 0.515625 0.503906 0.488281 0.500000 0.484375 0.500000 0.453125 0.492188 0.445312 0.492188 0.425781 0.496094 0.421875 0.496094 0.351562 0.503906 0.343750 0.503906 0.320312 0.500000 0.316406 0.500000 0.304688 0.496094 0.300781 0.496094 0.281250 0.492188 0.281250 0.488281 0.277344 0.488281 0.273438 0.484375 0.269531 0.484375 0.234375 0.488281 0.230469 0.492188 0.230469 0.496094 0.226562 0.500000 0.226562 0.500000 0.214844 0.503906 0.210938 0.535156 0.210938 0.550781 0.226562 0.558594 0.226562 0.558594 0.203125 0.554688 0.203125 0.546875 0.195312 0.535156 0.195312 0.527344 0.203125 0.500000 0.203125 0.496094 0.199219 0.496094 0.195312 0.492188 0.191406 0.488281 0.191406 0.472656 0.175781
1 0.816406 0.164062 0.816406 0.175781 0.824219 0.183594 0.824219 0.191406 0.828125 0.191406 0.832031 0.195312 0.832031 0.203125 0.835938 0.203125 0.839844 0.207031 0.839844 0.218750 0.843750 0.222656 0.843750 0.226562 0.847656 0.230469 0.847656 0.242188 0.851562 0.242188 0.855469 0.246094 0.855469 0.261719 0.851562 0.265625 0.851562 0.269531 0.847656 0.273438 0.847656 0.296875 0.843750 0.300781 0.843750 0.304688 0.839844 0.308594 0.839844 0.312500 0.835938 0.316406 0.832031 0.316406 0.832031 0.324219 0.828125 0.328125 0.828125 0.335938 0.824219 0.339844 0.820312 0.339844 0.820312 0.343750 0.816406 0.347656 0.800781 0.347656 0.796875 0.343750 0.796875 0.324219 0.792969 0.320312 0.792969 0.312500 0.785156 0.312500 0.781250 0.316406 0.781250 0.324219 0.792969 0.335938 0.792969 0.351562 0.789062 0.355469 0.785156 0.355469 0.785156 0.382812 0.781250 0.386719 0.753906 0.386719 0.750000 0.390625 0.746094 0.390625 0.746094 0.398438 0.738281 0.406250 0.734375 0.406250 0.734375 0.414062 0.765625 0.414062 0.769531 0.417969 0.812500 0.417969 0.820312 0.410156 0.824219 0.410156 0.824219 0.402344 0.828125 0.398438 0.832031 0.398438 0.832031 0.378906 0.843750 0.367188 0.843750 0.363281 0.851562 0.355469 0.867188 0.355469 0.875000 0.363281 0.875000 0.367188 0.878906 0.367188 0.890625 0.378906 0.890625 0.390625 0.894531 0.394531 0.894531 0.402344 0.902344 0.410156 0.902344 0.421875 0.906250 0.425781 0.906250 0.437500 0.910156 0.441406 0.910156 0.457031 0.906250 0.460938 0.906250 0.464844 0.902344 0.468750 0.902344 0.472656 0.898438 0.476562 0.898438 0.480469 0.894531 0.484375 0.878906 0.484375 0.878906 0.500000 0.890625 0.500000 0.894531 0.503906 0.894531 0.531250 0.902344 0.539062 0.902344 0.554688 0.898438 0.558594 0.898438 0.574219 0.894531 0.578125 0.894531 0.582031 0.890625 0.585938 0.890625 0.597656 0.886719 0.601562 0.886719 0.628906 0.882812 0.632812 0.882812 0.636719 0.878906 0.640625 0.875000 0.640625 0.875000 0.644531 0.871094 0.648438 0.871094 0.652344 0.867188 0.656250 0.863281 0.656250 0.855469 0.664062 0.847656 0.664062 0.847656 0.687500 0.843750 0.691406 0.824219 0.691406 0.824219 0.695312 0.820312 0.699219 0.820312 0.703125 0.816406 0.707031 0.808594 0.707031 0.808594 0.718750 0.839844 0.718750 0.839844 0.707031 0.851562 0.695312 0.855469 0.695312 0.859375 0.691406 0.867188 0.691406 0.871094 0.687500 0.875000 0.687500 0.878906 0.683594 0.878906 0.675781 0.882812 0.671875 0.882812 0.667969 0.886719 0.664062 0.890625 0.664062 0.898438 0.656250 0.898438 0.636719 0.902344 0.632812 0.902344 0.628906 0.906250 0.625000 0.906250 0.609375 0.910156 0.605469 0.910156 0.546875 0.914062 0.542969 0.914062 0.507812 0.917969 0.503906 0.917969 0.476562 0.925781 0.468750 0.925781 0.464844 0.929688 0.460938 0.929688 0.453125 0.925781 0.449219 0.925781 0.441406 0.921875 0.441406 0.917969 0.437500 0.917969 0.406250 0.910156 0.398438 0.910156 0.394531 0.906250 0.394531 0.902344 0.390625 0.902344 0.371094 0.898438 0.367188 0.898438 0.363281 0.890625 0.355469 0.886719 0.355469 0.878906 0.347656 0.871094 0.347656 0.867188 0.343750 0.867188 0.339844 0.863281 0.335938 0.863281 0.312500 0.867188 0.308594 0.871094 0.308594 0.871094 0.296875 0.875000 0.292969 0.882812 0.292969 0.882812 0.285156 0.878906 0.281250 0.878906 0.265625 0.871094 0.257812 0.871094 0.242188 0.867188 0.238281 0.867188 0.234375 0.863281 0.234375 0.855469 0.226562 0.855469 0.210938 0.851562 0.207031 0.851562 0.203125 0.843750 0.203125 0.839844 0.199219 0.839844 0.195312 0.835938 0.195312 0.832031 0.191406 0.832031 0.183594 0.828125 0.179688 0.828125 0.167969 0.824219 0.164062
1 0.289062 0.117188 0.285156 0.121094 0.281250 0.121094 0.277344 0.125000 0.273438 0.125000 0.269531 0.128906 0.269531 0.140625 0.277344 0.140625 0.281250 0.136719 0.312500 0.136719 0.320312 0.144531 0.328125 0.144531 0.335938 0.136719 0.335938 0.128906 0.332031 0.125000 0.328125 0.125000 0.324219 0.121094 0.320312 0.121094 0.316406 0.117188
1 0.394531 0.105469 0.390625 0.109375 0.371094 0.109375 0.371094 0.125000 0.367188 0.128906 0.367188 0.144531 0.371094 0.144531 0.375000 0.148438 0.375000 0.152344 0.378906 0.152344 0.382812 0.156250 0.390625 0.156250 0.390625 0.136719 0.394531 0.132812 0.394531 0.125000 0.398438 0.121094 0.417969 0.121094 0.417969 0.113281 0.414062 0.109375 0.414062 0.105469
1 0.679688 0.085938 0.679688 0.101562 0.667969 0.113281 0.660156 0.113281 0.656250 0.117188 0.652344 0.117188 0.652344 0.125000 0.648438 0.128906 0.648438 0.136719 0.652344 0.140625 0.656250 0.140625 0.660156 0.144531 0.660156 0.164062 0.667969 0.164062 0.671875 0.167969 0.671875 0.187500 0.683594 0.187500 0.683594 0.164062 0.687500 0.160156 0.707031 0.160156 0.710938 0.164062 0.710938 0.183594 0.746094 0.183594 0.746094 0.164062 0.750000 0.160156 0.750000 0.156250 0.753906 0.152344 0.792969 0.152344 0.800781 0.160156 0.808594 0.160156 0.808594 0.148438 0.800781 0.148438 0.792969 0.140625 0.792969 0.132812 0.785156 0.132812 0.781250 0.128906 0.773438 0.128906 0.769531 0.125000 0.750000 0.125000 0.742188 0.117188 0.742188 0.105469 0.734375 0.105469 0.730469 0.109375 0.710938 0.109375 0.707031 0.105469 0.703125 0.105469 0.695312 0.097656 0.691406 0.097656 0.687500 0.093750 0.687500 0.085938
1 0.628906 0.066406 0.628906 0.074219 0.632812 0.078125 0.644531 0.078125 0.648438 0.082031 0.648438 0.085938 0.656250 0.085938 0.656250 0.078125 0.652344 0.078125 0.648438 0.074219 0.648438 0.070312 0.644531 0.070312 0.640625 0.066406
1 0.503906 0.046875 0.503906 0.050781 0.500000 0.054688 0.476562 0.054688 0.472656 0.058594 0.449219 0.058594 0.437500 0.070312 0.437500 0.097656 0.453125 0.097656 0.457031 0.101562 0.457031 0.105469 0.460938 0.105469 0.464844 0.109375 0.464844 0.125000 0.460938 0.128906 0.460938 0.140625 0.468750 0.140625 0.468750 0.128906 0.472656 0.125000 0.472656 0.121094 0.476562 0.117188 0.476562 0.113281 0.480469 0.109375 0.488281 0.109375 0.488281 0.105469 0.492188 0.101562 0.503906 0.101562 0.507812 0.097656 0.527344 0.097656 0.531250 0.101562 0.531250 0.105469 0.535156 0.105469 0.539062 0.109375 0.539062 0.113281 0.554688 0.113281 0.554688 0.101562 0.546875 0.101562 0.539062 0.093750 0.539062 0.070312 0.546875 0.062500 0.558594 0.062500 0.558594 0.046875 0.550781 0.046875 0.550781 0.050781 0.546875 0.054688 0.527344 0.054688 0.523438 0.050781 0.523438 0.046875
