1 0.531250 0.847656 0.531250 0.859375 0.542969 0.859375 0.546875 0.855469 0.546875 0.847656
1 0.425781 0.812500 0.425781 0.824219 0.429688 0.824219 0.433594 0.828125 0.453125 0.828125 0.457031 0.832031 0.457031 0.839844 0.460938 0.839844 0.464844 0.843750 0.468750 0.843750 0.472656 0.847656 0.472656 0.851562 0.488281 0.851562 0.492188 0.847656 0.492188 0.839844 0.488281 0.835938 0.484375 0.835938 0.472656 0.824219 0.445312 0.824219 0.433594 0.812500
1 0.269531 0.808594 0.265625 0.812500 0.265625 0.816406 0.261719 0.820312 0.261719 0.828125 0.253906 0.835938 0.253906 0.847656 0.269531 0.847656 0.273438 0.851562 0.281250 0.851562 0.285156 0.847656 0.285156 0.843750 0.292969 0.835938 0.292969 0.832031 0.296875 0.828125 0.296875 0.820312 0.281250 0.820312 0.277344 0.816406 0.277344 0.808594
1 0.535156 0.789062 0.535156 0.792969 0.527344 0.800781 0.527344 0.816406 0.531250 0.816406 0.535156 0.820312 0.535156 0.824219 0.542969 0.824219 0.542969 0.816406 0.546875 0.812500 0.546875 0.808594 0.550781 0.804688 0.554688 0.804688 0.554688 0.796875 0.550781 0.792969 0.550781 0.789062
1 0.347656 0.757812 0.347656 0.761719 0.339844 0.769531 0.320312 0.769531 0.320312 0.781250 0.316406 0.785156 0.316406 0.792969 0.324219 0.792969 0.324219 0.789062 0.332031 0.781250 0.332031 0.777344 0.335938 0.773438 0.355469 0.773438 0.359375 0.777344 0.363281 0.777344 0.367188 0.781250 0.375000 0.781250 0.378906 0.785156 0.378906 0.796875 0.386719 0.804688 0.390625 0.804688 0.394531 0.808594 0.414062 0.808594 0.414062 0.792969 0.417969 0.789062 0.425781 0.789062 0.425781 0.781250 0.414062 0.769531 0.410156 0.769531 0.406250 0.765625 0.398438 0.765625 0.398438 0.777344 0.394531 0.781250 0.378906 0.781250 0.375000 0.777344 0.375000 0.773438 0.371094 0.769531 0.367188 0.769531 0.355469 0.757812
1 0.292969 0.722656 0.292969 0.742188 0.296875 0.742188 0.300781 0.746094 0.300781 0.757812 0.316406 0.757812 0.316406 0.750000 0.320312 0.746094 0.320312 0.742188 0.324219 0.738281 0.328125 0.738281 0.328125 0.730469 0.316406 0.730469 0.312500 0.726562 0.304688 0.726562 0.300781 0.722656
1 0.367188 0.664062 0.367188 0.667969 0.359375 0.675781 0.359375 0.683594 0.351562 0.691406 0.351562 0.695312 0.343750 0.703125 0.343750 0.710938 0.335938 0.718750 0.335938 0.726562 0.363281 0.726562 0.367188 0.730469 0.367188 0.734375 0.371094 0.734375 0.375000 0.738281 0.382812 0.738281 0.390625 0.730469 0.390625 0.722656 0.367188 0.722656 0.363281 0.718750 0.363281 0.699219 0.367188 0.695312 0.367188 0.691406 0.375000 0.683594 0.375000 0.679688 0.378906 0.675781 0.378906 0.667969 0.375000 0.664062
1 0.492188 0.539062 0.492188 0.550781 0.488281 0.554688 0.421875 0.554688 0.417969 0.550781 0.406250 0.550781 0.406250 0.578125 0.402344 0.582031 0.394531 0.582031 0.394531 0.585938 0.390625 0.589844 0.390625 0.597656 0.386719 0.601562 0.386719 0.609375 0.382812 0.613281 0.382812 0.628906 0.386719 0.632812 0.386719 0.640625 0.406250 0.640625 0.410156 0.636719 0.429688 0.636719 0.429688 0.628906 0.433594 0.625000 0.441406 0.625000 0.445312 0.621094 0.445312 0.593750 0.449219 0.589844 0.464844 0.589844 0.468750 0.593750 0.476562 0.593750 0.476562 0.589844 0.480469 0.585938 0.480469 0.562500 0.484375 0.558594 0.500000 0.558594 0.507812 0.550781 0.507812 0.539062
1 0.296875 0.511719 0.292969 0.515625 0.292969 0.523438 0.296875 0.527344 0.308594 0.527344 0.308594 0.515625 0.304688 0.511719
1 0.390625 0.500000 0.390625 0.511719 0.386719 0.515625 0.386719 0.523438 0.394531 0.523438 0.394531 0.511719 0.398438 0.507812 0.406250 0.507812 0.406250 0.500000
1 0.285156 0.464844 0.285156 0.468750 0.281250 0.472656 0.261719 0.472656 0.246094 0.488281 0.226562 0.488281 0.222656 0.484375 0.222656 0.480469 0.210938 0.480469 0.207031 0.484375 0.195312 0.484375 0.183594 0.496094 0.167969 0.496094 0.164062 0.492188 0.156250 0.492188 0.156250 0.503906 0.152344 0.507812 0.152344 0.515625 0.164062 0.515625 0.164062 0.507812 0.167969 0.503906 0.183594 0.503906 0.191406 0.511719 0.191406 0.527344 0.187500 0.531250 0.183594 0.531250 0.183594 0.570312 0.191406 0.570312 0.195312 0.574219 0.195312 0.589844 0.203125 0.589844 0.203125 0.582031 0.210938 0.574219 0.214844 0.574219 0.214844 0.539062 0.218750 0.535156 0.234375 0.535156 0.238281 0.539062 0.238281 0.546875 0.250000 0.546875 0.250000 0.539062 0.253906 0.535156 0.257812 0.535156 0.261719 0.531250 0.261719 0.519531 0.257812 0.515625 0.257812 0.496094 0.261719 0.492188 0.265625 0.492188 0.273438 0.484375 0.292969 0.484375 0.292969 0.464844
1 0.164062 0.449219 0.164062 0.464844 0.171875 0.464844 0.171875 0.449219
1 0.429688 0.445312 0.429688 0.453125 0.425781 0.457031 0.425781 0.480469 0.429688 0.480469 0.437500 0.488281 0.449219 0.488281 0.449219 0.457031 0.453125 0.453125 0.453125 0.445312
1 0.222656 0.414062 0.218750 0.417969 0.195312 0.417969 0.191406 0.421875 0.187500 0.421875 0.183594 0.425781 0.179688 0.425781 0.179688 0.437500 0.214844 0.437500 0.214844 0.425781 0.218750 0.421875 0.230469 0.421875 0.230469 0.414062
1 0.382812 0.261719 0.382812 0.289062 0.378906 0.292969 0.339844 0.292969 0.335938 0.296875 0.332031 0.296875 0.332031 0.304688 0.328125 0.308594 0.324219 0.308594 0.316406 0.316406 0.296875 0.316406 0.292969 0.320312 0.289062 0.320312 0.289062 0.328125 0.285156 0.332031 0.285156 0.339844 0.289062 0.343750 0.289062 0.359375 0.285156 0.363281 0.273438 0.363281 0.273438 0.371094 0.285156 0.371094 0.289062 0.375000 0.289062 0.378906 0.292969 0.378906 0.296875 0.382812 0.312500 0.382812 0.316406 0.386719 0.316406 0.398438 0.320312 0.402344 0.320312 0.406250 0.328125 0.406250 0.328125 0.390625 0.332031 0.386719 0.339844 0.386719 0.339844 0.378906 0.343750 0.375000 0.343750 0.367188 0.347656 0.363281 0.347656 0.359375 0.355469 0.351562 0.367188 0.351562 0.367188 0.316406 0.371094 0.312500 0.375000 0.312500 0.378906 0.308594 0.382812 0.308594 0.382812 0.289062 0.386719 0.285156 0.398438 0.285156 0.398438 0.269531 0.394531 0.265625 0.394531 0.261719
1 0.671875 0.183594 0.671875 0.199219 0.667969 0.203125 0.667969 0.207031 0.664062 0.210938 0.628906 0.210938 0.628906 0.234375 0.625000 0.238281 0.605469 0.238281 0.601562 0.234375 0.601562 0.214844 0.589844 0.214844 0.589844 0.238281 0.585938 0.242188 0.578125 0.242188 0.578125 0.253906 0.570312 0.261719 0.570312 0.265625 0.562500 0.273438 0.535156 0.273438 0.531250 0.269531 0.531250 0.265625 0.527344 0.261719 0.527344 0.246094 0.519531 0.246094 0.515625 0.242188 0.515625 0.234375 0.500000 0.234375 0.500000 0.246094 0.496094 0.250000 0.476562 0.250000 0.476562 0.257812 0.480469 0.261719 0.480469 0.269531 0.511719 0.269531 0.519531 0.277344 0.519531 0.296875 0.515625 0.300781 0.511719 0.300781 0.511719 0.308594 0.503906 0.316406 0.496094 0.316406 0.496094 0.320312 0.492188 0.324219 0.476562 0.324219 0.472656 0.320312 0.472656 0.300781 0.468750 0.300781 0.464844 0.296875 0.464844 0.292969 0.457031 0.292969 0.453125 0.296875 0.453125 0.312500 0.445312 0.320312 0.441406 0.320312 0.441406 0.335938 0.437500 0.339844 0.437500 0.343750 0.429688 0.351562 0.425781 0.351562 0.421875 0.355469 0.394531 0.355469 0.394531 0.363281 0.398438 0.363281 0.402344 0.367188 0.402344 0.375000 0.406250 0.378906 0.406250 0.398438 0.402344 0.402344 0.394531 0.402344 0.394531 0.406250 0.390625 0.410156 0.386719 0.410156 0.386719 0.425781 0.382812 0.429688 0.378906 0.429688 0.378906 0.437500 0.386719 0.437500 0.386719 0.433594 0.390625 0.429688 0.394531 0.429688 0.398438 0.425781 0.402344 0.425781 0.410156 0.417969 0.410156 0.414062 0.414062 0.410156 0.429688 0.410156 0.433594 0.414062 0.449219 0.414062 0.449219 0.394531 0.453125 0.390625 0.457031 0.390625 0.457031 0.378906 0.460938 0.375000 0.476562 0.375000 0.480469 0.378906 0.480469 0.402344 0.484375 0.402344 0.488281 0.406250 0.488281 0.417969 0.492188 0.417969 0.496094 0.421875 0.496094 0.425781 0.503906 0.425781 0.507812 0.421875 0.511719 0.421875 0.515625 0.417969 0.519531 0.417969 0.527344 0.410156 0.527344 0.378906 0.531250 0.375000 0.542969 0.375000 0.546875 0.371094 0.546875 0.355469 0.550781 0.351562 0.562500 0.351562 0.566406 0.347656 0.589844 0.347656 0.593750 0.343750 0.597656 0.343750 0.597656 0.339844 0.601562 0.335938 0.628906 0.335938 0.632812 0.339844 0.632812 0.351562 0.636719 0.355469 0.636719 0.359375 0.640625 0.363281 0.640625 0.386719 0.636719 0.390625 0.628906 0.390625 0.628906 0.406250 0.617188 0.417969 0.617188 0.421875 0.613281 0.425781 0.613281 0.441406 0.609375 0.445312 0.601562 0.445312 0.597656 0.449219 0.597656 0.476562 0.601562 0.480469 0.609375 0.480469 0.613281 0.484375 0.613281 0.515625 0.609375 0.519531 0.601562 0.519531 0.597656 0.523438 0.574219 0.523438 0.570312 0.519531 0.570312 0.496094 0.562500 0.496094 0.558594 0.500000 0.554688 0.500000 0.550781 0.503906 0.535156 0.503906 0.531250 0.500000 0.531250 0.492188 0.523438 0.492188 0.519531 0.488281 0.507812 0.488281 0.507812 0.496094 0.515625 0.503906 0.515625 0.523438 0.523438 0.523438 0.531250 0.515625 0.546875 0.515625 0.550781 0.511719 0.566406 0.511719 0.570312 0.515625 0.570312 0.535156 0.566406 0.539062 0.546875 0.539062 0.542969 0.542969 0.542969 0.558594 0.566406 0.558594 0.570312 0.562500 0.578125 0.562500 0.578125 0.558594 0.582031 0.554688 0.585938 0.554688 0.589844 0.550781 0.609375 0.550781 0.613281 0.554688 0.613281 0.574219 0.609375 0.578125 0.605469 0.578125 0.601562 0.582031 0.593750 0.582031 0.589844 0.585938 0.585938 0.585938 0.585938 0.589844 0.578125 0.597656 0.570312 0.597656 0.566406 0.601562 0.542969 0.601562 0.539062 0.597656 0.531250 0.597656 0.531250 0.605469 0.527344 0.609375 0.527344 0.617188 0.519531 0.625000 0.511719 0.625000 0.507812 0.628906 0.507812 0.660156 0.500000 0.667969 0.500000 0.671875 0.496094 0.675781 0.488281 0.675781 0.488281 0.691406 0.507812 0.691406 0.507812 0.679688 0.511719 0.675781 0.539062 0.675781 0.539062 0.660156 0.542969 0.656250 0.550781 0.656250 0.550781 0.652344 0.554688 0.648438 0.566406 0.648438 0.566406 0.636719 0.570312 0.632812 0.578125 0.632812 0.582031 0.628906 0.585938 0.628906 0.585938 0.621094 0.593750 0.613281 0.609375 0.613281 0.617188 0.621094 0.628906 0.621094 0.632812 0.617188 0.648438 0.617188 0.652344 0.621094 0.656250 0.621094 0.660156 0.625000 0.660156 0.636719 0.667969 0.636719 0.683594 0.652344 0.683594 0.679688 0.679688 0.683594 0.675781 0.683594 0.675781 0.691406 0.679688 0.695312 0.679688 0.699219 0.695312 0.699219 0.699219 0.703125 0.699219 0.730469 0.695312 0.734375 0.695312 0.742188 0.710938 0.742188 0.710938 0.738281 0.714844 0.734375 0.714844 0.730469 0.718750 0.726562 0.734375 0.726562 0.734375 0.714844 0.738281 0.710938 0.738281 0.707031 0.746094 0.699219 0.750000 0.699219 0.753906 0.695312 0.753906 0.687500 0.738281 0.687500 0.734375 0.683594 0.734375 0.664062 0.738281 0.660156 0.765625 0.660156 0.765625 0.648438 0.769531 0.644531 0.785156 0.644531 0.785156 0.632812 0.789062 0.628906 0.804688 0.628906 0.808594 0.632812 0.808594 0.636719 0.812500 0.640625 0.820312 0.640625 0.820312 0.621094 0.816406 0.617188 0.816406 0.585938 0.800781 0.585938 0.796875 0.582031 0.796875 0.566406 0.792969 0.566406 0.789062 0.562500 0.789062 0.542969 0.785156 0.542969 0.781250 0.539062 0.781250 0.531250 0.773438 0.531250 0.765625 0.523438 0.757812 0.523438 0.757812 0.539062 0.753906 0.542969 0.750000 0.542969 0.750000 0.546875 0.746094 0.550781 0.730469 0.550781 0.730469 0.554688 0.726562 0.558594 0.695312 0.558594 0.691406 0.554688 0.691406 0.539062 0.679688 0.539062 0.675781 0.535156 0.664062 0.535156 0.660156 0.531250 0.660156 0.515625 0.664062 0.511719 0.671875 0.511719 0.671875 0.492188 0.675781 0.488281 0.687500 0.488281 0.687500 0.464844 0.691406 0.460938 0.703125 0.460938 0.703125 0.445312 0.699219 0.445312 0.695312 0.441406 0.695312 0.437500 0.691406 0.437500 0.687500 0.433594 0.687500 0.414062 0.691406 0.410156 0.718750 0.410156 0.718750 0.398438 0.722656 0.394531 0.738281 0.394531 0.738281 0.375000 0.742188 0.371094 0.750000 0.371094 0.750000 0.367188 0.753906 0.363281 0.753906 0.355469 0.746094 0.355469 0.738281 0.347656 0.738281 0.328125 0.742188 0.324219 0.746094 0.324219 0.750000 0.320312 0.753906 0.320312 0.753906 0.316406 0.757812 0.312500 0.761719 0.312500 0.761719 0.308594 0.773438 0.296875 0.773438 0.281250 0.769531 0.277344 0.769531 0.273438 0.765625 0.273438 0.761719 0.269531 0.761719 0.265625 0.757812 0.261719 0.746094 0.261719 0.742188 0.257812 0.742188 0.253906 0.738281 0.253906 0.730469 0.246094 0.718750 0.246094 0.714844 0.242188 0.714844 0.203125 0.691406 0.203125 0.687500 0.199219 0.687500 0.187500 0.683594 0.183594
1 0.621094 0.175781 0.613281 0.183594 0.609375 0.183594 0.609375 0.187500 0.605469 0.191406 0.605469 0.199219 0.621094 0.199219 0.621094 0.191406 0.628906 0.183594 0.628906 0.175781
1 0.203125 0.128906 0.199219 0.132812 0.191406 0.132812 0.183594 0.140625 0.183594 0.152344 0.191406 0.152344 0.195312 0.156250 0.203125 0.156250 0.207031 0.152344 0.218750 0.152344 0.226562 0.144531 0.226562 0.128906
