1 0.335938 0.968750 0.332031 0.972656 0.320312 0.972656 0.316406 0.976562 0.316406 0.984375 0.320312 0.984375 0.324219 0.988281 0.324219 0.996094 0.339844 0.996094 0.339844 0.988281 0.343750 0.984375 0.351562 0.984375 0.351562 0.980469 0.355469 0.976562 0.355469 0.968750
1 0.328125 0.933594 0.328125 0.941406 0.335938 0.941406 0.335938 0.933594
1 0.570312 0.695312 0.570312 0.718750 0.566406 0.722656 0.496094 0.722656 0.492188 0.726562 0.464844 0.726562 0.464844 0.742188 0.468750 0.746094 0.468750 0.750000 0.492188 0.750000 0.496094 0.746094 0.500000 0.746094 0.503906 0.742188 0.519531 0.742188 0.523438 0.738281 0.535156 0.738281 0.542969 0.730469 0.574219 0.730469 0.578125 0.726562 0.582031 0.726562 0.585938 0.722656 0.589844 0.722656 0.593750 0.718750 0.601562 0.718750 0.601562 0.710938 0.585938 0.710938 0.582031 0.707031 0.582031 0.695312
1 0.425781 0.636719 0.425781 0.640625 0.421875 0.644531 0.421875 0.652344 0.410156 0.664062 0.406250 0.664062 0.406250 0.667969 0.402344 0.671875 0.402344 0.683594 0.398438 0.687500 0.398438 0.695312 0.394531 0.699219 0.375000 0.699219 0.375000 0.710938 0.382812 0.710938 0.382812 0.703125 0.386719 0.699219 0.406250 0.699219 0.417969 0.687500 0.421875 0.687500 0.421875 0.683594 0.429688 0.675781 0.429688 0.667969 0.433594 0.664062 0.445312 0.664062 0.445312 0.660156 0.449219 0.656250 0.457031 0.656250 0.457031 0.640625 0.437500 0.640625 0.433594 0.636719
1 0.335938 0.582031 0.335938 0.589844 0.343750 0.589844 0.343750 0.582031
1 0.210938 0.554688 0.210938 0.562500 0.218750 0.570312 0.222656 0.570312 0.230469 0.578125 0.230469 0.605469 0.238281 0.605469 0.238281 0.601562 0.246094 0.593750 0.253906 0.593750 0.253906 0.585938 0.238281 0.570312 0.238281 0.566406 0.234375 0.562500 0.234375 0.554688
1 0.296875 0.546875 0.296875 0.562500 0.304688 0.562500 0.304688 0.546875
1 0.328125 0.527344 0.328125 0.535156 0.332031 0.539062 0.332031 0.542969 0.335938 0.546875 0.335938 0.558594 0.343750 0.558594 0.343750 0.554688 0.347656 0.550781 0.371094 0.550781 0.371094 0.539062 0.363281 0.539062 0.359375 0.535156 0.351562 0.535156 0.347656 0.531250 0.347656 0.527344
1 0.566406 0.476562 0.562500 0.480469 0.562500 0.492188 0.570312 0.492188 0.574219 0.488281 0.578125 0.488281 0.582031 0.484375 0.582031 0.476562
1 0.527344 0.476562 0.527344 0.496094 0.523438 0.500000 0.503906 0.500000 0.500000 0.503906 0.484375 0.503906 0.480469 0.500000 0.468750 0.500000 0.464844 0.503906 0.437500 0.503906 0.437500 0.542969 0.433594 0.546875 0.433594 0.550781 0.429688 0.554688 0.429688 0.578125 0.425781 0.582031 0.421875 0.582031 0.421875 0.589844 0.417969 0.593750 0.417969 0.605469 0.414062 0.609375 0.414062 0.617188 0.421875 0.617188 0.421875 0.609375 0.425781 0.605469 0.429688 0.605469 0.429688 0.574219 0.433594 0.570312 0.437500 0.570312 0.437500 0.562500 0.441406 0.558594 0.441406 0.554688 0.445312 0.550781 0.453125 0.550781 0.453125 0.546875 0.457031 0.542969 0.457031 0.527344 0.460938 0.523438 0.539062 0.523438 0.539062 0.507812 0.542969 0.503906 0.542969 0.496094 0.539062 0.492188 0.539062 0.476562
1 0.292969 0.457031 0.292969 0.468750 0.296875 0.472656 0.300781 0.472656 0.304688 0.476562 0.304688 0.480469 0.308594 0.484375 0.308594 0.492188 0.316406 0.500000 0.328125 0.500000 0.328125 0.492188 0.332031 0.488281 0.332031 0.476562 0.328125 0.472656 0.316406 0.472656 0.312500 0.468750 0.308594 0.468750 0.304688 0.464844 0.304688 0.457031
1 0.812500 0.421875 0.812500 0.437500 0.824219 0.437500 0.828125 0.441406 0.835938 0.441406 0.839844 0.445312 0.847656 0.445312 0.851562 0.441406 0.878906 0.441406 0.878906 0.429688 0.863281 0.429688 0.863281 0.433594 0.859375 0.437500 0.839844 0.437500 0.835938 0.433594 0.835938 0.425781 0.828125 0.425781 0.824219 0.421875
1 0.898438 0.410156 0.898438 0.425781 0.910156 0.425781 0.910156 0.421875 0.914062 0.417969 0.914062 0.410156
1 0.234375 0.406250 0.234375 0.417969 0.250000 0.417969 0.253906 0.421875 0.261719 0.421875 0.269531 0.429688 0.269531 0.437500 0.273438 0.441406 0.281250 0.441406 0.281250 0.429688 0.277344 0.425781 0.277344 0.421875 0.273438 0.417969 0.273438 0.410156 0.261719 0.410156 0.257812 0.406250
1 0.734375 0.402344 0.730469 0.406250 0.726562 0.406250 0.722656 0.410156 0.718750 0.410156 0.714844 0.414062 0.710938 0.414062 0.710938 0.417969 0.707031 0.421875 0.699219 0.421875 0.695312 0.425781 0.691406 0.425781 0.687500 0.429688 0.671875 0.429688 0.667969 0.433594 0.648438 0.433594 0.644531 0.429688 0.644531 0.417969 0.632812 0.417969 0.628906 0.421875 0.628906 0.433594 0.644531 0.433594 0.648438 0.437500 0.648438 0.453125 0.652344 0.457031 0.652344 0.460938 0.656250 0.464844 0.656250 0.488281 0.644531 0.500000 0.640625 0.500000 0.640625 0.511719 0.636719 0.515625 0.636719 0.523438 0.648438 0.523438 0.652344 0.527344 0.652344 0.531250 0.656250 0.531250 0.660156 0.535156 0.660156 0.550781 0.656250 0.554688 0.656250 0.562500 0.671875 0.562500 0.675781 0.558594 0.679688 0.558594 0.679688 0.554688 0.683594 0.550781 0.710938 0.550781 0.714844 0.546875 0.714844 0.535156 0.718750 0.531250 0.718750 0.527344 0.722656 0.523438 0.722656 0.511719 0.718750 0.511719 0.714844 0.507812 0.714844 0.492188 0.718750 0.488281 0.726562 0.488281 0.726562 0.468750 0.730469 0.464844 0.730469 0.449219 0.734375 0.445312 0.746094 0.445312 0.750000 0.441406 0.753906 0.441406 0.753906 0.425781 0.746094 0.425781 0.742188 0.421875 0.742188 0.402344
1 0.566406 0.367188 0.558594 0.375000 0.558594 0.382812 0.566406 0.382812 0.570312 0.386719 0.570312 0.425781 0.566406 0.429688 0.554688 0.429688 0.554688 0.437500 0.558594 0.437500 0.562500 0.441406 0.562500 0.449219 0.570312 0.449219 0.574219 0.445312 0.593750 0.445312 0.597656 0.449219 0.597656 0.453125 0.605469 0.453125 0.609375 0.449219 0.609375 0.437500 0.589844 0.437500 0.578125 0.425781 0.578125 0.406250 0.582031 0.402344 0.582031 0.398438 0.585938 0.394531 0.589844 0.394531 0.589844 0.390625 0.593750 0.386719 0.593750 0.367188
1 0.609375 0.347656 0.605469 0.351562 0.605469 0.363281 0.621094 0.363281 0.628906 0.371094 0.628906 0.375000 0.640625 0.375000 0.644531 0.378906 0.644531 0.394531 0.652344 0.394531 0.652344 0.390625 0.656250 0.386719 0.656250 0.378906 0.652344 0.375000 0.652344 0.355469 0.648438 0.351562 0.632812 0.351562 0.628906 0.347656
1 0.453125 0.332031 0.453125 0.371094 0.457031 0.375000 0.457031 0.394531 0.453125 0.398438 0.453125 0.402344 0.449219 0.406250 0.449219 0.410156 0.437500 0.421875 0.421875 0.421875 0.417969 0.417969 0.410156 0.417969 0.406250 0.421875 0.398438 0.421875 0.398438 0.429688 0.402344 0.433594 0.433594 0.433594 0.437500 0.437500 0.437500 0.453125 0.449219 0.453125 0.449219 0.445312 0.453125 0.441406 0.460938 0.441406 0.460938 0.433594 0.468750 0.425781 0.468750 0.414062 0.472656 0.410156 0.472656 0.406250 0.476562 0.402344 0.496094 0.402344 0.496094 0.394531 0.492188 0.394531 0.488281 0.390625 0.488281 0.378906 0.484375 0.375000 0.484375 0.371094 0.480469 0.367188 0.480469 0.355469 0.476562 0.351562 0.476562 0.347656 0.472656 0.343750 0.468750 0.343750 0.464844 0.339844 0.464844 0.332031
1 0.707031 0.210938 0.707031 0.222656 0.710938 0.226562 0.710938 0.230469 0.734375 0.230469 0.734375 0.222656 0.726562 0.222656 0.722656 0.218750 0.722656 0.214844 0.718750 0.214844 0.714844 0.210938
1 0.628906 0.207031 0.628906 0.214844 0.625000 0.218750 0.601562 0.218750 0.593750 0.226562 0.593750 0.257812 0.589844 0.261719 0.582031 0.261719 0.578125 0.265625 0.550781 0.265625 0.550781 0.296875 0.542969 0.304688 0.515625 0.304688 0.515625 0.324219 0.523438 0.324219 0.527344 0.328125 0.558594 0.328125 0.570312 0.316406 0.570312 0.300781 0.574219 0.296875 0.582031 0.296875 0.582031 0.281250 0.585938 0.277344 0.609375 0.277344 0.613281 0.273438 0.613281 0.257812 0.617188 0.253906 0.628906 0.253906 0.632812 0.250000 0.660156 0.250000 0.660156 0.226562 0.656250 0.222656 0.656250 0.218750 0.652344 0.218750 0.648438 0.214844 0.648438 0.207031
1 0.906250 0.199219 0.906250 0.207031 0.910156 0.210938 0.910156 0.214844 0.917969 0.214844 0.925781 0.222656 0.925781 0.230469 0.937500 0.242188 0.937500 0.246094 0.941406 0.246094 0.945312 0.250000 0.945312 0.277344 0.957031 0.277344 0.960938 0.281250 0.960938 0.300781 0.957031 0.304688 0.937500 0.304688 0.937500 0.312500 0.945312 0.320312 0.945312 0.324219 0.953125 0.324219 0.953125 0.308594 0.957031 0.304688 0.988281 0.304688 0.992188 0.308594 0.992188 0.312500 0.996094 0.312500 0.996094 0.304688 0.988281 0.304688 0.984375 0.300781 0.984375 0.292969 0.980469 0.289062 0.980469 0.285156 0.976562 0.281250 0.960938 0.281250 0.957031 0.277344 0.957031 0.269531 0.953125 0.265625 0.949219 0.265625 0.945312 0.261719 0.945312 0.234375 0.929688 0.218750 0.929688 0.210938 0.917969 0.199219
1 0.242188 0.187500 0.242188 0.203125 0.246094 0.207031 0.246094 0.218750 0.250000 0.222656 0.250000 0.234375 0.257812 0.242188 0.257812 0.250000 0.261719 0.250000 0.265625 0.253906 0.265625 0.261719 0.269531 0.261719 0.273438 0.265625 0.273438 0.273438 0.277344 0.273438 0.281250 0.277344 0.281250 0.281250 0.296875 0.296875 0.296875 0.308594 0.304688 0.316406 0.308594 0.316406 0.316406 0.324219 0.316406 0.328125 0.324219 0.335938 0.328125 0.335938 0.332031 0.339844 0.339844 0.339844 0.339844 0.335938 0.343750 0.332031 0.343750 0.324219 0.339844 0.320312 0.339844 0.316406 0.335938 0.316406 0.328125 0.308594 0.328125 0.304688 0.324219 0.304688 0.320312 0.300781 0.312500 0.300781 0.308594 0.296875 0.308594 0.277344 0.304688 0.273438 0.304688 0.265625 0.300781 0.261719 0.296875 0.261719 0.292969 0.257812 0.292969 0.253906 0.285156 0.253906 0.281250 0.250000 0.277344 0.250000 0.273438 0.246094 0.273438 0.234375 0.269531 0.230469 0.269531 0.226562 0.265625 0.226562 0.261719 0.222656 0.257812 0.222656 0.253906 0.218750 0.253906 0.187500
1 0.882812 0.164062 0.882812 0.171875 0.886719 0.175781 0.894531 0.175781 0.894531 0.167969 0.890625 0.164062
1 0.832031 0.132812 0.832031 0.140625 0.847656 0.140625 0.851562 0.144531 0.851562 0.152344 0.867188 0.152344 0.867188 0.144531 0.863281 0.144531 0.859375 0.140625 0.843750 0.140625 0.839844 0.136719 0.839844 0.132812
1 0.531250 0.085938 0.527344 0.089844 0.523438 0.089844 0.519531 0.093750 0.511719 0.093750 0.511719 0.121094 0.507812 0.125000 0.503906 0.125000 0.503906 0.128906 0.500000 0.132812 0.496094 0.132812 0.492188 0.136719 0.488281 0.136719 0.488281 0.167969 0.484375 0.171875 0.468750 0.171875 0.468750 0.183594 0.476562 0.183594 0.480469 0.187500 0.500000 0.187500 0.503906 0.191406 0.503906 0.195312 0.507812 0.199219 0.507812 0.222656 0.503906 0.226562 0.492188 0.226562 0.488281 0.230469 0.464844 0.230469 0.460938 0.234375 0.441406 0.234375 0.441406 0.242188 0.445312 0.242188 0.449219 0.246094 0.449219 0.257812 0.468750 0.257812 0.472656 0.261719 0.472656 0.265625 0.480469 0.265625 0.484375 0.269531 0.484375 0.289062 0.500000 0.289062 0.503906 0.292969 0.511719 0.292969 0.511719 0.281250 0.519531 0.273438 0.519531 0.261719 0.523438 0.257812 0.527344 0.257812 0.527344 0.246094 0.531250 0.242188 0.535156 0.242188 0.535156 0.222656 0.539062 0.218750 0.546875 0.218750 0.546875 0.210938 0.542969 0.207031 0.539062 0.207031 0.535156 0.203125 0.535156 0.144531 0.539062 0.140625 0.539062 0.136719 0.542969 0.132812 0.542969 0.128906 0.546875 0.125000 0.554688 0.125000 0.558594 0.121094 0.566406 0.121094 0.570312 0.117188 0.570312 0.105469 0.566406 0.105469 0.562500 0.101562 0.562500 0.097656 0.554688 0.097656 0.546875 0.089844 0.542969 0.089844 0.539062 0.085938
1 0.347656 0.050781 0.343750 0.054688 0.328125 0.054688 0.324219 0.058594 0.320312 0.058594 0.320312 0.066406 0.328125 0.066406 0.332031 0.070312 0.332031 0.085938 0.335938 0.089844 0.347656 0.089844 0.351562 0.085938 0.355469 0.085938 0.355469 0.070312 0.359375 0.066406 0.367188 0.066406 0.371094 0.062500 0.375000 0.062500 0.378906 0.058594 0.378906 0.050781
