1 0.414062 0.765625 0.410156 0.769531 0.406250 0.769531 0.398438 0.777344 0.394531 0.777344 0.390625 0.781250 0.382812 0.781250 0.382812 0.792969 0.386719 0.796875 0.386719 0.828125 0.390625 0.828125 0.394531 0.832031 0.394531 0.851562 0.390625 0.855469 0.386719 0.855469 0.386719 0.886719 0.390625 0.890625 0.390625 0.925781 0.386719 0.929688 0.386719 0.964844 0.382812 0.968750 0.382812 0.996094 0.417969 0.996094 0.417969 0.984375 0.421875 0.980469 0.421875 0.949219 0.425781 0.945312 0.425781 0.925781 0.421875 0.921875 0.421875 0.906250 0.425781 0.902344 0.429688 0.902344 0.429688 0.890625 0.425781 0.890625 0.421875 0.886719 0.417969 0.886719 0.414062 0.882812 0.414062 0.867188 0.410156 0.863281 0.410156 0.792969 0.421875 0.781250 0.421875 0.765625
1 0.339844 0.625000 0.335938 0.628906 0.332031 0.628906 0.332031 0.640625 0.335938 0.640625 0.339844 0.644531 0.339844 0.648438 0.343750 0.648438 0.347656 0.652344 0.347656 0.664062 0.355469 0.671875 0.355469 0.675781 0.359375 0.679688 0.367188 0.679688 0.367188 0.660156 0.363281 0.660156 0.359375 0.656250 0.359375 0.652344 0.355469 0.648438 0.355469 0.636719 0.347656 0.628906 0.347656 0.625000
1 0.769531 0.546875 0.757812 0.558594 0.746094 0.558594 0.746094 0.570312 0.777344 0.570312 0.781250 0.566406 0.781250 0.550781 0.777344 0.546875
1 0.632812 0.464844 0.628906 0.468750 0.621094 0.468750 0.621094 0.472656 0.617188 0.476562 0.609375 0.476562 0.605469 0.480469 0.597656 0.480469 0.597656 0.492188 0.574219 0.515625 0.550781 0.515625 0.546875 0.519531 0.523438 0.519531 0.523438 0.523438 0.519531 0.527344 0.503906 0.527344 0.500000 0.531250 0.496094 0.531250 0.496094 0.535156 0.488281 0.542969 0.476562 0.542969 0.476562 0.550781 0.472656 0.554688 0.472656 0.578125 0.468750 0.582031 0.468750 0.597656 0.464844 0.601562 0.453125 0.601562 0.453125 0.605469 0.449219 0.609375 0.449219 0.636719 0.441406 0.644531 0.441406 0.667969 0.437500 0.671875 0.437500 0.679688 0.433594 0.683594 0.433594 0.691406 0.437500 0.695312 0.445312 0.695312 0.457031 0.683594 0.460938 0.683594 0.468750 0.675781 0.472656 0.675781 0.472656 0.671875 0.480469 0.664062 0.480469 0.656250 0.476562 0.652344 0.476562 0.632812 0.480469 0.628906 0.500000 0.628906 0.503906 0.625000 0.519531 0.625000 0.523438 0.628906 0.523438 0.648438 0.535156 0.648438 0.539062 0.652344 0.546875 0.652344 0.550781 0.656250 0.550781 0.671875 0.554688 0.675781 0.558594 0.675781 0.562500 0.679688 0.578125 0.679688 0.578125 0.675781 0.582031 0.671875 0.585938 0.671875 0.585938 0.664062 0.582031 0.660156 0.582031 0.640625 0.585938 0.636719 0.589844 0.636719 0.589844 0.632812 0.593750 0.628906 0.609375 0.628906 0.609375 0.621094 0.613281 0.617188 0.617188 0.617188 0.625000 0.609375 0.628906 0.609375 0.628906 0.601562 0.632812 0.597656 0.632812 0.578125 0.636719 0.574219 0.636719 0.570312 0.640625 0.566406 0.644531 0.566406 0.652344 0.558594 0.667969 0.558594 0.671875 0.562500 0.675781 0.562500 0.679688 0.566406 0.679688 0.578125 0.683594 0.578125 0.687500 0.582031 0.687500 0.589844 0.691406 0.593750 0.691406 0.605469 0.703125 0.605469 0.707031 0.601562 0.726562 0.601562 0.726562 0.585938 0.722656 0.582031 0.722656 0.558594 0.718750 0.554688 0.718750 0.539062 0.699219 0.539062 0.691406 0.531250 0.656250 0.531250 0.652344 0.527344 0.652344 0.511719 0.648438 0.507812 0.644531 0.507812 0.640625 0.503906 0.640625 0.484375 0.644531 0.480469 0.644531 0.468750 0.640625 0.464844
1 0.371094 0.449219 0.371094 0.468750 0.375000 0.472656 0.375000 0.476562 0.378906 0.476562 0.386719 0.484375 0.386719 0.488281 0.394531 0.496094 0.398438 0.496094 0.406250 0.503906 0.406250 0.507812 0.410156 0.511719 0.410156 0.515625 0.414062 0.515625 0.417969 0.519531 0.421875 0.519531 0.425781 0.523438 0.437500 0.523438 0.437500 0.500000 0.441406 0.496094 0.441406 0.492188 0.445312 0.488281 0.449219 0.488281 0.449219 0.480469 0.445312 0.476562 0.445312 0.472656 0.441406 0.472656 0.437500 0.468750 0.429688 0.468750 0.425781 0.464844 0.425781 0.457031 0.417969 0.457031 0.414062 0.453125 0.390625 0.453125 0.386719 0.449219
1 0.777344 0.406250 0.777344 0.417969 0.773438 0.421875 0.769531 0.421875 0.769531 0.437500 0.765625 0.441406 0.765625 0.445312 0.761719 0.449219 0.761719 0.457031 0.765625 0.457031 0.769531 0.460938 0.777344 0.460938 0.781250 0.457031 0.781250 0.453125 0.785156 0.449219 0.789062 0.449219 0.789062 0.441406 0.796875 0.433594 0.804688 0.433594 0.804688 0.421875 0.800781 0.421875 0.796875 0.417969 0.792969 0.417969 0.785156 0.410156 0.785156 0.406250
1 0.222656 0.398438 0.222656 0.402344 0.218750 0.406250 0.218750 0.414062 0.222656 0.414062 0.226562 0.417969 0.226562 0.433594 0.222656 0.437500 0.195312 0.437500 0.195312 0.445312 0.203125 0.453125 0.203125 0.460938 0.207031 0.464844 0.226562 0.464844 0.230469 0.468750 0.238281 0.468750 0.242188 0.464844 0.242188 0.453125 0.246094 0.449219 0.250000 0.449219 0.250000 0.441406 0.246094 0.441406 0.242188 0.437500 0.242188 0.425781 0.238281 0.421875 0.238281 0.406250 0.234375 0.406250 0.230469 0.402344 0.230469 0.398438
1 0.492188 0.363281 0.492188 0.429688 0.511719 0.429688 0.511719 0.425781 0.519531 0.417969 0.523438 0.417969 0.523438 0.402344 0.511719 0.402344 0.507812 0.398438 0.507812 0.375000 0.503906 0.375000 0.500000 0.371094 0.500000 0.363281
1 0.195312 0.320312 0.195312 0.324219 0.191406 0.328125 0.187500 0.328125 0.187500 0.335938 0.210938 0.335938 0.210938 0.332031 0.214844 0.328125 0.214844 0.320312
1 0.882812 0.277344 0.882812 0.300781 0.878906 0.304688 0.878906 0.320312 0.871094 0.328125 0.871094 0.339844 0.875000 0.343750 0.875000 0.347656 0.894531 0.347656 0.898438 0.351562 0.898438 0.359375 0.906250 0.359375 0.906250 0.351562 0.910156 0.347656 0.910156 0.304688 0.906250 0.300781 0.906250 0.292969 0.902344 0.289062 0.902344 0.277344
1 0.445312 0.273438 0.445312 0.285156 0.441406 0.289062 0.437500 0.289062 0.437500 0.296875 0.441406 0.296875 0.445312 0.300781 0.445312 0.312500 0.472656 0.312500 0.476562 0.316406 0.476562 0.320312 0.480469 0.324219 0.480469 0.328125 0.484375 0.332031 0.484375 0.335938 0.492188 0.335938 0.492188 0.320312 0.488281 0.316406 0.488281 0.300781 0.484375 0.296875 0.484375 0.273438 0.476562 0.273438 0.472656 0.277344 0.457031 0.277344 0.453125 0.273438
1 0.187500 0.257812 0.187500 0.261719 0.183594 0.265625 0.179688 0.265625 0.179688 0.273438 0.183594 0.273438 0.187500 0.277344 0.210938 0.277344 0.210938 0.269531 0.207031 0.269531 0.203125 0.265625 0.203125 0.257812
1 0.867188 0.250000 0.867188 0.261719 0.878906 0.261719 0.878906 0.253906 0.875000 0.250000
1 0.636719 0.218750 0.636719 0.238281 0.640625 0.242188 0.640625 0.273438 0.636719 0.277344 0.632812 0.277344 0.632812 0.285156 0.636719 0.289062 0.644531 0.289062 0.648438 0.285156 0.648438 0.269531 0.652344 0.265625 0.656250 0.265625 0.656250 0.230469 0.644531 0.218750
1 0.285156 0.207031 0.285156 0.214844 0.289062 0.218750 0.289062 0.222656 0.296875 0.222656 0.300781 0.226562 0.300781 0.234375 0.308594 0.242188 0.308594 0.269531 0.312500 0.273438 0.312500 0.292969 0.324219 0.292969 0.332031 0.285156 0.332031 0.277344 0.320312 0.277344 0.316406 0.273438 0.316406 0.246094 0.320312 0.242188 0.324219 0.242188 0.328125 0.238281 0.347656 0.238281 0.351562 0.242188 0.351562 0.246094 0.355469 0.250000 0.382812 0.250000 0.386719 0.253906 0.386719 0.277344 0.378906 0.285156 0.371094 0.285156 0.371094 0.292969 0.378906 0.300781 0.394531 0.300781 0.398438 0.304688 0.406250 0.304688 0.406250 0.261719 0.410156 0.257812 0.410156 0.253906 0.414062 0.250000 0.433594 0.250000 0.433594 0.238281 0.425781 0.238281 0.421875 0.234375 0.406250 0.234375 0.402344 0.230469 0.390625 0.230469 0.386719 0.234375 0.355469 0.234375 0.351562 0.238281 0.335938 0.238281 0.332031 0.234375 0.332031 0.230469 0.328125 0.230469 0.324219 0.226562 0.320312 0.226562 0.316406 0.222656 0.304688 0.222656 0.300781 0.218750 0.300781 0.214844 0.292969 0.207031
