1 0.664062 0.593750 0.660156 0.597656 0.652344 0.597656 0.652344 0.601562 0.648438 0.605469 0.648438 0.613281 0.644531 0.617188 0.636719 0.617188 0.636719 0.625000 0.640625 0.628906 0.640625 0.632812 0.656250 0.632812 0.660156 0.628906 0.660156 0.613281 0.664062 0.609375 0.667969 0.609375 0.671875 0.605469 0.675781 0.605469 0.675781 0.593750
1 0.820312 0.570312 0.820312 0.578125 0.828125 0.578125 0.828125 0.570312
1 0.460938 0.531250 0.460938 0.546875 0.457031 0.550781 0.449219 0.550781 0.449219 0.574219 0.445312 0.578125 0.433594 0.578125 0.433594 0.582031 0.429688 0.585938 0.429688 0.597656 0.437500 0.597656 0.441406 0.601562 0.441406 0.628906 0.437500 0.632812 0.425781 0.632812 0.421875 0.636719 0.406250 0.636719 0.402344 0.632812 0.394531 0.632812 0.390625 0.636719 0.386719 0.636719 0.386719 0.644531 0.398438 0.644531 0.402344 0.648438 0.410156 0.648438 0.414062 0.652344 0.414062 0.656250 0.417969 0.656250 0.421875 0.660156 0.421875 0.671875 0.425781 0.671875 0.429688 0.675781 0.429688 0.718750 0.425781 0.722656 0.425781 0.738281 0.429688 0.742188 0.429688 0.804688 0.425781 0.808594 0.425781 0.832031 0.417969 0.839844 0.417969 0.843750 0.410156 0.851562 0.410156 0.871094 0.414062 0.875000 0.414062 0.898438 0.406250 0.906250 0.406250 0.917969 0.414062 0.925781 0.414062 0.929688 0.421875 0.929688 0.425781 0.933594 0.425781 0.953125 0.433594 0.953125 0.441406 0.945312 0.441406 0.871094 0.445312 0.867188 0.445312 0.835938 0.449219 0.832031 0.449219 0.812500 0.453125 0.808594 0.453125 0.804688 0.460938 0.796875 0.460938 0.789062 0.464844 0.785156 0.476562 0.785156 0.476562 0.777344 0.457031 0.777344 0.445312 0.765625 0.445312 0.703125 0.449219 0.699219 0.449219 0.679688 0.453125 0.675781 0.453125 0.648438 0.457031 0.644531 0.460938 0.644531 0.460938 0.628906 0.464844 0.625000 0.464844 0.613281 0.468750 0.609375 0.472656 0.609375 0.476562 0.605469 0.492188 0.605469 0.492188 0.597656 0.488281 0.593750 0.488281 0.578125 0.492188 0.574219 0.546875 0.574219 0.546875 0.562500 0.542969 0.562500 0.539062 0.558594 0.503906 0.558594 0.500000 0.554688 0.500000 0.542969 0.496094 0.542969 0.492188 0.539062 0.476562 0.539062 0.472656 0.535156 0.472656 0.531250
1 0.617188 0.488281 0.617188 0.492188 0.613281 0.496094 0.597656 0.496094 0.593750 0.492188 0.585938 0.492188 0.585938 0.511719 0.582031 0.515625 0.574219 0.515625 0.574219 0.523438 0.601562 0.523438 0.609375 0.515625 0.617188 0.515625 0.617188 0.511719 0.625000 0.503906 0.636719 0.503906 0.636719 0.496094 0.632812 0.492188 0.628906 0.492188 0.625000 0.488281
1 0.769531 0.472656 0.769531 0.492188 0.773438 0.496094 0.796875 0.496094 0.800781 0.500000 0.808594 0.500000 0.808594 0.484375 0.785156 0.484375 0.777344 0.476562 0.777344 0.472656
1 0.691406 0.464844 0.691406 0.484375 0.687500 0.488281 0.671875 0.488281 0.671875 0.496094 0.675781 0.496094 0.679688 0.500000 0.679688 0.503906 0.738281 0.503906 0.738281 0.496094 0.722656 0.496094 0.718750 0.492188 0.718750 0.468750 0.714844 0.468750 0.710938 0.464844
1 0.210938 0.417969 0.210938 0.433594 0.203125 0.441406 0.199219 0.441406 0.199219 0.449219 0.203125 0.449219 0.210938 0.457031 0.214844 0.457031 0.226562 0.468750 0.226562 0.472656 0.230469 0.476562 0.234375 0.476562 0.242188 0.484375 0.242188 0.488281 0.250000 0.496094 0.250000 0.500000 0.253906 0.503906 0.253906 0.507812 0.257812 0.511719 0.257812 0.523438 0.261719 0.527344 0.265625 0.527344 0.277344 0.539062 0.281250 0.539062 0.289062 0.546875 0.289062 0.550781 0.296875 0.550781 0.300781 0.554688 0.300781 0.558594 0.308594 0.566406 0.308594 0.593750 0.304688 0.597656 0.300781 0.597656 0.300781 0.609375 0.335938 0.609375 0.339844 0.613281 0.339844 0.617188 0.347656 0.617188 0.347656 0.601562 0.351562 0.597656 0.351562 0.582031 0.355469 0.578125 0.359375 0.578125 0.359375 0.562500 0.324219 0.562500 0.316406 0.554688 0.316406 0.550781 0.312500 0.546875 0.304688 0.546875 0.300781 0.542969 0.300781 0.535156 0.292969 0.527344 0.292969 0.515625 0.289062 0.511719 0.285156 0.511719 0.281250 0.507812 0.281250 0.500000 0.277344 0.500000 0.273438 0.496094 0.273438 0.492188 0.265625 0.492188 0.261719 0.488281 0.261719 0.484375 0.257812 0.480469 0.257812 0.472656 0.250000 0.464844 0.242188 0.464844 0.238281 0.460938 0.238281 0.449219 0.230469 0.449219 0.226562 0.445312 0.226562 0.429688 0.222656 0.429688 0.218750 0.425781 0.218750 0.417969
1 0.089844 0.398438 0.089844 0.406250 0.101562 0.406250 0.101562 0.398438
1 0.875000 0.371094 0.875000 0.375000 0.871094 0.378906 0.871094 0.386719 0.875000 0.390625 0.875000 0.394531 0.878906 0.394531 0.882812 0.398438 0.882812 0.414062 0.878906 0.417969 0.851562 0.417969 0.851562 0.441406 0.855469 0.441406 0.859375 0.445312 0.859375 0.449219 0.863281 0.453125 0.863281 0.460938 0.867188 0.464844 0.867188 0.480469 0.863281 0.484375 0.859375 0.484375 0.859375 0.496094 0.855469 0.500000 0.839844 0.500000 0.835938 0.503906 0.835938 0.511719 0.839844 0.515625 0.839844 0.519531 0.843750 0.523438 0.843750 0.546875 0.851562 0.546875 0.851562 0.519531 0.855469 0.515625 0.859375 0.515625 0.859375 0.496094 0.863281 0.492188 0.871094 0.492188 0.871094 0.488281 0.875000 0.484375 0.875000 0.441406 0.878906 0.437500 0.886719 0.437500 0.886719 0.433594 0.890625 0.429688 0.890625 0.390625 0.886719 0.386719 0.886719 0.375000 0.882812 0.371094
1 0.835938 0.347656 0.835938 0.359375 0.832031 0.363281 0.832031 0.378906 0.828125 0.382812 0.816406 0.382812 0.812500 0.386719 0.812500 0.398438 0.828125 0.398438 0.832031 0.402344 0.843750 0.402344 0.843750 0.390625 0.839844 0.386719 0.839844 0.359375 0.843750 0.355469 0.843750 0.347656
1 0.621094 0.316406 0.621094 0.335938 0.644531 0.335938 0.648438 0.339844 0.648438 0.351562 0.660156 0.351562 0.660156 0.335938 0.664062 0.332031 0.679688 0.332031 0.683594 0.335938 0.683594 0.343750 0.695312 0.343750 0.699219 0.347656 0.699219 0.382812 0.695312 0.386719 0.695312 0.398438 0.691406 0.402344 0.691406 0.421875 0.695312 0.421875 0.699219 0.425781 0.699219 0.433594 0.710938 0.433594 0.710938 0.429688 0.714844 0.425781 0.718750 0.425781 0.718750 0.417969 0.722656 0.414062 0.738281 0.414062 0.738281 0.394531 0.742188 0.390625 0.742188 0.382812 0.753906 0.371094 0.773438 0.371094 0.777344 0.375000 0.777344 0.410156 0.773438 0.414062 0.769531 0.414062 0.765625 0.417969 0.753906 0.417969 0.753906 0.429688 0.781250 0.429688 0.789062 0.437500 0.789062 0.449219 0.804688 0.449219 0.808594 0.445312 0.812500 0.445312 0.812500 0.429688 0.808594 0.425781 0.808594 0.421875 0.804688 0.417969 0.804688 0.410156 0.792969 0.410156 0.789062 0.406250 0.789062 0.402344 0.785156 0.398438 0.785156 0.375000 0.781250 0.371094 0.781250 0.343750 0.789062 0.335938 0.789062 0.328125 0.773438 0.328125 0.769531 0.324219 0.753906 0.324219 0.750000 0.328125 0.750000 0.332031 0.746094 0.335938 0.726562 0.335938 0.722656 0.332031 0.722656 0.328125 0.714844 0.328125 0.710938 0.332031 0.695312 0.332031 0.691406 0.328125 0.667969 0.328125 0.664062 0.324219 0.656250 0.324219 0.656250 0.332031 0.652344 0.335938 0.636719 0.335938 0.632812 0.332031 0.632812 0.320312 0.628906 0.316406
1 0.652344 0.289062 0.652344 0.300781 0.664062 0.300781 0.664062 0.292969 0.660156 0.289062
1 0.257812 0.285156 0.257812 0.296875 0.265625 0.296875 0.269531 0.292969 0.269531 0.285156
1 0.195312 0.261719 0.195312 0.265625 0.191406 0.269531 0.187500 0.269531 0.183594 0.273438 0.171875 0.273438 0.171875 0.281250 0.167969 0.285156 0.152344 0.285156 0.140625 0.296875 0.136719 0.296875 0.136719 0.300781 0.132812 0.304688 0.132812 0.308594 0.128906 0.312500 0.109375 0.312500 0.105469 0.316406 0.105469 0.320312 0.101562 0.324219 0.101562 0.335938 0.109375 0.335938 0.113281 0.339844 0.113281 0.359375 0.109375 0.363281 0.105469 0.363281 0.105469 0.375000 0.117188 0.375000 0.117188 0.367188 0.121094 0.363281 0.156250 0.363281 0.156250 0.359375 0.160156 0.355469 0.175781 0.355469 0.183594 0.363281 0.187500 0.363281 0.195312 0.371094 0.195312 0.375000 0.230469 0.375000 0.234375 0.371094 0.234375 0.367188 0.238281 0.363281 0.257812 0.363281 0.257812 0.351562 0.253906 0.347656 0.246094 0.347656 0.242188 0.351562 0.226562 0.351562 0.222656 0.347656 0.222656 0.343750 0.214844 0.335938 0.214844 0.312500 0.218750 0.308594 0.226562 0.308594 0.226562 0.300781 0.222656 0.300781 0.218750 0.296875 0.218750 0.261719
1 0.703125 0.238281 0.703125 0.250000 0.699219 0.253906 0.699219 0.277344 0.695312 0.281250 0.691406 0.281250 0.691406 0.289062 0.703125 0.289062 0.703125 0.277344 0.707031 0.273438 0.710938 0.273438 0.710938 0.238281
1 0.171875 0.222656 0.171875 0.226562 0.167969 0.230469 0.167969 0.234375 0.164062 0.238281 0.164062 0.246094 0.175781 0.246094 0.175781 0.242188 0.179688 0.238281 0.179688 0.222656
1 0.386719 0.105469 0.378906 0.113281 0.371094 0.113281 0.367188 0.117188 0.367188 0.125000 0.375000 0.132812 0.378906 0.132812 0.390625 0.144531 0.398438 0.144531 0.402344 0.148438 0.402344 0.156250 0.406250 0.160156 0.414062 0.160156 0.421875 0.167969 0.429688 0.167969 0.433594 0.171875 0.433594 0.175781 0.437500 0.175781 0.441406 0.179688 0.441406 0.187500 0.445312 0.191406 0.445312 0.203125 0.453125 0.203125 0.457031 0.207031 0.460938 0.207031 0.464844 0.210938 0.464844 0.222656 0.468750 0.226562 0.476562 0.226562 0.480469 0.230469 0.480469 0.250000 0.476562 0.253906 0.472656 0.253906 0.468750 0.257812 0.460938 0.257812 0.457031 0.261719 0.453125 0.261719 0.449219 0.265625 0.398438 0.265625 0.394531 0.261719 0.390625 0.261719 0.386719 0.257812 0.386719 0.253906 0.382812 0.250000 0.378906 0.250000 0.375000 0.246094 0.375000 0.242188 0.367188 0.242188 0.363281 0.238281 0.363281 0.234375 0.355469 0.234375 0.347656 0.226562 0.347656 0.222656 0.343750 0.222656 0.335938 0.214844 0.320312 0.214844 0.316406 0.210938 0.308594 0.210938 0.300781 0.218750 0.300781 0.234375 0.296875 0.238281 0.277344 0.238281 0.277344 0.246094 0.304688 0.246094 0.308594 0.250000 0.308594 0.261719 0.312500 0.261719 0.316406 0.265625 0.316406 0.269531 0.320312 0.273438 0.320312 0.304688 0.324219 0.304688 0.328125 0.308594 0.335938 0.308594 0.339844 0.312500 0.339844 0.332031 0.335938 0.335938 0.328125 0.335938 0.320312 0.343750 0.320312 0.351562 0.312500 0.359375 0.304688 0.359375 0.300781 0.363281 0.296875 0.363281 0.296875 0.367188 0.292969 0.371094 0.292969 0.378906 0.316406 0.378906 0.320312 0.382812 0.335938 0.382812 0.339844 0.378906 0.359375 0.378906 0.367188 0.386719 0.367188 0.394531 0.371094 0.398438 0.371094 0.402344 0.378906 0.410156 0.382812 0.410156 0.398438 0.425781 0.402344 0.425781 0.406250 0.429688 0.406250 0.441406 0.417969 0.441406 0.421875 0.445312 0.421875 0.453125 0.425781 0.453125 0.433594 0.460938 0.437500 0.460938 0.457031 0.480469 0.457031 0.484375 0.464844 0.492188 0.464844 0.503906 0.468750 0.507812 0.484375 0.507812 0.484375 0.496094 0.492188 0.488281 0.496094 0.488281 0.496094 0.480469 0.500000 0.476562 0.515625 0.476562 0.519531 0.480469 0.527344 0.480469 0.527344 0.460938 0.531250 0.457031 0.546875 0.457031 0.550781 0.460938 0.558594 0.460938 0.558594 0.449219 0.562500 0.445312 0.566406 0.445312 0.570312 0.441406 0.574219 0.441406 0.574219 0.437500 0.578125 0.433594 0.582031 0.433594 0.582031 0.425781 0.570312 0.414062 0.554688 0.414062 0.550781 0.410156 0.546875 0.410156 0.542969 0.406250 0.535156 0.406250 0.531250 0.402344 0.531250 0.398438 0.523438 0.398438 0.519531 0.394531 0.519531 0.375000 0.511719 0.375000 0.507812 0.371094 0.507812 0.359375 0.503906 0.355469 0.492188 0.355469 0.488281 0.359375 0.484375 0.359375 0.484375 0.367188 0.480469 0.371094 0.472656 0.371094 0.472656 0.382812 0.468750 0.386719 0.457031 0.386719 0.453125 0.390625 0.453125 0.394531 0.449219 0.398438 0.449219 0.410156 0.445312 0.414062 0.410156 0.414062 0.406250 0.410156 0.406250 0.378906 0.402344 0.378906 0.398438 0.375000 0.398438 0.351562 0.394531 0.347656 0.394531 0.332031 0.398438 0.328125 0.417969 0.328125 0.421875 0.332031 0.441406 0.332031 0.441406 0.328125 0.445312 0.324219 0.449219 0.324219 0.457031 0.316406 0.460938 0.316406 0.460938 0.308594 0.464844 0.304688 0.488281 0.304688 0.492188 0.300781 0.515625 0.300781 0.519531 0.304688 0.523438 0.304688 0.527344 0.308594 0.535156 0.308594 0.546875 0.320312 0.550781 0.320312 0.554688 0.324219 0.554688 0.328125 0.558594 0.332031 0.566406 0.332031 0.570312 0.335938 0.570312 0.339844 0.589844 0.339844 0.589844 0.332031 0.585938 0.328125 0.585938 0.312500 0.593750 0.304688 0.613281 0.304688 0.613281 0.289062 0.609375 0.289062 0.605469 0.285156 0.601562 0.285156 0.593750 0.277344 0.593750 0.261719 0.597656 0.257812 0.605469 0.257812 0.605469 0.250000 0.597656 0.250000 0.593750 0.246094 0.589844 0.246094 0.585938 0.242188 0.585938 0.238281 0.578125 0.238281 0.574219 0.234375 0.574219 0.226562 0.546875 0.226562 0.542969 0.222656 0.519531 0.222656 0.515625 0.218750 0.515625 0.191406 0.523438 0.183594 0.523438 0.175781 0.531250 0.167969 0.531250 0.156250 0.523438 0.156250 0.519531 0.152344 0.515625 0.152344 0.511719 0.148438 0.503906 0.148438 0.500000 0.144531 0.500000 0.125000 0.503906 0.121094 0.503906 0.113281 0.488281 0.113281 0.484375 0.109375 0.464844 0.109375 0.460938 0.105469
1 0.671875 0.082031 0.660156 0.093750 0.656250 0.093750 0.656250 0.136719 0.648438 0.144531 0.609375 0.144531 0.605469 0.140625 0.601562 0.140625 0.597656 0.136719 0.589844 0.136719 0.585938 0.132812 0.585938 0.128906 0.582031 0.125000 0.574219 0.125000 0.574219 0.132812 0.582031 0.140625 0.582031 0.160156 0.593750 0.160156 0.597656 0.164062 0.609375 0.164062 0.613281 0.167969 0.613281 0.175781 0.621094 0.175781 0.625000 0.179688 0.632812 0.179688 0.636719 0.183594 0.636719 0.207031 0.648438 0.207031 0.652344 0.203125 0.667969 0.203125 0.671875 0.207031 0.687500 0.207031 0.695312 0.199219 0.695312 0.187500 0.699219 0.183594 0.703125 0.183594 0.703125 0.148438 0.707031 0.144531 0.707031 0.128906 0.710938 0.125000 0.710938 0.113281 0.703125 0.105469 0.699219 0.105469 0.695312 0.101562 0.695312 0.082031
