1 0.421875 0.718750 0.421875 0.734375 0.417969 0.738281 0.406250 0.738281 0.402344 0.742188 0.386719 0.742188 0.378906 0.750000 0.375000 0.750000 0.375000 0.757812 0.378906 0.757812 0.382812 0.761719 0.386719 0.761719 0.394531 0.769531 0.417969 0.769531 0.425781 0.761719 0.429688 0.761719 0.433594 0.757812 0.445312 0.757812 0.457031 0.746094 0.460938 0.746094 0.460938 0.738281 0.441406 0.738281 0.437500 0.734375 0.437500 0.718750
1 0.898438 0.714844 0.898438 0.722656 0.894531 0.726562 0.886719 0.726562 0.878906 0.734375 0.878906 0.742188 0.886719 0.742188 0.890625 0.738281 0.894531 0.738281 0.894531 0.726562 0.898438 0.722656 0.906250 0.722656 0.906250 0.714844
1 0.332031 0.652344 0.332031 0.656250 0.328125 0.660156 0.324219 0.660156 0.320312 0.664062 0.316406 0.664062 0.312500 0.667969 0.300781 0.667969 0.300781 0.675781 0.296875 0.679688 0.292969 0.679688 0.289062 0.683594 0.277344 0.683594 0.277344 0.691406 0.281250 0.695312 0.281250 0.703125 0.285156 0.703125 0.289062 0.707031 0.296875 0.707031 0.300781 0.710938 0.308594 0.710938 0.312500 0.714844 0.316406 0.714844 0.324219 0.722656 0.335938 0.722656 0.335938 0.714844 0.332031 0.710938 0.332031 0.695312 0.335938 0.691406 0.351562 0.691406 0.355469 0.687500 0.355469 0.675781 0.351562 0.671875 0.351562 0.664062 0.347656 0.660156 0.343750 0.660156 0.339844 0.656250 0.339844 0.652344
1 0.886719 0.648438 0.886719 0.660156 0.890625 0.664062 0.890625 0.683594 0.898438 0.683594 0.902344 0.679688 0.902344 0.671875 0.898438 0.671875 0.894531 0.667969 0.894531 0.648438
1 0.613281 0.648438 0.613281 0.656250 0.617188 0.656250 0.621094 0.660156 0.621094 0.671875 0.628906 0.679688 0.628906 0.683594 0.632812 0.687500 0.632812 0.691406 0.640625 0.699219 0.640625 0.703125 0.644531 0.707031 0.644531 0.738281 0.656250 0.750000 0.656250 0.765625 0.652344 0.769531 0.652344 0.777344 0.656250 0.781250 0.667969 0.781250 0.671875 0.785156 0.671875 0.796875 0.679688 0.804688 0.683594 0.804688 0.691406 0.812500 0.691406 0.816406 0.695312 0.820312 0.695312 0.839844 0.691406 0.843750 0.691406 0.851562 0.710938 0.871094 0.710938 0.875000 0.730469 0.875000 0.734375 0.878906 0.742188 0.878906 0.742188 0.828125 0.730469 0.828125 0.726562 0.824219 0.726562 0.800781 0.703125 0.800781 0.699219 0.796875 0.699219 0.785156 0.695312 0.781250 0.695312 0.773438 0.691406 0.769531 0.691406 0.765625 0.687500 0.761719 0.687500 0.742188 0.691406 0.738281 0.695312 0.738281 0.695312 0.710938 0.699219 0.707031 0.703125 0.707031 0.703125 0.703125 0.707031 0.699219 0.710938 0.699219 0.710938 0.691406 0.707031 0.691406 0.703125 0.687500 0.703125 0.683594 0.683594 0.683594 0.683594 0.703125 0.679688 0.707031 0.664062 0.707031 0.660156 0.703125 0.660156 0.695312 0.652344 0.687500 0.652344 0.683594 0.644531 0.675781 0.640625 0.675781 0.636719 0.671875 0.636719 0.664062 0.632812 0.660156 0.625000 0.660156 0.621094 0.656250 0.621094 0.648438
1 0.902344 0.601562 0.902344 0.605469 0.898438 0.609375 0.898438 0.613281 0.894531 0.617188 0.894531 0.625000 0.898438 0.628906 0.898438 0.636719 0.910156 0.636719 0.914062 0.632812 0.921875 0.632812 0.921875 0.621094 0.917969 0.621094 0.914062 0.617188 0.914062 0.609375 0.910156 0.605469 0.910156 0.601562
1 0.738281 0.582031 0.738281 0.613281 0.750000 0.613281 0.750000 0.609375 0.757812 0.601562 0.761719 0.601562 0.761719 0.589844 0.750000 0.589844 0.746094 0.585938 0.746094 0.582031
1 0.402344 0.578125 0.402344 0.593750 0.421875 0.593750 0.425781 0.589844 0.425781 0.582031 0.421875 0.578125
1 0.179688 0.574219 0.175781 0.578125 0.175781 0.585938 0.183594 0.585938 0.187500 0.582031 0.187500 0.574219
1 0.804688 0.542969 0.804688 0.585938 0.812500 0.585938 0.816406 0.589844 0.816406 0.597656 0.820312 0.601562 0.828125 0.601562 0.832031 0.597656 0.835938 0.597656 0.835938 0.562500 0.839844 0.558594 0.839844 0.550781 0.832031 0.550781 0.828125 0.546875 0.820312 0.546875 0.816406 0.542969
1 0.929688 0.531250 0.929688 0.535156 0.925781 0.539062 0.925781 0.546875 0.921875 0.550781 0.917969 0.550781 0.914062 0.554688 0.886719 0.554688 0.882812 0.558594 0.878906 0.558594 0.878906 0.562500 0.875000 0.566406 0.875000 0.578125 0.878906 0.578125 0.882812 0.582031 0.882812 0.585938 0.898438 0.585938 0.898438 0.574219 0.906250 0.566406 0.917969 0.566406 0.921875 0.562500 0.933594 0.562500 0.945312 0.550781 0.945312 0.542969 0.941406 0.539062 0.941406 0.531250
1 0.656250 0.527344 0.656250 0.539062 0.660156 0.539062 0.664062 0.542969 0.664062 0.546875 0.667969 0.550781 0.667969 0.554688 0.679688 0.554688 0.691406 0.566406 0.699219 0.566406 0.699219 0.554688 0.695312 0.550781 0.695312 0.546875 0.691406 0.546875 0.687500 0.542969 0.683594 0.542969 0.679688 0.539062 0.679688 0.527344
1 0.160156 0.519531 0.160156 0.531250 0.171875 0.531250 0.171875 0.523438 0.167969 0.519531
1 0.929688 0.492188 0.929688 0.503906 0.937500 0.503906 0.937500 0.492188
1 0.695312 0.492188 0.691406 0.496094 0.683594 0.496094 0.683594 0.519531 0.710938 0.519531 0.710938 0.511719 0.707031 0.511719 0.703125 0.507812 0.703125 0.492188
1 0.136719 0.460938 0.132812 0.464844 0.128906 0.464844 0.128906 0.472656 0.136719 0.480469 0.140625 0.480469 0.144531 0.484375 0.144531 0.496094 0.148438 0.500000 0.148438 0.507812 0.156250 0.507812 0.156250 0.472656 0.148438 0.464844 0.148438 0.460938
1 0.640625 0.425781 0.636719 0.429688 0.636719 0.441406 0.640625 0.445312 0.640625 0.453125 0.671875 0.453125 0.675781 0.449219 0.679688 0.449219 0.683594 0.445312 0.687500 0.445312 0.687500 0.437500 0.683594 0.437500 0.679688 0.433594 0.664062 0.433594 0.656250 0.425781
1 0.714844 0.410156 0.714844 0.429688 0.722656 0.437500 0.722656 0.480469 0.746094 0.480469 0.746094 0.472656 0.742188 0.468750 0.742188 0.445312 0.746094 0.441406 0.746094 0.433594 0.738281 0.425781 0.738281 0.417969 0.734375 0.417969 0.726562 0.410156
1 0.562500 0.402344 0.562500 0.414062 0.558594 0.417969 0.550781 0.417969 0.550781 0.425781 0.558594 0.425781 0.558594 0.417969 0.562500 0.414062 0.570312 0.414062 0.570312 0.402344
1 0.078125 0.355469 0.078125 0.375000 0.082031 0.378906 0.082031 0.390625 0.085938 0.394531 0.085938 0.414062 0.097656 0.414062 0.097656 0.410156 0.101562 0.406250 0.101562 0.398438 0.097656 0.394531 0.097656 0.386719 0.093750 0.382812 0.093750 0.378906 0.089844 0.375000 0.089844 0.355469
1 0.855469 0.347656 0.855469 0.363281 0.851562 0.367188 0.851562 0.378906 0.839844 0.390625 0.839844 0.402344 0.847656 0.410156 0.867188 0.410156 0.871094 0.414062 0.871094 0.421875 0.886719 0.437500 0.894531 0.437500 0.898438 0.441406 0.898438 0.453125 0.910156 0.453125 0.914062 0.457031 0.914062 0.468750 0.917969 0.472656 0.917969 0.476562 0.925781 0.476562 0.925781 0.472656 0.929688 0.468750 0.929688 0.460938 0.925781 0.457031 0.925781 0.453125 0.914062 0.453125 0.910156 0.449219 0.910156 0.445312 0.906250 0.441406 0.906250 0.437500 0.902344 0.437500 0.898438 0.433594 0.898438 0.425781 0.894531 0.425781 0.882812 0.414062 0.871094 0.414062 0.867188 0.410156 0.867188 0.375000 0.863281 0.371094 0.863281 0.347656
1 0.566406 0.335938 0.566406 0.343750 0.585938 0.343750 0.585938 0.335938
1 0.472656 0.335938 0.468750 0.339844 0.468750 0.347656 0.476562 0.355469 0.476562 0.359375 0.480469 0.363281 0.480469 0.394531 0.476562 0.398438 0.472656 0.398438 0.472656 0.417969 0.468750 0.421875 0.449219 0.421875 0.449219 0.441406 0.468750 0.441406 0.468750 0.421875 0.472656 0.417969 0.488281 0.417969 0.492188 0.421875 0.496094 0.421875 0.500000 0.425781 0.500000 0.445312 0.496094 0.449219 0.496094 0.457031 0.500000 0.460938 0.523438 0.460938 0.523438 0.457031 0.527344 0.453125 0.527344 0.429688 0.511719 0.429688 0.507812 0.425781 0.507812 0.386719 0.503906 0.386719 0.500000 0.382812 0.500000 0.375000 0.496094 0.371094 0.496094 0.355469 0.492188 0.355469 0.488281 0.351562 0.488281 0.347656 0.484375 0.343750 0.484375 0.335938
1 0.570312 0.292969 0.566406 0.296875 0.566406 0.308594 0.578125 0.308594 0.582031 0.304688 0.582031 0.292969
1 0.144531 0.289062 0.136719 0.296875 0.136719 0.304688 0.140625 0.304688 0.148438 0.312500 0.148438 0.320312 0.160156 0.320312 0.164062 0.324219 0.164062 0.335938 0.167969 0.339844 0.167969 0.363281 0.164062 0.367188 0.148438 0.367188 0.144531 0.363281 0.128906 0.363281 0.128906 0.375000 0.152344 0.375000 0.156250 0.378906 0.156250 0.402344 0.164062 0.402344 0.164062 0.398438 0.167969 0.394531 0.183594 0.394531 0.187500 0.398438 0.195312 0.398438 0.199219 0.402344 0.199219 0.406250 0.203125 0.406250 0.207031 0.410156 0.207031 0.433594 0.199219 0.441406 0.195312 0.441406 0.195312 0.476562 0.199219 0.480469 0.199219 0.484375 0.207031 0.484375 0.207031 0.472656 0.210938 0.468750 0.214844 0.468750 0.218750 0.464844 0.226562 0.464844 0.226562 0.445312 0.230469 0.441406 0.250000 0.441406 0.253906 0.445312 0.253906 0.449219 0.257812 0.449219 0.261719 0.453125 0.277344 0.453125 0.281250 0.457031 0.281250 0.464844 0.296875 0.464844 0.300781 0.468750 0.300781 0.472656 0.316406 0.472656 0.324219 0.480469 0.324219 0.484375 0.328125 0.488281 0.328125 0.503906 0.324219 0.507812 0.320312 0.507812 0.320312 0.511719 0.316406 0.515625 0.312500 0.515625 0.308594 0.519531 0.304688 0.519531 0.304688 0.546875 0.300781 0.550781 0.296875 0.550781 0.296875 0.566406 0.304688 0.574219 0.304688 0.582031 0.308594 0.585938 0.308594 0.589844 0.320312 0.589844 0.324219 0.593750 0.324219 0.597656 0.332031 0.597656 0.347656 0.582031 0.363281 0.582031 0.367188 0.578125 0.378906 0.578125 0.382812 0.574219 0.394531 0.574219 0.394531 0.558594 0.398438 0.554688 0.417969 0.554688 0.417969 0.546875 0.421875 0.542969 0.421875 0.535156 0.414062 0.535156 0.410156 0.539062 0.402344 0.539062 0.402344 0.546875 0.398438 0.550781 0.382812 0.550781 0.378906 0.546875 0.378906 0.542969 0.375000 0.539062 0.347656 0.539062 0.343750 0.535156 0.343750 0.507812 0.347656 0.503906 0.367188 0.503906 0.367188 0.492188 0.371094 0.488281 0.390625 0.488281 0.390625 0.480469 0.394531 0.476562 0.394531 0.472656 0.398438 0.468750 0.429688 0.468750 0.429688 0.453125 0.421875 0.453125 0.421875 0.457031 0.417969 0.460938 0.386719 0.460938 0.386719 0.464844 0.382812 0.468750 0.367188 0.468750 0.363281 0.464844 0.363281 0.460938 0.351562 0.460938 0.347656 0.457031 0.347656 0.445312 0.343750 0.445312 0.339844 0.441406 0.339844 0.425781 0.335938 0.421875 0.335938 0.414062 0.328125 0.414062 0.324219 0.410156 0.324219 0.406250 0.316406 0.406250 0.312500 0.402344 0.312500 0.390625 0.308594 0.390625 0.304688 0.386719 0.304688 0.367188 0.312500 0.359375 0.316406 0.359375 0.316406 0.343750 0.320312 0.339844 0.347656 0.339844 0.351562 0.343750 0.367188 0.343750 0.371094 0.347656 0.371094 0.363281 0.375000 0.367188 0.375000 0.371094 0.378906 0.371094 0.382812 0.375000 0.390625 0.375000 0.394531 0.378906 0.394531 0.390625 0.402344 0.390625 0.402344 0.382812 0.398438 0.378906 0.398438 0.359375 0.394531 0.355469 0.394531 0.339844 0.386719 0.332031 0.386719 0.328125 0.382812 0.328125 0.378906 0.324219 0.378906 0.316406 0.375000 0.312500 0.320312 0.312500 0.320312 0.316406 0.312500 0.324219 0.312500 0.328125 0.308594 0.332031 0.308594 0.335938 0.296875 0.347656 0.296875 0.359375 0.292969 0.363281 0.292969 0.371094 0.289062 0.375000 0.277344 0.375000 0.277344 0.382812 0.281250 0.386719 0.281250 0.406250 0.277344 0.410156 0.261719 0.410156 0.257812 0.406250 0.257812 0.402344 0.253906 0.402344 0.250000 0.398438 0.230469 0.398438 0.226562 0.394531 0.226562 0.378906 0.222656 0.375000 0.218750 0.375000 0.214844 0.371094 0.214844 0.355469 0.199219 0.355469 0.195312 0.351562 0.195312 0.335938 0.187500 0.335938 0.183594 0.332031 0.183594 0.328125 0.175781 0.320312 0.175781 0.312500 0.171875 0.312500 0.167969 0.308594 0.167969 0.292969 0.164062 0.292969 0.160156 0.289062
1 0.796875 0.285156 0.792969 0.289062 0.785156 0.289062 0.785156 0.296875 0.789062 0.300781 0.789062 0.304688 0.812500 0.304688 0.816406 0.308594 0.816406 0.312500 0.824219 0.320312 0.835938 0.320312 0.835938 0.308594 0.828125 0.308594 0.824219 0.304688 0.816406 0.304688 0.812500 0.300781 0.812500 0.296875 0.808594 0.292969 0.808594 0.289062 0.804688 0.285156
1 0.312500 0.230469 0.312500 0.238281 0.316406 0.238281 0.320312 0.242188 0.328125 0.242188 0.328125 0.230469
1 0.757812 0.191406 0.757812 0.218750 0.753906 0.222656 0.753906 0.230469 0.750000 0.234375 0.750000 0.238281 0.742188 0.246094 0.738281 0.246094 0.738281 0.250000 0.734375 0.253906 0.710938 0.253906 0.710938 0.257812 0.707031 0.261719 0.687500 0.261719 0.683594 0.257812 0.675781 0.257812 0.675781 0.265625 0.664062 0.277344 0.664062 0.289062 0.683594 0.289062 0.687500 0.285156 0.695312 0.285156 0.699219 0.281250 0.703125 0.281250 0.703125 0.277344 0.707031 0.273438 0.726562 0.273438 0.730469 0.277344 0.730469 0.300781 0.726562 0.304688 0.718750 0.304688 0.718750 0.312500 0.722656 0.316406 0.730469 0.316406 0.734375 0.312500 0.738281 0.312500 0.746094 0.304688 0.746094 0.300781 0.750000 0.296875 0.753906 0.296875 0.753906 0.292969 0.757812 0.289062 0.761719 0.289062 0.761719 0.285156 0.765625 0.281250 0.769531 0.281250 0.769531 0.257812 0.773438 0.253906 0.773438 0.246094 0.777344 0.242188 0.777344 0.230469 0.781250 0.226562 0.781250 0.218750 0.777344 0.214844 0.777344 0.199219 0.769531 0.191406
1 0.617188 0.183594 0.617188 0.187500 0.613281 0.191406 0.605469 0.191406 0.605469 0.199219 0.601562 0.203125 0.597656 0.203125 0.597656 0.214844 0.593750 0.218750 0.582031 0.218750 0.574219 0.226562 0.574219 0.234375 0.570312 0.238281 0.566406 0.238281 0.566406 0.246094 0.582031 0.246094 0.589844 0.238281 0.589844 0.234375 0.601562 0.222656 0.625000 0.222656 0.636719 0.210938 0.640625 0.210938 0.640625 0.195312 0.636719 0.191406 0.636719 0.183594
1 0.152344 0.160156 0.152344 0.167969 0.156250 0.167969 0.160156 0.171875 0.164062 0.171875 0.167969 0.175781 0.179688 0.175781 0.183594 0.179688 0.183594 0.199219 0.175781 0.207031 0.175781 0.222656 0.179688 0.226562 0.179688 0.242188 0.175781 0.246094 0.152344 0.246094 0.152344 0.257812 0.156250 0.261719 0.179688 0.261719 0.183594 0.265625 0.183594 0.269531 0.191406 0.269531 0.191406 0.253906 0.195312 0.250000 0.218750 0.250000 0.226562 0.257812 0.226562 0.273438 0.238281 0.273438 0.242188 0.277344 0.242188 0.289062 0.253906 0.289062 0.257812 0.285156 0.257812 0.281250 0.261719 0.277344 0.261719 0.273438 0.265625 0.269531 0.265625 0.261719 0.261719 0.257812 0.246094 0.257812 0.242188 0.253906 0.242188 0.238281 0.246094 0.234375 0.246094 0.214844 0.250000 0.210938 0.265625 0.210938 0.269531 0.214844 0.269531 0.222656 0.273438 0.222656 0.277344 0.226562 0.285156 0.226562 0.285156 0.218750 0.289062 0.214844 0.289062 0.210938 0.292969 0.207031 0.304688 0.207031 0.304688 0.191406 0.300781 0.191406 0.292969 0.183594 0.292969 0.164062 0.289062 0.160156 0.281250 0.160156 0.281250 0.179688 0.277344 0.183594 0.273438 0.183594 0.273438 0.195312 0.269531 0.199219 0.265625 0.199219 0.261719 0.203125 0.226562 0.203125 0.222656 0.199219 0.218750 0.199219 0.210938 0.191406 0.210938 0.167969 0.207031 0.164062 0.199219 0.164062 0.195312 0.167969 0.175781 0.167969 0.171875 0.164062 0.171875 0.160156
1 0.714844 0.156250 0.714844 0.167969 0.710938 0.171875 0.707031 0.171875 0.707031 0.179688 0.710938 0.183594 0.718750 0.183594 0.726562 0.175781 0.738281 0.175781 0.738281 0.164062 0.734375 0.160156 0.726562 0.160156 0.722656 0.156250
1 0.574219 0.132812 0.574219 0.140625 0.570312 0.144531 0.570312 0.156250 0.566406 0.160156 0.546875 0.160156 0.546875 0.164062 0.542969 0.167969 0.542969 0.179688 0.554688 0.179688 0.554688 0.171875 0.558594 0.167969 0.574219 0.167969 0.585938 0.179688 0.593750 0.179688 0.593750 0.167969 0.589844 0.164062 0.589844 0.132812
1 0.406250 0.132812 0.406250 0.148438 0.410156 0.152344 0.410156 0.156250 0.414062 0.160156 0.417969 0.160156 0.421875 0.164062 0.421875 0.218750 0.417969 0.222656 0.410156 0.222656 0.406250 0.226562 0.402344 0.226562 0.402344 0.238281 0.414062 0.238281 0.417969 0.242188 0.425781 0.242188 0.425781 0.226562 0.429688 0.222656 0.445312 0.222656 0.449219 0.226562 0.449219 0.242188 0.445312 0.246094 0.441406 0.246094 0.441406 0.265625 0.445312 0.265625 0.449219 0.269531 0.449219 0.285156 0.457031 0.285156 0.457031 0.269531 0.460938 0.265625 0.464844 0.265625 0.464844 0.246094 0.460938 0.242188 0.460938 0.191406 0.464844 0.187500 0.472656 0.187500 0.476562 0.183594 0.476562 0.171875 0.468750 0.171875 0.464844 0.167969 0.464844 0.152344 0.460938 0.148438 0.460938 0.144531 0.453125 0.144531 0.449219 0.140625 0.441406 0.140625 0.437500 0.144531 0.417969 0.144531 0.414062 0.140625 0.414062 0.132812
1 0.640625 0.109375 0.636719 0.113281 0.636719 0.121094 0.640625 0.121094 0.644531 0.125000 0.656250 0.125000 0.660156 0.128906 0.660156 0.136719 0.667969 0.136719 0.671875 0.140625 0.671875 0.148438 0.675781 0.152344 0.691406 0.152344 0.695312 0.148438 0.703125 0.148438 0.703125 0.132812 0.687500 0.132812 0.683594 0.128906 0.683594 0.121094 0.667969 0.121094 0.664062 0.117188 0.656250 0.117188 0.652344 0.113281 0.652344 0.109375
1 0.539062 0.101562 0.539062 0.113281 0.546875 0.121094 0.570312 0.121094 0.570312 0.113281 0.566406 0.113281 0.562500 0.109375 0.558594 0.109375 0.554688 0.105469 0.550781 0.105469 0.546875 0.101562
1 0.386719 0.050781 0.386719 0.058594 0.394531 0.058594 0.398438 0.062500 0.406250 0.062500 0.410156 0.058594 0.429688 0.058594 0.437500 0.066406 0.441406 0.066406 0.445312 0.070312 0.453125 0.070312 0.457031 0.074219 0.457031 0.082031 0.460938 0.085938 0.460938 0.089844 0.464844 0.093750 0.472656 0.093750 0.472656 0.085938 0.476562 0.082031 0.511719 0.082031 0.515625 0.085938 0.523438 0.085938 0.523438 0.070312 0.511719 0.070312 0.507812 0.066406 0.503906 0.066406 0.500000 0.062500 0.457031 0.062500 0.453125 0.058594 0.453125 0.054688 0.445312 0.054688 0.441406 0.050781
