1 0.175781 0.812500 0.164062 0.824219 0.160156 0.824219 0.160156 0.828125 0.152344 0.835938 0.144531 0.835938 0.144531 0.839844 0.140625 0.843750 0.140625 0.847656 0.128906 0.859375 0.128906 0.867188 0.136719 0.867188 0.140625 0.863281 0.144531 0.863281 0.156250 0.851562 0.156250 0.847656 0.164062 0.839844 0.167969 0.839844 0.167969 0.835938 0.183594 0.820312 0.183594 0.812500
1 0.328125 0.625000 0.328125 0.628906 0.324219 0.632812 0.308594 0.632812 0.304688 0.628906 0.292969 0.628906 0.292969 0.636719 0.296875 0.640625 0.296875 0.656250 0.292969 0.660156 0.273438 0.660156 0.273438 0.664062 0.269531 0.667969 0.269531 0.671875 0.265625 0.675781 0.265625 0.687500 0.281250 0.687500 0.285156 0.691406 0.285156 0.710938 0.292969 0.710938 0.296875 0.707031 0.296875 0.703125 0.320312 0.679688 0.324219 0.679688 0.332031 0.671875 0.335938 0.671875 0.339844 0.667969 0.343750 0.667969 0.347656 0.664062 0.371094 0.664062 0.375000 0.660156 0.398438 0.660156 0.402344 0.656250 0.406250 0.656250 0.406250 0.648438 0.398438 0.648438 0.394531 0.652344 0.343750 0.652344 0.339844 0.648438 0.339844 0.625000
1 0.250000 0.539062 0.250000 0.554688 0.261719 0.566406 0.285156 0.566406 0.289062 0.570312 0.289062 0.574219 0.296875 0.574219 0.300781 0.570312 0.300781 0.554688 0.292969 0.554688 0.289062 0.550781 0.289062 0.546875 0.265625 0.546875 0.257812 0.539062
1 0.492188 0.535156 0.492188 0.542969 0.500000 0.542969 0.500000 0.535156
1 0.757812 0.527344 0.757812 0.531250 0.753906 0.535156 0.750000 0.535156 0.750000 0.550781 0.761719 0.550781 0.765625 0.546875 0.769531 0.546875 0.777344 0.539062 0.777344 0.527344
1 0.238281 0.511719 0.238281 0.519531 0.246094 0.519531 0.246094 0.511719
1 0.773438 0.492188 0.773438 0.503906 0.777344 0.503906 0.781250 0.507812 0.781250 0.511719 0.792969 0.511719 0.792969 0.492188
1 0.230469 0.468750 0.230469 0.476562 0.238281 0.476562 0.238281 0.468750
1 0.703125 0.273438 0.703125 0.289062 0.699219 0.292969 0.683594 0.292969 0.679688 0.289062 0.664062 0.289062 0.660156 0.292969 0.656250 0.292969 0.656250 0.300781 0.660156 0.304688 0.667969 0.304688 0.671875 0.308594 0.671875 0.316406 0.679688 0.316406 0.683594 0.320312 0.695312 0.320312 0.699219 0.316406 0.707031 0.316406 0.714844 0.308594 0.714844 0.304688 0.718750 0.300781 0.726562 0.300781 0.726562 0.285156 0.718750 0.285156 0.714844 0.281250 0.714844 0.273438
1 0.183594 0.273438 0.183594 0.281250 0.187500 0.285156 0.187500 0.308594 0.183594 0.312500 0.183594 0.347656 0.187500 0.351562 0.187500 0.371094 0.191406 0.375000 0.191406 0.378906 0.199219 0.378906 0.199219 0.367188 0.195312 0.363281 0.195312 0.296875 0.199219 0.292969 0.199219 0.277344 0.195312 0.273438
1 0.402344 0.261719 0.402344 0.281250 0.410156 0.289062 0.410156 0.296875 0.417969 0.296875 0.417969 0.281250 0.414062 0.277344 0.414062 0.261719
1 0.300781 0.250000 0.300781 0.253906 0.296875 0.257812 0.296875 0.265625 0.289062 0.273438 0.289062 0.285156 0.285156 0.289062 0.285156 0.304688 0.289062 0.308594 0.289062 0.320312 0.292969 0.324219 0.292969 0.328125 0.300781 0.328125 0.300781 0.312500 0.304688 0.308594 0.304688 0.300781 0.312500 0.292969 0.312500 0.277344 0.308594 0.273438 0.308594 0.250000
1 0.824219 0.175781 0.820312 0.179688 0.820312 0.191406 0.812500 0.199219 0.808594 0.199219 0.808594 0.203125 0.800781 0.210938 0.792969 0.210938 0.792969 0.242188 0.800781 0.250000 0.800781 0.257812 0.808594 0.265625 0.808594 0.269531 0.812500 0.273438 0.820312 0.273438 0.828125 0.265625 0.828125 0.261719 0.832031 0.257812 0.832031 0.234375 0.835938 0.230469 0.855469 0.230469 0.859375 0.234375 0.859375 0.238281 0.875000 0.238281 0.875000 0.218750 0.859375 0.218750 0.855469 0.214844 0.855469 0.203125 0.847656 0.203125 0.843750 0.199219 0.843750 0.179688 0.835938 0.179688 0.832031 0.175781
1 0.289062 0.156250 0.281250 0.164062 0.281250 0.167969 0.277344 0.171875 0.273438 0.171875 0.269531 0.175781 0.269531 0.183594 0.273438 0.183594 0.277344 0.187500 0.292969 0.187500 0.296875 0.191406 0.296875 0.210938 0.312500 0.210938 0.312500 0.207031 0.320312 0.199219 0.320312 0.191406 0.296875 0.191406 0.292969 0.187500 0.292969 0.171875 0.296875 0.167969 0.296875 0.156250
1 0.523438 0.101562 0.523438 0.105469 0.519531 0.109375 0.519531 0.117188 0.527344 0.117188 0.531250 0.113281 0.531250 0.101562
1 0.722656 0.085938 0.718750 0.089844 0.718750 0.093750 0.714844 0.097656 0.707031 0.097656 0.707031 0.109375 0.703125 0.113281 0.699219 0.113281 0.695312 0.117188 0.691406 0.117188 0.691406 0.140625 0.687500 0.144531 0.687500 0.152344 0.683594 0.156250 0.675781 0.156250 0.675781 0.160156 0.671875 0.164062 0.656250 0.164062 0.644531 0.175781 0.625000 0.175781 0.621094 0.171875 0.621094 0.167969 0.617188 0.164062 0.617188 0.144531 0.609375 0.144531 0.601562 0.152344 0.601562 0.167969 0.605469 0.171875 0.605469 0.187500 0.597656 0.195312 0.597656 0.199219 0.593750 0.203125 0.566406 0.203125 0.566406 0.214844 0.570312 0.218750 0.570312 0.222656 0.574219 0.222656 0.578125 0.226562 0.585938 0.226562 0.589844 0.230469 0.589844 0.246094 0.585938 0.250000 0.570312 0.250000 0.566406 0.253906 0.546875 0.253906 0.542969 0.250000 0.542969 0.246094 0.539062 0.246094 0.535156 0.242188 0.519531 0.242188 0.519531 0.250000 0.515625 0.253906 0.500000 0.253906 0.496094 0.250000 0.496094 0.230469 0.500000 0.226562 0.515625 0.226562 0.515625 0.210938 0.519531 0.207031 0.523438 0.207031 0.523438 0.195312 0.515625 0.195312 0.511719 0.191406 0.511719 0.156250 0.503906 0.156250 0.503906 0.160156 0.500000 0.164062 0.492188 0.164062 0.492188 0.167969 0.488281 0.171875 0.488281 0.191406 0.476562 0.203125 0.472656 0.203125 0.472656 0.222656 0.468750 0.226562 0.449219 0.226562 0.449219 0.234375 0.453125 0.238281 0.460938 0.238281 0.464844 0.242188 0.472656 0.242188 0.476562 0.246094 0.476562 0.289062 0.472656 0.292969 0.472656 0.304688 0.468750 0.308594 0.421875 0.308594 0.421875 0.359375 0.417969 0.363281 0.417969 0.371094 0.421875 0.375000 0.421875 0.382812 0.425781 0.382812 0.429688 0.386719 0.429688 0.390625 0.453125 0.390625 0.457031 0.394531 0.457031 0.402344 0.460938 0.402344 0.464844 0.406250 0.464844 0.429688 0.460938 0.433594 0.460938 0.437500 0.457031 0.441406 0.457031 0.449219 0.453125 0.453125 0.453125 0.457031 0.445312 0.464844 0.445312 0.468750 0.441406 0.472656 0.441406 0.476562 0.425781 0.492188 0.425781 0.496094 0.421875 0.500000 0.421875 0.511719 0.417969 0.515625 0.414062 0.515625 0.406250 0.523438 0.406250 0.527344 0.390625 0.542969 0.390625 0.546875 0.378906 0.558594 0.378906 0.562500 0.367188 0.574219 0.367188 0.578125 0.359375 0.585938 0.359375 0.589844 0.355469 0.593750 0.355469 0.601562 0.363281 0.609375 0.378906 0.609375 0.378906 0.601562 0.382812 0.597656 0.382812 0.593750 0.386719 0.589844 0.390625 0.589844 0.394531 0.585938 0.398438 0.585938 0.398438 0.574219 0.402344 0.570312 0.449219 0.570312 0.453125 0.566406 0.457031 0.566406 0.457031 0.550781 0.460938 0.546875 0.460938 0.531250 0.457031 0.527344 0.457031 0.503906 0.460938 0.500000 0.464844 0.500000 0.472656 0.492188 0.480469 0.492188 0.484375 0.488281 0.503906 0.488281 0.507812 0.492188 0.515625 0.492188 0.519531 0.488281 0.531250 0.488281 0.531250 0.468750 0.535156 0.464844 0.558594 0.464844 0.562500 0.468750 0.562500 0.472656 0.566406 0.476562 0.566406 0.484375 0.574219 0.484375 0.574219 0.480469 0.578125 0.476562 0.578125 0.472656 0.582031 0.468750 0.585938 0.468750 0.593750 0.460938 0.609375 0.460938 0.609375 0.449219 0.601562 0.449219 0.597656 0.453125 0.558594 0.453125 0.554688 0.449219 0.546875 0.449219 0.542969 0.445312 0.523438 0.445312 0.515625 0.437500 0.515625 0.406250 0.519531 0.402344 0.531250 0.402344 0.531250 0.394531 0.535156 0.390625 0.546875 0.390625 0.550781 0.386719 0.554688 0.386719 0.558594 0.382812 0.562500 0.382812 0.562500 0.375000 0.566406 0.371094 0.566406 0.355469 0.570312 0.351562 0.574219 0.351562 0.578125 0.347656 0.585938 0.347656 0.585938 0.335938 0.589844 0.332031 0.589844 0.320312 0.582031 0.320312 0.578125 0.316406 0.578125 0.289062 0.585938 0.281250 0.589844 0.281250 0.589844 0.277344 0.605469 0.261719 0.605469 0.257812 0.644531 0.218750 0.648438 0.218750 0.660156 0.207031 0.660156 0.203125 0.664062 0.199219 0.691406 0.199219 0.691406 0.171875 0.695312 0.167969 0.695312 0.156250 0.699219 0.152344 0.699219 0.148438 0.703125 0.144531 0.707031 0.144531 0.707031 0.136719 0.710938 0.132812 0.714844 0.132812 0.718750 0.128906 0.722656 0.128906 0.722656 0.125000 0.730469 0.117188 0.730469 0.101562 0.734375 0.097656 0.738281 0.097656 0.738281 0.085938
1 0.753906 0.011719 0.753906 0.046875 0.750000 0.050781 0.750000 0.062500 0.753906 0.066406 0.753906 0.070312 0.761719 0.070312 0.761719 0.062500 0.765625 0.058594 0.765625 0.054688 0.769531 0.050781 0.773438 0.050781 0.773438 0.027344 0.777344 0.023438 0.777344 0.015625 0.769531 0.015625 0.765625 0.011719
1 0.714844 0.000000 0.714844 0.015625 0.722656 0.015625 0.722656 0.000000
