1 0.054688 0.683594 0.046875 0.691406 0.046875 0.695312 0.042969 0.699219 0.042969 0.703125 0.039062 0.707031 0.039062 0.710938 0.035156 0.714844 0.035156 0.718750 0.031250 0.722656 0.031250 0.726562 0.027344 0.730469 0.027344 0.734375 0.023438 0.738281 0.023438 0.742188 0.019531 0.746094 0.019531 0.757812 0.023438 0.757812 0.027344 0.761719 0.027344 0.781250 0.035156 0.781250 0.035156 0.773438 0.039062 0.769531 0.046875 0.769531 0.046875 0.761719 0.050781 0.757812 0.050781 0.750000 0.058594 0.742188 0.058594 0.738281 0.062500 0.734375 0.062500 0.726562 0.066406 0.722656 0.074219 0.722656 0.074219 0.695312 0.066406 0.695312 0.062500 0.691406 0.062500 0.683594
1 0.128906 0.652344 0.128906 0.656250 0.125000 0.660156 0.117188 0.660156 0.109375 0.667969 0.109375 0.675781 0.105469 0.679688 0.097656 0.679688 0.097656 0.687500 0.105469 0.687500 0.105469 0.679688 0.109375 0.675781 0.117188 0.675781 0.125000 0.667969 0.125000 0.664062 0.128906 0.660156 0.140625 0.660156 0.140625 0.652344
1 0.476562 0.609375 0.476562 0.613281 0.472656 0.617188 0.457031 0.617188 0.453125 0.621094 0.453125 0.640625 0.457031 0.640625 0.460938 0.644531 0.460938 0.652344 0.472656 0.664062 0.472656 0.667969 0.480469 0.675781 0.480469 0.691406 0.476562 0.695312 0.476562 0.703125 0.484375 0.703125 0.488281 0.707031 0.488281 0.710938 0.500000 0.710938 0.507812 0.718750 0.507812 0.734375 0.511719 0.738281 0.523438 0.738281 0.527344 0.742188 0.527344 0.753906 0.531250 0.753906 0.535156 0.757812 0.535156 0.765625 0.558594 0.765625 0.562500 0.769531 0.562500 0.773438 0.566406 0.777344 0.609375 0.777344 0.613281 0.781250 0.621094 0.781250 0.625000 0.785156 0.632812 0.785156 0.636719 0.781250 0.636719 0.773438 0.632812 0.769531 0.593750 0.769531 0.589844 0.765625 0.589844 0.753906 0.578125 0.753906 0.574219 0.750000 0.570312 0.750000 0.566406 0.746094 0.550781 0.746094 0.546875 0.742188 0.539062 0.742188 0.535156 0.738281 0.531250 0.738281 0.527344 0.734375 0.527344 0.726562 0.519531 0.718750 0.519531 0.699219 0.523438 0.695312 0.523438 0.679688 0.519531 0.675781 0.503906 0.675781 0.500000 0.671875 0.500000 0.664062 0.496094 0.660156 0.496094 0.656250 0.488281 0.648438 0.488281 0.644531 0.484375 0.640625 0.484375 0.609375
1 0.570312 0.593750 0.570312 0.605469 0.574219 0.609375 0.582031 0.609375 0.589844 0.617188 0.589844 0.632812 0.601562 0.644531 0.601562 0.648438 0.605469 0.652344 0.617188 0.652344 0.625000 0.660156 0.628906 0.660156 0.632812 0.664062 0.632812 0.667969 0.644531 0.679688 0.679688 0.679688 0.683594 0.683594 0.683594 0.687500 0.699219 0.687500 0.703125 0.691406 0.703125 0.695312 0.718750 0.695312 0.718750 0.691406 0.722656 0.687500 0.746094 0.687500 0.746094 0.679688 0.742188 0.679688 0.738281 0.675781 0.738281 0.660156 0.746094 0.652344 0.750000 0.652344 0.753906 0.648438 0.769531 0.648438 0.773438 0.644531 0.773438 0.625000 0.769531 0.621094 0.769531 0.617188 0.765625 0.613281 0.738281 0.613281 0.738281 0.640625 0.730469 0.648438 0.730469 0.652344 0.726562 0.656250 0.703125 0.656250 0.699219 0.660156 0.695312 0.660156 0.695312 0.664062 0.691406 0.667969 0.664062 0.667969 0.660156 0.664062 0.660156 0.660156 0.648438 0.660156 0.644531 0.656250 0.644531 0.644531 0.640625 0.644531 0.636719 0.640625 0.636719 0.636719 0.617188 0.636719 0.609375 0.628906 0.601562 0.628906 0.593750 0.621094 0.593750 0.605469 0.589844 0.601562 0.589844 0.597656 0.585938 0.597656 0.582031 0.593750
1 0.195312 0.578125 0.191406 0.582031 0.187500 0.582031 0.183594 0.585938 0.179688 0.585938 0.160156 0.605469 0.156250 0.605469 0.156250 0.613281 0.164062 0.621094 0.164062 0.628906 0.171875 0.628906 0.179688 0.621094 0.183594 0.621094 0.187500 0.617188 0.195312 0.617188 0.199219 0.613281 0.210938 0.613281 0.214844 0.609375 0.218750 0.609375 0.222656 0.605469 0.234375 0.605469 0.234375 0.582031 0.210938 0.582031 0.207031 0.578125
1 0.714844 0.570312 0.714844 0.582031 0.710938 0.585938 0.695312 0.585938 0.695312 0.597656 0.703125 0.597656 0.707031 0.601562 0.714844 0.601562 0.714844 0.593750 0.718750 0.589844 0.730469 0.589844 0.730469 0.578125 0.726562 0.578125 0.722656 0.574219 0.722656 0.570312
1 0.234375 0.542969 0.234375 0.546875 0.230469 0.550781 0.230469 0.558594 0.238281 0.558594 0.238281 0.554688 0.242188 0.550781 0.242188 0.542969
1 0.906250 0.421875 0.906250 0.433594 0.910156 0.437500 0.910156 0.441406 0.914062 0.445312 0.925781 0.445312 0.925781 0.437500 0.921875 0.433594 0.921875 0.429688 0.914062 0.421875
1 0.343750 0.378906 0.343750 0.386719 0.351562 0.386719 0.351562 0.378906
1 0.792969 0.320312 0.792969 0.332031 0.789062 0.335938 0.781250 0.335938 0.781250 0.347656 0.785156 0.351562 0.804688 0.351562 0.808594 0.355469 0.816406 0.355469 0.816406 0.347656 0.808594 0.347656 0.804688 0.343750 0.804688 0.320312
1 0.714844 0.296875 0.714844 0.300781 0.707031 0.308594 0.699219 0.308594 0.695312 0.312500 0.691406 0.312500 0.687500 0.316406 0.687500 0.332031 0.691406 0.332031 0.695312 0.335938 0.703125 0.335938 0.707031 0.339844 0.707031 0.347656 0.734375 0.347656 0.734375 0.332031 0.738281 0.328125 0.746094 0.328125 0.746094 0.312500 0.742188 0.312500 0.738281 0.308594 0.738281 0.296875
1 0.851562 0.250000 0.851562 0.253906 0.843750 0.261719 0.839844 0.261719 0.839844 0.281250 0.863281 0.281250 0.867188 0.285156 0.867188 0.300781 0.863281 0.304688 0.863281 0.312500 0.871094 0.312500 0.878906 0.320312 0.878906 0.324219 0.886719 0.332031 0.886719 0.355469 0.890625 0.359375 0.894531 0.359375 0.898438 0.363281 0.898438 0.394531 0.914062 0.394531 0.914062 0.386719 0.917969 0.382812 0.917969 0.371094 0.914062 0.367188 0.914062 0.363281 0.910156 0.363281 0.906250 0.359375 0.906250 0.335938 0.902344 0.335938 0.898438 0.332031 0.898438 0.304688 0.894531 0.300781 0.894531 0.296875 0.890625 0.292969 0.890625 0.289062 0.886719 0.289062 0.882812 0.285156 0.882812 0.281250 0.878906 0.281250 0.875000 0.277344 0.875000 0.265625 0.871094 0.265625 0.863281 0.257812 0.863281 0.250000
1 0.535156 0.246094 0.535156 0.250000 0.531250 0.253906 0.511719 0.253906 0.507812 0.257812 0.503906 0.257812 0.500000 0.261719 0.500000 0.265625 0.496094 0.269531 0.496094 0.273438 0.492188 0.277344 0.492188 0.285156 0.484375 0.292969 0.484375 0.312500 0.480469 0.316406 0.472656 0.316406 0.472656 0.324219 0.480469 0.332031 0.480469 0.371094 0.488281 0.371094 0.492188 0.375000 0.496094 0.375000 0.500000 0.378906 0.503906 0.378906 0.507812 0.382812 0.507812 0.398438 0.503906 0.402344 0.503906 0.410156 0.500000 0.414062 0.500000 0.441406 0.496094 0.445312 0.492188 0.445312 0.492188 0.453125 0.488281 0.457031 0.457031 0.457031 0.453125 0.453125 0.453125 0.441406 0.425781 0.441406 0.421875 0.437500 0.421875 0.429688 0.417969 0.429688 0.414062 0.425781 0.414062 0.421875 0.406250 0.421875 0.402344 0.417969 0.402344 0.402344 0.406250 0.398438 0.414062 0.398438 0.417969 0.394531 0.437500 0.394531 0.441406 0.398438 0.441406 0.410156 0.449219 0.410156 0.453125 0.406250 0.453125 0.398438 0.457031 0.394531 0.457031 0.378906 0.453125 0.378906 0.449219 0.375000 0.449219 0.347656 0.445312 0.343750 0.445312 0.339844 0.429688 0.339844 0.425781 0.343750 0.402344 0.343750 0.398438 0.339844 0.398438 0.308594 0.394531 0.304688 0.386719 0.304688 0.386719 0.335938 0.390625 0.339844 0.390625 0.363281 0.386719 0.367188 0.382812 0.367188 0.382812 0.390625 0.378906 0.394531 0.375000 0.394531 0.371094 0.398438 0.359375 0.398438 0.359375 0.406250 0.355469 0.410156 0.351562 0.410156 0.351562 0.433594 0.347656 0.437500 0.312500 0.437500 0.308594 0.433594 0.308594 0.429688 0.300781 0.429688 0.292969 0.437500 0.277344 0.437500 0.273438 0.433594 0.273438 0.429688 0.269531 0.425781 0.269531 0.398438 0.273438 0.394531 0.273438 0.390625 0.277344 0.386719 0.277344 0.382812 0.281250 0.378906 0.281250 0.367188 0.285156 0.363281 0.285156 0.359375 0.289062 0.355469 0.289062 0.339844 0.273438 0.339844 0.273438 0.347656 0.269531 0.351562 0.269531 0.378906 0.265625 0.382812 0.265625 0.406250 0.261719 0.410156 0.261719 0.433594 0.257812 0.437500 0.257812 0.457031 0.253906 0.460938 0.253906 0.472656 0.250000 0.476562 0.250000 0.531250 0.265625 0.531250 0.269531 0.535156 0.269531 0.539062 0.273438 0.539062 0.281250 0.546875 0.292969 0.546875 0.296875 0.550781 0.312500 0.550781 0.316406 0.546875 0.332031 0.546875 0.335938 0.542969 0.382812 0.542969 0.386719 0.539062 0.425781 0.539062 0.433594 0.546875 0.441406 0.546875 0.445312 0.550781 0.453125 0.550781 0.453125 0.546875 0.457031 0.542969 0.476562 0.542969 0.480469 0.546875 0.480469 0.574219 0.488281 0.574219 0.488281 0.554688 0.496094 0.546875 0.527344 0.546875 0.531250 0.550781 0.531250 0.578125 0.535156 0.578125 0.539062 0.582031 0.550781 0.582031 0.554688 0.585938 0.554688 0.589844 0.562500 0.589844 0.562500 0.582031 0.554688 0.582031 0.550781 0.578125 0.550781 0.574219 0.546875 0.570312 0.546875 0.562500 0.542969 0.558594 0.542969 0.539062 0.550781 0.531250 0.570312 0.531250 0.578125 0.539062 0.578125 0.546875 0.585938 0.546875 0.585938 0.542969 0.589844 0.539062 0.605469 0.539062 0.609375 0.542969 0.609375 0.554688 0.621094 0.554688 0.621094 0.546875 0.625000 0.542969 0.625000 0.535156 0.628906 0.531250 0.632812 0.531250 0.632812 0.523438 0.640625 0.515625 0.656250 0.515625 0.660156 0.519531 0.660156 0.523438 0.667969 0.523438 0.671875 0.519531 0.679688 0.519531 0.683594 0.515625 0.683594 0.507812 0.687500 0.503906 0.691406 0.503906 0.695312 0.500000 0.738281 0.500000 0.746094 0.507812 0.750000 0.507812 0.757812 0.515625 0.816406 0.515625 0.820312 0.511719 0.828125 0.511719 0.828125 0.488281 0.816406 0.488281 0.808594 0.496094 0.792969 0.496094 0.789062 0.492188 0.765625 0.492188 0.761719 0.496094 0.730469 0.496094 0.726562 0.492188 0.726562 0.488281 0.722656 0.484375 0.710938 0.484375 0.707031 0.480469 0.703125 0.480469 0.699219 0.476562 0.691406 0.476562 0.687500 0.480469 0.683594 0.480469 0.679688 0.484375 0.667969 0.484375 0.660156 0.492188 0.644531 0.492188 0.636719 0.484375 0.625000 0.484375 0.617188 0.492188 0.605469 0.492188 0.601562 0.496094 0.578125 0.496094 0.578125 0.500000 0.574219 0.503906 0.546875 0.503906 0.542969 0.500000 0.542969 0.496094 0.535156 0.488281 0.523438 0.488281 0.511719 0.476562 0.511719 0.453125 0.515625 0.449219 0.519531 0.449219 0.523438 0.445312 0.523438 0.414062 0.519531 0.410156 0.519531 0.386719 0.523438 0.382812 0.535156 0.382812 0.535156 0.378906 0.539062 0.375000 0.554688 0.375000 0.558594 0.378906 0.578125 0.378906 0.578125 0.324219 0.589844 0.312500 0.593750 0.312500 0.593750 0.300781 0.597656 0.296875 0.597656 0.273438 0.601562 0.269531 0.605469 0.269531 0.605469 0.261719 0.597656 0.261719 0.597656 0.265625 0.593750 0.269531 0.554688 0.269531 0.550781 0.265625 0.550781 0.246094
1 0.632812 0.191406 0.632812 0.195312 0.628906 0.199219 0.628906 0.203125 0.625000 0.207031 0.625000 0.218750 0.628906 0.218750 0.632812 0.222656 0.632812 0.238281 0.636719 0.242188 0.644531 0.242188 0.648438 0.246094 0.656250 0.246094 0.660156 0.242188 0.675781 0.242188 0.679688 0.246094 0.687500 0.246094 0.695312 0.238281 0.695312 0.226562 0.687500 0.218750 0.687500 0.214844 0.683594 0.214844 0.675781 0.207031 0.652344 0.207031 0.648438 0.203125 0.648438 0.191406
1 0.601562 0.105469 0.601562 0.117188 0.632812 0.117188 0.636719 0.121094 0.664062 0.121094 0.667969 0.125000 0.667969 0.140625 0.664062 0.144531 0.664062 0.152344 0.671875 0.152344 0.683594 0.164062 0.683594 0.167969 0.691406 0.167969 0.691406 0.156250 0.695312 0.152344 0.699219 0.152344 0.699219 0.148438 0.703125 0.144531 0.738281 0.144531 0.738281 0.136719 0.734375 0.136719 0.730469 0.132812 0.718750 0.132812 0.714844 0.128906 0.714844 0.125000 0.710938 0.125000 0.707031 0.121094 0.707031 0.117188 0.683594 0.117188 0.679688 0.113281 0.652344 0.113281 0.648438 0.109375 0.648438 0.105469
