1 0.308594 0.828125 0.308594 0.847656 0.304688 0.851562 0.304688 0.863281 0.300781 0.867188 0.300781 0.878906 0.296875 0.882812 0.292969 0.882812 0.292969 0.902344 0.296875 0.906250 0.296875 0.925781 0.308594 0.925781 0.308594 0.910156 0.312500 0.906250 0.312500 0.894531 0.316406 0.890625 0.316406 0.886719 0.320312 0.882812 0.320312 0.851562 0.316406 0.847656 0.316406 0.828125
1 0.320312 0.742188 0.320312 0.761719 0.324219 0.765625 0.324219 0.781250 0.320312 0.785156 0.320312 0.792969 0.328125 0.792969 0.328125 0.777344 0.332031 0.773438 0.332031 0.769531 0.335938 0.765625 0.343750 0.765625 0.343750 0.757812 0.339844 0.757812 0.332031 0.750000 0.332031 0.742188
1 0.242188 0.734375 0.242188 0.742188 0.246094 0.746094 0.250000 0.746094 0.253906 0.750000 0.261719 0.750000 0.269531 0.757812 0.285156 0.757812 0.289062 0.753906 0.289062 0.742188 0.277344 0.742188 0.273438 0.738281 0.253906 0.738281 0.250000 0.734375
1 0.218750 0.722656 0.218750 0.730469 0.226562 0.730469 0.226562 0.722656
1 0.066406 0.648438 0.066406 0.656250 0.078125 0.667969 0.082031 0.667969 0.085938 0.671875 0.093750 0.671875 0.093750 0.664062 0.089844 0.660156 0.085938 0.660156 0.074219 0.648438
1 0.039062 0.589844 0.039062 0.605469 0.050781 0.605469 0.050781 0.597656 0.046875 0.593750 0.046875 0.589844
1 0.183594 0.550781 0.183594 0.558594 0.191406 0.558594 0.191406 0.550781
1 0.226562 0.546875 0.226562 0.554688 0.234375 0.554688 0.234375 0.546875
1 0.054688 0.531250 0.054688 0.535156 0.039062 0.550781 0.039062 0.558594 0.046875 0.558594 0.058594 0.546875 0.062500 0.546875 0.062500 0.531250
1 0.578125 0.496094 0.574219 0.500000 0.574219 0.507812 0.570312 0.511719 0.566406 0.511719 0.566406 0.527344 0.574219 0.527344 0.578125 0.523438 0.582031 0.523438 0.585938 0.519531 0.605469 0.519531 0.605469 0.511719 0.589844 0.511719 0.585938 0.507812 0.585938 0.496094
1 0.222656 0.460938 0.222656 0.472656 0.226562 0.472656 0.230469 0.476562 0.238281 0.476562 0.238281 0.460938
1 0.589844 0.363281 0.589844 0.371094 0.597656 0.371094 0.597656 0.363281
1 0.542969 0.355469 0.542969 0.363281 0.546875 0.367188 0.558594 0.367188 0.558594 0.359375 0.554688 0.355469
1 0.671875 0.312500 0.671875 0.320312 0.664062 0.328125 0.652344 0.328125 0.648438 0.332031 0.644531 0.332031 0.644531 0.335938 0.640625 0.339844 0.625000 0.339844 0.621094 0.343750 0.617188 0.343750 0.617188 0.351562 0.625000 0.351562 0.628906 0.347656 0.687500 0.347656 0.691406 0.351562 0.691406 0.363281 0.699219 0.363281 0.699219 0.359375 0.703125 0.355469 0.703125 0.351562 0.710938 0.343750 0.710938 0.335938 0.695312 0.320312 0.695312 0.316406 0.691406 0.312500
1 0.484375 0.304688 0.484375 0.308594 0.480469 0.312500 0.476562 0.312500 0.476562 0.324219 0.468750 0.332031 0.429688 0.332031 0.425781 0.335938 0.425781 0.339844 0.421875 0.343750 0.410156 0.343750 0.410156 0.347656 0.406250 0.351562 0.394531 0.351562 0.390625 0.355469 0.386719 0.355469 0.382812 0.359375 0.378906 0.359375 0.371094 0.367188 0.367188 0.367188 0.367188 0.375000 0.363281 0.378906 0.363281 0.382812 0.359375 0.386719 0.343750 0.386719 0.339844 0.382812 0.339844 0.378906 0.328125 0.378906 0.324219 0.382812 0.324219 0.390625 0.316406 0.398438 0.296875 0.398438 0.292969 0.402344 0.281250 0.402344 0.281250 0.406250 0.273438 0.414062 0.265625 0.414062 0.265625 0.417969 0.261719 0.421875 0.246094 0.421875 0.246094 0.433594 0.250000 0.437500 0.250000 0.453125 0.257812 0.453125 0.261719 0.457031 0.292969 0.457031 0.300781 0.464844 0.351562 0.464844 0.367188 0.480469 0.367188 0.507812 0.363281 0.511719 0.363281 0.519531 0.371094 0.519531 0.371094 0.515625 0.375000 0.511719 0.390625 0.511719 0.394531 0.515625 0.394531 0.531250 0.390625 0.535156 0.390625 0.539062 0.375000 0.554688 0.347656 0.554688 0.343750 0.558594 0.339844 0.558594 0.339844 0.578125 0.335938 0.582031 0.308594 0.582031 0.304688 0.578125 0.304688 0.574219 0.296875 0.566406 0.265625 0.566406 0.265625 0.574219 0.285156 0.574219 0.289062 0.578125 0.289062 0.582031 0.292969 0.585938 0.292969 0.593750 0.304688 0.593750 0.308594 0.597656 0.308594 0.601562 0.312500 0.605469 0.332031 0.605469 0.335938 0.609375 0.335938 0.640625 0.324219 0.652344 0.320312 0.652344 0.316406 0.656250 0.300781 0.656250 0.300781 0.660156 0.289062 0.671875 0.281250 0.671875 0.281250 0.683594 0.285156 0.687500 0.285156 0.695312 0.289062 0.695312 0.292969 0.699219 0.292969 0.703125 0.300781 0.703125 0.304688 0.707031 0.304688 0.718750 0.324219 0.718750 0.324219 0.710938 0.332031 0.703125 0.355469 0.703125 0.355469 0.640625 0.359375 0.636719 0.359375 0.628906 0.363281 0.625000 0.378906 0.625000 0.378906 0.613281 0.382812 0.609375 0.410156 0.609375 0.414062 0.613281 0.414062 0.617188 0.425781 0.617188 0.425781 0.601562 0.429688 0.597656 0.453125 0.597656 0.457031 0.593750 0.457031 0.585938 0.464844 0.578125 0.464844 0.570312 0.468750 0.566406 0.492188 0.566406 0.496094 0.570312 0.496094 0.597656 0.507812 0.597656 0.515625 0.589844 0.519531 0.589844 0.523438 0.585938 0.527344 0.585938 0.527344 0.566406 0.531250 0.562500 0.554688 0.562500 0.554688 0.550781 0.558594 0.546875 0.558594 0.531250 0.546875 0.531250 0.542969 0.535156 0.542969 0.539062 0.539062 0.542969 0.531250 0.542969 0.527344 0.546875 0.511719 0.546875 0.507812 0.542969 0.507812 0.527344 0.515625 0.519531 0.515625 0.503906 0.519531 0.500000 0.519531 0.492188 0.523438 0.488281 0.535156 0.488281 0.539062 0.484375 0.546875 0.484375 0.546875 0.480469 0.550781 0.476562 0.550781 0.472656 0.554688 0.468750 0.566406 0.468750 0.566406 0.457031 0.574219 0.449219 0.578125 0.449219 0.582031 0.445312 0.585938 0.445312 0.593750 0.437500 0.593750 0.425781 0.570312 0.425781 0.566406 0.421875 0.566406 0.410156 0.558594 0.410156 0.554688 0.414062 0.554688 0.421875 0.558594 0.425781 0.558594 0.441406 0.550781 0.449219 0.546875 0.449219 0.542969 0.453125 0.535156 0.453125 0.531250 0.457031 0.515625 0.457031 0.511719 0.453125 0.507812 0.453125 0.500000 0.445312 0.500000 0.390625 0.503906 0.386719 0.507812 0.386719 0.507812 0.375000 0.503906 0.371094 0.503906 0.355469 0.511719 0.347656 0.511719 0.328125 0.515625 0.324219 0.515625 0.304688
1 0.300781 0.304688 0.292969 0.312500 0.292969 0.320312 0.296875 0.320312 0.300781 0.324219 0.320312 0.324219 0.324219 0.328125 0.324219 0.332031 0.332031 0.332031 0.335938 0.335938 0.335938 0.339844 0.351562 0.339844 0.351562 0.328125 0.339844 0.328125 0.335938 0.324219 0.335938 0.308594 0.320312 0.308594 0.316406 0.304688
1 0.390625 0.292969 0.390625 0.304688 0.402344 0.304688 0.406250 0.300781 0.406250 0.292969
1 0.734375 0.285156 0.734375 0.289062 0.730469 0.292969 0.726562 0.292969 0.722656 0.296875 0.722656 0.308594 0.738281 0.308594 0.738281 0.304688 0.742188 0.300781 0.742188 0.285156
1 0.363281 0.277344 0.359375 0.281250 0.343750 0.281250 0.339844 0.285156 0.339844 0.300781 0.359375 0.300781 0.371094 0.289062 0.378906 0.289062 0.378906 0.277344
1 0.531250 0.156250 0.527344 0.160156 0.523438 0.160156 0.523438 0.179688 0.527344 0.183594 0.527344 0.191406 0.554688 0.191406 0.562500 0.183594 0.562500 0.171875 0.558594 0.167969 0.558594 0.164062 0.554688 0.160156 0.550781 0.160156 0.546875 0.156250
