1 0.828125 0.855469 0.828125 0.871094 0.843750 0.871094 0.855469 0.882812 0.855469 0.886719 0.859375 0.886719 0.867188 0.894531 0.871094 0.894531 0.875000 0.898438 0.875000 0.906250 0.878906 0.910156 0.878906 0.917969 0.886719 0.925781 0.890625 0.925781 0.898438 0.933594 0.898438 0.937500 0.902344 0.937500 0.906250 0.941406 0.906250 0.945312 0.917969 0.945312 0.925781 0.953125 0.937500 0.953125 0.941406 0.957031 0.941406 0.960938 0.984375 0.960938 0.984375 0.957031 0.988281 0.953125 0.996094 0.953125 0.996094 0.941406 0.988281 0.941406 0.984375 0.945312 0.960938 0.945312 0.957031 0.941406 0.957031 0.933594 0.953125 0.933594 0.949219 0.929688 0.941406 0.929688 0.933594 0.921875 0.925781 0.921875 0.914062 0.910156 0.910156 0.910156 0.898438 0.898438 0.894531 0.898438 0.890625 0.894531 0.878906 0.894531 0.875000 0.890625 0.875000 0.882812 0.867188 0.882812 0.859375 0.875000 0.859375 0.871094 0.855469 0.867188 0.855469 0.863281 0.851562 0.863281 0.847656 0.859375 0.843750 0.859375 0.839844 0.855469
1 0.808594 0.832031 0.808594 0.843750 0.816406 0.843750 0.816406 0.832031
1 0.773438 0.816406 0.769531 0.820312 0.769531 0.828125 0.773438 0.832031 0.781250 0.832031 0.781250 0.828125 0.785156 0.824219 0.789062 0.824219 0.789062 0.816406
1 0.445312 0.699219 0.441406 0.703125 0.441406 0.710938 0.457031 0.710938 0.457031 0.699219
1 0.359375 0.664062 0.359375 0.683594 0.363281 0.687500 0.394531 0.687500 0.398438 0.691406 0.398438 0.695312 0.402344 0.699219 0.406250 0.699219 0.410156 0.703125 0.410156 0.707031 0.417969 0.707031 0.417969 0.699219 0.414062 0.695312 0.414062 0.691406 0.410156 0.687500 0.410156 0.671875 0.406250 0.667969 0.394531 0.667969 0.390625 0.671875 0.371094 0.671875 0.367188 0.667969 0.367188 0.664062
1 0.488281 0.632812 0.488281 0.640625 0.496094 0.640625 0.496094 0.632812
1 0.589844 0.617188 0.585938 0.621094 0.582031 0.621094 0.582031 0.644531 0.589844 0.652344 0.589844 0.683594 0.585938 0.687500 0.570312 0.687500 0.566406 0.683594 0.542969 0.683594 0.539062 0.679688 0.523438 0.679688 0.519531 0.675781 0.511719 0.675781 0.503906 0.683594 0.503906 0.699219 0.507812 0.703125 0.511719 0.703125 0.515625 0.707031 0.519531 0.707031 0.523438 0.710938 0.539062 0.710938 0.542969 0.707031 0.566406 0.707031 0.570312 0.710938 0.597656 0.710938 0.601562 0.707031 0.621094 0.707031 0.625000 0.710938 0.632812 0.710938 0.636719 0.714844 0.667969 0.714844 0.675781 0.722656 0.679688 0.722656 0.683594 0.726562 0.683594 0.746094 0.703125 0.746094 0.707031 0.750000 0.710938 0.750000 0.714844 0.753906 0.714844 0.761719 0.718750 0.765625 0.718750 0.789062 0.726562 0.789062 0.730469 0.792969 0.730469 0.800781 0.738281 0.800781 0.738281 0.785156 0.742188 0.781250 0.753906 0.781250 0.753906 0.769531 0.750000 0.769531 0.746094 0.765625 0.726562 0.765625 0.722656 0.761719 0.722656 0.750000 0.718750 0.750000 0.714844 0.746094 0.714844 0.734375 0.710938 0.730469 0.710938 0.726562 0.707031 0.726562 0.703125 0.722656 0.695312 0.722656 0.691406 0.718750 0.691406 0.695312 0.687500 0.691406 0.687500 0.683594 0.679688 0.683594 0.679688 0.687500 0.675781 0.691406 0.660156 0.691406 0.656250 0.687500 0.652344 0.687500 0.640625 0.675781 0.640625 0.667969 0.632812 0.660156 0.632812 0.644531 0.636719 0.640625 0.636719 0.632812 0.632812 0.628906 0.632812 0.625000 0.609375 0.625000 0.605469 0.621094 0.601562 0.621094 0.597656 0.617188
1 0.261719 0.605469 0.261719 0.617188 0.273438 0.617188 0.273438 0.609375 0.269531 0.605469
1 0.402344 0.578125 0.402344 0.589844 0.406250 0.589844 0.410156 0.593750 0.414062 0.593750 0.417969 0.597656 0.429688 0.597656 0.433594 0.601562 0.433594 0.609375 0.437500 0.613281 0.445312 0.613281 0.445312 0.609375 0.449219 0.605469 0.453125 0.605469 0.453125 0.593750 0.457031 0.589844 0.476562 0.589844 0.476562 0.582031 0.468750 0.582031 0.464844 0.585938 0.421875 0.585938 0.417969 0.582031 0.414062 0.582031 0.410156 0.578125
1 0.207031 0.566406 0.207031 0.574219 0.214844 0.582031 0.222656 0.582031 0.230469 0.589844 0.238281 0.589844 0.238281 0.582031 0.234375 0.578125 0.230469 0.578125 0.218750 0.566406
1 0.339844 0.468750 0.339844 0.476562 0.347656 0.484375 0.390625 0.484375 0.394531 0.488281 0.402344 0.488281 0.402344 0.480469 0.390625 0.480469 0.386719 0.476562 0.386719 0.472656 0.363281 0.472656 0.359375 0.468750
1 0.160156 0.460938 0.156250 0.464844 0.136719 0.464844 0.136719 0.472656 0.144531 0.472656 0.148438 0.476562 0.148438 0.500000 0.152344 0.500000 0.156250 0.503906 0.164062 0.503906 0.164062 0.488281 0.167969 0.484375 0.179688 0.484375 0.179688 0.468750 0.171875 0.460938
1 0.253906 0.355469 0.246094 0.363281 0.246094 0.375000 0.265625 0.375000 0.273438 0.382812 0.273438 0.386719 0.277344 0.390625 0.277344 0.398438 0.281250 0.402344 0.281250 0.437500 0.273438 0.445312 0.253906 0.445312 0.253906 0.457031 0.250000 0.460938 0.250000 0.468750 0.261719 0.468750 0.265625 0.472656 0.281250 0.472656 0.285156 0.476562 0.296875 0.476562 0.296875 0.453125 0.300781 0.449219 0.304688 0.449219 0.304688 0.433594 0.300781 0.429688 0.300781 0.414062 0.304688 0.410156 0.328125 0.410156 0.328125 0.394531 0.304688 0.394531 0.300781 0.390625 0.300781 0.367188 0.296875 0.363281 0.292969 0.363281 0.289062 0.359375 0.277344 0.359375 0.273438 0.355469
1 0.457031 0.320312 0.453125 0.324219 0.449219 0.324219 0.449219 0.359375 0.445312 0.363281 0.445312 0.375000 0.449219 0.378906 0.460938 0.378906 0.464844 0.375000 0.472656 0.375000 0.472656 0.335938 0.468750 0.332031 0.468750 0.324219 0.464844 0.320312
1 0.222656 0.156250 0.222656 0.160156 0.218750 0.164062 0.214844 0.164062 0.214844 0.167969 0.207031 0.175781 0.199219 0.175781 0.199219 0.183594 0.203125 0.183594 0.207031 0.187500 0.207031 0.199219 0.214844 0.199219 0.218750 0.203125 0.218750 0.207031 0.222656 0.207031 0.226562 0.210938 0.226562 0.214844 0.238281 0.214844 0.242188 0.218750 0.242188 0.226562 0.246094 0.230469 0.246094 0.246094 0.238281 0.253906 0.226562 0.253906 0.218750 0.261719 0.210938 0.261719 0.210938 0.273438 0.199219 0.285156 0.191406 0.285156 0.191406 0.296875 0.195312 0.296875 0.199219 0.300781 0.199219 0.304688 0.214844 0.304688 0.218750 0.300781 0.218750 0.292969 0.226562 0.285156 0.242188 0.285156 0.242188 0.281250 0.246094 0.277344 0.289062 0.277344 0.296875 0.285156 0.296875 0.308594 0.304688 0.316406 0.304688 0.339844 0.316406 0.339844 0.324219 0.347656 0.324219 0.359375 0.335938 0.371094 0.371094 0.371094 0.375000 0.375000 0.375000 0.398438 0.371094 0.402344 0.371094 0.417969 0.382812 0.417969 0.386719 0.414062 0.402344 0.414062 0.406250 0.417969 0.406250 0.429688 0.410156 0.429688 0.414062 0.433594 0.414062 0.437500 0.429688 0.437500 0.433594 0.441406 0.433594 0.449219 0.437500 0.453125 0.437500 0.484375 0.433594 0.488281 0.425781 0.488281 0.421875 0.492188 0.421875 0.500000 0.445312 0.500000 0.449219 0.503906 0.460938 0.503906 0.464844 0.500000 0.484375 0.500000 0.492188 0.507812 0.492188 0.511719 0.507812 0.511719 0.511719 0.515625 0.511719 0.527344 0.523438 0.539062 0.523438 0.546875 0.527344 0.546875 0.542969 0.562500 0.546875 0.562500 0.550781 0.566406 0.550781 0.570312 0.562500 0.582031 0.562500 0.585938 0.574219 0.585938 0.574219 0.578125 0.585938 0.566406 0.589844 0.566406 0.589844 0.562500 0.593750 0.558594 0.593750 0.554688 0.597656 0.550781 0.601562 0.550781 0.601562 0.542969 0.597656 0.542969 0.589844 0.535156 0.585938 0.535156 0.582031 0.531250 0.578125 0.531250 0.574219 0.527344 0.570312 0.527344 0.566406 0.523438 0.566406 0.519531 0.562500 0.515625 0.562500 0.507812 0.558594 0.503906 0.558594 0.488281 0.542969 0.488281 0.539062 0.484375 0.531250 0.484375 0.531250 0.507812 0.527344 0.511719 0.511719 0.511719 0.507812 0.507812 0.507812 0.496094 0.500000 0.496094 0.496094 0.492188 0.496094 0.484375 0.492188 0.480469 0.492188 0.476562 0.488281 0.476562 0.480469 0.468750 0.480469 0.449219 0.476562 0.445312 0.476562 0.437500 0.472656 0.437500 0.464844 0.429688 0.464844 0.414062 0.437500 0.414062 0.433594 0.410156 0.433594 0.406250 0.421875 0.406250 0.414062 0.398438 0.414062 0.390625 0.402344 0.390625 0.398438 0.386719 0.398438 0.328125 0.382812 0.328125 0.378906 0.324219 0.378906 0.320312 0.375000 0.320312 0.371094 0.316406 0.367188 0.316406 0.363281 0.312500 0.359375 0.312500 0.355469 0.308594 0.355469 0.300781 0.351562 0.296875 0.351562 0.253906 0.347656 0.250000 0.347656 0.246094 0.343750 0.246094 0.339844 0.242188 0.339844 0.222656 0.332031 0.214844 0.332031 0.207031 0.324219 0.207031 0.316406 0.199219 0.308594 0.199219 0.300781 0.207031 0.289062 0.207031 0.289062 0.210938 0.285156 0.214844 0.285156 0.218750 0.277344 0.226562 0.253906 0.226562 0.250000 0.222656 0.250000 0.218750 0.246094 0.218750 0.242188 0.214844 0.242188 0.171875 0.238281 0.167969 0.238281 0.160156 0.234375 0.156250
