1 0.265625 0.914062 0.265625 0.933594 0.261719 0.937500 0.253906 0.937500 0.250000 0.941406 0.242188 0.941406 0.242188 0.945312 0.238281 0.949219 0.238281 0.957031 0.246094 0.957031 0.250000 0.960938 0.250000 0.972656 0.253906 0.976562 0.253906 0.980469 0.257812 0.984375 0.261719 0.984375 0.265625 0.988281 0.265625 0.996094 0.289062 0.996094 0.289062 0.988281 0.281250 0.980469 0.281250 0.968750 0.277344 0.964844 0.277344 0.960938 0.273438 0.957031 0.273438 0.937500 0.277344 0.933594 0.281250 0.933594 0.285156 0.929688 0.285156 0.917969 0.281250 0.917969 0.277344 0.914062
1 0.335938 0.878906 0.332031 0.882812 0.332031 0.902344 0.328125 0.906250 0.316406 0.906250 0.312500 0.910156 0.312500 0.917969 0.355469 0.917969 0.363281 0.925781 0.414062 0.925781 0.417969 0.921875 0.421875 0.921875 0.421875 0.917969 0.429688 0.910156 0.449219 0.910156 0.449219 0.902344 0.441406 0.902344 0.437500 0.898438 0.425781 0.898438 0.421875 0.894531 0.414062 0.894531 0.414062 0.906250 0.410156 0.910156 0.406250 0.910156 0.402344 0.914062 0.394531 0.914062 0.390625 0.917969 0.375000 0.917969 0.371094 0.914062 0.367188 0.914062 0.363281 0.910156 0.351562 0.910156 0.347656 0.906250 0.347656 0.886719 0.343750 0.882812 0.343750 0.878906
1 0.519531 0.855469 0.515625 0.859375 0.511719 0.859375 0.503906 0.867188 0.500000 0.867188 0.500000 0.871094 0.496094 0.875000 0.468750 0.875000 0.468750 0.890625 0.472656 0.894531 0.480469 0.894531 0.484375 0.890625 0.496094 0.890625 0.500000 0.886719 0.503906 0.886719 0.503906 0.878906 0.511719 0.871094 0.519531 0.871094 0.523438 0.867188 0.531250 0.867188 0.531250 0.859375 0.527344 0.855469
1 0.570312 0.781250 0.570312 0.789062 0.589844 0.789062 0.593750 0.792969 0.593750 0.796875 0.601562 0.804688 0.632812 0.804688 0.632812 0.796875 0.628906 0.792969 0.628906 0.789062 0.625000 0.789062 0.621094 0.785156 0.589844 0.785156 0.585938 0.781250
1 0.519531 0.765625 0.515625 0.769531 0.511719 0.769531 0.507812 0.773438 0.500000 0.773438 0.496094 0.777344 0.488281 0.777344 0.484375 0.781250 0.480469 0.781250 0.476562 0.785156 0.460938 0.785156 0.460938 0.792969 0.472656 0.792969 0.476562 0.796875 0.480469 0.796875 0.484375 0.800781 0.484375 0.820312 0.496094 0.820312 0.500000 0.824219 0.519531 0.824219 0.523438 0.820312 0.531250 0.820312 0.531250 0.812500 0.535156 0.808594 0.542969 0.808594 0.542969 0.804688 0.546875 0.800781 0.546875 0.789062 0.539062 0.789062 0.535156 0.785156 0.531250 0.785156 0.527344 0.781250 0.527344 0.765625
1 0.671875 0.742188 0.671875 0.753906 0.675781 0.753906 0.679688 0.757812 0.683594 0.757812 0.687500 0.761719 0.695312 0.761719 0.695312 0.750000 0.691406 0.750000 0.687500 0.746094 0.687500 0.742188
1 0.710938 0.722656 0.710938 0.730469 0.718750 0.730469 0.718750 0.722656
1 0.621094 0.718750 0.621094 0.730469 0.628906 0.730469 0.628906 0.718750
1 0.230469 0.625000 0.230469 0.632812 0.226562 0.636719 0.226562 0.640625 0.222656 0.644531 0.222656 0.667969 0.218750 0.671875 0.218750 0.679688 0.222656 0.679688 0.226562 0.683594 0.226562 0.687500 0.230469 0.691406 0.230469 0.707031 0.242188 0.707031 0.242188 0.699219 0.246094 0.695312 0.250000 0.695312 0.250000 0.671875 0.246094 0.667969 0.246094 0.644531 0.242188 0.640625 0.242188 0.628906 0.238281 0.625000
1 0.378906 0.617188 0.378906 0.621094 0.375000 0.625000 0.367188 0.625000 0.367188 0.628906 0.363281 0.632812 0.355469 0.632812 0.355469 0.664062 0.347656 0.671875 0.332031 0.671875 0.328125 0.667969 0.316406 0.667969 0.312500 0.671875 0.300781 0.671875 0.300781 0.691406 0.296875 0.695312 0.273438 0.695312 0.269531 0.699219 0.269531 0.714844 0.265625 0.718750 0.246094 0.718750 0.246094 0.730469 0.250000 0.734375 0.250000 0.742188 0.253906 0.742188 0.257812 0.746094 0.257812 0.753906 0.265625 0.753906 0.269531 0.757812 0.269531 0.796875 0.265625 0.800781 0.261719 0.800781 0.257812 0.804688 0.234375 0.804688 0.230469 0.808594 0.226562 0.808594 0.226562 0.824219 0.222656 0.828125 0.218750 0.828125 0.218750 0.835938 0.246094 0.835938 0.246094 0.828125 0.250000 0.824219 0.269531 0.824219 0.269531 0.812500 0.273438 0.808594 0.273438 0.804688 0.277344 0.800781 0.277344 0.789062 0.281250 0.785156 0.289062 0.785156 0.289062 0.777344 0.292969 0.773438 0.292969 0.765625 0.300781 0.757812 0.300781 0.753906 0.312500 0.742188 0.316406 0.742188 0.324219 0.734375 0.324219 0.722656 0.328125 0.718750 0.332031 0.718750 0.332031 0.714844 0.339844 0.707031 0.351562 0.707031 0.355469 0.703125 0.355469 0.699219 0.359375 0.695312 0.367188 0.695312 0.371094 0.691406 0.375000 0.691406 0.375000 0.683594 0.378906 0.679688 0.386719 0.679688 0.386719 0.671875 0.378906 0.671875 0.375000 0.667969 0.375000 0.652344 0.378906 0.648438 0.378906 0.636719 0.382812 0.632812 0.382812 0.628906 0.386719 0.625000 0.386719 0.617188
1 0.628906 0.582031 0.628906 0.585938 0.625000 0.589844 0.617188 0.589844 0.617188 0.601562 0.609375 0.609375 0.589844 0.609375 0.589844 0.613281 0.585938 0.617188 0.566406 0.617188 0.566406 0.621094 0.562500 0.625000 0.550781 0.625000 0.546875 0.628906 0.542969 0.628906 0.542969 0.636719 0.550781 0.636719 0.554688 0.632812 0.562500 0.632812 0.566406 0.628906 0.582031 0.628906 0.585938 0.625000 0.609375 0.625000 0.613281 0.621094 0.613281 0.617188 0.617188 0.613281 0.621094 0.613281 0.632812 0.601562 0.640625 0.601562 0.640625 0.593750 0.636719 0.589844 0.636719 0.582031
1 0.390625 0.476562 0.390625 0.492188 0.394531 0.496094 0.414062 0.496094 0.414062 0.484375 0.406250 0.484375 0.398438 0.476562
1 0.687500 0.429688 0.687500 0.437500 0.683594 0.441406 0.683594 0.449219 0.675781 0.457031 0.675781 0.464844 0.671875 0.468750 0.671875 0.476562 0.667969 0.480469 0.664062 0.480469 0.664062 0.484375 0.656250 0.492188 0.656250 0.500000 0.660156 0.500000 0.664062 0.503906 0.664062 0.527344 0.660156 0.531250 0.648438 0.531250 0.648438 0.570312 0.667969 0.570312 0.671875 0.574219 0.671875 0.582031 0.683594 0.593750 0.683594 0.625000 0.675781 0.632812 0.671875 0.632812 0.671875 0.636719 0.667969 0.640625 0.667969 0.644531 0.664062 0.648438 0.652344 0.648438 0.648438 0.652344 0.648438 0.664062 0.652344 0.664062 0.656250 0.667969 0.667969 0.667969 0.671875 0.671875 0.683594 0.671875 0.687500 0.675781 0.687500 0.679688 0.734375 0.679688 0.734375 0.675781 0.738281 0.671875 0.742188 0.671875 0.750000 0.664062 0.750000 0.656250 0.746094 0.652344 0.746094 0.613281 0.750000 0.609375 0.785156 0.609375 0.789062 0.605469 0.789062 0.597656 0.785156 0.593750 0.785156 0.585938 0.757812 0.585938 0.753906 0.582031 0.753906 0.566406 0.757812 0.562500 0.785156 0.562500 0.789062 0.566406 0.789062 0.574219 0.796875 0.574219 0.796875 0.566406 0.800781 0.562500 0.800781 0.554688 0.777344 0.554688 0.773438 0.550781 0.773438 0.531250 0.777344 0.527344 0.785156 0.527344 0.789062 0.523438 0.789062 0.519531 0.792969 0.515625 0.820312 0.515625 0.820312 0.507812 0.816406 0.503906 0.816406 0.496094 0.812500 0.496094 0.804688 0.488281 0.800781 0.488281 0.796875 0.484375 0.796875 0.480469 0.792969 0.476562 0.781250 0.476562 0.777344 0.480469 0.769531 0.480469 0.765625 0.484375 0.742188 0.484375 0.738281 0.480469 0.738281 0.457031 0.734375 0.457031 0.730469 0.453125 0.726562 0.453125 0.718750 0.445312 0.718750 0.437500 0.703125 0.437500 0.699219 0.433594 0.699219 0.429688
1 0.175781 0.269531 0.171875 0.273438 0.171875 0.277344 0.167969 0.281250 0.167969 0.285156 0.160156 0.292969 0.160156 0.300781 0.156250 0.304688 0.148438 0.304688 0.148438 0.316406 0.152344 0.320312 0.152344 0.324219 0.156250 0.328125 0.156250 0.347656 0.152344 0.351562 0.148438 0.351562 0.140625 0.359375 0.140625 0.363281 0.136719 0.367188 0.136719 0.394531 0.128906 0.402344 0.128906 0.414062 0.132812 0.417969 0.132812 0.441406 0.125000 0.449219 0.125000 0.507812 0.128906 0.511719 0.128906 0.523438 0.132812 0.527344 0.140625 0.527344 0.144531 0.531250 0.144531 0.605469 0.148438 0.609375 0.148438 0.636719 0.144531 0.640625 0.144531 0.656250 0.140625 0.660156 0.136719 0.660156 0.136719 0.664062 0.132812 0.667969 0.132812 0.671875 0.128906 0.675781 0.128906 0.691406 0.140625 0.691406 0.140625 0.683594 0.144531 0.679688 0.144531 0.675781 0.156250 0.664062 0.160156 0.664062 0.164062 0.660156 0.167969 0.660156 0.167969 0.644531 0.164062 0.640625 0.164062 0.605469 0.167969 0.601562 0.199219 0.601562 0.203125 0.605469 0.214844 0.605469 0.214844 0.597656 0.187500 0.597656 0.183594 0.593750 0.183594 0.566406 0.187500 0.562500 0.210938 0.562500 0.218750 0.570312 0.230469 0.570312 0.230469 0.562500 0.234375 0.558594 0.253906 0.558594 0.257812 0.554688 0.257812 0.546875 0.253906 0.542969 0.253906 0.539062 0.250000 0.539062 0.246094 0.535156 0.238281 0.535156 0.234375 0.539062 0.210938 0.539062 0.207031 0.535156 0.207031 0.519531 0.210938 0.515625 0.210938 0.480469 0.214844 0.476562 0.226562 0.476562 0.230469 0.472656 0.230469 0.464844 0.226562 0.460938 0.218750 0.460938 0.218750 0.464844 0.214844 0.468750 0.195312 0.468750 0.191406 0.464844 0.191406 0.441406 0.156250 0.441406 0.152344 0.437500 0.152344 0.398438 0.156250 0.394531 0.187500 0.394531 0.195312 0.386719 0.195312 0.378906 0.191406 0.375000 0.191406 0.363281 0.171875 0.363281 0.167969 0.359375 0.167969 0.343750 0.171875 0.339844 0.179688 0.339844 0.179688 0.332031 0.175781 0.328125 0.175781 0.312500 0.179688 0.308594 0.195312 0.308594 0.199219 0.312500 0.199219 0.316406 0.218750 0.316406 0.222656 0.320312 0.230469 0.320312 0.234375 0.324219 0.234375 0.328125 0.246094 0.328125 0.246094 0.320312 0.234375 0.320312 0.230469 0.316406 0.230469 0.300781 0.234375 0.296875 0.234375 0.289062 0.210938 0.289062 0.207031 0.285156 0.207031 0.277344 0.191406 0.277344 0.187500 0.273438 0.187500 0.269531
1 0.261719 0.265625 0.261719 0.277344 0.257812 0.281250 0.257812 0.289062 0.261719 0.292969 0.261719 0.312500 0.269531 0.312500 0.273438 0.316406 0.273438 0.320312 0.281250 0.320312 0.285156 0.324219 0.285156 0.351562 0.296875 0.363281 0.300781 0.363281 0.304688 0.367188 0.316406 0.367188 0.320312 0.371094 0.320312 0.378906 0.335938 0.394531 0.339844 0.394531 0.343750 0.398438 0.343750 0.406250 0.347656 0.410156 0.347656 0.414062 0.351562 0.417969 0.351562 0.421875 0.355469 0.425781 0.355469 0.429688 0.363281 0.437500 0.363281 0.445312 0.371094 0.445312 0.371094 0.437500 0.375000 0.433594 0.375000 0.425781 0.371094 0.421875 0.367188 0.421875 0.359375 0.414062 0.359375 0.390625 0.355469 0.390625 0.351562 0.386719 0.351562 0.382812 0.347656 0.382812 0.343750 0.378906 0.335938 0.378906 0.332031 0.375000 0.332031 0.347656 0.316406 0.347656 0.304688 0.335938 0.304688 0.316406 0.296875 0.308594 0.281250 0.308594 0.277344 0.304688 0.277344 0.296875 0.273438 0.292969 0.273438 0.265625
1 0.441406 0.121094 0.437500 0.125000 0.414062 0.125000 0.414062 0.128906 0.410156 0.132812 0.410156 0.140625 0.402344 0.148438 0.402344 0.175781 0.394531 0.183594 0.390625 0.183594 0.390625 0.191406 0.406250 0.191406 0.406250 0.183594 0.410156 0.179688 0.417969 0.179688 0.421875 0.175781 0.437500 0.175781 0.445312 0.183594 0.445312 0.187500 0.449219 0.191406 0.449219 0.195312 0.453125 0.199219 0.464844 0.199219 0.468750 0.203125 0.468750 0.218750 0.464844 0.222656 0.464844 0.238281 0.460938 0.242188 0.457031 0.242188 0.457031 0.250000 0.460938 0.250000 0.464844 0.253906 0.464844 0.277344 0.460938 0.281250 0.460938 0.289062 0.464844 0.292969 0.464844 0.296875 0.468750 0.296875 0.472656 0.300781 0.472656 0.308594 0.476562 0.312500 0.476562 0.347656 0.464844 0.359375 0.464844 0.398438 0.460938 0.402344 0.453125 0.402344 0.453125 0.410156 0.449219 0.414062 0.441406 0.414062 0.441406 0.421875 0.445312 0.425781 0.449219 0.425781 0.453125 0.429688 0.453125 0.445312 0.449219 0.449219 0.449219 0.457031 0.441406 0.464844 0.425781 0.464844 0.425781 0.476562 0.433594 0.476562 0.437500 0.480469 0.437500 0.496094 0.433594 0.500000 0.433594 0.515625 0.429688 0.519531 0.414062 0.519531 0.414062 0.542969 0.406250 0.550781 0.402344 0.550781 0.402344 0.566406 0.406250 0.570312 0.406250 0.585938 0.425781 0.585938 0.429688 0.589844 0.437500 0.589844 0.441406 0.585938 0.441406 0.578125 0.437500 0.574219 0.437500 0.558594 0.441406 0.554688 0.441406 0.546875 0.445312 0.542969 0.464844 0.542969 0.468750 0.539062 0.484375 0.539062 0.484375 0.535156 0.488281 0.531250 0.507812 0.531250 0.507812 0.527344 0.511719 0.523438 0.523438 0.523438 0.527344 0.519531 0.531250 0.519531 0.535156 0.515625 0.546875 0.515625 0.546875 0.511719 0.550781 0.507812 0.562500 0.507812 0.566406 0.503906 0.566406 0.500000 0.570312 0.496094 0.574219 0.496094 0.574219 0.484375 0.554688 0.484375 0.550781 0.488281 0.546875 0.488281 0.546875 0.496094 0.542969 0.500000 0.539062 0.500000 0.531250 0.507812 0.503906 0.507812 0.500000 0.511719 0.500000 0.515625 0.496094 0.519531 0.480469 0.519531 0.476562 0.515625 0.476562 0.500000 0.472656 0.496094 0.472656 0.492188 0.468750 0.488281 0.468750 0.460938 0.472656 0.457031 0.476562 0.457031 0.476562 0.437500 0.484375 0.429688 0.484375 0.421875 0.480469 0.417969 0.480469 0.398438 0.484375 0.394531 0.484375 0.367188 0.488281 0.363281 0.488281 0.355469 0.492188 0.351562 0.492188 0.335938 0.496094 0.332031 0.496094 0.320312 0.492188 0.316406 0.492188 0.308594 0.488281 0.304688 0.488281 0.300781 0.484375 0.296875 0.484375 0.273438 0.488281 0.269531 0.488281 0.265625 0.492188 0.261719 0.496094 0.261719 0.496094 0.253906 0.492188 0.250000 0.492188 0.234375 0.480469 0.222656 0.480469 0.218750 0.476562 0.214844 0.476562 0.199219 0.480469 0.195312 0.488281 0.195312 0.488281 0.191406 0.492188 0.187500 0.492188 0.183594 0.500000 0.175781 0.507812 0.175781 0.507812 0.164062 0.515625 0.156250 0.523438 0.156250 0.527344 0.152344 0.527344 0.144531 0.535156 0.136719 0.542969 0.136719 0.546875 0.132812 0.566406 0.132812 0.566406 0.125000 0.527344 0.125000 0.523438 0.128906 0.480469 0.128906 0.476562 0.125000 0.472656 0.125000 0.468750 0.121094
1 0.605469 0.113281 0.601562 0.117188 0.601562 0.140625 0.597656 0.144531 0.589844 0.144531 0.589844 0.164062 0.578125 0.175781 0.578125 0.191406 0.574219 0.195312 0.570312 0.195312 0.570312 0.207031 0.566406 0.210938 0.562500 0.210938 0.562500 0.234375 0.570312 0.234375 0.574219 0.238281 0.574219 0.269531 0.582031 0.277344 0.582031 0.296875 0.597656 0.296875 0.601562 0.300781 0.601562 0.320312 0.605469 0.320312 0.609375 0.324219 0.609375 0.328125 0.621094 0.328125 0.628906 0.335938 0.628906 0.355469 0.640625 0.355469 0.640625 0.343750 0.644531 0.339844 0.648438 0.339844 0.652344 0.335938 0.652344 0.312500 0.656250 0.308594 0.664062 0.308594 0.667969 0.304688 0.667969 0.289062 0.671875 0.285156 0.671875 0.281250 0.675781 0.277344 0.675781 0.273438 0.679688 0.269531 0.687500 0.269531 0.687500 0.261719 0.679688 0.253906 0.679688 0.250000 0.675781 0.246094 0.675781 0.214844 0.671875 0.210938 0.671875 0.203125 0.664062 0.195312 0.664062 0.191406 0.644531 0.191406 0.636719 0.183594 0.636719 0.160156 0.632812 0.160156 0.628906 0.156250 0.628906 0.132812 0.632812 0.128906 0.632812 0.117188 0.628906 0.113281
1 0.382812 0.074219 0.378906 0.078125 0.371094 0.078125 0.371094 0.085938 0.375000 0.089844 0.375000 0.097656 0.378906 0.097656 0.386719 0.105469 0.394531 0.105469 0.398438 0.101562 0.402344 0.101562 0.406250 0.097656 0.406250 0.089844 0.402344 0.085938 0.402344 0.082031 0.398438 0.078125 0.394531 0.078125 0.390625 0.074219
1 0.339844 0.050781 0.339844 0.054688 0.335938 0.058594 0.312500 0.058594 0.308594 0.062500 0.304688 0.062500 0.304688 0.066406 0.300781 0.070312 0.296875 0.070312 0.296875 0.082031 0.324219 0.082031 0.328125 0.085938 0.328125 0.093750 0.335938 0.093750 0.335938 0.085938 0.332031 0.085938 0.328125 0.082031 0.328125 0.062500 0.332031 0.058594 0.355469 0.058594 0.355469 0.050781
