1 0.578125 0.878906 0.570312 0.886719 0.562500 0.886719 0.562500 0.894531 0.593750 0.894531 0.597656 0.898438 0.632812 0.898438 0.636719 0.894531 0.636719 0.886719 0.605469 0.886719 0.597656 0.878906
1 0.484375 0.875000 0.484375 0.882812 0.480469 0.886719 0.453125 0.886719 0.449219 0.890625 0.449219 0.902344 0.460938 0.902344 0.464844 0.906250 0.488281 0.906250 0.496094 0.914062 0.507812 0.914062 0.511719 0.917969 0.531250 0.917969 0.531250 0.910156 0.507812 0.910156 0.496094 0.898438 0.496094 0.875000
1 0.445312 0.824219 0.445312 0.832031 0.453125 0.832031 0.453125 0.824219
1 0.718750 0.753906 0.718750 0.761719 0.714844 0.765625 0.714844 0.785156 0.710938 0.789062 0.710938 0.796875 0.699219 0.808594 0.699219 0.812500 0.695312 0.816406 0.679688 0.816406 0.675781 0.812500 0.675781 0.792969 0.671875 0.789062 0.667969 0.789062 0.664062 0.785156 0.632812 0.785156 0.632812 0.796875 0.640625 0.796875 0.644531 0.800781 0.644531 0.804688 0.652344 0.804688 0.656250 0.808594 0.660156 0.808594 0.664062 0.812500 0.664062 0.828125 0.675781 0.828125 0.679688 0.832031 0.679688 0.839844 0.683594 0.843750 0.683594 0.847656 0.687500 0.851562 0.695312 0.851562 0.699219 0.855469 0.699219 0.875000 0.695312 0.878906 0.691406 0.878906 0.687500 0.882812 0.687500 0.890625 0.699219 0.890625 0.703125 0.886719 0.710938 0.886719 0.710938 0.882812 0.714844 0.878906 0.714844 0.867188 0.710938 0.863281 0.710938 0.843750 0.714844 0.839844 0.726562 0.839844 0.726562 0.832031 0.734375 0.824219 0.734375 0.769531 0.730469 0.765625 0.730469 0.753906
1 0.625000 0.738281 0.625000 0.753906 0.636719 0.753906 0.636719 0.746094 0.632812 0.742188 0.632812 0.738281
1 0.644531 0.648438 0.644531 0.656250 0.652344 0.656250 0.652344 0.648438
1 0.839844 0.589844 0.839844 0.597656 0.835938 0.601562 0.832031 0.601562 0.824219 0.609375 0.824219 0.613281 0.820312 0.617188 0.820312 0.621094 0.816406 0.625000 0.812500 0.625000 0.812500 0.636719 0.808594 0.640625 0.808594 0.652344 0.824219 0.652344 0.828125 0.656250 0.835938 0.656250 0.839844 0.652344 0.843750 0.652344 0.843750 0.621094 0.855469 0.609375 0.855469 0.601562 0.851562 0.601562 0.847656 0.597656 0.847656 0.589844
1 0.832031 0.496094 0.832031 0.500000 0.824219 0.507812 0.820312 0.507812 0.820312 0.515625 0.812500 0.523438 0.812500 0.539062 0.832031 0.539062 0.832031 0.535156 0.835938 0.531250 0.835938 0.527344 0.839844 0.523438 0.847656 0.523438 0.847656 0.511719 0.843750 0.507812 0.843750 0.503906 0.839844 0.500000 0.839844 0.496094
1 0.078125 0.421875 0.078125 0.429688 0.082031 0.433594 0.082031 0.464844 0.097656 0.464844 0.101562 0.460938 0.117188 0.460938 0.117188 0.453125 0.121094 0.449219 0.125000 0.449219 0.128906 0.445312 0.128906 0.441406 0.132812 0.437500 0.132812 0.429688 0.125000 0.429688 0.125000 0.433594 0.121094 0.437500 0.105469 0.437500 0.097656 0.429688 0.097656 0.421875
1 0.777344 0.328125 0.773438 0.332031 0.753906 0.332031 0.753906 0.343750 0.765625 0.343750 0.773438 0.335938 0.785156 0.335938 0.785156 0.328125
1 0.664062 0.222656 0.664062 0.230469 0.671875 0.230469 0.671875 0.222656
1 0.390625 0.214844 0.390625 0.234375 0.386719 0.238281 0.382812 0.238281 0.378906 0.242188 0.378906 0.246094 0.375000 0.250000 0.363281 0.250000 0.359375 0.253906 0.343750 0.253906 0.343750 0.285156 0.347656 0.289062 0.351562 0.289062 0.355469 0.292969 0.359375 0.292969 0.363281 0.296875 0.363281 0.312500 0.359375 0.316406 0.339844 0.316406 0.335938 0.320312 0.308594 0.320312 0.304688 0.316406 0.304688 0.300781 0.308594 0.296875 0.308594 0.289062 0.300781 0.289062 0.292969 0.296875 0.292969 0.308594 0.289062 0.312500 0.261719 0.312500 0.257812 0.308594 0.257812 0.300781 0.253906 0.300781 0.250000 0.296875 0.250000 0.265625 0.246094 0.261719 0.246094 0.250000 0.238281 0.250000 0.234375 0.253906 0.234375 0.265625 0.238281 0.265625 0.242188 0.269531 0.242188 0.308594 0.238281 0.312500 0.230469 0.312500 0.230469 0.320312 0.234375 0.324219 0.234375 0.339844 0.230469 0.343750 0.230469 0.347656 0.226562 0.351562 0.222656 0.351562 0.218750 0.355469 0.203125 0.355469 0.199219 0.359375 0.199219 0.371094 0.195312 0.375000 0.187500 0.375000 0.187500 0.382812 0.195312 0.382812 0.195312 0.375000 0.199219 0.371094 0.207031 0.371094 0.210938 0.367188 0.210938 0.363281 0.214844 0.359375 0.234375 0.359375 0.242188 0.367188 0.242188 0.386719 0.250000 0.386719 0.253906 0.390625 0.253906 0.394531 0.257812 0.394531 0.261719 0.398438 0.261719 0.414062 0.265625 0.417969 0.265625 0.421875 0.269531 0.425781 0.269531 0.429688 0.273438 0.429688 0.277344 0.433594 0.277344 0.480469 0.273438 0.484375 0.261719 0.484375 0.257812 0.488281 0.257812 0.500000 0.261719 0.500000 0.265625 0.503906 0.265625 0.535156 0.269531 0.539062 0.273438 0.539062 0.285156 0.550781 0.292969 0.550781 0.296875 0.554688 0.296875 0.593750 0.304688 0.601562 0.304688 0.613281 0.308594 0.613281 0.312500 0.617188 0.312500 0.640625 0.308594 0.644531 0.300781 0.644531 0.296875 0.648438 0.292969 0.648438 0.292969 0.660156 0.289062 0.664062 0.289062 0.667969 0.285156 0.671875 0.261719 0.671875 0.261719 0.687500 0.265625 0.687500 0.269531 0.691406 0.269531 0.695312 0.273438 0.699219 0.277344 0.699219 0.285156 0.707031 0.285156 0.730469 0.289062 0.734375 0.289062 0.738281 0.292969 0.742188 0.300781 0.742188 0.304688 0.738281 0.304688 0.722656 0.308594 0.718750 0.328125 0.718750 0.332031 0.722656 0.332031 0.734375 0.339844 0.734375 0.343750 0.730469 0.347656 0.730469 0.347656 0.726562 0.351562 0.722656 0.371094 0.722656 0.375000 0.726562 0.375000 0.730469 0.378906 0.734375 0.390625 0.734375 0.394531 0.738281 0.394531 0.746094 0.402344 0.746094 0.410156 0.753906 0.410156 0.765625 0.414062 0.769531 0.414062 0.773438 0.417969 0.777344 0.425781 0.777344 0.429688 0.781250 0.429688 0.789062 0.437500 0.789062 0.437500 0.785156 0.445312 0.777344 0.445312 0.761719 0.449219 0.757812 0.449219 0.753906 0.453125 0.750000 0.453125 0.734375 0.457031 0.730469 0.460938 0.730469 0.460938 0.722656 0.464844 0.718750 0.480469 0.718750 0.484375 0.722656 0.507812 0.722656 0.511719 0.726562 0.511719 0.734375 0.515625 0.738281 0.539062 0.738281 0.542969 0.742188 0.542969 0.753906 0.566406 0.753906 0.566406 0.750000 0.570312 0.746094 0.574219 0.746094 0.574219 0.703125 0.578125 0.699219 0.609375 0.699219 0.613281 0.703125 0.613281 0.707031 0.621094 0.707031 0.621094 0.703125 0.625000 0.699219 0.625000 0.691406 0.621094 0.687500 0.621094 0.683594 0.617188 0.679688 0.617188 0.664062 0.613281 0.660156 0.613281 0.617188 0.609375 0.613281 0.609375 0.593750 0.613281 0.589844 0.632812 0.589844 0.632812 0.582031 0.636719 0.578125 0.652344 0.578125 0.656250 0.582031 0.656250 0.585938 0.667969 0.585938 0.671875 0.589844 0.671875 0.609375 0.675781 0.613281 0.675781 0.628906 0.687500 0.628906 0.687500 0.613281 0.691406 0.609375 0.699219 0.609375 0.699219 0.597656 0.703125 0.593750 0.703125 0.585938 0.707031 0.582031 0.707031 0.578125 0.718750 0.566406 0.718750 0.558594 0.714844 0.558594 0.710938 0.554688 0.710938 0.550781 0.707031 0.550781 0.703125 0.546875 0.703125 0.531250 0.710938 0.523438 0.738281 0.523438 0.738281 0.515625 0.742188 0.511719 0.742188 0.507812 0.746094 0.503906 0.761719 0.503906 0.761719 0.488281 0.765625 0.484375 0.785156 0.484375 0.789062 0.488281 0.796875 0.488281 0.800781 0.484375 0.804688 0.484375 0.804688 0.472656 0.808594 0.468750 0.808594 0.460938 0.812500 0.457031 0.816406 0.457031 0.816406 0.449219 0.804688 0.449219 0.800781 0.445312 0.800781 0.441406 0.792969 0.441406 0.777344 0.425781 0.777344 0.421875 0.773438 0.421875 0.769531 0.417969 0.769531 0.410156 0.746094 0.410156 0.742188 0.406250 0.742188 0.378906 0.730469 0.378906 0.726562 0.382812 0.718750 0.382812 0.718750 0.390625 0.714844 0.394531 0.714844 0.414062 0.707031 0.421875 0.671875 0.421875 0.671875 0.433594 0.667969 0.437500 0.652344 0.437500 0.648438 0.433594 0.648438 0.425781 0.625000 0.425781 0.621094 0.421875 0.621094 0.406250 0.632812 0.394531 0.632812 0.378906 0.636719 0.375000 0.652344 0.375000 0.652344 0.343750 0.656250 0.339844 0.660156 0.339844 0.667969 0.332031 0.675781 0.332031 0.679688 0.328125 0.679688 0.324219 0.683594 0.320312 0.687500 0.320312 0.687500 0.312500 0.683594 0.312500 0.679688 0.308594 0.679688 0.304688 0.667969 0.292969 0.664062 0.292969 0.660156 0.289062 0.656250 0.289062 0.652344 0.285156 0.644531 0.285156 0.640625 0.281250 0.640625 0.277344 0.632812 0.277344 0.628906 0.273438 0.628906 0.250000 0.625000 0.250000 0.621094 0.246094 0.613281 0.246094 0.609375 0.242188 0.601562 0.242188 0.597656 0.246094 0.597656 0.269531 0.593750 0.273438 0.593750 0.277344 0.589844 0.281250 0.574219 0.281250 0.570312 0.277344 0.570312 0.269531 0.562500 0.269531 0.558594 0.265625 0.550781 0.265625 0.546875 0.269531 0.523438 0.269531 0.519531 0.265625 0.519531 0.261719 0.496094 0.261719 0.492188 0.257812 0.492188 0.250000 0.484375 0.250000 0.484375 0.257812 0.488281 0.257812 0.492188 0.261719 0.492188 0.308594 0.484375 0.316406 0.484375 0.320312 0.480469 0.324219 0.464844 0.324219 0.457031 0.316406 0.457031 0.312500 0.453125 0.312500 0.449219 0.308594 0.445312 0.308594 0.441406 0.304688 0.441406 0.296875 0.437500 0.292969 0.437500 0.289062 0.433594 0.289062 0.429688 0.285156 0.429688 0.277344 0.425781 0.273438 0.425781 0.261719 0.421875 0.257812 0.421875 0.253906 0.417969 0.250000 0.417969 0.246094 0.414062 0.246094 0.410156 0.242188 0.410156 0.226562 0.406250 0.226562 0.402344 0.222656 0.402344 0.214844
1 0.597656 0.121094 0.597656 0.128906 0.601562 0.132812 0.601562 0.156250 0.597656 0.160156 0.589844 0.160156 0.589844 0.167969 0.601562 0.167969 0.605469 0.171875 0.613281 0.171875 0.617188 0.167969 0.621094 0.167969 0.625000 0.164062 0.671875 0.164062 0.675781 0.167969 0.675781 0.171875 0.679688 0.171875 0.683594 0.175781 0.683594 0.199219 0.679688 0.203125 0.679688 0.218750 0.695312 0.218750 0.695312 0.214844 0.699219 0.210938 0.699219 0.207031 0.703125 0.203125 0.703125 0.199219 0.707031 0.195312 0.707031 0.175781 0.703125 0.175781 0.699219 0.171875 0.699219 0.167969 0.695312 0.167969 0.687500 0.160156 0.683594 0.160156 0.679688 0.156250 0.679688 0.152344 0.671875 0.152344 0.667969 0.148438 0.656250 0.148438 0.652344 0.144531 0.632812 0.144531 0.628906 0.140625 0.625000 0.140625 0.621094 0.136719 0.621094 0.128906 0.613281 0.121094
1 0.550781 0.101562 0.550781 0.109375 0.554688 0.113281 0.562500 0.113281 0.562500 0.105469 0.558594 0.101562
1 0.500000 0.101562 0.500000 0.109375 0.507812 0.109375 0.507812 0.101562
1 0.257812 0.101562 0.253906 0.105469 0.226562 0.105469 0.222656 0.109375 0.214844 0.109375 0.210938 0.113281 0.207031 0.113281 0.203125 0.117188 0.203125 0.125000 0.207031 0.128906 0.207031 0.132812 0.214844 0.140625 0.222656 0.140625 0.226562 0.136719 0.226562 0.132812 0.230469 0.128906 0.230469 0.125000 0.234375 0.121094 0.257812 0.121094 0.261719 0.125000 0.261719 0.128906 0.265625 0.132812 0.265625 0.148438 0.292969 0.148438 0.296875 0.152344 0.296875 0.167969 0.292969 0.171875 0.285156 0.171875 0.285156 0.179688 0.308594 0.179688 0.312500 0.183594 0.312500 0.195312 0.324219 0.195312 0.328125 0.199219 0.328125 0.207031 0.335938 0.207031 0.335938 0.195312 0.332031 0.191406 0.332031 0.187500 0.324219 0.179688 0.324219 0.171875 0.316406 0.171875 0.312500 0.167969 0.308594 0.167969 0.304688 0.164062 0.304688 0.148438 0.296875 0.148438 0.292969 0.144531 0.292969 0.125000 0.289062 0.125000 0.285156 0.121094 0.285156 0.117188 0.277344 0.117188 0.273438 0.113281 0.273438 0.109375 0.269531 0.105469 0.269531 0.101562
1 0.480469 0.089844 0.480469 0.097656 0.488281 0.097656 0.488281 0.089844
1 0.398438 0.042969 0.394531 0.046875 0.390625 0.046875 0.386719 0.050781 0.375000 0.050781 0.367188 0.058594 0.363281 0.058594 0.363281 0.066406 0.378906 0.066406 0.378906 0.062500 0.382812 0.058594 0.398438 0.058594 0.402344 0.062500 0.410156 0.062500 0.414062 0.066406 0.414062 0.074219 0.417969 0.074219 0.425781 0.082031 0.429688 0.082031 0.433594 0.085938 0.437500 0.085938 0.441406 0.089844 0.449219 0.089844 0.449219 0.078125 0.445312 0.074219 0.437500 0.074219 0.433594 0.070312 0.429688 0.070312 0.425781 0.066406 0.425781 0.062500 0.421875 0.058594 0.421875 0.050781 0.417969 0.046875 0.417969 0.042969
