1 0.335938 0.660156 0.335938 0.675781 0.347656 0.675781 0.347656 0.664062 0.343750 0.660156
1 0.734375 0.640625 0.730469 0.644531 0.730469 0.660156 0.738281 0.660156 0.746094 0.652344 0.750000 0.652344 0.753906 0.648438 0.761719 0.648438 0.761719 0.640625
1 0.285156 0.640625 0.285156 0.652344 0.289062 0.656250 0.300781 0.656250 0.300781 0.648438 0.296875 0.648438 0.292969 0.644531 0.292969 0.640625
1 0.812500 0.609375 0.808594 0.613281 0.796875 0.613281 0.796875 0.617188 0.792969 0.621094 0.789062 0.621094 0.785156 0.625000 0.785156 0.632812 0.796875 0.632812 0.800781 0.628906 0.804688 0.628906 0.808594 0.625000 0.812500 0.625000 0.820312 0.617188 0.824219 0.617188 0.824219 0.609375
1 0.234375 0.558594 0.230469 0.562500 0.230469 0.585938 0.226562 0.589844 0.195312 0.589844 0.195312 0.597656 0.207031 0.597656 0.210938 0.601562 0.210938 0.605469 0.214844 0.605469 0.218750 0.609375 0.234375 0.609375 0.238281 0.613281 0.257812 0.613281 0.265625 0.621094 0.273438 0.621094 0.273438 0.617188 0.281250 0.609375 0.289062 0.609375 0.289062 0.582031 0.273438 0.582031 0.269531 0.578125 0.269531 0.574219 0.246094 0.574219 0.242188 0.570312 0.242188 0.558594
1 0.886719 0.539062 0.867188 0.558594 0.867188 0.566406 0.863281 0.570312 0.859375 0.570312 0.859375 0.578125 0.867188 0.578125 0.867188 0.570312 0.871094 0.566406 0.875000 0.566406 0.894531 0.546875 0.894531 0.539062
1 0.914062 0.480469 0.910156 0.484375 0.910156 0.496094 0.917969 0.496094 0.917969 0.492188 0.921875 0.488281 0.921875 0.480469
1 0.941406 0.421875 0.937500 0.425781 0.937500 0.429688 0.933594 0.433594 0.933594 0.445312 0.929688 0.449219 0.929688 0.464844 0.937500 0.464844 0.937500 0.460938 0.941406 0.457031 0.941406 0.449219 0.945312 0.445312 0.945312 0.437500 0.949219 0.433594 0.949219 0.421875
1 0.664062 0.410156 0.664062 0.425781 0.675781 0.425781 0.679688 0.429688 0.687500 0.429688 0.691406 0.425781 0.699219 0.425781 0.707031 0.417969 0.710938 0.417969 0.710938 0.410156 0.699219 0.410156 0.695312 0.414062 0.679688 0.414062 0.675781 0.410156
1 0.644531 0.378906 0.644531 0.386719 0.640625 0.390625 0.632812 0.390625 0.632812 0.402344 0.656250 0.402344 0.656250 0.378906
1 0.113281 0.343750 0.113281 0.355469 0.109375 0.359375 0.101562 0.359375 0.101562 0.371094 0.097656 0.375000 0.097656 0.386719 0.093750 0.390625 0.085938 0.390625 0.085938 0.398438 0.089844 0.402344 0.097656 0.402344 0.097656 0.386719 0.101562 0.382812 0.105469 0.382812 0.105469 0.371094 0.109375 0.367188 0.113281 0.367188 0.113281 0.363281 0.117188 0.359375 0.125000 0.359375 0.125000 0.343750
1 0.687500 0.296875 0.687500 0.304688 0.683594 0.308594 0.667969 0.308594 0.664062 0.312500 0.660156 0.312500 0.660156 0.320312 0.664062 0.320312 0.667969 0.324219 0.671875 0.324219 0.675781 0.328125 0.675781 0.335938 0.679688 0.335938 0.683594 0.339844 0.691406 0.339844 0.691406 0.335938 0.695312 0.332031 0.699219 0.332031 0.699219 0.320312 0.695312 0.316406 0.695312 0.296875
1 0.925781 0.253906 0.925781 0.261719 0.929688 0.265625 0.929688 0.292969 0.925781 0.296875 0.925781 0.308594 0.933594 0.308594 0.945312 0.320312 0.945312 0.339844 0.941406 0.343750 0.941406 0.351562 0.945312 0.355469 0.957031 0.355469 0.957031 0.347656 0.953125 0.343750 0.953125 0.316406 0.949219 0.312500 0.949219 0.304688 0.945312 0.300781 0.945312 0.296875 0.941406 0.292969 0.941406 0.273438 0.937500 0.269531 0.937500 0.257812 0.933594 0.253906
1 0.113281 0.238281 0.113281 0.250000 0.109375 0.253906 0.109375 0.285156 0.117188 0.285156 0.121094 0.289062 0.121094 0.304688 0.125000 0.308594 0.136719 0.308594 0.140625 0.312500 0.140625 0.335938 0.144531 0.335938 0.152344 0.343750 0.152344 0.355469 0.156250 0.359375 0.160156 0.359375 0.164062 0.363281 0.164062 0.378906 0.160156 0.382812 0.160156 0.390625 0.164062 0.394531 0.164062 0.398438 0.183594 0.398438 0.187500 0.394531 0.199219 0.394531 0.203125 0.390625 0.210938 0.390625 0.210938 0.378906 0.207031 0.375000 0.207031 0.371094 0.203125 0.371094 0.199219 0.367188 0.199219 0.351562 0.203125 0.347656 0.210938 0.347656 0.214844 0.343750 0.222656 0.343750 0.222656 0.339844 0.226562 0.335938 0.230469 0.335938 0.234375 0.332031 0.242188 0.332031 0.246094 0.328125 0.246094 0.320312 0.242188 0.316406 0.242188 0.300781 0.246094 0.296875 0.257812 0.296875 0.257812 0.281250 0.246094 0.281250 0.246094 0.292969 0.242188 0.296875 0.226562 0.296875 0.222656 0.292969 0.222656 0.289062 0.210938 0.289062 0.203125 0.296875 0.179688 0.296875 0.175781 0.292969 0.140625 0.292969 0.132812 0.285156 0.125000 0.285156 0.121094 0.281250 0.121094 0.277344 0.117188 0.273438 0.117188 0.250000 0.121094 0.246094 0.125000 0.246094 0.125000 0.238281
1 0.890625 0.214844 0.890625 0.230469 0.894531 0.230469 0.902344 0.238281 0.910156 0.238281 0.910156 0.222656 0.906250 0.218750 0.902344 0.218750 0.898438 0.214844
1 0.710938 0.152344 0.707031 0.156250 0.703125 0.156250 0.703125 0.187500 0.699219 0.191406 0.691406 0.191406 0.691406 0.195312 0.687500 0.199219 0.683594 0.199219 0.683594 0.203125 0.679688 0.207031 0.679688 0.242188 0.675781 0.246094 0.675781 0.253906 0.683594 0.253906 0.683594 0.250000 0.687500 0.246094 0.691406 0.246094 0.691406 0.242188 0.695312 0.238281 0.707031 0.238281 0.707031 0.230469 0.710938 0.226562 0.718750 0.226562 0.718750 0.191406 0.722656 0.187500 0.730469 0.187500 0.734375 0.183594 0.734375 0.175781 0.738281 0.171875 0.738281 0.164062 0.722656 0.164062 0.718750 0.160156 0.718750 0.152344
1 0.589844 0.128906 0.589844 0.140625 0.585938 0.144531 0.562500 0.144531 0.562500 0.152344 0.566406 0.156250 0.566406 0.179688 0.562500 0.183594 0.558594 0.183594 0.554688 0.187500 0.539062 0.187500 0.535156 0.183594 0.535156 0.164062 0.523438 0.164062 0.519531 0.167969 0.511719 0.167969 0.507812 0.171875 0.496094 0.171875 0.492188 0.175781 0.492188 0.179688 0.484375 0.187500 0.457031 0.187500 0.453125 0.183594 0.453125 0.167969 0.449219 0.164062 0.449219 0.148438 0.445312 0.144531 0.445312 0.140625 0.441406 0.136719 0.429688 0.136719 0.429688 0.148438 0.425781 0.152344 0.425781 0.171875 0.421875 0.175781 0.417969 0.175781 0.417969 0.179688 0.414062 0.183594 0.406250 0.183594 0.406250 0.187500 0.402344 0.191406 0.390625 0.191406 0.386719 0.195312 0.378906 0.195312 0.378906 0.203125 0.382812 0.207031 0.390625 0.207031 0.398438 0.214844 0.398438 0.226562 0.402344 0.230469 0.402344 0.234375 0.406250 0.238281 0.406250 0.253906 0.402344 0.257812 0.398438 0.257812 0.398438 0.269531 0.402344 0.273438 0.402344 0.296875 0.406250 0.300781 0.406250 0.320312 0.410156 0.324219 0.410156 0.339844 0.402344 0.347656 0.386719 0.347656 0.382812 0.351562 0.375000 0.351562 0.375000 0.367188 0.371094 0.371094 0.367188 0.371094 0.367188 0.378906 0.363281 0.382812 0.351562 0.382812 0.351562 0.414062 0.367188 0.414062 0.371094 0.417969 0.371094 0.425781 0.375000 0.429688 0.375000 0.433594 0.378906 0.437500 0.382812 0.437500 0.394531 0.449219 0.394531 0.457031 0.414062 0.457031 0.417969 0.460938 0.417969 0.492188 0.414062 0.496094 0.402344 0.496094 0.398438 0.500000 0.398438 0.507812 0.410156 0.507812 0.414062 0.511719 0.414062 0.554688 0.410156 0.558594 0.394531 0.558594 0.390625 0.554688 0.390625 0.546875 0.378906 0.535156 0.371094 0.535156 0.367188 0.531250 0.367188 0.515625 0.363281 0.511719 0.339844 0.511719 0.335938 0.507812 0.335938 0.480469 0.328125 0.472656 0.328125 0.457031 0.324219 0.453125 0.324219 0.445312 0.320312 0.441406 0.312500 0.441406 0.308594 0.437500 0.308594 0.414062 0.312500 0.410156 0.320312 0.410156 0.320312 0.398438 0.324219 0.394531 0.324219 0.378906 0.320312 0.375000 0.320312 0.359375 0.324219 0.355469 0.324219 0.347656 0.320312 0.343750 0.308594 0.343750 0.308594 0.347656 0.304688 0.351562 0.289062 0.351562 0.285156 0.347656 0.277344 0.347656 0.277344 0.363281 0.285156 0.371094 0.285156 0.375000 0.296875 0.375000 0.300781 0.378906 0.304688 0.378906 0.312500 0.386719 0.312500 0.410156 0.308594 0.414062 0.296875 0.414062 0.296875 0.429688 0.300781 0.433594 0.300781 0.464844 0.304688 0.468750 0.304688 0.472656 0.308594 0.472656 0.312500 0.476562 0.312500 0.480469 0.316406 0.484375 0.316406 0.488281 0.320312 0.492188 0.320312 0.507812 0.324219 0.511719 0.324219 0.531250 0.316406 0.539062 0.316406 0.546875 0.332031 0.546875 0.335938 0.550781 0.335938 0.554688 0.343750 0.554688 0.347656 0.558594 0.347656 0.566406 0.351562 0.566406 0.355469 0.570312 0.355469 0.578125 0.367188 0.578125 0.375000 0.585938 0.375000 0.593750 0.390625 0.593750 0.394531 0.597656 0.394531 0.621094 0.390625 0.625000 0.390625 0.640625 0.386719 0.644531 0.382812 0.644531 0.378906 0.648438 0.378906 0.652344 0.375000 0.656250 0.375000 0.675781 0.371094 0.679688 0.355469 0.679688 0.355469 0.695312 0.359375 0.695312 0.363281 0.699219 0.363281 0.738281 0.359375 0.742188 0.355469 0.742188 0.355469 0.746094 0.351562 0.750000 0.347656 0.750000 0.347656 0.753906 0.343750 0.757812 0.339844 0.757812 0.339844 0.761719 0.335938 0.765625 0.335938 0.789062 0.332031 0.792969 0.328125 0.792969 0.320312 0.800781 0.320312 0.808594 0.316406 0.812500 0.316406 0.824219 0.312500 0.828125 0.312500 0.855469 0.308594 0.859375 0.304688 0.859375 0.304688 0.863281 0.300781 0.867188 0.296875 0.867188 0.296875 0.875000 0.292969 0.878906 0.289062 0.878906 0.289062 0.882812 0.285156 0.886719 0.285156 0.898438 0.281250 0.902344 0.277344 0.902344 0.277344 0.937500 0.265625 0.949219 0.230469 0.949219 0.230469 0.957031 0.226562 0.960938 0.222656 0.960938 0.218750 0.964844 0.214844 0.964844 0.210938 0.968750 0.199219 0.968750 0.195312 0.972656 0.191406 0.972656 0.191406 0.980469 0.195312 0.984375 0.195312 0.996094 0.269531 0.996094 0.269531 0.980469 0.300781 0.949219 0.300781 0.945312 0.308594 0.937500 0.308594 0.933594 0.316406 0.925781 0.316406 0.921875 0.320312 0.917969 0.320312 0.914062 0.328125 0.906250 0.328125 0.902344 0.332031 0.898438 0.332031 0.894531 0.339844 0.886719 0.339844 0.855469 0.343750 0.851562 0.343750 0.828125 0.347656 0.824219 0.347656 0.816406 0.355469 0.808594 0.355469 0.796875 0.359375 0.792969 0.363281 0.792969 0.363281 0.781250 0.367188 0.777344 0.367188 0.773438 0.375000 0.765625 0.375000 0.753906 0.378906 0.750000 0.378906 0.746094 0.382812 0.742188 0.382812 0.734375 0.386719 0.730469 0.386719 0.718750 0.390625 0.714844 0.390625 0.699219 0.394531 0.695312 0.394531 0.691406 0.398438 0.687500 0.414062 0.687500 0.417969 0.691406 0.417969 0.703125 0.429688 0.703125 0.433594 0.699219 0.453125 0.699219 0.453125 0.691406 0.457031 0.687500 0.460938 0.687500 0.464844 0.683594 0.464844 0.664062 0.441406 0.664062 0.441406 0.667969 0.433594 0.675781 0.414062 0.675781 0.410156 0.671875 0.410156 0.656250 0.414062 0.652344 0.417969 0.652344 0.417969 0.648438 0.421875 0.644531 0.429688 0.644531 0.437500 0.636719 0.441406 0.636719 0.445312 0.632812 0.464844 0.632812 0.468750 0.628906 0.488281 0.628906 0.488281 0.625000 0.492188 0.621094 0.511719 0.621094 0.511719 0.617188 0.515625 0.613281 0.539062 0.613281 0.539062 0.597656 0.542969 0.593750 0.546875 0.593750 0.546875 0.589844 0.550781 0.585938 0.562500 0.585938 0.566406 0.582031 0.570312 0.582031 0.570312 0.578125 0.574219 0.574219 0.609375 0.574219 0.613281 0.570312 0.613281 0.566406 0.625000 0.554688 0.628906 0.554688 0.632812 0.550781 0.660156 0.550781 0.660156 0.531250 0.664062 0.527344 0.664062 0.515625 0.667969 0.511719 0.679688 0.511719 0.679688 0.507812 0.683594 0.503906 0.710938 0.503906 0.718750 0.511719 0.718750 0.515625 0.738281 0.515625 0.738281 0.484375 0.742188 0.480469 0.742188 0.476562 0.746094 0.472656 0.746094 0.464844 0.750000 0.460938 0.781250 0.460938 0.781250 0.441406 0.785156 0.437500 0.792969 0.437500 0.792969 0.417969 0.796875 0.414062 0.800781 0.414062 0.800781 0.406250 0.804688 0.402344 0.820312 0.402344 0.820312 0.367188 0.816406 0.363281 0.804688 0.363281 0.804688 0.371094 0.796875 0.378906 0.796875 0.382812 0.792969 0.386719 0.773438 0.386719 0.769531 0.382812 0.761719 0.382812 0.757812 0.378906 0.734375 0.378906 0.730469 0.375000 0.730469 0.363281 0.726562 0.359375 0.718750 0.359375 0.714844 0.363281 0.687500 0.363281 0.687500 0.378906 0.699219 0.378906 0.703125 0.375000 0.718750 0.375000 0.722656 0.378906 0.722656 0.394531 0.746094 0.394531 0.750000 0.398438 0.785156 0.398438 0.789062 0.402344 0.789062 0.421875 0.785156 0.425781 0.781250 0.425781 0.781250 0.437500 0.777344 0.441406 0.769531 0.441406 0.765625 0.445312 0.746094 0.445312 0.746094 0.460938 0.742188 0.464844 0.726562 0.464844 0.722656 0.460938 0.714844 0.460938 0.710938 0.464844 0.710938 0.476562 0.707031 0.480469 0.675781 0.480469 0.667969 0.472656 0.667969 0.468750 0.664062 0.468750 0.660156 0.464844 0.660156 0.460938 0.656250 0.457031 0.656250 0.433594 0.636719 0.433594 0.628906 0.425781 0.613281 0.425781 0.609375 0.421875 0.609375 0.410156 0.570312 0.410156 0.566406 0.406250 0.562500 0.406250 0.558594 0.402344 0.558594 0.386719 0.554688 0.386719 0.546875 0.378906 0.546875 0.335938 0.550781 0.332031 0.554688 0.332031 0.554688 0.316406 0.558594 0.312500 0.558594 0.308594 0.562500 0.304688 0.574219 0.304688 0.582031 0.296875 0.585938 0.296875 0.585938 0.292969 0.589844 0.289062 0.589844 0.277344 0.593750 0.273438 0.597656 0.273438 0.597656 0.253906 0.601562 0.250000 0.601562 0.242188 0.593750 0.242188 0.589844 0.238281 0.589844 0.214844 0.585938 0.210938 0.585938 0.179688 0.589844 0.175781 0.609375 0.175781 0.613281 0.179688 0.628906 0.179688 0.628906 0.164062 0.632812 0.160156 0.652344 0.160156 0.652344 0.156250 0.656250 0.152344 0.656250 0.144531 0.648438 0.144531 0.644531 0.148438 0.644531 0.156250 0.640625 0.160156 0.617188 0.160156 0.609375 0.152344 0.609375 0.148438 0.605469 0.148438 0.601562 0.144531 0.601562 0.128906
1 0.242188 0.128906 0.242188 0.136719 0.250000 0.136719 0.250000 0.128906
1 0.351562 0.050781 0.347656 0.054688 0.343750 0.054688 0.339844 0.058594 0.335938 0.058594 0.328125 0.066406 0.320312 0.066406 0.316406 0.070312 0.312500 0.070312 0.308594 0.074219 0.304688 0.074219 0.300781 0.078125 0.296875 0.078125 0.289062 0.085938 0.289062 0.093750 0.296875 0.093750 0.300781 0.089844 0.304688 0.089844 0.316406 0.078125 0.328125 0.078125 0.332031 0.074219 0.335938 0.074219 0.339844 0.070312 0.347656 0.070312 0.355469 0.062500 0.378906 0.062500 0.378906 0.054688 0.367188 0.054688 0.363281 0.050781
