1 0.464844 0.792969 0.464844 0.808594 0.468750 0.808594 0.472656 0.812500 0.472656 0.824219 0.480469 0.824219 0.484375 0.828125 0.500000 0.828125 0.503906 0.824219 0.503906 0.800781 0.496094 0.800781 0.488281 0.792969
1 0.406250 0.785156 0.390625 0.800781 0.375000 0.800781 0.371094 0.796875 0.355469 0.796875 0.355469 0.804688 0.359375 0.804688 0.363281 0.808594 0.367188 0.808594 0.371094 0.812500 0.371094 0.828125 0.367188 0.832031 0.367188 0.839844 0.363281 0.843750 0.363281 0.847656 0.359375 0.851562 0.359375 0.859375 0.355469 0.863281 0.355469 0.871094 0.351562 0.875000 0.351562 0.882812 0.347656 0.886719 0.347656 0.890625 0.343750 0.894531 0.339844 0.894531 0.328125 0.906250 0.328125 0.910156 0.324219 0.914062 0.324219 0.917969 0.320312 0.921875 0.320312 0.933594 0.324219 0.937500 0.328125 0.937500 0.332031 0.941406 0.339844 0.941406 0.343750 0.937500 0.347656 0.937500 0.347656 0.929688 0.343750 0.925781 0.343750 0.910156 0.347656 0.906250 0.351562 0.906250 0.351562 0.902344 0.359375 0.894531 0.359375 0.890625 0.363281 0.886719 0.363281 0.878906 0.367188 0.875000 0.367188 0.867188 0.371094 0.863281 0.371094 0.859375 0.375000 0.855469 0.375000 0.843750 0.378906 0.839844 0.378906 0.835938 0.382812 0.832031 0.382812 0.828125 0.386719 0.824219 0.386719 0.820312 0.390625 0.816406 0.390625 0.808594 0.394531 0.804688 0.406250 0.804688 0.410156 0.800781 0.414062 0.800781 0.414062 0.785156
1 0.421875 0.746094 0.414062 0.753906 0.414062 0.761719 0.433594 0.761719 0.433594 0.753906 0.429688 0.750000 0.429688 0.746094
1 0.660156 0.691406 0.660156 0.710938 0.667969 0.710938 0.667969 0.691406
1 0.601562 0.605469 0.597656 0.609375 0.597656 0.621094 0.593750 0.625000 0.589844 0.625000 0.585938 0.628906 0.578125 0.628906 0.574219 0.632812 0.562500 0.632812 0.562500 0.648438 0.558594 0.652344 0.550781 0.652344 0.546875 0.656250 0.539062 0.656250 0.535156 0.660156 0.511719 0.660156 0.511719 0.664062 0.507812 0.667969 0.507812 0.675781 0.523438 0.675781 0.527344 0.671875 0.542969 0.671875 0.546875 0.675781 0.546875 0.691406 0.539062 0.699219 0.539062 0.703125 0.535156 0.707031 0.531250 0.707031 0.527344 0.710938 0.523438 0.710938 0.523438 0.714844 0.519531 0.718750 0.507812 0.718750 0.500000 0.726562 0.496094 0.726562 0.496094 0.730469 0.492188 0.734375 0.484375 0.734375 0.480469 0.738281 0.464844 0.738281 0.464844 0.742188 0.460938 0.746094 0.460938 0.753906 0.464844 0.757812 0.480469 0.757812 0.484375 0.753906 0.488281 0.753906 0.492188 0.750000 0.507812 0.750000 0.511719 0.746094 0.519531 0.746094 0.523438 0.742188 0.535156 0.742188 0.535156 0.730469 0.539062 0.726562 0.546875 0.726562 0.550781 0.722656 0.570312 0.722656 0.574219 0.718750 0.593750 0.718750 0.593750 0.710938 0.597656 0.707031 0.597656 0.703125 0.601562 0.699219 0.605469 0.699219 0.605469 0.691406 0.609375 0.687500 0.628906 0.687500 0.636719 0.679688 0.656250 0.679688 0.656250 0.667969 0.648438 0.667969 0.644531 0.664062 0.644531 0.656250 0.640625 0.652344 0.632812 0.652344 0.632812 0.667969 0.628906 0.671875 0.613281 0.671875 0.609375 0.667969 0.589844 0.667969 0.585938 0.664062 0.585938 0.648438 0.597656 0.636719 0.605469 0.636719 0.605469 0.628906 0.609375 0.625000 0.617188 0.625000 0.617188 0.613281 0.613281 0.609375 0.613281 0.605469
1 0.101562 0.574219 0.101562 0.597656 0.097656 0.601562 0.097656 0.605469 0.093750 0.609375 0.093750 0.617188 0.097656 0.621094 0.097656 0.625000 0.109375 0.625000 0.113281 0.628906 0.113281 0.632812 0.117188 0.636719 0.136719 0.636719 0.140625 0.640625 0.140625 0.648438 0.144531 0.648438 0.148438 0.652344 0.160156 0.652344 0.164062 0.656250 0.175781 0.656250 0.175781 0.648438 0.179688 0.644531 0.179688 0.636719 0.167969 0.625000 0.152344 0.625000 0.148438 0.628906 0.132812 0.628906 0.117188 0.613281 0.117188 0.609375 0.109375 0.601562 0.109375 0.574219
1 0.683594 0.562500 0.683594 0.570312 0.687500 0.574219 0.687500 0.589844 0.691406 0.593750 0.691406 0.609375 0.687500 0.613281 0.683594 0.613281 0.683594 0.628906 0.679688 0.632812 0.675781 0.632812 0.671875 0.636719 0.667969 0.636719 0.667969 0.644531 0.671875 0.648438 0.671875 0.660156 0.687500 0.660156 0.691406 0.664062 0.703125 0.664062 0.703125 0.656250 0.699219 0.652344 0.699219 0.632812 0.703125 0.628906 0.703125 0.613281 0.707031 0.609375 0.707031 0.593750 0.703125 0.589844 0.703125 0.585938 0.699219 0.582031 0.699219 0.578125 0.695312 0.578125 0.691406 0.574219 0.691406 0.562500
1 0.226562 0.542969 0.226562 0.550781 0.230469 0.554688 0.230469 0.601562 0.234375 0.605469 0.246094 0.605469 0.250000 0.601562 0.253906 0.601562 0.257812 0.597656 0.261719 0.597656 0.261719 0.589844 0.246094 0.589844 0.242188 0.585938 0.242188 0.542969
1 0.312500 0.492188 0.312500 0.500000 0.324219 0.500000 0.324219 0.492188
1 0.300781 0.464844 0.300781 0.472656 0.308594 0.472656 0.308594 0.464844
1 0.152344 0.375000 0.148438 0.378906 0.140625 0.378906 0.140625 0.417969 0.136719 0.421875 0.136719 0.425781 0.132812 0.429688 0.132812 0.433594 0.117188 0.449219 0.117188 0.453125 0.113281 0.457031 0.109375 0.457031 0.109375 0.464844 0.113281 0.468750 0.113281 0.492188 0.109375 0.496094 0.105469 0.496094 0.105469 0.523438 0.101562 0.527344 0.093750 0.527344 0.093750 0.535156 0.097656 0.539062 0.105469 0.539062 0.105469 0.527344 0.109375 0.523438 0.113281 0.523438 0.113281 0.511719 0.117188 0.507812 0.132812 0.507812 0.132812 0.500000 0.128906 0.500000 0.125000 0.496094 0.125000 0.476562 0.132812 0.468750 0.132812 0.464844 0.136719 0.460938 0.140625 0.460938 0.140625 0.445312 0.148438 0.437500 0.152344 0.437500 0.152344 0.425781 0.160156 0.417969 0.164062 0.417969 0.167969 0.414062 0.171875 0.414062 0.175781 0.410156 0.179688 0.410156 0.179688 0.382812 0.171875 0.382812 0.164062 0.375000
1 0.738281 0.335938 0.738281 0.343750 0.746094 0.343750 0.746094 0.335938
1 0.789062 0.253906 0.785156 0.257812 0.781250 0.257812 0.769531 0.269531 0.769531 0.296875 0.765625 0.300781 0.765625 0.312500 0.753906 0.324219 0.753906 0.332031 0.789062 0.332031 0.792969 0.335938 0.792969 0.343750 0.796875 0.347656 0.816406 0.347656 0.820312 0.343750 0.835938 0.343750 0.839844 0.339844 0.839844 0.332031 0.835938 0.328125 0.835938 0.289062 0.839844 0.285156 0.839844 0.277344 0.824219 0.261719 0.820312 0.261719 0.816406 0.257812 0.812500 0.257812 0.808594 0.253906
1 0.570312 0.195312 0.570312 0.210938 0.578125 0.210938 0.578125 0.207031 0.582031 0.203125 0.582031 0.195312
1 0.652344 0.191406 0.652344 0.207031 0.656250 0.207031 0.660156 0.210938 0.660156 0.253906 0.648438 0.265625 0.609375 0.265625 0.605469 0.261719 0.605469 0.253906 0.597656 0.253906 0.597656 0.269531 0.593750 0.273438 0.578125 0.273438 0.574219 0.269531 0.574219 0.265625 0.570312 0.261719 0.566406 0.261719 0.562500 0.257812 0.562500 0.242188 0.554688 0.242188 0.554688 0.250000 0.550781 0.253906 0.546875 0.253906 0.546875 0.273438 0.535156 0.285156 0.527344 0.285156 0.527344 0.292969 0.535156 0.292969 0.539062 0.296875 0.539062 0.316406 0.527344 0.328125 0.527344 0.359375 0.523438 0.363281 0.523438 0.367188 0.519531 0.371094 0.519531 0.425781 0.515625 0.429688 0.515625 0.445312 0.511719 0.449219 0.511719 0.460938 0.507812 0.464844 0.503906 0.464844 0.503906 0.500000 0.500000 0.503906 0.500000 0.515625 0.496094 0.519531 0.496094 0.527344 0.492188 0.531250 0.492188 0.542969 0.488281 0.546875 0.488281 0.554688 0.484375 0.558594 0.484375 0.562500 0.480469 0.566406 0.480469 0.582031 0.476562 0.585938 0.476562 0.601562 0.472656 0.605469 0.472656 0.609375 0.468750 0.613281 0.468750 0.621094 0.464844 0.625000 0.464844 0.628906 0.457031 0.636719 0.457031 0.648438 0.453125 0.652344 0.453125 0.656250 0.449219 0.660156 0.449219 0.664062 0.441406 0.671875 0.441406 0.675781 0.437500 0.679688 0.437500 0.683594 0.433594 0.687500 0.433594 0.691406 0.429688 0.695312 0.429688 0.710938 0.460938 0.710938 0.460938 0.703125 0.457031 0.703125 0.453125 0.699219 0.453125 0.683594 0.457031 0.679688 0.484375 0.679688 0.484375 0.671875 0.468750 0.671875 0.464844 0.667969 0.464844 0.652344 0.468750 0.648438 0.468750 0.640625 0.472656 0.636719 0.472656 0.625000 0.476562 0.621094 0.476562 0.617188 0.480469 0.613281 0.480469 0.601562 0.484375 0.597656 0.484375 0.593750 0.488281 0.589844 0.492188 0.589844 0.492188 0.585938 0.496094 0.582031 0.496094 0.570312 0.500000 0.566406 0.500000 0.550781 0.503906 0.546875 0.503906 0.531250 0.507812 0.527344 0.523438 0.527344 0.527344 0.531250 0.535156 0.531250 0.539062 0.535156 0.546875 0.535156 0.550781 0.539062 0.574219 0.539062 0.578125 0.542969 0.578125 0.550781 0.582031 0.554688 0.593750 0.554688 0.613281 0.535156 0.628906 0.535156 0.632812 0.531250 0.640625 0.531250 0.648438 0.523438 0.652344 0.523438 0.656250 0.519531 0.667969 0.519531 0.667969 0.511719 0.664062 0.507812 0.664062 0.484375 0.671875 0.476562 0.671875 0.460938 0.675781 0.457031 0.675781 0.449219 0.664062 0.449219 0.660156 0.445312 0.660156 0.402344 0.664062 0.398438 0.667969 0.398438 0.667969 0.390625 0.660156 0.390625 0.656250 0.386719 0.656250 0.367188 0.660156 0.363281 0.660156 0.359375 0.664062 0.355469 0.683594 0.355469 0.683594 0.343750 0.679688 0.343750 0.671875 0.335938 0.671875 0.308594 0.675781 0.304688 0.691406 0.304688 0.695312 0.300781 0.699219 0.300781 0.703125 0.296875 0.718750 0.296875 0.718750 0.285156 0.714844 0.281250 0.714844 0.269531 0.710938 0.265625 0.687500 0.265625 0.683594 0.261719 0.679688 0.261719 0.671875 0.253906 0.671875 0.250000 0.667969 0.246094 0.667969 0.226562 0.664062 0.222656 0.664062 0.191406
1 0.625000 0.171875 0.625000 0.175781 0.621094 0.179688 0.621094 0.187500 0.628906 0.187500 0.632812 0.183594 0.640625 0.183594 0.640625 0.171875
1 0.363281 0.152344 0.359375 0.156250 0.343750 0.156250 0.335938 0.164062 0.328125 0.164062 0.328125 0.175781 0.324219 0.179688 0.320312 0.179688 0.316406 0.183594 0.312500 0.183594 0.308594 0.187500 0.292969 0.187500 0.289062 0.191406 0.281250 0.191406 0.277344 0.195312 0.277344 0.207031 0.273438 0.210938 0.257812 0.210938 0.257812 0.218750 0.261719 0.218750 0.265625 0.222656 0.265625 0.230469 0.285156 0.230469 0.289062 0.234375 0.289062 0.250000 0.285156 0.253906 0.285156 0.277344 0.277344 0.285156 0.277344 0.304688 0.273438 0.308594 0.273438 0.332031 0.269531 0.335938 0.265625 0.335938 0.261719 0.339844 0.261719 0.359375 0.257812 0.363281 0.242188 0.363281 0.234375 0.355469 0.226562 0.355469 0.222656 0.359375 0.214844 0.359375 0.214844 0.371094 0.210938 0.375000 0.210938 0.378906 0.203125 0.386719 0.203125 0.410156 0.199219 0.414062 0.195312 0.414062 0.195312 0.433594 0.199219 0.437500 0.199219 0.441406 0.203125 0.445312 0.203125 0.507812 0.207031 0.511719 0.207031 0.519531 0.218750 0.519531 0.222656 0.515625 0.222656 0.511719 0.230469 0.503906 0.230469 0.500000 0.238281 0.492188 0.242188 0.492188 0.242188 0.484375 0.246094 0.480469 0.257812 0.480469 0.261719 0.476562 0.265625 0.476562 0.269531 0.472656 0.269531 0.464844 0.273438 0.460938 0.273438 0.457031 0.277344 0.453125 0.292969 0.453125 0.292969 0.441406 0.296875 0.437500 0.300781 0.437500 0.300781 0.433594 0.304688 0.429688 0.316406 0.429688 0.316406 0.425781 0.324219 0.417969 0.339844 0.417969 0.339844 0.398438 0.343750 0.394531 0.343750 0.390625 0.347656 0.386719 0.355469 0.386719 0.355469 0.378906 0.351562 0.375000 0.332031 0.375000 0.328125 0.371094 0.328125 0.347656 0.332031 0.343750 0.371094 0.343750 0.375000 0.347656 0.382812 0.347656 0.382812 0.335938 0.398438 0.320312 0.406250 0.320312 0.410156 0.316406 0.410156 0.304688 0.402344 0.304688 0.394531 0.296875 0.394531 0.281250 0.386719 0.281250 0.378906 0.289062 0.378906 0.296875 0.375000 0.300781 0.355469 0.300781 0.351562 0.296875 0.328125 0.296875 0.324219 0.292969 0.324219 0.281250 0.308594 0.265625 0.308594 0.250000 0.304688 0.246094 0.304688 0.218750 0.308594 0.214844 0.308594 0.207031 0.320312 0.195312 0.320312 0.191406 0.324219 0.187500 0.328125 0.187500 0.328125 0.179688 0.332031 0.175781 0.347656 0.175781 0.355469 0.167969 0.359375 0.167969 0.363281 0.164062 0.378906 0.164062 0.378906 0.156250 0.375000 0.156250 0.371094 0.152344
1 0.421875 0.128906 0.417969 0.132812 0.410156 0.132812 0.406250 0.136719 0.402344 0.136719 0.398438 0.140625 0.398438 0.148438 0.410156 0.148438 0.414062 0.144531 0.425781 0.144531 0.425781 0.140625 0.429688 0.136719 0.429688 0.128906
1 0.539062 0.062500 0.535156 0.066406 0.527344 0.066406 0.523438 0.070312 0.519531 0.070312 0.519531 0.074219 0.515625 0.078125 0.492188 0.078125 0.492188 0.082031 0.484375 0.089844 0.464844 0.089844 0.460938 0.093750 0.460938 0.101562 0.480469 0.101562 0.480469 0.097656 0.484375 0.093750 0.496094 0.093750 0.500000 0.089844 0.507812 0.089844 0.511719 0.085938 0.511719 0.082031 0.515625 0.078125 0.535156 0.078125 0.539062 0.074219 0.546875 0.074219 0.550781 0.070312 0.558594 0.070312 0.558594 0.062500
