1 0.175781 0.847656 0.167969 0.855469 0.167969 0.871094 0.171875 0.875000 0.179688 0.875000 0.179688 0.871094 0.183594 0.867188 0.183594 0.847656
1 0.226562 0.769531 0.218750 0.777344 0.218750 0.781250 0.207031 0.792969 0.207031 0.796875 0.203125 0.800781 0.203125 0.808594 0.199219 0.812500 0.195312 0.812500 0.195312 0.816406 0.187500 0.824219 0.187500 0.835938 0.207031 0.835938 0.210938 0.832031 0.214844 0.832031 0.214844 0.824219 0.218750 0.820312 0.218750 0.816406 0.222656 0.812500 0.226562 0.812500 0.230469 0.808594 0.230469 0.804688 0.234375 0.800781 0.234375 0.792969 0.238281 0.789062 0.246094 0.789062 0.246094 0.781250 0.242188 0.777344 0.242188 0.769531
1 0.289062 0.628906 0.285156 0.632812 0.285156 0.636719 0.281250 0.640625 0.281250 0.644531 0.277344 0.648438 0.277344 0.671875 0.285156 0.671875 0.289062 0.675781 0.289062 0.695312 0.285156 0.699219 0.281250 0.699219 0.281250 0.710938 0.277344 0.714844 0.269531 0.714844 0.265625 0.718750 0.265625 0.730469 0.261719 0.734375 0.261719 0.742188 0.269531 0.742188 0.281250 0.730469 0.281250 0.718750 0.285156 0.714844 0.289062 0.714844 0.289062 0.710938 0.292969 0.707031 0.300781 0.707031 0.300781 0.695312 0.308594 0.687500 0.308594 0.675781 0.312500 0.671875 0.312500 0.667969 0.316406 0.664062 0.335938 0.664062 0.339844 0.660156 0.355469 0.660156 0.355469 0.652344 0.347656 0.652344 0.343750 0.648438 0.332031 0.648438 0.332031 0.652344 0.324219 0.660156 0.308594 0.660156 0.304688 0.656250 0.304688 0.640625 0.296875 0.632812 0.296875 0.628906
1 0.339844 0.605469 0.339844 0.617188 0.347656 0.617188 0.347656 0.605469
1 0.757812 0.601562 0.757812 0.605469 0.746094 0.617188 0.746094 0.625000 0.761719 0.625000 0.765625 0.621094 0.769531 0.621094 0.769531 0.601562
1 0.324219 0.585938 0.324219 0.597656 0.332031 0.597656 0.332031 0.585938
1 0.824219 0.562500 0.824219 0.566406 0.820312 0.570312 0.800781 0.570312 0.796875 0.566406 0.781250 0.566406 0.781250 0.597656 0.796875 0.597656 0.800781 0.593750 0.808594 0.593750 0.820312 0.582031 0.820312 0.574219 0.824219 0.570312 0.832031 0.570312 0.832031 0.562500
1 0.410156 0.527344 0.410156 0.535156 0.417969 0.535156 0.417969 0.527344
1 0.351562 0.453125 0.351562 0.468750 0.347656 0.472656 0.328125 0.472656 0.324219 0.468750 0.312500 0.468750 0.308594 0.464844 0.300781 0.464844 0.296875 0.468750 0.296875 0.488281 0.308594 0.488281 0.312500 0.492188 0.312500 0.500000 0.316406 0.503906 0.316406 0.511719 0.324219 0.511719 0.324219 0.500000 0.328125 0.496094 0.332031 0.496094 0.332031 0.488281 0.335938 0.484375 0.351562 0.484375 0.351562 0.480469 0.355469 0.476562 0.367188 0.476562 0.367188 0.457031 0.363281 0.457031 0.359375 0.453125
1 0.796875 0.367188 0.796875 0.394531 0.792969 0.398438 0.777344 0.398438 0.773438 0.402344 0.773438 0.410156 0.777344 0.414062 0.777344 0.417969 0.781250 0.417969 0.785156 0.421875 0.792969 0.421875 0.800781 0.414062 0.808594 0.414062 0.808594 0.410156 0.812500 0.406250 0.820312 0.406250 0.820312 0.398438 0.816406 0.394531 0.816406 0.371094 0.812500 0.371094 0.808594 0.367188
1 0.515625 0.339844 0.515625 0.347656 0.511719 0.351562 0.511719 0.355469 0.507812 0.359375 0.507812 0.363281 0.503906 0.367188 0.500000 0.367188 0.500000 0.371094 0.496094 0.375000 0.492188 0.375000 0.492188 0.386719 0.488281 0.390625 0.484375 0.390625 0.472656 0.402344 0.457031 0.402344 0.453125 0.398438 0.437500 0.398438 0.433594 0.394531 0.429688 0.394531 0.425781 0.390625 0.425781 0.386719 0.421875 0.382812 0.421875 0.367188 0.414062 0.367188 0.414062 0.382812 0.410156 0.386719 0.410156 0.414062 0.414062 0.417969 0.414062 0.445312 0.410156 0.449219 0.410156 0.464844 0.425781 0.464844 0.429688 0.468750 0.429688 0.484375 0.421875 0.492188 0.421875 0.503906 0.425781 0.503906 0.429688 0.507812 0.437500 0.507812 0.441406 0.503906 0.441406 0.500000 0.445312 0.496094 0.445312 0.480469 0.449219 0.476562 0.453125 0.476562 0.453125 0.472656 0.457031 0.468750 0.457031 0.464844 0.464844 0.457031 0.464844 0.453125 0.468750 0.449219 0.468750 0.437500 0.476562 0.429688 0.480469 0.429688 0.484375 0.425781 0.484375 0.414062 0.488281 0.410156 0.492188 0.410156 0.496094 0.406250 0.496094 0.398438 0.500000 0.394531 0.519531 0.394531 0.519531 0.386719 0.515625 0.382812 0.515625 0.367188 0.519531 0.363281 0.519531 0.359375 0.527344 0.351562 0.527344 0.343750 0.523438 0.339844
1 0.375000 0.320312 0.375000 0.328125 0.367188 0.335938 0.367188 0.339844 0.363281 0.343750 0.359375 0.343750 0.359375 0.351562 0.367188 0.359375 0.367188 0.363281 0.378906 0.375000 0.386719 0.375000 0.386719 0.371094 0.390625 0.367188 0.390625 0.359375 0.386719 0.359375 0.382812 0.355469 0.382812 0.335938 0.386719 0.332031 0.390625 0.332031 0.390625 0.320312
1 0.945312 0.316406 0.945312 0.320312 0.941406 0.324219 0.933594 0.324219 0.933594 0.332031 0.937500 0.335938 0.941406 0.335938 0.945312 0.339844 0.945312 0.355469 0.941406 0.359375 0.937500 0.359375 0.937500 0.375000 0.945312 0.375000 0.945312 0.347656 0.949219 0.343750 0.957031 0.343750 0.957031 0.324219 0.953125 0.320312 0.953125 0.316406
1 0.257812 0.304688 0.257812 0.324219 0.269531 0.335938 0.277344 0.335938 0.281250 0.339844 0.281250 0.359375 0.277344 0.363281 0.230469 0.363281 0.230469 0.394531 0.222656 0.402344 0.222656 0.414062 0.218750 0.417969 0.203125 0.417969 0.199219 0.421875 0.187500 0.421875 0.187500 0.429688 0.191406 0.433594 0.191406 0.437500 0.199219 0.437500 0.203125 0.441406 0.203125 0.453125 0.238281 0.453125 0.242188 0.449219 0.261719 0.449219 0.261719 0.421875 0.265625 0.417969 0.265625 0.402344 0.269531 0.398438 0.277344 0.398438 0.281250 0.394531 0.281250 0.378906 0.285156 0.375000 0.332031 0.375000 0.332031 0.367188 0.328125 0.363281 0.324219 0.363281 0.320312 0.359375 0.320312 0.355469 0.308594 0.343750 0.308594 0.339844 0.304688 0.335938 0.304688 0.324219 0.292969 0.312500 0.292969 0.308594 0.289062 0.308594 0.285156 0.304688
1 0.816406 0.250000 0.808594 0.257812 0.808594 0.261719 0.800781 0.269531 0.785156 0.269531 0.785156 0.281250 0.792969 0.289062 0.792969 0.292969 0.796875 0.296875 0.796875 0.320312 0.804688 0.320312 0.804688 0.296875 0.816406 0.285156 0.820312 0.285156 0.820312 0.277344 0.824219 0.273438 0.828125 0.273438 0.828125 0.261719 0.832031 0.257812 0.835938 0.257812 0.835938 0.250000
1 0.929688 0.234375 0.929688 0.242188 0.933594 0.246094 0.933594 0.250000 0.937500 0.250000 0.941406 0.253906 0.941406 0.261719 0.949219 0.261719 0.949219 0.253906 0.945312 0.253906 0.941406 0.250000 0.941406 0.238281 0.937500 0.234375
1 0.722656 0.210938 0.722656 0.230469 0.730469 0.230469 0.738281 0.222656 0.742188 0.222656 0.742188 0.210938
1 0.410156 0.175781 0.406250 0.179688 0.406250 0.191406 0.402344 0.195312 0.390625 0.195312 0.386719 0.199219 0.386719 0.207031 0.390625 0.210938 0.390625 0.214844 0.402344 0.214844 0.406250 0.218750 0.406250 0.222656 0.414062 0.222656 0.414062 0.218750 0.417969 0.214844 0.421875 0.214844 0.421875 0.195312 0.425781 0.191406 0.425781 0.179688 0.421875 0.179688 0.417969 0.175781
1 0.183594 0.171875 0.156250 0.199219 0.156250 0.207031 0.167969 0.207031 0.167969 0.203125 0.191406 0.179688 0.191406 0.171875
1 0.660156 0.164062 0.660156 0.167969 0.656250 0.171875 0.636719 0.171875 0.632812 0.167969 0.621094 0.167969 0.617188 0.171875 0.613281 0.171875 0.613281 0.191406 0.609375 0.195312 0.601562 0.195312 0.601562 0.203125 0.613281 0.203125 0.617188 0.207031 0.617188 0.222656 0.613281 0.226562 0.609375 0.226562 0.593750 0.242188 0.593750 0.253906 0.589844 0.257812 0.589844 0.261719 0.582031 0.269531 0.582031 0.273438 0.574219 0.281250 0.570312 0.281250 0.570312 0.285156 0.566406 0.289062 0.562500 0.289062 0.558594 0.292969 0.558594 0.304688 0.585938 0.304688 0.585938 0.296875 0.593750 0.289062 0.613281 0.289062 0.617188 0.292969 0.617188 0.296875 0.621094 0.300781 0.621094 0.308594 0.625000 0.312500 0.625000 0.316406 0.628906 0.320312 0.628906 0.335938 0.625000 0.339844 0.601562 0.339844 0.597656 0.335938 0.589844 0.335938 0.589844 0.339844 0.585938 0.343750 0.585938 0.363281 0.582031 0.367188 0.566406 0.367188 0.566406 0.382812 0.558594 0.390625 0.554688 0.390625 0.550781 0.394531 0.546875 0.394531 0.546875 0.406250 0.554688 0.406250 0.558594 0.410156 0.570312 0.410156 0.574219 0.414062 0.574219 0.433594 0.570312 0.437500 0.554688 0.437500 0.554688 0.460938 0.550781 0.464844 0.531250 0.464844 0.531250 0.476562 0.527344 0.480469 0.523438 0.480469 0.523438 0.503906 0.519531 0.507812 0.503906 0.507812 0.503906 0.523438 0.500000 0.527344 0.496094 0.527344 0.496094 0.535156 0.492188 0.539062 0.488281 0.539062 0.488281 0.542969 0.484375 0.546875 0.476562 0.546875 0.476562 0.554688 0.484375 0.554688 0.488281 0.558594 0.488281 0.566406 0.519531 0.566406 0.523438 0.570312 0.523438 0.574219 0.531250 0.574219 0.531250 0.566406 0.535156 0.562500 0.546875 0.562500 0.550781 0.558594 0.558594 0.558594 0.558594 0.550781 0.562500 0.546875 0.574219 0.546875 0.574219 0.542969 0.578125 0.539062 0.585938 0.539062 0.589844 0.535156 0.589844 0.531250 0.593750 0.527344 0.601562 0.527344 0.613281 0.515625 0.613281 0.500000 0.617188 0.496094 0.621094 0.496094 0.625000 0.492188 0.625000 0.484375 0.628906 0.480469 0.640625 0.480469 0.640625 0.457031 0.644531 0.453125 0.644531 0.449219 0.648438 0.445312 0.648438 0.437500 0.644531 0.433594 0.644531 0.429688 0.640625 0.425781 0.640625 0.410156 0.644531 0.406250 0.644531 0.394531 0.648438 0.390625 0.664062 0.390625 0.667969 0.386719 0.667969 0.378906 0.671875 0.375000 0.679688 0.375000 0.679688 0.367188 0.671875 0.367188 0.667969 0.363281 0.667969 0.347656 0.660156 0.347656 0.660156 0.351562 0.656250 0.355469 0.652344 0.355469 0.652344 0.363281 0.648438 0.367188 0.632812 0.367188 0.628906 0.363281 0.628906 0.347656 0.632812 0.343750 0.636719 0.343750 0.636719 0.335938 0.632812 0.332031 0.632812 0.316406 0.636719 0.312500 0.660156 0.312500 0.664062 0.316406 0.664062 0.320312 0.675781 0.320312 0.675781 0.316406 0.683594 0.308594 0.687500 0.308594 0.691406 0.304688 0.691406 0.292969 0.675781 0.292969 0.675781 0.296875 0.671875 0.300781 0.656250 0.300781 0.652344 0.296875 0.652344 0.277344 0.667969 0.261719 0.671875 0.261719 0.675781 0.257812 0.691406 0.257812 0.691406 0.253906 0.695312 0.250000 0.695312 0.242188 0.683594 0.242188 0.683594 0.246094 0.679688 0.250000 0.660156 0.250000 0.656250 0.253906 0.636719 0.253906 0.636719 0.265625 0.632812 0.269531 0.605469 0.269531 0.601562 0.265625 0.601562 0.250000 0.617188 0.234375 0.617188 0.214844 0.621094 0.210938 0.636719 0.210938 0.648438 0.199219 0.648438 0.195312 0.652344 0.191406 0.656250 0.191406 0.656250 0.183594 0.660156 0.179688 0.667969 0.179688 0.671875 0.175781 0.671875 0.164062
1 0.218750 0.152344 0.218750 0.164062 0.226562 0.164062 0.226562 0.152344
1 0.566406 0.074219 0.566406 0.078125 0.562500 0.082031 0.550781 0.082031 0.539062 0.093750 0.539062 0.105469 0.546875 0.113281 0.554688 0.113281 0.558594 0.117188 0.558594 0.132812 0.554688 0.136719 0.550781 0.136719 0.550781 0.148438 0.546875 0.152344 0.546875 0.156250 0.542969 0.160156 0.535156 0.160156 0.535156 0.171875 0.546875 0.171875 0.550781 0.175781 0.550781 0.183594 0.570312 0.183594 0.570312 0.171875 0.566406 0.167969 0.566406 0.152344 0.570312 0.148438 0.578125 0.148438 0.578125 0.125000 0.582031 0.121094 0.585938 0.121094 0.589844 0.117188 0.593750 0.117188 0.593750 0.105469 0.597656 0.101562 0.597656 0.085938 0.589844 0.085938 0.585938 0.082031 0.578125 0.082031 0.574219 0.078125 0.574219 0.074219
1 0.437500 0.042969 0.437500 0.050781 0.445312 0.050781 0.445312 0.042969
1 0.578125 0.023438 0.578125 0.027344 0.574219 0.031250 0.550781 0.031250 0.550781 0.039062 0.562500 0.039062 0.566406 0.042969 0.574219 0.042969 0.578125 0.039062 0.605469 0.039062 0.609375 0.042969 0.617188 0.042969 0.621094 0.039062 0.648438 0.039062 0.652344 0.042969 0.656250 0.042969 0.660156 0.046875 0.667969 0.046875 0.671875 0.042969 0.675781 0.042969 0.675781 0.035156 0.671875 0.031250 0.617188 0.031250 0.613281 0.027344 0.589844 0.027344 0.585938 0.023438
