1 0.628906 0.828125 0.628906 0.847656 0.632812 0.851562 0.632812 0.871094 0.628906 0.875000 0.628906 0.882812 0.632812 0.886719 0.632812 0.890625 0.636719 0.894531 0.636719 0.906250 0.640625 0.910156 0.640625 0.933594 0.644531 0.937500 0.644531 0.945312 0.648438 0.949219 0.648438 0.968750 0.652344 0.972656 0.652344 0.996094 0.683594 0.996094 0.683594 0.964844 0.679688 0.960938 0.679688 0.953125 0.675781 0.949219 0.675781 0.945312 0.667969 0.945312 0.664062 0.941406 0.664062 0.937500 0.660156 0.937500 0.656250 0.933594 0.656250 0.917969 0.652344 0.914062 0.652344 0.910156 0.648438 0.906250 0.648438 0.886719 0.652344 0.882812 0.652344 0.875000 0.656250 0.871094 0.660156 0.871094 0.660156 0.851562 0.656250 0.851562 0.644531 0.839844 0.640625 0.839844 0.636719 0.835938 0.636719 0.828125
1 0.441406 0.828125 0.437500 0.832031 0.421875 0.832031 0.421875 0.839844 0.425781 0.839844 0.429688 0.843750 0.433594 0.843750 0.437500 0.847656 0.441406 0.847656 0.445312 0.851562 0.453125 0.851562 0.460938 0.859375 0.468750 0.859375 0.472656 0.863281 0.484375 0.863281 0.492188 0.871094 0.500000 0.871094 0.507812 0.878906 0.511719 0.878906 0.515625 0.882812 0.519531 0.882812 0.523438 0.886719 0.527344 0.886719 0.531250 0.890625 0.554688 0.890625 0.558594 0.894531 0.566406 0.894531 0.570312 0.890625 0.582031 0.890625 0.585938 0.886719 0.589844 0.886719 0.589844 0.878906 0.574219 0.878906 0.570312 0.882812 0.554688 0.882812 0.550781 0.878906 0.550781 0.863281 0.542969 0.863281 0.539062 0.867188 0.523438 0.867188 0.519531 0.863281 0.519531 0.859375 0.511719 0.859375 0.507812 0.855469 0.507812 0.847656 0.484375 0.847656 0.472656 0.835938 0.460938 0.835938 0.457031 0.832031 0.453125 0.832031 0.449219 0.828125
1 0.550781 0.800781 0.546875 0.804688 0.542969 0.804688 0.542969 0.812500 0.550781 0.812500 0.554688 0.808594 0.562500 0.808594 0.562500 0.800781
1 0.609375 0.781250 0.609375 0.789062 0.613281 0.792969 0.621094 0.792969 0.621094 0.785156 0.617188 0.781250
1 0.585938 0.718750 0.585938 0.726562 0.593750 0.726562 0.593750 0.718750
1 0.179688 0.707031 0.179688 0.714844 0.183594 0.714844 0.187500 0.718750 0.187500 0.722656 0.195312 0.722656 0.199219 0.718750 0.199219 0.710938 0.195312 0.710938 0.191406 0.707031
1 0.738281 0.691406 0.734375 0.695312 0.722656 0.695312 0.718750 0.699219 0.707031 0.699219 0.703125 0.703125 0.695312 0.703125 0.691406 0.707031 0.687500 0.707031 0.687500 0.714844 0.691406 0.718750 0.691406 0.734375 0.687500 0.738281 0.687500 0.746094 0.683594 0.750000 0.675781 0.750000 0.675781 0.761719 0.671875 0.765625 0.671875 0.773438 0.679688 0.773438 0.683594 0.769531 0.683594 0.765625 0.695312 0.753906 0.695312 0.750000 0.699219 0.746094 0.699219 0.730469 0.703125 0.726562 0.710938 0.726562 0.714844 0.722656 0.722656 0.722656 0.722656 0.718750 0.726562 0.714844 0.726562 0.710938 0.734375 0.703125 0.753906 0.703125 0.753906 0.695312 0.750000 0.691406
1 0.164062 0.656250 0.164062 0.679688 0.167969 0.683594 0.167969 0.687500 0.175781 0.687500 0.175781 0.656250
1 0.500000 0.652344 0.500000 0.660156 0.507812 0.660156 0.507812 0.652344
1 0.554688 0.632812 0.554688 0.640625 0.539062 0.656250 0.539062 0.671875 0.542969 0.675781 0.546875 0.675781 0.550781 0.679688 0.550781 0.683594 0.554688 0.687500 0.554688 0.691406 0.562500 0.691406 0.566406 0.687500 0.570312 0.687500 0.570312 0.667969 0.574219 0.664062 0.578125 0.664062 0.578125 0.648438 0.574219 0.644531 0.570312 0.644531 0.562500 0.636719 0.562500 0.632812
1 0.437500 0.632812 0.437500 0.640625 0.449219 0.640625 0.449219 0.632812
1 0.273438 0.632812 0.273438 0.644531 0.277344 0.648438 0.285156 0.648438 0.285156 0.632812
1 0.785156 0.628906 0.777344 0.636719 0.777344 0.648438 0.781250 0.652344 0.781250 0.683594 0.789062 0.683594 0.792969 0.687500 0.804688 0.687500 0.808594 0.691406 0.824219 0.691406 0.828125 0.695312 0.835938 0.695312 0.835938 0.687500 0.832031 0.687500 0.828125 0.683594 0.828125 0.679688 0.816406 0.679688 0.812500 0.675781 0.812500 0.671875 0.800781 0.671875 0.796875 0.667969 0.796875 0.648438 0.800781 0.644531 0.800781 0.636719 0.796875 0.632812 0.796875 0.628906
1 0.757812 0.593750 0.757812 0.601562 0.761719 0.605469 0.761719 0.609375 0.769531 0.609375 0.769531 0.605469 0.773438 0.601562 0.777344 0.601562 0.777344 0.593750
1 0.679688 0.593750 0.679688 0.605469 0.683594 0.605469 0.687500 0.609375 0.703125 0.609375 0.707031 0.605469 0.718750 0.605469 0.718750 0.597656 0.710938 0.597656 0.707031 0.593750
1 0.910156 0.578125 0.910156 0.593750 0.914062 0.597656 0.914062 0.632812 0.925781 0.632812 0.925781 0.613281 0.929688 0.609375 0.929688 0.601562 0.921875 0.593750 0.921875 0.585938 0.917969 0.582031 0.917969 0.578125
1 0.421875 0.566406 0.417969 0.570312 0.414062 0.570312 0.414062 0.578125 0.417969 0.582031 0.417969 0.601562 0.414062 0.605469 0.410156 0.605469 0.410156 0.613281 0.414062 0.617188 0.421875 0.617188 0.421875 0.609375 0.417969 0.605469 0.417969 0.589844 0.421875 0.585938 0.429688 0.585938 0.433594 0.582031 0.433594 0.566406
1 0.281250 0.503906 0.277344 0.507812 0.277344 0.515625 0.269531 0.523438 0.269531 0.527344 0.265625 0.531250 0.265625 0.542969 0.269531 0.546875 0.277344 0.546875 0.285156 0.554688 0.292969 0.554688 0.296875 0.558594 0.300781 0.558594 0.304688 0.562500 0.304688 0.570312 0.308594 0.574219 0.328125 0.574219 0.332031 0.578125 0.339844 0.578125 0.343750 0.582031 0.343750 0.628906 0.339844 0.632812 0.332031 0.632812 0.328125 0.636719 0.316406 0.636719 0.312500 0.640625 0.312500 0.644531 0.308594 0.648438 0.308594 0.656250 0.312500 0.656250 0.316406 0.660156 0.332031 0.660156 0.335938 0.664062 0.359375 0.664062 0.363281 0.667969 0.363281 0.671875 0.367188 0.675781 0.378906 0.675781 0.382812 0.671875 0.386719 0.671875 0.386719 0.660156 0.382812 0.660156 0.378906 0.656250 0.355469 0.656250 0.351562 0.652344 0.351562 0.621094 0.363281 0.609375 0.375000 0.609375 0.375000 0.597656 0.371094 0.597656 0.363281 0.589844 0.363281 0.574219 0.359375 0.574219 0.355469 0.570312 0.351562 0.570312 0.347656 0.566406 0.347656 0.539062 0.343750 0.535156 0.343750 0.531250 0.339844 0.531250 0.332031 0.523438 0.332031 0.515625 0.304688 0.515625 0.300781 0.511719 0.296875 0.511719 0.292969 0.507812 0.292969 0.503906
1 0.753906 0.500000 0.753906 0.515625 0.750000 0.519531 0.750000 0.535156 0.746094 0.539062 0.730469 0.539062 0.726562 0.542969 0.718750 0.542969 0.714844 0.546875 0.714844 0.554688 0.722656 0.562500 0.722656 0.570312 0.726562 0.570312 0.730469 0.574219 0.742188 0.574219 0.746094 0.570312 0.750000 0.570312 0.750000 0.566406 0.753906 0.562500 0.753906 0.535156 0.757812 0.531250 0.761719 0.531250 0.765625 0.527344 0.765625 0.519531 0.761719 0.515625 0.761719 0.500000
1 0.898438 0.476562 0.898438 0.492188 0.910156 0.503906 0.917969 0.503906 0.917969 0.484375 0.914062 0.484375 0.910156 0.480469 0.910156 0.476562
1 0.816406 0.464844 0.816406 0.476562 0.812500 0.480469 0.804688 0.480469 0.804688 0.527344 0.816406 0.527344 0.816406 0.515625 0.820312 0.511719 0.824219 0.511719 0.824219 0.484375 0.828125 0.480469 0.832031 0.480469 0.832031 0.472656 0.828125 0.468750 0.828125 0.464844
1 0.410156 0.464844 0.410156 0.492188 0.437500 0.492188 0.437500 0.484375 0.441406 0.480469 0.441406 0.472656 0.433594 0.472656 0.425781 0.464844
1 0.250000 0.402344 0.250000 0.421875 0.253906 0.425781 0.253906 0.429688 0.261719 0.429688 0.265625 0.425781 0.273438 0.425781 0.273438 0.406250 0.261719 0.406250 0.257812 0.402344
1 0.687500 0.347656 0.683594 0.351562 0.683594 0.367188 0.691406 0.367188 0.691406 0.363281 0.695312 0.359375 0.695312 0.347656
1 0.332031 0.339844 0.332031 0.347656 0.335938 0.347656 0.339844 0.351562 0.339844 0.359375 0.347656 0.359375 0.347656 0.347656 0.343750 0.347656 0.339844 0.343750 0.339844 0.339844
1 0.738281 0.332031 0.734375 0.335938 0.722656 0.335938 0.722656 0.343750 0.726562 0.343750 0.730469 0.347656 0.730469 0.355469 0.742188 0.355469 0.742188 0.347656 0.746094 0.343750 0.746094 0.332031
1 0.265625 0.332031 0.261719 0.335938 0.261719 0.347656 0.269531 0.355469 0.269531 0.363281 0.273438 0.363281 0.277344 0.367188 0.281250 0.367188 0.285156 0.371094 0.285156 0.378906 0.289062 0.382812 0.289062 0.386719 0.296875 0.386719 0.300781 0.382812 0.300781 0.371094 0.296875 0.367188 0.296875 0.339844 0.292969 0.335938 0.292969 0.332031
1 0.585938 0.261719 0.585938 0.265625 0.582031 0.269531 0.582031 0.277344 0.585938 0.281250 0.585938 0.296875 0.589844 0.296875 0.593750 0.300781 0.593750 0.308594 0.605469 0.308594 0.613281 0.316406 0.613281 0.320312 0.644531 0.320312 0.644531 0.308594 0.640625 0.304688 0.636719 0.304688 0.628906 0.296875 0.628906 0.285156 0.621094 0.277344 0.621094 0.269531 0.617188 0.265625 0.601562 0.265625 0.597656 0.261719
1 0.113281 0.257812 0.113281 0.277344 0.109375 0.281250 0.085938 0.281250 0.085938 0.285156 0.082031 0.289062 0.082031 0.304688 0.109375 0.304688 0.113281 0.308594 0.113281 0.312500 0.117188 0.312500 0.125000 0.320312 0.132812 0.320312 0.132812 0.273438 0.128906 0.273438 0.121094 0.265625 0.121094 0.257812
1 0.687500 0.179688 0.687500 0.191406 0.691406 0.191406 0.695312 0.195312 0.699219 0.195312 0.703125 0.199219 0.703125 0.214844 0.714844 0.214844 0.718750 0.218750 0.718750 0.222656 0.722656 0.222656 0.734375 0.234375 0.746094 0.234375 0.746094 0.226562 0.742188 0.226562 0.734375 0.218750 0.730469 0.218750 0.726562 0.214844 0.718750 0.214844 0.714844 0.210938 0.714844 0.203125 0.710938 0.203125 0.707031 0.199219 0.707031 0.187500 0.703125 0.187500 0.699219 0.183594 0.699219 0.179688
1 0.214844 0.140625 0.214844 0.164062 0.210938 0.167969 0.167969 0.167969 0.164062 0.164062 0.152344 0.164062 0.152344 0.171875 0.148438 0.175781 0.144531 0.175781 0.144531 0.207031 0.148438 0.210938 0.152344 0.210938 0.160156 0.218750 0.160156 0.222656 0.183594 0.222656 0.187500 0.218750 0.191406 0.218750 0.195312 0.214844 0.230469 0.214844 0.234375 0.218750 0.234375 0.242188 0.230469 0.246094 0.226562 0.246094 0.214844 0.257812 0.214844 0.265625 0.210938 0.269531 0.207031 0.269531 0.207031 0.273438 0.203125 0.277344 0.203125 0.289062 0.210938 0.289062 0.214844 0.285156 0.246094 0.285156 0.250000 0.289062 0.257812 0.289062 0.257812 0.281250 0.253906 0.281250 0.250000 0.277344 0.250000 0.238281 0.257812 0.230469 0.261719 0.230469 0.261719 0.214844 0.265625 0.210938 0.292969 0.210938 0.292969 0.195312 0.285156 0.187500 0.285156 0.175781 0.261719 0.175781 0.257812 0.171875 0.257812 0.164062 0.253906 0.160156 0.234375 0.160156 0.230469 0.156250 0.226562 0.156250 0.222656 0.152344 0.222656 0.140625
1 0.523438 0.093750 0.523438 0.105469 0.527344 0.109375 0.554688 0.109375 0.558594 0.113281 0.574219 0.113281 0.578125 0.117188 0.578125 0.121094 0.582031 0.125000 0.582031 0.140625 0.578125 0.144531 0.570312 0.144531 0.558594 0.156250 0.546875 0.156250 0.539062 0.164062 0.531250 0.164062 0.531250 0.167969 0.527344 0.171875 0.507812 0.171875 0.496094 0.160156 0.484375 0.160156 0.480469 0.156250 0.480469 0.152344 0.472656 0.152344 0.472656 0.160156 0.480469 0.160156 0.484375 0.164062 0.484375 0.187500 0.480469 0.191406 0.476562 0.191406 0.476562 0.199219 0.480469 0.203125 0.480469 0.218750 0.472656 0.226562 0.460938 0.226562 0.457031 0.230469 0.457031 0.234375 0.453125 0.238281 0.449219 0.238281 0.449219 0.242188 0.445312 0.246094 0.445312 0.250000 0.437500 0.257812 0.433594 0.257812 0.433594 0.273438 0.429688 0.277344 0.410156 0.277344 0.406250 0.273438 0.406250 0.269531 0.394531 0.269531 0.390625 0.273438 0.390625 0.289062 0.394531 0.292969 0.394531 0.320312 0.398438 0.320312 0.402344 0.324219 0.402344 0.328125 0.414062 0.339844 0.414062 0.347656 0.417969 0.351562 0.417969 0.363281 0.421875 0.367188 0.429688 0.367188 0.433594 0.371094 0.433594 0.378906 0.437500 0.378906 0.441406 0.382812 0.441406 0.417969 0.445312 0.417969 0.449219 0.421875 0.449219 0.433594 0.453125 0.437500 0.453125 0.464844 0.460938 0.464844 0.464844 0.468750 0.464844 0.476562 0.468750 0.476562 0.480469 0.488281 0.480469 0.511719 0.492188 0.511719 0.500000 0.519531 0.500000 0.523438 0.503906 0.527344 0.503906 0.550781 0.507812 0.554688 0.507812 0.570312 0.511719 0.570312 0.515625 0.574219 0.519531 0.574219 0.523438 0.578125 0.523438 0.585938 0.531250 0.585938 0.531250 0.578125 0.539062 0.570312 0.546875 0.570312 0.562500 0.554688 0.566406 0.554688 0.566406 0.546875 0.570312 0.542969 0.578125 0.542969 0.578125 0.539062 0.582031 0.535156 0.582031 0.527344 0.585938 0.523438 0.585938 0.515625 0.593750 0.507812 0.593750 0.500000 0.605469 0.488281 0.605469 0.480469 0.601562 0.476562 0.601562 0.457031 0.593750 0.457031 0.593750 0.480469 0.589844 0.484375 0.589844 0.492188 0.585938 0.496094 0.574219 0.496094 0.570312 0.500000 0.558594 0.500000 0.558594 0.503906 0.550781 0.511719 0.527344 0.511719 0.523438 0.507812 0.515625 0.507812 0.511719 0.503906 0.511719 0.492188 0.507812 0.488281 0.507812 0.484375 0.503906 0.484375 0.500000 0.480469 0.496094 0.480469 0.492188 0.476562 0.492188 0.464844 0.488281 0.460938 0.488281 0.453125 0.484375 0.453125 0.480469 0.449219 0.480469 0.417969 0.484375 0.414062 0.484375 0.398438 0.488281 0.394531 0.488281 0.390625 0.496094 0.382812 0.503906 0.382812 0.503906 0.378906 0.511719 0.371094 0.511719 0.367188 0.523438 0.355469 0.523438 0.324219 0.511719 0.324219 0.503906 0.316406 0.500000 0.316406 0.496094 0.312500 0.488281 0.312500 0.488281 0.316406 0.484375 0.320312 0.464844 0.320312 0.460938 0.316406 0.460938 0.296875 0.464844 0.292969 0.464844 0.289062 0.472656 0.281250 0.476562 0.281250 0.476562 0.250000 0.480469 0.246094 0.496094 0.246094 0.500000 0.242188 0.507812 0.242188 0.511719 0.238281 0.515625 0.238281 0.519531 0.234375 0.527344 0.234375 0.527344 0.230469 0.531250 0.226562 0.558594 0.226562 0.566406 0.234375 0.578125 0.234375 0.582031 0.238281 0.593750 0.238281 0.593750 0.226562 0.597656 0.222656 0.597656 0.214844 0.609375 0.203125 0.609375 0.195312 0.597656 0.195312 0.593750 0.191406 0.589844 0.191406 0.585938 0.187500 0.585938 0.171875 0.589844 0.167969 0.613281 0.167969 0.613281 0.164062 0.617188 0.160156 0.617188 0.156250 0.625000 0.148438 0.640625 0.148438 0.648438 0.156250 0.648438 0.160156 0.652344 0.164062 0.667969 0.164062 0.667969 0.152344 0.664062 0.152344 0.648438 0.136719 0.644531 0.136719 0.640625 0.132812 0.628906 0.132812 0.625000 0.128906 0.625000 0.125000 0.613281 0.125000 0.609375 0.121094 0.605469 0.121094 0.597656 0.113281 0.593750 0.113281 0.589844 0.109375 0.589844 0.105469 0.585938 0.105469 0.582031 0.101562 0.558594 0.101562 0.554688 0.097656 0.546875 0.097656 0.542969 0.093750
1 0.449219 0.066406 0.449219 0.074219 0.453125 0.074219 0.457031 0.078125 0.464844 0.078125 0.468750 0.082031 0.472656 0.082031 0.476562 0.085938 0.484375 0.085938 0.488281 0.082031 0.496094 0.082031 0.496094 0.074219 0.484375 0.074219 0.480469 0.070312 0.460938 0.070312 0.457031 0.066406
