1 0.656250 0.945312 0.656250 0.949219 0.652344 0.953125 0.652344 0.972656 0.648438 0.976562 0.644531 0.976562 0.644531 0.996094 0.664062 0.996094 0.664062 0.984375 0.667969 0.980469 0.667969 0.972656 0.671875 0.968750 0.671875 0.960938 0.667969 0.957031 0.667969 0.945312
1 0.593750 0.789062 0.593750 0.796875 0.601562 0.796875 0.601562 0.789062
1 0.515625 0.707031 0.515625 0.714844 0.511719 0.718750 0.511719 0.734375 0.519531 0.734375 0.523438 0.738281 0.535156 0.738281 0.539062 0.734375 0.562500 0.734375 0.566406 0.738281 0.570312 0.738281 0.578125 0.746094 0.578125 0.750000 0.582031 0.753906 0.582031 0.757812 0.589844 0.757812 0.589844 0.746094 0.585938 0.742188 0.585938 0.734375 0.582031 0.730469 0.582031 0.726562 0.574219 0.718750 0.539062 0.718750 0.535156 0.714844 0.535156 0.710938 0.531250 0.707031
1 0.238281 0.703125 0.238281 0.710938 0.242188 0.714844 0.242188 0.718750 0.269531 0.718750 0.273438 0.722656 0.273438 0.726562 0.277344 0.730469 0.300781 0.730469 0.304688 0.734375 0.304688 0.746094 0.359375 0.746094 0.363281 0.750000 0.371094 0.750000 0.375000 0.753906 0.402344 0.753906 0.402344 0.742188 0.398438 0.738281 0.367188 0.738281 0.363281 0.734375 0.355469 0.734375 0.351562 0.730469 0.320312 0.730469 0.316406 0.726562 0.308594 0.726562 0.304688 0.730469 0.289062 0.730469 0.285156 0.726562 0.285156 0.722656 0.281250 0.718750 0.257812 0.718750 0.253906 0.714844 0.253906 0.710938 0.250000 0.707031 0.250000 0.703125
1 0.214844 0.691406 0.214844 0.699219 0.222656 0.699219 0.222656 0.691406
1 0.878906 0.566406 0.875000 0.570312 0.871094 0.570312 0.867188 0.574219 0.863281 0.574219 0.863281 0.582031 0.867188 0.585938 0.867188 0.593750 0.875000 0.593750 0.882812 0.585938 0.890625 0.585938 0.894531 0.582031 0.894531 0.570312 0.890625 0.566406
1 0.273438 0.566406 0.269531 0.570312 0.261719 0.570312 0.261719 0.582031 0.273438 0.582031 0.277344 0.578125 0.281250 0.578125 0.281250 0.566406
1 0.765625 0.539062 0.761719 0.542969 0.746094 0.542969 0.746094 0.550781 0.753906 0.558594 0.773438 0.558594 0.773438 0.554688 0.777344 0.550781 0.777344 0.539062
1 0.914062 0.535156 0.914062 0.542969 0.921875 0.542969 0.921875 0.535156
1 0.941406 0.507812 0.941406 0.515625 0.949219 0.515625 0.949219 0.507812
1 0.199219 0.503906 0.199219 0.507812 0.195312 0.511719 0.195312 0.527344 0.191406 0.531250 0.191406 0.535156 0.187500 0.539062 0.183594 0.539062 0.179688 0.542969 0.175781 0.542969 0.175781 0.550781 0.199219 0.550781 0.203125 0.554688 0.214844 0.554688 0.214844 0.535156 0.210938 0.531250 0.210938 0.503906
1 0.609375 0.484375 0.609375 0.492188 0.621094 0.492188 0.621094 0.484375
1 0.636719 0.410156 0.636719 0.414062 0.632812 0.417969 0.632812 0.437500 0.628906 0.441406 0.625000 0.441406 0.613281 0.453125 0.613281 0.460938 0.621094 0.460938 0.625000 0.457031 0.628906 0.457031 0.632812 0.453125 0.640625 0.453125 0.644531 0.449219 0.660156 0.449219 0.660156 0.441406 0.667969 0.433594 0.667969 0.410156
1 0.644531 0.308594 0.644531 0.320312 0.648438 0.324219 0.648438 0.328125 0.660156 0.328125 0.660156 0.320312 0.652344 0.312500 0.652344 0.308594
1 0.097656 0.308594 0.097656 0.316406 0.105469 0.316406 0.105469 0.308594
1 0.699219 0.300781 0.699219 0.304688 0.695312 0.308594 0.695312 0.312500 0.691406 0.316406 0.691406 0.324219 0.695312 0.328125 0.695312 0.343750 0.691406 0.347656 0.691406 0.355469 0.687500 0.359375 0.679688 0.359375 0.675781 0.363281 0.675781 0.371094 0.679688 0.375000 0.679688 0.406250 0.687500 0.406250 0.691406 0.410156 0.695312 0.410156 0.699219 0.414062 0.699219 0.441406 0.695312 0.445312 0.687500 0.445312 0.687500 0.457031 0.683594 0.460938 0.671875 0.460938 0.671875 0.484375 0.667969 0.488281 0.664062 0.488281 0.664062 0.515625 0.660156 0.519531 0.656250 0.519531 0.656250 0.527344 0.664062 0.527344 0.664062 0.507812 0.667969 0.503906 0.691406 0.503906 0.691406 0.496094 0.687500 0.496094 0.683594 0.492188 0.683594 0.476562 0.687500 0.472656 0.687500 0.460938 0.691406 0.457031 0.699219 0.457031 0.707031 0.449219 0.710938 0.449219 0.714844 0.445312 0.714844 0.433594 0.710938 0.429688 0.710938 0.398438 0.714844 0.394531 0.714844 0.339844 0.718750 0.335938 0.718750 0.312500 0.714844 0.308594 0.710938 0.308594 0.707031 0.304688 0.707031 0.300781
1 0.109375 0.269531 0.109375 0.281250 0.113281 0.285156 0.132812 0.285156 0.132812 0.273438 0.128906 0.269531
1 0.675781 0.253906 0.675781 0.261719 0.679688 0.265625 0.679688 0.269531 0.691406 0.269531 0.691406 0.261719 0.683594 0.253906
1 0.656250 0.199219 0.656250 0.203125 0.652344 0.207031 0.640625 0.207031 0.640625 0.226562 0.652344 0.226562 0.652344 0.210938 0.656250 0.207031 0.664062 0.207031 0.664062 0.199219
1 0.199219 0.183594 0.199219 0.199219 0.195312 0.203125 0.167969 0.203125 0.164062 0.199219 0.164062 0.187500 0.156250 0.187500 0.152344 0.191406 0.148438 0.191406 0.144531 0.195312 0.144531 0.203125 0.164062 0.203125 0.167969 0.207031 0.167969 0.234375 0.171875 0.234375 0.175781 0.238281 0.183594 0.238281 0.187500 0.234375 0.207031 0.234375 0.207031 0.226562 0.214844 0.218750 0.214844 0.210938 0.210938 0.207031 0.210938 0.183594
1 0.625000 0.160156 0.625000 0.167969 0.628906 0.167969 0.632812 0.171875 0.640625 0.171875 0.640625 0.164062 0.636719 0.164062 0.632812 0.160156
1 0.484375 0.160156 0.484375 0.167969 0.492188 0.167969 0.492188 0.160156
1 0.222656 0.144531 0.222656 0.156250 0.218750 0.160156 0.218750 0.164062 0.214844 0.167969 0.214844 0.175781 0.222656 0.175781 0.226562 0.171875 0.242188 0.171875 0.246094 0.175781 0.253906 0.175781 0.261719 0.167969 0.289062 0.167969 0.292969 0.171875 0.296875 0.171875 0.300781 0.175781 0.304688 0.175781 0.308594 0.179688 0.308594 0.183594 0.316406 0.191406 0.316406 0.207031 0.308594 0.214844 0.308594 0.218750 0.304688 0.222656 0.281250 0.222656 0.277344 0.218750 0.277344 0.210938 0.269531 0.210938 0.269531 0.218750 0.277344 0.218750 0.281250 0.222656 0.281250 0.238281 0.277344 0.242188 0.277344 0.257812 0.273438 0.261719 0.253906 0.261719 0.253906 0.265625 0.242188 0.277344 0.234375 0.277344 0.230469 0.281250 0.218750 0.281250 0.218750 0.296875 0.214844 0.300781 0.210938 0.300781 0.210938 0.304688 0.191406 0.324219 0.175781 0.324219 0.171875 0.320312 0.171875 0.300781 0.160156 0.300781 0.156250 0.296875 0.152344 0.296875 0.148438 0.292969 0.148438 0.289062 0.140625 0.289062 0.140625 0.300781 0.144531 0.304688 0.144531 0.316406 0.148438 0.320312 0.148438 0.332031 0.152344 0.335938 0.152344 0.375000 0.156250 0.378906 0.156250 0.394531 0.164062 0.394531 0.167969 0.398438 0.171875 0.398438 0.175781 0.402344 0.175781 0.410156 0.199219 0.410156 0.203125 0.414062 0.203125 0.429688 0.207031 0.433594 0.207031 0.437500 0.210938 0.441406 0.210938 0.449219 0.234375 0.449219 0.238281 0.453125 0.238281 0.460938 0.242188 0.460938 0.246094 0.464844 0.246094 0.472656 0.250000 0.472656 0.253906 0.476562 0.257812 0.476562 0.261719 0.480469 0.265625 0.480469 0.269531 0.484375 0.269531 0.488281 0.277344 0.496094 0.277344 0.503906 0.281250 0.507812 0.281250 0.523438 0.277344 0.527344 0.273438 0.527344 0.273438 0.542969 0.289062 0.542969 0.292969 0.546875 0.292969 0.550781 0.300781 0.550781 0.308594 0.558594 0.308594 0.593750 0.304688 0.597656 0.304688 0.609375 0.320312 0.609375 0.324219 0.613281 0.324219 0.636719 0.335938 0.636719 0.343750 0.644531 0.347656 0.644531 0.351562 0.648438 0.351562 0.652344 0.355469 0.652344 0.359375 0.656250 0.359375 0.679688 0.355469 0.683594 0.351562 0.683594 0.347656 0.687500 0.339844 0.687500 0.339844 0.695312 0.343750 0.699219 0.343750 0.703125 0.351562 0.703125 0.355469 0.707031 0.367188 0.707031 0.367188 0.699219 0.371094 0.695312 0.402344 0.695312 0.406250 0.699219 0.406250 0.703125 0.417969 0.703125 0.417969 0.683594 0.421875 0.679688 0.429688 0.679688 0.433594 0.675781 0.453125 0.675781 0.457031 0.679688 0.457031 0.703125 0.468750 0.703125 0.468750 0.699219 0.476562 0.691406 0.476562 0.656250 0.480469 0.652344 0.480469 0.648438 0.484375 0.644531 0.500000 0.644531 0.503906 0.648438 0.503906 0.656250 0.511719 0.656250 0.519531 0.664062 0.535156 0.664062 0.539062 0.660156 0.539062 0.656250 0.542969 0.652344 0.562500 0.652344 0.570312 0.660156 0.570312 0.687500 0.582031 0.687500 0.582031 0.675781 0.578125 0.671875 0.578125 0.648438 0.574219 0.644531 0.574219 0.621094 0.578125 0.617188 0.578125 0.613281 0.582031 0.609375 0.601562 0.609375 0.605469 0.613281 0.621094 0.613281 0.625000 0.609375 0.644531 0.609375 0.652344 0.601562 0.652344 0.585938 0.648438 0.585938 0.644531 0.582031 0.644531 0.578125 0.640625 0.574219 0.640625 0.566406 0.636719 0.562500 0.617188 0.562500 0.613281 0.558594 0.601562 0.558594 0.597656 0.554688 0.597656 0.550781 0.593750 0.546875 0.578125 0.546875 0.574219 0.550781 0.554688 0.550781 0.546875 0.542969 0.546875 0.535156 0.539062 0.527344 0.539062 0.511719 0.535156 0.507812 0.535156 0.488281 0.539062 0.484375 0.542969 0.484375 0.542969 0.476562 0.546875 0.472656 0.550781 0.472656 0.550781 0.425781 0.554688 0.421875 0.566406 0.421875 0.566406 0.417969 0.570312 0.414062 0.570312 0.410156 0.578125 0.402344 0.597656 0.402344 0.597656 0.394531 0.593750 0.390625 0.593750 0.386719 0.589844 0.386719 0.585938 0.382812 0.585938 0.371094 0.578125 0.363281 0.578125 0.339844 0.585938 0.332031 0.597656 0.332031 0.597656 0.304688 0.601562 0.300781 0.613281 0.300781 0.613281 0.296875 0.617188 0.292969 0.621094 0.292969 0.625000 0.289062 0.625000 0.281250 0.601562 0.281250 0.597656 0.277344 0.597656 0.242188 0.601562 0.238281 0.609375 0.238281 0.609375 0.218750 0.613281 0.214844 0.617188 0.214844 0.617188 0.191406 0.613281 0.191406 0.609375 0.187500 0.609375 0.183594 0.605469 0.183594 0.601562 0.179688 0.601562 0.171875 0.597656 0.167969 0.597656 0.164062 0.589844 0.164062 0.589844 0.175781 0.585938 0.179688 0.585938 0.195312 0.593750 0.203125 0.593750 0.207031 0.605469 0.207031 0.609375 0.210938 0.609375 0.226562 0.605469 0.230469 0.589844 0.230469 0.585938 0.226562 0.585938 0.222656 0.562500 0.222656 0.558594 0.218750 0.558594 0.191406 0.542969 0.191406 0.539062 0.187500 0.527344 0.187500 0.527344 0.210938 0.523438 0.214844 0.496094 0.214844 0.496094 0.218750 0.492188 0.222656 0.476562 0.222656 0.472656 0.218750 0.472656 0.203125 0.460938 0.203125 0.457031 0.199219 0.453125 0.199219 0.445312 0.191406 0.445312 0.183594 0.441406 0.183594 0.437500 0.179688 0.429688 0.179688 0.425781 0.175781 0.390625 0.175781 0.386719 0.171875 0.386719 0.164062 0.382812 0.164062 0.378906 0.160156 0.367188 0.160156 0.363281 0.156250 0.355469 0.156250 0.355469 0.164062 0.351562 0.167969 0.335938 0.167969 0.332031 0.164062 0.332031 0.152344 0.316406 0.152344 0.308594 0.144531 0.300781 0.144531 0.300781 0.156250 0.296875 0.160156 0.261719 0.160156 0.257812 0.156250 0.246094 0.156250 0.238281 0.148438 0.234375 0.148438 0.230469 0.144531
