1 0.593750 0.906250 0.593750 0.910156 0.589844 0.914062 0.578125 0.914062 0.574219 0.917969 0.574219 0.933594 0.593750 0.933594 0.609375 0.917969 0.613281 0.917969 0.613281 0.910156 0.609375 0.910156 0.605469 0.906250
1 0.652344 0.902344 0.648438 0.906250 0.648438 0.914062 0.664062 0.914062 0.667969 0.917969 0.675781 0.917969 0.675781 0.906250 0.671875 0.902344
1 0.769531 0.878906 0.769531 0.886719 0.765625 0.890625 0.761719 0.890625 0.761719 0.902344 0.769531 0.902344 0.773438 0.906250 0.781250 0.906250 0.785156 0.902344 0.789062 0.902344 0.800781 0.890625 0.800781 0.882812 0.785156 0.882812 0.781250 0.878906
1 0.855469 0.843750 0.855469 0.855469 0.859375 0.859375 0.871094 0.859375 0.875000 0.855469 0.875000 0.847656 0.871094 0.843750
1 0.718750 0.671875 0.718750 0.683594 0.722656 0.683594 0.726562 0.687500 0.726562 0.703125 0.742188 0.703125 0.746094 0.707031 0.746094 0.714844 0.750000 0.718750 0.761719 0.718750 0.761719 0.714844 0.765625 0.710938 0.765625 0.703125 0.757812 0.703125 0.746094 0.691406 0.734375 0.691406 0.730469 0.687500 0.730469 0.671875
1 0.804688 0.664062 0.804688 0.679688 0.800781 0.683594 0.800781 0.699219 0.796875 0.703125 0.792969 0.703125 0.789062 0.707031 0.789062 0.718750 0.800781 0.718750 0.804688 0.714844 0.804688 0.695312 0.808594 0.691406 0.808594 0.675781 0.812500 0.671875 0.816406 0.671875 0.816406 0.664062
1 0.753906 0.656250 0.753906 0.664062 0.761719 0.664062 0.761719 0.656250
1 0.683594 0.640625 0.683594 0.648438 0.687500 0.648438 0.691406 0.652344 0.691406 0.656250 0.695312 0.660156 0.707031 0.660156 0.707031 0.648438 0.703125 0.648438 0.695312 0.640625
1 0.968750 0.531250 0.964844 0.535156 0.964844 0.542969 0.960938 0.546875 0.957031 0.546875 0.953125 0.550781 0.953125 0.585938 0.949219 0.589844 0.945312 0.589844 0.945312 0.621094 0.953125 0.621094 0.957031 0.617188 0.964844 0.617188 0.968750 0.613281 0.972656 0.613281 0.972656 0.582031 0.976562 0.578125 0.976562 0.531250
1 0.039062 0.527344 0.039062 0.535156 0.054688 0.550781 0.058594 0.550781 0.074219 0.566406 0.078125 0.566406 0.082031 0.570312 0.089844 0.570312 0.093750 0.574219 0.101562 0.574219 0.105469 0.578125 0.105469 0.582031 0.109375 0.582031 0.117188 0.589844 0.121094 0.589844 0.125000 0.593750 0.128906 0.593750 0.136719 0.601562 0.140625 0.601562 0.144531 0.605469 0.152344 0.605469 0.156250 0.609375 0.160156 0.609375 0.167969 0.617188 0.171875 0.617188 0.175781 0.621094 0.187500 0.621094 0.191406 0.625000 0.203125 0.625000 0.207031 0.628906 0.218750 0.628906 0.222656 0.632812 0.230469 0.632812 0.234375 0.636719 0.242188 0.636719 0.246094 0.640625 0.265625 0.640625 0.269531 0.644531 0.281250 0.644531 0.285156 0.648438 0.292969 0.648438 0.292969 0.644531 0.296875 0.640625 0.312500 0.640625 0.316406 0.644531 0.316406 0.652344 0.328125 0.652344 0.332031 0.648438 0.335938 0.648438 0.335938 0.632812 0.257812 0.632812 0.253906 0.628906 0.242188 0.628906 0.238281 0.625000 0.238281 0.613281 0.218750 0.613281 0.214844 0.609375 0.214844 0.601562 0.210938 0.597656 0.210938 0.593750 0.207031 0.589844 0.140625 0.589844 0.136719 0.585938 0.128906 0.585938 0.125000 0.582031 0.125000 0.578125 0.121094 0.578125 0.117188 0.574219 0.109375 0.574219 0.105469 0.570312 0.105469 0.566406 0.101562 0.566406 0.093750 0.558594 0.093750 0.539062 0.066406 0.539062 0.062500 0.535156 0.062500 0.531250 0.050781 0.531250 0.046875 0.527344
1 0.316406 0.500000 0.316406 0.507812 0.324219 0.507812 0.324219 0.500000
1 0.023438 0.496094 0.023438 0.511719 0.031250 0.511719 0.031250 0.496094
1 0.859375 0.484375 0.859375 0.492188 0.867188 0.492188 0.867188 0.484375
1 0.488281 0.417969 0.488281 0.433594 0.496094 0.433594 0.503906 0.425781 0.507812 0.425781 0.507812 0.417969
1 0.859375 0.410156 0.859375 0.414062 0.851562 0.421875 0.851562 0.441406 0.847656 0.445312 0.832031 0.445312 0.820312 0.457031 0.816406 0.457031 0.812500 0.460938 0.812500 0.464844 0.808594 0.468750 0.792969 0.468750 0.789062 0.472656 0.785156 0.472656 0.781250 0.476562 0.777344 0.476562 0.777344 0.488281 0.789062 0.488281 0.792969 0.492188 0.792969 0.558594 0.789062 0.562500 0.773438 0.562500 0.769531 0.558594 0.765625 0.558594 0.761719 0.554688 0.761719 0.546875 0.746094 0.546875 0.746094 0.550781 0.742188 0.554688 0.738281 0.554688 0.738281 0.566406 0.734375 0.570312 0.730469 0.570312 0.730469 0.578125 0.738281 0.585938 0.742188 0.585938 0.746094 0.589844 0.765625 0.589844 0.769531 0.593750 0.769531 0.597656 0.781250 0.597656 0.785156 0.601562 0.785156 0.617188 0.781250 0.621094 0.781250 0.636719 0.789062 0.636719 0.792969 0.632812 0.796875 0.632812 0.796875 0.617188 0.800781 0.613281 0.820312 0.613281 0.820312 0.605469 0.800781 0.605469 0.796875 0.601562 0.796875 0.585938 0.804688 0.578125 0.839844 0.578125 0.847656 0.585938 0.847656 0.605469 0.851562 0.609375 0.867188 0.609375 0.871094 0.605469 0.871094 0.601562 0.875000 0.597656 0.875000 0.566406 0.878906 0.562500 0.878906 0.550781 0.882812 0.546875 0.890625 0.546875 0.890625 0.539062 0.871094 0.539062 0.867188 0.535156 0.867188 0.531250 0.851562 0.531250 0.847656 0.535156 0.847656 0.539062 0.839844 0.546875 0.828125 0.546875 0.828125 0.550781 0.824219 0.554688 0.808594 0.554688 0.804688 0.550781 0.804688 0.503906 0.796875 0.503906 0.792969 0.500000 0.792969 0.484375 0.796875 0.480469 0.824219 0.480469 0.824219 0.476562 0.828125 0.472656 0.832031 0.472656 0.835938 0.468750 0.847656 0.468750 0.847656 0.464844 0.851562 0.460938 0.851562 0.449219 0.855469 0.445312 0.878906 0.445312 0.882812 0.449219 0.882812 0.464844 0.878906 0.468750 0.878906 0.480469 0.886719 0.480469 0.890625 0.484375 0.902344 0.484375 0.902344 0.476562 0.898438 0.472656 0.898438 0.464844 0.890625 0.464844 0.886719 0.460938 0.886719 0.441406 0.890625 0.437500 0.890625 0.417969 0.871094 0.417969 0.867188 0.414062 0.867188 0.410156
1 0.949219 0.406250 0.945312 0.410156 0.941406 0.410156 0.941406 0.417969 0.945312 0.421875 0.945312 0.437500 0.941406 0.441406 0.929688 0.441406 0.929688 0.449219 0.925781 0.453125 0.925781 0.460938 0.929688 0.464844 0.964844 0.464844 0.964844 0.433594 0.960938 0.429688 0.960938 0.410156 0.957031 0.406250
1 0.769531 0.398438 0.765625 0.402344 0.750000 0.402344 0.750000 0.417969 0.746094 0.421875 0.746094 0.429688 0.753906 0.429688 0.753906 0.414062 0.757812 0.410156 0.773438 0.410156 0.777344 0.406250 0.777344 0.398438
1 0.449219 0.371094 0.449219 0.378906 0.457031 0.378906 0.457031 0.371094
1 0.359375 0.359375 0.359375 0.363281 0.355469 0.367188 0.355469 0.375000 0.351562 0.378906 0.351562 0.382812 0.347656 0.386719 0.347656 0.394531 0.343750 0.398438 0.343750 0.402344 0.339844 0.406250 0.339844 0.410156 0.335938 0.414062 0.335938 0.417969 0.332031 0.421875 0.332031 0.425781 0.328125 0.429688 0.328125 0.460938 0.335938 0.460938 0.335938 0.453125 0.339844 0.449219 0.339844 0.437500 0.343750 0.433594 0.343750 0.417969 0.347656 0.414062 0.347656 0.410156 0.351562 0.406250 0.351562 0.402344 0.359375 0.394531 0.359375 0.386719 0.363281 0.382812 0.363281 0.375000 0.367188 0.371094 0.367188 0.359375
1 0.855469 0.343750 0.855469 0.363281 0.867188 0.375000 0.867188 0.386719 0.871094 0.390625 0.871094 0.394531 0.882812 0.394531 0.882812 0.390625 0.886719 0.386719 0.886719 0.363281 0.882812 0.359375 0.882812 0.347656 0.878906 0.343750
1 0.375000 0.332031 0.375000 0.339844 0.382812 0.339844 0.382812 0.332031
1 0.562500 0.312500 0.558594 0.316406 0.554688 0.316406 0.554688 0.339844 0.550781 0.343750 0.550781 0.347656 0.546875 0.351562 0.531250 0.351562 0.531250 0.359375 0.546875 0.359375 0.550781 0.363281 0.550781 0.371094 0.554688 0.375000 0.554688 0.406250 0.550781 0.410156 0.546875 0.410156 0.542969 0.414062 0.535156 0.414062 0.535156 0.417969 0.531250 0.421875 0.531250 0.441406 0.523438 0.449219 0.523438 0.457031 0.519531 0.460938 0.507812 0.460938 0.507812 0.480469 0.503906 0.484375 0.503906 0.515625 0.500000 0.519531 0.500000 0.527344 0.496094 0.531250 0.488281 0.531250 0.488281 0.539062 0.484375 0.542969 0.464844 0.542969 0.460938 0.539062 0.460938 0.523438 0.464844 0.519531 0.464844 0.511719 0.460938 0.507812 0.453125 0.507812 0.449219 0.511719 0.441406 0.511719 0.441406 0.542969 0.437500 0.546875 0.433594 0.546875 0.433594 0.554688 0.429688 0.558594 0.429688 0.562500 0.425781 0.566406 0.421875 0.566406 0.421875 0.582031 0.417969 0.585938 0.406250 0.585938 0.406250 0.589844 0.402344 0.593750 0.398438 0.593750 0.398438 0.597656 0.394531 0.601562 0.390625 0.601562 0.386719 0.605469 0.386719 0.613281 0.390625 0.617188 0.390625 0.621094 0.398438 0.621094 0.402344 0.617188 0.425781 0.617188 0.429688 0.621094 0.429688 0.652344 0.425781 0.656250 0.410156 0.656250 0.406250 0.660156 0.406250 0.667969 0.410156 0.671875 0.414062 0.671875 0.417969 0.675781 0.417969 0.683594 0.425781 0.683594 0.429688 0.687500 0.433594 0.687500 0.437500 0.691406 0.437500 0.695312 0.457031 0.695312 0.457031 0.636719 0.464844 0.628906 0.472656 0.628906 0.472656 0.613281 0.476562 0.609375 0.480469 0.609375 0.480469 0.605469 0.484375 0.601562 0.503906 0.601562 0.507812 0.597656 0.515625 0.597656 0.519531 0.593750 0.535156 0.593750 0.539062 0.597656 0.539062 0.601562 0.558594 0.601562 0.562500 0.605469 0.562500 0.613281 0.570312 0.621094 0.570312 0.628906 0.582031 0.628906 0.585938 0.625000 0.593750 0.625000 0.593750 0.617188 0.582031 0.617188 0.578125 0.613281 0.578125 0.593750 0.582031 0.589844 0.582031 0.585938 0.585938 0.582031 0.609375 0.582031 0.613281 0.585938 0.644531 0.585938 0.648438 0.589844 0.648438 0.597656 0.652344 0.597656 0.660156 0.605469 0.660156 0.609375 0.671875 0.609375 0.675781 0.605469 0.679688 0.605469 0.691406 0.593750 0.691406 0.562500 0.695312 0.558594 0.695312 0.550781 0.699219 0.546875 0.722656 0.546875 0.722656 0.539062 0.714844 0.539062 0.710938 0.535156 0.710938 0.515625 0.714844 0.511719 0.726562 0.511719 0.730469 0.507812 0.738281 0.507812 0.738281 0.496094 0.722656 0.496094 0.718750 0.500000 0.714844 0.500000 0.710938 0.503906 0.699219 0.503906 0.695312 0.507812 0.691406 0.507812 0.687500 0.511719 0.656250 0.511719 0.652344 0.507812 0.652344 0.492188 0.660156 0.484375 0.660156 0.464844 0.664062 0.460938 0.664062 0.453125 0.660156 0.449219 0.660156 0.441406 0.656250 0.441406 0.652344 0.437500 0.632812 0.437500 0.628906 0.441406 0.625000 0.441406 0.621094 0.445312 0.605469 0.445312 0.597656 0.437500 0.597656 0.421875 0.601562 0.417969 0.601562 0.406250 0.582031 0.406250 0.582031 0.414062 0.574219 0.421875 0.558594 0.421875 0.554688 0.417969 0.554688 0.394531 0.558594 0.390625 0.578125 0.390625 0.578125 0.367188 0.582031 0.363281 0.585938 0.363281 0.585938 0.328125 0.574219 0.316406 0.574219 0.312500
1 0.488281 0.312500 0.484375 0.316406 0.484375 0.320312 0.480469 0.324219 0.480469 0.335938 0.476562 0.339844 0.476562 0.351562 0.480469 0.355469 0.480469 0.359375 0.488281 0.359375 0.488281 0.355469 0.492188 0.351562 0.492188 0.339844 0.496094 0.335938 0.507812 0.335938 0.507812 0.324219 0.503906 0.320312 0.503906 0.316406 0.500000 0.312500
1 0.851562 0.250000 0.851562 0.253906 0.847656 0.257812 0.839844 0.257812 0.839844 0.261719 0.828125 0.273438 0.828125 0.289062 0.824219 0.292969 0.816406 0.292969 0.812500 0.296875 0.812500 0.324219 0.808594 0.328125 0.796875 0.328125 0.796875 0.335938 0.792969 0.339844 0.785156 0.339844 0.781250 0.343750 0.781250 0.347656 0.777344 0.351562 0.761719 0.351562 0.761719 0.355469 0.757812 0.359375 0.753906 0.359375 0.753906 0.371094 0.765625 0.371094 0.769531 0.375000 0.777344 0.375000 0.781250 0.371094 0.781250 0.363281 0.785156 0.359375 0.785156 0.355469 0.789062 0.351562 0.796875 0.351562 0.808594 0.339844 0.812500 0.339844 0.812500 0.316406 0.816406 0.312500 0.839844 0.312500 0.843750 0.316406 0.843750 0.335938 0.851562 0.335938 0.851562 0.324219 0.847656 0.320312 0.847656 0.304688 0.851562 0.300781 0.855469 0.300781 0.859375 0.296875 0.867188 0.296875 0.871094 0.292969 0.871094 0.285156 0.878906 0.277344 0.878906 0.253906 0.875000 0.253906 0.871094 0.250000
