1 0.386719 0.562500 0.386719 0.578125 0.398438 0.578125 0.398438 0.566406 0.394531 0.562500
1 0.710938 0.550781 0.707031 0.554688 0.703125 0.554688 0.703125 0.574219 0.710938 0.574219 0.714844 0.578125 0.714844 0.593750 0.710938 0.597656 0.710938 0.609375 0.734375 0.609375 0.734375 0.605469 0.738281 0.601562 0.738281 0.597656 0.742188 0.593750 0.761719 0.593750 0.765625 0.597656 0.765625 0.625000 0.761719 0.628906 0.761719 0.652344 0.757812 0.656250 0.753906 0.656250 0.750000 0.660156 0.750000 0.667969 0.757812 0.667969 0.761719 0.664062 0.761719 0.652344 0.765625 0.648438 0.769531 0.648438 0.773438 0.644531 0.781250 0.644531 0.781250 0.632812 0.785156 0.628906 0.789062 0.628906 0.789062 0.605469 0.792969 0.601562 0.804688 0.601562 0.808594 0.597656 0.816406 0.597656 0.816406 0.593750 0.820312 0.589844 0.828125 0.589844 0.832031 0.585938 0.835938 0.585938 0.835938 0.574219 0.828125 0.574219 0.820312 0.582031 0.816406 0.582031 0.812500 0.585938 0.773438 0.585938 0.769531 0.589844 0.753906 0.589844 0.750000 0.585938 0.750000 0.582031 0.746094 0.582031 0.742188 0.578125 0.734375 0.578125 0.730469 0.574219 0.730469 0.562500 0.726562 0.562500 0.722656 0.558594 0.722656 0.554688 0.718750 0.550781
1 0.398438 0.496094 0.398438 0.507812 0.402344 0.511719 0.410156 0.511719 0.410156 0.496094
1 0.761719 0.492188 0.757812 0.496094 0.734375 0.496094 0.734375 0.511719 0.738281 0.511719 0.742188 0.515625 0.742188 0.523438 0.750000 0.523438 0.750000 0.515625 0.753906 0.511719 0.769531 0.511719 0.773438 0.507812 0.777344 0.507812 0.781250 0.503906 0.789062 0.503906 0.789062 0.496094 0.785156 0.496094 0.781250 0.492188
1 0.250000 0.484375 0.250000 0.492188 0.257812 0.492188 0.257812 0.484375
1 0.894531 0.410156 0.894531 0.437500 0.890625 0.441406 0.890625 0.445312 0.875000 0.460938 0.875000 0.468750 0.878906 0.472656 0.886719 0.472656 0.886719 0.468750 0.890625 0.464844 0.894531 0.464844 0.894531 0.460938 0.898438 0.457031 0.898438 0.453125 0.902344 0.449219 0.902344 0.410156
1 0.886719 0.378906 0.886719 0.386719 0.894531 0.386719 0.894531 0.378906
1 0.652344 0.339844 0.652344 0.355469 0.648438 0.359375 0.648438 0.367188 0.652344 0.371094 0.652344 0.386719 0.656250 0.386719 0.667969 0.398438 0.667969 0.414062 0.671875 0.417969 0.671875 0.441406 0.667969 0.445312 0.667969 0.457031 0.675781 0.457031 0.675781 0.445312 0.683594 0.437500 0.687500 0.437500 0.691406 0.433594 0.691406 0.402344 0.695312 0.398438 0.695312 0.390625 0.699219 0.386719 0.699219 0.382812 0.707031 0.375000 0.710938 0.375000 0.710938 0.367188 0.707031 0.363281 0.695312 0.363281 0.687500 0.355469 0.687500 0.347656 0.679688 0.347656 0.675781 0.343750 0.664062 0.343750 0.660156 0.339844
1 0.578125 0.265625 0.578125 0.273438 0.574219 0.277344 0.574219 0.281250 0.570312 0.285156 0.570312 0.289062 0.566406 0.292969 0.566406 0.308594 0.562500 0.312500 0.562500 0.332031 0.558594 0.335938 0.542969 0.335938 0.535156 0.328125 0.535156 0.324219 0.523438 0.324219 0.519531 0.320312 0.519531 0.304688 0.515625 0.300781 0.507812 0.300781 0.507812 0.304688 0.503906 0.308594 0.503906 0.347656 0.507812 0.351562 0.507812 0.367188 0.503906 0.371094 0.503906 0.390625 0.507812 0.394531 0.507812 0.414062 0.503906 0.417969 0.496094 0.417969 0.496094 0.429688 0.503906 0.429688 0.507812 0.433594 0.507812 0.437500 0.511719 0.441406 0.511719 0.535156 0.507812 0.539062 0.507812 0.542969 0.503906 0.546875 0.449219 0.546875 0.445312 0.542969 0.445312 0.535156 0.433594 0.535156 0.433594 0.542969 0.441406 0.542969 0.445312 0.546875 0.445312 0.570312 0.441406 0.574219 0.433594 0.574219 0.433594 0.593750 0.453125 0.593750 0.460938 0.585938 0.484375 0.585938 0.488281 0.589844 0.488281 0.617188 0.500000 0.617188 0.500000 0.613281 0.507812 0.605469 0.507812 0.601562 0.515625 0.593750 0.546875 0.593750 0.546875 0.582031 0.550781 0.578125 0.550781 0.566406 0.546875 0.562500 0.546875 0.539062 0.542969 0.535156 0.542969 0.515625 0.539062 0.511719 0.539062 0.507812 0.535156 0.503906 0.535156 0.480469 0.542969 0.472656 0.570312 0.472656 0.570312 0.464844 0.566406 0.460938 0.566406 0.414062 0.570312 0.410156 0.582031 0.410156 0.582031 0.398438 0.554688 0.398438 0.550781 0.394531 0.550781 0.386719 0.542969 0.386719 0.539062 0.382812 0.539062 0.367188 0.546875 0.359375 0.554688 0.359375 0.554688 0.339844 0.558594 0.335938 0.589844 0.335938 0.589844 0.289062 0.593750 0.285156 0.605469 0.285156 0.605469 0.277344 0.593750 0.277344 0.589844 0.273438 0.589844 0.265625
1 0.597656 0.210938 0.597656 0.238281 0.593750 0.242188 0.593750 0.253906 0.601562 0.253906 0.601562 0.250000 0.605469 0.246094 0.625000 0.246094 0.628906 0.250000 0.628906 0.265625 0.640625 0.265625 0.640625 0.253906 0.644531 0.250000 0.652344 0.250000 0.652344 0.242188 0.656250 0.238281 0.671875 0.238281 0.675781 0.234375 0.695312 0.234375 0.699219 0.238281 0.699219 0.242188 0.707031 0.242188 0.707031 0.230469 0.683594 0.230469 0.679688 0.226562 0.679688 0.218750 0.648438 0.218750 0.644531 0.214844 0.625000 0.214844 0.621094 0.210938
1 0.531250 0.058594 0.527344 0.062500 0.523438 0.062500 0.511719 0.074219 0.507812 0.074219 0.503906 0.078125 0.500000 0.078125 0.496094 0.082031 0.488281 0.082031 0.488281 0.085938 0.484375 0.089844 0.476562 0.089844 0.476562 0.101562 0.472656 0.105469 0.472656 0.109375 0.468750 0.113281 0.464844 0.113281 0.460938 0.117188 0.449219 0.117188 0.441406 0.125000 0.421875 0.125000 0.417969 0.121094 0.417969 0.113281 0.402344 0.113281 0.398438 0.109375 0.394531 0.109375 0.390625 0.105469 0.390625 0.097656 0.359375 0.097656 0.355469 0.101562 0.347656 0.101562 0.339844 0.109375 0.304688 0.109375 0.300781 0.113281 0.296875 0.113281 0.296875 0.128906 0.300781 0.132812 0.300781 0.152344 0.296875 0.156250 0.269531 0.156250 0.269531 0.179688 0.265625 0.183594 0.265625 0.210938 0.261719 0.214844 0.261719 0.218750 0.250000 0.230469 0.242188 0.230469 0.242188 0.246094 0.246094 0.246094 0.253906 0.253906 0.253906 0.277344 0.257812 0.281250 0.257812 0.292969 0.261719 0.296875 0.261719 0.300781 0.273438 0.300781 0.277344 0.304688 0.277344 0.312500 0.281250 0.316406 0.281250 0.347656 0.277344 0.351562 0.277344 0.375000 0.273438 0.378906 0.265625 0.378906 0.265625 0.386719 0.269531 0.390625 0.269531 0.425781 0.273438 0.425781 0.277344 0.429688 0.281250 0.429688 0.285156 0.433594 0.289062 0.433594 0.292969 0.437500 0.292969 0.445312 0.296875 0.449219 0.296875 0.476562 0.292969 0.480469 0.289062 0.480469 0.289062 0.488281 0.285156 0.492188 0.281250 0.492188 0.281250 0.507812 0.285156 0.511719 0.289062 0.511719 0.292969 0.515625 0.296875 0.515625 0.300781 0.519531 0.300781 0.523438 0.308594 0.523438 0.312500 0.527344 0.320312 0.527344 0.324219 0.531250 0.324219 0.570312 0.320312 0.574219 0.320312 0.585938 0.316406 0.589844 0.316406 0.601562 0.308594 0.609375 0.304688 0.609375 0.300781 0.613281 0.273438 0.613281 0.273438 0.636719 0.265625 0.644531 0.250000 0.644531 0.246094 0.640625 0.246094 0.632812 0.238281 0.632812 0.234375 0.628906 0.222656 0.628906 0.214844 0.636719 0.195312 0.636719 0.191406 0.632812 0.183594 0.632812 0.183594 0.648438 0.187500 0.648438 0.191406 0.652344 0.195312 0.652344 0.203125 0.660156 0.226562 0.660156 0.234375 0.667969 0.234375 0.671875 0.238281 0.675781 0.257812 0.675781 0.261719 0.679688 0.269531 0.679688 0.273438 0.683594 0.273438 0.687500 0.285156 0.687500 0.289062 0.691406 0.308594 0.691406 0.312500 0.695312 0.328125 0.695312 0.332031 0.699219 0.339844 0.699219 0.343750 0.703125 0.378906 0.703125 0.382812 0.707031 0.382812 0.714844 0.453125 0.714844 0.457031 0.718750 0.460938 0.718750 0.464844 0.722656 0.464844 0.726562 0.468750 0.730469 0.468750 0.777344 0.464844 0.781250 0.464844 0.859375 0.468750 0.863281 0.468750 0.886719 0.464844 0.890625 0.464844 0.898438 0.468750 0.902344 0.468750 0.921875 0.460938 0.929688 0.460938 0.941406 0.453125 0.949219 0.453125 0.960938 0.460938 0.968750 0.468750 0.968750 0.472656 0.972656 0.480469 0.972656 0.484375 0.968750 0.488281 0.968750 0.492188 0.964844 0.492188 0.957031 0.496094 0.953125 0.496094 0.906250 0.492188 0.902344 0.492188 0.878906 0.488281 0.875000 0.488281 0.824219 0.492188 0.820312 0.492188 0.812500 0.488281 0.808594 0.488281 0.750000 0.492188 0.746094 0.496094 0.746094 0.496094 0.722656 0.500000 0.718750 0.507812 0.718750 0.507812 0.710938 0.488281 0.691406 0.480469 0.691406 0.476562 0.695312 0.449219 0.695312 0.445312 0.691406 0.445312 0.667969 0.441406 0.664062 0.433594 0.664062 0.429688 0.667969 0.429688 0.671875 0.425781 0.675781 0.410156 0.675781 0.406250 0.671875 0.402344 0.671875 0.398438 0.667969 0.398438 0.652344 0.394531 0.648438 0.394531 0.640625 0.390625 0.636719 0.386719 0.636719 0.382812 0.632812 0.382812 0.628906 0.371094 0.628906 0.367188 0.632812 0.351562 0.632812 0.347656 0.628906 0.347656 0.609375 0.351562 0.605469 0.351562 0.597656 0.347656 0.593750 0.347656 0.578125 0.351562 0.574219 0.359375 0.574219 0.359375 0.566406 0.363281 0.562500 0.363281 0.550781 0.367188 0.546875 0.371094 0.546875 0.371094 0.535156 0.351562 0.535156 0.347656 0.531250 0.347656 0.511719 0.351562 0.507812 0.355469 0.507812 0.355469 0.500000 0.359375 0.496094 0.367188 0.496094 0.367188 0.488281 0.363281 0.488281 0.359375 0.484375 0.359375 0.460938 0.343750 0.460938 0.339844 0.457031 0.335938 0.457031 0.324219 0.445312 0.324219 0.441406 0.320312 0.437500 0.316406 0.437500 0.312500 0.433594 0.312500 0.429688 0.308594 0.425781 0.308594 0.359375 0.312500 0.355469 0.312500 0.335938 0.316406 0.332031 0.320312 0.332031 0.320312 0.320312 0.324219 0.316406 0.324219 0.308594 0.328125 0.304688 0.347656 0.304688 0.347656 0.300781 0.351562 0.296875 0.355469 0.296875 0.359375 0.292969 0.359375 0.253906 0.355469 0.253906 0.351562 0.250000 0.351562 0.234375 0.355469 0.230469 0.371094 0.230469 0.375000 0.234375 0.375000 0.242188 0.382812 0.242188 0.386719 0.238281 0.410156 0.238281 0.414062 0.242188 0.433594 0.242188 0.433594 0.238281 0.437500 0.234375 0.437500 0.218750 0.445312 0.210938 0.453125 0.210938 0.453125 0.207031 0.457031 0.203125 0.464844 0.203125 0.464844 0.191406 0.472656 0.183594 0.492188 0.183594 0.496094 0.187500 0.507812 0.187500 0.511719 0.183594 0.511719 0.179688 0.519531 0.171875 0.550781 0.171875 0.554688 0.175781 0.570312 0.175781 0.574219 0.179688 0.574219 0.187500 0.582031 0.187500 0.585938 0.183594 0.593750 0.183594 0.593750 0.148438 0.597656 0.144531 0.597656 0.136719 0.601562 0.132812 0.601562 0.117188 0.613281 0.105469 0.613281 0.093750 0.609375 0.089844 0.605469 0.089844 0.601562 0.085938 0.597656 0.085938 0.593750 0.082031 0.589844 0.082031 0.570312 0.062500 0.566406 0.062500 0.562500 0.058594
