1 0.355469 0.917969 0.355469 0.925781 0.359375 0.929688 0.363281 0.929688 0.367188 0.933594 0.367188 0.937500 0.371094 0.941406 0.371094 0.945312 0.375000 0.945312 0.378906 0.949219 0.382812 0.949219 0.386719 0.953125 0.394531 0.953125 0.398438 0.949219 0.406250 0.949219 0.406250 0.933594 0.402344 0.933594 0.394531 0.925781 0.390625 0.925781 0.386719 0.921875 0.382812 0.921875 0.378906 0.917969
1 0.656250 0.910156 0.656250 0.933594 0.652344 0.937500 0.648438 0.937500 0.644531 0.941406 0.644531 0.960938 0.640625 0.964844 0.636719 0.964844 0.632812 0.968750 0.632812 0.976562 0.671875 0.976562 0.687500 0.960938 0.699219 0.960938 0.699219 0.953125 0.695312 0.953125 0.691406 0.949219 0.691406 0.925781 0.687500 0.921875 0.687500 0.914062 0.675781 0.914062 0.671875 0.910156
1 0.628906 0.808594 0.628906 0.816406 0.632812 0.820312 0.644531 0.820312 0.652344 0.828125 0.656250 0.828125 0.660156 0.832031 0.660156 0.835938 0.687500 0.835938 0.687500 0.828125 0.683594 0.824219 0.683594 0.820312 0.679688 0.816406 0.667969 0.816406 0.664062 0.812500 0.644531 0.812500 0.640625 0.808594
1 0.691406 0.765625 0.691406 0.781250 0.695312 0.785156 0.695312 0.796875 0.699219 0.796875 0.703125 0.800781 0.707031 0.800781 0.714844 0.808594 0.714844 0.816406 0.722656 0.816406 0.722656 0.796875 0.714844 0.789062 0.714844 0.781250 0.710938 0.777344 0.710938 0.765625
1 0.226562 0.761719 0.222656 0.765625 0.214844 0.765625 0.210938 0.769531 0.207031 0.769531 0.203125 0.773438 0.199219 0.773438 0.187500 0.785156 0.175781 0.785156 0.175781 0.792969 0.214844 0.792969 0.218750 0.796875 0.218750 0.800781 0.234375 0.800781 0.238281 0.804688 0.246094 0.804688 0.250000 0.800781 0.253906 0.800781 0.253906 0.789062 0.250000 0.785156 0.250000 0.769531 0.246094 0.769531 0.242188 0.765625 0.242188 0.761719
1 0.273438 0.750000 0.273438 0.757812 0.296875 0.757812 0.300781 0.761719 0.300781 0.765625 0.304688 0.769531 0.304688 0.789062 0.300781 0.792969 0.300781 0.800781 0.296875 0.804688 0.292969 0.804688 0.292969 0.812500 0.296875 0.812500 0.300781 0.816406 0.312500 0.816406 0.320312 0.824219 0.339844 0.824219 0.343750 0.820312 0.347656 0.820312 0.347656 0.816406 0.351562 0.812500 0.355469 0.812500 0.363281 0.804688 0.363281 0.796875 0.359375 0.796875 0.351562 0.789062 0.324219 0.789062 0.320312 0.785156 0.320312 0.781250 0.316406 0.781250 0.312500 0.777344 0.312500 0.761719 0.308594 0.757812 0.285156 0.757812 0.281250 0.753906 0.281250 0.750000
1 0.484375 0.742188 0.484375 0.757812 0.492188 0.765625 0.492188 0.773438 0.496094 0.777344 0.507812 0.777344 0.511719 0.781250 0.527344 0.781250 0.527344 0.769531 0.523438 0.765625 0.523438 0.757812 0.519531 0.753906 0.519531 0.750000 0.515625 0.750000 0.511719 0.746094 0.511719 0.742188
1 0.542969 0.730469 0.542969 0.738281 0.546875 0.738281 0.550781 0.742188 0.550781 0.757812 0.554688 0.761719 0.554688 0.769531 0.562500 0.777344 0.562500 0.781250 0.566406 0.785156 0.574219 0.785156 0.574219 0.777344 0.566406 0.769531 0.566406 0.765625 0.558594 0.757812 0.558594 0.750000 0.554688 0.750000 0.550781 0.746094 0.550781 0.730469
1 0.902344 0.691406 0.902344 0.699219 0.906250 0.703125 0.906250 0.707031 0.910156 0.707031 0.914062 0.710938 0.921875 0.710938 0.921875 0.703125 0.917969 0.703125 0.914062 0.699219 0.914062 0.695312 0.910156 0.691406
1 0.812500 0.667969 0.812500 0.675781 0.832031 0.675781 0.835938 0.679688 0.835938 0.687500 0.839844 0.691406 0.859375 0.691406 0.863281 0.687500 0.871094 0.687500 0.871094 0.679688 0.867188 0.675781 0.824219 0.675781 0.820312 0.671875 0.820312 0.667969
1 0.367188 0.539062 0.367188 0.550781 0.371094 0.554688 0.382812 0.554688 0.382812 0.539062
1 0.296875 0.511719 0.292969 0.515625 0.289062 0.515625 0.285156 0.519531 0.281250 0.519531 0.281250 0.539062 0.289062 0.539062 0.292969 0.542969 0.335938 0.542969 0.335938 0.539062 0.339844 0.535156 0.339844 0.515625 0.316406 0.515625 0.312500 0.511719
1 0.343750 0.496094 0.343750 0.507812 0.351562 0.507812 0.351562 0.496094
1 0.503906 0.441406 0.503906 0.468750 0.500000 0.472656 0.496094 0.472656 0.492188 0.476562 0.488281 0.476562 0.484375 0.480469 0.480469 0.480469 0.476562 0.484375 0.472656 0.484375 0.468750 0.488281 0.464844 0.488281 0.460938 0.492188 0.453125 0.492188 0.445312 0.500000 0.437500 0.500000 0.433594 0.503906 0.425781 0.503906 0.421875 0.507812 0.417969 0.507812 0.410156 0.515625 0.394531 0.515625 0.394531 0.527344 0.410156 0.527344 0.414062 0.531250 0.414062 0.546875 0.410156 0.550781 0.406250 0.550781 0.406250 0.558594 0.410156 0.562500 0.410156 0.589844 0.406250 0.593750 0.406250 0.597656 0.402344 0.601562 0.398438 0.601562 0.398438 0.605469 0.390625 0.613281 0.378906 0.613281 0.378906 0.617188 0.375000 0.621094 0.375000 0.640625 0.371094 0.644531 0.367188 0.644531 0.367188 0.652344 0.359375 0.660156 0.359375 0.667969 0.375000 0.683594 0.382812 0.683594 0.390625 0.675781 0.402344 0.675781 0.402344 0.671875 0.410156 0.664062 0.421875 0.664062 0.425781 0.660156 0.429688 0.660156 0.429688 0.644531 0.425781 0.644531 0.421875 0.640625 0.421875 0.625000 0.425781 0.621094 0.425781 0.605469 0.429688 0.601562 0.445312 0.601562 0.445312 0.597656 0.449219 0.593750 0.457031 0.593750 0.464844 0.585938 0.468750 0.585938 0.468750 0.570312 0.472656 0.566406 0.496094 0.566406 0.500000 0.570312 0.515625 0.570312 0.519531 0.574219 0.519531 0.652344 0.523438 0.656250 0.523438 0.695312 0.527344 0.699219 0.527344 0.707031 0.539062 0.707031 0.539062 0.699219 0.535156 0.695312 0.535156 0.644531 0.531250 0.640625 0.531250 0.632812 0.527344 0.628906 0.527344 0.578125 0.523438 0.574219 0.523438 0.542969 0.527344 0.539062 0.531250 0.539062 0.531250 0.527344 0.527344 0.523438 0.527344 0.507812 0.523438 0.507812 0.519531 0.503906 0.519531 0.445312 0.515625 0.441406
