1 0.773438 0.937500 0.773438 0.953125 0.769531 0.957031 0.757812 0.957031 0.757812 0.996094 0.792969 0.996094 0.792969 0.984375 0.789062 0.980469 0.789062 0.964844 0.792969 0.960938 0.792969 0.945312 0.789062 0.945312 0.781250 0.937500
1 0.511719 0.691406 0.511719 0.699219 0.519531 0.699219 0.519531 0.691406
1 0.203125 0.542969 0.199219 0.546875 0.187500 0.546875 0.183594 0.550781 0.175781 0.550781 0.175781 0.562500 0.179688 0.562500 0.183594 0.566406 0.183594 0.570312 0.195312 0.570312 0.199219 0.566406 0.226562 0.566406 0.226562 0.558594 0.218750 0.550781 0.218750 0.546875 0.214844 0.546875 0.210938 0.542969
1 0.328125 0.535156 0.328125 0.546875 0.335938 0.554688 0.355469 0.554688 0.355469 0.550781 0.359375 0.546875 0.359375 0.539062 0.355469 0.539062 0.351562 0.535156
1 0.457031 0.500000 0.457031 0.507812 0.464844 0.507812 0.464844 0.500000
1 0.421875 0.449219 0.421875 0.460938 0.433594 0.460938 0.433594 0.449219
1 0.652344 0.375000 0.652344 0.382812 0.660156 0.382812 0.660156 0.375000
1 0.761719 0.324219 0.761719 0.339844 0.765625 0.343750 0.765625 0.347656 0.769531 0.351562 0.769531 0.367188 0.773438 0.371094 0.773438 0.378906 0.781250 0.378906 0.781250 0.328125 0.777344 0.324219
1 0.347656 0.226562 0.343750 0.230469 0.343750 0.253906 0.355469 0.253906 0.359375 0.257812 0.359375 0.261719 0.363281 0.261719 0.367188 0.265625 0.375000 0.265625 0.375000 0.253906 0.371094 0.250000 0.371094 0.246094 0.367188 0.242188 0.367188 0.234375 0.363281 0.230469 0.363281 0.226562
1 0.019531 0.226562 0.007812 0.238281 0.000000 0.238281 0.000000 0.250000 0.007812 0.250000 0.011719 0.253906 0.015625 0.253906 0.019531 0.257812 0.019531 0.269531 0.023438 0.273438 0.023438 0.289062 0.031250 0.289062 0.031250 0.277344 0.035156 0.273438 0.042969 0.273438 0.046875 0.269531 0.046875 0.265625 0.050781 0.261719 0.054688 0.261719 0.054688 0.253906 0.039062 0.253906 0.031250 0.246094 0.031250 0.242188 0.027344 0.238281 0.027344 0.226562
1 0.195312 0.203125 0.195312 0.222656 0.191406 0.226562 0.191406 0.230469 0.187500 0.234375 0.187500 0.242188 0.199219 0.242188 0.199219 0.238281 0.203125 0.234375 0.218750 0.234375 0.218750 0.226562 0.222656 0.222656 0.222656 0.214844 0.218750 0.214844 0.214844 0.210938 0.214844 0.207031 0.210938 0.203125
1 0.566406 0.179688 0.566406 0.187500 0.570312 0.191406 0.570312 0.195312 0.574219 0.199219 0.574219 0.214844 0.585938 0.214844 0.589844 0.218750 0.589844 0.253906 0.593750 0.257812 0.593750 0.261719 0.597656 0.265625 0.597656 0.269531 0.601562 0.273438 0.601562 0.289062 0.593750 0.296875 0.593750 0.300781 0.589844 0.304688 0.589844 0.324219 0.593750 0.324219 0.597656 0.328125 0.597656 0.332031 0.601562 0.335938 0.601562 0.351562 0.597656 0.355469 0.593750 0.355469 0.593750 0.359375 0.589844 0.363281 0.566406 0.363281 0.566406 0.371094 0.570312 0.371094 0.574219 0.375000 0.574219 0.382812 0.582031 0.382812 0.585938 0.386719 0.585938 0.425781 0.582031 0.429688 0.574219 0.429688 0.574219 0.437500 0.570312 0.441406 0.546875 0.441406 0.542969 0.445312 0.542969 0.449219 0.539062 0.453125 0.523438 0.453125 0.519531 0.449219 0.519531 0.445312 0.507812 0.433594 0.507812 0.417969 0.511719 0.414062 0.515625 0.414062 0.515625 0.402344 0.511719 0.398438 0.507812 0.398438 0.503906 0.394531 0.496094 0.394531 0.488281 0.386719 0.484375 0.386719 0.480469 0.382812 0.472656 0.382812 0.457031 0.367188 0.453125 0.367188 0.449219 0.363281 0.449219 0.347656 0.453125 0.343750 0.453125 0.332031 0.445312 0.332031 0.445312 0.343750 0.441406 0.347656 0.417969 0.347656 0.414062 0.343750 0.414062 0.324219 0.417969 0.320312 0.421875 0.320312 0.421875 0.300781 0.425781 0.296875 0.433594 0.296875 0.437500 0.292969 0.437500 0.285156 0.433594 0.281250 0.421875 0.281250 0.421875 0.289062 0.417969 0.292969 0.386719 0.292969 0.386719 0.308594 0.394531 0.308594 0.398438 0.312500 0.398438 0.316406 0.402344 0.316406 0.406250 0.320312 0.406250 0.328125 0.410156 0.332031 0.410156 0.363281 0.406250 0.367188 0.402344 0.367188 0.398438 0.371094 0.386719 0.371094 0.382812 0.375000 0.382812 0.382812 0.378906 0.386719 0.378906 0.398438 0.402344 0.398438 0.406250 0.402344 0.406250 0.406250 0.410156 0.410156 0.429688 0.410156 0.433594 0.414062 0.441406 0.414062 0.445312 0.417969 0.449219 0.417969 0.453125 0.421875 0.453125 0.425781 0.488281 0.425781 0.492188 0.429688 0.492188 0.437500 0.496094 0.441406 0.496094 0.460938 0.492188 0.464844 0.492188 0.480469 0.488281 0.484375 0.488281 0.492188 0.492188 0.496094 0.492188 0.511719 0.488281 0.515625 0.488281 0.527344 0.496094 0.527344 0.496094 0.523438 0.500000 0.519531 0.527344 0.519531 0.531250 0.523438 0.542969 0.523438 0.546875 0.527344 0.546875 0.531250 0.554688 0.531250 0.558594 0.535156 0.558594 0.558594 0.554688 0.562500 0.539062 0.562500 0.535156 0.558594 0.523438 0.558594 0.519531 0.554688 0.519531 0.550781 0.511719 0.550781 0.507812 0.554688 0.496094 0.554688 0.496094 0.558594 0.492188 0.562500 0.472656 0.562500 0.464844 0.570312 0.464844 0.582031 0.468750 0.582031 0.472656 0.585938 0.472656 0.601562 0.468750 0.605469 0.464844 0.605469 0.460938 0.609375 0.460938 0.617188 0.457031 0.621094 0.441406 0.621094 0.437500 0.617188 0.437500 0.570312 0.417969 0.570312 0.410156 0.578125 0.394531 0.578125 0.394531 0.589844 0.402344 0.589844 0.406250 0.593750 0.406250 0.597656 0.410156 0.601562 0.410156 0.605469 0.414062 0.609375 0.414062 0.613281 0.433594 0.613281 0.437500 0.617188 0.437500 0.632812 0.433594 0.636719 0.402344 0.636719 0.402344 0.648438 0.417969 0.648438 0.421875 0.652344 0.421875 0.675781 0.417969 0.679688 0.390625 0.679688 0.390625 0.695312 0.386719 0.699219 0.359375 0.699219 0.355469 0.695312 0.320312 0.695312 0.312500 0.687500 0.296875 0.687500 0.296875 0.695312 0.300781 0.695312 0.304688 0.699219 0.312500 0.699219 0.316406 0.703125 0.324219 0.703125 0.328125 0.707031 0.335938 0.707031 0.339844 0.710938 0.363281 0.710938 0.375000 0.722656 0.375000 0.726562 0.378906 0.730469 0.386719 0.730469 0.390625 0.726562 0.390625 0.718750 0.394531 0.714844 0.394531 0.710938 0.398438 0.707031 0.402344 0.707031 0.402344 0.683594 0.406250 0.679688 0.429688 0.679688 0.437500 0.687500 0.445312 0.687500 0.453125 0.695312 0.453125 0.699219 0.464844 0.699219 0.468750 0.695312 0.468750 0.691406 0.472656 0.687500 0.480469 0.687500 0.480469 0.679688 0.476562 0.675781 0.476562 0.671875 0.449219 0.671875 0.445312 0.667969 0.445312 0.652344 0.449219 0.648438 0.464844 0.648438 0.468750 0.644531 0.472656 0.644531 0.476562 0.640625 0.484375 0.640625 0.484375 0.632812 0.488281 0.628906 0.507812 0.628906 0.511719 0.625000 0.511719 0.605469 0.515625 0.601562 0.539062 0.601562 0.542969 0.605469 0.542969 0.628906 0.562500 0.628906 0.566406 0.632812 0.566406 0.644531 0.585938 0.644531 0.589844 0.648438 0.589844 0.664062 0.605469 0.664062 0.609375 0.667969 0.609375 0.675781 0.613281 0.679688 0.613281 0.687500 0.617188 0.691406 0.621094 0.691406 0.625000 0.695312 0.625000 0.699219 0.628906 0.703125 0.628906 0.707031 0.632812 0.710938 0.632812 0.714844 0.648438 0.714844 0.652344 0.718750 0.652344 0.738281 0.656250 0.742188 0.671875 0.742188 0.675781 0.746094 0.675781 0.757812 0.679688 0.761719 0.679688 0.777344 0.683594 0.777344 0.687500 0.781250 0.691406 0.781250 0.695312 0.785156 0.695312 0.789062 0.699219 0.792969 0.707031 0.792969 0.714844 0.800781 0.718750 0.800781 0.722656 0.804688 0.722656 0.808594 0.726562 0.812500 0.726562 0.816406 0.730469 0.820312 0.730469 0.828125 0.742188 0.828125 0.746094 0.832031 0.746094 0.835938 0.750000 0.839844 0.750000 0.843750 0.753906 0.847656 0.753906 0.851562 0.761719 0.859375 0.761719 0.875000 0.765625 0.878906 0.765625 0.902344 0.769531 0.906250 0.769531 0.910156 0.777344 0.910156 0.777344 0.906250 0.781250 0.902344 0.781250 0.875000 0.773438 0.875000 0.769531 0.871094 0.769531 0.851562 0.773438 0.847656 0.773438 0.843750 0.777344 0.839844 0.777344 0.835938 0.781250 0.832031 0.792969 0.832031 0.796875 0.828125 0.796875 0.820312 0.804688 0.812500 0.804688 0.804688 0.808594 0.800781 0.832031 0.800781 0.835938 0.796875 0.839844 0.796875 0.843750 0.792969 0.843750 0.777344 0.847656 0.773438 0.851562 0.773438 0.855469 0.769531 0.855469 0.761719 0.847656 0.761719 0.843750 0.765625 0.843750 0.781250 0.839844 0.785156 0.832031 0.785156 0.832031 0.789062 0.828125 0.792969 0.824219 0.792969 0.824219 0.796875 0.820312 0.800781 0.804688 0.800781 0.800781 0.796875 0.792969 0.796875 0.789062 0.792969 0.789062 0.785156 0.773438 0.785156 0.769531 0.781250 0.769531 0.753906 0.750000 0.753906 0.742188 0.746094 0.742188 0.722656 0.746094 0.718750 0.757812 0.718750 0.765625 0.710938 0.765625 0.691406 0.769531 0.687500 0.773438 0.687500 0.773438 0.683594 0.777344 0.679688 0.781250 0.679688 0.781250 0.667969 0.777344 0.664062 0.777344 0.656250 0.773438 0.652344 0.773438 0.644531 0.761719 0.644531 0.761719 0.648438 0.757812 0.652344 0.742188 0.652344 0.738281 0.648438 0.718750 0.648438 0.714844 0.644531 0.714844 0.628906 0.718750 0.625000 0.722656 0.625000 0.722656 0.613281 0.726562 0.609375 0.734375 0.609375 0.734375 0.582031 0.738281 0.578125 0.753906 0.578125 0.757812 0.574219 0.777344 0.574219 0.781250 0.578125 0.781250 0.585938 0.789062 0.585938 0.789062 0.566406 0.792969 0.562500 0.796875 0.562500 0.796875 0.550781 0.792969 0.546875 0.785156 0.546875 0.781250 0.542969 0.781250 0.539062 0.769531 0.539062 0.765625 0.535156 0.765625 0.523438 0.761719 0.519531 0.761719 0.480469 0.757812 0.476562 0.757812 0.441406 0.750000 0.441406 0.742188 0.449219 0.726562 0.449219 0.722656 0.445312 0.718750 0.445312 0.710938 0.437500 0.699219 0.437500 0.699219 0.441406 0.691406 0.449219 0.683594 0.449219 0.679688 0.453125 0.679688 0.460938 0.710938 0.460938 0.714844 0.457031 0.718750 0.457031 0.722656 0.453125 0.738281 0.453125 0.742188 0.457031 0.742188 0.460938 0.746094 0.464844 0.746094 0.468750 0.750000 0.472656 0.750000 0.492188 0.746094 0.496094 0.746094 0.519531 0.742188 0.523438 0.742188 0.527344 0.738281 0.531250 0.726562 0.531250 0.726562 0.539062 0.707031 0.558594 0.675781 0.558594 0.667969 0.550781 0.667969 0.539062 0.660156 0.531250 0.656250 0.531250 0.644531 0.519531 0.644531 0.503906 0.648438 0.500000 0.648438 0.488281 0.644531 0.484375 0.644531 0.480469 0.632812 0.480469 0.621094 0.468750 0.621094 0.460938 0.617188 0.457031 0.617188 0.437500 0.613281 0.433594 0.601562 0.433594 0.593750 0.425781 0.593750 0.402344 0.597656 0.398438 0.613281 0.398438 0.613281 0.394531 0.617188 0.390625 0.617188 0.335938 0.613281 0.332031 0.613281 0.320312 0.609375 0.316406 0.609375 0.277344 0.605469 0.273438 0.605469 0.214844 0.585938 0.214844 0.582031 0.210938 0.582031 0.195312 0.589844 0.187500 0.589844 0.179688
1 0.042969 0.105469 0.042969 0.109375 0.039062 0.113281 0.039062 0.117188 0.035156 0.121094 0.035156 0.140625 0.023438 0.152344 0.023438 0.160156 0.019531 0.164062 0.019531 0.171875 0.023438 0.175781 0.023438 0.187500 0.035156 0.187500 0.035156 0.171875 0.039062 0.167969 0.046875 0.167969 0.050781 0.164062 0.058594 0.164062 0.066406 0.156250 0.066406 0.148438 0.062500 0.148438 0.058594 0.144531 0.054688 0.144531 0.046875 0.136719 0.046875 0.121094 0.050781 0.117188 0.050781 0.105469
1 0.066406 0.074219 0.066406 0.082031 0.074219 0.082031 0.074219 0.074219
1 0.125000 0.023438 0.125000 0.027344 0.121094 0.031250 0.113281 0.031250 0.097656 0.046875 0.093750 0.046875 0.085938 0.054688 0.085938 0.062500 0.101562 0.062500 0.105469 0.058594 0.105469 0.054688 0.117188 0.042969 0.121094 0.042969 0.125000 0.039062 0.125000 0.035156 0.128906 0.031250 0.144531 0.031250 0.144531 0.023438
