1 0.292969 0.828125 0.289062 0.832031 0.277344 0.832031 0.273438 0.835938 0.273438 0.839844 0.269531 0.843750 0.253906 0.843750 0.253906 0.851562 0.250000 0.855469 0.250000 0.859375 0.242188 0.867188 0.242188 0.875000 0.234375 0.882812 0.234375 0.886719 0.226562 0.894531 0.226562 0.898438 0.222656 0.902344 0.222656 0.906250 0.218750 0.910156 0.218750 0.914062 0.210938 0.921875 0.210938 0.925781 0.207031 0.929688 0.207031 0.933594 0.199219 0.941406 0.199219 0.945312 0.195312 0.949219 0.195312 0.980469 0.203125 0.980469 0.203125 0.964844 0.207031 0.960938 0.207031 0.957031 0.210938 0.953125 0.218750 0.953125 0.218750 0.945312 0.222656 0.941406 0.226562 0.941406 0.226562 0.937500 0.230469 0.933594 0.230469 0.929688 0.234375 0.925781 0.234375 0.921875 0.238281 0.917969 0.238281 0.914062 0.242188 0.910156 0.242188 0.906250 0.246094 0.902344 0.246094 0.890625 0.253906 0.882812 0.257812 0.882812 0.257812 0.875000 0.261719 0.871094 0.261719 0.859375 0.265625 0.855469 0.269531 0.855469 0.269531 0.847656 0.273438 0.843750 0.289062 0.843750 0.289062 0.839844 0.292969 0.835938 0.300781 0.835938 0.300781 0.828125
1 0.390625 0.820312 0.390625 0.828125 0.398438 0.828125 0.398438 0.820312
1 0.429688 0.812500 0.429688 0.820312 0.437500 0.820312 0.437500 0.812500
1 0.480469 0.792969 0.480469 0.800781 0.488281 0.800781 0.488281 0.792969
1 0.539062 0.773438 0.539062 0.781250 0.546875 0.781250 0.546875 0.773438
1 0.582031 0.750000 0.578125 0.753906 0.574219 0.753906 0.570312 0.757812 0.570312 0.765625 0.578125 0.765625 0.582031 0.761719 0.585938 0.761719 0.589844 0.757812 0.593750 0.757812 0.593750 0.750000
1 0.304688 0.738281 0.304688 0.746094 0.312500 0.746094 0.312500 0.738281
1 0.628906 0.714844 0.628906 0.722656 0.636719 0.722656 0.636719 0.714844
1 0.687500 0.632812 0.679688 0.640625 0.679688 0.660156 0.687500 0.660156 0.687500 0.656250 0.691406 0.652344 0.695312 0.652344 0.695312 0.644531 0.699219 0.640625 0.703125 0.640625 0.703125 0.632812
1 0.273438 0.550781 0.273438 0.558594 0.277344 0.558594 0.281250 0.562500 0.281250 0.566406 0.289062 0.566406 0.289062 0.558594 0.285156 0.558594 0.281250 0.554688 0.281250 0.550781
1 0.257812 0.472656 0.257812 0.476562 0.253906 0.480469 0.250000 0.480469 0.250000 0.488281 0.253906 0.488281 0.257812 0.492188 0.257812 0.515625 0.261719 0.515625 0.265625 0.519531 0.281250 0.519531 0.281250 0.511719 0.277344 0.507812 0.273438 0.507812 0.269531 0.503906 0.269531 0.500000 0.265625 0.496094 0.265625 0.472656
1 0.808594 0.335938 0.808594 0.359375 0.832031 0.359375 0.832031 0.351562 0.828125 0.351562 0.824219 0.347656 0.824219 0.343750 0.820312 0.339844 0.820312 0.335938
1 0.796875 0.316406 0.796875 0.324219 0.804688 0.324219 0.804688 0.316406
1 0.832031 0.300781 0.828125 0.304688 0.824219 0.304688 0.824219 0.312500 0.839844 0.312500 0.839844 0.300781
1 0.402344 0.207031 0.402344 0.230469 0.398438 0.234375 0.390625 0.234375 0.390625 0.242188 0.386719 0.246094 0.367188 0.246094 0.363281 0.242188 0.363281 0.218750 0.347656 0.218750 0.347656 0.226562 0.351562 0.226562 0.355469 0.230469 0.359375 0.230469 0.363281 0.234375 0.363281 0.250000 0.355469 0.257812 0.339844 0.257812 0.339844 0.265625 0.343750 0.265625 0.347656 0.269531 0.347656 0.277344 0.351562 0.281250 0.351562 0.285156 0.355469 0.289062 0.355469 0.300781 0.367188 0.300781 0.371094 0.296875 0.390625 0.296875 0.398438 0.304688 0.398438 0.328125 0.402344 0.332031 0.402344 0.351562 0.406250 0.351562 0.410156 0.355469 0.410156 0.375000 0.414062 0.375000 0.417969 0.378906 0.417969 0.382812 0.421875 0.382812 0.425781 0.386719 0.425781 0.390625 0.437500 0.390625 0.441406 0.394531 0.441406 0.402344 0.445312 0.406250 0.445312 0.421875 0.441406 0.425781 0.441406 0.429688 0.437500 0.433594 0.433594 0.433594 0.429688 0.437500 0.414062 0.437500 0.414062 0.441406 0.410156 0.445312 0.410156 0.449219 0.406250 0.453125 0.390625 0.453125 0.386719 0.449219 0.386719 0.441406 0.375000 0.441406 0.375000 0.476562 0.378906 0.476562 0.382812 0.480469 0.382812 0.500000 0.378906 0.503906 0.363281 0.503906 0.363281 0.511719 0.367188 0.515625 0.367188 0.523438 0.371094 0.527344 0.371094 0.570312 0.367188 0.574219 0.367188 0.593750 0.363281 0.597656 0.359375 0.597656 0.359375 0.605469 0.363281 0.605469 0.367188 0.609375 0.367188 0.625000 0.363281 0.628906 0.363281 0.632812 0.359375 0.636719 0.359375 0.640625 0.351562 0.648438 0.351562 0.652344 0.347656 0.656250 0.332031 0.656250 0.328125 0.652344 0.328125 0.632812 0.332031 0.628906 0.332031 0.613281 0.328125 0.609375 0.328125 0.605469 0.320312 0.605469 0.312500 0.613281 0.300781 0.613281 0.300781 0.621094 0.296875 0.625000 0.289062 0.625000 0.289062 0.632812 0.292969 0.636719 0.292969 0.660156 0.308594 0.660156 0.312500 0.656250 0.335938 0.656250 0.339844 0.660156 0.339844 0.675781 0.335938 0.679688 0.335938 0.683594 0.328125 0.691406 0.316406 0.691406 0.316406 0.695312 0.308594 0.703125 0.308594 0.710938 0.316406 0.710938 0.324219 0.718750 0.324219 0.730469 0.332031 0.730469 0.335938 0.734375 0.335938 0.742188 0.343750 0.742188 0.343750 0.738281 0.351562 0.730469 0.363281 0.730469 0.367188 0.726562 0.394531 0.726562 0.394531 0.722656 0.402344 0.714844 0.414062 0.714844 0.421875 0.707031 0.437500 0.707031 0.437500 0.691406 0.441406 0.687500 0.468750 0.687500 0.472656 0.683594 0.496094 0.683594 0.500000 0.687500 0.503906 0.687500 0.507812 0.691406 0.507812 0.695312 0.523438 0.695312 0.535156 0.683594 0.535156 0.671875 0.539062 0.667969 0.570312 0.667969 0.570312 0.652344 0.574219 0.648438 0.582031 0.648438 0.585938 0.644531 0.589844 0.644531 0.589844 0.625000 0.605469 0.609375 0.617188 0.609375 0.621094 0.605469 0.625000 0.605469 0.644531 0.585938 0.652344 0.585938 0.656250 0.582031 0.656250 0.574219 0.664062 0.566406 0.679688 0.566406 0.679688 0.558594 0.671875 0.558594 0.660156 0.546875 0.660156 0.519531 0.664062 0.515625 0.683594 0.515625 0.687500 0.511719 0.691406 0.511719 0.695312 0.507812 0.707031 0.507812 0.707031 0.503906 0.710938 0.500000 0.718750 0.500000 0.718750 0.492188 0.714844 0.488281 0.714844 0.480469 0.683594 0.480469 0.679688 0.476562 0.679688 0.457031 0.671875 0.457031 0.671875 0.472656 0.667969 0.476562 0.644531 0.476562 0.640625 0.472656 0.640625 0.464844 0.636719 0.464844 0.632812 0.460938 0.632812 0.437500 0.628906 0.437500 0.625000 0.433594 0.625000 0.429688 0.621094 0.425781 0.621094 0.402344 0.617188 0.402344 0.613281 0.398438 0.613281 0.355469 0.617188 0.351562 0.632812 0.351562 0.636719 0.347656 0.636719 0.332031 0.640625 0.328125 0.652344 0.328125 0.652344 0.304688 0.664062 0.292969 0.664062 0.277344 0.667969 0.273438 0.691406 0.273438 0.691406 0.265625 0.695312 0.261719 0.703125 0.261719 0.703125 0.253906 0.707031 0.250000 0.707031 0.242188 0.691406 0.242188 0.687500 0.246094 0.687500 0.257812 0.683594 0.261719 0.679688 0.261719 0.675781 0.265625 0.656250 0.265625 0.648438 0.257812 0.621094 0.257812 0.617188 0.253906 0.617188 0.218750 0.601562 0.218750 0.601562 0.230469 0.597656 0.234375 0.597656 0.257812 0.589844 0.265625 0.589844 0.281250 0.585938 0.285156 0.582031 0.285156 0.574219 0.292969 0.574219 0.300781 0.570312 0.304688 0.570312 0.308594 0.566406 0.312500 0.558594 0.312500 0.558594 0.320312 0.554688 0.324219 0.554688 0.332031 0.550781 0.335938 0.546875 0.335938 0.546875 0.343750 0.539062 0.351562 0.500000 0.351562 0.496094 0.355469 0.488281 0.355469 0.484375 0.359375 0.468750 0.359375 0.460938 0.351562 0.460938 0.332031 0.464844 0.328125 0.464844 0.324219 0.468750 0.320312 0.472656 0.320312 0.476562 0.316406 0.480469 0.316406 0.480469 0.312500 0.488281 0.304688 0.492188 0.304688 0.492188 0.296875 0.468750 0.296875 0.464844 0.292969 0.464844 0.285156 0.457031 0.277344 0.457031 0.257812 0.460938 0.253906 0.460938 0.246094 0.464844 0.242188 0.464844 0.234375 0.460938 0.234375 0.457031 0.230469 0.453125 0.230469 0.449219 0.226562 0.433594 0.226562 0.421875 0.214844 0.414062 0.214844 0.410156 0.210938 0.410156 0.207031
1 0.273438 0.207031 0.273438 0.218750 0.281250 0.218750 0.281250 0.207031
1 0.773438 0.199219 0.769531 0.203125 0.753906 0.203125 0.750000 0.207031 0.750000 0.218750 0.746094 0.222656 0.746094 0.230469 0.750000 0.230469 0.753906 0.234375 0.753906 0.238281 0.757812 0.242188 0.757812 0.246094 0.769531 0.246094 0.773438 0.242188 0.777344 0.242188 0.781250 0.238281 0.785156 0.238281 0.789062 0.234375 0.792969 0.234375 0.796875 0.230469 0.796875 0.199219
1 0.597656 0.164062 0.597656 0.171875 0.601562 0.175781 0.601562 0.179688 0.609375 0.179688 0.609375 0.167969 0.605469 0.164062
1 0.554688 0.132812 0.542969 0.144531 0.507812 0.144531 0.507812 0.156250 0.503906 0.160156 0.496094 0.160156 0.492188 0.164062 0.476562 0.164062 0.476562 0.167969 0.468750 0.175781 0.460938 0.175781 0.457031 0.179688 0.457031 0.183594 0.453125 0.187500 0.453125 0.195312 0.472656 0.195312 0.476562 0.199219 0.476562 0.203125 0.484375 0.203125 0.492188 0.195312 0.496094 0.195312 0.496094 0.187500 0.503906 0.179688 0.535156 0.179688 0.539062 0.183594 0.539062 0.195312 0.546875 0.195312 0.546875 0.191406 0.550781 0.187500 0.554688 0.187500 0.558594 0.183594 0.578125 0.183594 0.578125 0.175781 0.574219 0.175781 0.570312 0.171875 0.570312 0.152344 0.566406 0.152344 0.562500 0.148438 0.562500 0.132812
1 0.355469 0.093750 0.351562 0.097656 0.343750 0.097656 0.339844 0.101562 0.335938 0.101562 0.332031 0.105469 0.328125 0.105469 0.324219 0.109375 0.320312 0.109375 0.316406 0.113281 0.312500 0.113281 0.308594 0.117188 0.300781 0.117188 0.296875 0.121094 0.289062 0.121094 0.285156 0.125000 0.277344 0.125000 0.273438 0.128906 0.273438 0.132812 0.265625 0.140625 0.238281 0.140625 0.234375 0.144531 0.230469 0.144531 0.226562 0.148438 0.222656 0.148438 0.214844 0.156250 0.214844 0.164062 0.230469 0.164062 0.234375 0.160156 0.277344 0.160156 0.281250 0.164062 0.281250 0.183594 0.285156 0.187500 0.285156 0.191406 0.308594 0.191406 0.312500 0.195312 0.312500 0.199219 0.324219 0.199219 0.324219 0.187500 0.328125 0.183594 0.351562 0.183594 0.351562 0.175781 0.343750 0.175781 0.339844 0.179688 0.324219 0.179688 0.320312 0.175781 0.320312 0.160156 0.316406 0.156250 0.312500 0.156250 0.308594 0.152344 0.308594 0.132812 0.312500 0.128906 0.320312 0.128906 0.320312 0.125000 0.324219 0.121094 0.343750 0.121094 0.343750 0.117188 0.351562 0.109375 0.355469 0.109375 0.363281 0.101562 0.363281 0.093750
1 0.433594 0.054688 0.429688 0.058594 0.425781 0.058594 0.425781 0.066406 0.445312 0.066406 0.449219 0.062500 0.449219 0.054688
1 0.515625 0.042969 0.515625 0.050781 0.542969 0.050781 0.546875 0.054688 0.554688 0.054688 0.562500 0.062500 0.570312 0.062500 0.574219 0.066406 0.582031 0.066406 0.585938 0.070312 0.605469 0.070312 0.609375 0.074219 0.609375 0.093750 0.605469 0.097656 0.605469 0.117188 0.601562 0.121094 0.601562 0.128906 0.609375 0.128906 0.609375 0.125000 0.613281 0.121094 0.617188 0.121094 0.621094 0.117188 0.621094 0.113281 0.628906 0.105469 0.628906 0.101562 0.632812 0.097656 0.632812 0.093750 0.636719 0.089844 0.636719 0.085938 0.640625 0.082031 0.640625 0.078125 0.644531 0.074219 0.644531 0.066406 0.640625 0.062500 0.640625 0.058594 0.625000 0.058594 0.617188 0.050781 0.609375 0.050781 0.601562 0.042969
