1 0.523438 0.914062 0.523438 0.921875 0.531250 0.921875 0.535156 0.925781 0.535156 0.929688 0.542969 0.929688 0.546875 0.933594 0.558594 0.933594 0.562500 0.937500 0.574219 0.937500 0.578125 0.933594 0.582031 0.933594 0.582031 0.925781 0.562500 0.925781 0.558594 0.921875 0.535156 0.921875 0.531250 0.917969 0.531250 0.914062
1 0.464844 0.894531 0.464844 0.902344 0.468750 0.902344 0.472656 0.906250 0.492188 0.906250 0.492188 0.898438 0.488281 0.898438 0.484375 0.894531
1 0.414062 0.824219 0.410156 0.828125 0.410156 0.843750 0.406250 0.847656 0.386719 0.847656 0.378906 0.855469 0.363281 0.855469 0.359375 0.851562 0.335938 0.851562 0.332031 0.847656 0.316406 0.847656 0.316406 0.855469 0.320312 0.859375 0.328125 0.859375 0.332031 0.863281 0.335938 0.863281 0.339844 0.867188 0.355469 0.867188 0.359375 0.871094 0.363281 0.871094 0.367188 0.875000 0.378906 0.875000 0.382812 0.878906 0.394531 0.878906 0.402344 0.886719 0.425781 0.886719 0.429688 0.890625 0.457031 0.890625 0.457031 0.882812 0.445312 0.871094 0.445312 0.863281 0.441406 0.859375 0.441406 0.847656 0.437500 0.847656 0.433594 0.843750 0.429688 0.843750 0.425781 0.839844 0.425781 0.832031 0.421875 0.828125 0.421875 0.824219
1 0.511719 0.769531 0.511719 0.777344 0.519531 0.777344 0.519531 0.769531
1 0.917969 0.691406 0.890625 0.718750 0.890625 0.722656 0.886719 0.726562 0.886719 0.742188 0.894531 0.742188 0.902344 0.734375 0.902344 0.730469 0.906250 0.726562 0.910156 0.726562 0.914062 0.722656 0.917969 0.722656 0.921875 0.718750 0.921875 0.714844 0.925781 0.710938 0.925781 0.691406
1 0.750000 0.691406 0.746094 0.695312 0.707031 0.695312 0.703125 0.699219 0.699219 0.699219 0.695312 0.703125 0.683594 0.703125 0.679688 0.707031 0.675781 0.707031 0.675781 0.718750 0.687500 0.718750 0.691406 0.714844 0.710938 0.714844 0.714844 0.710938 0.726562 0.710938 0.730469 0.707031 0.753906 0.707031 0.753906 0.703125 0.757812 0.699219 0.765625 0.699219 0.765625 0.691406
1 0.523438 0.679688 0.523438 0.695312 0.527344 0.699219 0.527344 0.722656 0.531250 0.722656 0.535156 0.726562 0.546875 0.726562 0.550781 0.722656 0.554688 0.722656 0.554688 0.710938 0.562500 0.703125 0.582031 0.703125 0.582031 0.683594 0.574219 0.683594 0.570312 0.679688
1 0.093750 0.613281 0.089844 0.617188 0.089844 0.632812 0.093750 0.636719 0.093750 0.640625 0.097656 0.644531 0.105469 0.644531 0.105469 0.632812 0.101562 0.628906 0.101562 0.613281
1 0.246094 0.605469 0.246094 0.613281 0.253906 0.613281 0.253906 0.605469
1 0.078125 0.582031 0.078125 0.593750 0.085938 0.593750 0.085938 0.582031
1 0.507812 0.566406 0.507812 0.574219 0.503906 0.578125 0.492188 0.578125 0.488281 0.582031 0.460938 0.582031 0.460938 0.597656 0.457031 0.601562 0.441406 0.601562 0.437500 0.605469 0.437500 0.609375 0.433594 0.613281 0.433594 0.617188 0.429688 0.621094 0.425781 0.621094 0.421875 0.625000 0.410156 0.625000 0.398438 0.636719 0.386719 0.636719 0.382812 0.640625 0.382812 0.644531 0.378906 0.648438 0.371094 0.648438 0.363281 0.656250 0.355469 0.656250 0.355469 0.679688 0.351562 0.683594 0.347656 0.683594 0.347656 0.695312 0.343750 0.699219 0.335938 0.699219 0.335938 0.718750 0.343750 0.718750 0.347656 0.722656 0.347656 0.730469 0.351562 0.730469 0.355469 0.734375 0.355469 0.742188 0.398438 0.742188 0.406250 0.750000 0.406250 0.769531 0.402344 0.773438 0.390625 0.773438 0.386719 0.777344 0.386719 0.789062 0.398438 0.789062 0.402344 0.792969 0.433594 0.792969 0.437500 0.796875 0.437500 0.804688 0.460938 0.804688 0.464844 0.808594 0.464844 0.816406 0.503906 0.816406 0.503906 0.808594 0.500000 0.804688 0.500000 0.781250 0.484375 0.781250 0.480469 0.777344 0.480469 0.761719 0.457031 0.761719 0.453125 0.757812 0.453125 0.753906 0.449219 0.753906 0.445312 0.750000 0.433594 0.750000 0.429688 0.746094 0.429688 0.730469 0.433594 0.726562 0.449219 0.726562 0.453125 0.730469 0.464844 0.730469 0.468750 0.726562 0.496094 0.726562 0.500000 0.722656 0.500000 0.714844 0.503906 0.710938 0.503906 0.699219 0.500000 0.695312 0.500000 0.683594 0.496094 0.679688 0.496094 0.671875 0.488281 0.671875 0.484375 0.667969 0.484375 0.660156 0.480469 0.656250 0.457031 0.656250 0.453125 0.652344 0.453125 0.636719 0.460938 0.628906 0.500000 0.628906 0.503906 0.632812 0.503906 0.648438 0.515625 0.648438 0.519531 0.644531 0.519531 0.628906 0.515625 0.625000 0.515625 0.621094 0.511719 0.621094 0.507812 0.617188 0.507812 0.601562 0.511719 0.597656 0.511719 0.582031 0.519531 0.574219 0.519531 0.566406
1 0.285156 0.566406 0.281250 0.570312 0.281250 0.578125 0.289062 0.578125 0.304688 0.593750 0.312500 0.593750 0.316406 0.589844 0.320312 0.589844 0.320312 0.585938 0.324219 0.582031 0.332031 0.582031 0.332031 0.570312 0.320312 0.570312 0.316406 0.574219 0.296875 0.574219 0.292969 0.570312 0.292969 0.566406
1 0.167969 0.535156 0.164062 0.539062 0.156250 0.539062 0.156250 0.546875 0.152344 0.550781 0.152344 0.570312 0.148438 0.574219 0.148438 0.582031 0.144531 0.585938 0.132812 0.585938 0.132812 0.601562 0.140625 0.609375 0.140625 0.640625 0.136719 0.644531 0.132812 0.644531 0.132812 0.648438 0.128906 0.652344 0.128906 0.656250 0.125000 0.660156 0.125000 0.687500 0.128906 0.691406 0.128906 0.703125 0.140625 0.703125 0.144531 0.707031 0.144531 0.726562 0.152344 0.734375 0.152344 0.738281 0.156250 0.742188 0.156250 0.746094 0.160156 0.750000 0.160156 0.753906 0.167969 0.753906 0.171875 0.757812 0.171875 0.773438 0.175781 0.773438 0.183594 0.781250 0.187500 0.781250 0.195312 0.789062 0.199219 0.789062 0.203125 0.792969 0.207031 0.792969 0.226562 0.812500 0.230469 0.812500 0.234375 0.816406 0.242188 0.816406 0.246094 0.820312 0.257812 0.820312 0.261719 0.824219 0.261719 0.828125 0.269531 0.828125 0.273438 0.832031 0.292969 0.832031 0.292969 0.824219 0.285156 0.824219 0.281250 0.820312 0.273438 0.820312 0.265625 0.812500 0.253906 0.812500 0.250000 0.808594 0.250000 0.804688 0.246094 0.804688 0.242188 0.800781 0.234375 0.800781 0.226562 0.792969 0.226562 0.789062 0.222656 0.789062 0.218750 0.785156 0.214844 0.785156 0.207031 0.777344 0.199219 0.777344 0.195312 0.773438 0.195312 0.769531 0.187500 0.769531 0.183594 0.765625 0.183594 0.746094 0.179688 0.742188 0.179688 0.726562 0.191406 0.714844 0.207031 0.714844 0.207031 0.710938 0.210938 0.707031 0.218750 0.707031 0.218750 0.695312 0.214844 0.691406 0.214844 0.667969 0.222656 0.660156 0.222656 0.636719 0.226562 0.632812 0.226562 0.621094 0.218750 0.621094 0.218750 0.644531 0.210938 0.652344 0.187500 0.652344 0.183594 0.648438 0.183594 0.617188 0.187500 0.613281 0.191406 0.613281 0.191406 0.605469 0.175781 0.605469 0.171875 0.601562 0.171875 0.554688 0.179688 0.546875 0.179688 0.539062 0.175781 0.535156
1 0.148438 0.492188 0.148438 0.503906 0.152344 0.507812 0.164062 0.507812 0.164062 0.500000 0.156250 0.492188
1 0.457031 0.355469 0.453125 0.359375 0.441406 0.359375 0.441406 0.375000 0.445312 0.378906 0.460938 0.378906 0.464844 0.382812 0.464844 0.386719 0.484375 0.386719 0.488281 0.382812 0.488281 0.363281 0.476562 0.363281 0.472656 0.359375 0.468750 0.359375 0.464844 0.355469
1 0.246094 0.355469 0.246094 0.359375 0.242188 0.363281 0.242188 0.371094 0.253906 0.371094 0.257812 0.375000 0.257812 0.390625 0.242188 0.406250 0.226562 0.406250 0.226562 0.414062 0.230469 0.417969 0.230469 0.421875 0.234375 0.425781 0.234375 0.457031 0.230469 0.460938 0.226562 0.460938 0.226562 0.468750 0.222656 0.472656 0.218750 0.472656 0.218750 0.484375 0.222656 0.488281 0.226562 0.488281 0.230469 0.492188 0.230469 0.500000 0.234375 0.503906 0.234375 0.507812 0.238281 0.507812 0.242188 0.511719 0.242188 0.531250 0.234375 0.539062 0.230469 0.539062 0.230469 0.546875 0.265625 0.546875 0.273438 0.539062 0.285156 0.539062 0.285156 0.527344 0.289062 0.523438 0.312500 0.523438 0.312500 0.519531 0.316406 0.515625 0.320312 0.515625 0.320312 0.507812 0.324219 0.503906 0.328125 0.503906 0.332031 0.500000 0.339844 0.500000 0.343750 0.496094 0.343750 0.476562 0.347656 0.472656 0.347656 0.468750 0.351562 0.464844 0.355469 0.464844 0.355469 0.460938 0.359375 0.457031 0.375000 0.457031 0.378906 0.460938 0.378906 0.464844 0.386719 0.464844 0.390625 0.468750 0.402344 0.468750 0.406250 0.472656 0.410156 0.472656 0.414062 0.476562 0.421875 0.476562 0.425781 0.480469 0.433594 0.480469 0.437500 0.484375 0.453125 0.484375 0.457031 0.488281 0.464844 0.488281 0.468750 0.492188 0.472656 0.492188 0.476562 0.496094 0.488281 0.496094 0.492188 0.500000 0.500000 0.500000 0.503906 0.503906 0.511719 0.503906 0.515625 0.507812 0.523438 0.507812 0.527344 0.511719 0.531250 0.511719 0.535156 0.515625 0.539062 0.515625 0.542969 0.519531 0.546875 0.519531 0.550781 0.523438 0.554688 0.523438 0.558594 0.527344 0.562500 0.527344 0.566406 0.531250 0.582031 0.531250 0.585938 0.535156 0.589844 0.535156 0.593750 0.539062 0.601562 0.539062 0.605469 0.542969 0.609375 0.542969 0.613281 0.546875 0.625000 0.546875 0.628906 0.550781 0.636719 0.550781 0.640625 0.554688 0.648438 0.554688 0.652344 0.558594 0.656250 0.558594 0.660156 0.562500 0.664062 0.562500 0.667969 0.566406 0.679688 0.566406 0.683594 0.570312 0.691406 0.570312 0.695312 0.574219 0.703125 0.574219 0.707031 0.578125 0.710938 0.578125 0.714844 0.582031 0.730469 0.582031 0.734375 0.585938 0.738281 0.585938 0.742188 0.589844 0.746094 0.589844 0.750000 0.593750 0.757812 0.593750 0.765625 0.601562 0.773438 0.601562 0.777344 0.605469 0.781250 0.605469 0.789062 0.613281 0.792969 0.613281 0.796875 0.617188 0.804688 0.617188 0.812500 0.625000 0.820312 0.625000 0.824219 0.628906 0.828125 0.628906 0.832031 0.632812 0.839844 0.632812 0.843750 0.636719 0.843750 0.648438 0.847656 0.652344 0.847656 0.656250 0.855469 0.664062 0.867188 0.664062 0.867188 0.660156 0.871094 0.656250 0.902344 0.656250 0.906250 0.660156 0.910156 0.660156 0.914062 0.664062 0.917969 0.664062 0.921875 0.667969 0.925781 0.667969 0.929688 0.671875 0.929688 0.679688 0.949219 0.679688 0.953125 0.683594 0.953125 0.687500 0.960938 0.687500 0.964844 0.683594 0.964844 0.667969 0.960938 0.664062 0.957031 0.664062 0.953125 0.660156 0.949219 0.660156 0.945312 0.656250 0.945312 0.625000 0.941406 0.625000 0.929688 0.613281 0.929688 0.605469 0.925781 0.601562 0.917969 0.601562 0.914062 0.605469 0.910156 0.605469 0.910156 0.613281 0.906250 0.617188 0.902344 0.617188 0.898438 0.621094 0.878906 0.621094 0.875000 0.617188 0.863281 0.617188 0.859375 0.621094 0.839844 0.621094 0.835938 0.617188 0.832031 0.617188 0.828125 0.613281 0.824219 0.613281 0.812500 0.601562 0.804688 0.601562 0.800781 0.597656 0.800781 0.593750 0.796875 0.593750 0.789062 0.585938 0.765625 0.585938 0.761719 0.582031 0.761719 0.578125 0.757812 0.574219 0.757812 0.570312 0.742188 0.570312 0.738281 0.566406 0.738281 0.562500 0.695312 0.562500 0.691406 0.558594 0.679688 0.558594 0.675781 0.554688 0.664062 0.554688 0.656250 0.546875 0.652344 0.546875 0.648438 0.542969 0.636719 0.542969 0.632812 0.539062 0.625000 0.539062 0.621094 0.535156 0.617188 0.535156 0.605469 0.523438 0.605469 0.519531 0.589844 0.519531 0.585938 0.515625 0.582031 0.515625 0.578125 0.511719 0.574219 0.511719 0.570312 0.507812 0.546875 0.507812 0.542969 0.503906 0.539062 0.503906 0.535156 0.500000 0.515625 0.500000 0.511719 0.496094 0.511719 0.492188 0.507812 0.492188 0.503906 0.488281 0.503906 0.484375 0.500000 0.480469 0.488281 0.480469 0.484375 0.484375 0.468750 0.484375 0.460938 0.476562 0.460938 0.472656 0.457031 0.468750 0.457031 0.464844 0.449219 0.464844 0.445312 0.460938 0.437500 0.460938 0.437500 0.464844 0.433594 0.468750 0.417969 0.468750 0.414062 0.464844 0.410156 0.464844 0.406250 0.460938 0.390625 0.460938 0.386719 0.457031 0.371094 0.457031 0.367188 0.453125 0.367188 0.445312 0.351562 0.445312 0.347656 0.441406 0.332031 0.441406 0.328125 0.437500 0.328125 0.433594 0.320312 0.425781 0.296875 0.425781 0.289062 0.417969 0.289062 0.414062 0.285156 0.414062 0.281250 0.410156 0.281250 0.402344 0.273438 0.402344 0.269531 0.398438 0.269531 0.394531 0.265625 0.390625 0.265625 0.382812 0.261719 0.378906 0.261719 0.363281 0.253906 0.355469
1 0.531250 0.328125 0.531250 0.335938 0.542969 0.335938 0.542969 0.328125
1 0.578125 0.324219 0.574219 0.328125 0.566406 0.328125 0.566406 0.339844 0.578125 0.339844 0.578125 0.335938 0.582031 0.332031 0.597656 0.332031 0.601562 0.335938 0.605469 0.335938 0.609375 0.339844 0.609375 0.343750 0.617188 0.351562 0.621094 0.351562 0.625000 0.355469 0.628906 0.355469 0.636719 0.363281 0.636719 0.382812 0.644531 0.382812 0.648438 0.386719 0.648438 0.398438 0.656250 0.406250 0.656250 0.410156 0.664062 0.417969 0.664062 0.421875 0.667969 0.425781 0.667969 0.429688 0.675781 0.429688 0.675781 0.414062 0.671875 0.410156 0.671875 0.394531 0.667969 0.390625 0.667969 0.386719 0.652344 0.386719 0.648438 0.382812 0.648438 0.375000 0.644531 0.375000 0.640625 0.371094 0.640625 0.355469 0.644531 0.351562 0.648438 0.351562 0.648438 0.343750 0.628906 0.343750 0.625000 0.339844 0.621094 0.339844 0.617188 0.335938 0.617188 0.328125 0.589844 0.328125 0.585938 0.324219
1 0.437500 0.320312 0.433594 0.324219 0.429688 0.324219 0.429688 0.332031 0.437500 0.332031 0.441406 0.335938 0.449219 0.335938 0.449219 0.332031 0.453125 0.328125 0.453125 0.320312
1 0.382812 0.312500 0.382812 0.320312 0.390625 0.320312 0.390625 0.312500
1 0.195312 0.304688 0.195312 0.312500 0.203125 0.312500 0.203125 0.304688
1 0.445312 0.257812 0.445312 0.261719 0.441406 0.265625 0.425781 0.265625 0.421875 0.269531 0.410156 0.269531 0.410156 0.281250 0.433594 0.281250 0.433594 0.269531 0.437500 0.265625 0.453125 0.265625 0.453125 0.257812
1 0.132812 0.257812 0.132812 0.261719 0.128906 0.265625 0.128906 0.281250 0.125000 0.285156 0.121094 0.285156 0.117188 0.289062 0.113281 0.289062 0.109375 0.292969 0.105469 0.292969 0.101562 0.296875 0.085938 0.296875 0.082031 0.292969 0.082031 0.285156 0.078125 0.281250 0.078125 0.277344 0.074219 0.273438 0.066406 0.273438 0.062500 0.277344 0.062500 0.289062 0.066406 0.292969 0.066406 0.296875 0.070312 0.300781 0.070312 0.304688 0.074219 0.308594 0.074219 0.312500 0.078125 0.316406 0.078125 0.320312 0.085938 0.328125 0.085938 0.332031 0.089844 0.335938 0.089844 0.363281 0.093750 0.367188 0.097656 0.367188 0.101562 0.371094 0.101562 0.402344 0.097656 0.406250 0.082031 0.406250 0.078125 0.402344 0.062500 0.402344 0.062500 0.406250 0.058594 0.410156 0.058594 0.437500 0.062500 0.441406 0.062500 0.445312 0.066406 0.449219 0.066406 0.523438 0.078125 0.523438 0.078125 0.476562 0.082031 0.472656 0.082031 0.460938 0.085938 0.457031 0.089844 0.457031 0.089844 0.449219 0.085938 0.445312 0.085938 0.437500 0.082031 0.437500 0.078125 0.433594 0.078125 0.417969 0.082031 0.414062 0.105469 0.414062 0.105469 0.394531 0.109375 0.390625 0.113281 0.390625 0.117188 0.386719 0.144531 0.386719 0.144531 0.382812 0.148438 0.378906 0.171875 0.378906 0.175781 0.382812 0.183594 0.382812 0.187500 0.386719 0.187500 0.390625 0.195312 0.390625 0.195312 0.382812 0.187500 0.382812 0.183594 0.378906 0.183594 0.375000 0.167969 0.375000 0.164062 0.371094 0.128906 0.371094 0.125000 0.375000 0.105469 0.375000 0.101562 0.371094 0.101562 0.359375 0.097656 0.355469 0.097656 0.316406 0.101562 0.312500 0.121094 0.312500 0.125000 0.316406 0.140625 0.316406 0.140625 0.308594 0.136719 0.304688 0.136719 0.285156 0.144531 0.277344 0.160156 0.277344 0.164062 0.281250 0.164062 0.296875 0.175781 0.296875 0.175781 0.277344 0.167969 0.277344 0.164062 0.273438 0.164062 0.261719 0.144531 0.261719 0.140625 0.257812
1 0.277344 0.250000 0.277344 0.257812 0.285156 0.257812 0.285156 0.250000
1 0.789062 0.242188 0.789062 0.250000 0.792969 0.253906 0.792969 0.300781 0.816406 0.300781 0.820312 0.304688 0.824219 0.304688 0.828125 0.308594 0.828125 0.343750 0.832031 0.347656 0.847656 0.347656 0.847656 0.328125 0.843750 0.324219 0.843750 0.320312 0.839844 0.316406 0.839844 0.312500 0.832031 0.312500 0.828125 0.308594 0.828125 0.289062 0.824219 0.289062 0.820312 0.285156 0.820312 0.281250 0.816406 0.281250 0.812500 0.277344 0.812500 0.269531 0.808594 0.269531 0.804688 0.265625 0.804688 0.242188
1 0.500000 0.218750 0.500000 0.253906 0.507812 0.253906 0.507812 0.246094 0.511719 0.242188 0.523438 0.242188 0.523438 0.238281 0.527344 0.234375 0.554688 0.234375 0.554688 0.222656 0.546875 0.222656 0.542969 0.226562 0.515625 0.226562 0.507812 0.218750
1 0.750000 0.199219 0.750000 0.203125 0.746094 0.207031 0.746094 0.214844 0.742188 0.218750 0.742188 0.230469 0.746094 0.234375 0.753906 0.234375 0.757812 0.238281 0.777344 0.238281 0.777344 0.230469 0.769531 0.222656 0.769531 0.207031 0.765625 0.203125 0.765625 0.199219
1 0.246094 0.082031 0.246094 0.089844 0.250000 0.089844 0.253906 0.093750 0.253906 0.113281 0.250000 0.117188 0.222656 0.117188 0.218750 0.113281 0.218750 0.105469 0.214844 0.101562 0.207031 0.101562 0.207031 0.121094 0.203125 0.125000 0.195312 0.125000 0.195312 0.132812 0.191406 0.136719 0.179688 0.136719 0.175781 0.140625 0.164062 0.140625 0.156250 0.148438 0.156250 0.160156 0.152344 0.164062 0.152344 0.167969 0.148438 0.171875 0.148438 0.175781 0.144531 0.179688 0.144531 0.203125 0.148438 0.207031 0.148438 0.210938 0.171875 0.210938 0.175781 0.214844 0.175781 0.218750 0.179688 0.222656 0.207031 0.222656 0.210938 0.226562 0.222656 0.226562 0.222656 0.218750 0.226562 0.214844 0.285156 0.214844 0.285156 0.199219 0.281250 0.195312 0.269531 0.195312 0.265625 0.191406 0.250000 0.191406 0.246094 0.187500 0.246094 0.164062 0.250000 0.160156 0.257812 0.160156 0.261719 0.156250 0.273438 0.156250 0.277344 0.152344 0.281250 0.152344 0.281250 0.144531 0.277344 0.140625 0.269531 0.140625 0.265625 0.136719 0.265625 0.121094 0.269531 0.117188 0.289062 0.117188 0.289062 0.109375 0.292969 0.105469 0.312500 0.105469 0.312500 0.093750 0.308594 0.093750 0.304688 0.089844 0.296875 0.089844 0.292969 0.085938 0.261719 0.085938 0.257812 0.082031
1 0.507812 0.042969 0.507812 0.058594 0.500000 0.066406 0.500000 0.074219 0.542969 0.074219 0.546875 0.078125 0.546875 0.082031 0.554688 0.082031 0.570312 0.097656 0.570312 0.101562 0.578125 0.109375 0.578125 0.113281 0.582031 0.113281 0.585938 0.117188 0.585938 0.121094 0.589844 0.125000 0.589844 0.128906 0.593750 0.132812 0.593750 0.140625 0.601562 0.140625 0.605469 0.136719 0.609375 0.136719 0.617188 0.128906 0.617188 0.117188 0.613281 0.117188 0.609375 0.113281 0.597656 0.113281 0.593750 0.109375 0.593750 0.089844 0.589844 0.089844 0.585938 0.085938 0.582031 0.085938 0.578125 0.082031 0.578125 0.070312 0.574219 0.070312 0.566406 0.062500 0.550781 0.062500 0.546875 0.066406 0.531250 0.066406 0.527344 0.062500 0.527344 0.058594 0.523438 0.054688 0.523438 0.050781 0.519531 0.050781 0.515625 0.046875 0.515625 0.042969
1 0.371094 0.011719 0.371094 0.023438 0.363281 0.031250 0.351562 0.031250 0.347656 0.035156 0.320312 0.035156 0.320312 0.046875 0.355469 0.046875 0.359375 0.050781 0.359375 0.054688 0.375000 0.054688 0.378906 0.058594 0.378906 0.066406 0.386719 0.074219 0.386719 0.082031 0.390625 0.085938 0.398438 0.085938 0.402344 0.082031 0.402344 0.054688 0.410156 0.046875 0.425781 0.046875 0.429688 0.050781 0.429688 0.054688 0.433594 0.058594 0.453125 0.058594 0.453125 0.046875 0.425781 0.046875 0.421875 0.042969 0.421875 0.023438 0.410156 0.011719 0.402344 0.011719 0.398438 0.015625 0.382812 0.015625 0.378906 0.011719
