1 0.527344 0.890625 0.527344 0.898438 0.531250 0.898438 0.535156 0.902344 0.546875 0.902344 0.550781 0.906250 0.550781 0.914062 0.554688 0.917969 0.566406 0.917969 0.566406 0.898438 0.546875 0.898438 0.539062 0.890625
1 0.468750 0.878906 0.468750 0.894531 0.484375 0.894531 0.484375 0.878906
1 0.398438 0.871094 0.394531 0.875000 0.390625 0.875000 0.390625 0.882812 0.398438 0.882812 0.406250 0.890625 0.406250 0.894531 0.414062 0.894531 0.417969 0.890625 0.417969 0.871094
1 0.738281 0.828125 0.738281 0.835938 0.750000 0.835938 0.750000 0.828125
1 0.437500 0.773438 0.433594 0.777344 0.433594 0.785156 0.441406 0.785156 0.445312 0.781250 0.445312 0.773438
1 0.476562 0.757812 0.476562 0.769531 0.480469 0.773438 0.492188 0.773438 0.492188 0.769531 0.496094 0.765625 0.496094 0.757812
1 0.253906 0.757812 0.250000 0.761719 0.250000 0.773438 0.253906 0.777344 0.261719 0.777344 0.261719 0.757812
1 0.824219 0.742188 0.820312 0.746094 0.816406 0.746094 0.812500 0.750000 0.812500 0.757812 0.820312 0.765625 0.820312 0.769531 0.828125 0.769531 0.828125 0.765625 0.832031 0.761719 0.835938 0.761719 0.835938 0.753906 0.839844 0.750000 0.839844 0.742188
1 0.652344 0.726562 0.652344 0.734375 0.660156 0.734375 0.660156 0.726562
1 0.511719 0.722656 0.511719 0.726562 0.507812 0.730469 0.503906 0.730469 0.503906 0.746094 0.515625 0.746094 0.515625 0.738281 0.519531 0.734375 0.523438 0.734375 0.523438 0.722656
1 0.320312 0.718750 0.312500 0.726562 0.308594 0.726562 0.308594 0.765625 0.324219 0.765625 0.328125 0.769531 0.328125 0.789062 0.324219 0.792969 0.312500 0.792969 0.304688 0.800781 0.289062 0.800781 0.281250 0.792969 0.269531 0.792969 0.269531 0.800781 0.265625 0.804688 0.265625 0.816406 0.273438 0.824219 0.277344 0.824219 0.281250 0.828125 0.285156 0.828125 0.289062 0.832031 0.289062 0.835938 0.292969 0.835938 0.296875 0.839844 0.300781 0.839844 0.304688 0.843750 0.304688 0.847656 0.320312 0.847656 0.328125 0.855469 0.343750 0.855469 0.355469 0.843750 0.359375 0.843750 0.359375 0.824219 0.363281 0.820312 0.367188 0.820312 0.367188 0.796875 0.363281 0.796875 0.359375 0.792969 0.359375 0.777344 0.363281 0.773438 0.363281 0.765625 0.359375 0.761719 0.359375 0.757812 0.355469 0.753906 0.355469 0.734375 0.347656 0.726562 0.347656 0.722656 0.339844 0.722656 0.335938 0.718750
1 0.191406 0.703125 0.191406 0.714844 0.195312 0.718750 0.195312 0.726562 0.207031 0.738281 0.207031 0.742188 0.214844 0.742188 0.214844 0.718750 0.210938 0.718750 0.203125 0.710938 0.203125 0.703125
1 0.804688 0.683594 0.804688 0.691406 0.812500 0.691406 0.812500 0.683594
1 0.730469 0.683594 0.726562 0.687500 0.726562 0.695312 0.742188 0.695312 0.742188 0.683594
1 0.769531 0.664062 0.769531 0.699219 0.781250 0.699219 0.781250 0.664062
1 0.898438 0.660156 0.894531 0.664062 0.890625 0.664062 0.886719 0.667969 0.886719 0.687500 0.882812 0.691406 0.863281 0.691406 0.859375 0.687500 0.859375 0.679688 0.851562 0.679688 0.851562 0.695312 0.855469 0.699219 0.855469 0.718750 0.867188 0.718750 0.871094 0.714844 0.871094 0.710938 0.875000 0.707031 0.878906 0.707031 0.878906 0.703125 0.882812 0.699219 0.886719 0.699219 0.886719 0.683594 0.890625 0.679688 0.898438 0.679688 0.898438 0.675781 0.906250 0.667969 0.906250 0.660156
1 0.800781 0.628906 0.800781 0.636719 0.816406 0.636719 0.816406 0.628906
1 0.910156 0.605469 0.910156 0.617188 0.917969 0.617188 0.917969 0.605469
1 0.628906 0.605469 0.628906 0.613281 0.632812 0.617188 0.632812 0.625000 0.636719 0.625000 0.640625 0.628906 0.640625 0.656250 0.656250 0.656250 0.660156 0.660156 0.660156 0.683594 0.656250 0.687500 0.656250 0.699219 0.664062 0.699219 0.667969 0.703125 0.667969 0.718750 0.683594 0.718750 0.687500 0.722656 0.687500 0.726562 0.691406 0.730469 0.691406 0.750000 0.703125 0.750000 0.707031 0.746094 0.707031 0.742188 0.710938 0.738281 0.714844 0.738281 0.714844 0.734375 0.722656 0.726562 0.722656 0.718750 0.679688 0.718750 0.675781 0.714844 0.675781 0.695312 0.683594 0.687500 0.683594 0.671875 0.687500 0.667969 0.687500 0.656250 0.691406 0.652344 0.691406 0.648438 0.695312 0.644531 0.695312 0.636719 0.687500 0.636719 0.687500 0.640625 0.679688 0.648438 0.664062 0.648438 0.656250 0.640625 0.656250 0.632812 0.644531 0.632812 0.640625 0.628906 0.640625 0.605469
1 0.476562 0.601562 0.472656 0.605469 0.460938 0.605469 0.457031 0.609375 0.445312 0.609375 0.445312 0.613281 0.441406 0.617188 0.437500 0.617188 0.433594 0.621094 0.433594 0.628906 0.425781 0.636719 0.406250 0.636719 0.402344 0.632812 0.402344 0.628906 0.398438 0.628906 0.390625 0.621094 0.386719 0.621094 0.382812 0.617188 0.382812 0.613281 0.375000 0.613281 0.371094 0.609375 0.371094 0.605469 0.363281 0.605469 0.363281 0.625000 0.359375 0.628906 0.359375 0.636719 0.402344 0.636719 0.406250 0.640625 0.406250 0.652344 0.425781 0.652344 0.429688 0.656250 0.429688 0.675781 0.417969 0.687500 0.417969 0.695312 0.421875 0.695312 0.425781 0.699219 0.425781 0.703125 0.429688 0.703125 0.433594 0.707031 0.433594 0.726562 0.441406 0.726562 0.441406 0.718750 0.437500 0.718750 0.433594 0.714844 0.433594 0.699219 0.437500 0.695312 0.437500 0.683594 0.441406 0.679688 0.441406 0.675781 0.445312 0.671875 0.460938 0.671875 0.464844 0.675781 0.468750 0.675781 0.472656 0.679688 0.472656 0.687500 0.480469 0.687500 0.484375 0.683594 0.484375 0.656250 0.480469 0.656250 0.472656 0.648438 0.472656 0.632812 0.476562 0.628906 0.480469 0.628906 0.484375 0.625000 0.484375 0.601562
1 0.441406 0.558594 0.441406 0.566406 0.437500 0.570312 0.437500 0.582031 0.449219 0.582031 0.449219 0.558594
1 0.906250 0.542969 0.906250 0.574219 0.917969 0.574219 0.917969 0.554688 0.914062 0.550781 0.914062 0.542969
1 0.117188 0.519531 0.113281 0.523438 0.113281 0.531250 0.109375 0.535156 0.093750 0.535156 0.093750 0.542969 0.097656 0.546875 0.097656 0.550781 0.105469 0.558594 0.105469 0.562500 0.109375 0.566406 0.121094 0.566406 0.121094 0.554688 0.125000 0.550781 0.125000 0.542969 0.128906 0.539062 0.128906 0.535156 0.132812 0.531250 0.132812 0.523438 0.128906 0.519531
1 0.808594 0.515625 0.808594 0.523438 0.820312 0.523438 0.820312 0.515625
1 0.175781 0.488281 0.171875 0.492188 0.167969 0.492188 0.167969 0.500000 0.179688 0.500000 0.183594 0.496094 0.183594 0.488281
1 0.105469 0.289062 0.105469 0.296875 0.101562 0.300781 0.101562 0.320312 0.097656 0.324219 0.097656 0.332031 0.093750 0.335938 0.089844 0.335938 0.089844 0.343750 0.093750 0.343750 0.097656 0.347656 0.101562 0.347656 0.105469 0.351562 0.105469 0.367188 0.101562 0.371094 0.101562 0.390625 0.097656 0.394531 0.097656 0.414062 0.101562 0.417969 0.101562 0.421875 0.109375 0.421875 0.109375 0.386719 0.117188 0.378906 0.121094 0.378906 0.121094 0.371094 0.125000 0.367188 0.156250 0.367188 0.156250 0.359375 0.152344 0.359375 0.136719 0.343750 0.136719 0.339844 0.117188 0.339844 0.113281 0.335938 0.113281 0.289062
1 0.542969 0.218750 0.542969 0.222656 0.539062 0.226562 0.539062 0.238281 0.546875 0.246094 0.546875 0.250000 0.562500 0.250000 0.566406 0.253906 0.566406 0.261719 0.574219 0.261719 0.574219 0.246094 0.578125 0.242188 0.578125 0.234375 0.566406 0.222656 0.566406 0.218750
1 0.457031 0.125000 0.457031 0.140625 0.453125 0.144531 0.437500 0.144531 0.429688 0.152344 0.429688 0.167969 0.433594 0.171875 0.433594 0.175781 0.437500 0.179688 0.445312 0.179688 0.449219 0.183594 0.449219 0.191406 0.453125 0.195312 0.453125 0.210938 0.457031 0.214844 0.457031 0.222656 0.460938 0.226562 0.460938 0.230469 0.464844 0.234375 0.464844 0.269531 0.460938 0.273438 0.460938 0.281250 0.464844 0.285156 0.464844 0.312500 0.460938 0.316406 0.445312 0.316406 0.445312 0.324219 0.437500 0.332031 0.429688 0.332031 0.425781 0.335938 0.406250 0.335938 0.406250 0.343750 0.402344 0.347656 0.363281 0.347656 0.359375 0.343750 0.347656 0.343750 0.339844 0.335938 0.339844 0.332031 0.335938 0.328125 0.332031 0.328125 0.328125 0.324219 0.308594 0.324219 0.304688 0.320312 0.304688 0.296875 0.312500 0.289062 0.316406 0.289062 0.320312 0.285156 0.324219 0.285156 0.324219 0.281250 0.335938 0.269531 0.335938 0.253906 0.332031 0.250000 0.332031 0.242188 0.312500 0.242188 0.308594 0.238281 0.308594 0.230469 0.300781 0.230469 0.300781 0.265625 0.296875 0.269531 0.292969 0.269531 0.292969 0.273438 0.285156 0.281250 0.285156 0.285156 0.277344 0.292969 0.257812 0.292969 0.250000 0.285156 0.250000 0.277344 0.246094 0.277344 0.242188 0.273438 0.242188 0.269531 0.238281 0.265625 0.226562 0.265625 0.214844 0.277344 0.207031 0.277344 0.203125 0.281250 0.203125 0.289062 0.207031 0.292969 0.207031 0.312500 0.210938 0.316406 0.210938 0.324219 0.214844 0.324219 0.218750 0.328125 0.218750 0.347656 0.222656 0.347656 0.226562 0.351562 0.226562 0.367188 0.222656 0.371094 0.195312 0.371094 0.195312 0.375000 0.191406 0.378906 0.171875 0.378906 0.171875 0.386719 0.164062 0.394531 0.160156 0.394531 0.160156 0.406250 0.167969 0.406250 0.171875 0.410156 0.171875 0.414062 0.175781 0.417969 0.175781 0.425781 0.179688 0.425781 0.183594 0.429688 0.195312 0.429688 0.203125 0.437500 0.203125 0.457031 0.199219 0.460938 0.199219 0.468750 0.207031 0.468750 0.210938 0.472656 0.210938 0.488281 0.218750 0.488281 0.222656 0.492188 0.222656 0.519531 0.230469 0.527344 0.230469 0.531250 0.234375 0.535156 0.234375 0.542969 0.238281 0.542969 0.242188 0.546875 0.242188 0.578125 0.257812 0.578125 0.261719 0.574219 0.265625 0.574219 0.273438 0.566406 0.292969 0.566406 0.296875 0.570312 0.304688 0.570312 0.308594 0.574219 0.308594 0.578125 0.320312 0.578125 0.324219 0.582031 0.324219 0.589844 0.332031 0.597656 0.359375 0.597656 0.359375 0.578125 0.363281 0.574219 0.363281 0.562500 0.367188 0.558594 0.367188 0.542969 0.371094 0.539062 0.394531 0.539062 0.394531 0.531250 0.382812 0.531250 0.378906 0.527344 0.378906 0.511719 0.371094 0.511719 0.363281 0.503906 0.363281 0.488281 0.367188 0.484375 0.367188 0.476562 0.371094 0.472656 0.402344 0.472656 0.406250 0.468750 0.410156 0.468750 0.410156 0.464844 0.414062 0.460938 0.414062 0.445312 0.410156 0.445312 0.406250 0.441406 0.402344 0.441406 0.398438 0.437500 0.398438 0.417969 0.402344 0.414062 0.417969 0.414062 0.421875 0.417969 0.421875 0.421875 0.429688 0.421875 0.429688 0.414062 0.417969 0.414062 0.414062 0.410156 0.414062 0.394531 0.417969 0.390625 0.421875 0.390625 0.421875 0.382812 0.414062 0.375000 0.414062 0.359375 0.417969 0.355469 0.429688 0.355469 0.429688 0.351562 0.433594 0.347656 0.449219 0.347656 0.457031 0.355469 0.468750 0.355469 0.476562 0.363281 0.480469 0.363281 0.484375 0.367188 0.484375 0.410156 0.476562 0.417969 0.476562 0.429688 0.484375 0.429688 0.492188 0.437500 0.492188 0.457031 0.484375 0.464844 0.484375 0.472656 0.492188 0.472656 0.496094 0.476562 0.496094 0.500000 0.492188 0.503906 0.484375 0.503906 0.484375 0.550781 0.511719 0.550781 0.515625 0.554688 0.515625 0.574219 0.519531 0.578125 0.519531 0.582031 0.523438 0.585938 0.523438 0.601562 0.527344 0.605469 0.527344 0.609375 0.531250 0.613281 0.531250 0.640625 0.535156 0.644531 0.535156 0.648438 0.539062 0.652344 0.539062 0.675781 0.542969 0.679688 0.542969 0.703125 0.546875 0.707031 0.546875 0.738281 0.550781 0.742188 0.550781 0.750000 0.554688 0.753906 0.554688 0.761719 0.558594 0.765625 0.558594 0.773438 0.562500 0.773438 0.566406 0.777344 0.566406 0.785156 0.570312 0.785156 0.574219 0.789062 0.574219 0.804688 0.578125 0.808594 0.578125 0.828125 0.574219 0.832031 0.570312 0.832031 0.570312 0.839844 0.578125 0.847656 0.578125 0.867188 0.570312 0.875000 0.570312 0.890625 0.597656 0.890625 0.601562 0.894531 0.601562 0.921875 0.597656 0.925781 0.585938 0.925781 0.585938 0.933594 0.601562 0.949219 0.613281 0.949219 0.617188 0.953125 0.628906 0.953125 0.628906 0.929688 0.632812 0.925781 0.636719 0.925781 0.636719 0.921875 0.640625 0.917969 0.644531 0.917969 0.644531 0.906250 0.648438 0.902344 0.656250 0.902344 0.660156 0.898438 0.664062 0.898438 0.667969 0.894531 0.671875 0.894531 0.675781 0.890625 0.679688 0.890625 0.687500 0.882812 0.695312 0.882812 0.699219 0.878906 0.703125 0.878906 0.703125 0.871094 0.707031 0.867188 0.707031 0.863281 0.710938 0.859375 0.710938 0.851562 0.679688 0.851562 0.679688 0.855469 0.675781 0.859375 0.667969 0.859375 0.667969 0.863281 0.664062 0.867188 0.660156 0.867188 0.652344 0.875000 0.652344 0.882812 0.648438 0.886719 0.632812 0.886719 0.628906 0.882812 0.628906 0.832031 0.632812 0.828125 0.644531 0.828125 0.644531 0.824219 0.648438 0.820312 0.664062 0.820312 0.667969 0.816406 0.667969 0.808594 0.671875 0.804688 0.679688 0.804688 0.683594 0.800781 0.683594 0.757812 0.652344 0.757812 0.648438 0.753906 0.648438 0.742188 0.640625 0.742188 0.632812 0.750000 0.632812 0.765625 0.640625 0.765625 0.644531 0.761719 0.660156 0.761719 0.664062 0.765625 0.664062 0.769531 0.667969 0.773438 0.667969 0.796875 0.664062 0.800781 0.644531 0.800781 0.640625 0.804688 0.632812 0.804688 0.632812 0.816406 0.625000 0.824219 0.609375 0.824219 0.605469 0.820312 0.593750 0.820312 0.589844 0.816406 0.589844 0.800781 0.585938 0.796875 0.585938 0.785156 0.582031 0.781250 0.582031 0.773438 0.578125 0.769531 0.578125 0.761719 0.574219 0.757812 0.574219 0.753906 0.570312 0.750000 0.570312 0.746094 0.566406 0.742188 0.566406 0.734375 0.562500 0.730469 0.562500 0.718750 0.558594 0.714844 0.558594 0.683594 0.554688 0.679688 0.554688 0.675781 0.550781 0.671875 0.550781 0.664062 0.546875 0.660156 0.546875 0.648438 0.542969 0.644531 0.542969 0.632812 0.539062 0.628906 0.539062 0.605469 0.535156 0.601562 0.535156 0.597656 0.531250 0.593750 0.531250 0.578125 0.527344 0.574219 0.527344 0.558594 0.523438 0.554688 0.523438 0.546875 0.519531 0.542969 0.519531 0.519531 0.511719 0.511719 0.511719 0.496094 0.507812 0.492188 0.507812 0.472656 0.503906 0.468750 0.503906 0.445312 0.500000 0.441406 0.500000 0.421875 0.496094 0.417969 0.496094 0.402344 0.500000 0.398438 0.500000 0.382812 0.503906 0.378906 0.503906 0.367188 0.500000 0.363281 0.500000 0.332031 0.492188 0.324219 0.492188 0.316406 0.488281 0.316406 0.484375 0.312500 0.484375 0.250000 0.488281 0.246094 0.500000 0.246094 0.500000 0.242188 0.503906 0.238281 0.507812 0.238281 0.507812 0.230469 0.503906 0.230469 0.492188 0.218750 0.488281 0.218750 0.480469 0.210938 0.476562 0.210938 0.472656 0.207031 0.472656 0.195312 0.468750 0.191406 0.468750 0.187500 0.464844 0.183594 0.464844 0.179688 0.460938 0.175781 0.460938 0.171875 0.457031 0.167969 0.457031 0.136719 0.460938 0.132812 0.468750 0.132812 0.468750 0.125000
1 0.281250 0.125000 0.273438 0.132812 0.273438 0.144531 0.300781 0.144531 0.304688 0.148438 0.328125 0.148438 0.328125 0.140625 0.324219 0.136719 0.324219 0.132812 0.316406 0.132812 0.312500 0.128906 0.300781 0.128906 0.296875 0.125000
1 0.683594 0.121094 0.683594 0.136719 0.679688 0.140625 0.679688 0.160156 0.675781 0.164062 0.675781 0.167969 0.671875 0.171875 0.652344 0.171875 0.652344 0.175781 0.648438 0.179688 0.648438 0.187500 0.644531 0.191406 0.644531 0.203125 0.664062 0.203125 0.675781 0.214844 0.675781 0.234375 0.683594 0.242188 0.683594 0.261719 0.679688 0.265625 0.675781 0.265625 0.675781 0.269531 0.671875 0.273438 0.671875 0.281250 0.679688 0.281250 0.683594 0.285156 0.683594 0.292969 0.691406 0.292969 0.695312 0.296875 0.695312 0.320312 0.691406 0.324219 0.683594 0.324219 0.683594 0.335938 0.679688 0.339844 0.675781 0.339844 0.675781 0.343750 0.671875 0.347656 0.667969 0.347656 0.664062 0.351562 0.660156 0.351562 0.660156 0.363281 0.656250 0.367188 0.656250 0.375000 0.652344 0.378906 0.652344 0.382812 0.644531 0.390625 0.632812 0.390625 0.632812 0.398438 0.628906 0.402344 0.628906 0.406250 0.621094 0.414062 0.605469 0.414062 0.605469 0.417969 0.601562 0.421875 0.589844 0.421875 0.589844 0.441406 0.593750 0.445312 0.593750 0.449219 0.597656 0.453125 0.597656 0.460938 0.605469 0.460938 0.609375 0.457031 0.617188 0.457031 0.621094 0.453125 0.644531 0.453125 0.648438 0.449219 0.667969 0.449219 0.671875 0.453125 0.671875 0.484375 0.667969 0.488281 0.656250 0.488281 0.652344 0.492188 0.644531 0.492188 0.644531 0.500000 0.648438 0.503906 0.648438 0.507812 0.656250 0.507812 0.660156 0.511719 0.660156 0.527344 0.664062 0.531250 0.664062 0.546875 0.667969 0.550781 0.687500 0.550781 0.691406 0.554688 0.691406 0.570312 0.703125 0.570312 0.707031 0.574219 0.707031 0.593750 0.710938 0.597656 0.710938 0.601562 0.718750 0.601562 0.722656 0.597656 0.726562 0.597656 0.726562 0.593750 0.730469 0.589844 0.734375 0.589844 0.734375 0.585938 0.738281 0.582031 0.738281 0.574219 0.742188 0.570312 0.742188 0.562500 0.746094 0.558594 0.746094 0.550781 0.750000 0.546875 0.750000 0.535156 0.753906 0.531250 0.757812 0.531250 0.757812 0.519531 0.753906 0.519531 0.750000 0.515625 0.746094 0.515625 0.742188 0.511719 0.742188 0.492188 0.753906 0.480469 0.761719 0.480469 0.769531 0.472656 0.796875 0.472656 0.800781 0.476562 0.800781 0.488281 0.804688 0.492188 0.812500 0.492188 0.812500 0.480469 0.816406 0.476562 0.824219 0.476562 0.828125 0.472656 0.828125 0.460938 0.824219 0.460938 0.820312 0.457031 0.820312 0.437500 0.832031 0.425781 0.835938 0.425781 0.835938 0.421875 0.843750 0.414062 0.863281 0.414062 0.871094 0.421875 0.871094 0.425781 0.875000 0.425781 0.886719 0.437500 0.886719 0.445312 0.890625 0.449219 0.890625 0.457031 0.894531 0.457031 0.898438 0.460938 0.898438 0.484375 0.902344 0.488281 0.902344 0.515625 0.914062 0.515625 0.914062 0.507812 0.917969 0.503906 0.917969 0.496094 0.914062 0.492188 0.910156 0.492188 0.906250 0.488281 0.906250 0.464844 0.902344 0.464844 0.898438 0.460938 0.898438 0.437500 0.890625 0.429688 0.890625 0.414062 0.886719 0.410156 0.882812 0.410156 0.875000 0.402344 0.875000 0.398438 0.855469 0.398438 0.851562 0.394531 0.851562 0.378906 0.859375 0.371094 0.863281 0.371094 0.867188 0.367188 0.875000 0.367188 0.875000 0.343750 0.871094 0.339844 0.871094 0.332031 0.867188 0.328125 0.867188 0.289062 0.863281 0.285156 0.863281 0.281250 0.855469 0.273438 0.851562 0.273438 0.847656 0.269531 0.847656 0.257812 0.843750 0.253906 0.839844 0.253906 0.835938 0.250000 0.835938 0.234375 0.832031 0.230469 0.828125 0.230469 0.820312 0.222656 0.820312 0.210938 0.816406 0.207031 0.816406 0.203125 0.812500 0.199219 0.804688 0.199219 0.796875 0.191406 0.796875 0.179688 0.792969 0.179688 0.789062 0.175781 0.789062 0.171875 0.785156 0.171875 0.781250 0.167969 0.781250 0.164062 0.773438 0.164062 0.769531 0.160156 0.761719 0.160156 0.757812 0.156250 0.753906 0.156250 0.750000 0.152344 0.746094 0.152344 0.734375 0.140625 0.730469 0.140625 0.726562 0.136719 0.722656 0.136719 0.710938 0.125000 0.707031 0.125000 0.703125 0.121094
1 0.371094 0.121094 0.367188 0.125000 0.359375 0.125000 0.355469 0.128906 0.355469 0.156250 0.367188 0.156250 0.371094 0.160156 0.371094 0.171875 0.390625 0.171875 0.390625 0.164062 0.394531 0.160156 0.394531 0.140625 0.398438 0.136719 0.398438 0.128906 0.394531 0.125000 0.390625 0.125000 0.386719 0.121094
1 0.648438 0.097656 0.648438 0.105469 0.656250 0.105469 0.656250 0.097656
1 0.511719 0.062500 0.503906 0.070312 0.503906 0.074219 0.500000 0.078125 0.500000 0.089844 0.503906 0.093750 0.503906 0.097656 0.519531 0.097656 0.519531 0.082031 0.523438 0.078125 0.539062 0.078125 0.542969 0.074219 0.566406 0.074219 0.566406 0.066406 0.562500 0.066406 0.558594 0.062500
