1 0.265625 0.804688 0.265625 0.812500 0.273438 0.820312 0.281250 0.820312 0.281250 0.812500 0.273438 0.804688
1 0.710938 0.746094 0.710938 0.750000 0.707031 0.753906 0.707031 0.765625 0.695312 0.777344 0.691406 0.777344 0.691406 0.792969 0.734375 0.792969 0.738281 0.789062 0.777344 0.789062 0.781250 0.785156 0.785156 0.785156 0.785156 0.777344 0.769531 0.777344 0.761719 0.769531 0.761719 0.765625 0.753906 0.765625 0.750000 0.769531 0.730469 0.769531 0.726562 0.765625 0.726562 0.761719 0.722656 0.757812 0.722656 0.746094
1 0.207031 0.738281 0.207031 0.746094 0.214844 0.746094 0.218750 0.750000 0.218750 0.765625 0.226562 0.773438 0.238281 0.773438 0.238281 0.769531 0.242188 0.765625 0.242188 0.753906 0.238281 0.753906 0.230469 0.746094 0.222656 0.746094 0.218750 0.742188 0.218750 0.738281
1 0.156250 0.675781 0.156250 0.683594 0.160156 0.687500 0.160156 0.699219 0.167969 0.707031 0.167969 0.710938 0.171875 0.714844 0.171875 0.718750 0.175781 0.722656 0.183594 0.722656 0.187500 0.726562 0.187500 0.734375 0.199219 0.734375 0.199219 0.722656 0.191406 0.722656 0.187500 0.718750 0.187500 0.683594 0.167969 0.683594 0.164062 0.679688 0.164062 0.675781
1 0.886719 0.644531 0.886719 0.652344 0.894531 0.652344 0.894531 0.644531
1 0.941406 0.640625 0.941406 0.660156 0.937500 0.664062 0.929688 0.664062 0.929688 0.671875 0.921875 0.679688 0.921875 0.687500 0.917969 0.691406 0.917969 0.699219 0.929688 0.699219 0.933594 0.695312 0.933594 0.691406 0.937500 0.687500 0.941406 0.687500 0.941406 0.683594 0.949219 0.675781 0.949219 0.660156 0.953125 0.656250 0.953125 0.648438 0.949219 0.644531 0.949219 0.640625
1 0.136719 0.625000 0.136719 0.632812 0.140625 0.636719 0.140625 0.652344 0.156250 0.652344 0.156250 0.640625 0.152344 0.636719 0.148438 0.636719 0.144531 0.632812 0.144531 0.625000
1 0.816406 0.621094 0.816406 0.625000 0.808594 0.632812 0.808594 0.636719 0.804688 0.640625 0.800781 0.640625 0.800781 0.656250 0.796875 0.660156 0.796875 0.667969 0.792969 0.671875 0.785156 0.671875 0.777344 0.679688 0.777344 0.691406 0.781250 0.691406 0.785156 0.695312 0.785156 0.699219 0.792969 0.699219 0.796875 0.695312 0.812500 0.695312 0.816406 0.699219 0.816406 0.703125 0.820312 0.707031 0.843750 0.707031 0.851562 0.714844 0.851562 0.726562 0.867188 0.726562 0.871094 0.730469 0.882812 0.730469 0.882812 0.722656 0.867188 0.722656 0.863281 0.718750 0.863281 0.687500 0.855469 0.687500 0.851562 0.683594 0.851562 0.648438 0.855469 0.644531 0.855469 0.628906 0.847656 0.621094
1 0.898438 0.558594 0.898438 0.562500 0.894531 0.566406 0.886719 0.566406 0.882812 0.570312 0.878906 0.570312 0.878906 0.593750 0.882812 0.593750 0.886719 0.597656 0.886719 0.605469 0.921875 0.605469 0.925781 0.609375 0.925781 0.613281 0.933594 0.613281 0.933594 0.605469 0.929688 0.605469 0.925781 0.601562 0.925781 0.589844 0.921875 0.585938 0.921875 0.582031 0.917969 0.582031 0.914062 0.578125 0.910156 0.578125 0.906250 0.574219 0.906250 0.558594
1 0.148438 0.523438 0.148438 0.531250 0.156250 0.531250 0.156250 0.523438
1 0.074219 0.445312 0.074219 0.488281 0.078125 0.492188 0.078125 0.515625 0.082031 0.519531 0.089844 0.519531 0.089844 0.503906 0.093750 0.500000 0.093750 0.488281 0.097656 0.484375 0.097656 0.468750 0.089844 0.460938 0.089844 0.449219 0.085938 0.445312
1 0.488281 0.339844 0.488281 0.351562 0.496094 0.351562 0.496094 0.339844
1 0.671875 0.289062 0.671875 0.292969 0.664062 0.300781 0.660156 0.300781 0.660156 0.324219 0.675781 0.324219 0.679688 0.328125 0.679688 0.351562 0.687500 0.351562 0.687500 0.324219 0.691406 0.320312 0.699219 0.320312 0.699219 0.308594 0.695312 0.308594 0.691406 0.304688 0.691406 0.296875 0.683594 0.289062
1 0.183594 0.289062 0.183594 0.296875 0.179688 0.300781 0.179688 0.304688 0.175781 0.308594 0.171875 0.308594 0.167969 0.312500 0.167969 0.320312 0.175781 0.328125 0.183594 0.328125 0.183594 0.320312 0.187500 0.316406 0.187500 0.308594 0.191406 0.304688 0.195312 0.304688 0.203125 0.296875 0.203125 0.289062
1 0.410156 0.253906 0.410156 0.257812 0.406250 0.261719 0.406250 0.273438 0.402344 0.277344 0.394531 0.277344 0.394531 0.289062 0.390625 0.292969 0.378906 0.292969 0.378906 0.296875 0.371094 0.304688 0.367188 0.304688 0.367188 0.328125 0.355469 0.339844 0.355469 0.343750 0.351562 0.347656 0.351562 0.367188 0.347656 0.371094 0.339844 0.371094 0.339844 0.378906 0.335938 0.382812 0.304688 0.382812 0.300781 0.378906 0.300781 0.355469 0.292969 0.355469 0.289062 0.351562 0.281250 0.351562 0.277344 0.355469 0.277344 0.359375 0.273438 0.363281 0.253906 0.363281 0.250000 0.359375 0.238281 0.359375 0.238281 0.371094 0.246094 0.371094 0.253906 0.378906 0.253906 0.382812 0.269531 0.382812 0.273438 0.386719 0.273438 0.390625 0.289062 0.390625 0.292969 0.394531 0.292969 0.429688 0.289062 0.433594 0.261719 0.433594 0.257812 0.429688 0.257812 0.425781 0.234375 0.425781 0.230469 0.421875 0.230469 0.406250 0.226562 0.402344 0.218750 0.402344 0.214844 0.398438 0.214844 0.390625 0.210938 0.386719 0.210938 0.375000 0.207031 0.371094 0.207031 0.359375 0.195312 0.359375 0.195312 0.367188 0.191406 0.371094 0.187500 0.371094 0.187500 0.406250 0.183594 0.410156 0.183594 0.417969 0.187500 0.421875 0.187500 0.464844 0.183594 0.468750 0.171875 0.468750 0.164062 0.476562 0.164062 0.484375 0.171875 0.492188 0.171875 0.496094 0.175781 0.500000 0.175781 0.503906 0.191406 0.503906 0.195312 0.507812 0.195312 0.515625 0.218750 0.515625 0.222656 0.519531 0.222656 0.535156 0.218750 0.539062 0.203125 0.539062 0.199219 0.542969 0.199219 0.558594 0.195312 0.562500 0.179688 0.562500 0.175781 0.558594 0.175781 0.542969 0.160156 0.542969 0.160156 0.554688 0.164062 0.554688 0.167969 0.558594 0.167969 0.574219 0.171875 0.574219 0.175781 0.578125 0.175781 0.582031 0.179688 0.582031 0.183594 0.585938 0.183594 0.605469 0.179688 0.609375 0.179688 0.621094 0.187500 0.621094 0.195312 0.628906 0.195312 0.640625 0.199219 0.644531 0.207031 0.644531 0.207031 0.640625 0.210938 0.636719 0.218750 0.636719 0.222656 0.632812 0.253906 0.632812 0.261719 0.640625 0.261719 0.656250 0.257812 0.660156 0.257812 0.675781 0.253906 0.679688 0.250000 0.679688 0.250000 0.683594 0.246094 0.687500 0.226562 0.687500 0.218750 0.695312 0.218750 0.707031 0.222656 0.710938 0.222656 0.718750 0.230469 0.718750 0.230469 0.714844 0.234375 0.710938 0.250000 0.710938 0.261719 0.722656 0.281250 0.722656 0.285156 0.718750 0.289062 0.718750 0.292969 0.714844 0.292969 0.691406 0.296875 0.687500 0.320312 0.687500 0.324219 0.683594 0.324219 0.675781 0.320312 0.671875 0.320312 0.664062 0.312500 0.664062 0.308594 0.660156 0.308594 0.621094 0.312500 0.617188 0.332031 0.617188 0.335938 0.621094 0.343750 0.621094 0.347656 0.625000 0.351562 0.625000 0.355469 0.628906 0.363281 0.628906 0.367188 0.632812 0.367188 0.656250 0.378906 0.656250 0.382812 0.660156 0.394531 0.660156 0.398438 0.656250 0.441406 0.656250 0.445312 0.660156 0.445312 0.675781 0.441406 0.679688 0.410156 0.679688 0.410156 0.699219 0.402344 0.707031 0.402344 0.718750 0.398438 0.722656 0.398438 0.757812 0.402344 0.761719 0.425781 0.761719 0.429688 0.765625 0.429688 0.769531 0.437500 0.777344 0.437500 0.796875 0.433594 0.800781 0.433594 0.812500 0.429688 0.816406 0.425781 0.816406 0.421875 0.820312 0.402344 0.820312 0.398438 0.816406 0.398438 0.812500 0.394531 0.808594 0.375000 0.808594 0.371094 0.804688 0.371094 0.765625 0.363281 0.765625 0.363281 0.785156 0.355469 0.792969 0.355469 0.800781 0.351562 0.804688 0.347656 0.804688 0.347656 0.824219 0.343750 0.828125 0.328125 0.828125 0.324219 0.824219 0.296875 0.824219 0.296875 0.832031 0.316406 0.832031 0.320312 0.835938 0.320312 0.847656 0.335938 0.847656 0.339844 0.851562 0.339844 0.859375 0.359375 0.859375 0.363281 0.863281 0.367188 0.863281 0.371094 0.867188 0.375000 0.867188 0.378906 0.871094 0.398438 0.871094 0.402344 0.875000 0.410156 0.875000 0.414062 0.871094 0.429688 0.871094 0.433594 0.875000 0.433594 0.882812 0.449219 0.882812 0.453125 0.886719 0.460938 0.886719 0.464844 0.890625 0.468750 0.890625 0.472656 0.894531 0.511719 0.894531 0.515625 0.890625 0.519531 0.890625 0.527344 0.882812 0.535156 0.882812 0.539062 0.878906 0.546875 0.878906 0.546875 0.863281 0.550781 0.859375 0.550781 0.843750 0.542969 0.843750 0.542969 0.867188 0.539062 0.871094 0.527344 0.871094 0.523438 0.875000 0.511719 0.875000 0.507812 0.878906 0.503906 0.878906 0.500000 0.882812 0.480469 0.882812 0.476562 0.878906 0.472656 0.878906 0.460938 0.867188 0.460938 0.851562 0.464844 0.847656 0.472656 0.847656 0.476562 0.843750 0.480469 0.843750 0.480469 0.824219 0.472656 0.824219 0.464844 0.816406 0.464844 0.808594 0.460938 0.804688 0.460938 0.757812 0.464844 0.753906 0.484375 0.753906 0.488281 0.750000 0.503906 0.750000 0.507812 0.753906 0.507812 0.765625 0.511719 0.769531 0.519531 0.769531 0.519531 0.738281 0.523438 0.734375 0.531250 0.734375 0.535156 0.730469 0.554688 0.730469 0.554688 0.703125 0.558594 0.699219 0.558594 0.691406 0.562500 0.687500 0.566406 0.687500 0.570312 0.683594 0.589844 0.683594 0.593750 0.687500 0.597656 0.687500 0.601562 0.691406 0.609375 0.691406 0.609375 0.687500 0.613281 0.683594 0.617188 0.683594 0.621094 0.679688 0.644531 0.679688 0.648438 0.683594 0.648438 0.695312 0.652344 0.699219 0.652344 0.722656 0.660156 0.722656 0.660156 0.714844 0.664062 0.710938 0.691406 0.710938 0.695312 0.714844 0.714844 0.714844 0.714844 0.710938 0.722656 0.703125 0.742188 0.703125 0.742188 0.687500 0.738281 0.683594 0.738281 0.652344 0.718750 0.652344 0.718750 0.664062 0.714844 0.667969 0.695312 0.667969 0.691406 0.664062 0.675781 0.664062 0.671875 0.660156 0.671875 0.652344 0.648438 0.652344 0.644531 0.648438 0.644531 0.644531 0.628906 0.628906 0.628906 0.625000 0.625000 0.621094 0.621094 0.621094 0.617188 0.617188 0.617188 0.601562 0.625000 0.593750 0.628906 0.593750 0.632812 0.589844 0.636719 0.589844 0.636719 0.574219 0.640625 0.570312 0.679688 0.570312 0.683594 0.574219 0.699219 0.574219 0.699219 0.566406 0.683594 0.566406 0.675781 0.558594 0.675781 0.539062 0.660156 0.539062 0.660156 0.546875 0.656250 0.550781 0.636719 0.550781 0.632812 0.546875 0.628906 0.546875 0.621094 0.539062 0.613281 0.539062 0.609375 0.535156 0.601562 0.535156 0.597656 0.531250 0.589844 0.531250 0.585938 0.527344 0.578125 0.527344 0.574219 0.523438 0.566406 0.523438 0.562500 0.519531 0.558594 0.519531 0.550781 0.511719 0.550781 0.496094 0.554688 0.492188 0.566406 0.492188 0.566406 0.468750 0.570312 0.464844 0.574219 0.464844 0.574219 0.453125 0.570312 0.449219 0.570312 0.429688 0.574219 0.425781 0.589844 0.425781 0.593750 0.421875 0.593750 0.410156 0.597656 0.406250 0.613281 0.406250 0.617188 0.410156 0.617188 0.414062 0.636719 0.414062 0.640625 0.417969 0.640625 0.429688 0.644531 0.429688 0.648438 0.433594 0.656250 0.433594 0.660156 0.437500 0.660156 0.445312 0.664062 0.449219 0.664062 0.453125 0.675781 0.453125 0.679688 0.457031 0.699219 0.457031 0.703125 0.460938 0.703125 0.476562 0.699219 0.480469 0.699219 0.492188 0.695312 0.496094 0.695312 0.503906 0.699219 0.503906 0.707031 0.511719 0.707031 0.519531 0.714844 0.519531 0.718750 0.515625 0.726562 0.515625 0.730469 0.511719 0.730469 0.496094 0.734375 0.492188 0.757812 0.492188 0.761719 0.496094 0.761719 0.500000 0.773438 0.500000 0.777344 0.503906 0.777344 0.515625 0.781250 0.519531 0.781250 0.539062 0.789062 0.539062 0.792969 0.542969 0.792969 0.546875 0.796875 0.550781 0.800781 0.550781 0.804688 0.554688 0.804688 0.558594 0.824219 0.558594 0.828125 0.562500 0.828125 0.574219 0.843750 0.574219 0.847656 0.570312 0.847656 0.566406 0.855469 0.558594 0.855469 0.550781 0.847656 0.550781 0.839844 0.542969 0.839844 0.539062 0.835938 0.539062 0.832031 0.535156 0.832031 0.519531 0.824219 0.519531 0.824219 0.523438 0.820312 0.527344 0.800781 0.527344 0.796875 0.523438 0.796875 0.503906 0.800781 0.500000 0.800781 0.484375 0.796875 0.480469 0.792969 0.480469 0.789062 0.476562 0.781250 0.476562 0.777344 0.472656 0.777344 0.468750 0.773438 0.464844 0.761719 0.464844 0.757812 0.460938 0.757812 0.441406 0.761719 0.437500 0.761719 0.429688 0.757812 0.425781 0.757812 0.398438 0.750000 0.398438 0.750000 0.410156 0.746094 0.414062 0.726562 0.414062 0.722656 0.410156 0.722656 0.390625 0.726562 0.386719 0.742188 0.386719 0.742188 0.367188 0.699219 0.367188 0.699219 0.390625 0.707031 0.398438 0.707031 0.414062 0.703125 0.417969 0.667969 0.417969 0.664062 0.414062 0.664062 0.402344 0.660156 0.402344 0.656250 0.398438 0.656250 0.394531 0.652344 0.394531 0.648438 0.390625 0.648438 0.335938 0.636719 0.335938 0.628906 0.328125 0.628906 0.324219 0.617188 0.324219 0.617188 0.328125 0.613281 0.332031 0.597656 0.332031 0.593750 0.328125 0.593750 0.324219 0.589844 0.320312 0.582031 0.320312 0.578125 0.316406 0.578125 0.308594 0.574219 0.304688 0.574219 0.281250 0.562500 0.281250 0.562500 0.292969 0.566406 0.296875 0.566406 0.312500 0.570312 0.316406 0.578125 0.316406 0.582031 0.320312 0.582031 0.332031 0.589844 0.332031 0.593750 0.335938 0.593750 0.375000 0.589844 0.378906 0.585938 0.378906 0.582031 0.382812 0.554688 0.382812 0.546875 0.375000 0.542969 0.375000 0.539062 0.371094 0.539062 0.359375 0.500000 0.359375 0.500000 0.371094 0.496094 0.375000 0.496094 0.378906 0.492188 0.382812 0.492188 0.386719 0.488281 0.390625 0.484375 0.390625 0.480469 0.394531 0.464844 0.394531 0.464844 0.421875 0.457031 0.429688 0.453125 0.429688 0.453125 0.445312 0.449219 0.449219 0.433594 0.449219 0.429688 0.445312 0.429688 0.429688 0.433594 0.425781 0.437500 0.425781 0.437500 0.417969 0.429688 0.417969 0.429688 0.437500 0.425781 0.441406 0.410156 0.441406 0.398438 0.429688 0.398438 0.414062 0.410156 0.402344 0.414062 0.402344 0.414062 0.398438 0.417969 0.394531 0.425781 0.394531 0.425781 0.390625 0.433594 0.382812 0.457031 0.382812 0.457031 0.375000 0.460938 0.371094 0.464844 0.371094 0.464844 0.363281 0.460938 0.359375 0.460938 0.347656 0.457031 0.343750 0.457031 0.335938 0.453125 0.332031 0.453125 0.308594 0.449219 0.308594 0.445312 0.304688 0.445312 0.285156 0.449219 0.281250 0.449219 0.261719 0.429688 0.261719 0.425781 0.257812 0.421875 0.257812 0.417969 0.253906
1 0.683594 0.226562 0.679688 0.230469 0.679688 0.242188 0.687500 0.242188 0.695312 0.250000 0.695312 0.253906 0.703125 0.261719 0.703125 0.265625 0.710938 0.265625 0.714844 0.269531 0.718750 0.269531 0.722656 0.273438 0.722656 0.308594 0.746094 0.308594 0.753906 0.316406 0.753906 0.343750 0.769531 0.343750 0.773438 0.339844 0.785156 0.339844 0.785156 0.332031 0.773438 0.320312 0.773438 0.316406 0.757812 0.300781 0.757812 0.296875 0.753906 0.292969 0.753906 0.289062 0.746094 0.281250 0.746094 0.277344 0.742188 0.273438 0.738281 0.273438 0.734375 0.269531 0.734375 0.265625 0.730469 0.261719 0.730469 0.257812 0.726562 0.253906 0.726562 0.250000 0.714844 0.238281 0.710938 0.238281 0.699219 0.226562
