1 0.640625 0.773438 0.628906 0.785156 0.621094 0.785156 0.621094 0.792969 0.710938 0.792969 0.710938 0.785156 0.707031 0.781250 0.699219 0.781250 0.695312 0.777344 0.652344 0.777344 0.648438 0.773438
1 0.613281 0.683594 0.609375 0.687500 0.605469 0.687500 0.593750 0.699219 0.574219 0.699219 0.570312 0.703125 0.570312 0.707031 0.566406 0.710938 0.562500 0.710938 0.562500 0.718750 0.570312 0.718750 0.574219 0.714844 0.578125 0.714844 0.578125 0.710938 0.582031 0.707031 0.585938 0.707031 0.589844 0.703125 0.613281 0.703125 0.617188 0.707031 0.617188 0.718750 0.625000 0.718750 0.628906 0.714844 0.636719 0.714844 0.636719 0.707031 0.628906 0.699219 0.628906 0.691406 0.625000 0.691406 0.621094 0.687500 0.621094 0.683594
1 0.703125 0.679688 0.699219 0.683594 0.687500 0.683594 0.683594 0.687500 0.671875 0.687500 0.671875 0.703125 0.718750 0.703125 0.718750 0.687500 0.710938 0.679688
1 0.367188 0.589844 0.363281 0.593750 0.347656 0.593750 0.343750 0.597656 0.343750 0.613281 0.347656 0.613281 0.351562 0.617188 0.351562 0.621094 0.355469 0.621094 0.359375 0.625000 0.359375 0.628906 0.375000 0.628906 0.375000 0.625000 0.378906 0.621094 0.382812 0.621094 0.382812 0.597656 0.375000 0.589844
1 0.296875 0.515625 0.296875 0.539062 0.304688 0.539062 0.308594 0.542969 0.316406 0.542969 0.316406 0.539062 0.320312 0.535156 0.324219 0.535156 0.328125 0.531250 0.328125 0.519531 0.312500 0.519531 0.308594 0.515625
1 0.726562 0.500000 0.722656 0.503906 0.718750 0.503906 0.718750 0.519531 0.714844 0.523438 0.695312 0.523438 0.695312 0.531250 0.699219 0.535156 0.699219 0.550781 0.703125 0.554688 0.703125 0.558594 0.707031 0.562500 0.718750 0.562500 0.722656 0.566406 0.734375 0.566406 0.738281 0.570312 0.738281 0.574219 0.742188 0.578125 0.765625 0.578125 0.769531 0.582031 0.769531 0.585938 0.777344 0.585938 0.781250 0.582031 0.796875 0.582031 0.796875 0.578125 0.808594 0.566406 0.816406 0.566406 0.828125 0.554688 0.832031 0.554688 0.832031 0.542969 0.828125 0.542969 0.824219 0.539062 0.820312 0.539062 0.816406 0.535156 0.808594 0.535156 0.804688 0.539062 0.789062 0.539062 0.785156 0.542969 0.761719 0.542969 0.750000 0.531250 0.750000 0.523438 0.738281 0.523438 0.734375 0.519531 0.734375 0.500000
1 0.250000 0.488281 0.250000 0.496094 0.253906 0.496094 0.257812 0.500000 0.257812 0.503906 0.261719 0.503906 0.265625 0.507812 0.281250 0.507812 0.281250 0.496094 0.277344 0.492188 0.265625 0.492188 0.261719 0.488281
1 0.062500 0.449219 0.054688 0.457031 0.054688 0.464844 0.050781 0.468750 0.046875 0.468750 0.046875 0.476562 0.054688 0.476562 0.054688 0.468750 0.058594 0.464844 0.062500 0.464844 0.066406 0.460938 0.070312 0.460938 0.070312 0.449219
1 0.078125 0.410156 0.078125 0.421875 0.074219 0.425781 0.074219 0.437500 0.082031 0.437500 0.082031 0.421875 0.085938 0.417969 0.085938 0.410156
1 0.406250 0.351562 0.406250 0.359375 0.410156 0.363281 0.425781 0.363281 0.425781 0.355469 0.421875 0.351562
1 0.097656 0.351562 0.097656 0.359375 0.093750 0.363281 0.093750 0.382812 0.101562 0.382812 0.101562 0.363281 0.105469 0.359375 0.105469 0.351562
1 0.121094 0.296875 0.121094 0.300781 0.117188 0.304688 0.117188 0.316406 0.125000 0.316406 0.125000 0.312500 0.128906 0.308594 0.128906 0.296875
1 0.781250 0.261719 0.777344 0.265625 0.777344 0.273438 0.781250 0.277344 0.781250 0.292969 0.777344 0.296875 0.777344 0.300781 0.773438 0.304688 0.761719 0.304688 0.761719 0.312500 0.757812 0.316406 0.753906 0.316406 0.746094 0.324219 0.738281 0.324219 0.738281 0.332031 0.761719 0.332031 0.765625 0.335938 0.785156 0.335938 0.789062 0.339844 0.789062 0.343750 0.796875 0.343750 0.796875 0.332031 0.804688 0.324219 0.808594 0.324219 0.812500 0.320312 0.812500 0.308594 0.816406 0.304688 0.816406 0.296875 0.812500 0.296875 0.808594 0.292969 0.804688 0.292969 0.800781 0.289062 0.800781 0.281250 0.796875 0.281250 0.792969 0.277344 0.792969 0.265625 0.789062 0.261719
1 0.664062 0.203125 0.664062 0.207031 0.660156 0.210938 0.644531 0.210938 0.644531 0.214844 0.640625 0.218750 0.636719 0.218750 0.632812 0.222656 0.625000 0.222656 0.625000 0.226562 0.621094 0.230469 0.617188 0.230469 0.617188 0.246094 0.628906 0.246094 0.632812 0.250000 0.636719 0.250000 0.640625 0.253906 0.656250 0.253906 0.660156 0.250000 0.664062 0.250000 0.664062 0.242188 0.667969 0.238281 0.671875 0.238281 0.671875 0.230469 0.675781 0.226562 0.679688 0.226562 0.679688 0.203125
1 0.453125 0.179688 0.453125 0.183594 0.449219 0.187500 0.449219 0.191406 0.445312 0.195312 0.445312 0.203125 0.449219 0.203125 0.453125 0.207031 0.453125 0.210938 0.457031 0.210938 0.460938 0.214844 0.460938 0.222656 0.464844 0.226562 0.464844 0.234375 0.468750 0.238281 0.468750 0.257812 0.464844 0.261719 0.464844 0.273438 0.460938 0.277344 0.449219 0.277344 0.445312 0.281250 0.441406 0.281250 0.437500 0.285156 0.425781 0.285156 0.425781 0.296875 0.429688 0.300781 0.429688 0.320312 0.433594 0.320312 0.437500 0.324219 0.472656 0.324219 0.480469 0.332031 0.484375 0.332031 0.488281 0.335938 0.492188 0.335938 0.500000 0.343750 0.500000 0.367188 0.496094 0.371094 0.496094 0.375000 0.492188 0.378906 0.492188 0.390625 0.488281 0.394531 0.472656 0.394531 0.468750 0.390625 0.464844 0.390625 0.460938 0.386719 0.457031 0.386719 0.453125 0.382812 0.445312 0.382812 0.441406 0.386719 0.433594 0.386719 0.433594 0.410156 0.425781 0.417969 0.410156 0.417969 0.406250 0.414062 0.402344 0.414062 0.398438 0.410156 0.398438 0.406250 0.394531 0.406250 0.390625 0.402344 0.390625 0.398438 0.386719 0.394531 0.367188 0.394531 0.363281 0.390625 0.363281 0.367188 0.359375 0.363281 0.359375 0.347656 0.347656 0.347656 0.343750 0.343750 0.343750 0.339844 0.339844 0.335938 0.339844 0.320312 0.347656 0.312500 0.347656 0.304688 0.343750 0.304688 0.339844 0.300781 0.339844 0.296875 0.332031 0.296875 0.328125 0.292969 0.312500 0.292969 0.312500 0.320312 0.304688 0.328125 0.296875 0.328125 0.292969 0.332031 0.246094 0.332031 0.242188 0.328125 0.234375 0.328125 0.230469 0.332031 0.214844 0.332031 0.214844 0.351562 0.230469 0.351562 0.234375 0.355469 0.234375 0.359375 0.242188 0.359375 0.246094 0.363281 0.273438 0.363281 0.277344 0.367188 0.285156 0.367188 0.289062 0.371094 0.289062 0.378906 0.308594 0.378906 0.312500 0.382812 0.312500 0.386719 0.320312 0.394531 0.320312 0.398438 0.324219 0.402344 0.324219 0.414062 0.332031 0.421875 0.332031 0.425781 0.335938 0.429688 0.335938 0.433594 0.351562 0.433594 0.355469 0.437500 0.355469 0.445312 0.363281 0.453125 0.363281 0.457031 0.367188 0.460938 0.367188 0.464844 0.371094 0.468750 0.375000 0.468750 0.378906 0.472656 0.378906 0.476562 0.406250 0.476562 0.414062 0.484375 0.414062 0.511719 0.410156 0.515625 0.406250 0.515625 0.406250 0.531250 0.421875 0.531250 0.425781 0.535156 0.425781 0.597656 0.421875 0.601562 0.421875 0.617188 0.410156 0.628906 0.406250 0.628906 0.406250 0.632812 0.402344 0.636719 0.398438 0.636719 0.398438 0.648438 0.394531 0.652344 0.386719 0.652344 0.382812 0.656250 0.375000 0.656250 0.371094 0.660156 0.363281 0.660156 0.363281 0.667969 0.378906 0.667969 0.382812 0.671875 0.386719 0.671875 0.390625 0.675781 0.390625 0.683594 0.394531 0.687500 0.394531 0.718750 0.390625 0.722656 0.390625 0.730469 0.386719 0.734375 0.386719 0.750000 0.382812 0.753906 0.382812 0.761719 0.378906 0.765625 0.355469 0.765625 0.347656 0.757812 0.347656 0.738281 0.343750 0.738281 0.339844 0.734375 0.339844 0.703125 0.335938 0.699219 0.328125 0.699219 0.324219 0.695312 0.324219 0.675781 0.312500 0.675781 0.312500 0.699219 0.308594 0.703125 0.308594 0.710938 0.304688 0.714844 0.304688 0.722656 0.312500 0.730469 0.312500 0.734375 0.316406 0.738281 0.316406 0.750000 0.339844 0.750000 0.343750 0.753906 0.343750 0.773438 0.355469 0.773438 0.359375 0.777344 0.359375 0.808594 0.355469 0.812500 0.324219 0.812500 0.320312 0.808594 0.320312 0.800781 0.312500 0.800781 0.308594 0.804688 0.304688 0.804688 0.296875 0.812500 0.296875 0.828125 0.304688 0.828125 0.308594 0.832031 0.320312 0.832031 0.324219 0.835938 0.324219 0.839844 0.328125 0.839844 0.335938 0.847656 0.343750 0.847656 0.347656 0.851562 0.347656 0.875000 0.351562 0.878906 0.351562 0.902344 0.355469 0.906250 0.355469 0.914062 0.359375 0.917969 0.359375 0.925781 0.363281 0.929688 0.363281 0.945312 0.367188 0.949219 0.367188 0.996094 0.386719 0.996094 0.386719 0.972656 0.382812 0.968750 0.382812 0.964844 0.378906 0.960938 0.378906 0.957031 0.375000 0.953125 0.375000 0.945312 0.371094 0.941406 0.371094 0.839844 0.375000 0.835938 0.378906 0.835938 0.378906 0.828125 0.382812 0.824219 0.425781 0.824219 0.425781 0.812500 0.421875 0.808594 0.417969 0.808594 0.414062 0.804688 0.414062 0.777344 0.417969 0.773438 0.417969 0.769531 0.421875 0.765625 0.433594 0.765625 0.433594 0.753906 0.425781 0.753906 0.421875 0.750000 0.421875 0.738281 0.417969 0.734375 0.417969 0.703125 0.421875 0.699219 0.425781 0.699219 0.433594 0.691406 0.449219 0.691406 0.449219 0.687500 0.453125 0.683594 0.460938 0.683594 0.464844 0.679688 0.484375 0.679688 0.488281 0.675781 0.496094 0.675781 0.496094 0.667969 0.503906 0.660156 0.527344 0.660156 0.527344 0.652344 0.523438 0.652344 0.515625 0.644531 0.515625 0.632812 0.500000 0.632812 0.492188 0.625000 0.488281 0.625000 0.484375 0.621094 0.484375 0.617188 0.480469 0.613281 0.480469 0.593750 0.488281 0.585938 0.511719 0.585938 0.511719 0.574219 0.519531 0.566406 0.519531 0.562500 0.523438 0.558594 0.566406 0.558594 0.566406 0.550781 0.570312 0.546875 0.570312 0.535156 0.574219 0.531250 0.578125 0.531250 0.582031 0.527344 0.605469 0.527344 0.609375 0.531250 0.617188 0.531250 0.617188 0.527344 0.621094 0.523438 0.640625 0.523438 0.644531 0.527344 0.644531 0.535156 0.660156 0.535156 0.660156 0.515625 0.664062 0.511719 0.679688 0.511719 0.679688 0.484375 0.683594 0.480469 0.691406 0.480469 0.691406 0.476562 0.695312 0.472656 0.699219 0.472656 0.699219 0.468750 0.703125 0.464844 0.714844 0.464844 0.718750 0.460938 0.734375 0.460938 0.738281 0.457031 0.742188 0.457031 0.742188 0.453125 0.746094 0.449219 0.746094 0.441406 0.742188 0.437500 0.742188 0.429688 0.738281 0.429688 0.734375 0.425781 0.734375 0.410156 0.746094 0.398438 0.750000 0.398438 0.750000 0.386719 0.746094 0.382812 0.746094 0.375000 0.726562 0.375000 0.718750 0.367188 0.718750 0.359375 0.714844 0.355469 0.703125 0.355469 0.699219 0.351562 0.683594 0.351562 0.679688 0.355469 0.660156 0.355469 0.652344 0.347656 0.648438 0.347656 0.644531 0.343750 0.644531 0.324219 0.648438 0.320312 0.656250 0.320312 0.660156 0.316406 0.664062 0.316406 0.664062 0.304688 0.656250 0.304688 0.652344 0.308594 0.644531 0.308594 0.640625 0.312500 0.640625 0.320312 0.636719 0.324219 0.617188 0.324219 0.617188 0.328125 0.613281 0.332031 0.601562 0.332031 0.597656 0.335938 0.593750 0.335938 0.589844 0.339844 0.566406 0.339844 0.566406 0.363281 0.578125 0.363281 0.582031 0.367188 0.582031 0.375000 0.617188 0.375000 0.621094 0.378906 0.621094 0.382812 0.667969 0.382812 0.671875 0.386719 0.671875 0.402344 0.667969 0.406250 0.667969 0.414062 0.660156 0.421875 0.656250 0.421875 0.656250 0.425781 0.652344 0.429688 0.628906 0.429688 0.625000 0.425781 0.617188 0.425781 0.613281 0.429688 0.609375 0.429688 0.609375 0.437500 0.605469 0.441406 0.605469 0.449219 0.601562 0.453125 0.585938 0.453125 0.582031 0.457031 0.578125 0.457031 0.578125 0.460938 0.574219 0.464844 0.550781 0.464844 0.546875 0.468750 0.527344 0.468750 0.523438 0.464844 0.523438 0.449219 0.496094 0.449219 0.492188 0.445312 0.492188 0.425781 0.496094 0.421875 0.503906 0.421875 0.507812 0.417969 0.507812 0.410156 0.503906 0.406250 0.503906 0.363281 0.507812 0.359375 0.511719 0.359375 0.511719 0.351562 0.515625 0.347656 0.519531 0.347656 0.519531 0.328125 0.523438 0.324219 0.523438 0.320312 0.527344 0.316406 0.531250 0.316406 0.531250 0.292969 0.527344 0.289062 0.523438 0.289062 0.519531 0.285156 0.519531 0.261719 0.511719 0.261719 0.511719 0.273438 0.507812 0.277344 0.484375 0.277344 0.480469 0.273438 0.480469 0.250000 0.484375 0.246094 0.484375 0.234375 0.480469 0.230469 0.480469 0.195312 0.468750 0.183594 0.468750 0.179688
1 0.656250 0.171875 0.656250 0.179688 0.664062 0.179688 0.664062 0.171875
1 0.355469 0.125000 0.347656 0.132812 0.335938 0.132812 0.335938 0.144531 0.343750 0.144531 0.343750 0.140625 0.347656 0.136719 0.359375 0.136719 0.363281 0.132812 0.363281 0.125000
1 0.558594 0.121094 0.550781 0.128906 0.546875 0.128906 0.546875 0.132812 0.542969 0.136719 0.535156 0.136719 0.535156 0.144531 0.531250 0.148438 0.523438 0.148438 0.523438 0.160156 0.531250 0.160156 0.531250 0.152344 0.535156 0.148438 0.574219 0.148438 0.578125 0.144531 0.582031 0.144531 0.582031 0.132812 0.574219 0.125000 0.570312 0.125000 0.566406 0.121094
1 0.480469 0.078125 0.476562 0.082031 0.472656 0.082031 0.472656 0.089844 0.507812 0.089844 0.507812 0.082031 0.500000 0.082031 0.496094 0.078125
1 0.531250 0.074219 0.531250 0.082031 0.539062 0.082031 0.539062 0.074219
1 0.597656 0.015625 0.593750 0.019531 0.593750 0.039062 0.589844 0.042969 0.589844 0.046875 0.585938 0.050781 0.582031 0.050781 0.582031 0.058594 0.597656 0.058594 0.597656 0.039062 0.601562 0.035156 0.605469 0.035156 0.609375 0.031250 0.621094 0.031250 0.621094 0.023438 0.617188 0.023438 0.609375 0.015625
