1 0.398438 0.832031 0.398438 0.839844 0.406250 0.839844 0.406250 0.832031
1 0.355469 0.808594 0.355469 0.816406 0.363281 0.824219 0.367188 0.824219 0.371094 0.828125 0.382812 0.828125 0.382812 0.820312 0.375000 0.812500 0.371094 0.812500 0.367188 0.808594
1 0.445312 0.800781 0.445312 0.808594 0.449219 0.808594 0.453125 0.812500 0.453125 0.832031 0.449219 0.835938 0.445312 0.835938 0.445312 0.839844 0.441406 0.843750 0.441406 0.851562 0.453125 0.851562 0.460938 0.859375 0.460938 0.867188 0.468750 0.867188 0.472656 0.871094 0.480469 0.871094 0.484375 0.875000 0.496094 0.875000 0.500000 0.878906 0.500000 0.914062 0.503906 0.917969 0.507812 0.917969 0.511719 0.921875 0.511719 0.996094 0.531250 0.996094 0.531250 0.988281 0.527344 0.984375 0.527344 0.906250 0.523438 0.902344 0.523438 0.859375 0.527344 0.855469 0.527344 0.843750 0.519531 0.835938 0.511719 0.835938 0.511719 0.851562 0.503906 0.859375 0.488281 0.859375 0.484375 0.855469 0.484375 0.847656 0.480469 0.847656 0.472656 0.839844 0.472656 0.832031 0.464844 0.832031 0.460938 0.828125 0.457031 0.828125 0.453125 0.824219 0.453125 0.800781
1 0.417969 0.789062 0.417969 0.796875 0.425781 0.796875 0.425781 0.789062
1 0.488281 0.738281 0.484375 0.742188 0.484375 0.757812 0.488281 0.761719 0.496094 0.761719 0.500000 0.757812 0.500000 0.738281
1 0.824219 0.578125 0.824219 0.585938 0.820312 0.589844 0.812500 0.589844 0.812500 0.617188 0.808594 0.621094 0.808594 0.628906 0.812500 0.632812 0.812500 0.636719 0.820312 0.636719 0.824219 0.632812 0.824219 0.609375 0.828125 0.605469 0.828125 0.593750 0.835938 0.585938 0.835938 0.578125
1 0.636719 0.574219 0.632812 0.578125 0.617188 0.578125 0.617188 0.585938 0.613281 0.589844 0.613281 0.605469 0.625000 0.605469 0.625000 0.597656 0.628906 0.593750 0.652344 0.593750 0.656250 0.589844 0.656250 0.585938 0.660156 0.582031 0.660156 0.574219
1 0.777344 0.523438 0.777344 0.531250 0.789062 0.531250 0.789062 0.523438
1 0.687500 0.492188 0.687500 0.507812 0.679688 0.515625 0.679688 0.527344 0.675781 0.531250 0.667969 0.531250 0.667969 0.539062 0.671875 0.542969 0.671875 0.566406 0.683594 0.566406 0.687500 0.570312 0.687500 0.597656 0.679688 0.605469 0.675781 0.605469 0.675781 0.609375 0.671875 0.613281 0.667969 0.613281 0.667969 0.632812 0.664062 0.636719 0.664062 0.652344 0.660156 0.656250 0.652344 0.656250 0.652344 0.660156 0.648438 0.664062 0.628906 0.664062 0.625000 0.660156 0.621094 0.660156 0.617188 0.656250 0.617188 0.652344 0.609375 0.652344 0.601562 0.644531 0.593750 0.644531 0.589844 0.640625 0.589844 0.617188 0.585938 0.613281 0.585938 0.597656 0.578125 0.597656 0.574219 0.593750 0.566406 0.593750 0.558594 0.601562 0.550781 0.601562 0.550781 0.613281 0.546875 0.617188 0.546875 0.621094 0.542969 0.625000 0.542969 0.632812 0.546875 0.632812 0.550781 0.636719 0.554688 0.636719 0.558594 0.640625 0.562500 0.640625 0.566406 0.644531 0.566406 0.675781 0.562500 0.679688 0.562500 0.699219 0.554688 0.707031 0.554688 0.714844 0.570312 0.714844 0.570312 0.710938 0.574219 0.707031 0.589844 0.707031 0.589844 0.703125 0.593750 0.699219 0.613281 0.699219 0.617188 0.703125 0.625000 0.703125 0.628906 0.699219 0.656250 0.699219 0.660156 0.703125 0.667969 0.703125 0.667969 0.691406 0.675781 0.683594 0.679688 0.683594 0.683594 0.679688 0.683594 0.675781 0.687500 0.671875 0.687500 0.644531 0.691406 0.640625 0.695312 0.640625 0.695312 0.628906 0.699219 0.625000 0.699219 0.621094 0.703125 0.617188 0.718750 0.617188 0.718750 0.613281 0.722656 0.609375 0.722656 0.597656 0.726562 0.593750 0.726562 0.589844 0.730469 0.585938 0.738281 0.585938 0.738281 0.574219 0.730469 0.574219 0.726562 0.570312 0.718750 0.570312 0.718750 0.574219 0.714844 0.578125 0.695312 0.578125 0.691406 0.574219 0.691406 0.523438 0.695312 0.519531 0.695312 0.515625 0.699219 0.511719 0.699219 0.507812 0.703125 0.503906 0.714844 0.503906 0.714844 0.496094 0.699219 0.496094 0.695312 0.492188
1 0.562500 0.421875 0.562500 0.437500 0.558594 0.441406 0.550781 0.441406 0.550781 0.457031 0.546875 0.460938 0.546875 0.468750 0.550781 0.468750 0.554688 0.472656 0.554688 0.488281 0.550781 0.492188 0.550781 0.500000 0.554688 0.503906 0.554688 0.511719 0.562500 0.511719 0.566406 0.507812 0.574219 0.507812 0.574219 0.503906 0.578125 0.500000 0.582031 0.500000 0.582031 0.484375 0.585938 0.480469 0.601562 0.480469 0.605469 0.484375 0.605469 0.496094 0.617188 0.496094 0.617188 0.441406 0.613281 0.441406 0.609375 0.437500 0.609375 0.429688 0.582031 0.429688 0.574219 0.421875
1 0.792969 0.402344 0.789062 0.406250 0.765625 0.406250 0.765625 0.433594 0.753906 0.445312 0.753906 0.449219 0.750000 0.453125 0.746094 0.453125 0.746094 0.460938 0.750000 0.460938 0.753906 0.464844 0.757812 0.464844 0.761719 0.468750 0.761719 0.472656 0.765625 0.476562 0.765625 0.488281 0.777344 0.488281 0.781250 0.492188 0.781250 0.496094 0.789062 0.496094 0.789062 0.492188 0.792969 0.488281 0.800781 0.488281 0.804688 0.484375 0.804688 0.476562 0.808594 0.472656 0.828125 0.472656 0.828125 0.464844 0.820312 0.464844 0.816406 0.460938 0.816406 0.441406 0.820312 0.437500 0.828125 0.437500 0.828125 0.417969 0.832031 0.414062 0.832031 0.406250 0.808594 0.406250 0.804688 0.402344
1 0.796875 0.363281 0.796875 0.375000 0.808594 0.375000 0.808594 0.363281
1 0.835938 0.261719 0.832031 0.265625 0.828125 0.265625 0.828125 0.285156 0.824219 0.289062 0.808594 0.289062 0.804688 0.285156 0.804688 0.281250 0.800781 0.281250 0.796875 0.277344 0.796875 0.273438 0.785156 0.273438 0.785156 0.300781 0.812500 0.300781 0.816406 0.304688 0.816406 0.324219 0.820312 0.328125 0.835938 0.328125 0.839844 0.332031 0.839844 0.335938 0.843750 0.339844 0.843750 0.351562 0.847656 0.351562 0.851562 0.355469 0.851562 0.378906 0.839844 0.390625 0.839844 0.398438 0.855469 0.398438 0.859375 0.402344 0.859375 0.406250 0.867188 0.406250 0.867188 0.378906 0.863281 0.375000 0.863281 0.355469 0.855469 0.355469 0.851562 0.351562 0.851562 0.335938 0.855469 0.332031 0.859375 0.332031 0.859375 0.324219 0.855469 0.320312 0.855469 0.316406 0.851562 0.312500 0.851562 0.296875 0.855469 0.292969 0.855469 0.273438 0.847656 0.273438 0.843750 0.269531 0.843750 0.261719
1 0.722656 0.210938 0.718750 0.214844 0.718750 0.238281 0.710938 0.246094 0.710938 0.250000 0.707031 0.253906 0.691406 0.253906 0.679688 0.242188 0.664062 0.242188 0.664062 0.269531 0.660156 0.273438 0.656250 0.273438 0.656250 0.285156 0.660156 0.285156 0.667969 0.292969 0.667969 0.296875 0.675781 0.296875 0.679688 0.292969 0.687500 0.292969 0.687500 0.285156 0.691406 0.281250 0.707031 0.281250 0.710938 0.285156 0.710938 0.300781 0.707031 0.304688 0.699219 0.304688 0.699219 0.320312 0.714844 0.320312 0.722656 0.328125 0.722656 0.332031 0.730469 0.332031 0.730469 0.328125 0.734375 0.324219 0.738281 0.324219 0.738281 0.316406 0.734375 0.316406 0.730469 0.312500 0.714844 0.312500 0.710938 0.308594 0.710938 0.292969 0.714844 0.289062 0.738281 0.289062 0.738281 0.281250 0.734375 0.277344 0.734375 0.261719 0.738281 0.257812 0.742188 0.257812 0.746094 0.253906 0.750000 0.253906 0.750000 0.230469 0.746094 0.226562 0.742188 0.226562 0.738281 0.222656 0.738281 0.218750 0.730469 0.210938
1 0.636719 0.183594 0.636719 0.187500 0.632812 0.191406 0.621094 0.191406 0.621094 0.199219 0.625000 0.199219 0.632812 0.207031 0.648438 0.207031 0.648438 0.183594
1 0.351562 0.179688 0.351562 0.199219 0.347656 0.203125 0.320312 0.203125 0.316406 0.199219 0.304688 0.199219 0.300781 0.203125 0.300781 0.210938 0.308594 0.210938 0.312500 0.214844 0.312500 0.238281 0.308594 0.242188 0.300781 0.242188 0.296875 0.246094 0.281250 0.246094 0.281250 0.250000 0.277344 0.253906 0.261719 0.253906 0.261719 0.261719 0.257812 0.265625 0.257812 0.273438 0.253906 0.277344 0.253906 0.289062 0.250000 0.292969 0.246094 0.292969 0.246094 0.296875 0.238281 0.304688 0.234375 0.304688 0.230469 0.308594 0.207031 0.308594 0.203125 0.304688 0.203125 0.289062 0.207031 0.285156 0.210938 0.285156 0.214844 0.281250 0.214844 0.269531 0.199219 0.269531 0.187500 0.257812 0.171875 0.257812 0.171875 0.261719 0.164062 0.269531 0.160156 0.269531 0.156250 0.273438 0.152344 0.273438 0.152344 0.289062 0.148438 0.292969 0.125000 0.292969 0.125000 0.296875 0.121094 0.300781 0.121094 0.308594 0.117188 0.312500 0.117188 0.316406 0.113281 0.320312 0.113281 0.328125 0.109375 0.332031 0.109375 0.335938 0.105469 0.339844 0.105469 0.351562 0.101562 0.355469 0.101562 0.386719 0.105469 0.390625 0.105469 0.406250 0.109375 0.410156 0.109375 0.417969 0.113281 0.421875 0.113281 0.425781 0.128906 0.425781 0.132812 0.429688 0.132812 0.433594 0.148438 0.433594 0.152344 0.429688 0.175781 0.429688 0.175781 0.417969 0.179688 0.414062 0.183594 0.414062 0.183594 0.398438 0.187500 0.394531 0.195312 0.394531 0.199219 0.390625 0.199219 0.382812 0.210938 0.371094 0.226562 0.371094 0.230469 0.375000 0.230469 0.386719 0.238281 0.386719 0.242188 0.390625 0.242188 0.414062 0.234375 0.421875 0.234375 0.425781 0.226562 0.433594 0.210938 0.433594 0.207031 0.437500 0.207031 0.445312 0.210938 0.449219 0.214844 0.449219 0.218750 0.453125 0.218750 0.472656 0.214844 0.476562 0.187500 0.476562 0.183594 0.480469 0.183594 0.488281 0.187500 0.492188 0.187500 0.500000 0.195312 0.507812 0.195312 0.515625 0.199219 0.515625 0.203125 0.519531 0.203125 0.523438 0.207031 0.523438 0.218750 0.535156 0.226562 0.535156 0.230469 0.531250 0.261719 0.531250 0.265625 0.535156 0.265625 0.562500 0.269531 0.566406 0.269531 0.585938 0.265625 0.589844 0.253906 0.589844 0.253906 0.605469 0.250000 0.609375 0.250000 0.613281 0.246094 0.617188 0.226562 0.617188 0.222656 0.613281 0.222656 0.601562 0.214844 0.601562 0.210938 0.605469 0.210938 0.613281 0.214844 0.617188 0.214844 0.648438 0.210938 0.652344 0.210938 0.660156 0.214844 0.664062 0.214844 0.667969 0.218750 0.671875 0.218750 0.675781 0.222656 0.675781 0.226562 0.679688 0.226562 0.683594 0.230469 0.687500 0.234375 0.687500 0.238281 0.691406 0.238281 0.695312 0.242188 0.695312 0.246094 0.699219 0.277344 0.699219 0.281250 0.695312 0.300781 0.695312 0.304688 0.699219 0.324219 0.699219 0.332031 0.707031 0.332031 0.710938 0.339844 0.710938 0.347656 0.718750 0.359375 0.718750 0.363281 0.722656 0.367188 0.722656 0.371094 0.726562 0.375000 0.726562 0.378906 0.730469 0.378906 0.738281 0.386719 0.746094 0.386719 0.750000 0.390625 0.753906 0.398438 0.753906 0.402344 0.757812 0.410156 0.757812 0.414062 0.753906 0.429688 0.753906 0.429688 0.738281 0.437500 0.730469 0.441406 0.730469 0.441406 0.714844 0.445312 0.710938 0.457031 0.710938 0.457031 0.695312 0.449219 0.695312 0.445312 0.691406 0.445312 0.671875 0.449219 0.667969 0.476562 0.667969 0.484375 0.675781 0.484375 0.679688 0.488281 0.683594 0.488281 0.707031 0.496094 0.707031 0.496094 0.699219 0.492188 0.695312 0.492188 0.675781 0.496094 0.671875 0.496094 0.652344 0.500000 0.648438 0.500000 0.640625 0.503906 0.636719 0.503906 0.585938 0.507812 0.582031 0.507812 0.570312 0.503906 0.566406 0.503906 0.562500 0.500000 0.558594 0.500000 0.550781 0.496094 0.546875 0.496094 0.503906 0.492188 0.500000 0.492188 0.484375 0.496094 0.480469 0.496094 0.457031 0.500000 0.453125 0.500000 0.414062 0.503906 0.410156 0.503906 0.402344 0.507812 0.398438 0.507812 0.375000 0.511719 0.371094 0.519531 0.371094 0.519531 0.343750 0.523438 0.339844 0.542969 0.339844 0.546875 0.343750 0.546875 0.351562 0.554688 0.351562 0.554688 0.328125 0.558594 0.324219 0.562500 0.324219 0.562500 0.304688 0.574219 0.292969 0.574219 0.257812 0.582031 0.250000 0.597656 0.250000 0.605469 0.257812 0.628906 0.257812 0.632812 0.261719 0.640625 0.261719 0.640625 0.253906 0.617188 0.253906 0.613281 0.250000 0.613281 0.246094 0.589844 0.246094 0.585938 0.242188 0.585938 0.234375 0.570312 0.234375 0.570312 0.238281 0.566406 0.242188 0.562500 0.242188 0.562500 0.246094 0.558594 0.250000 0.558594 0.285156 0.554688 0.289062 0.554688 0.292969 0.550781 0.296875 0.507812 0.296875 0.503906 0.292969 0.503906 0.277344 0.500000 0.273438 0.500000 0.265625 0.492188 0.265625 0.488281 0.269531 0.484375 0.269531 0.484375 0.312500 0.500000 0.312500 0.503906 0.316406 0.503906 0.332031 0.500000 0.335938 0.484375 0.335938 0.480469 0.332031 0.472656 0.332031 0.472656 0.343750 0.476562 0.347656 0.476562 0.355469 0.496094 0.355469 0.500000 0.359375 0.500000 0.390625 0.496094 0.394531 0.457031 0.394531 0.453125 0.390625 0.453125 0.367188 0.449219 0.367188 0.445312 0.363281 0.445312 0.359375 0.433594 0.359375 0.429688 0.355469 0.429688 0.343750 0.425781 0.339844 0.402344 0.339844 0.398438 0.335938 0.394531 0.335938 0.386719 0.328125 0.375000 0.328125 0.367188 0.320312 0.367188 0.312500 0.363281 0.308594 0.363281 0.300781 0.332031 0.300781 0.328125 0.296875 0.328125 0.277344 0.324219 0.277344 0.320312 0.273438 0.320312 0.257812 0.324219 0.253906 0.339844 0.253906 0.339844 0.238281 0.343750 0.234375 0.363281 0.234375 0.371094 0.242188 0.390625 0.242188 0.394531 0.238281 0.394531 0.230469 0.390625 0.226562 0.390625 0.214844 0.375000 0.214844 0.367188 0.207031 0.367188 0.179688
