1 0.652344 0.832031 0.648438 0.835938 0.644531 0.835938 0.640625 0.839844 0.617188 0.839844 0.617188 0.843750 0.613281 0.847656 0.609375 0.847656 0.605469 0.851562 0.585938 0.851562 0.582031 0.855469 0.582031 0.863281 0.578125 0.867188 0.578125 0.894531 0.582031 0.898438 0.582031 0.902344 0.585938 0.906250 0.585938 0.925781 0.593750 0.933594 0.593750 0.996094 0.625000 0.996094 0.625000 0.921875 0.628906 0.917969 0.628906 0.914062 0.640625 0.902344 0.640625 0.894531 0.644531 0.890625 0.664062 0.890625 0.667969 0.886719 0.675781 0.886719 0.679688 0.882812 0.691406 0.882812 0.695312 0.878906 0.699219 0.878906 0.699219 0.867188 0.687500 0.855469 0.675781 0.855469 0.675781 0.863281 0.671875 0.867188 0.652344 0.867188 0.648438 0.863281 0.648438 0.847656 0.656250 0.839844 0.660156 0.839844 0.660156 0.832031
1 0.375000 0.773438 0.375000 0.785156 0.390625 0.785156 0.390625 0.777344 0.386719 0.773438
1 0.265625 0.750000 0.265625 0.757812 0.261719 0.761719 0.261719 0.769531 0.277344 0.785156 0.285156 0.785156 0.289062 0.789062 0.300781 0.789062 0.304688 0.792969 0.304688 0.796875 0.308594 0.796875 0.312500 0.800781 0.312500 0.812500 0.316406 0.812500 0.320312 0.816406 0.320312 0.820312 0.332031 0.820312 0.335938 0.816406 0.335938 0.796875 0.332031 0.792969 0.332031 0.773438 0.335938 0.769531 0.359375 0.769531 0.359375 0.761719 0.355469 0.757812 0.355469 0.753906 0.351562 0.750000 0.328125 0.750000 0.324219 0.753906 0.285156 0.753906 0.281250 0.750000
1 0.574219 0.714844 0.570312 0.718750 0.570312 0.738281 0.566406 0.742188 0.566406 0.765625 0.562500 0.769531 0.562500 0.785156 0.570312 0.785156 0.570312 0.765625 0.578125 0.757812 0.597656 0.757812 0.601562 0.761719 0.601562 0.804688 0.605469 0.808594 0.613281 0.808594 0.617188 0.804688 0.621094 0.804688 0.628906 0.796875 0.632812 0.796875 0.632812 0.792969 0.636719 0.789062 0.648438 0.789062 0.648438 0.785156 0.652344 0.781250 0.652344 0.773438 0.644531 0.773438 0.640625 0.769531 0.640625 0.761719 0.632812 0.761719 0.628906 0.757812 0.613281 0.757812 0.609375 0.753906 0.609375 0.750000 0.605469 0.750000 0.601562 0.746094 0.593750 0.746094 0.589844 0.742188 0.589844 0.734375 0.585938 0.730469 0.585938 0.718750 0.582031 0.714844
1 0.375000 0.621094 0.375000 0.628906 0.371094 0.632812 0.371094 0.640625 0.375000 0.644531 0.375000 0.656250 0.386719 0.656250 0.386719 0.628906 0.382812 0.625000 0.382812 0.621094
1 0.316406 0.617188 0.316406 0.632812 0.320312 0.632812 0.328125 0.640625 0.343750 0.640625 0.343750 0.628906 0.335938 0.628906 0.332031 0.625000 0.332031 0.617188
1 0.292969 0.593750 0.292969 0.601562 0.296875 0.605469 0.308594 0.605469 0.308594 0.597656 0.304688 0.593750
1 0.667969 0.570312 0.656250 0.582031 0.628906 0.582031 0.628906 0.593750 0.632812 0.597656 0.679688 0.597656 0.679688 0.593750 0.683594 0.589844 0.703125 0.589844 0.707031 0.585938 0.707031 0.578125 0.687500 0.578125 0.679688 0.570312
1 0.109375 0.511719 0.105469 0.515625 0.105469 0.523438 0.113281 0.531250 0.113281 0.535156 0.117188 0.539062 0.117188 0.550781 0.121094 0.550781 0.125000 0.554688 0.125000 0.597656 0.128906 0.601562 0.128906 0.625000 0.132812 0.628906 0.132812 0.640625 0.136719 0.644531 0.144531 0.644531 0.144531 0.632812 0.136719 0.625000 0.136719 0.593750 0.140625 0.589844 0.140625 0.578125 0.144531 0.574219 0.160156 0.574219 0.164062 0.578125 0.164062 0.582031 0.171875 0.582031 0.171875 0.574219 0.148438 0.574219 0.144531 0.570312 0.144531 0.566406 0.140625 0.562500 0.128906 0.562500 0.125000 0.558594 0.125000 0.527344 0.117188 0.519531 0.117188 0.511719
1 0.167969 0.507812 0.167969 0.519531 0.171875 0.523438 0.175781 0.523438 0.179688 0.527344 0.179688 0.562500 0.191406 0.562500 0.195312 0.566406 0.207031 0.566406 0.207031 0.546875 0.199219 0.539062 0.191406 0.539062 0.187500 0.535156 0.187500 0.523438 0.183594 0.523438 0.179688 0.519531 0.179688 0.515625 0.175781 0.511719 0.175781 0.507812
1 0.535156 0.472656 0.535156 0.476562 0.531250 0.480469 0.507812 0.480469 0.507812 0.484375 0.503906 0.488281 0.503906 0.492188 0.500000 0.496094 0.480469 0.496094 0.480469 0.503906 0.484375 0.507812 0.484375 0.523438 0.488281 0.523438 0.492188 0.527344 0.500000 0.527344 0.503906 0.523438 0.527344 0.523438 0.527344 0.511719 0.523438 0.507812 0.523438 0.484375 0.527344 0.480469 0.542969 0.480469 0.542969 0.472656
1 0.074219 0.468750 0.074219 0.476562 0.082031 0.476562 0.082031 0.468750
1 0.738281 0.441406 0.734375 0.445312 0.730469 0.445312 0.730469 0.449219 0.726562 0.453125 0.726562 0.457031 0.718750 0.464844 0.718750 0.472656 0.714844 0.476562 0.710938 0.476562 0.710938 0.484375 0.714844 0.488281 0.714844 0.515625 0.703125 0.527344 0.667969 0.527344 0.667969 0.535156 0.671875 0.539062 0.687500 0.539062 0.691406 0.542969 0.691406 0.550781 0.710938 0.550781 0.714844 0.554688 0.714844 0.574219 0.738281 0.574219 0.738281 0.554688 0.742188 0.550781 0.742188 0.535156 0.746094 0.531250 0.761719 0.531250 0.765625 0.535156 0.765625 0.539062 0.769531 0.542969 0.769531 0.546875 0.781250 0.546875 0.781250 0.542969 0.785156 0.539062 0.800781 0.539062 0.804688 0.542969 0.808594 0.542969 0.812500 0.546875 0.812500 0.562500 0.808594 0.566406 0.785156 0.566406 0.785156 0.585938 0.777344 0.593750 0.773438 0.593750 0.773438 0.601562 0.785156 0.601562 0.789062 0.605469 0.800781 0.605469 0.804688 0.609375 0.808594 0.609375 0.812500 0.613281 0.812500 0.621094 0.824219 0.621094 0.824219 0.593750 0.828125 0.589844 0.828125 0.578125 0.832031 0.574219 0.847656 0.574219 0.851562 0.578125 0.859375 0.578125 0.863281 0.582031 0.871094 0.582031 0.871094 0.574219 0.863281 0.566406 0.863281 0.562500 0.859375 0.562500 0.855469 0.558594 0.855469 0.550781 0.847656 0.542969 0.847656 0.511719 0.843750 0.507812 0.824219 0.507812 0.820312 0.503906 0.820312 0.496094 0.800781 0.496094 0.796875 0.492188 0.792969 0.492188 0.789062 0.488281 0.789062 0.472656 0.777344 0.460938 0.773438 0.460938 0.769531 0.457031 0.769531 0.453125 0.765625 0.453125 0.761719 0.449219 0.761719 0.445312 0.757812 0.441406
1 0.058594 0.437500 0.058594 0.449219 0.070312 0.449219 0.070312 0.441406 0.066406 0.437500
1 0.496094 0.417969 0.496094 0.425781 0.500000 0.429688 0.500000 0.441406 0.503906 0.445312 0.503906 0.453125 0.511719 0.453125 0.511719 0.429688 0.507812 0.429688 0.503906 0.425781 0.503906 0.417969
1 0.214844 0.414062 0.214844 0.417969 0.210938 0.421875 0.207031 0.421875 0.203125 0.425781 0.203125 0.441406 0.199219 0.445312 0.195312 0.445312 0.191406 0.449219 0.191406 0.460938 0.199219 0.460938 0.203125 0.457031 0.214844 0.457031 0.218750 0.453125 0.234375 0.453125 0.238281 0.457031 0.238281 0.468750 0.242188 0.472656 0.261719 0.472656 0.265625 0.468750 0.269531 0.468750 0.269531 0.457031 0.261719 0.457031 0.257812 0.453125 0.257812 0.449219 0.253906 0.449219 0.250000 0.445312 0.250000 0.441406 0.246094 0.441406 0.238281 0.433594 0.238281 0.429688 0.234375 0.425781 0.234375 0.421875 0.230469 0.417969 0.226562 0.417969 0.222656 0.414062
1 0.656250 0.402344 0.652344 0.406250 0.640625 0.406250 0.636719 0.410156 0.636719 0.417969 0.648438 0.417969 0.652344 0.414062 0.660156 0.414062 0.664062 0.410156 0.664062 0.402344
1 0.792969 0.378906 0.792969 0.382812 0.789062 0.386719 0.785156 0.386719 0.781250 0.390625 0.777344 0.390625 0.777344 0.398438 0.785156 0.398438 0.789062 0.402344 0.800781 0.402344 0.804688 0.406250 0.816406 0.406250 0.816406 0.390625 0.812500 0.386719 0.812500 0.378906
1 0.824219 0.316406 0.824219 0.332031 0.820312 0.335938 0.785156 0.335938 0.781250 0.332031 0.781250 0.328125 0.777344 0.324219 0.769531 0.324219 0.769531 0.328125 0.761719 0.335938 0.761719 0.339844 0.757812 0.343750 0.746094 0.343750 0.746094 0.347656 0.742188 0.351562 0.734375 0.351562 0.722656 0.363281 0.695312 0.363281 0.691406 0.367188 0.683594 0.367188 0.683594 0.382812 0.750000 0.382812 0.757812 0.375000 0.761719 0.375000 0.761719 0.367188 0.765625 0.363281 0.765625 0.355469 0.769531 0.351562 0.792969 0.351562 0.796875 0.355469 0.804688 0.355469 0.808594 0.351562 0.812500 0.351562 0.812500 0.339844 0.816406 0.335938 0.839844 0.335938 0.847656 0.328125 0.847656 0.320312 0.835938 0.320312 0.832031 0.316406
1 0.812500 0.277344 0.812500 0.285156 0.820312 0.285156 0.820312 0.277344
1 0.652344 0.230469 0.648438 0.234375 0.636719 0.234375 0.632812 0.238281 0.632812 0.246094 0.648438 0.246094 0.652344 0.242188 0.656250 0.242188 0.660156 0.238281 0.660156 0.230469
1 0.320312 0.210938 0.312500 0.218750 0.312500 0.222656 0.308594 0.226562 0.308594 0.238281 0.304688 0.242188 0.289062 0.242188 0.285156 0.238281 0.285156 0.226562 0.281250 0.226562 0.277344 0.222656 0.277344 0.218750 0.273438 0.214844 0.261719 0.214844 0.261719 0.222656 0.265625 0.226562 0.265625 0.242188 0.261719 0.246094 0.253906 0.246094 0.250000 0.250000 0.250000 0.253906 0.242188 0.261719 0.238281 0.261719 0.234375 0.265625 0.230469 0.265625 0.230469 0.285156 0.226562 0.289062 0.210938 0.289062 0.207031 0.292969 0.171875 0.292969 0.171875 0.296875 0.167969 0.300781 0.167969 0.320312 0.164062 0.324219 0.148438 0.324219 0.148438 0.332031 0.167969 0.332031 0.179688 0.343750 0.179688 0.351562 0.183594 0.351562 0.187500 0.355469 0.187500 0.375000 0.191406 0.378906 0.191406 0.386719 0.195312 0.390625 0.207031 0.390625 0.207031 0.386719 0.210938 0.382812 0.210938 0.375000 0.207031 0.371094 0.207031 0.339844 0.210938 0.335938 0.222656 0.335938 0.222656 0.332031 0.226562 0.328125 0.261719 0.328125 0.265625 0.332031 0.285156 0.332031 0.289062 0.335938 0.289062 0.339844 0.292969 0.339844 0.296875 0.343750 0.300781 0.343750 0.304688 0.347656 0.304688 0.363281 0.300781 0.367188 0.269531 0.367188 0.265625 0.363281 0.265625 0.359375 0.253906 0.359375 0.250000 0.363281 0.250000 0.371094 0.277344 0.371094 0.281250 0.375000 0.281250 0.390625 0.292969 0.390625 0.300781 0.382812 0.304688 0.382812 0.308594 0.378906 0.308594 0.367188 0.312500 0.363281 0.332031 0.363281 0.335938 0.359375 0.335938 0.355469 0.339844 0.351562 0.367188 0.351562 0.371094 0.355469 0.371094 0.371094 0.382812 0.371094 0.386719 0.367188 0.402344 0.367188 0.406250 0.371094 0.406250 0.375000 0.410156 0.378906 0.410156 0.382812 0.414062 0.386719 0.414062 0.406250 0.417969 0.410156 0.417969 0.421875 0.425781 0.421875 0.425781 0.414062 0.429688 0.410156 0.437500 0.410156 0.437500 0.363281 0.433594 0.359375 0.433594 0.304688 0.429688 0.300781 0.429688 0.292969 0.425781 0.289062 0.394531 0.289062 0.390625 0.285156 0.390625 0.281250 0.386719 0.281250 0.378906 0.273438 0.378906 0.242188 0.363281 0.242188 0.355469 0.234375 0.355469 0.226562 0.351562 0.226562 0.347656 0.222656 0.332031 0.222656 0.328125 0.218750 0.328125 0.210938
1 0.718750 0.183594 0.714844 0.187500 0.710938 0.187500 0.707031 0.191406 0.707031 0.199219 0.710938 0.203125 0.710938 0.242188 0.707031 0.246094 0.707031 0.261719 0.703125 0.265625 0.703125 0.285156 0.707031 0.289062 0.707031 0.320312 0.722656 0.320312 0.726562 0.324219 0.734375 0.324219 0.734375 0.308594 0.722656 0.296875 0.722656 0.285156 0.718750 0.281250 0.718750 0.277344 0.714844 0.273438 0.714844 0.230469 0.718750 0.226562 0.722656 0.226562 0.730469 0.218750 0.761719 0.218750 0.765625 0.222656 0.769531 0.222656 0.777344 0.230469 0.785156 0.230469 0.785156 0.222656 0.792969 0.214844 0.792969 0.199219 0.757812 0.199219 0.753906 0.195312 0.746094 0.195312 0.738281 0.187500 0.730469 0.187500 0.726562 0.183594
1 0.472656 0.179688 0.472656 0.191406 0.476562 0.195312 0.476562 0.203125 0.480469 0.207031 0.480469 0.222656 0.488281 0.222656 0.492188 0.226562 0.492188 0.242188 0.488281 0.246094 0.480469 0.246094 0.480469 0.277344 0.476562 0.281250 0.468750 0.281250 0.468750 0.292969 0.476562 0.300781 0.488281 0.300781 0.492188 0.304688 0.492188 0.324219 0.488281 0.328125 0.488281 0.339844 0.503906 0.339844 0.511719 0.332031 0.511719 0.320312 0.519531 0.312500 0.535156 0.312500 0.535156 0.304688 0.519531 0.304688 0.515625 0.300781 0.515625 0.289062 0.511719 0.285156 0.511719 0.261719 0.507812 0.257812 0.507812 0.234375 0.511719 0.230469 0.515625 0.230469 0.515625 0.222656 0.500000 0.222656 0.496094 0.218750 0.496094 0.210938 0.492188 0.210938 0.488281 0.207031 0.488281 0.191406 0.480469 0.183594 0.480469 0.179688
1 0.500000 0.125000 0.500000 0.136719 0.503906 0.140625 0.515625 0.140625 0.515625 0.132812 0.511719 0.132812 0.507812 0.128906 0.507812 0.125000
1 0.359375 0.078125 0.339844 0.097656 0.316406 0.097656 0.312500 0.101562 0.312500 0.105469 0.308594 0.109375 0.300781 0.109375 0.300781 0.113281 0.296875 0.117188 0.289062 0.117188 0.285156 0.121094 0.265625 0.121094 0.261719 0.125000 0.257812 0.125000 0.253906 0.128906 0.246094 0.128906 0.238281 0.136719 0.234375 0.136719 0.230469 0.140625 0.230469 0.152344 0.226562 0.156250 0.214844 0.156250 0.210938 0.160156 0.207031 0.160156 0.207031 0.167969 0.203125 0.171875 0.187500 0.171875 0.183594 0.175781 0.179688 0.175781 0.179688 0.187500 0.175781 0.191406 0.160156 0.191406 0.148438 0.203125 0.140625 0.203125 0.140625 0.207031 0.136719 0.210938 0.132812 0.210938 0.132812 0.218750 0.125000 0.226562 0.121094 0.226562 0.105469 0.242188 0.105469 0.246094 0.101562 0.250000 0.101562 0.277344 0.097656 0.281250 0.097656 0.296875 0.093750 0.300781 0.089844 0.300781 0.089844 0.308594 0.085938 0.312500 0.085938 0.316406 0.082031 0.320312 0.082031 0.324219 0.078125 0.328125 0.078125 0.343750 0.074219 0.347656 0.066406 0.347656 0.066406 0.390625 0.074219 0.390625 0.074219 0.363281 0.078125 0.359375 0.082031 0.359375 0.082031 0.343750 0.085938 0.339844 0.085938 0.335938 0.097656 0.324219 0.097656 0.320312 0.101562 0.316406 0.105469 0.316406 0.109375 0.312500 0.117188 0.312500 0.117188 0.308594 0.121094 0.304688 0.121094 0.273438 0.128906 0.265625 0.128906 0.257812 0.136719 0.250000 0.136719 0.226562 0.140625 0.222656 0.144531 0.222656 0.167969 0.199219 0.187500 0.199219 0.187500 0.195312 0.191406 0.191406 0.191406 0.187500 0.199219 0.179688 0.207031 0.179688 0.207031 0.171875 0.210938 0.167969 0.226562 0.167969 0.226562 0.156250 0.230469 0.152344 0.250000 0.152344 0.253906 0.148438 0.261719 0.148438 0.261719 0.136719 0.265625 0.132812 0.289062 0.132812 0.292969 0.136719 0.304688 0.136719 0.304688 0.121094 0.308594 0.117188 0.320312 0.117188 0.332031 0.105469 0.351562 0.105469 0.351562 0.101562 0.359375 0.093750 0.363281 0.093750 0.367188 0.089844 0.371094 0.089844 0.375000 0.085938 0.375000 0.078125
1 0.542969 0.074219 0.542969 0.082031 0.539062 0.085938 0.535156 0.085938 0.535156 0.089844 0.531250 0.093750 0.527344 0.093750 0.523438 0.097656 0.519531 0.097656 0.519531 0.109375 0.531250 0.109375 0.531250 0.105469 0.535156 0.101562 0.539062 0.101562 0.542969 0.097656 0.558594 0.097656 0.562500 0.101562 0.566406 0.101562 0.574219 0.109375 0.585938 0.109375 0.593750 0.117188 0.613281 0.117188 0.617188 0.121094 0.632812 0.121094 0.632812 0.109375 0.628906 0.109375 0.621094 0.101562 0.617188 0.101562 0.613281 0.097656 0.593750 0.097656 0.589844 0.093750 0.585938 0.093750 0.582031 0.089844 0.570312 0.089844 0.566406 0.085938 0.566406 0.082031 0.562500 0.082031 0.558594 0.078125 0.554688 0.078125 0.550781 0.074219
1 0.417969 0.062500 0.417969 0.070312 0.429688 0.070312 0.429688 0.062500
1 0.472656 0.042969 0.472656 0.050781 0.480469 0.050781 0.480469 0.042969
