1 0.332031 0.878906 0.332031 0.882812 0.328125 0.886719 0.328125 0.890625 0.324219 0.894531 0.312500 0.894531 0.312500 0.906250 0.304688 0.914062 0.304688 0.925781 0.296875 0.933594 0.296875 0.937500 0.289062 0.945312 0.289062 0.949219 0.285156 0.953125 0.281250 0.953125 0.273438 0.960938 0.265625 0.960938 0.257812 0.968750 0.253906 0.968750 0.250000 0.972656 0.246094 0.972656 0.242188 0.976562 0.238281 0.976562 0.230469 0.984375 0.226562 0.984375 0.226562 0.996094 0.269531 0.996094 0.269531 0.988281 0.296875 0.960938 0.296875 0.957031 0.304688 0.949219 0.304688 0.945312 0.308594 0.941406 0.308594 0.937500 0.312500 0.933594 0.312500 0.929688 0.316406 0.925781 0.316406 0.921875 0.320312 0.917969 0.320312 0.910156 0.324219 0.906250 0.328125 0.906250 0.332031 0.902344 0.332031 0.898438 0.343750 0.886719 0.343750 0.878906
1 0.351562 0.835938 0.351562 0.843750 0.347656 0.847656 0.343750 0.847656 0.343750 0.855469 0.351562 0.855469 0.351562 0.851562 0.355469 0.847656 0.371094 0.847656 0.375000 0.843750 0.382812 0.843750 0.382812 0.835938
1 0.343750 0.761719 0.343750 0.773438 0.339844 0.777344 0.339844 0.812500 0.347656 0.812500 0.351562 0.808594 0.351562 0.785156 0.359375 0.777344 0.359375 0.765625 0.355469 0.761719
1 0.710938 0.742188 0.707031 0.746094 0.703125 0.746094 0.703125 0.753906 0.710938 0.753906 0.714844 0.750000 0.718750 0.750000 0.718750 0.742188
1 0.441406 0.742188 0.437500 0.746094 0.429688 0.746094 0.429688 0.753906 0.425781 0.757812 0.417969 0.757812 0.417969 0.765625 0.449219 0.765625 0.449219 0.742188
1 0.695312 0.710938 0.695312 0.714844 0.691406 0.718750 0.675781 0.718750 0.675781 0.730469 0.687500 0.730469 0.687500 0.722656 0.691406 0.718750 0.703125 0.718750 0.703125 0.710938
1 0.558594 0.707031 0.550781 0.714844 0.550781 0.738281 0.554688 0.742188 0.566406 0.742188 0.570312 0.746094 0.582031 0.746094 0.585938 0.750000 0.601562 0.750000 0.601562 0.742188 0.597656 0.738281 0.597656 0.707031
1 0.777344 0.695312 0.773438 0.699219 0.765625 0.699219 0.761719 0.703125 0.757812 0.703125 0.757812 0.710938 0.753906 0.714844 0.750000 0.714844 0.742188 0.722656 0.742188 0.730469 0.750000 0.730469 0.757812 0.722656 0.757812 0.718750 0.761719 0.714844 0.765625 0.714844 0.769531 0.710938 0.773438 0.710938 0.777344 0.707031 0.781250 0.707031 0.785156 0.703125 0.789062 0.703125 0.789062 0.695312
1 0.531250 0.644531 0.531250 0.652344 0.523438 0.660156 0.523438 0.671875 0.535156 0.671875 0.535156 0.664062 0.539062 0.660156 0.542969 0.660156 0.542969 0.656250 0.546875 0.652344 0.546875 0.644531
1 0.484375 0.609375 0.484375 0.617188 0.488281 0.617188 0.492188 0.621094 0.492188 0.625000 0.500000 0.625000 0.500000 0.609375
1 0.609375 0.550781 0.609375 0.554688 0.605469 0.558594 0.605469 0.566406 0.613281 0.566406 0.613281 0.562500 0.617188 0.558594 0.617188 0.550781
1 0.339844 0.441406 0.324219 0.457031 0.324219 0.472656 0.332031 0.472656 0.335938 0.476562 0.343750 0.476562 0.347656 0.472656 0.347656 0.468750 0.351562 0.464844 0.355469 0.464844 0.355469 0.453125 0.351562 0.453125 0.347656 0.449219 0.347656 0.441406
1 0.812500 0.410156 0.812500 0.414062 0.800781 0.425781 0.800781 0.429688 0.796875 0.433594 0.792969 0.433594 0.789062 0.437500 0.785156 0.437500 0.781250 0.441406 0.781250 0.445312 0.773438 0.453125 0.753906 0.453125 0.753906 0.460938 0.750000 0.464844 0.746094 0.464844 0.746094 0.472656 0.757812 0.472656 0.761719 0.468750 0.792969 0.468750 0.796875 0.472656 0.796875 0.476562 0.800781 0.480469 0.800781 0.484375 0.804688 0.488281 0.804688 0.527344 0.800781 0.531250 0.796875 0.531250 0.796875 0.539062 0.800781 0.542969 0.800781 0.546875 0.804688 0.550781 0.804688 0.566406 0.800781 0.570312 0.785156 0.570312 0.781250 0.566406 0.781250 0.562500 0.777344 0.558594 0.753906 0.558594 0.750000 0.554688 0.750000 0.542969 0.722656 0.542969 0.718750 0.539062 0.718750 0.535156 0.714844 0.531250 0.714844 0.500000 0.718750 0.496094 0.734375 0.496094 0.734375 0.480469 0.726562 0.480469 0.726562 0.484375 0.722656 0.488281 0.718750 0.488281 0.718750 0.496094 0.714844 0.500000 0.703125 0.500000 0.699219 0.503906 0.691406 0.503906 0.691406 0.515625 0.687500 0.519531 0.667969 0.519531 0.656250 0.531250 0.644531 0.531250 0.644531 0.542969 0.656250 0.542969 0.660156 0.546875 0.660156 0.550781 0.671875 0.550781 0.675781 0.554688 0.675781 0.601562 0.671875 0.605469 0.660156 0.605469 0.660156 0.609375 0.656250 0.613281 0.628906 0.613281 0.621094 0.621094 0.617188 0.621094 0.613281 0.625000 0.585938 0.625000 0.578125 0.632812 0.578125 0.640625 0.585938 0.640625 0.589844 0.644531 0.589844 0.648438 0.601562 0.648438 0.601562 0.644531 0.609375 0.636719 0.625000 0.636719 0.628906 0.632812 0.636719 0.632812 0.636719 0.628906 0.640625 0.625000 0.667969 0.625000 0.667969 0.621094 0.671875 0.617188 0.679688 0.617188 0.679688 0.613281 0.683594 0.609375 0.707031 0.609375 0.707031 0.601562 0.710938 0.597656 0.714844 0.597656 0.714844 0.593750 0.718750 0.589844 0.738281 0.589844 0.742188 0.593750 0.750000 0.593750 0.753906 0.589844 0.785156 0.589844 0.785156 0.582031 0.789062 0.578125 0.792969 0.578125 0.792969 0.574219 0.796875 0.570312 0.820312 0.570312 0.824219 0.566406 0.835938 0.566406 0.835938 0.562500 0.839844 0.558594 0.847656 0.558594 0.847656 0.550781 0.835938 0.550781 0.832031 0.546875 0.832031 0.542969 0.828125 0.539062 0.828125 0.535156 0.824219 0.531250 0.824219 0.527344 0.820312 0.523438 0.820312 0.488281 0.816406 0.484375 0.816406 0.453125 0.820312 0.449219 0.820312 0.437500 0.824219 0.433594 0.824219 0.410156
1 0.710938 0.390625 0.707031 0.394531 0.707031 0.398438 0.703125 0.402344 0.687500 0.402344 0.683594 0.406250 0.675781 0.406250 0.671875 0.410156 0.656250 0.410156 0.656250 0.421875 0.667969 0.421875 0.671875 0.425781 0.683594 0.425781 0.683594 0.417969 0.687500 0.414062 0.710938 0.414062 0.714844 0.410156 0.730469 0.410156 0.738281 0.402344 0.753906 0.402344 0.757812 0.398438 0.757812 0.390625
1 0.246094 0.390625 0.246094 0.402344 0.242188 0.406250 0.226562 0.406250 0.226562 0.414062 0.230469 0.417969 0.246094 0.417969 0.250000 0.421875 0.250000 0.457031 0.253906 0.460938 0.253906 0.472656 0.261719 0.480469 0.261719 0.496094 0.257812 0.500000 0.257812 0.507812 0.261719 0.507812 0.265625 0.511719 0.265625 0.519531 0.269531 0.523438 0.269531 0.535156 0.289062 0.535156 0.300781 0.546875 0.300781 0.550781 0.304688 0.554688 0.304688 0.562500 0.308594 0.562500 0.312500 0.566406 0.320312 0.566406 0.324219 0.562500 0.324219 0.550781 0.328125 0.546875 0.328125 0.539062 0.324219 0.535156 0.324219 0.531250 0.320312 0.527344 0.320312 0.519531 0.312500 0.519531 0.308594 0.515625 0.281250 0.515625 0.273438 0.507812 0.273438 0.500000 0.269531 0.496094 0.269531 0.472656 0.273438 0.468750 0.273438 0.453125 0.269531 0.449219 0.269531 0.445312 0.265625 0.441406 0.265625 0.398438 0.261719 0.394531 0.261719 0.390625
1 0.335938 0.292969 0.335938 0.300781 0.339844 0.304688 0.351562 0.304688 0.351562 0.296875 0.347656 0.292969
1 0.835938 0.285156 0.835938 0.292969 0.839844 0.296875 0.839844 0.300781 0.851562 0.300781 0.855469 0.304688 0.859375 0.304688 0.863281 0.308594 0.863281 0.312500 0.875000 0.312500 0.882812 0.304688 0.882812 0.292969 0.859375 0.292969 0.855469 0.289062 0.855469 0.285156
1 0.882812 0.242188 0.882812 0.253906 0.886719 0.257812 0.886719 0.261719 0.890625 0.265625 0.890625 0.289062 0.902344 0.289062 0.902344 0.273438 0.898438 0.269531 0.898438 0.253906 0.894531 0.250000 0.894531 0.246094 0.890625 0.242188
1 0.710938 0.238281 0.710938 0.250000 0.718750 0.250000 0.722656 0.246094 0.722656 0.238281
1 0.851562 0.207031 0.851562 0.214844 0.855469 0.218750 0.859375 0.218750 0.863281 0.222656 0.863281 0.226562 0.875000 0.226562 0.875000 0.218750 0.871094 0.218750 0.867188 0.214844 0.867188 0.210938 0.863281 0.207031
1 0.785156 0.164062 0.785156 0.171875 0.800781 0.171875 0.804688 0.175781 0.804688 0.179688 0.808594 0.183594 0.812500 0.183594 0.816406 0.187500 0.828125 0.187500 0.828125 0.179688 0.824219 0.179688 0.816406 0.171875 0.800781 0.171875 0.796875 0.167969 0.796875 0.164062
1 0.562500 0.042969 0.558594 0.046875 0.527344 0.046875 0.527344 0.054688 0.546875 0.074219 0.574219 0.074219 0.578125 0.078125 0.609375 0.078125 0.613281 0.082031 0.613281 0.101562 0.609375 0.105469 0.554688 0.105469 0.554688 0.109375 0.550781 0.113281 0.550781 0.117188 0.546875 0.121094 0.542969 0.121094 0.542969 0.128906 0.539062 0.132812 0.511719 0.132812 0.511719 0.148438 0.507812 0.152344 0.507812 0.156250 0.503906 0.160156 0.500000 0.160156 0.496094 0.164062 0.492188 0.164062 0.488281 0.167969 0.472656 0.167969 0.460938 0.179688 0.421875 0.179688 0.421875 0.191406 0.417969 0.195312 0.398438 0.195312 0.390625 0.203125 0.378906 0.203125 0.375000 0.207031 0.363281 0.207031 0.359375 0.210938 0.359375 0.218750 0.363281 0.222656 0.367188 0.222656 0.371094 0.226562 0.378906 0.226562 0.378906 0.218750 0.382812 0.214844 0.386719 0.214844 0.390625 0.210938 0.394531 0.210938 0.398438 0.207031 0.406250 0.207031 0.410156 0.203125 0.414062 0.203125 0.417969 0.199219 0.433594 0.199219 0.441406 0.207031 0.445312 0.207031 0.449219 0.210938 0.468750 0.210938 0.472656 0.214844 0.472656 0.234375 0.468750 0.238281 0.464844 0.238281 0.464844 0.246094 0.460938 0.250000 0.460938 0.253906 0.457031 0.257812 0.453125 0.257812 0.453125 0.281250 0.449219 0.285156 0.429688 0.285156 0.429688 0.292969 0.425781 0.296875 0.425781 0.304688 0.421875 0.308594 0.421875 0.312500 0.417969 0.316406 0.417969 0.320312 0.414062 0.324219 0.414062 0.343750 0.410156 0.347656 0.410156 0.351562 0.406250 0.355469 0.402344 0.355469 0.398438 0.359375 0.382812 0.359375 0.378906 0.355469 0.378906 0.335938 0.375000 0.332031 0.375000 0.324219 0.371094 0.320312 0.371094 0.312500 0.355469 0.312500 0.355469 0.351562 0.359375 0.355469 0.359375 0.386719 0.355469 0.390625 0.355469 0.414062 0.359375 0.417969 0.359375 0.425781 0.367188 0.425781 0.367188 0.417969 0.371094 0.414062 0.375000 0.414062 0.375000 0.410156 0.386719 0.398438 0.386719 0.394531 0.390625 0.390625 0.390625 0.382812 0.394531 0.378906 0.417969 0.378906 0.421875 0.382812 0.421875 0.425781 0.417969 0.429688 0.410156 0.429688 0.410156 0.437500 0.433594 0.437500 0.437500 0.441406 0.437500 0.457031 0.429688 0.464844 0.429688 0.468750 0.425781 0.472656 0.414062 0.472656 0.414062 0.476562 0.410156 0.480469 0.406250 0.480469 0.406250 0.484375 0.398438 0.492188 0.390625 0.492188 0.386719 0.496094 0.386719 0.503906 0.382812 0.507812 0.382812 0.519531 0.378906 0.523438 0.375000 0.523438 0.375000 0.531250 0.371094 0.535156 0.371094 0.542969 0.367188 0.546875 0.367188 0.550781 0.363281 0.554688 0.363281 0.570312 0.367188 0.574219 0.367188 0.578125 0.375000 0.578125 0.382812 0.585938 0.382812 0.589844 0.386719 0.593750 0.386719 0.601562 0.390625 0.601562 0.394531 0.605469 0.394531 0.628906 0.390625 0.632812 0.382812 0.632812 0.378906 0.636719 0.378906 0.644531 0.375000 0.648438 0.363281 0.648438 0.359375 0.652344 0.355469 0.652344 0.355469 0.660156 0.375000 0.660156 0.375000 0.652344 0.378906 0.648438 0.386719 0.648438 0.390625 0.644531 0.394531 0.644531 0.394531 0.625000 0.398438 0.621094 0.406250 0.621094 0.406250 0.609375 0.410156 0.605469 0.414062 0.605469 0.421875 0.597656 0.421875 0.582031 0.425781 0.578125 0.429688 0.578125 0.429688 0.566406 0.433594 0.562500 0.437500 0.562500 0.437500 0.550781 0.433594 0.546875 0.433594 0.527344 0.437500 0.523438 0.437500 0.507812 0.441406 0.503906 0.445312 0.503906 0.453125 0.496094 0.457031 0.496094 0.460938 0.492188 0.476562 0.492188 0.480469 0.488281 0.480469 0.480469 0.484375 0.476562 0.492188 0.476562 0.492188 0.472656 0.496094 0.468750 0.500000 0.468750 0.511719 0.457031 0.511719 0.453125 0.519531 0.445312 0.539062 0.445312 0.542969 0.449219 0.550781 0.449219 0.554688 0.453125 0.558594 0.453125 0.562500 0.457031 0.570312 0.457031 0.574219 0.453125 0.601562 0.453125 0.601562 0.449219 0.605469 0.445312 0.625000 0.445312 0.625000 0.437500 0.589844 0.437500 0.585938 0.433594 0.585938 0.410156 0.593750 0.402344 0.609375 0.402344 0.609375 0.386719 0.613281 0.382812 0.628906 0.382812 0.628906 0.378906 0.632812 0.375000 0.636719 0.375000 0.636719 0.363281 0.640625 0.359375 0.667969 0.359375 0.667969 0.351562 0.671875 0.347656 0.691406 0.347656 0.691406 0.339844 0.695312 0.335938 0.714844 0.335938 0.722656 0.343750 0.722656 0.351562 0.738281 0.351562 0.738281 0.347656 0.746094 0.339844 0.757812 0.339844 0.761719 0.335938 0.781250 0.335938 0.789062 0.343750 0.789062 0.375000 0.792969 0.378906 0.792969 0.382812 0.812500 0.382812 0.816406 0.378906 0.820312 0.378906 0.820312 0.375000 0.824219 0.371094 0.824219 0.367188 0.835938 0.355469 0.835938 0.347656 0.804688 0.347656 0.800781 0.343750 0.800781 0.316406 0.792969 0.308594 0.792969 0.304688 0.769531 0.304688 0.761719 0.296875 0.761719 0.265625 0.753906 0.265625 0.753906 0.269531 0.750000 0.273438 0.734375 0.273438 0.734375 0.277344 0.730469 0.281250 0.707031 0.281250 0.707031 0.285156 0.695312 0.296875 0.695312 0.308594 0.687500 0.316406 0.687500 0.324219 0.683594 0.328125 0.679688 0.328125 0.671875 0.335938 0.660156 0.335938 0.656250 0.339844 0.625000 0.339844 0.621094 0.335938 0.621094 0.320312 0.617188 0.320312 0.613281 0.316406 0.613281 0.296875 0.617188 0.292969 0.628906 0.292969 0.632812 0.289062 0.632812 0.285156 0.640625 0.277344 0.644531 0.277344 0.652344 0.269531 0.656250 0.269531 0.660156 0.265625 0.660156 0.253906 0.656250 0.253906 0.652344 0.250000 0.652344 0.242188 0.648438 0.242188 0.640625 0.234375 0.640625 0.210938 0.644531 0.207031 0.648438 0.207031 0.656250 0.199219 0.656250 0.191406 0.660156 0.187500 0.660156 0.160156 0.664062 0.156250 0.671875 0.156250 0.671875 0.144531 0.667969 0.144531 0.664062 0.140625 0.652344 0.140625 0.648438 0.144531 0.632812 0.144531 0.628906 0.140625 0.628906 0.125000 0.625000 0.121094 0.625000 0.117188 0.621094 0.117188 0.617188 0.113281 0.617188 0.097656 0.628906 0.085938 0.632812 0.085938 0.632812 0.074219 0.636719 0.070312 0.660156 0.070312 0.664062 0.074219 0.664062 0.078125 0.671875 0.085938 0.675781 0.085938 0.679688 0.089844 0.683594 0.089844 0.687500 0.093750 0.691406 0.093750 0.695312 0.097656 0.695312 0.101562 0.699219 0.105469 0.707031 0.105469 0.710938 0.101562 0.714844 0.101562 0.714844 0.093750 0.710938 0.089844 0.707031 0.089844 0.675781 0.058594 0.664062 0.058594 0.660156 0.054688 0.613281 0.054688 0.609375 0.050781 0.597656 0.050781 0.593750 0.046875 0.574219 0.046875 0.570312 0.042969
