1 0.519531 0.695312 0.519531 0.707031 0.515625 0.710938 0.515625 0.726562 0.511719 0.730469 0.476562 0.730469 0.476562 0.738281 0.480469 0.742188 0.523438 0.742188 0.527344 0.746094 0.527344 0.753906 0.542969 0.753906 0.542969 0.730469 0.539062 0.730469 0.535156 0.726562 0.535156 0.710938 0.531250 0.707031 0.531250 0.695312
1 0.503906 0.640625 0.503906 0.648438 0.519531 0.648438 0.531250 0.660156 0.531250 0.664062 0.542969 0.664062 0.542969 0.640625
1 0.707031 0.625000 0.699219 0.632812 0.695312 0.632812 0.695312 0.640625 0.699219 0.640625 0.703125 0.644531 0.703125 0.648438 0.707031 0.652344 0.707031 0.656250 0.710938 0.656250 0.714844 0.660156 0.718750 0.660156 0.730469 0.671875 0.746094 0.671875 0.746094 0.648438 0.742188 0.644531 0.742188 0.636719 0.738281 0.636719 0.734375 0.632812 0.722656 0.632812 0.714844 0.625000
1 0.250000 0.625000 0.246094 0.628906 0.246094 0.636719 0.242188 0.640625 0.242188 0.644531 0.234375 0.652344 0.230469 0.652344 0.226562 0.656250 0.226562 0.664062 0.222656 0.667969 0.218750 0.667969 0.214844 0.671875 0.210938 0.671875 0.210938 0.679688 0.218750 0.679688 0.222656 0.675781 0.226562 0.675781 0.230469 0.671875 0.238281 0.671875 0.242188 0.667969 0.253906 0.667969 0.253906 0.652344 0.257812 0.648438 0.265625 0.648438 0.265625 0.640625 0.269531 0.636719 0.269531 0.628906 0.265625 0.628906 0.261719 0.625000
1 0.656250 0.570312 0.652344 0.574219 0.636719 0.574219 0.636719 0.585938 0.640625 0.585938 0.648438 0.593750 0.648438 0.597656 0.675781 0.597656 0.675781 0.570312
1 0.593750 0.562500 0.593750 0.570312 0.613281 0.570312 0.613281 0.562500
1 0.929688 0.546875 0.929688 0.554688 0.925781 0.558594 0.925781 0.570312 0.921875 0.574219 0.921875 0.578125 0.917969 0.582031 0.917969 0.589844 0.914062 0.593750 0.914062 0.601562 0.925781 0.601562 0.925781 0.589844 0.929688 0.585938 0.929688 0.582031 0.933594 0.578125 0.933594 0.562500 0.937500 0.558594 0.937500 0.546875
1 0.937500 0.492188 0.937500 0.511719 0.945312 0.511719 0.945312 0.492188
1 0.273438 0.492188 0.273438 0.507812 0.277344 0.511719 0.277344 0.519531 0.281250 0.519531 0.285156 0.523438 0.300781 0.523438 0.300781 0.519531 0.304688 0.515625 0.308594 0.515625 0.308594 0.492188
1 0.957031 0.324219 0.957031 0.328125 0.953125 0.332031 0.953125 0.378906 0.949219 0.382812 0.949219 0.398438 0.953125 0.402344 0.953125 0.425781 0.949219 0.429688 0.949219 0.437500 0.957031 0.437500 0.960938 0.433594 0.960938 0.429688 0.964844 0.425781 0.964844 0.417969 0.960938 0.414062 0.960938 0.386719 0.964844 0.382812 0.964844 0.367188 0.960938 0.363281 0.960938 0.343750 0.964844 0.339844 0.964844 0.324219
1 0.574219 0.285156 0.574219 0.300781 0.570312 0.304688 0.566406 0.304688 0.566406 0.308594 0.558594 0.316406 0.554688 0.316406 0.554688 0.324219 0.558594 0.328125 0.558594 0.332031 0.562500 0.335938 0.570312 0.335938 0.574219 0.339844 0.574219 0.343750 0.578125 0.347656 0.582031 0.347656 0.585938 0.351562 0.585938 0.359375 0.597656 0.371094 0.597656 0.378906 0.613281 0.378906 0.613281 0.363281 0.617188 0.359375 0.617188 0.328125 0.609375 0.320312 0.609375 0.289062 0.593750 0.289062 0.589844 0.285156
1 0.300781 0.281250 0.296875 0.285156 0.292969 0.285156 0.285156 0.292969 0.277344 0.292969 0.277344 0.296875 0.261719 0.312500 0.261719 0.320312 0.289062 0.320312 0.292969 0.324219 0.300781 0.324219 0.300781 0.316406 0.304688 0.312500 0.308594 0.312500 0.316406 0.304688 0.332031 0.304688 0.335938 0.308594 0.335938 0.339844 0.339844 0.343750 0.339844 0.351562 0.343750 0.355469 0.343750 0.363281 0.347656 0.363281 0.355469 0.371094 0.355469 0.375000 0.359375 0.378906 0.359375 0.402344 0.355469 0.406250 0.351562 0.406250 0.351562 0.414062 0.347656 0.417969 0.332031 0.417969 0.332031 0.429688 0.339844 0.429688 0.343750 0.425781 0.343750 0.421875 0.347656 0.417969 0.359375 0.417969 0.363281 0.414062 0.386719 0.414062 0.390625 0.417969 0.390625 0.429688 0.398438 0.437500 0.398438 0.476562 0.394531 0.480469 0.394531 0.484375 0.390625 0.488281 0.390625 0.496094 0.394531 0.500000 0.402344 0.500000 0.406250 0.503906 0.406250 0.507812 0.410156 0.511719 0.410156 0.519531 0.414062 0.523438 0.414062 0.546875 0.410156 0.550781 0.371094 0.550781 0.371094 0.558594 0.375000 0.558594 0.382812 0.566406 0.386719 0.566406 0.394531 0.574219 0.394531 0.601562 0.390625 0.605469 0.386719 0.605469 0.382812 0.609375 0.378906 0.609375 0.375000 0.613281 0.371094 0.613281 0.367188 0.617188 0.359375 0.617188 0.351562 0.625000 0.339844 0.625000 0.335938 0.628906 0.328125 0.628906 0.320312 0.636719 0.312500 0.636719 0.300781 0.648438 0.300781 0.656250 0.308594 0.656250 0.312500 0.652344 0.316406 0.652344 0.320312 0.648438 0.324219 0.648438 0.328125 0.644531 0.367188 0.644531 0.371094 0.648438 0.378906 0.648438 0.382812 0.652344 0.386719 0.652344 0.390625 0.656250 0.390625 0.660156 0.398438 0.660156 0.402344 0.664062 0.402344 0.667969 0.410156 0.675781 0.414062 0.675781 0.417969 0.679688 0.417969 0.699219 0.421875 0.703125 0.433594 0.703125 0.433594 0.683594 0.437500 0.679688 0.453125 0.679688 0.457031 0.675781 0.457031 0.667969 0.453125 0.664062 0.453125 0.648438 0.445312 0.640625 0.433594 0.640625 0.417969 0.625000 0.417969 0.621094 0.414062 0.617188 0.414062 0.601562 0.417969 0.597656 0.421875 0.597656 0.425781 0.593750 0.445312 0.593750 0.449219 0.597656 0.457031 0.597656 0.457031 0.589844 0.460938 0.585938 0.476562 0.585938 0.480469 0.589844 0.484375 0.589844 0.488281 0.593750 0.496094 0.593750 0.500000 0.597656 0.519531 0.597656 0.519531 0.589844 0.515625 0.585938 0.515625 0.566406 0.519531 0.562500 0.562500 0.562500 0.566406 0.558594 0.570312 0.558594 0.570312 0.546875 0.574219 0.542969 0.589844 0.542969 0.593750 0.539062 0.601562 0.539062 0.605469 0.535156 0.605469 0.527344 0.613281 0.519531 0.617188 0.519531 0.617188 0.503906 0.621094 0.500000 0.636719 0.500000 0.644531 0.507812 0.664062 0.507812 0.671875 0.515625 0.679688 0.515625 0.683594 0.511719 0.707031 0.511719 0.707031 0.492188 0.710938 0.488281 0.718750 0.488281 0.726562 0.480469 0.730469 0.480469 0.734375 0.476562 0.750000 0.476562 0.753906 0.480469 0.753906 0.484375 0.757812 0.488281 0.757812 0.503906 0.753906 0.507812 0.753906 0.515625 0.769531 0.515625 0.773438 0.519531 0.773438 0.535156 0.769531 0.539062 0.761719 0.539062 0.761719 0.546875 0.765625 0.546875 0.769531 0.550781 0.769531 0.574219 0.777344 0.574219 0.777344 0.550781 0.781250 0.546875 0.781250 0.531250 0.785156 0.527344 0.789062 0.527344 0.789062 0.496094 0.792969 0.492188 0.824219 0.492188 0.824219 0.484375 0.820312 0.484375 0.816406 0.480469 0.777344 0.480469 0.773438 0.476562 0.773438 0.453125 0.777344 0.449219 0.781250 0.449219 0.785156 0.445312 0.789062 0.445312 0.789062 0.441406 0.792969 0.437500 0.792969 0.433594 0.796875 0.429688 0.796875 0.414062 0.804688 0.406250 0.804688 0.378906 0.808594 0.375000 0.808594 0.371094 0.812500 0.367188 0.812500 0.359375 0.796875 0.359375 0.792969 0.355469 0.792969 0.332031 0.796875 0.328125 0.808594 0.328125 0.812500 0.324219 0.832031 0.324219 0.832031 0.312500 0.824219 0.304688 0.824219 0.281250 0.812500 0.281250 0.812500 0.285156 0.808594 0.289062 0.804688 0.289062 0.804688 0.296875 0.796875 0.304688 0.796875 0.328125 0.792969 0.332031 0.769531 0.332031 0.765625 0.328125 0.765625 0.320312 0.730469 0.320312 0.726562 0.316406 0.726562 0.300781 0.714844 0.300781 0.710938 0.304688 0.710938 0.324219 0.707031 0.328125 0.687500 0.328125 0.687500 0.343750 0.683594 0.347656 0.683594 0.355469 0.699219 0.355469 0.703125 0.359375 0.703125 0.378906 0.699219 0.382812 0.695312 0.382812 0.695312 0.386719 0.691406 0.390625 0.691406 0.402344 0.687500 0.406250 0.683594 0.406250 0.683594 0.433594 0.675781 0.441406 0.675781 0.457031 0.671875 0.460938 0.664062 0.460938 0.664062 0.472656 0.660156 0.476562 0.656250 0.476562 0.652344 0.480469 0.636719 0.480469 0.632812 0.476562 0.632812 0.464844 0.628906 0.460938 0.613281 0.460938 0.609375 0.457031 0.597656 0.457031 0.589844 0.464844 0.574219 0.464844 0.570312 0.460938 0.566406 0.460938 0.558594 0.453125 0.558594 0.449219 0.554688 0.445312 0.554688 0.441406 0.535156 0.441406 0.527344 0.433594 0.527344 0.417969 0.523438 0.414062 0.523438 0.402344 0.519531 0.398438 0.511719 0.398438 0.507812 0.394531 0.507812 0.390625 0.503906 0.386719 0.496094 0.386719 0.496094 0.425781 0.500000 0.429688 0.500000 0.433594 0.507812 0.433594 0.511719 0.437500 0.511719 0.445312 0.519531 0.453125 0.523438 0.453125 0.527344 0.457031 0.531250 0.457031 0.535156 0.460938 0.539062 0.460938 0.542969 0.464844 0.542969 0.472656 0.546875 0.476562 0.546875 0.484375 0.550781 0.488281 0.550781 0.496094 0.558594 0.496094 0.558594 0.480469 0.562500 0.476562 0.578125 0.476562 0.585938 0.484375 0.585938 0.500000 0.578125 0.507812 0.562500 0.507812 0.562500 0.531250 0.558594 0.535156 0.542969 0.535156 0.535156 0.542969 0.519531 0.542969 0.519531 0.562500 0.515625 0.566406 0.500000 0.566406 0.496094 0.570312 0.492188 0.570312 0.488281 0.574219 0.476562 0.574219 0.476562 0.578125 0.472656 0.582031 0.457031 0.582031 0.453125 0.578125 0.453125 0.558594 0.457031 0.554688 0.464844 0.554688 0.464844 0.507812 0.472656 0.500000 0.472656 0.492188 0.468750 0.492188 0.464844 0.488281 0.464844 0.480469 0.460938 0.480469 0.453125 0.472656 0.449219 0.472656 0.445312 0.468750 0.445312 0.464844 0.441406 0.464844 0.437500 0.460938 0.437500 0.437500 0.441406 0.433594 0.449219 0.433594 0.449219 0.425781 0.445312 0.421875 0.445312 0.414062 0.441406 0.414062 0.437500 0.410156 0.437500 0.394531 0.441406 0.390625 0.449219 0.390625 0.449219 0.382812 0.460938 0.371094 0.484375 0.371094 0.484375 0.343750 0.480469 0.343750 0.476562 0.339844 0.476562 0.328125 0.460938 0.328125 0.460938 0.335938 0.453125 0.343750 0.433594 0.343750 0.429688 0.339844 0.414062 0.339844 0.410156 0.335938 0.410156 0.328125 0.386719 0.328125 0.382812 0.324219 0.378906 0.324219 0.371094 0.316406 0.351562 0.316406 0.347656 0.312500 0.347656 0.292969 0.343750 0.289062 0.343750 0.285156 0.335938 0.285156 0.335938 0.292969 0.332031 0.296875 0.316406 0.296875 0.312500 0.292969 0.312500 0.289062 0.308594 0.285156 0.308594 0.281250
1 0.703125 0.261719 0.703125 0.269531 0.714844 0.269531 0.714844 0.261719
1 0.636719 0.257812 0.636719 0.261719 0.632812 0.265625 0.632812 0.273438 0.636719 0.273438 0.644531 0.281250 0.644531 0.312500 0.640625 0.316406 0.640625 0.328125 0.648438 0.328125 0.652344 0.332031 0.660156 0.332031 0.660156 0.320312 0.664062 0.316406 0.683594 0.316406 0.683594 0.300781 0.687500 0.296875 0.687500 0.289062 0.671875 0.289062 0.667969 0.285156 0.667969 0.265625 0.664062 0.265625 0.656250 0.257812
1 0.667969 0.230469 0.667969 0.238281 0.675781 0.238281 0.675781 0.230469
1 0.785156 0.222656 0.781250 0.226562 0.777344 0.226562 0.777344 0.257812 0.781250 0.261719 0.796875 0.261719 0.796875 0.257812 0.800781 0.253906 0.800781 0.242188 0.796875 0.238281 0.796875 0.222656
1 0.421875 0.210938 0.417969 0.214844 0.417969 0.238281 0.414062 0.242188 0.410156 0.242188 0.406250 0.246094 0.390625 0.246094 0.386719 0.250000 0.386719 0.257812 0.390625 0.257812 0.394531 0.261719 0.394531 0.265625 0.398438 0.269531 0.410156 0.269531 0.414062 0.265625 0.414062 0.253906 0.421875 0.246094 0.425781 0.246094 0.429688 0.242188 0.429688 0.238281 0.433594 0.234375 0.433594 0.218750 0.429688 0.214844 0.429688 0.210938
1 0.679688 0.128906 0.675781 0.132812 0.664062 0.132812 0.664062 0.136719 0.660156 0.140625 0.660156 0.144531 0.656250 0.148438 0.652344 0.148438 0.648438 0.152344 0.644531 0.152344 0.636719 0.160156 0.632812 0.160156 0.625000 0.167969 0.625000 0.179688 0.636719 0.179688 0.640625 0.175781 0.648438 0.175781 0.652344 0.171875 0.660156 0.171875 0.664062 0.167969 0.664062 0.160156 0.667969 0.156250 0.695312 0.156250 0.699219 0.152344 0.699219 0.136719 0.695312 0.132812 0.695312 0.128906
1 0.578125 0.125000 0.570312 0.132812 0.566406 0.132812 0.566406 0.140625 0.562500 0.144531 0.558594 0.144531 0.550781 0.152344 0.539062 0.152344 0.535156 0.156250 0.531250 0.156250 0.527344 0.160156 0.527344 0.167969 0.523438 0.171875 0.519531 0.171875 0.519531 0.175781 0.515625 0.179688 0.496094 0.179688 0.492188 0.183594 0.484375 0.183594 0.484375 0.195312 0.492188 0.203125 0.496094 0.203125 0.500000 0.207031 0.500000 0.218750 0.511719 0.218750 0.511719 0.203125 0.515625 0.199219 0.535156 0.199219 0.539062 0.203125 0.539062 0.222656 0.531250 0.230469 0.527344 0.230469 0.527344 0.238281 0.523438 0.242188 0.515625 0.242188 0.511719 0.246094 0.511719 0.257812 0.515625 0.261719 0.515625 0.269531 0.519531 0.273438 0.519531 0.285156 0.523438 0.289062 0.523438 0.292969 0.535156 0.292969 0.539062 0.289062 0.550781 0.289062 0.550781 0.281250 0.554688 0.277344 0.562500 0.277344 0.562500 0.265625 0.566406 0.261719 0.566406 0.253906 0.562500 0.250000 0.562500 0.234375 0.566406 0.230469 0.574219 0.230469 0.578125 0.226562 0.578125 0.183594 0.589844 0.171875 0.601562 0.171875 0.601562 0.152344 0.597656 0.152344 0.593750 0.148438 0.593750 0.140625 0.589844 0.136719 0.589844 0.125000
1 0.402344 0.117188 0.394531 0.125000 0.394531 0.128906 0.390625 0.132812 0.390625 0.136719 0.375000 0.152344 0.375000 0.156250 0.367188 0.164062 0.363281 0.164062 0.359375 0.167969 0.355469 0.167969 0.355469 0.175781 0.351562 0.179688 0.347656 0.179688 0.347656 0.203125 0.343750 0.207031 0.339844 0.207031 0.328125 0.218750 0.328125 0.226562 0.339844 0.226562 0.343750 0.222656 0.343750 0.218750 0.347656 0.214844 0.347656 0.191406 0.351562 0.187500 0.367188 0.187500 0.371094 0.183594 0.375000 0.183594 0.378906 0.179688 0.394531 0.179688 0.398438 0.183594 0.398438 0.191406 0.410156 0.191406 0.410156 0.167969 0.414062 0.164062 0.421875 0.164062 0.421875 0.148438 0.425781 0.144531 0.441406 0.144531 0.445312 0.140625 0.445312 0.136719 0.449219 0.132812 0.449219 0.125000 0.445312 0.121094 0.417969 0.121094 0.414062 0.117188
1 0.597656 0.085938 0.597656 0.093750 0.593750 0.097656 0.593750 0.105469 0.601562 0.105469 0.609375 0.097656 0.609375 0.089844 0.605469 0.085938
