1 0.804688 0.781250 0.800781 0.785156 0.781250 0.785156 0.781250 0.796875 0.789062 0.796875 0.792969 0.800781 0.792969 0.812500 0.804688 0.824219 0.804688 0.828125 0.812500 0.828125 0.816406 0.824219 0.882812 0.824219 0.886719 0.828125 0.894531 0.828125 0.898438 0.832031 0.898438 0.839844 0.914062 0.839844 0.917969 0.835938 0.917969 0.828125 0.921875 0.824219 0.921875 0.816406 0.917969 0.812500 0.917969 0.792969 0.894531 0.792969 0.894531 0.796875 0.886719 0.804688 0.882812 0.804688 0.882812 0.808594 0.878906 0.812500 0.863281 0.812500 0.859375 0.816406 0.843750 0.816406 0.839844 0.812500 0.839844 0.792969 0.835938 0.792969 0.832031 0.789062 0.832031 0.785156 0.816406 0.785156 0.812500 0.781250
1 0.535156 0.746094 0.535156 0.777344 0.539062 0.781250 0.539062 0.785156 0.542969 0.785156 0.550781 0.792969 0.550781 0.796875 0.558594 0.796875 0.562500 0.792969 0.570312 0.792969 0.570312 0.785156 0.574219 0.781250 0.578125 0.781250 0.585938 0.773438 0.593750 0.773438 0.593750 0.765625 0.578125 0.765625 0.574219 0.761719 0.574219 0.757812 0.570312 0.753906 0.550781 0.753906 0.546875 0.750000 0.546875 0.746094
1 0.496094 0.746094 0.496094 0.757812 0.503906 0.757812 0.503906 0.746094
1 0.714844 0.710938 0.714844 0.718750 0.722656 0.718750 0.726562 0.722656 0.726562 0.738281 0.730469 0.742188 0.742188 0.742188 0.746094 0.746094 0.746094 0.757812 0.761719 0.757812 0.765625 0.761719 0.765625 0.769531 0.773438 0.769531 0.773438 0.753906 0.777344 0.750000 0.781250 0.750000 0.785156 0.746094 0.789062 0.746094 0.796875 0.738281 0.796875 0.726562 0.785156 0.714844 0.785156 0.710938 0.769531 0.710938 0.765625 0.714844 0.761719 0.714844 0.761719 0.722656 0.757812 0.726562 0.742188 0.726562 0.738281 0.722656 0.738281 0.718750 0.730469 0.718750 0.726562 0.714844 0.726562 0.710938
1 0.738281 0.535156 0.734375 0.539062 0.726562 0.539062 0.726562 0.546875 0.746094 0.546875 0.753906 0.554688 0.753906 0.566406 0.757812 0.566406 0.761719 0.570312 0.761719 0.574219 0.765625 0.578125 0.765625 0.593750 0.773438 0.593750 0.773438 0.589844 0.777344 0.585938 0.781250 0.585938 0.781250 0.574219 0.785156 0.570312 0.808594 0.570312 0.812500 0.574219 0.812500 0.585938 0.824219 0.585938 0.828125 0.582031 0.847656 0.582031 0.847656 0.574219 0.832031 0.574219 0.828125 0.570312 0.828125 0.566406 0.824219 0.566406 0.820312 0.562500 0.812500 0.562500 0.808594 0.558594 0.808594 0.546875 0.800781 0.546875 0.796875 0.542969 0.777344 0.542969 0.773438 0.539062 0.773438 0.535156
1 0.644531 0.511719 0.644531 0.542969 0.652344 0.542969 0.652344 0.539062 0.656250 0.535156 0.664062 0.535156 0.671875 0.527344 0.671875 0.519531 0.664062 0.511719
1 0.617188 0.480469 0.617188 0.488281 0.625000 0.496094 0.636719 0.496094 0.636719 0.484375 0.628906 0.484375 0.625000 0.480469
1 0.292969 0.441406 0.292969 0.484375 0.289062 0.488281 0.289062 0.511719 0.292969 0.515625 0.292969 0.531250 0.296875 0.535156 0.296875 0.539062 0.304688 0.539062 0.304688 0.527344 0.300781 0.523438 0.300781 0.496094 0.304688 0.492188 0.304688 0.472656 0.312500 0.464844 0.312500 0.457031 0.300781 0.445312 0.300781 0.441406
1 0.554688 0.351562 0.554688 0.355469 0.550781 0.359375 0.535156 0.359375 0.535156 0.367188 0.542969 0.375000 0.542969 0.378906 0.550781 0.378906 0.554688 0.382812 0.593750 0.382812 0.597656 0.378906 0.597656 0.367188 0.593750 0.367188 0.589844 0.363281 0.574219 0.363281 0.566406 0.355469 0.566406 0.351562
1 0.500000 0.343750 0.500000 0.351562 0.511719 0.351562 0.511719 0.343750
1 0.132812 0.101562 0.132812 0.117188 0.136719 0.117188 0.140625 0.121094 0.140625 0.125000 0.160156 0.125000 0.164062 0.128906 0.164062 0.132812 0.167969 0.136719 0.167969 0.148438 0.179688 0.148438 0.187500 0.156250 0.187500 0.164062 0.191406 0.164062 0.195312 0.167969 0.195312 0.171875 0.199219 0.175781 0.203125 0.175781 0.210938 0.183594 0.222656 0.183594 0.226562 0.187500 0.226562 0.199219 0.234375 0.207031 0.246094 0.207031 0.250000 0.210938 0.250000 0.226562 0.261719 0.238281 0.281250 0.238281 0.285156 0.242188 0.285156 0.257812 0.289062 0.257812 0.292969 0.261719 0.292969 0.277344 0.296875 0.281250 0.296875 0.285156 0.300781 0.289062 0.300781 0.308594 0.296875 0.312500 0.296875 0.355469 0.308594 0.355469 0.308594 0.343750 0.312500 0.339844 0.312500 0.335938 0.320312 0.328125 0.324219 0.328125 0.328125 0.324219 0.351562 0.324219 0.355469 0.328125 0.355469 0.351562 0.351562 0.355469 0.351562 0.363281 0.355469 0.367188 0.355469 0.371094 0.402344 0.371094 0.414062 0.382812 0.414062 0.402344 0.425781 0.402344 0.429688 0.406250 0.429688 0.414062 0.433594 0.417969 0.433594 0.429688 0.441406 0.429688 0.445312 0.433594 0.445312 0.437500 0.453125 0.437500 0.460938 0.445312 0.460938 0.449219 0.464844 0.453125 0.472656 0.453125 0.476562 0.457031 0.480469 0.457031 0.484375 0.460938 0.484375 0.515625 0.488281 0.519531 0.496094 0.519531 0.500000 0.523438 0.500000 0.539062 0.496094 0.542969 0.496094 0.562500 0.492188 0.566406 0.492188 0.578125 0.488281 0.582031 0.488281 0.585938 0.484375 0.589844 0.484375 0.593750 0.480469 0.597656 0.480469 0.605469 0.492188 0.605469 0.496094 0.609375 0.496094 0.632812 0.488281 0.640625 0.488281 0.683594 0.492188 0.687500 0.492188 0.699219 0.507812 0.699219 0.511719 0.703125 0.511719 0.707031 0.527344 0.707031 0.531250 0.703125 0.546875 0.703125 0.546875 0.687500 0.523438 0.687500 0.515625 0.679688 0.515625 0.660156 0.523438 0.652344 0.523438 0.640625 0.531250 0.632812 0.531250 0.625000 0.527344 0.621094 0.527344 0.613281 0.515625 0.613281 0.511719 0.609375 0.511719 0.582031 0.515625 0.578125 0.527344 0.578125 0.531250 0.574219 0.562500 0.574219 0.562500 0.566406 0.566406 0.562500 0.582031 0.562500 0.585938 0.566406 0.585938 0.589844 0.589844 0.589844 0.597656 0.597656 0.597656 0.601562 0.601562 0.605469 0.609375 0.605469 0.613281 0.609375 0.613281 0.625000 0.617188 0.628906 0.617188 0.675781 0.613281 0.679688 0.613281 0.703125 0.609375 0.707031 0.605469 0.707031 0.605469 0.722656 0.609375 0.726562 0.617188 0.726562 0.621094 0.722656 0.625000 0.722656 0.625000 0.703125 0.640625 0.687500 0.644531 0.687500 0.644531 0.683594 0.648438 0.679688 0.652344 0.679688 0.656250 0.675781 0.691406 0.675781 0.695312 0.679688 0.695312 0.687500 0.703125 0.695312 0.703125 0.703125 0.710938 0.703125 0.710938 0.691406 0.707031 0.687500 0.707031 0.683594 0.699219 0.675781 0.699219 0.660156 0.703125 0.656250 0.722656 0.656250 0.726562 0.652344 0.765625 0.652344 0.769531 0.656250 0.769531 0.660156 0.773438 0.664062 0.789062 0.664062 0.792969 0.660156 0.808594 0.660156 0.812500 0.664062 0.812500 0.675781 0.824219 0.675781 0.824219 0.667969 0.835938 0.656250 0.839844 0.656250 0.839844 0.648438 0.832031 0.640625 0.832031 0.636719 0.828125 0.636719 0.824219 0.632812 0.816406 0.632812 0.812500 0.628906 0.812500 0.625000 0.808594 0.625000 0.804688 0.621094 0.796875 0.621094 0.796875 0.632812 0.792969 0.636719 0.765625 0.636719 0.761719 0.632812 0.753906 0.632812 0.750000 0.636719 0.742188 0.636719 0.742188 0.640625 0.738281 0.644531 0.734375 0.644531 0.730469 0.648438 0.707031 0.648438 0.703125 0.644531 0.703125 0.632812 0.695312 0.632812 0.695312 0.648438 0.691406 0.652344 0.660156 0.652344 0.656250 0.648438 0.656250 0.632812 0.652344 0.628906 0.652344 0.625000 0.648438 0.625000 0.613281 0.589844 0.613281 0.585938 0.609375 0.585938 0.597656 0.574219 0.589844 0.574219 0.585938 0.570312 0.585938 0.554688 0.578125 0.546875 0.578125 0.542969 0.574219 0.542969 0.566406 0.535156 0.566406 0.531250 0.550781 0.515625 0.546875 0.515625 0.542969 0.511719 0.542969 0.503906 0.539062 0.503906 0.535156 0.500000 0.531250 0.500000 0.527344 0.496094 0.527344 0.488281 0.515625 0.476562 0.515625 0.468750 0.507812 0.460938 0.507812 0.445312 0.488281 0.445312 0.484375 0.441406 0.484375 0.437500 0.480469 0.437500 0.476562 0.433594 0.476562 0.429688 0.472656 0.425781 0.472656 0.414062 0.468750 0.410156 0.468750 0.406250 0.464844 0.406250 0.460938 0.402344 0.460938 0.398438 0.457031 0.394531 0.457031 0.382812 0.453125 0.378906 0.441406 0.378906 0.437500 0.375000 0.437500 0.371094 0.433594 0.367188 0.433594 0.359375 0.429688 0.359375 0.425781 0.355469 0.410156 0.355469 0.402344 0.347656 0.402344 0.332031 0.398438 0.328125 0.398438 0.312500 0.394531 0.312500 0.390625 0.308594 0.390625 0.300781 0.375000 0.300781 0.371094 0.296875 0.371094 0.281250 0.359375 0.281250 0.355469 0.285156 0.339844 0.285156 0.324219 0.269531 0.324219 0.265625 0.320312 0.265625 0.292969 0.238281 0.281250 0.238281 0.277344 0.234375 0.277344 0.222656 0.265625 0.210938 0.261719 0.210938 0.253906 0.203125 0.253906 0.199219 0.250000 0.199219 0.246094 0.195312 0.246094 0.191406 0.242188 0.191406 0.234375 0.183594 0.234375 0.179688 0.230469 0.179688 0.226562 0.175781 0.222656 0.175781 0.218750 0.171875 0.218750 0.167969 0.207031 0.156250 0.199219 0.156250 0.191406 0.148438 0.191406 0.144531 0.187500 0.140625 0.187500 0.125000 0.183594 0.121094 0.179688 0.121094 0.175781 0.117188 0.171875 0.117188 0.167969 0.113281 0.167969 0.109375 0.152344 0.109375 0.148438 0.105469 0.144531 0.105469 0.140625 0.101562
1 0.000000 0.023438 0.000000 0.031250 0.007812 0.031250 0.011719 0.035156 0.011719 0.039062 0.019531 0.039062 0.023438 0.042969 0.046875 0.042969 0.050781 0.046875 0.062500 0.046875 0.066406 0.050781 0.078125 0.050781 0.082031 0.054688 0.085938 0.054688 0.089844 0.058594 0.089844 0.078125 0.085938 0.082031 0.085938 0.089844 0.093750 0.089844 0.093750 0.078125 0.097656 0.074219 0.117188 0.074219 0.117188 0.058594 0.113281 0.058594 0.105469 0.050781 0.101562 0.050781 0.097656 0.046875 0.089844 0.046875 0.085938 0.042969 0.082031 0.042969 0.078125 0.039062 0.074219 0.039062 0.066406 0.031250 0.058594 0.031250 0.054688 0.027344 0.046875 0.027344 0.042969 0.023438
