1 0.910156 0.945312 0.910156 0.960938 0.906250 0.964844 0.898438 0.964844 0.894531 0.968750 0.894531 0.976562 0.898438 0.976562 0.906250 0.984375 0.921875 0.984375 0.925781 0.988281 0.925781 0.996094 0.957031 0.996094 0.957031 0.992188 0.953125 0.988281 0.953125 0.984375 0.949219 0.980469 0.949219 0.976562 0.941406 0.968750 0.937500 0.968750 0.929688 0.960938 0.929688 0.957031 0.917969 0.945312
1 0.835938 0.871094 0.835938 0.878906 0.839844 0.882812 0.839844 0.890625 0.843750 0.890625 0.851562 0.898438 0.851562 0.902344 0.859375 0.902344 0.863281 0.906250 0.871094 0.906250 0.871094 0.898438 0.863281 0.890625 0.859375 0.890625 0.851562 0.882812 0.851562 0.878906 0.843750 0.871094
1 0.773438 0.695312 0.773438 0.699219 0.769531 0.703125 0.753906 0.703125 0.742188 0.714844 0.722656 0.714844 0.718750 0.718750 0.707031 0.718750 0.707031 0.742188 0.703125 0.746094 0.675781 0.746094 0.671875 0.750000 0.671875 0.757812 0.675781 0.761719 0.679688 0.761719 0.683594 0.765625 0.699219 0.765625 0.703125 0.769531 0.703125 0.773438 0.710938 0.773438 0.714844 0.777344 0.714844 0.792969 0.718750 0.796875 0.722656 0.796875 0.730469 0.804688 0.734375 0.804688 0.738281 0.808594 0.738281 0.820312 0.742188 0.824219 0.765625 0.824219 0.769531 0.828125 0.777344 0.828125 0.781250 0.824219 0.785156 0.824219 0.785156 0.816406 0.781250 0.812500 0.781250 0.808594 0.777344 0.804688 0.773438 0.804688 0.769531 0.800781 0.769531 0.792969 0.757812 0.781250 0.753906 0.781250 0.742188 0.769531 0.742188 0.757812 0.738281 0.753906 0.738281 0.742188 0.734375 0.738281 0.734375 0.722656 0.738281 0.718750 0.753906 0.718750 0.757812 0.714844 0.769531 0.714844 0.769531 0.707031 0.773438 0.703125 0.781250 0.703125 0.781250 0.695312
1 0.835938 0.628906 0.835938 0.632812 0.832031 0.636719 0.832031 0.640625 0.824219 0.648438 0.824219 0.652344 0.820312 0.656250 0.820312 0.664062 0.816406 0.667969 0.812500 0.667969 0.812500 0.675781 0.804688 0.683594 0.804688 0.691406 0.816406 0.691406 0.820312 0.687500 0.824219 0.687500 0.832031 0.679688 0.832031 0.664062 0.835938 0.660156 0.835938 0.648438 0.839844 0.644531 0.839844 0.640625 0.843750 0.636719 0.843750 0.628906
1 0.359375 0.613281 0.359375 0.621094 0.386719 0.621094 0.390625 0.625000 0.398438 0.625000 0.402344 0.628906 0.402344 0.636719 0.406250 0.640625 0.410156 0.640625 0.414062 0.644531 0.437500 0.644531 0.441406 0.640625 0.468750 0.640625 0.472656 0.644531 0.500000 0.644531 0.500000 0.628906 0.496094 0.628906 0.488281 0.621094 0.480469 0.621094 0.480469 0.625000 0.476562 0.628906 0.441406 0.628906 0.433594 0.621094 0.421875 0.621094 0.417969 0.617188 0.402344 0.617188 0.398438 0.613281
1 0.390625 0.550781 0.390625 0.554688 0.386719 0.558594 0.375000 0.558594 0.375000 0.566406 0.378906 0.566406 0.382812 0.570312 0.382812 0.585938 0.398438 0.585938 0.402344 0.582031 0.421875 0.582031 0.421875 0.570312 0.414062 0.570312 0.410156 0.566406 0.410156 0.554688 0.406250 0.554688 0.402344 0.550781
1 0.253906 0.531250 0.253906 0.542969 0.257812 0.546875 0.265625 0.546875 0.269531 0.550781 0.269531 0.554688 0.273438 0.558594 0.273438 0.562500 0.277344 0.566406 0.281250 0.566406 0.285156 0.570312 0.285156 0.574219 0.292969 0.582031 0.296875 0.582031 0.300781 0.585938 0.312500 0.585938 0.320312 0.593750 0.332031 0.593750 0.335938 0.597656 0.335938 0.609375 0.347656 0.609375 0.347656 0.601562 0.339844 0.601562 0.335938 0.597656 0.335938 0.585938 0.316406 0.566406 0.316406 0.562500 0.292969 0.562500 0.285156 0.554688 0.285156 0.546875 0.281250 0.542969 0.281250 0.539062 0.273438 0.539062 0.265625 0.531250
1 0.316406 0.449219 0.316406 0.457031 0.324219 0.457031 0.324219 0.449219
1 0.261719 0.410156 0.261719 0.414062 0.257812 0.417969 0.257812 0.425781 0.261719 0.429688 0.261719 0.433594 0.269531 0.441406 0.269531 0.445312 0.285156 0.445312 0.285156 0.437500 0.289062 0.433594 0.292969 0.433594 0.292969 0.425781 0.277344 0.425781 0.273438 0.421875 0.273438 0.410156
1 0.875000 0.402344 0.875000 0.414062 0.878906 0.414062 0.882812 0.417969 0.882812 0.464844 0.878906 0.468750 0.878906 0.531250 0.875000 0.535156 0.875000 0.562500 0.882812 0.562500 0.882812 0.554688 0.886719 0.550781 0.886719 0.523438 0.890625 0.519531 0.890625 0.417969 0.886719 0.417969 0.882812 0.414062 0.882812 0.402344
1 0.351562 0.398438 0.351562 0.410156 0.363281 0.410156 0.363281 0.398438
1 0.289062 0.382812 0.289062 0.394531 0.296875 0.394531 0.296875 0.382812
1 0.855469 0.355469 0.855469 0.363281 0.863281 0.363281 0.863281 0.355469
1 0.273438 0.300781 0.273438 0.308594 0.281250 0.308594 0.281250 0.300781
1 0.746094 0.246094 0.746094 0.250000 0.742188 0.253906 0.742188 0.265625 0.734375 0.273438 0.722656 0.273438 0.722656 0.281250 0.738281 0.281250 0.742188 0.285156 0.750000 0.285156 0.750000 0.281250 0.753906 0.277344 0.769531 0.277344 0.773438 0.281250 0.785156 0.281250 0.789062 0.285156 0.792969 0.285156 0.800781 0.292969 0.800781 0.304688 0.808594 0.304688 0.812500 0.308594 0.820312 0.308594 0.820312 0.300781 0.804688 0.285156 0.804688 0.281250 0.800781 0.281250 0.792969 0.273438 0.789062 0.273438 0.785156 0.269531 0.777344 0.269531 0.773438 0.265625 0.773438 0.261719 0.757812 0.246094
1 0.277344 0.199219 0.277344 0.207031 0.285156 0.207031 0.285156 0.199219
1 0.550781 0.175781 0.546875 0.179688 0.539062 0.179688 0.539062 0.183594 0.535156 0.187500 0.527344 0.187500 0.523438 0.191406 0.507812 0.191406 0.507812 0.214844 0.500000 0.222656 0.500000 0.230469 0.503906 0.234375 0.503906 0.253906 0.492188 0.265625 0.464844 0.265625 0.464844 0.273438 0.476562 0.273438 0.480469 0.277344 0.480469 0.285156 0.488281 0.285156 0.492188 0.289062 0.492188 0.312500 0.496094 0.316406 0.496094 0.332031 0.492188 0.335938 0.468750 0.335938 0.464844 0.332031 0.464844 0.308594 0.453125 0.308594 0.453125 0.312500 0.449219 0.316406 0.441406 0.316406 0.441406 0.320312 0.437500 0.324219 0.433594 0.324219 0.429688 0.328125 0.414062 0.328125 0.410156 0.324219 0.410156 0.320312 0.406250 0.316406 0.402344 0.316406 0.398438 0.312500 0.398438 0.304688 0.394531 0.300781 0.394531 0.281250 0.382812 0.281250 0.378906 0.277344 0.378906 0.253906 0.371094 0.253906 0.367188 0.250000 0.363281 0.250000 0.355469 0.242188 0.355469 0.222656 0.363281 0.214844 0.363281 0.199219 0.355469 0.199219 0.351562 0.195312 0.339844 0.195312 0.335938 0.199219 0.332031 0.199219 0.332031 0.207031 0.328125 0.210938 0.324219 0.210938 0.320312 0.214844 0.316406 0.214844 0.316406 0.218750 0.308594 0.226562 0.296875 0.226562 0.296875 0.230469 0.292969 0.234375 0.285156 0.234375 0.285156 0.242188 0.277344 0.250000 0.277344 0.261719 0.281250 0.265625 0.281250 0.273438 0.285156 0.273438 0.292969 0.281250 0.292969 0.289062 0.320312 0.289062 0.328125 0.296875 0.328125 0.320312 0.324219 0.324219 0.316406 0.324219 0.316406 0.328125 0.312500 0.332031 0.312500 0.343750 0.316406 0.347656 0.316406 0.371094 0.320312 0.375000 0.320312 0.378906 0.324219 0.378906 0.328125 0.382812 0.328125 0.390625 0.335938 0.390625 0.335938 0.375000 0.339844 0.371094 0.339844 0.339844 0.343750 0.335938 0.359375 0.335938 0.363281 0.339844 0.363281 0.343750 0.371094 0.343750 0.375000 0.347656 0.375000 0.363281 0.378906 0.367188 0.378906 0.390625 0.386719 0.390625 0.390625 0.394531 0.390625 0.402344 0.394531 0.402344 0.402344 0.410156 0.402344 0.417969 0.410156 0.425781 0.410156 0.460938 0.406250 0.464844 0.371094 0.464844 0.367188 0.460938 0.355469 0.460938 0.355469 0.472656 0.359375 0.476562 0.363281 0.476562 0.367188 0.480469 0.367188 0.496094 0.378906 0.496094 0.378906 0.492188 0.382812 0.488281 0.402344 0.488281 0.406250 0.492188 0.421875 0.492188 0.425781 0.496094 0.453125 0.496094 0.457031 0.500000 0.457031 0.531250 0.472656 0.531250 0.480469 0.523438 0.500000 0.523438 0.503906 0.527344 0.503906 0.531250 0.511719 0.531250 0.515625 0.535156 0.515625 0.554688 0.527344 0.566406 0.527344 0.574219 0.542969 0.574219 0.546875 0.578125 0.546875 0.582031 0.550781 0.582031 0.554688 0.585938 0.554688 0.605469 0.550781 0.609375 0.550781 0.628906 0.546875 0.632812 0.539062 0.632812 0.535156 0.636719 0.527344 0.636719 0.527344 0.652344 0.523438 0.656250 0.523438 0.660156 0.519531 0.664062 0.519531 0.671875 0.527344 0.679688 0.527344 0.683594 0.531250 0.687500 0.539062 0.687500 0.542969 0.691406 0.558594 0.691406 0.566406 0.683594 0.570312 0.683594 0.578125 0.675781 0.593750 0.675781 0.597656 0.671875 0.613281 0.671875 0.617188 0.675781 0.621094 0.675781 0.625000 0.679688 0.632812 0.679688 0.648438 0.695312 0.648438 0.699219 0.652344 0.699219 0.660156 0.707031 0.667969 0.707031 0.671875 0.703125 0.671875 0.691406 0.675781 0.687500 0.691406 0.687500 0.695312 0.691406 0.703125 0.691406 0.703125 0.683594 0.683594 0.683594 0.671875 0.671875 0.671875 0.656250 0.675781 0.652344 0.683594 0.652344 0.687500 0.648438 0.691406 0.648438 0.695312 0.644531 0.699219 0.644531 0.699219 0.621094 0.703125 0.617188 0.714844 0.617188 0.714844 0.597656 0.718750 0.593750 0.730469 0.593750 0.734375 0.589844 0.738281 0.589844 0.742188 0.585938 0.746094 0.585938 0.746094 0.570312 0.738281 0.570312 0.734375 0.566406 0.734375 0.562500 0.722656 0.562500 0.718750 0.558594 0.718750 0.542969 0.722656 0.539062 0.726562 0.539062 0.726562 0.515625 0.730469 0.511719 0.750000 0.511719 0.753906 0.515625 0.753906 0.542969 0.757812 0.546875 0.757812 0.550781 0.769531 0.550781 0.769531 0.535156 0.765625 0.531250 0.765625 0.527344 0.761719 0.523438 0.761719 0.519531 0.757812 0.515625 0.757812 0.496094 0.761719 0.492188 0.761719 0.484375 0.757812 0.480469 0.753906 0.480469 0.750000 0.476562 0.750000 0.472656 0.746094 0.468750 0.742188 0.468750 0.738281 0.464844 0.738281 0.429688 0.742188 0.425781 0.750000 0.425781 0.750000 0.417969 0.753906 0.414062 0.769531 0.414062 0.773438 0.417969 0.773438 0.421875 0.785156 0.433594 0.785156 0.460938 0.796875 0.460938 0.796875 0.457031 0.800781 0.453125 0.808594 0.453125 0.808594 0.441406 0.804688 0.437500 0.804688 0.417969 0.789062 0.417969 0.785156 0.414062 0.785156 0.410156 0.781250 0.406250 0.781250 0.402344 0.777344 0.402344 0.773438 0.398438 0.773438 0.386719 0.769531 0.386719 0.765625 0.382812 0.765625 0.371094 0.761719 0.367188 0.761719 0.359375 0.753906 0.351562 0.753906 0.343750 0.746094 0.343750 0.742188 0.347656 0.710938 0.347656 0.710938 0.355469 0.718750 0.363281 0.718750 0.390625 0.714844 0.394531 0.699219 0.394531 0.699219 0.398438 0.691406 0.406250 0.687500 0.406250 0.687500 0.410156 0.683594 0.414062 0.683594 0.417969 0.679688 0.421875 0.664062 0.421875 0.660156 0.417969 0.660156 0.414062 0.656250 0.410156 0.656250 0.371094 0.636719 0.371094 0.636719 0.378906 0.644531 0.386719 0.644531 0.402344 0.648438 0.406250 0.648438 0.417969 0.656250 0.425781 0.656250 0.464844 0.652344 0.468750 0.613281 0.468750 0.609375 0.464844 0.605469 0.464844 0.601562 0.460938 0.593750 0.460938 0.589844 0.457031 0.589844 0.441406 0.582031 0.441406 0.578125 0.437500 0.578125 0.421875 0.574219 0.421875 0.570312 0.417969 0.570312 0.414062 0.562500 0.406250 0.562500 0.402344 0.558594 0.402344 0.554688 0.398438 0.554688 0.390625 0.550781 0.386719 0.550781 0.375000 0.546875 0.371094 0.546875 0.367188 0.542969 0.363281 0.542969 0.359375 0.539062 0.359375 0.535156 0.355469 0.535156 0.339844 0.539062 0.335938 0.539062 0.320312 0.542969 0.316406 0.554688 0.316406 0.558594 0.312500 0.562500 0.312500 0.562500 0.304688 0.566406 0.300781 0.570312 0.300781 0.578125 0.292969 0.585938 0.292969 0.585938 0.289062 0.589844 0.285156 0.597656 0.285156 0.597656 0.281250 0.601562 0.277344 0.605469 0.277344 0.605469 0.265625 0.589844 0.265625 0.585938 0.261719 0.585938 0.199219 0.589844 0.195312 0.593750 0.195312 0.593750 0.183594 0.570312 0.183594 0.566406 0.179688 0.566406 0.175781
1 0.488281 0.062500 0.488281 0.070312 0.496094 0.070312 0.500000 0.074219 0.500000 0.078125 0.507812 0.078125 0.511719 0.082031 0.511719 0.089844 0.515625 0.093750 0.539062 0.093750 0.542969 0.089844 0.558594 0.089844 0.562500 0.093750 0.570312 0.093750 0.570312 0.085938 0.546875 0.085938 0.542969 0.082031 0.542969 0.078125 0.539062 0.074219 0.531250 0.074219 0.527344 0.070312 0.511719 0.070312 0.507812 0.066406 0.503906 0.066406 0.500000 0.062500
