1 0.410156 0.863281 0.406250 0.867188 0.406250 0.878906 0.417969 0.878906 0.425781 0.871094 0.425781 0.863281
1 0.484375 0.828125 0.480469 0.832031 0.480469 0.835938 0.476562 0.839844 0.441406 0.839844 0.437500 0.843750 0.433594 0.843750 0.433594 0.855469 0.468750 0.855469 0.468750 0.847656 0.472656 0.843750 0.488281 0.843750 0.492188 0.839844 0.492188 0.828125
1 0.460938 0.671875 0.460938 0.687500 0.457031 0.691406 0.433594 0.691406 0.433594 0.699219 0.441406 0.707031 0.457031 0.707031 0.460938 0.710938 0.460938 0.714844 0.472656 0.714844 0.476562 0.710938 0.480469 0.710938 0.488281 0.703125 0.496094 0.703125 0.500000 0.699219 0.511719 0.699219 0.515625 0.695312 0.527344 0.695312 0.527344 0.687500 0.500000 0.687500 0.496094 0.683594 0.496094 0.675781 0.472656 0.675781 0.468750 0.671875
1 0.312500 0.617188 0.312500 0.621094 0.308594 0.625000 0.300781 0.625000 0.296875 0.628906 0.285156 0.628906 0.285156 0.632812 0.281250 0.636719 0.261719 0.636719 0.257812 0.632812 0.250000 0.632812 0.242188 0.640625 0.230469 0.640625 0.230469 0.644531 0.218750 0.656250 0.218750 0.667969 0.226562 0.675781 0.230469 0.675781 0.234375 0.679688 0.246094 0.679688 0.250000 0.683594 0.257812 0.683594 0.265625 0.675781 0.265625 0.671875 0.269531 0.667969 0.269531 0.664062 0.273438 0.660156 0.281250 0.660156 0.285156 0.656250 0.289062 0.656250 0.300781 0.644531 0.300781 0.636719 0.304688 0.632812 0.308594 0.632812 0.308594 0.628906 0.312500 0.625000 0.320312 0.625000 0.320312 0.617188
1 0.449219 0.609375 0.449219 0.621094 0.445312 0.625000 0.441406 0.625000 0.441406 0.628906 0.437500 0.632812 0.437500 0.640625 0.441406 0.644531 0.441406 0.648438 0.453125 0.648438 0.453125 0.636719 0.457031 0.632812 0.457031 0.628906 0.464844 0.621094 0.468750 0.621094 0.468750 0.613281 0.464844 0.609375
1 0.550781 0.593750 0.550781 0.597656 0.546875 0.601562 0.546875 0.605469 0.542969 0.609375 0.542969 0.613281 0.531250 0.625000 0.531250 0.632812 0.535156 0.636719 0.558594 0.636719 0.562500 0.640625 0.562500 0.667969 0.558594 0.671875 0.550781 0.671875 0.550781 0.679688 0.566406 0.679688 0.574219 0.671875 0.574219 0.648438 0.578125 0.644531 0.601562 0.644531 0.601562 0.628906 0.597656 0.628906 0.593750 0.625000 0.593750 0.621094 0.589844 0.617188 0.589844 0.609375 0.574219 0.609375 0.570312 0.605469 0.570312 0.601562 0.562500 0.593750
1 0.750000 0.585938 0.746094 0.589844 0.726562 0.589844 0.726562 0.597656 0.734375 0.597656 0.738281 0.601562 0.746094 0.601562 0.750000 0.605469 0.750000 0.613281 0.753906 0.613281 0.757812 0.617188 0.765625 0.617188 0.773438 0.609375 0.796875 0.609375 0.796875 0.601562 0.792969 0.601562 0.789062 0.597656 0.781250 0.597656 0.777344 0.593750 0.777344 0.585938
1 0.644531 0.578125 0.644531 0.585938 0.648438 0.589844 0.660156 0.589844 0.660156 0.578125
1 0.390625 0.562500 0.390625 0.574219 0.394531 0.578125 0.394531 0.589844 0.398438 0.593750 0.406250 0.593750 0.406250 0.582031 0.410156 0.578125 0.410156 0.562500
1 0.621094 0.472656 0.617188 0.476562 0.617188 0.484375 0.613281 0.488281 0.613281 0.496094 0.625000 0.496094 0.628906 0.492188 0.636719 0.492188 0.636719 0.480469 0.628906 0.472656
1 0.343750 0.359375 0.339844 0.363281 0.335938 0.363281 0.335938 0.371094 0.351562 0.371094 0.355469 0.375000 0.355469 0.398438 0.367188 0.398438 0.367188 0.394531 0.371094 0.390625 0.375000 0.390625 0.375000 0.378906 0.371094 0.375000 0.371094 0.363281 0.367188 0.363281 0.363281 0.359375
1 0.320312 0.324219 0.320312 0.332031 0.332031 0.332031 0.332031 0.324219
1 0.589844 0.304688 0.589844 0.312500 0.585938 0.316406 0.554688 0.316406 0.554688 0.324219 0.546875 0.332031 0.546875 0.339844 0.542969 0.343750 0.519531 0.343750 0.515625 0.339844 0.515625 0.335938 0.511719 0.332031 0.507812 0.332031 0.503906 0.328125 0.492188 0.328125 0.492188 0.335938 0.488281 0.339844 0.488281 0.343750 0.484375 0.347656 0.464844 0.347656 0.464844 0.355469 0.460938 0.359375 0.445312 0.359375 0.445312 0.371094 0.449219 0.371094 0.453125 0.375000 0.453125 0.402344 0.445312 0.410156 0.445312 0.429688 0.437500 0.437500 0.433594 0.437500 0.429688 0.441406 0.429688 0.449219 0.421875 0.457031 0.421875 0.468750 0.417969 0.472656 0.402344 0.472656 0.398438 0.468750 0.398438 0.464844 0.394531 0.460938 0.394531 0.449219 0.390625 0.445312 0.363281 0.445312 0.359375 0.441406 0.347656 0.441406 0.343750 0.445312 0.339844 0.445312 0.339844 0.449219 0.332031 0.457031 0.312500 0.457031 0.308594 0.453125 0.308594 0.441406 0.300781 0.441406 0.296875 0.437500 0.296875 0.433594 0.289062 0.425781 0.289062 0.410156 0.281250 0.410156 0.281250 0.414062 0.277344 0.417969 0.277344 0.437500 0.281250 0.437500 0.289062 0.445312 0.289062 0.472656 0.285156 0.476562 0.281250 0.476562 0.281250 0.488281 0.300781 0.488281 0.304688 0.492188 0.304688 0.500000 0.308594 0.503906 0.308594 0.507812 0.316406 0.507812 0.320312 0.503906 0.320312 0.500000 0.324219 0.496094 0.328125 0.496094 0.328125 0.492188 0.332031 0.488281 0.351562 0.488281 0.355469 0.492188 0.355469 0.503906 0.359375 0.507812 0.359375 0.539062 0.355469 0.542969 0.355469 0.546875 0.351562 0.550781 0.351562 0.574219 0.359375 0.574219 0.359375 0.562500 0.363281 0.558594 0.367188 0.558594 0.367188 0.527344 0.371094 0.523438 0.414062 0.523438 0.417969 0.527344 0.417969 0.550781 0.425781 0.550781 0.429688 0.546875 0.429688 0.542969 0.437500 0.535156 0.437500 0.531250 0.441406 0.527344 0.468750 0.527344 0.476562 0.535156 0.476562 0.585938 0.480469 0.589844 0.484375 0.589844 0.488281 0.593750 0.496094 0.593750 0.515625 0.574219 0.515625 0.566406 0.519531 0.562500 0.523438 0.562500 0.527344 0.558594 0.542969 0.558594 0.546875 0.562500 0.546875 0.566406 0.582031 0.566406 0.585938 0.570312 0.585938 0.574219 0.589844 0.578125 0.617188 0.578125 0.617188 0.562500 0.621094 0.558594 0.621094 0.546875 0.585938 0.546875 0.582031 0.542969 0.582031 0.527344 0.574219 0.527344 0.574219 0.535156 0.570312 0.539062 0.550781 0.539062 0.546875 0.535156 0.546875 0.511719 0.550781 0.507812 0.550781 0.460938 0.542969 0.460938 0.539062 0.457031 0.539062 0.449219 0.515625 0.449219 0.511719 0.445312 0.511719 0.421875 0.519531 0.414062 0.519531 0.386719 0.507812 0.386719 0.503906 0.382812 0.503906 0.347656 0.507812 0.343750 0.531250 0.343750 0.535156 0.347656 0.535156 0.363281 0.550781 0.363281 0.558594 0.371094 0.558594 0.394531 0.574219 0.394531 0.578125 0.398438 0.578125 0.410156 0.593750 0.410156 0.593750 0.394531 0.578125 0.394531 0.574219 0.390625 0.574219 0.367188 0.578125 0.363281 0.582031 0.363281 0.582031 0.351562 0.585938 0.347656 0.585938 0.339844 0.589844 0.335938 0.589844 0.320312 0.593750 0.316406 0.605469 0.316406 0.605469 0.304688
1 0.449219 0.183594 0.445312 0.187500 0.441406 0.187500 0.441406 0.207031 0.445312 0.207031 0.449219 0.210938 0.449219 0.214844 0.460938 0.214844 0.468750 0.207031 0.472656 0.207031 0.472656 0.203125 0.476562 0.199219 0.476562 0.195312 0.480469 0.191406 0.492188 0.191406 0.492188 0.183594
1 0.304688 0.171875 0.304688 0.179688 0.308594 0.183594 0.308594 0.191406 0.312500 0.191406 0.316406 0.195312 0.316406 0.199219 0.320312 0.199219 0.324219 0.203125 0.324219 0.207031 0.335938 0.207031 0.335938 0.199219 0.328125 0.199219 0.324219 0.195312 0.324219 0.191406 0.320312 0.187500 0.320312 0.183594 0.316406 0.179688 0.316406 0.171875
1 0.507812 0.148438 0.507812 0.160156 0.515625 0.167969 0.515625 0.195312 0.554688 0.195312 0.558594 0.191406 0.558594 0.183594 0.554688 0.183594 0.550781 0.179688 0.539062 0.179688 0.535156 0.175781 0.535156 0.171875 0.531250 0.171875 0.523438 0.164062 0.523438 0.156250 0.519531 0.152344 0.519531 0.148438
1 0.351562 0.148438 0.351562 0.152344 0.347656 0.156250 0.347656 0.167969 0.351562 0.167969 0.355469 0.171875 0.355469 0.183594 0.375000 0.183594 0.378906 0.179688 0.378906 0.171875 0.375000 0.171875 0.371094 0.167969 0.367188 0.167969 0.363281 0.164062 0.363281 0.148438
