1 0.460938 0.906250 0.460938 0.914062 0.492188 0.914062 0.496094 0.917969 0.496094 0.921875 0.500000 0.925781 0.507812 0.925781 0.507812 0.921875 0.511719 0.917969 0.531250 0.917969 0.531250 0.910156 0.500000 0.910156 0.496094 0.906250
1 0.609375 0.875000 0.605469 0.878906 0.601562 0.878906 0.597656 0.882812 0.593750 0.882812 0.589844 0.886719 0.585938 0.886719 0.578125 0.894531 0.566406 0.894531 0.562500 0.898438 0.562500 0.906250 0.574219 0.906250 0.578125 0.902344 0.593750 0.902344 0.597656 0.898438 0.597656 0.894531 0.601562 0.890625 0.605469 0.890625 0.613281 0.882812 0.617188 0.882812 0.617188 0.875000
1 0.656250 0.839844 0.656250 0.847656 0.652344 0.851562 0.644531 0.851562 0.640625 0.855469 0.636719 0.855469 0.632812 0.859375 0.628906 0.859375 0.625000 0.863281 0.625000 0.871094 0.636719 0.871094 0.636719 0.867188 0.640625 0.863281 0.648438 0.863281 0.652344 0.859375 0.656250 0.859375 0.656250 0.851562 0.660156 0.847656 0.667969 0.847656 0.667969 0.839844
1 0.402344 0.839844 0.398438 0.843750 0.378906 0.843750 0.378906 0.875000 0.375000 0.878906 0.375000 0.886719 0.378906 0.890625 0.398438 0.890625 0.402344 0.894531 0.414062 0.894531 0.417969 0.898438 0.449219 0.898438 0.449219 0.875000 0.445312 0.871094 0.445312 0.851562 0.441406 0.847656 0.441406 0.843750 0.437500 0.839844
1 0.675781 0.824219 0.675781 0.832031 0.683594 0.832031 0.683594 0.824219
1 0.468750 0.824219 0.468750 0.832031 0.476562 0.832031 0.476562 0.824219
1 0.343750 0.800781 0.343750 0.808594 0.339844 0.812500 0.324219 0.812500 0.324219 0.820312 0.347656 0.820312 0.351562 0.824219 0.351562 0.828125 0.355469 0.828125 0.359375 0.832031 0.359375 0.839844 0.371094 0.839844 0.371094 0.828125 0.363281 0.820312 0.355469 0.820312 0.351562 0.816406 0.351562 0.800781
1 0.234375 0.796875 0.234375 0.804688 0.238281 0.804688 0.242188 0.808594 0.250000 0.808594 0.250000 0.800781 0.246094 0.796875
1 0.312500 0.472656 0.312500 0.480469 0.324219 0.480469 0.324219 0.472656
1 0.164062 0.406250 0.160156 0.410156 0.160156 0.421875 0.167969 0.421875 0.171875 0.417969 0.171875 0.406250
1 0.597656 0.304688 0.597656 0.316406 0.613281 0.316406 0.617188 0.320312 0.617188 0.335938 0.632812 0.335938 0.636719 0.339844 0.636719 0.355469 0.640625 0.359375 0.640625 0.386719 0.648438 0.394531 0.648438 0.398438 0.675781 0.398438 0.675781 0.386719 0.667969 0.378906 0.664062 0.378906 0.660156 0.375000 0.660156 0.351562 0.656250 0.347656 0.656250 0.343750 0.652344 0.339844 0.652344 0.335938 0.644531 0.328125 0.644531 0.320312 0.636719 0.312500 0.636719 0.308594 0.609375 0.308594 0.605469 0.304688
1 0.480469 0.300781 0.480469 0.308594 0.476562 0.312500 0.460938 0.312500 0.457031 0.316406 0.449219 0.316406 0.441406 0.324219 0.441406 0.328125 0.429688 0.339844 0.421875 0.339844 0.410156 0.351562 0.375000 0.351562 0.371094 0.355469 0.359375 0.355469 0.351562 0.363281 0.347656 0.363281 0.347656 0.371094 0.351562 0.375000 0.363281 0.375000 0.367188 0.378906 0.367188 0.398438 0.371094 0.402344 0.371094 0.414062 0.378906 0.414062 0.382812 0.417969 0.382812 0.457031 0.375000 0.464844 0.375000 0.476562 0.371094 0.480469 0.351562 0.480469 0.351562 0.484375 0.347656 0.488281 0.328125 0.488281 0.328125 0.511719 0.324219 0.515625 0.320312 0.515625 0.316406 0.519531 0.300781 0.519531 0.296875 0.515625 0.289062 0.515625 0.289062 0.523438 0.285156 0.527344 0.261719 0.527344 0.257812 0.523438 0.257812 0.519531 0.253906 0.515625 0.253906 0.507812 0.250000 0.503906 0.242188 0.503906 0.234375 0.511719 0.234375 0.515625 0.230469 0.519531 0.222656 0.519531 0.222656 0.523438 0.214844 0.531250 0.195312 0.531250 0.191406 0.535156 0.175781 0.535156 0.171875 0.531250 0.171875 0.503906 0.179688 0.496094 0.195312 0.496094 0.195312 0.480469 0.183594 0.480469 0.179688 0.476562 0.179688 0.468750 0.175781 0.464844 0.175781 0.449219 0.152344 0.449219 0.148438 0.445312 0.148438 0.429688 0.136719 0.429688 0.132812 0.425781 0.132812 0.421875 0.125000 0.421875 0.125000 0.429688 0.121094 0.433594 0.117188 0.433594 0.117188 0.437500 0.113281 0.441406 0.078125 0.441406 0.074219 0.437500 0.074219 0.429688 0.070312 0.429688 0.066406 0.425781 0.066406 0.410156 0.074219 0.402344 0.082031 0.402344 0.082031 0.394531 0.078125 0.394531 0.070312 0.386719 0.070312 0.363281 0.074219 0.359375 0.089844 0.359375 0.089844 0.351562 0.078125 0.351562 0.074219 0.347656 0.074219 0.339844 0.070312 0.335938 0.070312 0.328125 0.066406 0.324219 0.066406 0.316406 0.054688 0.316406 0.054688 0.359375 0.058594 0.363281 0.058594 0.441406 0.062500 0.445312 0.062500 0.449219 0.066406 0.453125 0.066406 0.457031 0.074219 0.457031 0.078125 0.460938 0.078125 0.476562 0.082031 0.480469 0.082031 0.527344 0.078125 0.531250 0.078125 0.539062 0.085938 0.546875 0.085938 0.570312 0.089844 0.574219 0.089844 0.589844 0.093750 0.593750 0.093750 0.601562 0.097656 0.605469 0.105469 0.605469 0.113281 0.613281 0.113281 0.617188 0.117188 0.621094 0.121094 0.621094 0.128906 0.628906 0.128906 0.644531 0.125000 0.648438 0.117188 0.648438 0.117188 0.660156 0.121094 0.660156 0.125000 0.664062 0.132812 0.664062 0.132812 0.652344 0.136719 0.648438 0.152344 0.648438 0.156250 0.652344 0.156250 0.671875 0.152344 0.675781 0.136719 0.675781 0.136719 0.695312 0.140625 0.699219 0.152344 0.699219 0.160156 0.707031 0.160156 0.718750 0.167969 0.726562 0.167969 0.742188 0.171875 0.742188 0.175781 0.746094 0.175781 0.757812 0.187500 0.757812 0.191406 0.761719 0.199219 0.761719 0.199219 0.753906 0.191406 0.753906 0.187500 0.750000 0.179688 0.750000 0.175781 0.746094 0.175781 0.730469 0.179688 0.726562 0.179688 0.718750 0.175781 0.718750 0.167969 0.710938 0.167969 0.695312 0.171875 0.691406 0.203125 0.691406 0.210938 0.699219 0.226562 0.699219 0.234375 0.707031 0.234375 0.730469 0.265625 0.730469 0.269531 0.734375 0.269531 0.753906 0.281250 0.765625 0.281250 0.773438 0.292969 0.773438 0.296875 0.769531 0.296875 0.765625 0.300781 0.761719 0.300781 0.753906 0.304688 0.750000 0.343750 0.750000 0.355469 0.761719 0.382812 0.761719 0.386719 0.765625 0.386719 0.777344 0.394531 0.777344 0.398438 0.773438 0.421875 0.773438 0.421875 0.769531 0.425781 0.765625 0.441406 0.765625 0.441406 0.757812 0.445312 0.753906 0.445312 0.742188 0.449219 0.738281 0.453125 0.738281 0.457031 0.734375 0.476562 0.734375 0.480469 0.730469 0.507812 0.730469 0.511719 0.734375 0.523438 0.734375 0.527344 0.738281 0.527344 0.750000 0.531250 0.753906 0.531250 0.757812 0.535156 0.761719 0.554688 0.761719 0.558594 0.765625 0.558594 0.785156 0.550781 0.792969 0.539062 0.792969 0.535156 0.796875 0.523438 0.796875 0.523438 0.800781 0.519531 0.804688 0.519531 0.808594 0.515625 0.812500 0.511719 0.812500 0.511719 0.820312 0.539062 0.820312 0.539062 0.816406 0.542969 0.812500 0.566406 0.812500 0.566406 0.808594 0.570312 0.804688 0.589844 0.804688 0.593750 0.800781 0.601562 0.800781 0.601562 0.796875 0.605469 0.792969 0.628906 0.792969 0.628906 0.785156 0.636719 0.777344 0.667969 0.777344 0.671875 0.773438 0.687500 0.773438 0.691406 0.777344 0.691406 0.804688 0.699219 0.804688 0.699219 0.800781 0.703125 0.796875 0.714844 0.796875 0.714844 0.785156 0.718750 0.781250 0.718750 0.773438 0.730469 0.761719 0.730469 0.757812 0.734375 0.753906 0.738281 0.753906 0.738281 0.750000 0.746094 0.742188 0.777344 0.742188 0.781250 0.746094 0.789062 0.746094 0.792969 0.742188 0.808594 0.742188 0.812500 0.746094 0.914062 0.746094 0.917969 0.742188 0.933594 0.742188 0.937500 0.738281 0.957031 0.738281 0.960938 0.734375 0.960938 0.730469 0.968750 0.722656 0.968750 0.695312 0.960938 0.687500 0.953125 0.687500 0.949219 0.691406 0.949219 0.703125 0.945312 0.707031 0.941406 0.707031 0.933594 0.714844 0.921875 0.714844 0.917969 0.718750 0.875000 0.718750 0.871094 0.722656 0.843750 0.722656 0.839844 0.718750 0.820312 0.718750 0.816406 0.714844 0.789062 0.714844 0.785156 0.710938 0.773438 0.710938 0.769531 0.707031 0.757812 0.707031 0.750000 0.714844 0.714844 0.714844 0.710938 0.710938 0.703125 0.710938 0.699219 0.707031 0.699219 0.703125 0.695312 0.703125 0.691406 0.699219 0.687500 0.699219 0.683594 0.695312 0.667969 0.695312 0.660156 0.687500 0.656250 0.687500 0.648438 0.679688 0.644531 0.679688 0.636719 0.671875 0.628906 0.671875 0.625000 0.667969 0.625000 0.664062 0.613281 0.664062 0.609375 0.660156 0.585938 0.660156 0.582031 0.656250 0.582031 0.648438 0.578125 0.648438 0.574219 0.644531 0.574219 0.628906 0.578125 0.625000 0.609375 0.625000 0.613281 0.628906 0.660156 0.628906 0.664062 0.625000 0.699219 0.625000 0.703125 0.628906 0.703125 0.636719 0.710938 0.636719 0.714844 0.640625 0.714844 0.656250 0.710938 0.660156 0.707031 0.660156 0.707031 0.667969 0.710938 0.671875 0.750000 0.671875 0.750000 0.664062 0.746094 0.664062 0.742188 0.660156 0.742188 0.640625 0.746094 0.636719 0.750000 0.636719 0.750000 0.628906 0.746094 0.628906 0.738281 0.621094 0.738281 0.617188 0.730469 0.609375 0.726562 0.609375 0.722656 0.605469 0.722656 0.589844 0.730469 0.582031 0.730469 0.574219 0.722656 0.574219 0.718750 0.570312 0.718750 0.542969 0.722656 0.539062 0.722656 0.523438 0.718750 0.519531 0.718750 0.507812 0.714844 0.503906 0.714844 0.476562 0.710938 0.472656 0.710938 0.468750 0.707031 0.464844 0.707031 0.449219 0.710938 0.445312 0.710938 0.437500 0.703125 0.429688 0.703125 0.425781 0.699219 0.421875 0.695312 0.421875 0.691406 0.417969 0.683594 0.417969 0.683594 0.437500 0.679688 0.441406 0.679688 0.453125 0.683594 0.453125 0.687500 0.457031 0.687500 0.476562 0.683594 0.480469 0.683594 0.492188 0.679688 0.496094 0.664062 0.496094 0.664062 0.500000 0.660156 0.503906 0.644531 0.503906 0.644531 0.507812 0.636719 0.515625 0.621094 0.515625 0.617188 0.519531 0.597656 0.519531 0.593750 0.515625 0.593750 0.500000 0.585938 0.500000 0.582031 0.496094 0.582031 0.480469 0.570312 0.480469 0.566406 0.476562 0.566406 0.453125 0.554688 0.441406 0.554688 0.433594 0.550781 0.429688 0.539062 0.429688 0.535156 0.425781 0.531250 0.425781 0.527344 0.421875 0.519531 0.421875 0.515625 0.417969 0.515625 0.410156 0.511719 0.410156 0.500000 0.398438 0.500000 0.394531 0.496094 0.394531 0.492188 0.390625 0.492188 0.367188 0.496094 0.363281 0.500000 0.363281 0.500000 0.359375 0.503906 0.355469 0.507812 0.355469 0.511719 0.351562 0.511719 0.347656 0.515625 0.343750 0.515625 0.320312 0.511719 0.320312 0.507812 0.316406 0.507812 0.308594 0.496094 0.308594 0.492188 0.304688 0.492188 0.300781
1 0.582031 0.281250 0.582031 0.289062 0.589844 0.289062 0.589844 0.281250
1 0.496094 0.269531 0.496094 0.277344 0.500000 0.281250 0.500000 0.285156 0.511719 0.285156 0.511719 0.269531
1 0.261719 0.234375 0.261719 0.269531 0.265625 0.269531 0.269531 0.273438 0.269531 0.281250 0.273438 0.285156 0.289062 0.285156 0.292969 0.289062 0.300781 0.289062 0.304688 0.292969 0.316406 0.292969 0.324219 0.300781 0.324219 0.312500 0.328125 0.312500 0.332031 0.316406 0.347656 0.316406 0.351562 0.320312 0.359375 0.320312 0.367188 0.312500 0.367188 0.304688 0.371094 0.300781 0.378906 0.300781 0.378906 0.292969 0.382812 0.289062 0.394531 0.289062 0.394531 0.269531 0.390625 0.265625 0.390625 0.253906 0.378906 0.253906 0.378906 0.273438 0.375000 0.277344 0.351562 0.277344 0.347656 0.273438 0.347656 0.257812 0.328125 0.257812 0.324219 0.261719 0.304688 0.261719 0.300781 0.265625 0.296875 0.265625 0.292969 0.269531 0.273438 0.269531 0.269531 0.265625 0.269531 0.234375
1 0.390625 0.222656 0.390625 0.230469 0.398438 0.230469 0.398438 0.222656
1 0.285156 0.218750 0.285156 0.226562 0.292969 0.226562 0.292969 0.218750
1 0.507812 0.214844 0.507812 0.226562 0.511719 0.226562 0.515625 0.230469 0.515625 0.234375 0.519531 0.238281 0.519531 0.242188 0.527344 0.242188 0.531250 0.246094 0.546875 0.246094 0.550781 0.250000 0.550781 0.253906 0.554688 0.257812 0.558594 0.257812 0.562500 0.261719 0.562500 0.265625 0.574219 0.265625 0.574219 0.257812 0.562500 0.246094 0.542969 0.246094 0.539062 0.242188 0.539062 0.234375 0.531250 0.226562 0.527344 0.226562 0.519531 0.218750 0.519531 0.214844
1 0.367188 0.199219 0.363281 0.203125 0.363281 0.210938 0.375000 0.210938 0.375000 0.199219
1 0.121094 0.164062 0.117188 0.167969 0.113281 0.167969 0.113281 0.199219 0.109375 0.203125 0.109375 0.210938 0.105469 0.214844 0.105469 0.218750 0.101562 0.222656 0.101562 0.226562 0.097656 0.230469 0.082031 0.230469 0.078125 0.234375 0.074219 0.234375 0.074219 0.253906 0.078125 0.257812 0.093750 0.257812 0.097656 0.261719 0.097656 0.281250 0.113281 0.281250 0.121094 0.289062 0.121094 0.292969 0.132812 0.292969 0.136719 0.296875 0.136719 0.300781 0.144531 0.300781 0.152344 0.308594 0.152344 0.312500 0.156250 0.312500 0.160156 0.316406 0.160156 0.320312 0.171875 0.320312 0.175781 0.324219 0.175781 0.339844 0.171875 0.343750 0.117188 0.343750 0.117188 0.371094 0.125000 0.371094 0.128906 0.375000 0.160156 0.375000 0.167969 0.382812 0.175781 0.382812 0.179688 0.378906 0.179688 0.367188 0.175781 0.367188 0.171875 0.363281 0.171875 0.343750 0.175781 0.339844 0.207031 0.339844 0.210938 0.335938 0.238281 0.335938 0.242188 0.339844 0.242188 0.355469 0.250000 0.355469 0.250000 0.347656 0.246094 0.347656 0.242188 0.343750 0.242188 0.304688 0.246094 0.300781 0.246094 0.292969 0.242188 0.289062 0.242188 0.281250 0.238281 0.277344 0.238281 0.269531 0.214844 0.269531 0.207031 0.261719 0.207031 0.257812 0.199219 0.257812 0.195312 0.253906 0.195312 0.234375 0.191406 0.234375 0.175781 0.218750 0.160156 0.218750 0.156250 0.214844 0.140625 0.214844 0.136719 0.210938 0.136719 0.203125 0.132812 0.203125 0.128906 0.199219 0.128906 0.164062
1 0.378906 0.128906 0.378906 0.148438 0.382812 0.148438 0.386719 0.152344 0.386719 0.156250 0.390625 0.160156 0.390625 0.183594 0.398438 0.183594 0.398438 0.175781 0.402344 0.171875 0.421875 0.171875 0.425781 0.175781 0.429688 0.175781 0.433594 0.179688 0.453125 0.179688 0.460938 0.187500 0.460938 0.191406 0.472656 0.191406 0.476562 0.195312 0.476562 0.199219 0.480469 0.203125 0.492188 0.203125 0.492188 0.195312 0.488281 0.191406 0.488281 0.187500 0.476562 0.187500 0.472656 0.183594 0.472656 0.179688 0.468750 0.179688 0.464844 0.175781 0.464844 0.171875 0.460938 0.171875 0.457031 0.167969 0.457031 0.164062 0.449219 0.156250 0.429688 0.156250 0.425781 0.152344 0.425781 0.148438 0.417969 0.140625 0.394531 0.140625 0.390625 0.136719 0.390625 0.132812 0.386719 0.128906
