1 0.312500 0.593750 0.312500 0.601562 0.320312 0.601562 0.320312 0.593750
1 0.816406 0.578125 0.816406 0.597656 0.824219 0.605469 0.839844 0.605469 0.839844 0.578125
1 0.250000 0.578125 0.250000 0.585938 0.257812 0.585938 0.257812 0.578125
1 0.203125 0.550781 0.203125 0.558594 0.210938 0.558594 0.210938 0.550781
1 0.816406 0.542969 0.812500 0.546875 0.812500 0.554688 0.808594 0.558594 0.804688 0.558594 0.804688 0.570312 0.812500 0.570312 0.812500 0.558594 0.816406 0.554688 0.820312 0.554688 0.824219 0.550781 0.824219 0.542969
1 0.550781 0.527344 0.550781 0.542969 0.546875 0.546875 0.542969 0.546875 0.542969 0.558594 0.539062 0.562500 0.519531 0.562500 0.519531 0.566406 0.515625 0.570312 0.515625 0.597656 0.519531 0.601562 0.527344 0.601562 0.527344 0.585938 0.531250 0.582031 0.546875 0.582031 0.550781 0.585938 0.570312 0.585938 0.574219 0.582031 0.593750 0.582031 0.601562 0.589844 0.605469 0.589844 0.609375 0.593750 0.609375 0.601562 0.621094 0.613281 0.621094 0.617188 0.625000 0.621094 0.628906 0.621094 0.632812 0.625000 0.632812 0.632812 0.636719 0.636719 0.636719 0.652344 0.640625 0.656250 0.640625 0.660156 0.644531 0.664062 0.644531 0.687500 0.636719 0.695312 0.636719 0.707031 0.644531 0.707031 0.648438 0.703125 0.664062 0.703125 0.667969 0.707031 0.667969 0.710938 0.675781 0.710938 0.679688 0.714844 0.679688 0.730469 0.675781 0.734375 0.656250 0.734375 0.656250 0.742188 0.671875 0.742188 0.675781 0.746094 0.675781 0.750000 0.683594 0.757812 0.691406 0.757812 0.699219 0.765625 0.699219 0.769531 0.710938 0.769531 0.714844 0.773438 0.714844 0.792969 0.710938 0.796875 0.695312 0.796875 0.691406 0.792969 0.675781 0.792969 0.675781 0.800781 0.679688 0.800781 0.683594 0.804688 0.695312 0.804688 0.699219 0.808594 0.710938 0.808594 0.714844 0.812500 0.730469 0.812500 0.734375 0.816406 0.746094 0.816406 0.750000 0.820312 0.750000 0.824219 0.753906 0.824219 0.757812 0.828125 0.757812 0.835938 0.761719 0.835938 0.765625 0.839844 0.765625 0.843750 0.785156 0.843750 0.789062 0.847656 0.789062 0.855469 0.796875 0.863281 0.800781 0.863281 0.816406 0.878906 0.816406 0.882812 0.820312 0.886719 0.828125 0.886719 0.835938 0.878906 0.835938 0.867188 0.832031 0.863281 0.828125 0.863281 0.824219 0.859375 0.824219 0.855469 0.816406 0.847656 0.816406 0.843750 0.812500 0.839844 0.812500 0.816406 0.804688 0.816406 0.796875 0.824219 0.796875 0.828125 0.789062 0.835938 0.769531 0.835938 0.765625 0.832031 0.765625 0.828125 0.761719 0.828125 0.757812 0.824219 0.757812 0.800781 0.746094 0.789062 0.746094 0.773438 0.738281 0.773438 0.734375 0.769531 0.734375 0.765625 0.730469 0.761719 0.730469 0.753906 0.726562 0.750000 0.726562 0.746094 0.722656 0.746094 0.718750 0.742188 0.718750 0.730469 0.714844 0.730469 0.710938 0.726562 0.710938 0.722656 0.695312 0.722656 0.691406 0.718750 0.691406 0.699219 0.695312 0.695312 0.695312 0.687500 0.699219 0.683594 0.699219 0.671875 0.703125 0.667969 0.703125 0.640625 0.707031 0.636719 0.710938 0.636719 0.710938 0.628906 0.714844 0.625000 0.714844 0.617188 0.703125 0.605469 0.703125 0.597656 0.691406 0.597656 0.691406 0.605469 0.695312 0.609375 0.695312 0.636719 0.691406 0.640625 0.675781 0.640625 0.671875 0.636719 0.667969 0.636719 0.660156 0.628906 0.660156 0.625000 0.656250 0.625000 0.652344 0.621094 0.648438 0.621094 0.640625 0.613281 0.640625 0.605469 0.636719 0.601562 0.628906 0.601562 0.625000 0.597656 0.625000 0.585938 0.621094 0.585938 0.613281 0.578125 0.605469 0.578125 0.601562 0.574219 0.601562 0.570312 0.593750 0.570312 0.589844 0.566406 0.578125 0.566406 0.574219 0.562500 0.574219 0.558594 0.566406 0.550781 0.566406 0.527344
1 0.507812 0.496094 0.507812 0.507812 0.519531 0.519531 0.523438 0.519531 0.527344 0.523438 0.535156 0.523438 0.535156 0.515625 0.515625 0.496094
1 0.152344 0.492188 0.152344 0.500000 0.160156 0.500000 0.160156 0.492188
1 0.714844 0.480469 0.714844 0.527344 0.710938 0.531250 0.710938 0.542969 0.718750 0.542969 0.718750 0.527344 0.722656 0.523438 0.730469 0.523438 0.734375 0.519531 0.734375 0.515625 0.738281 0.511719 0.742188 0.511719 0.742188 0.500000 0.738281 0.496094 0.738281 0.484375 0.734375 0.480469
1 0.398438 0.445312 0.398438 0.453125 0.414062 0.453125 0.414062 0.445312
1 0.343750 0.429688 0.339844 0.433594 0.328125 0.433594 0.328125 0.449219 0.339844 0.449219 0.343750 0.453125 0.359375 0.453125 0.363281 0.457031 0.371094 0.457031 0.375000 0.453125 0.375000 0.441406 0.359375 0.441406 0.355469 0.437500 0.355469 0.433594 0.351562 0.429688
1 0.609375 0.382812 0.605469 0.386719 0.605469 0.390625 0.601562 0.394531 0.601562 0.398438 0.593750 0.406250 0.593750 0.410156 0.589844 0.414062 0.589844 0.429688 0.585938 0.433594 0.582031 0.433594 0.582031 0.449219 0.589844 0.449219 0.593750 0.445312 0.593750 0.441406 0.597656 0.437500 0.605469 0.437500 0.605469 0.410156 0.617188 0.398438 0.617188 0.382812
1 0.230469 0.382812 0.230469 0.390625 0.238281 0.390625 0.238281 0.382812
1 0.175781 0.339844 0.175781 0.347656 0.179688 0.351562 0.179688 0.355469 0.187500 0.363281 0.191406 0.363281 0.207031 0.378906 0.214844 0.378906 0.214844 0.371094 0.210938 0.367188 0.210938 0.363281 0.207031 0.363281 0.199219 0.355469 0.195312 0.355469 0.191406 0.351562 0.191406 0.347656 0.183594 0.339844
1 0.214844 0.097656 0.207031 0.105469 0.203125 0.105469 0.203125 0.117188 0.210938 0.117188 0.214844 0.121094 0.214844 0.128906 0.218750 0.132812 0.226562 0.132812 0.230469 0.136719 0.230469 0.148438 0.234375 0.148438 0.250000 0.164062 0.250000 0.175781 0.253906 0.175781 0.257812 0.179688 0.257812 0.203125 0.261719 0.207031 0.261719 0.222656 0.265625 0.226562 0.285156 0.226562 0.289062 0.230469 0.289062 0.265625 0.285156 0.269531 0.265625 0.269531 0.265625 0.277344 0.277344 0.277344 0.281250 0.281250 0.281250 0.285156 0.289062 0.285156 0.289062 0.281250 0.292969 0.277344 0.312500 0.277344 0.316406 0.281250 0.316406 0.300781 0.312500 0.304688 0.308594 0.304688 0.308594 0.312500 0.304688 0.316406 0.304688 0.320312 0.300781 0.324219 0.296875 0.324219 0.292969 0.328125 0.281250 0.328125 0.281250 0.339844 0.289062 0.339844 0.289062 0.335938 0.292969 0.332031 0.316406 0.332031 0.320312 0.328125 0.335938 0.328125 0.339844 0.324219 0.367188 0.324219 0.371094 0.328125 0.375000 0.328125 0.378906 0.332031 0.378906 0.335938 0.382812 0.339844 0.382812 0.343750 0.386719 0.347656 0.386719 0.351562 0.394531 0.351562 0.398438 0.355469 0.398438 0.359375 0.402344 0.363281 0.402344 0.367188 0.406250 0.367188 0.417969 0.378906 0.417969 0.394531 0.414062 0.398438 0.414062 0.410156 0.421875 0.417969 0.421875 0.437500 0.457031 0.437500 0.460938 0.441406 0.472656 0.441406 0.476562 0.445312 0.476562 0.449219 0.484375 0.457031 0.484375 0.460938 0.503906 0.460938 0.503906 0.453125 0.500000 0.453125 0.496094 0.449219 0.496094 0.445312 0.492188 0.445312 0.488281 0.441406 0.488281 0.429688 0.484375 0.425781 0.484375 0.421875 0.480469 0.421875 0.476562 0.417969 0.476562 0.406250 0.472656 0.402344 0.472656 0.398438 0.468750 0.398438 0.464844 0.394531 0.464844 0.390625 0.437500 0.390625 0.433594 0.386719 0.433594 0.367188 0.437500 0.363281 0.437500 0.355469 0.425781 0.343750 0.425781 0.335938 0.421875 0.332031 0.421875 0.328125 0.417969 0.324219 0.414062 0.324219 0.410156 0.320312 0.402344 0.320312 0.398438 0.316406 0.398438 0.308594 0.390625 0.308594 0.386719 0.304688 0.386719 0.296875 0.375000 0.296875 0.371094 0.292969 0.371094 0.261719 0.363281 0.253906 0.363281 0.246094 0.359375 0.242188 0.359375 0.238281 0.347656 0.238281 0.343750 0.234375 0.339844 0.234375 0.335938 0.230469 0.335938 0.222656 0.320312 0.222656 0.316406 0.218750 0.316406 0.214844 0.312500 0.210938 0.312500 0.207031 0.304688 0.199219 0.304688 0.191406 0.300781 0.191406 0.296875 0.187500 0.296875 0.183594 0.285156 0.183594 0.281250 0.179688 0.281250 0.164062 0.277344 0.164062 0.269531 0.156250 0.269531 0.152344 0.261719 0.152344 0.250000 0.140625 0.250000 0.136719 0.242188 0.136719 0.238281 0.132812 0.238281 0.128906 0.230469 0.121094 0.230469 0.113281 0.222656 0.105469 0.222656 0.097656
