2 0.312500 0.890625 0.312500 0.898438 0.316406 0.902344 0.316406 0.906250 0.320312 0.910156 0.320312 0.941406 0.304688 0.957031 0.304688 0.968750 0.308594 0.972656 0.312500 0.972656 0.316406 0.976562 0.328125 0.976562 0.332031 0.972656 0.332031 0.964844 0.328125 0.960938 0.328125 0.945312 0.332031 0.941406 0.332031 0.937500 0.339844 0.929688 0.339844 0.914062 0.332031 0.914062 0.328125 0.910156 0.328125 0.894531 0.324219 0.894531 0.320312 0.890625
2 0.164062 0.859375 0.160156 0.863281 0.156250 0.863281 0.156250 0.871094 0.164062 0.871094 0.167969 0.867188 0.171875 0.867188 0.171875 0.859375
2 0.179688 0.816406 0.179688 0.832031 0.199219 0.832031 0.199219 0.824219 0.195312 0.820312 0.195312 0.816406
2 0.128906 0.781250 0.128906 0.789062 0.144531 0.789062 0.144531 0.781250
2 0.179688 0.500000 0.179688 0.515625 0.183594 0.515625 0.187500 0.519531 0.195312 0.519531 0.203125 0.527344 0.214844 0.527344 0.218750 0.531250 0.218750 0.539062 0.222656 0.542969 0.222656 0.550781 0.226562 0.554688 0.226562 0.582031 0.222656 0.585938 0.199219 0.585938 0.195312 0.582031 0.195312 0.574219 0.187500 0.574219 0.187500 0.621094 0.191406 0.625000 0.191406 0.640625 0.187500 0.644531 0.183594 0.644531 0.179688 0.648438 0.179688 0.656250 0.175781 0.660156 0.160156 0.660156 0.160156 0.664062 0.156250 0.667969 0.156250 0.675781 0.160156 0.679688 0.167969 0.679688 0.167969 0.664062 0.171875 0.660156 0.187500 0.660156 0.191406 0.664062 0.191406 0.679688 0.195312 0.679688 0.199219 0.683594 0.230469 0.683594 0.234375 0.687500 0.242188 0.687500 0.246094 0.691406 0.269531 0.691406 0.273438 0.695312 0.273438 0.699219 0.277344 0.699219 0.281250 0.703125 0.281250 0.714844 0.289062 0.714844 0.292969 0.718750 0.292969 0.722656 0.296875 0.726562 0.304688 0.726562 0.308594 0.730469 0.308594 0.734375 0.312500 0.738281 0.312500 0.742188 0.316406 0.742188 0.320312 0.746094 0.328125 0.746094 0.332031 0.750000 0.332031 0.785156 0.328125 0.789062 0.281250 0.789062 0.277344 0.785156 0.277344 0.781250 0.273438 0.777344 0.238281 0.777344 0.238281 0.792969 0.246094 0.792969 0.250000 0.796875 0.269531 0.796875 0.273438 0.800781 0.285156 0.800781 0.289062 0.804688 0.304688 0.804688 0.308594 0.808594 0.332031 0.808594 0.332031 0.800781 0.335938 0.796875 0.355469 0.796875 0.363281 0.804688 0.363281 0.808594 0.367188 0.812500 0.367188 0.816406 0.375000 0.824219 0.378906 0.824219 0.382812 0.828125 0.382812 0.832031 0.386719 0.832031 0.390625 0.835938 0.398438 0.835938 0.398438 0.828125 0.390625 0.820312 0.390625 0.816406 0.386719 0.812500 0.386719 0.808594 0.382812 0.808594 0.378906 0.804688 0.378906 0.796875 0.371094 0.789062 0.371094 0.777344 0.363281 0.769531 0.363281 0.765625 0.355469 0.765625 0.347656 0.757812 0.343750 0.757812 0.339844 0.753906 0.339844 0.734375 0.343750 0.730469 0.343750 0.714844 0.339844 0.710938 0.339844 0.703125 0.332031 0.695312 0.332031 0.691406 0.320312 0.691406 0.316406 0.687500 0.316406 0.664062 0.320312 0.660156 0.328125 0.660156 0.328125 0.644531 0.316406 0.644531 0.308594 0.636719 0.308594 0.621094 0.304688 0.621094 0.300781 0.617188 0.300781 0.597656 0.292969 0.597656 0.292969 0.609375 0.296875 0.613281 0.296875 0.636719 0.292969 0.640625 0.292969 0.648438 0.289062 0.652344 0.261719 0.652344 0.253906 0.644531 0.250000 0.644531 0.246094 0.640625 0.246094 0.625000 0.250000 0.621094 0.257812 0.621094 0.257812 0.601562 0.261719 0.597656 0.261719 0.593750 0.269531 0.585938 0.269531 0.582031 0.273438 0.578125 0.281250 0.578125 0.281250 0.566406 0.285156 0.562500 0.285156 0.554688 0.269531 0.554688 0.265625 0.550781 0.265625 0.542969 0.261719 0.542969 0.257812 0.539062 0.257812 0.535156 0.242188 0.535156 0.238281 0.531250 0.238281 0.527344 0.234375 0.527344 0.222656 0.515625 0.218750 0.515625 0.210938 0.507812 0.210938 0.503906 0.203125 0.503906 0.199219 0.500000
2 0.324219 0.402344 0.324219 0.417969 0.332031 0.417969 0.335938 0.414062 0.335938 0.402344
2 0.304688 0.382812 0.304688 0.394531 0.320312 0.394531 0.320312 0.382812
2 0.292969 0.355469 0.289062 0.359375 0.289062 0.367188 0.300781 0.367188 0.300781 0.355469
2 0.796875 0.320312 0.796875 0.328125 0.792969 0.332031 0.785156 0.332031 0.781250 0.335938 0.777344 0.335938 0.777344 0.339844 0.765625 0.351562 0.765625 0.355469 0.761719 0.359375 0.757812 0.359375 0.757812 0.363281 0.753906 0.367188 0.730469 0.367188 0.726562 0.363281 0.718750 0.363281 0.718750 0.371094 0.714844 0.375000 0.707031 0.375000 0.699219 0.382812 0.691406 0.382812 0.691406 0.390625 0.695312 0.394531 0.695312 0.417969 0.699219 0.417969 0.703125 0.421875 0.703125 0.433594 0.707031 0.437500 0.707031 0.441406 0.726562 0.441406 0.726562 0.437500 0.730469 0.433594 0.785156 0.433594 0.785156 0.421875 0.789062 0.417969 0.789062 0.394531 0.792969 0.390625 0.792969 0.386719 0.796875 0.382812 0.800781 0.382812 0.800781 0.375000 0.796875 0.371094 0.796875 0.355469 0.800781 0.351562 0.804688 0.351562 0.804688 0.343750 0.808594 0.339844 0.808594 0.328125 0.804688 0.324219 0.804688 0.320312
2 0.382812 0.292969 0.378906 0.296875 0.378906 0.300781 0.375000 0.304688 0.375000 0.312500 0.378906 0.316406 0.378906 0.339844 0.375000 0.343750 0.367188 0.343750 0.367188 0.351562 0.359375 0.359375 0.355469 0.359375 0.351562 0.363281 0.351562 0.371094 0.382812 0.371094 0.386719 0.367188 0.402344 0.367188 0.406250 0.371094 0.406250 0.398438 0.414062 0.398438 0.414062 0.371094 0.417969 0.367188 0.433594 0.367188 0.437500 0.371094 0.441406 0.371094 0.445312 0.375000 0.453125 0.375000 0.453125 0.367188 0.445312 0.359375 0.445312 0.343750 0.441406 0.339844 0.441406 0.335938 0.437500 0.332031 0.425781 0.332031 0.421875 0.328125 0.421875 0.304688 0.414062 0.304688 0.406250 0.296875 0.398438 0.296875 0.394531 0.292969
2 0.472656 0.289062 0.472656 0.292969 0.468750 0.296875 0.468750 0.316406 0.476562 0.324219 0.480469 0.324219 0.484375 0.328125 0.496094 0.328125 0.500000 0.332031 0.500000 0.339844 0.503906 0.339844 0.511719 0.347656 0.511719 0.371094 0.507812 0.375000 0.507812 0.378906 0.503906 0.382812 0.503906 0.390625 0.500000 0.394531 0.500000 0.406250 0.507812 0.414062 0.507812 0.425781 0.511719 0.429688 0.511719 0.433594 0.515625 0.437500 0.515625 0.460938 0.519531 0.460938 0.523438 0.464844 0.527344 0.464844 0.535156 0.472656 0.550781 0.472656 0.554688 0.476562 0.554688 0.492188 0.550781 0.496094 0.542969 0.496094 0.542969 0.500000 0.539062 0.503906 0.515625 0.503906 0.511719 0.507812 0.488281 0.507812 0.484375 0.503906 0.484375 0.500000 0.480469 0.496094 0.480469 0.488281 0.457031 0.488281 0.445312 0.476562 0.445312 0.460938 0.441406 0.460938 0.433594 0.453125 0.429688 0.453125 0.421875 0.445312 0.421875 0.441406 0.417969 0.441406 0.414062 0.437500 0.414062 0.429688 0.406250 0.429688 0.406250 0.449219 0.402344 0.453125 0.402344 0.457031 0.398438 0.460938 0.386719 0.460938 0.378906 0.468750 0.378906 0.480469 0.375000 0.484375 0.355469 0.484375 0.355469 0.515625 0.359375 0.519531 0.359375 0.542969 0.367188 0.550781 0.367188 0.570312 0.371094 0.574219 0.371094 0.582031 0.375000 0.582031 0.382812 0.589844 0.382812 0.605469 0.386719 0.609375 0.386719 0.613281 0.390625 0.613281 0.398438 0.621094 0.398438 0.640625 0.402344 0.644531 0.402344 0.660156 0.406250 0.664062 0.406250 0.675781 0.410156 0.675781 0.414062 0.679688 0.414062 0.695312 0.421875 0.703125 0.425781 0.703125 0.433594 0.710938 0.433594 0.714844 0.437500 0.714844 0.441406 0.718750 0.476562 0.718750 0.480469 0.722656 0.480469 0.750000 0.476562 0.753906 0.476562 0.761719 0.472656 0.765625 0.468750 0.765625 0.468750 0.781250 0.472656 0.781250 0.476562 0.785156 0.484375 0.785156 0.488281 0.781250 0.500000 0.781250 0.500000 0.773438 0.503906 0.769531 0.511719 0.769531 0.515625 0.765625 0.515625 0.757812 0.503906 0.757812 0.500000 0.753906 0.492188 0.753906 0.488281 0.750000 0.488281 0.734375 0.492188 0.730469 0.519531 0.730469 0.523438 0.726562 0.539062 0.726562 0.539062 0.703125 0.542969 0.699219 0.558594 0.699219 0.562500 0.703125 0.562500 0.710938 0.566406 0.714844 0.574219 0.714844 0.574219 0.703125 0.578125 0.699219 0.593750 0.699219 0.601562 0.707031 0.613281 0.707031 0.617188 0.710938 0.617188 0.730469 0.613281 0.734375 0.609375 0.734375 0.609375 0.742188 0.613281 0.742188 0.617188 0.746094 0.621094 0.746094 0.625000 0.750000 0.628906 0.750000 0.632812 0.753906 0.656250 0.753906 0.660156 0.757812 0.660156 0.761719 0.664062 0.765625 0.664062 0.769531 0.667969 0.769531 0.671875 0.773438 0.683594 0.773438 0.687500 0.769531 0.695312 0.769531 0.699219 0.765625 0.707031 0.765625 0.710938 0.761719 0.714844 0.761719 0.718750 0.757812 0.722656 0.757812 0.722656 0.750000 0.687500 0.750000 0.683594 0.746094 0.683594 0.730469 0.667969 0.730469 0.664062 0.726562 0.656250 0.726562 0.656250 0.742188 0.652344 0.746094 0.636719 0.746094 0.632812 0.742188 0.632812 0.726562 0.636719 0.722656 0.636719 0.714844 0.628906 0.714844 0.625000 0.710938 0.625000 0.695312 0.628906 0.691406 0.644531 0.691406 0.648438 0.695312 0.648438 0.703125 0.656250 0.703125 0.660156 0.699219 0.687500 0.699219 0.691406 0.703125 0.691406 0.722656 0.699219 0.722656 0.699219 0.710938 0.703125 0.707031 0.718750 0.707031 0.722656 0.703125 0.750000 0.703125 0.750000 0.691406 0.742188 0.691406 0.734375 0.699219 0.718750 0.699219 0.710938 0.691406 0.703125 0.691406 0.699219 0.687500 0.699219 0.671875 0.703125 0.667969 0.710938 0.667969 0.714844 0.664062 0.714844 0.660156 0.718750 0.656250 0.722656 0.656250 0.726562 0.652344 0.734375 0.652344 0.734375 0.648438 0.738281 0.644531 0.742188 0.644531 0.746094 0.640625 0.757812 0.640625 0.765625 0.632812 0.765625 0.609375 0.769531 0.605469 0.796875 0.605469 0.800781 0.609375 0.800781 0.628906 0.796875 0.632812 0.789062 0.632812 0.789062 0.644531 0.812500 0.644531 0.812500 0.640625 0.816406 0.636719 0.820312 0.636719 0.824219 0.632812 0.839844 0.632812 0.843750 0.636719 0.843750 0.644531 0.851562 0.644531 0.851562 0.632812 0.855469 0.628906 0.859375 0.628906 0.859375 0.589844 0.867188 0.582031 0.867188 0.578125 0.871094 0.574219 0.871094 0.558594 0.875000 0.554688 0.875000 0.539062 0.878906 0.535156 0.878906 0.441406 0.871094 0.441406 0.871094 0.449219 0.867188 0.453125 0.847656 0.453125 0.843750 0.449219 0.835938 0.449219 0.835938 0.453125 0.832031 0.457031 0.824219 0.457031 0.820312 0.460938 0.816406 0.460938 0.816406 0.468750 0.812500 0.472656 0.812500 0.484375 0.808594 0.488281 0.789062 0.488281 0.789062 0.503906 0.785156 0.507812 0.785156 0.523438 0.781250 0.527344 0.781250 0.542969 0.773438 0.550781 0.769531 0.550781 0.769531 0.566406 0.765625 0.570312 0.746094 0.570312 0.746094 0.578125 0.750000 0.582031 0.750000 0.597656 0.753906 0.601562 0.753906 0.617188 0.750000 0.621094 0.734375 0.621094 0.730469 0.617188 0.726562 0.617188 0.722656 0.613281 0.722656 0.609375 0.718750 0.609375 0.707031 0.597656 0.707031 0.585938 0.703125 0.582031 0.699219 0.582031 0.695312 0.578125 0.695312 0.554688 0.675781 0.554688 0.671875 0.550781 0.671875 0.546875 0.664062 0.546875 0.656250 0.554688 0.648438 0.554688 0.644531 0.558594 0.632812 0.558594 0.632812 0.562500 0.628906 0.566406 0.609375 0.566406 0.605469 0.562500 0.570312 0.562500 0.570312 0.570312 0.566406 0.574219 0.546875 0.574219 0.546875 0.585938 0.542969 0.589844 0.542969 0.593750 0.539062 0.597656 0.523438 0.597656 0.519531 0.593750 0.519531 0.574219 0.523438 0.570312 0.523438 0.562500 0.527344 0.558594 0.527344 0.550781 0.523438 0.546875 0.523438 0.523438 0.527344 0.519531 0.531250 0.519531 0.535156 0.515625 0.554688 0.515625 0.554688 0.492188 0.558594 0.488281 0.585938 0.488281 0.585938 0.484375 0.589844 0.480469 0.593750 0.480469 0.593750 0.464844 0.597656 0.460938 0.597656 0.449219 0.593750 0.445312 0.593750 0.441406 0.589844 0.437500 0.589844 0.402344 0.593750 0.398438 0.617188 0.398438 0.617188 0.378906 0.613281 0.375000 0.609375 0.375000 0.605469 0.371094 0.593750 0.371094 0.593750 0.378906 0.589844 0.382812 0.574219 0.382812 0.570312 0.378906 0.570312 0.339844 0.558594 0.328125 0.558594 0.324219 0.546875 0.324219 0.539062 0.316406 0.535156 0.316406 0.531250 0.312500 0.519531 0.312500 0.519531 0.316406 0.515625 0.320312 0.500000 0.320312 0.496094 0.316406 0.496094 0.308594 0.492188 0.304688 0.492188 0.300781 0.488281 0.296875 0.488281 0.292969 0.484375 0.292969 0.480469 0.289062
2 0.285156 0.261719 0.273438 0.273438 0.269531 0.273438 0.269531 0.277344 0.253906 0.292969 0.253906 0.296875 0.250000 0.300781 0.250000 0.308594 0.261719 0.308594 0.261719 0.304688 0.285156 0.281250 0.285156 0.277344 0.289062 0.273438 0.292969 0.273438 0.292969 0.261719
