2 0.539062 0.382812 0.539062 0.390625 0.546875 0.390625 0.546875 0.382812
2 0.105469 0.347656 0.105469 0.355469 0.113281 0.363281 0.113281 0.378906 0.105469 0.386719 0.101562 0.386719 0.101562 0.394531 0.109375 0.394531 0.113281 0.398438 0.132812 0.398438 0.132812 0.382812 0.128906 0.378906 0.128906 0.363281 0.132812 0.359375 0.140625 0.359375 0.140625 0.347656
2 0.589844 0.339844 0.589844 0.343750 0.585938 0.347656 0.585938 0.359375 0.582031 0.363281 0.574219 0.363281 0.574219 0.367188 0.570312 0.371094 0.566406 0.371094 0.566406 0.378906 0.589844 0.378906 0.589844 0.371094 0.593750 0.367188 0.593750 0.351562 0.597656 0.347656 0.597656 0.339844
2 0.585938 0.296875 0.582031 0.300781 0.578125 0.300781 0.578125 0.308594 0.589844 0.308594 0.593750 0.304688 0.597656 0.304688 0.597656 0.296875
2 0.257812 0.281250 0.250000 0.289062 0.246094 0.289062 0.242188 0.292969 0.230469 0.292969 0.226562 0.296875 0.226562 0.300781 0.222656 0.304688 0.222656 0.312500 0.226562 0.316406 0.230469 0.316406 0.234375 0.320312 0.246094 0.320312 0.246094 0.312500 0.250000 0.308594 0.253906 0.308594 0.257812 0.304688 0.265625 0.304688 0.269531 0.300781 0.273438 0.300781 0.273438 0.292969 0.269531 0.292969 0.265625 0.289062 0.265625 0.281250
2 0.195312 0.257812 0.191406 0.261719 0.191406 0.285156 0.187500 0.289062 0.183594 0.289062 0.175781 0.296875 0.164062 0.296875 0.160156 0.300781 0.156250 0.300781 0.152344 0.304688 0.152344 0.312500 0.179688 0.312500 0.183594 0.316406 0.183594 0.328125 0.195312 0.328125 0.195312 0.308594 0.199219 0.304688 0.199219 0.285156 0.203125 0.281250 0.203125 0.257812
2 0.644531 0.246094 0.644531 0.257812 0.640625 0.261719 0.617188 0.261719 0.617188 0.265625 0.613281 0.269531 0.613281 0.273438 0.609375 0.277344 0.609375 0.289062 0.617188 0.289062 0.621094 0.292969 0.621094 0.300781 0.628906 0.308594 0.628906 0.312500 0.636719 0.312500 0.636719 0.308594 0.640625 0.304688 0.648438 0.304688 0.648438 0.300781 0.652344 0.296875 0.652344 0.285156 0.648438 0.285156 0.644531 0.281250 0.644531 0.261719 0.648438 0.257812 0.652344 0.257812 0.656250 0.253906 0.656250 0.246094
2 0.742188 0.226562 0.742188 0.234375 0.746094 0.234375 0.750000 0.238281 0.750000 0.242188 0.757812 0.242188 0.761719 0.246094 0.761719 0.253906 0.773438 0.253906 0.777344 0.257812 0.777344 0.261719 0.785156 0.261719 0.789062 0.265625 0.789062 0.277344 0.792969 0.281250 0.800781 0.281250 0.800781 0.269531 0.796875 0.265625 0.789062 0.265625 0.785156 0.261719 0.785156 0.253906 0.777344 0.253906 0.773438 0.250000 0.773438 0.246094 0.761719 0.246094 0.757812 0.242188 0.757812 0.234375 0.753906 0.234375 0.750000 0.230469 0.750000 0.226562
2 0.695312 0.203125 0.695312 0.214844 0.699219 0.218750 0.707031 0.218750 0.710938 0.222656 0.710938 0.230469 0.718750 0.230469 0.718750 0.222656 0.714844 0.218750 0.714844 0.210938 0.710938 0.210938 0.703125 0.203125
2 0.640625 0.171875 0.640625 0.179688 0.644531 0.179688 0.648438 0.183594 0.656250 0.183594 0.660156 0.187500 0.667969 0.187500 0.667969 0.179688 0.664062 0.179688 0.660156 0.175781 0.656250 0.175781 0.652344 0.171875
2 0.320312 0.148438 0.320312 0.152344 0.316406 0.156250 0.316406 0.175781 0.312500 0.179688 0.312500 0.183594 0.308594 0.187500 0.308594 0.195312 0.324219 0.195312 0.328125 0.199219 0.335938 0.199219 0.335938 0.167969 0.328125 0.160156 0.328125 0.148438
2 0.429688 0.015625 0.425781 0.019531 0.421875 0.019531 0.421875 0.027344 0.417969 0.031250 0.402344 0.031250 0.394531 0.023438 0.386719 0.023438 0.386719 0.035156 0.390625 0.039062 0.390625 0.042969 0.406250 0.042969 0.410156 0.046875 0.414062 0.046875 0.417969 0.050781 0.425781 0.050781 0.429688 0.054688 0.429688 0.058594 0.457031 0.058594 0.460938 0.062500 0.460938 0.070312 0.468750 0.070312 0.472656 0.074219 0.476562 0.074219 0.480469 0.078125 0.480469 0.082031 0.488281 0.089844 0.496094 0.089844 0.496094 0.078125 0.492188 0.074219 0.492188 0.070312 0.484375 0.062500 0.484375 0.058594 0.480469 0.058594 0.476562 0.054688 0.476562 0.046875 0.472656 0.042969 0.472656 0.039062 0.457031 0.039062 0.453125 0.035156 0.453125 0.031250 0.449219 0.027344 0.449219 0.023438 0.445312 0.019531 0.445312 0.015625
