2 0.171875 0.742188 0.171875 0.746094 0.167969 0.750000 0.164062 0.750000 0.156250 0.757812 0.156250 0.773438 0.152344 0.777344 0.144531 0.777344 0.136719 0.785156 0.136719 0.796875 0.132812 0.800781 0.117188 0.800781 0.113281 0.796875 0.093750 0.796875 0.085938 0.789062 0.085938 0.777344 0.078125 0.769531 0.062500 0.769531 0.062500 0.796875 0.058594 0.800781 0.058594 0.816406 0.062500 0.820312 0.070312 0.820312 0.078125 0.828125 0.089844 0.828125 0.093750 0.832031 0.093750 0.843750 0.097656 0.843750 0.101562 0.847656 0.101562 0.863281 0.097656 0.867188 0.082031 0.867188 0.082031 0.882812 0.093750 0.882812 0.097656 0.878906 0.101562 0.878906 0.101562 0.871094 0.105469 0.867188 0.121094 0.867188 0.125000 0.871094 0.128906 0.871094 0.132812 0.875000 0.144531 0.875000 0.144531 0.871094 0.148438 0.867188 0.148438 0.855469 0.152344 0.851562 0.152344 0.828125 0.156250 0.824219 0.171875 0.824219 0.175781 0.820312 0.175781 0.812500 0.171875 0.808594 0.171875 0.789062 0.175781 0.785156 0.179688 0.785156 0.183594 0.781250 0.187500 0.781250 0.191406 0.777344 0.199219 0.777344 0.203125 0.773438 0.207031 0.773438 0.207031 0.765625 0.199219 0.765625 0.191406 0.757812 0.191406 0.753906 0.187500 0.753906 0.183594 0.750000 0.183594 0.742188
2 0.128906 0.664062 0.128906 0.667969 0.125000 0.671875 0.109375 0.671875 0.105469 0.675781 0.097656 0.675781 0.093750 0.679688 0.078125 0.679688 0.078125 0.703125 0.082031 0.707031 0.082031 0.718750 0.085938 0.722656 0.085938 0.734375 0.089844 0.738281 0.101562 0.738281 0.105469 0.742188 0.105469 0.746094 0.113281 0.746094 0.113281 0.742188 0.117188 0.738281 0.121094 0.738281 0.121094 0.722656 0.117188 0.722656 0.109375 0.714844 0.109375 0.710938 0.105469 0.707031 0.105469 0.691406 0.113281 0.683594 0.117188 0.683594 0.117188 0.679688 0.121094 0.675781 0.136719 0.675781 0.136719 0.664062
2 0.847656 0.644531 0.847656 0.652344 0.839844 0.660156 0.835938 0.660156 0.828125 0.667969 0.804688 0.667969 0.800781 0.664062 0.800781 0.660156 0.796875 0.656250 0.789062 0.656250 0.789062 0.660156 0.785156 0.664062 0.781250 0.664062 0.781250 0.667969 0.777344 0.671875 0.777344 0.683594 0.796875 0.683594 0.800781 0.687500 0.800781 0.707031 0.816406 0.707031 0.820312 0.703125 0.824219 0.703125 0.828125 0.699219 0.828125 0.691406 0.832031 0.687500 0.835938 0.687500 0.839844 0.683594 0.839844 0.675781 0.843750 0.671875 0.847656 0.671875 0.847656 0.667969 0.851562 0.664062 0.855469 0.664062 0.855469 0.656250 0.859375 0.652344 0.859375 0.644531
2 0.437500 0.609375 0.429688 0.617188 0.425781 0.617188 0.417969 0.625000 0.410156 0.625000 0.410156 0.632812 0.414062 0.636719 0.414062 0.644531 0.417969 0.644531 0.421875 0.648438 0.425781 0.648438 0.429688 0.652344 0.437500 0.652344 0.441406 0.648438 0.445312 0.648438 0.449219 0.644531 0.464844 0.644531 0.468750 0.640625 0.468750 0.636719 0.472656 0.632812 0.476562 0.632812 0.476562 0.625000 0.472656 0.625000 0.468750 0.621094 0.468750 0.609375
2 0.667969 0.570312 0.667969 0.585938 0.664062 0.589844 0.648438 0.589844 0.640625 0.597656 0.636719 0.597656 0.636719 0.609375 0.640625 0.609375 0.644531 0.613281 0.652344 0.613281 0.656250 0.609375 0.660156 0.609375 0.664062 0.605469 0.683594 0.605469 0.691406 0.597656 0.695312 0.597656 0.695312 0.593750 0.699219 0.589844 0.699219 0.582031 0.679688 0.582031 0.675781 0.578125 0.675781 0.570312
2 0.562500 0.535156 0.554688 0.542969 0.550781 0.542969 0.550781 0.574219 0.546875 0.578125 0.546875 0.582031 0.539062 0.589844 0.539062 0.601562 0.550781 0.601562 0.554688 0.597656 0.558594 0.597656 0.558594 0.582031 0.562500 0.578125 0.562500 0.562500 0.566406 0.558594 0.582031 0.558594 0.582031 0.550781 0.574219 0.550781 0.570312 0.546875 0.570312 0.535156
2 0.894531 0.519531 0.894531 0.523438 0.886719 0.531250 0.882812 0.531250 0.882812 0.539062 0.886719 0.539062 0.890625 0.542969 0.902344 0.542969 0.906250 0.546875 0.906250 0.570312 0.902344 0.574219 0.902344 0.578125 0.882812 0.597656 0.882812 0.613281 0.878906 0.617188 0.875000 0.617188 0.875000 0.625000 0.882812 0.625000 0.882812 0.621094 0.886719 0.617188 0.890625 0.617188 0.890625 0.613281 0.894531 0.609375 0.894531 0.605469 0.902344 0.597656 0.902344 0.593750 0.906250 0.589844 0.906250 0.585938 0.910156 0.582031 0.910156 0.578125 0.914062 0.574219 0.914062 0.570312 0.917969 0.566406 0.917969 0.562500 0.921875 0.558594 0.921875 0.550781 0.925781 0.546875 0.925781 0.531250 0.917969 0.531250 0.914062 0.527344 0.910156 0.527344 0.906250 0.523438 0.906250 0.519531
2 0.621094 0.484375 0.621094 0.500000 0.617188 0.503906 0.601562 0.503906 0.601562 0.511719 0.605469 0.515625 0.605469 0.519531 0.609375 0.519531 0.613281 0.523438 0.613281 0.539062 0.609375 0.542969 0.609375 0.554688 0.621094 0.554688 0.621094 0.535156 0.625000 0.531250 0.628906 0.531250 0.628906 0.527344 0.632812 0.523438 0.675781 0.523438 0.675781 0.511719 0.671875 0.511719 0.667969 0.507812 0.667969 0.503906 0.664062 0.500000 0.664062 0.496094 0.660156 0.492188 0.632812 0.492188 0.628906 0.488281 0.628906 0.484375
2 0.753906 0.480469 0.753906 0.488281 0.750000 0.492188 0.742188 0.492188 0.734375 0.500000 0.734375 0.519531 0.746094 0.519531 0.746094 0.511719 0.750000 0.507812 0.753906 0.507812 0.753906 0.503906 0.757812 0.500000 0.761719 0.500000 0.765625 0.496094 0.769531 0.496094 0.769531 0.484375 0.765625 0.484375 0.761719 0.480469
2 0.460938 0.468750 0.460938 0.472656 0.453125 0.480469 0.453125 0.484375 0.449219 0.488281 0.437500 0.488281 0.437500 0.500000 0.433594 0.503906 0.425781 0.503906 0.425781 0.511719 0.445312 0.511719 0.445312 0.496094 0.449219 0.492188 0.484375 0.492188 0.484375 0.484375 0.488281 0.480469 0.492188 0.480469 0.492188 0.472656 0.476562 0.472656 0.472656 0.468750
2 0.886719 0.386719 0.886719 0.390625 0.875000 0.402344 0.851562 0.402344 0.847656 0.398438 0.847656 0.390625 0.839844 0.390625 0.839844 0.402344 0.859375 0.402344 0.863281 0.406250 0.863281 0.414062 0.890625 0.414062 0.894531 0.417969 0.894531 0.433594 0.890625 0.437500 0.847656 0.437500 0.843750 0.433594 0.839844 0.433594 0.835938 0.429688 0.835938 0.417969 0.828125 0.417969 0.824219 0.421875 0.804688 0.421875 0.804688 0.429688 0.800781 0.433594 0.800781 0.437500 0.796875 0.441406 0.785156 0.441406 0.785156 0.476562 0.796875 0.476562 0.796875 0.472656 0.804688 0.464844 0.820312 0.464844 0.824219 0.468750 0.847656 0.468750 0.851562 0.464844 0.851562 0.460938 0.855469 0.457031 0.855469 0.453125 0.859375 0.449219 0.890625 0.449219 0.894531 0.453125 0.894531 0.457031 0.898438 0.457031 0.902344 0.460938 0.902344 0.468750 0.906250 0.472656 0.906250 0.476562 0.917969 0.476562 0.921875 0.472656 0.921875 0.468750 0.925781 0.464844 0.925781 0.429688 0.921875 0.425781 0.921875 0.417969 0.917969 0.414062 0.917969 0.410156 0.914062 0.406250 0.898438 0.406250 0.894531 0.402344 0.894531 0.386719
2 0.734375 0.382812 0.734375 0.390625 0.730469 0.394531 0.707031 0.394531 0.703125 0.390625 0.691406 0.390625 0.687500 0.394531 0.664062 0.394531 0.660156 0.398438 0.648438 0.398438 0.648438 0.402344 0.644531 0.406250 0.625000 0.406250 0.625000 0.410156 0.621094 0.414062 0.597656 0.414062 0.597656 0.425781 0.601562 0.429688 0.617188 0.429688 0.625000 0.421875 0.640625 0.421875 0.644531 0.425781 0.644531 0.441406 0.648438 0.441406 0.652344 0.445312 0.656250 0.445312 0.660156 0.449219 0.660156 0.457031 0.664062 0.460938 0.679688 0.460938 0.683594 0.464844 0.683594 0.468750 0.687500 0.472656 0.695312 0.472656 0.695312 0.464844 0.699219 0.460938 0.699219 0.441406 0.707031 0.433594 0.707031 0.417969 0.710938 0.414062 0.722656 0.414062 0.722656 0.406250 0.726562 0.402344 0.746094 0.402344 0.750000 0.398438 0.753906 0.398438 0.757812 0.394531 0.757812 0.382812
2 0.476562 0.320312 0.476562 0.332031 0.468750 0.339844 0.457031 0.339844 0.453125 0.343750 0.453125 0.351562 0.464844 0.351562 0.468750 0.355469 0.468750 0.390625 0.464844 0.394531 0.449219 0.394531 0.445312 0.390625 0.437500 0.390625 0.433594 0.386719 0.425781 0.386719 0.425781 0.402344 0.429688 0.406250 0.429688 0.421875 0.425781 0.425781 0.421875 0.425781 0.417969 0.429688 0.406250 0.429688 0.398438 0.437500 0.378906 0.437500 0.375000 0.433594 0.375000 0.429688 0.355469 0.429688 0.347656 0.421875 0.347656 0.417969 0.339844 0.417969 0.335938 0.414062 0.335938 0.410156 0.332031 0.410156 0.324219 0.402344 0.320312 0.402344 0.316406 0.398438 0.308594 0.398438 0.308594 0.406250 0.312500 0.410156 0.312500 0.417969 0.320312 0.417969 0.324219 0.421875 0.324219 0.425781 0.328125 0.429688 0.328125 0.460938 0.324219 0.464844 0.324219 0.484375 0.320312 0.488281 0.320312 0.527344 0.316406 0.531250 0.296875 0.531250 0.289062 0.523438 0.277344 0.523438 0.273438 0.519531 0.273438 0.511719 0.253906 0.511719 0.250000 0.507812 0.250000 0.492188 0.265625 0.476562 0.265625 0.464844 0.238281 0.464844 0.234375 0.460938 0.234375 0.457031 0.230469 0.457031 0.222656 0.449219 0.222656 0.433594 0.218750 0.429688 0.210938 0.429688 0.203125 0.421875 0.199219 0.421875 0.191406 0.414062 0.175781 0.414062 0.175781 0.421875 0.179688 0.425781 0.179688 0.457031 0.171875 0.464844 0.171875 0.492188 0.175781 0.496094 0.175781 0.500000 0.179688 0.503906 0.179688 0.519531 0.175781 0.523438 0.156250 0.523438 0.152344 0.519531 0.152344 0.515625 0.148438 0.515625 0.144531 0.511719 0.144531 0.503906 0.140625 0.500000 0.117188 0.500000 0.113281 0.496094 0.113281 0.492188 0.105469 0.492188 0.105469 0.500000 0.101562 0.503906 0.101562 0.511719 0.117188 0.511719 0.121094 0.515625 0.121094 0.531250 0.128906 0.531250 0.132812 0.535156 0.132812 0.550781 0.128906 0.554688 0.128906 0.582031 0.144531 0.582031 0.148438 0.578125 0.148438 0.570312 0.152344 0.566406 0.156250 0.566406 0.164062 0.558594 0.164062 0.554688 0.167969 0.550781 0.171875 0.550781 0.175781 0.546875 0.179688 0.546875 0.179688 0.519531 0.183594 0.515625 0.191406 0.515625 0.195312 0.511719 0.195312 0.500000 0.199219 0.496094 0.230469 0.496094 0.234375 0.500000 0.234375 0.531250 0.230469 0.535156 0.218750 0.535156 0.218750 0.539062 0.214844 0.542969 0.210938 0.542969 0.207031 0.546875 0.207031 0.574219 0.203125 0.578125 0.203125 0.621094 0.199219 0.625000 0.199219 0.636719 0.195312 0.640625 0.183594 0.640625 0.183594 0.652344 0.199219 0.652344 0.203125 0.656250 0.203125 0.664062 0.218750 0.664062 0.218750 0.656250 0.222656 0.652344 0.238281 0.652344 0.238281 0.648438 0.242188 0.644531 0.250000 0.644531 0.250000 0.636719 0.253906 0.632812 0.261719 0.632812 0.261719 0.625000 0.253906 0.625000 0.253906 0.628906 0.250000 0.632812 0.218750 0.632812 0.214844 0.628906 0.214844 0.601562 0.218750 0.597656 0.230469 0.597656 0.230469 0.589844 0.234375 0.585938 0.234375 0.578125 0.238281 0.574219 0.242188 0.574219 0.242188 0.566406 0.238281 0.562500 0.234375 0.562500 0.230469 0.558594 0.230469 0.535156 0.234375 0.531250 0.257812 0.531250 0.261719 0.535156 0.261719 0.554688 0.289062 0.554688 0.292969 0.558594 0.292969 0.585938 0.300781 0.585938 0.300781 0.578125 0.312500 0.566406 0.312500 0.554688 0.320312 0.546875 0.320312 0.542969 0.328125 0.535156 0.332031 0.535156 0.335938 0.531250 0.347656 0.531250 0.347656 0.515625 0.351562 0.511719 0.355469 0.511719 0.355469 0.503906 0.347656 0.503906 0.343750 0.500000 0.343750 0.484375 0.351562 0.476562 0.367188 0.476562 0.371094 0.480469 0.371094 0.484375 0.382812 0.484375 0.386719 0.480469 0.386719 0.476562 0.390625 0.472656 0.394531 0.472656 0.394531 0.468750 0.398438 0.464844 0.402344 0.464844 0.402344 0.460938 0.406250 0.457031 0.406250 0.453125 0.410156 0.449219 0.433594 0.449219 0.437500 0.445312 0.437500 0.429688 0.441406 0.425781 0.445312 0.425781 0.445312 0.417969 0.449219 0.414062 0.457031 0.414062 0.460938 0.410156 0.468750 0.410156 0.468750 0.394531 0.472656 0.390625 0.480469 0.390625 0.480469 0.386719 0.484375 0.382812 0.488281 0.382812 0.488281 0.378906 0.496094 0.371094 0.503906 0.371094 0.503906 0.359375 0.507812 0.355469 0.511719 0.355469 0.515625 0.351562 0.523438 0.351562 0.523438 0.347656 0.527344 0.343750 0.527344 0.335938 0.523438 0.332031 0.523438 0.328125 0.515625 0.328125 0.511719 0.332031 0.496094 0.332031 0.492188 0.328125 0.492188 0.324219 0.488281 0.324219 0.484375 0.320312
2 0.558594 0.308594 0.558594 0.316406 0.554688 0.320312 0.550781 0.320312 0.550781 0.328125 0.570312 0.328125 0.574219 0.332031 0.574219 0.347656 0.570312 0.351562 0.566406 0.351562 0.566406 0.359375 0.562500 0.363281 0.550781 0.363281 0.550781 0.375000 0.554688 0.378906 0.554688 0.433594 0.550781 0.437500 0.546875 0.437500 0.546875 0.445312 0.554688 0.453125 0.558594 0.453125 0.562500 0.457031 0.570312 0.457031 0.570312 0.449219 0.566406 0.449219 0.562500 0.445312 0.562500 0.421875 0.566406 0.417969 0.574219 0.417969 0.574219 0.406250 0.578125 0.402344 0.589844 0.402344 0.589844 0.375000 0.593750 0.371094 0.605469 0.371094 0.605469 0.359375 0.597656 0.351562 0.597656 0.335938 0.578125 0.335938 0.574219 0.332031 0.574219 0.316406 0.570312 0.312500 0.570312 0.308594
2 0.855469 0.292969 0.855469 0.300781 0.847656 0.308594 0.843750 0.308594 0.839844 0.312500 0.839844 0.320312 0.843750 0.324219 0.851562 0.324219 0.855469 0.328125 0.855469 0.347656 0.878906 0.347656 0.878906 0.328125 0.882812 0.324219 0.906250 0.324219 0.910156 0.328125 0.910156 0.347656 0.906250 0.351562 0.902344 0.351562 0.898438 0.355469 0.898438 0.363281 0.929688 0.363281 0.933594 0.359375 0.933594 0.355469 0.941406 0.347656 0.945312 0.347656 0.949219 0.343750 0.957031 0.343750 0.960938 0.339844 0.960938 0.335938 0.964844 0.332031 0.964844 0.324219 0.968750 0.320312 0.968750 0.304688 0.953125 0.304688 0.949219 0.300781 0.945312 0.300781 0.941406 0.296875 0.925781 0.296875 0.917969 0.304688 0.917969 0.312500 0.914062 0.316406 0.894531 0.316406 0.890625 0.312500 0.886719 0.312500 0.882812 0.308594 0.878906 0.308594 0.875000 0.304688 0.875000 0.296875 0.871094 0.292969
2 0.609375 0.277344 0.605469 0.281250 0.605469 0.285156 0.601562 0.289062 0.601562 0.296875 0.609375 0.296875 0.617188 0.289062 0.617188 0.277344
2 0.304688 0.277344 0.300781 0.281250 0.300781 0.285156 0.296875 0.289062 0.296875 0.300781 0.292969 0.304688 0.285156 0.304688 0.281250 0.308594 0.281250 0.312500 0.277344 0.316406 0.277344 0.324219 0.281250 0.328125 0.289062 0.328125 0.292969 0.332031 0.292969 0.351562 0.308594 0.351562 0.312500 0.355469 0.312500 0.363281 0.320312 0.363281 0.320312 0.359375 0.324219 0.355469 0.324219 0.351562 0.332031 0.343750 0.335938 0.343750 0.339844 0.339844 0.339844 0.332031 0.335938 0.332031 0.332031 0.328125 0.332031 0.296875 0.335938 0.292969 0.335938 0.281250 0.320312 0.281250 0.316406 0.277344
2 0.527344 0.183594 0.527344 0.203125 0.523438 0.207031 0.496094 0.207031 0.492188 0.203125 0.480469 0.203125 0.476562 0.207031 0.468750 0.207031 0.460938 0.214844 0.460938 0.234375 0.464844 0.234375 0.468750 0.238281 0.476562 0.238281 0.480469 0.234375 0.500000 0.234375 0.500000 0.222656 0.503906 0.218750 0.519531 0.218750 0.523438 0.222656 0.523438 0.230469 0.550781 0.230469 0.554688 0.226562 0.554688 0.218750 0.542969 0.218750 0.539062 0.214844 0.539062 0.195312 0.542969 0.191406 0.542969 0.183594
2 0.828125 0.160156 0.828125 0.175781 0.820312 0.183594 0.820312 0.203125 0.855469 0.203125 0.859375 0.199219 0.859375 0.187500 0.863281 0.183594 0.871094 0.183594 0.871094 0.171875 0.839844 0.171875 0.835938 0.167969 0.835938 0.160156
2 0.703125 0.160156 0.699219 0.164062 0.699219 0.175781 0.695312 0.179688 0.664062 0.179688 0.660156 0.175781 0.640625 0.175781 0.640625 0.183594 0.644531 0.183594 0.648438 0.187500 0.652344 0.187500 0.660156 0.195312 0.660156 0.222656 0.656250 0.226562 0.648438 0.226562 0.648438 0.257812 0.644531 0.261719 0.644531 0.289062 0.652344 0.289062 0.656250 0.285156 0.687500 0.285156 0.687500 0.277344 0.691406 0.273438 0.710938 0.273438 0.714844 0.277344 0.714844 0.285156 0.722656 0.292969 0.722656 0.300781 0.730469 0.300781 0.734375 0.304688 0.738281 0.304688 0.742188 0.308594 0.750000 0.308594 0.750000 0.289062 0.757812 0.281250 0.757812 0.277344 0.761719 0.273438 0.761719 0.261719 0.765625 0.257812 0.781250 0.257812 0.785156 0.261719 0.785156 0.265625 0.812500 0.265625 0.820312 0.273438 0.835938 0.273438 0.839844 0.277344 0.839844 0.281250 0.851562 0.281250 0.851562 0.269531 0.855469 0.265625 0.863281 0.265625 0.867188 0.261719 0.878906 0.261719 0.878906 0.257812 0.882812 0.253906 0.886719 0.253906 0.886719 0.250000 0.890625 0.246094 0.906250 0.246094 0.910156 0.242188 0.914062 0.242188 0.917969 0.238281 0.949219 0.238281 0.953125 0.234375 0.953125 0.222656 0.949219 0.222656 0.945312 0.218750 0.945312 0.214844 0.941406 0.214844 0.937500 0.210938 0.929688 0.210938 0.914062 0.226562 0.906250 0.226562 0.902344 0.230469 0.886719 0.230469 0.882812 0.226562 0.882812 0.222656 0.871094 0.222656 0.871094 0.238281 0.867188 0.242188 0.859375 0.242188 0.855469 0.246094 0.843750 0.246094 0.843750 0.250000 0.839844 0.253906 0.808594 0.253906 0.804688 0.250000 0.804688 0.214844 0.800781 0.214844 0.796875 0.210938 0.796875 0.203125 0.785156 0.203125 0.785156 0.222656 0.781250 0.226562 0.769531 0.226562 0.769531 0.230469 0.765625 0.234375 0.746094 0.234375 0.742188 0.230469 0.742188 0.210938 0.746094 0.207031 0.753906 0.207031 0.753906 0.191406 0.730469 0.191406 0.726562 0.187500 0.726562 0.167969 0.722656 0.164062 0.714844 0.164062 0.710938 0.160156
2 0.750000 0.148438 0.750000 0.160156 0.757812 0.160156 0.757812 0.148438
2 0.773438 0.125000 0.769531 0.128906 0.769531 0.136719 0.777344 0.136719 0.781250 0.140625 0.789062 0.140625 0.789062 0.125000
2 0.925781 0.109375 0.925781 0.117188 0.921875 0.121094 0.917969 0.121094 0.917969 0.132812 0.925781 0.140625 0.925781 0.171875 0.929688 0.175781 0.945312 0.175781 0.953125 0.167969 0.953125 0.152344 0.949219 0.148438 0.949219 0.144531 0.941406 0.136719 0.941406 0.125000 0.937500 0.121094 0.937500 0.109375
