2 0.750000 0.843750 0.746094 0.847656 0.742188 0.847656 0.738281 0.851562 0.726562 0.851562 0.722656 0.855469 0.687500 0.855469 0.687500 0.871094 0.699219 0.871094 0.703125 0.867188 0.710938 0.867188 0.714844 0.863281 0.738281 0.863281 0.742188 0.859375 0.750000 0.859375 0.753906 0.855469 0.757812 0.855469 0.757812 0.843750
2 0.722656 0.808594 0.722656 0.816406 0.726562 0.820312 0.734375 0.820312 0.734375 0.808594
2 0.179688 0.777344 0.179688 0.785156 0.187500 0.785156 0.187500 0.777344
2 0.175781 0.734375 0.175781 0.742188 0.179688 0.742188 0.183594 0.746094 0.183594 0.750000 0.195312 0.750000 0.195312 0.742188 0.191406 0.738281 0.187500 0.738281 0.183594 0.734375
2 0.132812 0.691406 0.132812 0.699219 0.136719 0.703125 0.136719 0.707031 0.144531 0.714844 0.152344 0.714844 0.152344 0.707031 0.140625 0.695312 0.140625 0.691406
2 0.718750 0.656250 0.718750 0.660156 0.714844 0.664062 0.695312 0.664062 0.691406 0.667969 0.687500 0.667969 0.683594 0.671875 0.683594 0.679688 0.679688 0.683594 0.679688 0.695312 0.687500 0.695312 0.687500 0.683594 0.691406 0.679688 0.695312 0.679688 0.699219 0.675781 0.703125 0.675781 0.703125 0.667969 0.707031 0.664062 0.726562 0.664062 0.726562 0.656250
2 0.128906 0.605469 0.128906 0.609375 0.125000 0.613281 0.125000 0.621094 0.132812 0.621094 0.132812 0.617188 0.136719 0.613281 0.136719 0.605469
2 0.468750 0.585938 0.464844 0.589844 0.460938 0.589844 0.457031 0.593750 0.449219 0.593750 0.445312 0.597656 0.441406 0.597656 0.433594 0.605469 0.429688 0.605469 0.425781 0.609375 0.417969 0.609375 0.414062 0.613281 0.410156 0.613281 0.410156 0.621094 0.445312 0.621094 0.449219 0.617188 0.453125 0.617188 0.457031 0.613281 0.476562 0.613281 0.476562 0.609375 0.484375 0.601562 0.484375 0.597656 0.488281 0.593750 0.492188 0.593750 0.492188 0.585938
2 0.160156 0.562500 0.160156 0.566406 0.156250 0.570312 0.148438 0.570312 0.148438 0.582031 0.156250 0.582031 0.160156 0.578125 0.160156 0.574219 0.164062 0.570312 0.167969 0.570312 0.167969 0.562500
2 0.476562 0.542969 0.472656 0.546875 0.468750 0.546875 0.468750 0.554688 0.496094 0.554688 0.496094 0.546875 0.492188 0.546875 0.488281 0.542969
2 0.542969 0.339844 0.542969 0.343750 0.539062 0.347656 0.511719 0.347656 0.507812 0.343750 0.500000 0.343750 0.500000 0.355469 0.503906 0.359375 0.503906 0.367188 0.507812 0.367188 0.511719 0.371094 0.511719 0.386719 0.507812 0.390625 0.500000 0.390625 0.500000 0.398438 0.496094 0.402344 0.460938 0.402344 0.460938 0.410156 0.464844 0.410156 0.468750 0.414062 0.484375 0.414062 0.488281 0.417969 0.488281 0.437500 0.496094 0.437500 0.500000 0.441406 0.500000 0.457031 0.496094 0.460938 0.453125 0.460938 0.449219 0.457031 0.449219 0.445312 0.441406 0.445312 0.441406 0.453125 0.437500 0.457031 0.417969 0.457031 0.417969 0.488281 0.414062 0.492188 0.402344 0.492188 0.402344 0.496094 0.398438 0.500000 0.398438 0.503906 0.394531 0.507812 0.378906 0.507812 0.375000 0.503906 0.375000 0.476562 0.355469 0.476562 0.351562 0.472656 0.343750 0.472656 0.343750 0.480469 0.355469 0.492188 0.355469 0.507812 0.359375 0.511719 0.359375 0.535156 0.382812 0.535156 0.386719 0.539062 0.386719 0.542969 0.445312 0.542969 0.445312 0.531250 0.449219 0.527344 0.453125 0.527344 0.457031 0.523438 0.468750 0.523438 0.468750 0.519531 0.472656 0.515625 0.496094 0.515625 0.496094 0.488281 0.500000 0.484375 0.500000 0.476562 0.503906 0.472656 0.507812 0.472656 0.511719 0.468750 0.527344 0.468750 0.535156 0.476562 0.535156 0.488281 0.546875 0.488281 0.550781 0.484375 0.566406 0.484375 0.570312 0.488281 0.570312 0.503906 0.566406 0.507812 0.558594 0.507812 0.554688 0.511719 0.546875 0.511719 0.542969 0.515625 0.531250 0.515625 0.531250 0.535156 0.527344 0.539062 0.527344 0.558594 0.523438 0.562500 0.519531 0.562500 0.519531 0.570312 0.523438 0.574219 0.523438 0.621094 0.519531 0.625000 0.519531 0.632812 0.515625 0.636719 0.515625 0.652344 0.511719 0.656250 0.511719 0.664062 0.507812 0.667969 0.507812 0.683594 0.503906 0.687500 0.500000 0.687500 0.500000 0.691406 0.496094 0.695312 0.492188 0.695312 0.488281 0.699219 0.464844 0.699219 0.460938 0.695312 0.460938 0.691406 0.437500 0.691406 0.433594 0.687500 0.425781 0.687500 0.425781 0.718750 0.421875 0.722656 0.394531 0.722656 0.386719 0.714844 0.378906 0.714844 0.375000 0.718750 0.363281 0.718750 0.355469 0.726562 0.355469 0.738281 0.359375 0.738281 0.363281 0.742188 0.363281 0.746094 0.371094 0.746094 0.375000 0.750000 0.378906 0.750000 0.382812 0.753906 0.390625 0.753906 0.394531 0.757812 0.394531 0.765625 0.402344 0.765625 0.402344 0.757812 0.406250 0.753906 0.421875 0.753906 0.425781 0.757812 0.425781 0.765625 0.429688 0.765625 0.437500 0.773438 0.441406 0.773438 0.445312 0.777344 0.445312 0.796875 0.437500 0.804688 0.394531 0.804688 0.390625 0.800781 0.390625 0.789062 0.386719 0.785156 0.367188 0.785156 0.363281 0.789062 0.343750 0.789062 0.343750 0.804688 0.339844 0.808594 0.339844 0.820312 0.402344 0.820312 0.406250 0.824219 0.406250 0.828125 0.417969 0.828125 0.421875 0.832031 0.421875 0.851562 0.417969 0.855469 0.402344 0.855469 0.398438 0.851562 0.398438 0.847656 0.375000 0.847656 0.371094 0.843750 0.363281 0.843750 0.359375 0.847656 0.343750 0.847656 0.339844 0.843750 0.332031 0.843750 0.328125 0.839844 0.328125 0.832031 0.316406 0.832031 0.316406 0.839844 0.320312 0.843750 0.320312 0.851562 0.324219 0.855469 0.324219 0.859375 0.328125 0.859375 0.332031 0.863281 0.335938 0.863281 0.343750 0.871094 0.351562 0.871094 0.355469 0.875000 0.355469 0.890625 0.371094 0.890625 0.375000 0.894531 0.375000 0.898438 0.394531 0.898438 0.398438 0.894531 0.406250 0.894531 0.410156 0.890625 0.441406 0.890625 0.445312 0.894531 0.445312 0.898438 0.468750 0.898438 0.468750 0.875000 0.472656 0.871094 0.507812 0.871094 0.511719 0.867188 0.527344 0.867188 0.531250 0.871094 0.531250 0.875000 0.539062 0.875000 0.539062 0.863281 0.542969 0.859375 0.546875 0.859375 0.546875 0.851562 0.550781 0.847656 0.554688 0.847656 0.558594 0.843750 0.562500 0.843750 0.562500 0.835938 0.570312 0.828125 0.597656 0.828125 0.605469 0.835938 0.609375 0.835938 0.617188 0.843750 0.621094 0.843750 0.625000 0.847656 0.632812 0.847656 0.632812 0.843750 0.636719 0.839844 0.636719 0.835938 0.640625 0.832031 0.648438 0.832031 0.648438 0.824219 0.656250 0.816406 0.664062 0.816406 0.667969 0.812500 0.675781 0.812500 0.675781 0.804688 0.679688 0.800781 0.710938 0.800781 0.710938 0.792969 0.679688 0.792969 0.671875 0.785156 0.664062 0.785156 0.656250 0.777344 0.648438 0.777344 0.644531 0.773438 0.625000 0.773438 0.621094 0.777344 0.578125 0.777344 0.574219 0.781250 0.558594 0.781250 0.550781 0.773438 0.546875 0.773438 0.542969 0.769531 0.542969 0.734375 0.550781 0.726562 0.613281 0.726562 0.613281 0.718750 0.605469 0.718750 0.601562 0.714844 0.601562 0.687500 0.605469 0.683594 0.621094 0.683594 0.625000 0.679688 0.640625 0.679688 0.644531 0.683594 0.652344 0.683594 0.652344 0.671875 0.648438 0.667969 0.648438 0.640625 0.652344 0.636719 0.660156 0.636719 0.664062 0.632812 0.664062 0.628906 0.671875 0.621094 0.671875 0.613281 0.675781 0.609375 0.683594 0.609375 0.687500 0.605469 0.691406 0.605469 0.691406 0.601562 0.695312 0.597656 0.707031 0.597656 0.707031 0.593750 0.718750 0.582031 0.718750 0.578125 0.722656 0.574219 0.726562 0.574219 0.734375 0.566406 0.738281 0.566406 0.742188 0.562500 0.746094 0.562500 0.750000 0.558594 0.753906 0.558594 0.757812 0.554688 0.761719 0.554688 0.777344 0.539062 0.781250 0.539062 0.785156 0.535156 0.816406 0.535156 0.816406 0.527344 0.820312 0.523438 0.835938 0.523438 0.835938 0.503906 0.843750 0.496094 0.843750 0.488281 0.839844 0.484375 0.839844 0.472656 0.835938 0.468750 0.828125 0.468750 0.828125 0.472656 0.820312 0.480469 0.816406 0.480469 0.816406 0.503906 0.812500 0.507812 0.808594 0.507812 0.800781 0.515625 0.796875 0.515625 0.792969 0.519531 0.765625 0.519531 0.761719 0.515625 0.761719 0.511719 0.757812 0.507812 0.757812 0.492188 0.761719 0.488281 0.765625 0.488281 0.765625 0.480469 0.757812 0.480469 0.753906 0.484375 0.746094 0.484375 0.746094 0.496094 0.750000 0.496094 0.753906 0.500000 0.753906 0.515625 0.750000 0.519531 0.726562 0.519531 0.722656 0.515625 0.722656 0.511719 0.707031 0.511719 0.703125 0.507812 0.703125 0.500000 0.699219 0.500000 0.695312 0.496094 0.695312 0.484375 0.687500 0.484375 0.683594 0.488281 0.644531 0.488281 0.640625 0.484375 0.640625 0.464844 0.636719 0.460938 0.636719 0.445312 0.640625 0.441406 0.644531 0.441406 0.648438 0.437500 0.671875 0.437500 0.675781 0.441406 0.683594 0.441406 0.687500 0.437500 0.687500 0.433594 0.691406 0.429688 0.695312 0.429688 0.695312 0.421875 0.691406 0.421875 0.687500 0.417969 0.687500 0.402344 0.691406 0.398438 0.703125 0.398438 0.703125 0.386719 0.671875 0.386719 0.667969 0.382812 0.660156 0.382812 0.656250 0.378906 0.656250 0.363281 0.652344 0.359375 0.648438 0.359375 0.644531 0.355469 0.640625 0.355469 0.636719 0.351562 0.601562 0.351562 0.597656 0.355469 0.593750 0.355469 0.589844 0.359375 0.566406 0.359375 0.562500 0.355469 0.562500 0.339844
2 0.617188 0.218750 0.617188 0.222656 0.609375 0.230469 0.601562 0.230469 0.601562 0.234375 0.597656 0.238281 0.597656 0.242188 0.593750 0.246094 0.593750 0.261719 0.585938 0.269531 0.585938 0.277344 0.589844 0.281250 0.589844 0.285156 0.593750 0.289062 0.609375 0.289062 0.609375 0.261719 0.613281 0.257812 0.636719 0.257812 0.636719 0.246094 0.628906 0.238281 0.628906 0.234375 0.625000 0.230469 0.625000 0.218750
