2 0.179688 0.746094 0.175781 0.750000 0.167969 0.750000 0.167969 0.757812 0.171875 0.761719 0.171875 0.781250 0.175781 0.781250 0.179688 0.785156 0.199219 0.785156 0.199219 0.769531 0.195312 0.765625 0.195312 0.746094
2 0.074219 0.695312 0.074219 0.707031 0.082031 0.707031 0.082031 0.695312
2 0.148438 0.667969 0.148438 0.675781 0.160156 0.675781 0.160156 0.667969
2 0.187500 0.664062 0.187500 0.675781 0.183594 0.679688 0.179688 0.679688 0.179688 0.687500 0.203125 0.687500 0.207031 0.683594 0.207031 0.675781 0.195312 0.664062
2 0.082031 0.636719 0.078125 0.640625 0.078125 0.644531 0.074219 0.648438 0.074219 0.667969 0.082031 0.667969 0.082031 0.664062 0.085938 0.660156 0.089844 0.660156 0.097656 0.652344 0.101562 0.652344 0.105469 0.648438 0.117188 0.648438 0.117188 0.640625 0.093750 0.640625 0.089844 0.636719
2 0.812500 0.468750 0.812500 0.476562 0.816406 0.480469 0.824219 0.480469 0.824219 0.472656 0.820312 0.468750
2 0.789062 0.437500 0.789062 0.445312 0.796875 0.445312 0.796875 0.437500
2 0.335938 0.406250 0.335938 0.417969 0.332031 0.421875 0.332031 0.429688 0.339844 0.429688 0.343750 0.425781 0.343750 0.406250
2 0.359375 0.320312 0.359375 0.324219 0.355469 0.328125 0.351562 0.328125 0.351562 0.339844 0.347656 0.343750 0.347656 0.359375 0.355469 0.359375 0.355469 0.355469 0.359375 0.351562 0.359375 0.347656 0.363281 0.343750 0.363281 0.332031 0.367188 0.328125 0.367188 0.320312
2 0.371094 0.285156 0.371094 0.296875 0.378906 0.296875 0.378906 0.285156
2 0.652344 0.210938 0.652344 0.238281 0.656250 0.242188 0.656250 0.246094 0.660156 0.250000 0.660156 0.277344 0.695312 0.277344 0.695312 0.261719 0.687500 0.253906 0.687500 0.238281 0.683594 0.234375 0.667969 0.234375 0.664062 0.230469 0.664062 0.210938
2 0.410156 0.210938 0.406250 0.214844 0.406250 0.230469 0.414062 0.230469 0.414062 0.226562 0.417969 0.222656 0.417969 0.210938
2 0.425781 0.160156 0.425781 0.167969 0.433594 0.167969 0.433594 0.160156
2 0.515625 0.054688 0.511719 0.058594 0.507812 0.058594 0.503906 0.062500 0.500000 0.062500 0.496094 0.066406 0.496094 0.074219 0.492188 0.078125 0.488281 0.078125 0.488281 0.085938 0.492188 0.089844 0.492188 0.105469 0.488281 0.109375 0.484375 0.109375 0.480469 0.113281 0.468750 0.113281 0.464844 0.117188 0.464844 0.125000 0.460938 0.128906 0.445312 0.128906 0.437500 0.136719 0.437500 0.144531 0.449219 0.144531 0.453125 0.140625 0.457031 0.140625 0.460938 0.136719 0.460938 0.132812 0.464844 0.128906 0.472656 0.128906 0.480469 0.121094 0.500000 0.121094 0.503906 0.125000 0.503906 0.152344 0.500000 0.156250 0.484375 0.156250 0.480469 0.160156 0.480469 0.175781 0.484375 0.175781 0.488281 0.179688 0.488281 0.183594 0.496094 0.183594 0.500000 0.187500 0.500000 0.210938 0.496094 0.214844 0.492188 0.214844 0.492188 0.222656 0.500000 0.222656 0.503906 0.226562 0.503906 0.230469 0.523438 0.230469 0.527344 0.234375 0.527344 0.257812 0.523438 0.261719 0.500000 0.261719 0.496094 0.257812 0.496094 0.253906 0.484375 0.253906 0.484375 0.257812 0.480469 0.261719 0.480469 0.273438 0.488281 0.281250 0.488281 0.308594 0.484375 0.312500 0.464844 0.312500 0.460938 0.316406 0.460938 0.332031 0.457031 0.335938 0.449219 0.335938 0.449219 0.343750 0.460938 0.343750 0.468750 0.351562 0.468750 0.367188 0.476562 0.367188 0.480469 0.371094 0.480469 0.402344 0.476562 0.406250 0.441406 0.406250 0.437500 0.410156 0.437500 0.421875 0.441406 0.425781 0.441406 0.457031 0.433594 0.464844 0.425781 0.464844 0.417969 0.472656 0.414062 0.472656 0.414062 0.480469 0.425781 0.480469 0.429688 0.484375 0.433594 0.484375 0.437500 0.488281 0.445312 0.488281 0.449219 0.492188 0.449219 0.515625 0.453125 0.519531 0.453125 0.531250 0.457031 0.535156 0.457031 0.550781 0.460938 0.554688 0.468750 0.554688 0.472656 0.558594 0.484375 0.558594 0.488281 0.562500 0.500000 0.562500 0.503906 0.558594 0.519531 0.558594 0.523438 0.562500 0.523438 0.574219 0.531250 0.582031 0.531250 0.585938 0.535156 0.589844 0.535156 0.621094 0.531250 0.625000 0.507812 0.625000 0.503906 0.621094 0.503906 0.605469 0.500000 0.605469 0.496094 0.601562 0.496094 0.593750 0.460938 0.593750 0.460938 0.609375 0.457031 0.613281 0.421875 0.613281 0.417969 0.609375 0.414062 0.609375 0.410156 0.605469 0.398438 0.605469 0.394531 0.609375 0.394531 0.613281 0.390625 0.617188 0.390625 0.625000 0.394531 0.628906 0.394531 0.632812 0.402344 0.632812 0.410156 0.640625 0.414062 0.640625 0.417969 0.644531 0.417969 0.660156 0.410156 0.667969 0.410156 0.671875 0.406250 0.675781 0.406250 0.695312 0.410156 0.695312 0.414062 0.699219 0.417969 0.699219 0.421875 0.703125 0.421875 0.707031 0.425781 0.710938 0.425781 0.726562 0.421875 0.730469 0.402344 0.730469 0.398438 0.726562 0.398438 0.722656 0.394531 0.718750 0.390625 0.718750 0.382812 0.710938 0.382812 0.707031 0.378906 0.703125 0.378906 0.699219 0.375000 0.699219 0.367188 0.691406 0.367188 0.687500 0.363281 0.687500 0.355469 0.679688 0.339844 0.679688 0.339844 0.703125 0.335938 0.707031 0.328125 0.707031 0.328125 0.710938 0.324219 0.714844 0.296875 0.714844 0.296875 0.722656 0.304688 0.730469 0.304688 0.734375 0.324219 0.734375 0.332031 0.742188 0.332031 0.773438 0.328125 0.777344 0.324219 0.777344 0.324219 0.789062 0.320312 0.792969 0.308594 0.792969 0.308594 0.800781 0.304688 0.804688 0.289062 0.804688 0.285156 0.800781 0.285156 0.785156 0.289062 0.781250 0.289062 0.769531 0.277344 0.769531 0.273438 0.765625 0.273438 0.761719 0.265625 0.761719 0.261719 0.765625 0.257812 0.765625 0.257812 0.777344 0.253906 0.781250 0.246094 0.781250 0.242188 0.785156 0.238281 0.785156 0.234375 0.789062 0.222656 0.789062 0.222656 0.812500 0.218750 0.816406 0.210938 0.816406 0.210938 0.832031 0.207031 0.835938 0.187500 0.835938 0.187500 0.843750 0.191406 0.847656 0.195312 0.847656 0.199219 0.851562 0.199219 0.855469 0.207031 0.855469 0.210938 0.859375 0.218750 0.859375 0.222656 0.855469 0.222656 0.847656 0.218750 0.843750 0.218750 0.828125 0.222656 0.824219 0.242188 0.824219 0.246094 0.828125 0.246094 0.832031 0.257812 0.832031 0.261719 0.835938 0.261719 0.875000 0.269531 0.875000 0.277344 0.867188 0.300781 0.867188 0.304688 0.863281 0.328125 0.863281 0.328125 0.855469 0.332031 0.851562 0.351562 0.851562 0.355469 0.855469 0.363281 0.855469 0.367188 0.859375 0.367188 0.863281 0.371094 0.867188 0.378906 0.867188 0.382812 0.871094 0.382812 0.902344 0.414062 0.902344 0.417969 0.898438 0.441406 0.898438 0.441406 0.894531 0.445312 0.890625 0.449219 0.890625 0.449219 0.875000 0.445312 0.871094 0.445312 0.847656 0.441406 0.843750 0.441406 0.812500 0.445312 0.808594 0.449219 0.808594 0.449219 0.800781 0.453125 0.796875 0.468750 0.796875 0.472656 0.800781 0.476562 0.800781 0.480469 0.804688 0.492188 0.804688 0.496094 0.808594 0.500000 0.808594 0.503906 0.812500 0.503906 0.832031 0.507812 0.832031 0.515625 0.839844 0.515625 0.859375 0.523438 0.859375 0.523438 0.855469 0.527344 0.851562 0.558594 0.851562 0.562500 0.855469 0.562500 0.871094 0.558594 0.875000 0.550781 0.875000 0.550781 0.882812 0.562500 0.882812 0.566406 0.886719 0.582031 0.886719 0.585938 0.890625 0.589844 0.890625 0.593750 0.894531 0.617188 0.894531 0.621094 0.890625 0.632812 0.890625 0.636719 0.886719 0.644531 0.886719 0.644531 0.878906 0.632812 0.878906 0.628906 0.875000 0.593750 0.875000 0.589844 0.871094 0.589844 0.839844 0.593750 0.835938 0.593750 0.824219 0.589844 0.824219 0.585938 0.820312 0.582031 0.820312 0.578125 0.816406 0.570312 0.816406 0.566406 0.812500 0.558594 0.812500 0.554688 0.816406 0.554688 0.824219 0.550781 0.828125 0.535156 0.828125 0.531250 0.824219 0.527344 0.824219 0.523438 0.820312 0.523438 0.812500 0.519531 0.808594 0.511719 0.808594 0.507812 0.804688 0.507812 0.789062 0.515625 0.781250 0.519531 0.781250 0.519531 0.769531 0.515625 0.765625 0.515625 0.761719 0.511719 0.757812 0.507812 0.757812 0.500000 0.750000 0.500000 0.734375 0.503906 0.730469 0.515625 0.730469 0.515625 0.710938 0.519531 0.707031 0.558594 0.707031 0.562500 0.710938 0.562500 0.726562 0.558594 0.730469 0.558594 0.738281 0.574219 0.738281 0.578125 0.742188 0.582031 0.742188 0.585938 0.746094 0.585938 0.750000 0.589844 0.753906 0.589844 0.777344 0.601562 0.777344 0.605469 0.773438 0.609375 0.773438 0.609375 0.769531 0.613281 0.765625 0.613281 0.761719 0.617188 0.757812 0.632812 0.757812 0.636719 0.761719 0.636719 0.769531 0.679688 0.769531 0.683594 0.773438 0.699219 0.773438 0.703125 0.777344 0.703125 0.792969 0.695312 0.800781 0.695312 0.804688 0.687500 0.812500 0.683594 0.812500 0.679688 0.816406 0.652344 0.816406 0.648438 0.812500 0.632812 0.812500 0.632812 0.820312 0.644531 0.820312 0.656250 0.832031 0.671875 0.832031 0.675781 0.835938 0.675781 0.839844 0.683594 0.839844 0.687500 0.835938 0.722656 0.835938 0.722656 0.816406 0.714844 0.808594 0.714844 0.800781 0.710938 0.796875 0.710938 0.792969 0.707031 0.789062 0.707031 0.761719 0.710938 0.757812 0.726562 0.757812 0.734375 0.750000 0.753906 0.750000 0.757812 0.746094 0.765625 0.746094 0.765625 0.742188 0.769531 0.738281 0.812500 0.738281 0.820312 0.746094 0.820312 0.761719 0.808594 0.773438 0.808594 0.777344 0.804688 0.781250 0.800781 0.781250 0.796875 0.785156 0.792969 0.785156 0.792969 0.789062 0.789062 0.792969 0.765625 0.792969 0.765625 0.804688 0.773438 0.804688 0.777344 0.800781 0.781250 0.800781 0.781250 0.796875 0.785156 0.792969 0.820312 0.792969 0.835938 0.777344 0.835938 0.773438 0.839844 0.769531 0.843750 0.769531 0.843750 0.750000 0.847656 0.746094 0.847656 0.742188 0.855469 0.734375 0.859375 0.734375 0.859375 0.722656 0.855469 0.718750 0.855469 0.703125 0.843750 0.703125 0.839844 0.707031 0.824219 0.707031 0.816406 0.699219 0.804688 0.699219 0.800781 0.703125 0.785156 0.703125 0.781250 0.707031 0.781250 0.710938 0.777344 0.714844 0.757812 0.714844 0.753906 0.710938 0.753906 0.695312 0.746094 0.695312 0.746094 0.703125 0.742188 0.707031 0.710938 0.707031 0.707031 0.703125 0.687500 0.703125 0.683594 0.699219 0.683594 0.667969 0.687500 0.664062 0.714844 0.664062 0.714844 0.656250 0.718750 0.652344 0.730469 0.652344 0.734375 0.648438 0.742188 0.648438 0.742188 0.644531 0.750000 0.636719 0.757812 0.636719 0.757812 0.621094 0.765625 0.613281 0.769531 0.613281 0.773438 0.609375 0.812500 0.609375 0.816406 0.605469 0.832031 0.605469 0.835938 0.609375 0.847656 0.609375 0.847656 0.605469 0.855469 0.597656 0.855469 0.593750 0.863281 0.585938 0.863281 0.578125 0.847656 0.578125 0.843750 0.574219 0.843750 0.558594 0.847656 0.554688 0.855469 0.554688 0.855469 0.550781 0.859375 0.546875 0.859375 0.515625 0.855469 0.515625 0.851562 0.511719 0.851562 0.507812 0.843750 0.507812 0.843750 0.535156 0.839844 0.539062 0.839844 0.542969 0.832031 0.550781 0.816406 0.550781 0.812500 0.546875 0.796875 0.546875 0.792969 0.542969 0.792969 0.539062 0.781250 0.539062 0.777344 0.535156 0.777344 0.519531 0.734375 0.519531 0.730469 0.515625 0.730469 0.500000 0.726562 0.500000 0.722656 0.496094 0.722656 0.476562 0.718750 0.476562 0.714844 0.472656 0.714844 0.464844 0.695312 0.464844 0.695312 0.468750 0.691406 0.472656 0.664062 0.472656 0.656250 0.464844 0.656250 0.449219 0.660156 0.445312 0.660156 0.437500 0.656250 0.433594 0.636719 0.433594 0.617188 0.414062 0.617188 0.410156 0.613281 0.406250 0.609375 0.406250 0.605469 0.402344 0.605469 0.394531 0.601562 0.390625 0.601562 0.382812 0.597656 0.378906 0.597656 0.375000 0.589844 0.367188 0.589844 0.351562 0.585938 0.347656 0.585938 0.339844 0.574219 0.339844 0.570312 0.335938 0.570312 0.316406 0.566406 0.312500 0.562500 0.312500 0.558594 0.308594 0.558594 0.304688 0.554688 0.300781 0.554688 0.296875 0.546875 0.289062 0.546875 0.281250 0.542969 0.277344 0.542969 0.257812 0.546875 0.253906 0.546875 0.242188 0.550781 0.238281 0.550781 0.218750 0.539062 0.218750 0.535156 0.214844 0.535156 0.210938 0.531250 0.210938 0.523438 0.203125 0.523438 0.199219 0.515625 0.191406 0.515625 0.179688 0.511719 0.179688 0.507812 0.175781 0.507812 0.152344 0.511719 0.148438 0.519531 0.148438 0.519531 0.128906 0.507812 0.128906 0.503906 0.125000 0.503906 0.085938 0.511719 0.078125 0.531250 0.078125 0.535156 0.082031 0.539062 0.082031 0.546875 0.089844 0.546875 0.093750 0.554688 0.093750 0.558594 0.089844 0.562500 0.089844 0.562500 0.070312 0.558594 0.070312 0.550781 0.062500 0.539062 0.062500 0.535156 0.058594 0.527344 0.058594 0.523438 0.054688
