2 0.546875 0.750000 0.542969 0.753906 0.542969 0.757812 0.539062 0.761719 0.519531 0.761719 0.511719 0.769531 0.511719 0.773438 0.507812 0.777344 0.496094 0.777344 0.492188 0.781250 0.488281 0.781250 0.488281 0.785156 0.484375 0.789062 0.484375 0.800781 0.488281 0.804688 0.511719 0.804688 0.515625 0.808594 0.515625 0.843750 0.527344 0.843750 0.531250 0.847656 0.531250 0.851562 0.535156 0.855469 0.535156 0.859375 0.550781 0.875000 0.570312 0.875000 0.570312 0.863281 0.566406 0.859375 0.562500 0.859375 0.550781 0.847656 0.550781 0.843750 0.546875 0.839844 0.546875 0.824219 0.550781 0.820312 0.550781 0.816406 0.554688 0.812500 0.554688 0.804688 0.546875 0.796875 0.546875 0.792969 0.542969 0.789062 0.542969 0.773438 0.546875 0.769531 0.558594 0.769531 0.558594 0.765625 0.566406 0.757812 0.570312 0.757812 0.570312 0.750000
2 0.566406 0.714844 0.566406 0.722656 0.574219 0.722656 0.574219 0.714844
2 0.316406 0.695312 0.316406 0.722656 0.320312 0.722656 0.328125 0.730469 0.343750 0.730469 0.343750 0.707031 0.339844 0.703125 0.339844 0.699219 0.335938 0.699219 0.332031 0.695312
2 0.136719 0.667969 0.132812 0.671875 0.128906 0.671875 0.128906 0.687500 0.136719 0.695312 0.144531 0.695312 0.144531 0.687500 0.148438 0.683594 0.148438 0.675781 0.144531 0.671875 0.144531 0.667969
2 0.636719 0.664062 0.636719 0.683594 0.632812 0.687500 0.617188 0.687500 0.613281 0.683594 0.613281 0.679688 0.609375 0.675781 0.589844 0.675781 0.589844 0.679688 0.585938 0.683594 0.585938 0.699219 0.593750 0.699219 0.593750 0.691406 0.597656 0.687500 0.617188 0.687500 0.621094 0.691406 0.621094 0.714844 0.640625 0.714844 0.640625 0.710938 0.644531 0.707031 0.648438 0.707031 0.652344 0.703125 0.656250 0.703125 0.656250 0.699219 0.664062 0.691406 0.667969 0.691406 0.667969 0.683594 0.648438 0.683594 0.644531 0.679688 0.644531 0.664062
2 0.511719 0.656250 0.507812 0.660156 0.503906 0.660156 0.503906 0.710938 0.496094 0.718750 0.480469 0.718750 0.480469 0.730469 0.488281 0.738281 0.496094 0.738281 0.496094 0.734375 0.500000 0.730469 0.515625 0.730469 0.515625 0.722656 0.519531 0.718750 0.519531 0.656250
2 0.703125 0.636719 0.703125 0.664062 0.718750 0.664062 0.722656 0.660156 0.722656 0.656250 0.726562 0.652344 0.730469 0.652344 0.730469 0.644531 0.726562 0.640625 0.726562 0.636719
2 0.164062 0.570312 0.164062 0.585938 0.160156 0.589844 0.156250 0.589844 0.156250 0.601562 0.160156 0.605469 0.164062 0.605469 0.167969 0.609375 0.167969 0.617188 0.171875 0.621094 0.171875 0.636719 0.167969 0.640625 0.167969 0.648438 0.187500 0.648438 0.187500 0.636719 0.183594 0.632812 0.183594 0.601562 0.187500 0.597656 0.203125 0.597656 0.203125 0.589844 0.199219 0.589844 0.191406 0.582031 0.187500 0.582031 0.179688 0.574219 0.175781 0.574219 0.171875 0.570312
2 0.605469 0.562500 0.605469 0.574219 0.617188 0.574219 0.621094 0.570312 0.621094 0.562500
2 0.769531 0.539062 0.769531 0.570312 0.765625 0.574219 0.761719 0.574219 0.761719 0.601562 0.773438 0.601562 0.781250 0.593750 0.785156 0.593750 0.792969 0.585938 0.792969 0.570312 0.804688 0.558594 0.804688 0.550781 0.800781 0.550781 0.796875 0.546875 0.796875 0.542969 0.792969 0.539062
2 0.664062 0.523438 0.664062 0.531250 0.671875 0.531250 0.671875 0.523438
2 0.144531 0.515625 0.140625 0.519531 0.140625 0.531250 0.148438 0.531250 0.148438 0.527344 0.152344 0.523438 0.152344 0.515625
2 0.351562 0.273438 0.351562 0.281250 0.343750 0.289062 0.339844 0.289062 0.339844 0.300781 0.335938 0.304688 0.328125 0.304688 0.324219 0.308594 0.324219 0.316406 0.320312 0.320312 0.308594 0.320312 0.308594 0.328125 0.320312 0.328125 0.320312 0.320312 0.324219 0.316406 0.332031 0.316406 0.335938 0.312500 0.335938 0.308594 0.339844 0.304688 0.363281 0.304688 0.363281 0.273438
2 0.406250 0.187500 0.406250 0.191406 0.402344 0.195312 0.398438 0.195312 0.398438 0.199219 0.394531 0.203125 0.394531 0.214844 0.390625 0.218750 0.386719 0.218750 0.386719 0.226562 0.394531 0.226562 0.394531 0.214844 0.398438 0.210938 0.402344 0.210938 0.406250 0.207031 0.406250 0.199219 0.410156 0.195312 0.417969 0.195312 0.417969 0.187500
2 0.433594 0.156250 0.433594 0.164062 0.445312 0.164062 0.445312 0.156250
2 0.566406 0.031250 0.558594 0.039062 0.546875 0.039062 0.546875 0.046875 0.550781 0.050781 0.550781 0.054688 0.558594 0.054688 0.562500 0.058594 0.562500 0.082031 0.558594 0.085938 0.531250 0.085938 0.527344 0.082031 0.527344 0.074219 0.515625 0.074219 0.515625 0.078125 0.511719 0.082031 0.507812 0.082031 0.507812 0.089844 0.500000 0.097656 0.492188 0.097656 0.492188 0.101562 0.488281 0.105469 0.472656 0.105469 0.472656 0.121094 0.468750 0.125000 0.457031 0.125000 0.457031 0.140625 0.464844 0.140625 0.468750 0.144531 0.468750 0.156250 0.472656 0.160156 0.472656 0.175781 0.464844 0.183594 0.453125 0.183594 0.453125 0.191406 0.476562 0.191406 0.480469 0.195312 0.480469 0.199219 0.484375 0.203125 0.484375 0.210938 0.492188 0.210938 0.496094 0.214844 0.496094 0.261719 0.500000 0.261719 0.503906 0.265625 0.503906 0.281250 0.507812 0.285156 0.507812 0.289062 0.511719 0.289062 0.519531 0.296875 0.519531 0.328125 0.515625 0.332031 0.500000 0.332031 0.496094 0.328125 0.496094 0.324219 0.492188 0.320312 0.492188 0.316406 0.488281 0.316406 0.484375 0.312500 0.484375 0.308594 0.480469 0.304688 0.480469 0.300781 0.472656 0.292969 0.472656 0.289062 0.464844 0.281250 0.457031 0.281250 0.445312 0.269531 0.445312 0.265625 0.441406 0.261719 0.441406 0.257812 0.437500 0.257812 0.433594 0.253906 0.433594 0.250000 0.425781 0.250000 0.425781 0.265625 0.433594 0.273438 0.433594 0.285156 0.437500 0.289062 0.437500 0.296875 0.445312 0.304688 0.445312 0.308594 0.453125 0.316406 0.453125 0.320312 0.460938 0.328125 0.460938 0.363281 0.457031 0.367188 0.433594 0.367188 0.429688 0.371094 0.429688 0.378906 0.445312 0.378906 0.449219 0.382812 0.449219 0.398438 0.445312 0.402344 0.429688 0.402344 0.421875 0.410156 0.402344 0.410156 0.398438 0.406250 0.398438 0.382812 0.394531 0.378906 0.394531 0.359375 0.398438 0.355469 0.398438 0.343750 0.394531 0.343750 0.390625 0.339844 0.390625 0.332031 0.386719 0.328125 0.378906 0.328125 0.378906 0.347656 0.375000 0.351562 0.367188 0.351562 0.363281 0.355469 0.335938 0.355469 0.335938 0.378906 0.332031 0.382812 0.308594 0.382812 0.300781 0.375000 0.296875 0.375000 0.292969 0.371094 0.292969 0.367188 0.289062 0.363281 0.289062 0.355469 0.285156 0.351562 0.285156 0.332031 0.277344 0.332031 0.273438 0.335938 0.273438 0.347656 0.269531 0.351562 0.269531 0.386719 0.265625 0.390625 0.265625 0.406250 0.261719 0.410156 0.257812 0.410156 0.257812 0.421875 0.242188 0.437500 0.234375 0.437500 0.230469 0.441406 0.222656 0.441406 0.218750 0.445312 0.218750 0.449219 0.214844 0.453125 0.210938 0.453125 0.210938 0.460938 0.207031 0.464844 0.207031 0.468750 0.203125 0.472656 0.203125 0.492188 0.195312 0.500000 0.195312 0.507812 0.207031 0.507812 0.210938 0.511719 0.238281 0.511719 0.242188 0.515625 0.242188 0.527344 0.246094 0.531250 0.246094 0.542969 0.253906 0.542969 0.257812 0.546875 0.257812 0.558594 0.265625 0.558594 0.265625 0.546875 0.269531 0.542969 0.273438 0.542969 0.277344 0.539062 0.300781 0.539062 0.304688 0.542969 0.304688 0.546875 0.316406 0.558594 0.316406 0.585938 0.308594 0.593750 0.308594 0.605469 0.304688 0.609375 0.304688 0.617188 0.316406 0.617188 0.316406 0.613281 0.324219 0.605469 0.324219 0.601562 0.328125 0.597656 0.328125 0.593750 0.332031 0.589844 0.335938 0.589844 0.335938 0.566406 0.339844 0.562500 0.355469 0.562500 0.359375 0.566406 0.359375 0.570312 0.363281 0.574219 0.363281 0.585938 0.367188 0.585938 0.371094 0.589844 0.371094 0.605469 0.375000 0.609375 0.378906 0.609375 0.382812 0.613281 0.382812 0.617188 0.386719 0.621094 0.386719 0.625000 0.402344 0.640625 0.410156 0.640625 0.410156 0.617188 0.414062 0.613281 0.429688 0.613281 0.433594 0.617188 0.433594 0.621094 0.441406 0.628906 0.441406 0.640625 0.445312 0.644531 0.445312 0.648438 0.449219 0.652344 0.457031 0.652344 0.457031 0.648438 0.460938 0.644531 0.476562 0.644531 0.480469 0.640625 0.480469 0.632812 0.484375 0.628906 0.507812 0.628906 0.511719 0.632812 0.531250 0.632812 0.535156 0.636719 0.558594 0.636719 0.562500 0.640625 0.562500 0.648438 0.570312 0.648438 0.570312 0.644531 0.578125 0.636719 0.582031 0.636719 0.582031 0.625000 0.566406 0.625000 0.562500 0.621094 0.562500 0.605469 0.558594 0.605469 0.550781 0.597656 0.550781 0.585938 0.546875 0.582031 0.546875 0.574219 0.542969 0.574219 0.539062 0.570312 0.539062 0.550781 0.542969 0.546875 0.562500 0.546875 0.566406 0.550781 0.566406 0.562500 0.578125 0.562500 0.582031 0.558594 0.597656 0.558594 0.597656 0.535156 0.585938 0.535156 0.582031 0.531250 0.582031 0.507812 0.585938 0.503906 0.593750 0.503906 0.593750 0.496094 0.582031 0.484375 0.582031 0.476562 0.578125 0.476562 0.574219 0.472656 0.574219 0.449219 0.578125 0.445312 0.578125 0.433594 0.582031 0.429688 0.589844 0.429688 0.593750 0.425781 0.597656 0.425781 0.601562 0.421875 0.621094 0.421875 0.625000 0.425781 0.625000 0.429688 0.632812 0.437500 0.632812 0.445312 0.636719 0.449219 0.636719 0.457031 0.640625 0.457031 0.644531 0.460938 0.656250 0.460938 0.660156 0.464844 0.671875 0.464844 0.675781 0.468750 0.675781 0.484375 0.683594 0.484375 0.683594 0.480469 0.691406 0.472656 0.707031 0.472656 0.710938 0.476562 0.710938 0.480469 0.714844 0.484375 0.714844 0.488281 0.722656 0.496094 0.722656 0.503906 0.726562 0.503906 0.730469 0.507812 0.730469 0.511719 0.742188 0.511719 0.746094 0.515625 0.746094 0.527344 0.753906 0.527344 0.757812 0.531250 0.765625 0.531250 0.765625 0.519531 0.757812 0.511719 0.757812 0.484375 0.761719 0.480469 0.761719 0.464844 0.765625 0.460938 0.769531 0.460938 0.777344 0.453125 0.777344 0.433594 0.761719 0.433594 0.753906 0.425781 0.753906 0.406250 0.750000 0.402344 0.750000 0.371094 0.753906 0.367188 0.753906 0.363281 0.757812 0.359375 0.761719 0.359375 0.761719 0.351562 0.757812 0.347656 0.757812 0.328125 0.753906 0.324219 0.753906 0.316406 0.750000 0.316406 0.746094 0.312500 0.738281 0.312500 0.734375 0.308594 0.734375 0.300781 0.726562 0.300781 0.722656 0.296875 0.722656 0.281250 0.726562 0.277344 0.726562 0.269531 0.718750 0.269531 0.714844 0.265625 0.714844 0.250000 0.710938 0.246094 0.710938 0.242188 0.707031 0.242188 0.695312 0.230469 0.687500 0.230469 0.683594 0.226562 0.683594 0.218750 0.671875 0.207031 0.664062 0.207031 0.664062 0.230469 0.660156 0.234375 0.644531 0.234375 0.640625 0.230469 0.640625 0.226562 0.636719 0.222656 0.632812 0.222656 0.628906 0.218750 0.628906 0.214844 0.601562 0.214844 0.597656 0.210938 0.597656 0.191406 0.582031 0.191406 0.578125 0.187500 0.578125 0.171875 0.589844 0.160156 0.589844 0.152344 0.597656 0.144531 0.613281 0.144531 0.613281 0.136719 0.609375 0.136719 0.605469 0.132812 0.605469 0.128906 0.566406 0.128906 0.562500 0.125000 0.562500 0.105469 0.566406 0.101562 0.570312 0.101562 0.570312 0.089844 0.574219 0.085938 0.574219 0.082031 0.582031 0.074219 0.585938 0.074219 0.585938 0.066406 0.582031 0.066406 0.578125 0.062500 0.578125 0.031250
