2 0.304688 0.902344 0.304688 0.917969 0.312500 0.917969 0.316406 0.921875 0.328125 0.921875 0.328125 0.910156 0.320312 0.902344
2 0.324219 0.859375 0.320312 0.863281 0.300781 0.863281 0.300781 0.871094 0.304688 0.871094 0.308594 0.875000 0.335938 0.875000 0.339844 0.871094 0.339844 0.859375
2 0.218750 0.832031 0.218750 0.839844 0.222656 0.843750 0.222656 0.863281 0.230469 0.863281 0.234375 0.867188 0.242188 0.867188 0.246094 0.871094 0.257812 0.871094 0.257812 0.859375 0.253906 0.855469 0.253906 0.839844 0.250000 0.839844 0.246094 0.835938 0.246094 0.832031
2 0.230469 0.785156 0.226562 0.789062 0.226562 0.800781 0.234375 0.808594 0.242188 0.808594 0.246094 0.804688 0.257812 0.804688 0.261719 0.800781 0.261719 0.792969 0.257812 0.789062 0.242188 0.789062 0.238281 0.785156
2 0.128906 0.687500 0.125000 0.691406 0.121094 0.691406 0.113281 0.699219 0.109375 0.699219 0.109375 0.707031 0.105469 0.710938 0.101562 0.710938 0.101562 0.718750 0.109375 0.726562 0.109375 0.734375 0.121094 0.746094 0.121094 0.750000 0.132812 0.750000 0.136719 0.753906 0.136719 0.757812 0.144531 0.757812 0.144531 0.730469 0.148438 0.726562 0.156250 0.726562 0.156250 0.718750 0.152344 0.714844 0.152344 0.695312 0.148438 0.691406 0.148438 0.687500
2 0.250000 0.636719 0.250000 0.648438 0.246094 0.652344 0.230469 0.652344 0.230469 0.667969 0.234375 0.671875 0.234375 0.675781 0.250000 0.675781 0.250000 0.648438 0.253906 0.644531 0.257812 0.644531 0.257812 0.636719
2 0.917969 0.621094 0.914062 0.625000 0.914062 0.628906 0.910156 0.632812 0.894531 0.632812 0.894531 0.656250 0.890625 0.660156 0.890625 0.664062 0.886719 0.667969 0.886719 0.675781 0.898438 0.687500 0.906250 0.687500 0.906250 0.644531 0.910156 0.640625 0.925781 0.640625 0.925781 0.636719 0.929688 0.632812 0.929688 0.621094
2 0.246094 0.582031 0.242188 0.585938 0.238281 0.585938 0.234375 0.589844 0.218750 0.589844 0.214844 0.593750 0.191406 0.593750 0.187500 0.597656 0.187500 0.609375 0.183594 0.613281 0.175781 0.613281 0.171875 0.617188 0.171875 0.648438 0.195312 0.648438 0.199219 0.644531 0.226562 0.644531 0.226562 0.636719 0.207031 0.636719 0.203125 0.632812 0.203125 0.628906 0.191406 0.628906 0.187500 0.625000 0.187500 0.609375 0.191406 0.605469 0.207031 0.605469 0.207031 0.601562 0.210938 0.597656 0.261719 0.597656 0.265625 0.593750 0.269531 0.593750 0.269531 0.582031
2 0.050781 0.476562 0.050781 0.480469 0.039062 0.492188 0.039062 0.500000 0.042969 0.503906 0.042969 0.527344 0.046875 0.531250 0.046875 0.542969 0.050781 0.546875 0.050781 0.554688 0.054688 0.558594 0.062500 0.558594 0.062500 0.550781 0.066406 0.546875 0.089844 0.546875 0.089844 0.535156 0.082031 0.527344 0.082031 0.511719 0.085938 0.507812 0.085938 0.500000 0.089844 0.496094 0.109375 0.496094 0.109375 0.484375 0.101562 0.484375 0.097656 0.488281 0.097656 0.492188 0.093750 0.496094 0.066406 0.496094 0.062500 0.492188 0.062500 0.488281 0.058594 0.484375 0.058594 0.476562
2 0.152344 0.468750 0.152344 0.476562 0.164062 0.488281 0.175781 0.488281 0.179688 0.492188 0.179688 0.519531 0.175781 0.523438 0.160156 0.523438 0.156250 0.519531 0.156250 0.511719 0.140625 0.511719 0.140625 0.535156 0.144531 0.539062 0.148438 0.539062 0.152344 0.542969 0.152344 0.546875 0.156250 0.546875 0.160156 0.550781 0.175781 0.550781 0.175781 0.546875 0.187500 0.535156 0.195312 0.535156 0.195312 0.488281 0.187500 0.488281 0.183594 0.484375 0.183594 0.476562 0.179688 0.472656 0.171875 0.472656 0.167969 0.468750
2 0.804688 0.457031 0.800781 0.460938 0.777344 0.460938 0.777344 0.468750 0.781250 0.472656 0.781250 0.488281 0.816406 0.488281 0.816406 0.484375 0.824219 0.476562 0.824219 0.460938 0.820312 0.457031
2 0.214844 0.406250 0.210938 0.410156 0.195312 0.410156 0.195312 0.417969 0.199219 0.421875 0.199219 0.437500 0.207031 0.437500 0.210938 0.433594 0.210938 0.429688 0.218750 0.421875 0.218750 0.417969 0.222656 0.414062 0.238281 0.414062 0.238281 0.406250
2 0.128906 0.398438 0.128906 0.410156 0.125000 0.414062 0.109375 0.414062 0.109375 0.421875 0.113281 0.425781 0.117188 0.425781 0.121094 0.429688 0.121094 0.445312 0.117188 0.449219 0.089844 0.449219 0.089844 0.460938 0.144531 0.460938 0.144531 0.449219 0.140625 0.445312 0.140625 0.421875 0.136719 0.417969 0.136719 0.398438
2 0.265625 0.394531 0.265625 0.398438 0.261719 0.402344 0.261719 0.410156 0.273438 0.410156 0.277344 0.406250 0.285156 0.406250 0.285156 0.394531
2 0.835938 0.343750 0.835938 0.355469 0.832031 0.359375 0.832031 0.363281 0.828125 0.367188 0.828125 0.375000 0.824219 0.378906 0.824219 0.386719 0.820312 0.390625 0.816406 0.390625 0.816406 0.402344 0.812500 0.406250 0.812500 0.417969 0.808594 0.421875 0.804688 0.421875 0.800781 0.425781 0.796875 0.425781 0.796875 0.433594 0.816406 0.433594 0.820312 0.429688 0.824219 0.429688 0.828125 0.425781 0.828125 0.421875 0.832031 0.417969 0.847656 0.417969 0.851562 0.421875 0.851562 0.425781 0.855469 0.429688 0.875000 0.429688 0.875000 0.410156 0.855469 0.410156 0.851562 0.406250 0.851562 0.394531 0.847656 0.390625 0.847656 0.375000 0.851562 0.371094 0.855469 0.371094 0.855469 0.363281 0.851562 0.359375 0.851562 0.347656 0.847656 0.347656 0.843750 0.343750
2 0.207031 0.250000 0.203125 0.253906 0.191406 0.253906 0.187500 0.257812 0.179688 0.257812 0.175781 0.261719 0.167969 0.261719 0.164062 0.265625 0.164062 0.273438 0.156250 0.281250 0.152344 0.281250 0.152344 0.292969 0.167969 0.292969 0.171875 0.296875 0.171875 0.312500 0.167969 0.316406 0.148438 0.316406 0.140625 0.324219 0.140625 0.332031 0.144531 0.332031 0.148438 0.335938 0.148438 0.355469 0.156250 0.355469 0.160156 0.359375 0.160156 0.363281 0.167969 0.363281 0.167969 0.351562 0.164062 0.351562 0.160156 0.347656 0.160156 0.343750 0.156250 0.339844 0.156250 0.324219 0.160156 0.320312 0.179688 0.320312 0.183594 0.316406 0.199219 0.316406 0.199219 0.308594 0.203125 0.304688 0.207031 0.304688 0.207031 0.277344 0.210938 0.273438 0.222656 0.273438 0.222656 0.265625 0.218750 0.265625 0.214844 0.261719 0.214844 0.250000
2 0.859375 0.230469 0.859375 0.257812 0.855469 0.261719 0.851562 0.261719 0.851562 0.269531 0.867188 0.269531 0.875000 0.261719 0.875000 0.250000 0.871094 0.246094 0.871094 0.234375 0.867188 0.230469
2 0.730469 0.187500 0.730469 0.195312 0.738281 0.195312 0.738281 0.187500
2 0.808594 0.183594 0.796875 0.195312 0.789062 0.195312 0.789062 0.203125 0.792969 0.207031 0.808594 0.207031 0.812500 0.210938 0.812500 0.222656 0.824219 0.222656 0.835938 0.210938 0.843750 0.210938 0.843750 0.203125 0.835938 0.195312 0.835938 0.191406 0.832031 0.191406 0.824219 0.183594
2 0.402344 0.136719 0.402344 0.140625 0.398438 0.144531 0.390625 0.144531 0.386719 0.148438 0.382812 0.148438 0.382812 0.152344 0.378906 0.156250 0.378906 0.164062 0.398438 0.164062 0.402344 0.167969 0.402344 0.187500 0.406250 0.187500 0.410156 0.191406 0.410156 0.210938 0.414062 0.214844 0.414062 0.242188 0.410156 0.246094 0.406250 0.246094 0.402344 0.250000 0.398438 0.250000 0.398438 0.261719 0.402344 0.261719 0.406250 0.265625 0.406250 0.281250 0.402344 0.285156 0.378906 0.285156 0.375000 0.281250 0.371094 0.281250 0.367188 0.277344 0.367188 0.273438 0.359375 0.273438 0.351562 0.265625 0.343750 0.265625 0.339844 0.261719 0.335938 0.261719 0.332031 0.257812 0.332031 0.253906 0.328125 0.253906 0.324219 0.250000 0.324219 0.246094 0.312500 0.246094 0.308594 0.250000 0.300781 0.250000 0.300781 0.257812 0.304688 0.257812 0.308594 0.261719 0.308594 0.281250 0.304688 0.285156 0.292969 0.285156 0.292969 0.316406 0.289062 0.320312 0.285156 0.320312 0.285156 0.332031 0.300781 0.332031 0.308594 0.339844 0.308594 0.359375 0.304688 0.363281 0.304688 0.371094 0.300781 0.375000 0.300781 0.386719 0.308594 0.386719 0.312500 0.382812 0.316406 0.382812 0.324219 0.375000 0.339844 0.375000 0.351562 0.386719 0.359375 0.386719 0.363281 0.382812 0.382812 0.382812 0.386719 0.378906 0.386719 0.367188 0.390625 0.363281 0.402344 0.363281 0.402344 0.343750 0.406250 0.339844 0.421875 0.339844 0.425781 0.343750 0.425781 0.347656 0.441406 0.347656 0.445312 0.351562 0.445312 0.355469 0.453125 0.355469 0.453125 0.343750 0.457031 0.339844 0.472656 0.339844 0.476562 0.343750 0.476562 0.347656 0.484375 0.347656 0.488281 0.343750 0.488281 0.335938 0.496094 0.328125 0.507812 0.328125 0.511719 0.324219 0.550781 0.324219 0.554688 0.328125 0.562500 0.328125 0.566406 0.332031 0.566406 0.359375 0.570312 0.363281 0.582031 0.363281 0.585938 0.359375 0.601562 0.359375 0.605469 0.363281 0.605469 0.378906 0.609375 0.382812 0.609375 0.410156 0.605469 0.414062 0.601562 0.414062 0.601562 0.417969 0.597656 0.421875 0.578125 0.421875 0.566406 0.410156 0.554688 0.410156 0.554688 0.414062 0.550781 0.417969 0.535156 0.417969 0.535156 0.421875 0.531250 0.425781 0.511719 0.425781 0.507812 0.429688 0.488281 0.429688 0.484375 0.425781 0.476562 0.425781 0.472656 0.421875 0.472656 0.414062 0.449219 0.414062 0.449219 0.417969 0.441406 0.425781 0.441406 0.429688 0.437500 0.433594 0.433594 0.433594 0.433594 0.445312 0.429688 0.449219 0.386719 0.449219 0.386719 0.457031 0.382812 0.460938 0.363281 0.460938 0.363281 0.476562 0.359375 0.480469 0.343750 0.480469 0.343750 0.488281 0.363281 0.488281 0.367188 0.492188 0.367188 0.500000 0.371094 0.503906 0.390625 0.503906 0.394531 0.507812 0.394531 0.515625 0.406250 0.515625 0.410156 0.519531 0.410156 0.542969 0.406250 0.546875 0.402344 0.546875 0.398438 0.550781 0.394531 0.550781 0.390625 0.554688 0.375000 0.554688 0.371094 0.550781 0.371094 0.542969 0.363281 0.542969 0.359375 0.539062 0.359375 0.535156 0.343750 0.519531 0.343750 0.515625 0.332031 0.515625 0.328125 0.511719 0.328125 0.492188 0.312500 0.492188 0.308594 0.496094 0.304688 0.496094 0.304688 0.503906 0.300781 0.507812 0.261719 0.507812 0.257812 0.503906 0.257812 0.500000 0.253906 0.496094 0.246094 0.496094 0.242188 0.500000 0.242188 0.507812 0.265625 0.507812 0.269531 0.511719 0.269531 0.519531 0.273438 0.523438 0.273438 0.527344 0.277344 0.531250 0.277344 0.562500 0.296875 0.562500 0.300781 0.566406 0.300781 0.570312 0.308594 0.570312 0.308594 0.566406 0.312500 0.562500 0.343750 0.562500 0.347656 0.566406 0.351562 0.566406 0.355469 0.570312 0.378906 0.570312 0.382812 0.574219 0.382812 0.578125 0.390625 0.578125 0.394531 0.582031 0.394531 0.597656 0.390625 0.601562 0.382812 0.601562 0.378906 0.605469 0.378906 0.609375 0.371094 0.617188 0.371094 0.640625 0.367188 0.644531 0.351562 0.644531 0.351562 0.660156 0.343750 0.667969 0.285156 0.667969 0.285156 0.675781 0.289062 0.675781 0.292969 0.679688 0.292969 0.695312 0.296875 0.699219 0.300781 0.699219 0.304688 0.703125 0.304688 0.722656 0.312500 0.722656 0.316406 0.726562 0.316406 0.742188 0.320312 0.746094 0.320312 0.750000 0.347656 0.750000 0.351562 0.753906 0.378906 0.753906 0.382812 0.757812 0.382812 0.765625 0.386719 0.765625 0.398438 0.777344 0.398438 0.800781 0.394531 0.804688 0.375000 0.804688 0.371094 0.800781 0.363281 0.800781 0.359375 0.804688 0.320312 0.804688 0.316406 0.800781 0.296875 0.800781 0.292969 0.796875 0.285156 0.796875 0.285156 0.804688 0.289062 0.804688 0.292969 0.808594 0.292969 0.816406 0.320312 0.816406 0.324219 0.820312 0.324219 0.824219 0.332031 0.824219 0.335938 0.820312 0.351562 0.820312 0.355469 0.824219 0.378906 0.824219 0.382812 0.828125 0.386719 0.828125 0.394531 0.835938 0.406250 0.835938 0.414062 0.843750 0.414062 0.847656 0.417969 0.851562 0.417969 0.859375 0.425781 0.859375 0.429688 0.863281 0.429688 0.898438 0.425781 0.902344 0.421875 0.902344 0.417969 0.906250 0.414062 0.906250 0.414062 0.910156 0.410156 0.914062 0.410156 0.945312 0.406250 0.949219 0.406250 0.957031 0.410156 0.960938 0.410156 0.972656 0.417969 0.972656 0.421875 0.968750 0.449219 0.968750 0.453125 0.972656 0.468750 0.972656 0.472656 0.968750 0.476562 0.968750 0.476562 0.945312 0.480469 0.941406 0.480469 0.937500 0.484375 0.933594 0.503906 0.933594 0.507812 0.937500 0.507812 0.953125 0.503906 0.957031 0.500000 0.957031 0.500000 0.968750 0.507812 0.968750 0.519531 0.957031 0.527344 0.957031 0.531250 0.953125 0.535156 0.953125 0.542969 0.945312 0.546875 0.945312 0.550781 0.941406 0.554688 0.941406 0.554688 0.925781 0.558594 0.921875 0.582031 0.921875 0.589844 0.929688 0.589844 0.933594 0.597656 0.933594 0.605469 0.925781 0.644531 0.925781 0.648438 0.929688 0.664062 0.929688 0.667969 0.925781 0.675781 0.925781 0.679688 0.921875 0.687500 0.921875 0.695312 0.914062 0.703125 0.914062 0.707031 0.910156 0.707031 0.878906 0.710938 0.875000 0.718750 0.875000 0.726562 0.867188 0.742188 0.867188 0.742188 0.863281 0.750000 0.855469 0.753906 0.855469 0.761719 0.847656 0.777344 0.847656 0.781250 0.843750 0.785156 0.843750 0.789062 0.839844 0.789062 0.835938 0.792969 0.832031 0.804688 0.832031 0.808594 0.828125 0.816406 0.828125 0.816406 0.824219 0.824219 0.816406 0.828125 0.816406 0.832031 0.812500 0.843750 0.812500 0.843750 0.808594 0.847656 0.804688 0.851562 0.804688 0.851562 0.792969 0.839844 0.792969 0.835938 0.796875 0.804688 0.796875 0.800781 0.792969 0.800781 0.765625 0.804688 0.761719 0.804688 0.742188 0.808594 0.738281 0.828125 0.738281 0.832031 0.734375 0.855469 0.734375 0.859375 0.738281 0.867188 0.738281 0.871094 0.742188 0.894531 0.742188 0.894531 0.718750 0.890625 0.714844 0.871094 0.714844 0.867188 0.710938 0.867188 0.699219 0.859375 0.699219 0.859375 0.707031 0.855469 0.710938 0.855469 0.714844 0.851562 0.718750 0.828125 0.718750 0.824219 0.722656 0.820312 0.722656 0.820312 0.726562 0.816406 0.730469 0.792969 0.730469 0.789062 0.726562 0.789062 0.699219 0.792969 0.695312 0.796875 0.695312 0.796875 0.691406 0.804688 0.683594 0.804688 0.679688 0.808594 0.675781 0.808594 0.667969 0.812500 0.664062 0.828125 0.664062 0.828125 0.652344 0.808594 0.652344 0.804688 0.648438 0.800781 0.648438 0.796875 0.644531 0.796875 0.640625 0.785156 0.640625 0.781250 0.636719 0.769531 0.636719 0.765625 0.640625 0.750000 0.640625 0.746094 0.636719 0.746094 0.632812 0.742188 0.628906 0.734375 0.628906 0.726562 0.621094 0.707031 0.621094 0.703125 0.617188 0.703125 0.613281 0.691406 0.613281 0.687500 0.609375 0.687500 0.593750 0.691406 0.589844 0.726562 0.589844 0.726562 0.585938 0.730469 0.582031 0.730469 0.578125 0.734375 0.574219 0.738281 0.574219 0.742188 0.570312 0.750000 0.570312 0.750000 0.566406 0.753906 0.562500 0.769531 0.562500 0.773438 0.558594 0.796875 0.558594 0.796875 0.535156 0.800781 0.531250 0.804688 0.531250 0.808594 0.527344 0.812500 0.527344 0.812500 0.519531 0.800781 0.519531 0.796875 0.523438 0.796875 0.535156 0.792969 0.539062 0.789062 0.539062 0.785156 0.542969 0.773438 0.542969 0.769531 0.546875 0.765625 0.546875 0.761719 0.550781 0.761719 0.554688 0.757812 0.558594 0.738281 0.558594 0.734375 0.554688 0.734375 0.546875 0.718750 0.546875 0.718750 0.558594 0.714844 0.562500 0.710938 0.562500 0.707031 0.566406 0.699219 0.566406 0.699219 0.570312 0.695312 0.574219 0.679688 0.574219 0.671875 0.566406 0.671875 0.546875 0.675781 0.542969 0.683594 0.542969 0.683594 0.531250 0.687500 0.527344 0.703125 0.527344 0.707031 0.523438 0.726562 0.523438 0.726562 0.488281 0.703125 0.488281 0.699219 0.492188 0.699219 0.496094 0.695312 0.500000 0.675781 0.500000 0.671875 0.503906 0.652344 0.503906 0.648438 0.500000 0.632812 0.500000 0.625000 0.507812 0.621094 0.507812 0.617188 0.511719 0.601562 0.511719 0.597656 0.507812 0.597656 0.500000 0.593750 0.496094 0.593750 0.480469 0.597656 0.476562 0.597656 0.472656 0.601562 0.468750 0.601562 0.464844 0.605469 0.460938 0.613281 0.460938 0.617188 0.457031 0.621094 0.457031 0.621094 0.449219 0.625000 0.445312 0.644531 0.445312 0.644531 0.437500 0.640625 0.433594 0.640625 0.402344 0.648438 0.394531 0.664062 0.394531 0.667969 0.398438 0.667969 0.421875 0.671875 0.421875 0.675781 0.425781 0.675781 0.441406 0.671875 0.445312 0.671875 0.457031 0.675781 0.457031 0.683594 0.464844 0.695312 0.464844 0.699219 0.460938 0.699219 0.457031 0.710938 0.445312 0.722656 0.445312 0.722656 0.425781 0.726562 0.421875 0.730469 0.421875 0.738281 0.414062 0.738281 0.410156 0.742188 0.406250 0.746094 0.406250 0.746094 0.398438 0.753906 0.390625 0.753906 0.382812 0.765625 0.371094 0.765625 0.359375 0.773438 0.351562 0.777344 0.351562 0.777344 0.343750 0.781250 0.339844 0.785156 0.339844 0.785156 0.332031 0.789062 0.328125 0.789062 0.308594 0.781250 0.308594 0.777344 0.312500 0.761719 0.312500 0.757812 0.308594 0.757812 0.292969 0.761719 0.289062 0.765625 0.289062 0.765625 0.277344 0.757812 0.277344 0.753906 0.273438 0.750000 0.273438 0.746094 0.269531 0.746094 0.250000 0.722656 0.250000 0.718750 0.246094 0.695312 0.246094 0.691406 0.242188 0.691406 0.222656 0.695312 0.218750 0.722656 0.218750 0.722656 0.207031 0.710938 0.207031 0.707031 0.203125 0.699219 0.203125 0.699219 0.214844 0.695312 0.218750 0.675781 0.218750 0.671875 0.214844 0.671875 0.199219 0.675781 0.195312 0.695312 0.195312 0.695312 0.183594 0.707031 0.171875 0.707031 0.164062 0.710938 0.160156 0.710938 0.148438 0.691406 0.148438 0.687500 0.144531 0.687500 0.140625 0.679688 0.140625 0.679688 0.148438 0.675781 0.152344 0.656250 0.152344 0.652344 0.156250 0.652344 0.164062 0.664062 0.164062 0.667969 0.167969 0.667969 0.191406 0.664062 0.195312 0.648438 0.195312 0.644531 0.191406 0.644531 0.187500 0.628906 0.187500 0.621094 0.179688 0.621094 0.175781 0.609375 0.175781 0.609375 0.214844 0.605469 0.218750 0.597656 0.218750 0.593750 0.222656 0.585938 0.222656 0.585938 0.238281 0.582031 0.242188 0.578125 0.242188 0.578125 0.250000 0.574219 0.253906 0.566406 0.253906 0.558594 0.261719 0.531250 0.261719 0.527344 0.257812 0.527344 0.222656 0.531250 0.218750 0.542969 0.218750 0.542969 0.214844 0.546875 0.210938 0.554688 0.210938 0.554688 0.191406 0.558594 0.187500 0.558594 0.171875 0.535156 0.171875 0.531250 0.167969 0.531250 0.164062 0.523438 0.164062 0.523438 0.183594 0.519531 0.187500 0.476562 0.187500 0.472656 0.183594 0.464844 0.183594 0.464844 0.195312 0.460938 0.199219 0.437500 0.199219 0.433594 0.195312 0.429688 0.195312 0.425781 0.191406 0.425781 0.167969 0.429688 0.164062 0.437500 0.164062 0.441406 0.160156 0.445312 0.160156 0.445312 0.140625 0.437500 0.140625 0.433594 0.136719
