2 0.656250 0.859375 0.652344 0.863281 0.644531 0.863281 0.640625 0.867188 0.628906 0.867188 0.628906 0.875000 0.636719 0.875000 0.640625 0.878906 0.644531 0.878906 0.648438 0.882812 0.667969 0.882812 0.671875 0.886719 0.671875 0.906250 0.675781 0.910156 0.675781 0.914062 0.691406 0.914062 0.695312 0.910156 0.695312 0.902344 0.699219 0.898438 0.699219 0.886719 0.703125 0.882812 0.718750 0.882812 0.718750 0.871094 0.699219 0.871094 0.695312 0.867188 0.695312 0.859375
2 0.578125 0.855469 0.578125 0.863281 0.585938 0.863281 0.589844 0.867188 0.589844 0.871094 0.601562 0.871094 0.601562 0.863281 0.589844 0.863281 0.585938 0.859375 0.585938 0.855469
2 0.761719 0.820312 0.757812 0.824219 0.757812 0.828125 0.753906 0.832031 0.726562 0.832031 0.726562 0.843750 0.730469 0.847656 0.730469 0.855469 0.738281 0.855469 0.742188 0.851562 0.746094 0.851562 0.750000 0.847656 0.750000 0.843750 0.753906 0.839844 0.753906 0.835938 0.757812 0.832031 0.777344 0.832031 0.777344 0.820312
2 0.718750 0.753906 0.718750 0.769531 0.734375 0.769531 0.738281 0.765625 0.742188 0.765625 0.742188 0.757812 0.734375 0.757812 0.730469 0.753906
2 0.820312 0.667969 0.816406 0.671875 0.792969 0.671875 0.792969 0.679688 0.800781 0.679688 0.804688 0.675781 0.835938 0.675781 0.847656 0.687500 0.847656 0.707031 0.843750 0.710938 0.839844 0.710938 0.839844 0.722656 0.847656 0.722656 0.855469 0.714844 0.855469 0.710938 0.859375 0.707031 0.863281 0.707031 0.871094 0.699219 0.871094 0.695312 0.875000 0.691406 0.875000 0.679688 0.867188 0.671875 0.835938 0.671875 0.832031 0.667969
2 0.136719 0.554688 0.132812 0.558594 0.121094 0.558594 0.121094 0.562500 0.117188 0.566406 0.117188 0.585938 0.125000 0.593750 0.136719 0.593750 0.136719 0.570312 0.140625 0.566406 0.144531 0.566406 0.148438 0.562500 0.148438 0.554688
2 0.156250 0.539062 0.156250 0.546875 0.167969 0.546875 0.167969 0.539062
2 0.785156 0.519531 0.777344 0.527344 0.777344 0.542969 0.773438 0.546875 0.769531 0.546875 0.769531 0.558594 0.765625 0.562500 0.765625 0.582031 0.761719 0.585938 0.757812 0.585938 0.750000 0.593750 0.746094 0.593750 0.742188 0.597656 0.742188 0.617188 0.753906 0.617188 0.757812 0.613281 0.773438 0.613281 0.781250 0.605469 0.781250 0.601562 0.785156 0.597656 0.789062 0.597656 0.789062 0.542969 0.792969 0.539062 0.796875 0.539062 0.796875 0.523438 0.792969 0.519531
2 0.570312 0.378906 0.566406 0.382812 0.562500 0.382812 0.558594 0.386719 0.554688 0.386719 0.554688 0.398438 0.558594 0.402344 0.558594 0.425781 0.578125 0.425781 0.582031 0.429688 0.582031 0.453125 0.585938 0.457031 0.585938 0.468750 0.597656 0.468750 0.597656 0.449219 0.601562 0.445312 0.605469 0.445312 0.605469 0.441406 0.613281 0.433594 0.628906 0.433594 0.632812 0.437500 0.632812 0.476562 0.660156 0.476562 0.667969 0.484375 0.667969 0.488281 0.675781 0.488281 0.679688 0.484375 0.683594 0.484375 0.683594 0.472656 0.679688 0.468750 0.679688 0.464844 0.675781 0.464844 0.671875 0.460938 0.667969 0.460938 0.660156 0.453125 0.660156 0.441406 0.656250 0.437500 0.656250 0.421875 0.660156 0.417969 0.664062 0.417969 0.664062 0.410156 0.632812 0.410156 0.628906 0.414062 0.628906 0.421875 0.625000 0.425781 0.609375 0.425781 0.605469 0.421875 0.605469 0.417969 0.597656 0.417969 0.593750 0.414062 0.585938 0.414062 0.582031 0.410156 0.582031 0.394531 0.585938 0.390625 0.585938 0.378906
2 0.722656 0.363281 0.722656 0.378906 0.726562 0.382812 0.726562 0.386719 0.730469 0.390625 0.730469 0.394531 0.761719 0.394531 0.765625 0.398438 0.769531 0.398438 0.773438 0.402344 0.773438 0.406250 0.781250 0.414062 0.781250 0.445312 0.785156 0.445312 0.789062 0.449219 0.789062 0.476562 0.792969 0.480469 0.800781 0.480469 0.800781 0.472656 0.796875 0.468750 0.796875 0.464844 0.792969 0.460938 0.792969 0.421875 0.785156 0.414062 0.785156 0.402344 0.781250 0.398438 0.777344 0.398438 0.773438 0.394531 0.773438 0.386719 0.769531 0.382812 0.769531 0.378906 0.742188 0.378906 0.738281 0.375000 0.738281 0.367188 0.734375 0.367188 0.730469 0.363281
2 0.328125 0.242188 0.324219 0.246094 0.296875 0.246094 0.296875 0.250000 0.292969 0.253906 0.292969 0.257812 0.289062 0.261719 0.289062 0.269531 0.285156 0.273438 0.285156 0.285156 0.281250 0.289062 0.281250 0.300781 0.285156 0.300781 0.289062 0.304688 0.289062 0.308594 0.292969 0.312500 0.300781 0.312500 0.304688 0.308594 0.308594 0.308594 0.308594 0.289062 0.312500 0.285156 0.312500 0.281250 0.316406 0.277344 0.320312 0.277344 0.324219 0.273438 0.324219 0.253906 0.328125 0.250000 0.335938 0.250000 0.335938 0.242188
2 0.421875 0.234375 0.417969 0.238281 0.410156 0.238281 0.410156 0.269531 0.406250 0.273438 0.386719 0.273438 0.386719 0.277344 0.382812 0.281250 0.382812 0.296875 0.378906 0.300781 0.355469 0.300781 0.355469 0.308594 0.351562 0.312500 0.328125 0.312500 0.328125 0.332031 0.324219 0.335938 0.316406 0.335938 0.312500 0.339844 0.308594 0.339844 0.308594 0.347656 0.312500 0.351562 0.312500 0.367188 0.308594 0.371094 0.300781 0.371094 0.300781 0.386719 0.308594 0.386719 0.316406 0.394531 0.316406 0.414062 0.312500 0.417969 0.308594 0.417969 0.308594 0.421875 0.304688 0.425781 0.277344 0.425781 0.273438 0.421875 0.273438 0.406250 0.281250 0.398438 0.285156 0.398438 0.285156 0.390625 0.281250 0.390625 0.277344 0.386719 0.277344 0.367188 0.281250 0.363281 0.285156 0.363281 0.285156 0.347656 0.281250 0.347656 0.277344 0.343750 0.277344 0.335938 0.265625 0.335938 0.261719 0.339844 0.257812 0.339844 0.253906 0.343750 0.226562 0.343750 0.222656 0.347656 0.218750 0.347656 0.210938 0.355469 0.210938 0.363281 0.207031 0.367188 0.207031 0.375000 0.218750 0.375000 0.222656 0.378906 0.222656 0.402344 0.226562 0.402344 0.230469 0.406250 0.234375 0.406250 0.238281 0.410156 0.238281 0.425781 0.234375 0.429688 0.234375 0.464844 0.230469 0.468750 0.214844 0.468750 0.210938 0.464844 0.207031 0.464844 0.203125 0.460938 0.203125 0.457031 0.195312 0.449219 0.187500 0.449219 0.183594 0.453125 0.183594 0.457031 0.179688 0.460938 0.179688 0.472656 0.175781 0.476562 0.175781 0.492188 0.179688 0.492188 0.183594 0.496094 0.195312 0.496094 0.199219 0.500000 0.199219 0.515625 0.203125 0.519531 0.207031 0.519531 0.210938 0.523438 0.214844 0.523438 0.222656 0.531250 0.222656 0.574219 0.218750 0.578125 0.214844 0.578125 0.214844 0.589844 0.210938 0.593750 0.183594 0.593750 0.175781 0.585938 0.175781 0.582031 0.167969 0.582031 0.167969 0.593750 0.164062 0.597656 0.164062 0.605469 0.156250 0.613281 0.156250 0.640625 0.152344 0.644531 0.148438 0.644531 0.148438 0.656250 0.152344 0.660156 0.152344 0.667969 0.156250 0.671875 0.175781 0.671875 0.179688 0.675781 0.179688 0.691406 0.175781 0.695312 0.171875 0.695312 0.171875 0.703125 0.179688 0.710938 0.183594 0.710938 0.187500 0.714844 0.187500 0.718750 0.191406 0.722656 0.191406 0.726562 0.199219 0.734375 0.199219 0.738281 0.203125 0.738281 0.207031 0.742188 0.207031 0.746094 0.214844 0.753906 0.214844 0.773438 0.218750 0.777344 0.222656 0.777344 0.226562 0.781250 0.230469 0.781250 0.234375 0.785156 0.238281 0.785156 0.242188 0.789062 0.246094 0.789062 0.253906 0.796875 0.265625 0.796875 0.269531 0.800781 0.273438 0.800781 0.277344 0.804688 0.300781 0.804688 0.304688 0.808594 0.308594 0.808594 0.312500 0.812500 0.312500 0.828125 0.316406 0.828125 0.320312 0.832031 0.328125 0.832031 0.332031 0.835938 0.347656 0.835938 0.351562 0.832031 0.363281 0.832031 0.363281 0.816406 0.367188 0.812500 0.371094 0.812500 0.371094 0.804688 0.367188 0.804688 0.363281 0.800781 0.363281 0.796875 0.359375 0.792969 0.351562 0.792969 0.347656 0.789062 0.347656 0.777344 0.312500 0.777344 0.308594 0.773438 0.308594 0.738281 0.312500 0.734375 0.312500 0.718750 0.308594 0.714844 0.308594 0.699219 0.320312 0.687500 0.324219 0.687500 0.324219 0.679688 0.320312 0.675781 0.320312 0.648438 0.316406 0.644531 0.316406 0.628906 0.320312 0.625000 0.320312 0.609375 0.304688 0.609375 0.300781 0.605469 0.300781 0.570312 0.304688 0.566406 0.320312 0.566406 0.320312 0.558594 0.312500 0.558594 0.308594 0.554688 0.308594 0.546875 0.304688 0.542969 0.304688 0.531250 0.300781 0.527344 0.296875 0.527344 0.285156 0.515625 0.285156 0.500000 0.289062 0.496094 0.296875 0.496094 0.296875 0.480469 0.292969 0.476562 0.292969 0.445312 0.296875 0.441406 0.320312 0.441406 0.324219 0.445312 0.324219 0.453125 0.328125 0.457031 0.351562 0.457031 0.355469 0.460938 0.355469 0.472656 0.359375 0.472656 0.367188 0.480469 0.367188 0.531250 0.363281 0.535156 0.363281 0.550781 0.371094 0.550781 0.375000 0.554688 0.375000 0.582031 0.378906 0.585938 0.378906 0.589844 0.382812 0.593750 0.382812 0.605469 0.390625 0.613281 0.390625 0.632812 0.386719 0.636719 0.382812 0.636719 0.382812 0.648438 0.386719 0.652344 0.386719 0.660156 0.398438 0.660156 0.402344 0.664062 0.402344 0.687500 0.406250 0.691406 0.406250 0.703125 0.414062 0.710938 0.414062 0.714844 0.417969 0.718750 0.429688 0.718750 0.433594 0.722656 0.433594 0.742188 0.437500 0.746094 0.437500 0.773438 0.433594 0.777344 0.433594 0.796875 0.441406 0.804688 0.468750 0.804688 0.472656 0.800781 0.488281 0.800781 0.492188 0.804688 0.492188 0.812500 0.496094 0.812500 0.500000 0.816406 0.527344 0.816406 0.531250 0.820312 0.539062 0.820312 0.542969 0.816406 0.546875 0.816406 0.546875 0.812500 0.550781 0.808594 0.558594 0.808594 0.558594 0.789062 0.562500 0.785156 0.578125 0.785156 0.582031 0.789062 0.582031 0.796875 0.585938 0.800781 0.585938 0.804688 0.589844 0.808594 0.589844 0.828125 0.597656 0.828125 0.601562 0.824219 0.601562 0.820312 0.605469 0.816406 0.644531 0.816406 0.644531 0.804688 0.648438 0.800781 0.671875 0.800781 0.675781 0.804688 0.683594 0.804688 0.687500 0.808594 0.687500 0.832031 0.695312 0.832031 0.695312 0.800781 0.710938 0.785156 0.714844 0.785156 0.714844 0.777344 0.695312 0.777344 0.691406 0.773438 0.691406 0.757812 0.695312 0.753906 0.695312 0.746094 0.691406 0.742188 0.640625 0.742188 0.636719 0.738281 0.636719 0.707031 0.644531 0.699219 0.648438 0.699219 0.648438 0.695312 0.652344 0.691406 0.656250 0.691406 0.660156 0.687500 0.664062 0.687500 0.667969 0.683594 0.675781 0.683594 0.679688 0.679688 0.707031 0.679688 0.710938 0.683594 0.765625 0.683594 0.769531 0.679688 0.769531 0.671875 0.761719 0.671875 0.757812 0.675781 0.738281 0.675781 0.730469 0.667969 0.726562 0.667969 0.722656 0.664062 0.722656 0.648438 0.726562 0.644531 0.730469 0.644531 0.730469 0.625000 0.714844 0.625000 0.710938 0.621094 0.710938 0.574219 0.714844 0.570312 0.714844 0.562500 0.691406 0.562500 0.683594 0.554688 0.683594 0.539062 0.687500 0.535156 0.687500 0.527344 0.675781 0.527344 0.675781 0.535156 0.664062 0.546875 0.644531 0.546875 0.644531 0.550781 0.640625 0.554688 0.621094 0.554688 0.617188 0.550781 0.609375 0.550781 0.609375 0.558594 0.605469 0.562500 0.589844 0.562500 0.585938 0.566406 0.585938 0.578125 0.582031 0.582031 0.582031 0.585938 0.570312 0.597656 0.570312 0.601562 0.562500 0.609375 0.527344 0.609375 0.523438 0.605469 0.523438 0.589844 0.527344 0.585938 0.531250 0.585938 0.531250 0.554688 0.527344 0.554688 0.523438 0.550781 0.523438 0.539062 0.519531 0.539062 0.515625 0.535156 0.515625 0.523438 0.511719 0.519531 0.511719 0.476562 0.515625 0.472656 0.515625 0.410156 0.523438 0.402344 0.527344 0.402344 0.527344 0.390625 0.523438 0.386719 0.523438 0.363281 0.527344 0.359375 0.531250 0.359375 0.535156 0.355469 0.539062 0.355469 0.542969 0.351562 0.542969 0.347656 0.554688 0.335938 0.558594 0.335938 0.558594 0.312500 0.562500 0.308594 0.570312 0.308594 0.570312 0.304688 0.574219 0.300781 0.578125 0.300781 0.582031 0.296875 0.582031 0.292969 0.585938 0.289062 0.585938 0.269531 0.589844 0.265625 0.593750 0.265625 0.593750 0.257812 0.597656 0.253906 0.597656 0.246094 0.585938 0.246094 0.585938 0.277344 0.582031 0.281250 0.566406 0.281250 0.558594 0.273438 0.550781 0.273438 0.546875 0.277344 0.531250 0.277344 0.531250 0.281250 0.527344 0.285156 0.511719 0.285156 0.507812 0.281250 0.507812 0.257812 0.500000 0.250000 0.488281 0.250000 0.488281 0.257812 0.484375 0.261719 0.449219 0.261719 0.445312 0.257812 0.445312 0.253906 0.441406 0.250000 0.441406 0.242188 0.437500 0.238281 0.433594 0.238281 0.429688 0.234375
2 0.343750 0.203125 0.343750 0.210938 0.351562 0.210938 0.351562 0.203125
2 0.488281 0.175781 0.488281 0.179688 0.484375 0.183594 0.468750 0.183594 0.468750 0.191406 0.472656 0.195312 0.472656 0.210938 0.476562 0.210938 0.480469 0.214844 0.484375 0.214844 0.488281 0.218750 0.496094 0.218750 0.500000 0.222656 0.515625 0.222656 0.515625 0.199219 0.503906 0.199219 0.500000 0.195312 0.500000 0.175781
2 0.386719 0.156250 0.382812 0.160156 0.382812 0.167969 0.402344 0.167969 0.406250 0.171875 0.406250 0.183594 0.421875 0.183594 0.421875 0.167969 0.417969 0.164062 0.414062 0.164062 0.410156 0.160156 0.410156 0.156250
2 0.429688 0.113281 0.421875 0.121094 0.421875 0.128906 0.425781 0.128906 0.429688 0.132812 0.429688 0.136719 0.437500 0.136719 0.437500 0.113281
