2 0.761719 0.785156 0.761719 0.828125 0.757812 0.832031 0.757812 0.835938 0.753906 0.839844 0.753906 0.855469 0.761719 0.855469 0.765625 0.851562 0.765625 0.843750 0.769531 0.839844 0.769531 0.835938 0.773438 0.832031 0.773438 0.820312 0.777344 0.816406 0.777344 0.812500 0.781250 0.808594 0.781250 0.800781 0.777344 0.796875 0.777344 0.785156
2 0.187500 0.722656 0.187500 0.730469 0.195312 0.730469 0.195312 0.722656
2 0.128906 0.648438 0.128906 0.660156 0.136719 0.667969 0.136719 0.671875 0.140625 0.671875 0.144531 0.675781 0.144531 0.687500 0.152344 0.695312 0.152344 0.699219 0.160156 0.699219 0.164062 0.703125 0.164062 0.707031 0.167969 0.710938 0.175781 0.710938 0.175781 0.679688 0.171875 0.679688 0.164062 0.671875 0.148438 0.671875 0.144531 0.667969 0.144531 0.656250 0.140625 0.656250 0.136719 0.652344 0.136719 0.648438
2 0.339844 0.558594 0.335938 0.562500 0.335938 0.570312 0.343750 0.578125 0.355469 0.578125 0.355469 0.566406 0.351562 0.562500 0.351562 0.558594
2 0.710938 0.539062 0.707031 0.542969 0.703125 0.542969 0.703125 0.546875 0.699219 0.550781 0.679688 0.550781 0.679688 0.558594 0.683594 0.562500 0.683594 0.585938 0.687500 0.585938 0.695312 0.593750 0.695312 0.597656 0.699219 0.601562 0.703125 0.601562 0.707031 0.605469 0.707031 0.621094 0.703125 0.625000 0.699219 0.625000 0.699219 0.628906 0.695312 0.632812 0.695312 0.640625 0.699219 0.644531 0.714844 0.644531 0.718750 0.648438 0.726562 0.648438 0.730469 0.644531 0.730469 0.640625 0.738281 0.632812 0.738281 0.628906 0.742188 0.625000 0.742188 0.617188 0.746094 0.613281 0.746094 0.609375 0.750000 0.605469 0.777344 0.605469 0.785156 0.613281 0.785156 0.652344 0.804688 0.652344 0.804688 0.632812 0.812500 0.625000 0.812500 0.617188 0.800781 0.605469 0.800781 0.589844 0.804688 0.585938 0.812500 0.585938 0.812500 0.582031 0.816406 0.578125 0.824219 0.578125 0.828125 0.574219 0.832031 0.574219 0.832031 0.566406 0.835938 0.562500 0.835938 0.550781 0.804688 0.550781 0.800781 0.546875 0.800781 0.542969 0.796875 0.542969 0.792969 0.539062 0.761719 0.539062 0.757812 0.542969 0.726562 0.542969 0.722656 0.539062
2 0.851562 0.531250 0.851562 0.539062 0.863281 0.539062 0.863281 0.531250
2 0.628906 0.531250 0.628906 0.539062 0.636719 0.546875 0.644531 0.546875 0.644531 0.531250
2 0.253906 0.460938 0.253906 0.472656 0.250000 0.476562 0.246094 0.476562 0.246094 0.503906 0.242188 0.507812 0.222656 0.507812 0.218750 0.511719 0.210938 0.511719 0.207031 0.515625 0.195312 0.515625 0.191406 0.519531 0.183594 0.519531 0.179688 0.523438 0.164062 0.523438 0.160156 0.527344 0.160156 0.546875 0.164062 0.550781 0.164062 0.566406 0.160156 0.570312 0.160156 0.582031 0.183594 0.582031 0.187500 0.585938 0.187500 0.593750 0.195312 0.593750 0.203125 0.601562 0.203125 0.605469 0.218750 0.605469 0.230469 0.593750 0.246094 0.593750 0.246094 0.589844 0.250000 0.585938 0.261719 0.585938 0.261719 0.582031 0.265625 0.578125 0.269531 0.578125 0.269531 0.570312 0.257812 0.570312 0.253906 0.574219 0.238281 0.574219 0.234375 0.570312 0.234375 0.558594 0.230469 0.554688 0.230469 0.539062 0.234375 0.535156 0.242188 0.535156 0.246094 0.531250 0.250000 0.531250 0.250000 0.527344 0.253906 0.523438 0.253906 0.492188 0.265625 0.480469 0.285156 0.480469 0.285156 0.476562 0.289062 0.472656 0.289062 0.464844 0.285156 0.464844 0.281250 0.460938
2 0.140625 0.406250 0.140625 0.410156 0.136719 0.414062 0.125000 0.414062 0.125000 0.433594 0.128906 0.437500 0.128906 0.441406 0.136719 0.441406 0.144531 0.449219 0.144531 0.457031 0.148438 0.460938 0.148438 0.476562 0.156250 0.476562 0.164062 0.468750 0.167969 0.468750 0.179688 0.457031 0.179688 0.453125 0.183594 0.449219 0.187500 0.449219 0.187500 0.441406 0.183594 0.441406 0.179688 0.437500 0.179688 0.429688 0.175781 0.425781 0.164062 0.425781 0.160156 0.421875 0.160156 0.414062 0.152344 0.414062 0.148438 0.410156 0.148438 0.406250
2 0.132812 0.375000 0.132812 0.382812 0.140625 0.382812 0.140625 0.375000
2 0.781250 0.218750 0.781250 0.265625 0.777344 0.269531 0.765625 0.269531 0.765625 0.273438 0.761719 0.277344 0.761719 0.292969 0.765625 0.296875 0.765625 0.304688 0.789062 0.304688 0.792969 0.308594 0.792969 0.335938 0.800781 0.335938 0.800781 0.332031 0.804688 0.328125 0.847656 0.328125 0.859375 0.339844 0.859375 0.343750 0.867188 0.343750 0.867188 0.332031 0.859375 0.324219 0.859375 0.312500 0.855469 0.308594 0.847656 0.308594 0.839844 0.300781 0.839844 0.296875 0.835938 0.296875 0.828125 0.289062 0.828125 0.281250 0.816406 0.281250 0.812500 0.277344 0.812500 0.257812 0.808594 0.253906 0.804688 0.253906 0.800781 0.250000 0.800781 0.242188 0.796875 0.242188 0.792969 0.238281 0.792969 0.222656 0.789062 0.218750
2 0.417969 0.152344 0.414062 0.156250 0.410156 0.156250 0.406250 0.160156 0.406250 0.167969 0.402344 0.171875 0.390625 0.171875 0.390625 0.179688 0.394531 0.179688 0.398438 0.183594 0.398438 0.210938 0.394531 0.214844 0.378906 0.214844 0.375000 0.210938 0.371094 0.210938 0.367188 0.207031 0.367188 0.191406 0.359375 0.191406 0.351562 0.199219 0.343750 0.199219 0.343750 0.210938 0.347656 0.214844 0.347656 0.242188 0.355469 0.242188 0.355469 0.238281 0.359375 0.234375 0.375000 0.234375 0.382812 0.242188 0.382812 0.257812 0.378906 0.261719 0.375000 0.261719 0.375000 0.269531 0.367188 0.277344 0.359375 0.277344 0.355469 0.281250 0.339844 0.281250 0.335938 0.285156 0.320312 0.285156 0.320312 0.292969 0.316406 0.296875 0.300781 0.296875 0.296875 0.292969 0.296875 0.281250 0.292969 0.277344 0.292969 0.261719 0.296875 0.257812 0.296875 0.250000 0.292969 0.250000 0.289062 0.246094 0.285156 0.246094 0.281250 0.242188 0.281250 0.214844 0.273438 0.214844 0.269531 0.218750 0.265625 0.218750 0.261719 0.222656 0.257812 0.222656 0.253906 0.226562 0.253906 0.234375 0.257812 0.238281 0.261719 0.238281 0.265625 0.242188 0.265625 0.257812 0.269531 0.261719 0.269531 0.281250 0.265625 0.285156 0.210938 0.285156 0.210938 0.292969 0.218750 0.292969 0.222656 0.296875 0.226562 0.296875 0.230469 0.300781 0.230469 0.304688 0.234375 0.304688 0.238281 0.308594 0.253906 0.308594 0.257812 0.312500 0.257812 0.335938 0.253906 0.339844 0.250000 0.339844 0.250000 0.359375 0.246094 0.363281 0.230469 0.363281 0.226562 0.359375 0.222656 0.359375 0.218750 0.355469 0.214844 0.355469 0.207031 0.347656 0.207031 0.335938 0.203125 0.335938 0.199219 0.332031 0.199219 0.328125 0.175781 0.328125 0.171875 0.324219 0.171875 0.316406 0.164062 0.316406 0.160156 0.320312 0.152344 0.320312 0.152344 0.328125 0.171875 0.328125 0.175781 0.332031 0.175781 0.355469 0.179688 0.359375 0.195312 0.359375 0.199219 0.363281 0.199219 0.371094 0.207031 0.378906 0.207031 0.394531 0.210938 0.398438 0.210938 0.402344 0.214844 0.406250 0.242188 0.406250 0.250000 0.414062 0.257812 0.414062 0.261719 0.410156 0.261719 0.402344 0.265625 0.398438 0.289062 0.398438 0.292969 0.402344 0.292969 0.406250 0.296875 0.406250 0.304688 0.414062 0.304688 0.417969 0.308594 0.421875 0.308594 0.437500 0.324219 0.437500 0.328125 0.441406 0.328125 0.476562 0.324219 0.480469 0.316406 0.480469 0.316406 0.488281 0.320312 0.492188 0.335938 0.492188 0.339844 0.488281 0.371094 0.488281 0.378906 0.496094 0.378906 0.511719 0.386719 0.519531 0.394531 0.519531 0.398438 0.523438 0.421875 0.523438 0.425781 0.527344 0.433594 0.527344 0.433594 0.519531 0.429688 0.519531 0.425781 0.515625 0.425781 0.496094 0.429688 0.492188 0.433594 0.492188 0.433594 0.484375 0.437500 0.480469 0.437500 0.468750 0.445312 0.460938 0.453125 0.460938 0.453125 0.453125 0.457031 0.449219 0.464844 0.449219 0.464844 0.433594 0.468750 0.429688 0.484375 0.429688 0.488281 0.433594 0.488281 0.460938 0.484375 0.464844 0.480469 0.464844 0.480469 0.480469 0.484375 0.484375 0.484375 0.507812 0.492188 0.515625 0.492188 0.531250 0.488281 0.535156 0.480469 0.535156 0.476562 0.539062 0.476562 0.558594 0.472656 0.562500 0.453125 0.562500 0.453125 0.570312 0.449219 0.574219 0.421875 0.574219 0.414062 0.582031 0.363281 0.582031 0.363281 0.589844 0.367188 0.593750 0.367188 0.597656 0.371094 0.597656 0.375000 0.601562 0.375000 0.609375 0.378906 0.613281 0.382812 0.613281 0.390625 0.621094 0.390625 0.640625 0.386719 0.644531 0.367188 0.644531 0.367188 0.648438 0.363281 0.652344 0.347656 0.652344 0.343750 0.656250 0.343750 0.660156 0.339844 0.664062 0.339844 0.667969 0.335938 0.671875 0.296875 0.671875 0.296875 0.679688 0.300781 0.679688 0.312500 0.691406 0.324219 0.691406 0.328125 0.695312 0.328125 0.714844 0.332031 0.714844 0.335938 0.718750 0.335938 0.750000 0.332031 0.753906 0.320312 0.753906 0.320312 0.773438 0.324219 0.777344 0.324219 0.812500 0.328125 0.816406 0.328125 0.824219 0.339844 0.824219 0.343750 0.828125 0.378906 0.828125 0.382812 0.832031 0.382812 0.851562 0.402344 0.851562 0.406250 0.855469 0.421875 0.855469 0.425781 0.859375 0.425781 0.867188 0.429688 0.871094 0.441406 0.871094 0.441406 0.859375 0.445312 0.855469 0.464844 0.855469 0.464844 0.839844 0.460938 0.835938 0.460938 0.804688 0.464844 0.800781 0.480469 0.800781 0.484375 0.804688 0.488281 0.804688 0.492188 0.808594 0.492188 0.812500 0.496094 0.816406 0.496094 0.820312 0.500000 0.824219 0.500000 0.832031 0.503906 0.835938 0.503906 0.867188 0.500000 0.871094 0.488281 0.871094 0.488281 0.878906 0.492188 0.882812 0.527344 0.882812 0.531250 0.886719 0.531250 0.894531 0.542969 0.894531 0.554688 0.882812 0.558594 0.882812 0.562500 0.878906 0.566406 0.878906 0.566406 0.875000 0.570312 0.871094 0.593750 0.871094 0.597656 0.867188 0.597656 0.863281 0.601562 0.859375 0.628906 0.859375 0.628906 0.855469 0.636719 0.847656 0.644531 0.847656 0.648438 0.843750 0.648438 0.828125 0.652344 0.824219 0.664062 0.824219 0.664062 0.820312 0.671875 0.812500 0.671875 0.800781 0.667969 0.796875 0.667969 0.792969 0.660156 0.792969 0.660156 0.800781 0.656250 0.804688 0.648438 0.804688 0.648438 0.808594 0.644531 0.812500 0.644531 0.824219 0.640625 0.828125 0.628906 0.828125 0.625000 0.832031 0.621094 0.832031 0.617188 0.835938 0.613281 0.835938 0.613281 0.847656 0.609375 0.851562 0.605469 0.851562 0.601562 0.855469 0.558594 0.855469 0.554688 0.851562 0.550781 0.851562 0.546875 0.847656 0.535156 0.847656 0.531250 0.843750 0.511719 0.843750 0.507812 0.839844 0.507812 0.816406 0.511719 0.812500 0.511719 0.792969 0.519531 0.785156 0.527344 0.785156 0.527344 0.781250 0.535156 0.773438 0.542969 0.773438 0.542969 0.769531 0.546875 0.765625 0.566406 0.765625 0.570312 0.761719 0.582031 0.761719 0.582031 0.753906 0.578125 0.750000 0.574219 0.750000 0.570312 0.746094 0.570312 0.726562 0.574219 0.722656 0.593750 0.722656 0.597656 0.726562 0.597656 0.730469 0.605469 0.730469 0.605469 0.714844 0.570312 0.714844 0.566406 0.710938 0.566406 0.707031 0.562500 0.707031 0.558594 0.703125 0.554688 0.703125 0.550781 0.699219 0.550781 0.687500 0.546875 0.683594 0.539062 0.683594 0.535156 0.687500 0.531250 0.687500 0.523438 0.695312 0.507812 0.695312 0.503906 0.691406 0.503906 0.687500 0.496094 0.687500 0.492188 0.683594 0.492188 0.675781 0.488281 0.675781 0.484375 0.671875 0.476562 0.671875 0.476562 0.683594 0.488281 0.683594 0.492188 0.687500 0.492188 0.710938 0.496094 0.710938 0.503906 0.718750 0.507812 0.718750 0.511719 0.722656 0.511719 0.726562 0.523438 0.738281 0.523438 0.757812 0.519531 0.761719 0.515625 0.761719 0.511719 0.765625 0.511719 0.773438 0.507812 0.777344 0.503906 0.777344 0.500000 0.781250 0.484375 0.781250 0.480469 0.777344 0.480469 0.773438 0.476562 0.773438 0.472656 0.769531 0.472656 0.734375 0.468750 0.730469 0.468750 0.722656 0.464844 0.722656 0.460938 0.718750 0.460938 0.714844 0.457031 0.710938 0.457031 0.703125 0.453125 0.699219 0.453125 0.691406 0.441406 0.691406 0.437500 0.687500 0.437500 0.671875 0.441406 0.667969 0.464844 0.667969 0.464844 0.601562 0.468750 0.597656 0.492188 0.597656 0.503906 0.609375 0.503906 0.625000 0.500000 0.628906 0.500000 0.648438 0.511719 0.648438 0.511719 0.644531 0.515625 0.640625 0.523438 0.640625 0.527344 0.636719 0.527344 0.625000 0.531250 0.621094 0.535156 0.621094 0.539062 0.617188 0.554688 0.617188 0.558594 0.613281 0.570312 0.613281 0.570312 0.570312 0.574219 0.566406 0.574219 0.554688 0.578125 0.550781 0.585938 0.550781 0.585938 0.535156 0.589844 0.531250 0.589844 0.527344 0.593750 0.523438 0.617188 0.523438 0.617188 0.507812 0.609375 0.507812 0.601562 0.500000 0.601562 0.492188 0.597656 0.492188 0.593750 0.488281 0.593750 0.480469 0.585938 0.480469 0.582031 0.476562 0.582031 0.468750 0.566406 0.468750 0.566406 0.503906 0.562500 0.507812 0.554688 0.507812 0.554688 0.515625 0.566406 0.515625 0.570312 0.519531 0.570312 0.550781 0.562500 0.558594 0.562500 0.578125 0.558594 0.582031 0.546875 0.582031 0.546875 0.589844 0.542969 0.593750 0.539062 0.593750 0.535156 0.597656 0.511719 0.597656 0.500000 0.585938 0.496094 0.585938 0.492188 0.582031 0.488281 0.582031 0.480469 0.574219 0.480469 0.558594 0.484375 0.554688 0.488281 0.554688 0.488281 0.550781 0.492188 0.546875 0.500000 0.546875 0.500000 0.527344 0.507812 0.519531 0.519531 0.519531 0.519531 0.507812 0.523438 0.503906 0.527344 0.503906 0.527344 0.500000 0.531250 0.496094 0.531250 0.484375 0.523438 0.476562 0.523438 0.457031 0.527344 0.453125 0.550781 0.453125 0.550781 0.429688 0.554688 0.425781 0.566406 0.425781 0.566406 0.414062 0.558594 0.414062 0.554688 0.410156 0.554688 0.406250 0.546875 0.398438 0.546875 0.390625 0.542969 0.386719 0.542969 0.378906 0.519531 0.378906 0.515625 0.375000 0.515625 0.355469 0.519531 0.351562 0.539062 0.351562 0.539062 0.339844 0.519531 0.339844 0.515625 0.335938 0.515625 0.320312 0.519531 0.316406 0.527344 0.316406 0.527344 0.296875 0.539062 0.285156 0.542969 0.285156 0.542969 0.277344 0.546875 0.273438 0.550781 0.273438 0.554688 0.269531 0.585938 0.269531 0.589844 0.273438 0.601562 0.273438 0.613281 0.285156 0.613281 0.312500 0.609375 0.316406 0.605469 0.316406 0.605469 0.324219 0.601562 0.328125 0.601562 0.339844 0.613281 0.339844 0.617188 0.343750 0.625000 0.343750 0.628906 0.347656 0.628906 0.355469 0.648438 0.355469 0.652344 0.359375 0.656250 0.359375 0.660156 0.363281 0.660156 0.367188 0.664062 0.371094 0.675781 0.371094 0.679688 0.375000 0.683594 0.375000 0.687500 0.378906 0.687500 0.410156 0.691406 0.410156 0.695312 0.414062 0.695312 0.433594 0.699219 0.437500 0.699219 0.449219 0.707031 0.457031 0.707031 0.464844 0.710938 0.464844 0.714844 0.468750 0.730469 0.468750 0.734375 0.472656 0.734375 0.476562 0.742188 0.476562 0.746094 0.480469 0.750000 0.480469 0.757812 0.488281 0.757812 0.507812 0.761719 0.511719 0.773438 0.511719 0.773438 0.507812 0.777344 0.503906 0.781250 0.503906 0.785156 0.500000 0.785156 0.484375 0.789062 0.480469 0.804688 0.480469 0.804688 0.457031 0.808594 0.453125 0.828125 0.453125 0.832031 0.449219 0.847656 0.449219 0.847656 0.441406 0.843750 0.441406 0.839844 0.437500 0.828125 0.437500 0.824219 0.433594 0.820312 0.433594 0.808594 0.421875 0.808594 0.406250 0.812500 0.402344 0.816406 0.402344 0.816406 0.390625 0.812500 0.386719 0.796875 0.386719 0.792969 0.382812 0.792969 0.375000 0.789062 0.371094 0.773438 0.371094 0.769531 0.367188 0.769531 0.355469 0.761719 0.355469 0.757812 0.351562 0.757812 0.347656 0.753906 0.343750 0.753906 0.328125 0.750000 0.324219 0.710938 0.324219 0.710938 0.343750 0.707031 0.347656 0.691406 0.347656 0.687500 0.343750 0.687500 0.339844 0.679688 0.339844 0.675781 0.335938 0.671875 0.335938 0.667969 0.332031 0.667969 0.308594 0.671875 0.304688 0.687500 0.304688 0.687500 0.296875 0.695312 0.289062 0.699219 0.289062 0.699219 0.285156 0.703125 0.281250 0.707031 0.281250 0.710938 0.277344 0.710938 0.265625 0.707031 0.261719 0.707031 0.246094 0.683594 0.246094 0.683594 0.257812 0.679688 0.261719 0.675781 0.261719 0.671875 0.265625 0.671875 0.269531 0.664062 0.277344 0.648438 0.277344 0.644531 0.273438 0.644531 0.246094 0.640625 0.242188 0.640625 0.234375 0.609375 0.234375 0.605469 0.230469 0.605469 0.210938 0.609375 0.207031 0.609375 0.191406 0.601562 0.191406 0.601562 0.199219 0.593750 0.207031 0.589844 0.207031 0.589844 0.234375 0.585938 0.238281 0.582031 0.238281 0.582031 0.257812 0.578125 0.261719 0.550781 0.261719 0.546875 0.265625 0.539062 0.265625 0.535156 0.269531 0.523438 0.269531 0.519531 0.273438 0.500000 0.273438 0.496094 0.269531 0.496094 0.265625 0.492188 0.261719 0.492188 0.246094 0.488281 0.246094 0.484375 0.242188 0.472656 0.242188 0.468750 0.238281 0.468750 0.218750 0.464844 0.218750 0.457031 0.210938 0.457031 0.183594 0.437500 0.183594 0.433594 0.179688 0.433594 0.152344
2 0.542969 0.125000 0.539062 0.128906 0.535156 0.128906 0.531250 0.132812 0.507812 0.132812 0.507812 0.144531 0.500000 0.152344 0.484375 0.152344 0.480469 0.148438 0.480469 0.140625 0.476562 0.140625 0.472656 0.136719 0.464844 0.136719 0.460938 0.140625 0.460938 0.171875 0.476562 0.171875 0.480469 0.175781 0.480469 0.179688 0.492188 0.179688 0.496094 0.183594 0.511719 0.183594 0.511719 0.175781 0.515625 0.171875 0.527344 0.171875 0.531250 0.167969 0.550781 0.167969 0.554688 0.171875 0.554688 0.175781 0.558594 0.175781 0.562500 0.179688 0.562500 0.195312 0.570312 0.195312 0.570312 0.183594 0.574219 0.179688 0.574219 0.167969 0.578125 0.164062 0.578125 0.156250 0.574219 0.152344 0.574219 0.132812 0.558594 0.132812 0.550781 0.125000
