2 0.558594 0.863281 0.558594 0.871094 0.566406 0.871094 0.566406 0.863281
2 0.570312 0.816406 0.570312 0.851562 0.585938 0.851562 0.589844 0.855469 0.589844 0.867188 0.593750 0.867188 0.597656 0.871094 0.605469 0.871094 0.605469 0.867188 0.609375 0.863281 0.609375 0.847656 0.601562 0.847656 0.597656 0.843750 0.593750 0.843750 0.585938 0.835938 0.585938 0.832031 0.582031 0.828125 0.582031 0.824219 0.578125 0.820312 0.578125 0.816406
2 0.222656 0.804688 0.218750 0.808594 0.203125 0.808594 0.199219 0.812500 0.199219 0.824219 0.203125 0.828125 0.222656 0.828125 0.226562 0.824219 0.250000 0.824219 0.253906 0.820312 0.253906 0.812500 0.246094 0.812500 0.242188 0.808594 0.234375 0.808594 0.230469 0.804688
2 0.113281 0.746094 0.113281 0.757812 0.121094 0.757812 0.121094 0.746094
2 0.156250 0.605469 0.152344 0.609375 0.148438 0.609375 0.148438 0.621094 0.160156 0.621094 0.164062 0.617188 0.167969 0.617188 0.167969 0.605469
2 0.101562 0.601562 0.093750 0.609375 0.085938 0.609375 0.085938 0.613281 0.082031 0.617188 0.082031 0.628906 0.085938 0.632812 0.085938 0.652344 0.082031 0.656250 0.078125 0.656250 0.074219 0.660156 0.070312 0.660156 0.070312 0.671875 0.078125 0.671875 0.082031 0.675781 0.085938 0.675781 0.089844 0.679688 0.089844 0.687500 0.097656 0.695312 0.101562 0.695312 0.105469 0.699219 0.125000 0.699219 0.128906 0.703125 0.128906 0.714844 0.144531 0.714844 0.148438 0.718750 0.148438 0.734375 0.144531 0.738281 0.144531 0.746094 0.152344 0.746094 0.156250 0.750000 0.156250 0.773438 0.160156 0.777344 0.171875 0.777344 0.175781 0.781250 0.175781 0.789062 0.187500 0.789062 0.191406 0.785156 0.199219 0.785156 0.199219 0.769531 0.203125 0.765625 0.222656 0.765625 0.222656 0.753906 0.226562 0.750000 0.234375 0.750000 0.234375 0.730469 0.242188 0.722656 0.242188 0.714844 0.214844 0.714844 0.207031 0.707031 0.207031 0.703125 0.199219 0.695312 0.199219 0.691406 0.195312 0.687500 0.195312 0.664062 0.183594 0.664062 0.183594 0.687500 0.179688 0.691406 0.140625 0.691406 0.136719 0.687500 0.136719 0.679688 0.132812 0.675781 0.132812 0.671875 0.128906 0.671875 0.125000 0.667969 0.121094 0.667969 0.113281 0.660156 0.113281 0.625000 0.117188 0.621094 0.121094 0.621094 0.121094 0.617188 0.125000 0.613281 0.125000 0.605469 0.121094 0.601562
2 0.855469 0.585938 0.855469 0.628906 0.851562 0.632812 0.835938 0.632812 0.832031 0.628906 0.800781 0.628906 0.796875 0.625000 0.796875 0.613281 0.777344 0.613281 0.777344 0.628906 0.781250 0.628906 0.785156 0.632812 0.785156 0.648438 0.781250 0.652344 0.765625 0.652344 0.761719 0.656250 0.757812 0.656250 0.757812 0.660156 0.753906 0.664062 0.738281 0.664062 0.726562 0.675781 0.726562 0.683594 0.742188 0.683594 0.742188 0.675781 0.746094 0.671875 0.765625 0.671875 0.769531 0.675781 0.777344 0.675781 0.777344 0.667969 0.781250 0.664062 0.781250 0.652344 0.785156 0.648438 0.816406 0.648438 0.820312 0.652344 0.820312 0.660156 0.828125 0.660156 0.832031 0.664062 0.832031 0.683594 0.824219 0.691406 0.824219 0.699219 0.832031 0.699219 0.835938 0.703125 0.835938 0.718750 0.832031 0.722656 0.824219 0.722656 0.820312 0.726562 0.816406 0.726562 0.816406 0.730469 0.808594 0.738281 0.804688 0.738281 0.800781 0.742188 0.796875 0.742188 0.792969 0.746094 0.789062 0.746094 0.789062 0.750000 0.785156 0.753906 0.785156 0.761719 0.828125 0.761719 0.832031 0.765625 0.832031 0.769531 0.839844 0.769531 0.839844 0.765625 0.843750 0.761719 0.847656 0.761719 0.851562 0.757812 0.851562 0.746094 0.859375 0.738281 0.867188 0.738281 0.871094 0.734375 0.882812 0.734375 0.882812 0.718750 0.847656 0.718750 0.843750 0.714844 0.843750 0.683594 0.847656 0.679688 0.847656 0.656250 0.851562 0.652344 0.859375 0.652344 0.863281 0.648438 0.886719 0.648438 0.886719 0.644531 0.890625 0.640625 0.890625 0.632812 0.886719 0.628906 0.886719 0.625000 0.878906 0.617188 0.875000 0.617188 0.871094 0.613281 0.871094 0.605469 0.867188 0.601562 0.867188 0.585938
2 0.855469 0.507812 0.855469 0.515625 0.867188 0.527344 0.867188 0.531250 0.871094 0.531250 0.878906 0.539062 0.890625 0.539062 0.894531 0.542969 0.894531 0.546875 0.898438 0.550781 0.898438 0.562500 0.906250 0.562500 0.910156 0.558594 0.910156 0.535156 0.914062 0.531250 0.917969 0.531250 0.921875 0.527344 0.921875 0.519531 0.917969 0.515625 0.910156 0.515625 0.910156 0.535156 0.906250 0.539062 0.890625 0.539062 0.886719 0.535156 0.886719 0.531250 0.878906 0.523438 0.878906 0.519531 0.875000 0.515625 0.875000 0.511719 0.871094 0.507812
2 0.750000 0.289062 0.750000 0.296875 0.757812 0.296875 0.757812 0.289062
2 0.734375 0.261719 0.726562 0.269531 0.722656 0.269531 0.722656 0.281250 0.746094 0.281250 0.746094 0.261719
2 0.207031 0.242188 0.187500 0.261719 0.187500 0.269531 0.191406 0.273438 0.191406 0.277344 0.203125 0.277344 0.207031 0.281250 0.214844 0.281250 0.214844 0.273438 0.218750 0.269531 0.218750 0.265625 0.222656 0.261719 0.222656 0.242188
2 0.707031 0.132812 0.707031 0.144531 0.710938 0.148438 0.710938 0.156250 0.718750 0.164062 0.722656 0.164062 0.726562 0.167969 0.746094 0.167969 0.750000 0.171875 0.750000 0.179688 0.753906 0.183594 0.757812 0.183594 0.761719 0.187500 0.761719 0.203125 0.757812 0.207031 0.757812 0.218750 0.761719 0.222656 0.761719 0.226562 0.765625 0.230469 0.777344 0.230469 0.781250 0.226562 0.785156 0.226562 0.785156 0.210938 0.781250 0.210938 0.773438 0.203125 0.773438 0.183594 0.765625 0.175781 0.765625 0.171875 0.761719 0.167969 0.761719 0.164062 0.757812 0.160156 0.753906 0.160156 0.750000 0.156250 0.750000 0.152344 0.742188 0.144531 0.738281 0.144531 0.734375 0.140625 0.726562 0.140625 0.722656 0.136719 0.722656 0.132812
2 0.519531 0.000000 0.519531 0.015625 0.523438 0.019531 0.523438 0.027344 0.527344 0.027344 0.531250 0.031250 0.531250 0.046875 0.539062 0.046875 0.542969 0.050781 0.546875 0.050781 0.550781 0.054688 0.550781 0.058594 0.562500 0.058594 0.566406 0.054688 0.589844 0.054688 0.593750 0.058594 0.593750 0.078125 0.589844 0.082031 0.566406 0.082031 0.566406 0.085938 0.562500 0.089844 0.546875 0.089844 0.542969 0.093750 0.542969 0.097656 0.539062 0.101562 0.515625 0.101562 0.511719 0.097656 0.511719 0.085938 0.500000 0.085938 0.500000 0.097656 0.496094 0.101562 0.480469 0.101562 0.476562 0.097656 0.476562 0.078125 0.480469 0.074219 0.480469 0.066406 0.476562 0.062500 0.453125 0.062500 0.449219 0.066406 0.449219 0.074219 0.460938 0.074219 0.464844 0.078125 0.464844 0.093750 0.457031 0.101562 0.437500 0.101562 0.437500 0.113281 0.441406 0.117188 0.445312 0.117188 0.449219 0.121094 0.449219 0.125000 0.453125 0.128906 0.453125 0.164062 0.449219 0.167969 0.437500 0.167969 0.433594 0.171875 0.410156 0.171875 0.402344 0.164062 0.386719 0.164062 0.382812 0.160156 0.382812 0.136719 0.378906 0.132812 0.371094 0.132812 0.367188 0.136719 0.363281 0.136719 0.363281 0.140625 0.359375 0.144531 0.339844 0.144531 0.339844 0.164062 0.335938 0.167969 0.292969 0.167969 0.292969 0.187500 0.289062 0.191406 0.277344 0.191406 0.265625 0.203125 0.257812 0.203125 0.253906 0.207031 0.253906 0.218750 0.250000 0.222656 0.250000 0.238281 0.257812 0.238281 0.257812 0.234375 0.265625 0.226562 0.289062 0.226562 0.300781 0.238281 0.300781 0.253906 0.296875 0.257812 0.292969 0.257812 0.292969 0.261719 0.285156 0.269531 0.285156 0.277344 0.292969 0.277344 0.296875 0.273438 0.304688 0.273438 0.308594 0.269531 0.308594 0.253906 0.312500 0.250000 0.320312 0.250000 0.320312 0.246094 0.324219 0.242188 0.328125 0.242188 0.328125 0.238281 0.332031 0.234375 0.355469 0.234375 0.359375 0.238281 0.359375 0.242188 0.363281 0.246094 0.363281 0.250000 0.367188 0.253906 0.375000 0.253906 0.378906 0.257812 0.390625 0.257812 0.390625 0.250000 0.386719 0.246094 0.386719 0.226562 0.390625 0.222656 0.390625 0.187500 0.394531 0.183594 0.398438 0.183594 0.402344 0.179688 0.429688 0.179688 0.433594 0.183594 0.437500 0.183594 0.441406 0.187500 0.460938 0.187500 0.464844 0.183594 0.468750 0.183594 0.468750 0.179688 0.476562 0.171875 0.488281 0.171875 0.488281 0.167969 0.492188 0.164062 0.507812 0.164062 0.511719 0.160156 0.515625 0.160156 0.515625 0.140625 0.523438 0.132812 0.539062 0.132812 0.539062 0.128906 0.550781 0.117188 0.566406 0.117188 0.570312 0.121094 0.570312 0.132812 0.578125 0.132812 0.582031 0.128906 0.582031 0.125000 0.585938 0.121094 0.589844 0.121094 0.593750 0.117188 0.628906 0.117188 0.632812 0.121094 0.632812 0.148438 0.628906 0.152344 0.625000 0.152344 0.621094 0.156250 0.597656 0.156250 0.597656 0.167969 0.601562 0.167969 0.605469 0.171875 0.605469 0.187500 0.601562 0.191406 0.601562 0.199219 0.597656 0.203125 0.597656 0.210938 0.593750 0.214844 0.578125 0.214844 0.574219 0.210938 0.562500 0.210938 0.558594 0.207031 0.558594 0.199219 0.542969 0.199219 0.535156 0.207031 0.531250 0.207031 0.531250 0.210938 0.527344 0.214844 0.527344 0.218750 0.523438 0.222656 0.496094 0.222656 0.496094 0.261719 0.492188 0.265625 0.468750 0.265625 0.464844 0.269531 0.449219 0.269531 0.449219 0.281250 0.445312 0.285156 0.441406 0.285156 0.433594 0.292969 0.414062 0.292969 0.410156 0.289062 0.410156 0.281250 0.402344 0.281250 0.398438 0.285156 0.394531 0.285156 0.394531 0.289062 0.390625 0.292969 0.390625 0.312500 0.386719 0.316406 0.386719 0.324219 0.382812 0.328125 0.367188 0.328125 0.363281 0.324219 0.363281 0.304688 0.351562 0.304688 0.343750 0.312500 0.324219 0.312500 0.324219 0.320312 0.320312 0.324219 0.316406 0.324219 0.312500 0.328125 0.289062 0.328125 0.285156 0.332031 0.265625 0.332031 0.261719 0.328125 0.261719 0.324219 0.257812 0.324219 0.253906 0.320312 0.253906 0.316406 0.246094 0.316406 0.242188 0.320312 0.222656 0.320312 0.222656 0.328125 0.218750 0.332031 0.214844 0.332031 0.214844 0.339844 0.218750 0.339844 0.234375 0.355469 0.234375 0.371094 0.238281 0.371094 0.242188 0.375000 0.250000 0.375000 0.250000 0.371094 0.253906 0.367188 0.253906 0.355469 0.257812 0.351562 0.273438 0.351562 0.277344 0.347656 0.277344 0.339844 0.281250 0.335938 0.300781 0.335938 0.304688 0.339844 0.304688 0.343750 0.308594 0.347656 0.308594 0.367188 0.304688 0.371094 0.292969 0.371094 0.292969 0.378906 0.296875 0.382812 0.296875 0.453125 0.292969 0.457031 0.265625 0.457031 0.257812 0.449219 0.257812 0.445312 0.246094 0.445312 0.242188 0.449219 0.242188 0.468750 0.238281 0.472656 0.234375 0.472656 0.230469 0.476562 0.210938 0.476562 0.210938 0.480469 0.207031 0.484375 0.203125 0.484375 0.199219 0.488281 0.195312 0.488281 0.195312 0.507812 0.191406 0.511719 0.191406 0.519531 0.195312 0.523438 0.195312 0.542969 0.187500 0.550781 0.156250 0.550781 0.152344 0.554688 0.152344 0.562500 0.156250 0.562500 0.160156 0.566406 0.160156 0.574219 0.175781 0.574219 0.179688 0.578125 0.179688 0.597656 0.191406 0.597656 0.191406 0.585938 0.195312 0.582031 0.207031 0.582031 0.210938 0.578125 0.257812 0.578125 0.257812 0.550781 0.261719 0.546875 0.277344 0.546875 0.281250 0.550781 0.281250 0.558594 0.289062 0.566406 0.289062 0.570312 0.292969 0.570312 0.296875 0.574219 0.296875 0.578125 0.304688 0.578125 0.304688 0.574219 0.308594 0.570312 0.320312 0.570312 0.320312 0.562500 0.324219 0.558594 0.324219 0.519531 0.332031 0.511719 0.339844 0.511719 0.339844 0.507812 0.343750 0.503906 0.378906 0.503906 0.378906 0.500000 0.382812 0.496094 0.386719 0.496094 0.390625 0.492188 0.394531 0.492188 0.394531 0.484375 0.390625 0.484375 0.386719 0.480469 0.378906 0.480469 0.375000 0.476562 0.375000 0.449219 0.371094 0.445312 0.371094 0.425781 0.375000 0.421875 0.382812 0.421875 0.382812 0.414062 0.359375 0.414062 0.355469 0.410156 0.355469 0.406250 0.335938 0.406250 0.332031 0.402344 0.332031 0.378906 0.335938 0.375000 0.343750 0.375000 0.347656 0.371094 0.355469 0.371094 0.359375 0.367188 0.382812 0.367188 0.386719 0.371094 0.390625 0.371094 0.398438 0.378906 0.398438 0.398438 0.406250 0.398438 0.410156 0.402344 0.425781 0.402344 0.429688 0.406250 0.429688 0.410156 0.433594 0.410156 0.441406 0.417969 0.441406 0.429688 0.445312 0.433594 0.445312 0.437500 0.449219 0.441406 0.449219 0.453125 0.453125 0.457031 0.453125 0.464844 0.464844 0.464844 0.468750 0.468750 0.468750 0.500000 0.464844 0.503906 0.457031 0.503906 0.457031 0.507812 0.453125 0.511719 0.453125 0.519531 0.449219 0.523438 0.449219 0.531250 0.445312 0.535156 0.441406 0.535156 0.441406 0.539062 0.437500 0.542969 0.417969 0.542969 0.417969 0.546875 0.414062 0.550781 0.414062 0.574219 0.417969 0.578125 0.429688 0.578125 0.433594 0.582031 0.433594 0.605469 0.429688 0.609375 0.429688 0.613281 0.425781 0.617188 0.402344 0.617188 0.398438 0.613281 0.398438 0.605469 0.394531 0.601562 0.394531 0.589844 0.390625 0.585938 0.382812 0.585938 0.378906 0.582031 0.378906 0.554688 0.367188 0.554688 0.363281 0.550781 0.355469 0.550781 0.355469 0.570312 0.351562 0.574219 0.351562 0.593750 0.347656 0.597656 0.347656 0.605469 0.359375 0.605469 0.363281 0.609375 0.363281 0.648438 0.367188 0.652344 0.367188 0.675781 0.375000 0.675781 0.378906 0.679688 0.378906 0.695312 0.371094 0.703125 0.371094 0.710938 0.367188 0.714844 0.363281 0.714844 0.363281 0.726562 0.367188 0.726562 0.371094 0.730469 0.371094 0.746094 0.367188 0.750000 0.328125 0.750000 0.328125 0.753906 0.324219 0.757812 0.320312 0.757812 0.320312 0.765625 0.316406 0.769531 0.316406 0.773438 0.312500 0.777344 0.308594 0.777344 0.308594 0.785156 0.312500 0.789062 0.312500 0.800781 0.316406 0.804688 0.316406 0.812500 0.320312 0.812500 0.324219 0.816406 0.324219 0.832031 0.320312 0.835938 0.312500 0.835938 0.312500 0.843750 0.304688 0.851562 0.304688 0.859375 0.300781 0.863281 0.296875 0.863281 0.292969 0.867188 0.277344 0.867188 0.273438 0.863281 0.261719 0.863281 0.257812 0.867188 0.250000 0.867188 0.250000 0.875000 0.253906 0.878906 0.261719 0.878906 0.265625 0.882812 0.269531 0.882812 0.273438 0.886719 0.277344 0.886719 0.281250 0.890625 0.281250 0.910156 0.277344 0.914062 0.265625 0.914062 0.265625 0.921875 0.277344 0.921875 0.281250 0.925781 0.285156 0.925781 0.289062 0.929688 0.296875 0.929688 0.300781 0.933594 0.304688 0.933594 0.308594 0.937500 0.316406 0.937500 0.320312 0.941406 0.324219 0.941406 0.328125 0.945312 0.335938 0.945312 0.339844 0.949219 0.347656 0.949219 0.355469 0.957031 0.390625 0.957031 0.394531 0.960938 0.398438 0.960938 0.414062 0.976562 0.414062 0.980469 0.417969 0.984375 0.417969 0.996094 0.492188 0.996094 0.492188 0.988281 0.496094 0.984375 0.507812 0.984375 0.511719 0.980469 0.527344 0.980469 0.531250 0.984375 0.531250 0.996094 0.546875 0.996094 0.546875 0.988281 0.550781 0.984375 0.574219 0.984375 0.574219 0.972656 0.570312 0.972656 0.562500 0.964844 0.550781 0.964844 0.546875 0.968750 0.539062 0.968750 0.535156 0.972656 0.515625 0.972656 0.511719 0.968750 0.511719 0.960938 0.507812 0.957031 0.488281 0.957031 0.484375 0.953125 0.484375 0.937500 0.492188 0.929688 0.507812 0.929688 0.511719 0.933594 0.511719 0.937500 0.519531 0.937500 0.531250 0.925781 0.531250 0.917969 0.519531 0.917969 0.515625 0.914062 0.515625 0.898438 0.519531 0.894531 0.523438 0.894531 0.527344 0.890625 0.527344 0.882812 0.523438 0.878906 0.523438 0.875000 0.515625 0.867188 0.511719 0.867188 0.507812 0.863281 0.507812 0.828125 0.511719 0.824219 0.515625 0.824219 0.519531 0.820312 0.539062 0.820312 0.542969 0.816406 0.546875 0.816406 0.546875 0.800781 0.550781 0.796875 0.562500 0.796875 0.562500 0.792969 0.566406 0.789062 0.566406 0.781250 0.562500 0.777344 0.562500 0.769531 0.558594 0.769531 0.554688 0.765625 0.554688 0.718750 0.558594 0.714844 0.558594 0.710938 0.562500 0.707031 0.582031 0.707031 0.585938 0.710938 0.585938 0.726562 0.589844 0.730469 0.589844 0.746094 0.593750 0.746094 0.597656 0.750000 0.597656 0.761719 0.601562 0.761719 0.605469 0.765625 0.609375 0.765625 0.613281 0.769531 0.621094 0.769531 0.625000 0.773438 0.625000 0.777344 0.628906 0.781250 0.632812 0.781250 0.636719 0.785156 0.636719 0.792969 0.656250 0.792969 0.660156 0.796875 0.660156 0.816406 0.652344 0.824219 0.648438 0.824219 0.644531 0.828125 0.640625 0.828125 0.640625 0.835938 0.636719 0.839844 0.632812 0.839844 0.632812 0.855469 0.652344 0.855469 0.652344 0.835938 0.656250 0.832031 0.660156 0.832031 0.667969 0.824219 0.675781 0.824219 0.679688 0.820312 0.679688 0.812500 0.683594 0.808594 0.691406 0.808594 0.691406 0.800781 0.687500 0.800781 0.683594 0.796875 0.675781 0.796875 0.667969 0.789062 0.667969 0.773438 0.671875 0.769531 0.671875 0.761719 0.675781 0.757812 0.707031 0.757812 0.707031 0.750000 0.710938 0.746094 0.710938 0.738281 0.695312 0.738281 0.695312 0.746094 0.691406 0.750000 0.667969 0.750000 0.664062 0.746094 0.664062 0.730469 0.660156 0.726562 0.660156 0.707031 0.664062 0.703125 0.675781 0.703125 0.679688 0.699219 0.683594 0.699219 0.683594 0.664062 0.687500 0.660156 0.699219 0.660156 0.699219 0.636719 0.707031 0.628906 0.718750 0.628906 0.718750 0.621094 0.722656 0.617188 0.734375 0.617188 0.738281 0.613281 0.738281 0.609375 0.742188 0.605469 0.769531 0.605469 0.769531 0.570312 0.761719 0.570312 0.761719 0.582031 0.757812 0.585938 0.753906 0.585938 0.750000 0.589844 0.734375 0.589844 0.726562 0.582031 0.726562 0.570312 0.722656 0.566406 0.718750 0.566406 0.714844 0.562500 0.714844 0.531250 0.703125 0.531250 0.703125 0.535156 0.691406 0.546875 0.664062 0.546875 0.664062 0.558594 0.660156 0.562500 0.644531 0.562500 0.644531 0.574219 0.640625 0.578125 0.640625 0.582031 0.636719 0.585938 0.632812 0.585938 0.632812 0.601562 0.628906 0.605469 0.621094 0.605469 0.617188 0.609375 0.613281 0.609375 0.609375 0.613281 0.609375 0.621094 0.605469 0.625000 0.582031 0.625000 0.582031 0.628906 0.578125 0.632812 0.554688 0.632812 0.550781 0.628906 0.550781 0.621094 0.542969 0.621094 0.539062 0.617188 0.539062 0.597656 0.542969 0.593750 0.546875 0.593750 0.546875 0.585938 0.550781 0.582031 0.570312 0.582031 0.574219 0.585938 0.574219 0.601562 0.582031 0.601562 0.582031 0.585938 0.574219 0.585938 0.570312 0.582031 0.570312 0.496094 0.574219 0.492188 0.578125 0.492188 0.582031 0.488281 0.597656 0.488281 0.597656 0.464844 0.601562 0.460938 0.601562 0.453125 0.597656 0.449219 0.589844 0.449219 0.585938 0.445312 0.570312 0.445312 0.566406 0.441406 0.566406 0.433594 0.558594 0.433594 0.554688 0.429688 0.554688 0.406250 0.558594 0.402344 0.562500 0.402344 0.566406 0.398438 0.582031 0.398438 0.585938 0.402344 0.585938 0.421875 0.609375 0.421875 0.609375 0.414062 0.605469 0.414062 0.601562 0.410156 0.601562 0.406250 0.597656 0.402344 0.597656 0.378906 0.589844 0.378906 0.585938 0.375000 0.585938 0.371094 0.582031 0.367188 0.582031 0.359375 0.578125 0.359375 0.574219 0.355469 0.574219 0.343750 0.562500 0.343750 0.558594 0.339844 0.558594 0.324219 0.562500 0.320312 0.578125 0.320312 0.578125 0.277344 0.582031 0.273438 0.582031 0.230469 0.585938 0.226562 0.589844 0.226562 0.589844 0.218750 0.593750 0.214844 0.613281 0.214844 0.617188 0.210938 0.636719 0.210938 0.640625 0.214844 0.640625 0.218750 0.644531 0.222656 0.644531 0.234375 0.667969 0.234375 0.671875 0.238281 0.671875 0.242188 0.687500 0.242188 0.695312 0.234375 0.707031 0.234375 0.707031 0.226562 0.703125 0.222656 0.671875 0.222656 0.660156 0.210938 0.660156 0.199219 0.656250 0.199219 0.652344 0.195312 0.648438 0.195312 0.644531 0.191406 0.640625 0.191406 0.636719 0.187500 0.636719 0.171875 0.640625 0.167969 0.640625 0.148438 0.644531 0.144531 0.648438 0.144531 0.652344 0.140625 0.656250 0.140625 0.656250 0.136719 0.660156 0.132812 0.664062 0.132812 0.664062 0.128906 0.667969 0.125000 0.695312 0.125000 0.695312 0.113281 0.687500 0.113281 0.683594 0.109375 0.683594 0.085938 0.687500 0.082031 0.703125 0.082031 0.707031 0.085938 0.707031 0.097656 0.726562 0.097656 0.726562 0.089844 0.722656 0.085938 0.722656 0.074219 0.718750 0.074219 0.714844 0.070312 0.714844 0.066406 0.703125 0.066406 0.699219 0.062500 0.699219 0.058594 0.695312 0.058594 0.691406 0.054688 0.687500 0.054688 0.683594 0.050781 0.683594 0.031250 0.679688 0.027344 0.648438 0.027344 0.640625 0.019531 0.613281 0.019531 0.609375 0.015625 0.609375 0.011719 0.593750 0.011719 0.589844 0.007812 0.589844 0.000000
