2 0.585938 0.964844 0.585938 0.972656 0.593750 0.972656 0.593750 0.964844
2 0.519531 0.925781 0.519531 0.929688 0.515625 0.933594 0.515625 0.941406 0.519531 0.941406 0.523438 0.945312 0.523438 0.953125 0.527344 0.957031 0.542969 0.957031 0.546875 0.960938 0.558594 0.960938 0.558594 0.937500 0.546875 0.937500 0.542969 0.933594 0.542969 0.929688 0.535156 0.929688 0.531250 0.925781
2 0.476562 0.910156 0.468750 0.917969 0.457031 0.917969 0.453125 0.921875 0.453125 0.933594 0.457031 0.933594 0.460938 0.937500 0.476562 0.937500 0.476562 0.925781 0.480469 0.921875 0.484375 0.921875 0.488281 0.917969 0.488281 0.910156
2 0.542969 0.890625 0.542969 0.898438 0.546875 0.902344 0.554688 0.902344 0.558594 0.898438 0.562500 0.898438 0.562500 0.890625
2 0.519531 0.851562 0.519531 0.875000 0.515625 0.878906 0.515625 0.886719 0.535156 0.886719 0.535156 0.875000 0.531250 0.871094 0.531250 0.855469 0.527344 0.851562
2 0.800781 0.792969 0.800781 0.816406 0.808594 0.816406 0.808594 0.812500 0.812500 0.808594 0.816406 0.808594 0.816406 0.800781 0.808594 0.792969
2 0.781250 0.753906 0.781250 0.765625 0.789062 0.765625 0.792969 0.761719 0.792969 0.753906
2 0.796875 0.722656 0.796875 0.746094 0.804688 0.746094 0.804688 0.742188 0.812500 0.734375 0.812500 0.722656
2 0.605469 0.644531 0.601562 0.648438 0.601562 0.656250 0.613281 0.656250 0.613281 0.644531
2 0.437500 0.511719 0.437500 0.519531 0.449219 0.519531 0.453125 0.523438 0.464844 0.523438 0.464844 0.515625 0.449219 0.515625 0.445312 0.511719
2 0.468750 0.464844 0.468750 0.476562 0.472656 0.480469 0.472656 0.492188 0.484375 0.492188 0.484375 0.468750 0.480469 0.464844
2 0.671875 0.375000 0.671875 0.382812 0.675781 0.386719 0.675781 0.394531 0.679688 0.398438 0.679688 0.410156 0.683594 0.414062 0.683594 0.437500 0.691406 0.445312 0.691406 0.449219 0.695312 0.453125 0.695312 0.464844 0.699219 0.468750 0.699219 0.496094 0.687500 0.507812 0.687500 0.519531 0.699219 0.519531 0.703125 0.515625 0.703125 0.488281 0.707031 0.484375 0.707031 0.445312 0.703125 0.441406 0.703125 0.429688 0.699219 0.425781 0.699219 0.421875 0.695312 0.417969 0.695312 0.410156 0.691406 0.406250 0.691406 0.398438 0.687500 0.394531 0.687500 0.386719 0.683594 0.382812 0.683594 0.378906 0.679688 0.375000
2 0.191406 0.347656 0.183594 0.355469 0.183594 0.363281 0.187500 0.367188 0.187500 0.371094 0.191406 0.375000 0.203125 0.375000 0.207031 0.371094 0.222656 0.371094 0.222656 0.363281 0.218750 0.359375 0.218750 0.355469 0.210938 0.347656
2 0.550781 0.332031 0.550781 0.339844 0.558594 0.339844 0.558594 0.332031
2 0.589844 0.320312 0.582031 0.328125 0.582031 0.359375 0.609375 0.359375 0.613281 0.363281 0.613281 0.378906 0.621094 0.378906 0.621094 0.375000 0.625000 0.371094 0.636719 0.371094 0.640625 0.367188 0.640625 0.343750 0.625000 0.343750 0.625000 0.355469 0.621094 0.359375 0.605469 0.359375 0.601562 0.355469 0.601562 0.320312
2 0.285156 0.062500 0.285156 0.089844 0.304688 0.089844 0.308594 0.093750 0.308594 0.113281 0.304688 0.117188 0.285156 0.117188 0.281250 0.113281 0.265625 0.113281 0.265625 0.121094 0.269531 0.121094 0.273438 0.125000 0.273438 0.128906 0.277344 0.132812 0.277344 0.136719 0.281250 0.136719 0.285156 0.140625 0.285156 0.148438 0.292969 0.156250 0.292969 0.167969 0.316406 0.167969 0.320312 0.171875 0.320312 0.191406 0.312500 0.199219 0.304688 0.199219 0.304688 0.214844 0.308594 0.218750 0.332031 0.218750 0.335938 0.222656 0.335938 0.230469 0.339844 0.234375 0.339844 0.261719 0.343750 0.265625 0.355469 0.265625 0.359375 0.269531 0.359375 0.273438 0.367188 0.273438 0.371094 0.277344 0.371094 0.292969 0.367188 0.296875 0.363281 0.296875 0.359375 0.300781 0.347656 0.300781 0.347656 0.312500 0.343750 0.316406 0.320312 0.316406 0.320312 0.320312 0.308594 0.332031 0.304688 0.332031 0.304688 0.343750 0.308594 0.347656 0.324219 0.347656 0.324219 0.335938 0.328125 0.332031 0.328125 0.324219 0.332031 0.320312 0.347656 0.320312 0.351562 0.324219 0.351562 0.371094 0.363281 0.371094 0.363281 0.343750 0.367188 0.339844 0.382812 0.339844 0.386719 0.335938 0.386719 0.332031 0.394531 0.324219 0.410156 0.324219 0.414062 0.328125 0.414062 0.332031 0.417969 0.335938 0.425781 0.335938 0.437500 0.347656 0.437500 0.371094 0.464844 0.371094 0.468750 0.375000 0.468750 0.390625 0.464844 0.394531 0.429688 0.394531 0.429688 0.398438 0.425781 0.402344 0.417969 0.402344 0.414062 0.406250 0.402344 0.406250 0.402344 0.410156 0.394531 0.417969 0.390625 0.417969 0.390625 0.429688 0.386719 0.433594 0.367188 0.433594 0.363281 0.429688 0.363281 0.417969 0.355469 0.417969 0.351562 0.421875 0.347656 0.421875 0.347656 0.449219 0.343750 0.453125 0.335938 0.453125 0.335938 0.460938 0.332031 0.464844 0.316406 0.464844 0.308594 0.457031 0.308594 0.453125 0.300781 0.445312 0.296875 0.445312 0.292969 0.441406 0.292969 0.437500 0.281250 0.437500 0.281250 0.445312 0.285156 0.449219 0.285156 0.453125 0.289062 0.457031 0.289062 0.460938 0.292969 0.464844 0.292969 0.468750 0.296875 0.468750 0.304688 0.476562 0.308594 0.476562 0.316406 0.484375 0.335938 0.484375 0.339844 0.480469 0.355469 0.480469 0.359375 0.484375 0.363281 0.484375 0.375000 0.496094 0.375000 0.523438 0.371094 0.527344 0.359375 0.527344 0.359375 0.539062 0.355469 0.542969 0.347656 0.542969 0.347656 0.546875 0.343750 0.550781 0.339844 0.550781 0.335938 0.554688 0.332031 0.554688 0.332031 0.562500 0.355469 0.562500 0.359375 0.566406 0.367188 0.566406 0.367188 0.562500 0.371094 0.558594 0.375000 0.558594 0.375000 0.539062 0.378906 0.535156 0.410156 0.535156 0.414062 0.539062 0.414062 0.562500 0.410156 0.566406 0.410156 0.582031 0.406250 0.585938 0.406250 0.593750 0.410156 0.597656 0.414062 0.597656 0.417969 0.601562 0.417969 0.617188 0.414062 0.621094 0.402344 0.621094 0.402344 0.625000 0.398438 0.628906 0.398438 0.636719 0.402344 0.636719 0.406250 0.640625 0.417969 0.640625 0.421875 0.644531 0.421875 0.660156 0.417969 0.664062 0.406250 0.664062 0.402344 0.667969 0.402344 0.675781 0.406250 0.675781 0.414062 0.683594 0.414062 0.722656 0.410156 0.726562 0.410156 0.734375 0.425781 0.734375 0.429688 0.738281 0.429688 0.746094 0.445312 0.746094 0.449219 0.750000 0.460938 0.750000 0.464844 0.746094 0.480469 0.746094 0.484375 0.750000 0.484375 0.773438 0.476562 0.781250 0.464844 0.781250 0.464844 0.785156 0.460938 0.789062 0.460938 0.796875 0.457031 0.800781 0.457031 0.808594 0.460938 0.808594 0.464844 0.812500 0.464844 0.816406 0.472656 0.824219 0.472656 0.828125 0.476562 0.832031 0.480469 0.832031 0.484375 0.835938 0.484375 0.839844 0.492188 0.839844 0.496094 0.843750 0.515625 0.843750 0.515625 0.832031 0.519531 0.828125 0.523438 0.828125 0.523438 0.820312 0.527344 0.816406 0.542969 0.816406 0.546875 0.812500 0.546875 0.804688 0.550781 0.800781 0.570312 0.800781 0.578125 0.808594 0.578125 0.824219 0.589844 0.824219 0.589844 0.820312 0.593750 0.816406 0.593750 0.804688 0.589844 0.800781 0.589844 0.769531 0.593750 0.765625 0.605469 0.765625 0.609375 0.761719 0.617188 0.761719 0.617188 0.746094 0.621094 0.742188 0.644531 0.742188 0.648438 0.738281 0.648438 0.734375 0.652344 0.730469 0.675781 0.730469 0.679688 0.734375 0.679688 0.738281 0.683594 0.742188 0.683594 0.746094 0.687500 0.746094 0.691406 0.750000 0.691406 0.769531 0.687500 0.773438 0.675781 0.773438 0.675781 0.781250 0.691406 0.781250 0.695312 0.785156 0.695312 0.792969 0.707031 0.792969 0.710938 0.796875 0.718750 0.796875 0.722656 0.800781 0.722656 0.812500 0.726562 0.816406 0.726562 0.820312 0.730469 0.824219 0.738281 0.824219 0.742188 0.828125 0.742188 0.851562 0.746094 0.855469 0.773438 0.855469 0.777344 0.859375 0.777344 0.875000 0.773438 0.878906 0.773438 0.886719 0.777344 0.890625 0.792969 0.890625 0.792969 0.882812 0.796875 0.878906 0.800781 0.878906 0.804688 0.875000 0.835938 0.875000 0.839844 0.878906 0.839844 0.898438 0.835938 0.902344 0.832031 0.902344 0.828125 0.906250 0.820312 0.906250 0.816406 0.910156 0.812500 0.910156 0.812500 0.914062 0.808594 0.917969 0.804688 0.917969 0.800781 0.921875 0.796875 0.921875 0.796875 0.937500 0.816406 0.937500 0.820312 0.933594 0.824219 0.933594 0.828125 0.929688 0.832031 0.929688 0.835938 0.925781 0.839844 0.925781 0.839844 0.921875 0.843750 0.917969 0.859375 0.917969 0.863281 0.921875 0.875000 0.921875 0.875000 0.914062 0.878906 0.910156 0.878906 0.882812 0.871094 0.875000 0.859375 0.875000 0.855469 0.871094 0.843750 0.871094 0.839844 0.875000 0.824219 0.875000 0.820312 0.871094 0.820312 0.859375 0.816406 0.855469 0.812500 0.855469 0.808594 0.851562 0.808594 0.847656 0.804688 0.847656 0.800781 0.843750 0.800781 0.839844 0.796875 0.839844 0.792969 0.835938 0.792969 0.820312 0.777344 0.820312 0.769531 0.812500 0.765625 0.812500 0.757812 0.804688 0.757812 0.800781 0.742188 0.800781 0.738281 0.796875 0.738281 0.789062 0.734375 0.785156 0.730469 0.785156 0.726562 0.781250 0.726562 0.765625 0.730469 0.761719 0.746094 0.761719 0.746094 0.753906 0.742188 0.753906 0.738281 0.750000 0.738281 0.726562 0.742188 0.722656 0.765625 0.722656 0.765625 0.714844 0.761719 0.710938 0.757812 0.710938 0.753906 0.707031 0.753906 0.703125 0.738281 0.703125 0.734375 0.699219 0.722656 0.699219 0.703125 0.679688 0.703125 0.675781 0.695312 0.675781 0.691406 0.671875 0.691406 0.667969 0.660156 0.667969 0.656250 0.671875 0.640625 0.671875 0.632812 0.664062 0.621094 0.664062 0.621094 0.683594 0.617188 0.687500 0.617188 0.691406 0.613281 0.695312 0.613281 0.710938 0.605469 0.718750 0.589844 0.718750 0.585938 0.714844 0.585938 0.710938 0.566406 0.710938 0.554688 0.699219 0.554688 0.671875 0.558594 0.667969 0.578125 0.667969 0.578125 0.656250 0.554688 0.656250 0.550781 0.652344 0.550781 0.621094 0.554688 0.617188 0.574219 0.617188 0.578125 0.613281 0.585938 0.613281 0.585938 0.593750 0.589844 0.589844 0.589844 0.582031 0.582031 0.582031 0.578125 0.578125 0.578125 0.550781 0.582031 0.546875 0.597656 0.546875 0.601562 0.550781 0.601562 0.570312 0.621094 0.570312 0.625000 0.574219 0.640625 0.574219 0.644531 0.578125 0.644531 0.582031 0.648438 0.582031 0.656250 0.589844 0.671875 0.589844 0.671875 0.578125 0.667969 0.578125 0.664062 0.574219 0.664062 0.562500 0.648438 0.562500 0.640625 0.554688 0.640625 0.531250 0.628906 0.531250 0.628906 0.542969 0.625000 0.546875 0.609375 0.546875 0.605469 0.542969 0.605469 0.519531 0.609375 0.515625 0.625000 0.515625 0.625000 0.507812 0.621094 0.503906 0.617188 0.503906 0.613281 0.500000 0.605469 0.500000 0.605469 0.511719 0.601562 0.515625 0.585938 0.515625 0.582031 0.511719 0.582031 0.503906 0.566406 0.503906 0.566406 0.511719 0.562500 0.515625 0.546875 0.515625 0.542969 0.511719 0.542969 0.484375 0.539062 0.480469 0.539062 0.464844 0.542969 0.460938 0.550781 0.460938 0.554688 0.457031 0.570312 0.457031 0.574219 0.453125 0.578125 0.453125 0.582031 0.449219 0.582031 0.441406 0.578125 0.437500 0.578125 0.433594 0.566406 0.433594 0.562500 0.437500 0.550781 0.437500 0.546875 0.441406 0.542969 0.441406 0.539062 0.445312 0.539062 0.464844 0.535156 0.468750 0.515625 0.468750 0.515625 0.484375 0.511719 0.488281 0.511719 0.503906 0.507812 0.507812 0.488281 0.507812 0.488281 0.531250 0.484375 0.535156 0.468750 0.535156 0.468750 0.542969 0.464844 0.546875 0.464844 0.558594 0.460938 0.562500 0.453125 0.562500 0.449219 0.566406 0.425781 0.566406 0.421875 0.562500 0.421875 0.535156 0.406250 0.535156 0.402344 0.531250 0.402344 0.500000 0.398438 0.496094 0.398438 0.480469 0.402344 0.476562 0.417969 0.476562 0.417969 0.460938 0.421875 0.457031 0.425781 0.457031 0.425781 0.437500 0.429688 0.433594 0.445312 0.433594 0.449219 0.437500 0.449219 0.445312 0.464844 0.445312 0.476562 0.433594 0.484375 0.433594 0.484375 0.425781 0.488281 0.421875 0.492188 0.421875 0.492188 0.390625 0.488281 0.386719 0.488281 0.378906 0.480469 0.378906 0.476562 0.375000 0.476562 0.359375 0.480469 0.355469 0.488281 0.355469 0.492188 0.351562 0.515625 0.351562 0.515625 0.335938 0.519531 0.332031 0.523438 0.332031 0.527344 0.328125 0.539062 0.328125 0.539062 0.296875 0.546875 0.289062 0.562500 0.289062 0.570312 0.296875 0.570312 0.300781 0.582031 0.300781 0.582031 0.289062 0.585938 0.285156 0.605469 0.285156 0.609375 0.289062 0.609375 0.312500 0.628906 0.312500 0.628906 0.296875 0.625000 0.292969 0.621094 0.292969 0.617188 0.289062 0.617188 0.257812 0.613281 0.253906 0.605469 0.253906 0.601562 0.257812 0.601562 0.273438 0.597656 0.277344 0.574219 0.277344 0.570312 0.273438 0.550781 0.273438 0.546875 0.269531 0.535156 0.269531 0.531250 0.265625 0.531250 0.257812 0.527344 0.253906 0.527344 0.218750 0.531250 0.214844 0.531250 0.210938 0.535156 0.207031 0.535156 0.199219 0.531250 0.195312 0.531250 0.187500 0.523438 0.187500 0.523438 0.191406 0.519531 0.195312 0.488281 0.195312 0.484375 0.191406 0.476562 0.191406 0.476562 0.195312 0.472656 0.199219 0.472656 0.210938 0.468750 0.214844 0.464844 0.214844 0.464844 0.222656 0.460938 0.226562 0.449219 0.226562 0.449219 0.230469 0.445312 0.234375 0.441406 0.234375 0.437500 0.238281 0.433594 0.238281 0.433594 0.242188 0.429688 0.246094 0.421875 0.246094 0.421875 0.257812 0.414062 0.265625 0.406250 0.265625 0.406250 0.273438 0.402344 0.277344 0.386719 0.277344 0.378906 0.269531 0.375000 0.269531 0.367188 0.261719 0.367188 0.253906 0.359375 0.253906 0.351562 0.246094 0.351562 0.234375 0.347656 0.234375 0.343750 0.230469 0.343750 0.214844 0.359375 0.199219 0.359375 0.191406 0.339844 0.191406 0.335938 0.187500 0.335938 0.171875 0.343750 0.164062 0.343750 0.136719 0.335938 0.136719 0.332031 0.132812 0.332031 0.093750 0.335938 0.089844 0.359375 0.089844 0.359375 0.082031 0.355469 0.078125 0.343750 0.078125 0.339844 0.082031 0.320312 0.082031 0.316406 0.078125 0.316406 0.074219 0.308594 0.066406 0.308594 0.062500
