2 0.535156 0.906250 0.531250 0.910156 0.531250 0.917969 0.535156 0.921875 0.535156 0.925781 0.550781 0.925781 0.554688 0.929688 0.558594 0.929688 0.562500 0.933594 0.574219 0.933594 0.578125 0.929688 0.585938 0.929688 0.589844 0.925781 0.601562 0.925781 0.605469 0.921875 0.605469 0.917969 0.609375 0.914062 0.609375 0.906250 0.601562 0.906250 0.597656 0.910156 0.585938 0.910156 0.582031 0.914062 0.550781 0.914062 0.546875 0.910156 0.546875 0.906250
2 0.691406 0.773438 0.691406 0.792969 0.699219 0.792969 0.703125 0.789062 0.707031 0.789062 0.710938 0.785156 0.718750 0.785156 0.722656 0.781250 0.726562 0.781250 0.726562 0.773438
2 0.742188 0.757812 0.742188 0.765625 0.753906 0.765625 0.753906 0.757812
2 0.781250 0.734375 0.781250 0.742188 0.792969 0.742188 0.792969 0.734375
2 0.792969 0.656250 0.792969 0.667969 0.800781 0.667969 0.804688 0.664062 0.808594 0.664062 0.808594 0.656250
2 0.722656 0.632812 0.722656 0.652344 0.718750 0.656250 0.714844 0.656250 0.710938 0.660156 0.707031 0.660156 0.707031 0.667969 0.703125 0.671875 0.699219 0.671875 0.699219 0.675781 0.695312 0.679688 0.695312 0.687500 0.703125 0.687500 0.707031 0.691406 0.707031 0.707031 0.703125 0.710938 0.695312 0.710938 0.683594 0.722656 0.683594 0.730469 0.695312 0.730469 0.703125 0.738281 0.714844 0.738281 0.718750 0.734375 0.718750 0.710938 0.722656 0.707031 0.722656 0.703125 0.726562 0.699219 0.726562 0.683594 0.730469 0.679688 0.750000 0.679688 0.750000 0.675781 0.753906 0.671875 0.753906 0.667969 0.757812 0.664062 0.757812 0.656250 0.761719 0.652344 0.761719 0.640625 0.753906 0.640625 0.750000 0.636719 0.742188 0.636719 0.738281 0.632812
2 0.964844 0.593750 0.964844 0.601562 0.972656 0.601562 0.976562 0.605469 0.984375 0.605469 0.984375 0.593750
2 0.281250 0.593750 0.281250 0.605469 0.304688 0.628906 0.308594 0.628906 0.316406 0.636719 0.320312 0.636719 0.324219 0.640625 0.324219 0.644531 0.328125 0.648438 0.328125 0.664062 0.332031 0.667969 0.339844 0.667969 0.347656 0.675781 0.351562 0.675781 0.355469 0.679688 0.359375 0.679688 0.363281 0.683594 0.367188 0.683594 0.371094 0.687500 0.375000 0.687500 0.378906 0.691406 0.382812 0.691406 0.386719 0.695312 0.394531 0.695312 0.398438 0.699219 0.398438 0.703125 0.402344 0.703125 0.406250 0.707031 0.406250 0.722656 0.402344 0.726562 0.390625 0.726562 0.390625 0.750000 0.382812 0.757812 0.382812 0.761719 0.378906 0.765625 0.375000 0.765625 0.363281 0.777344 0.343750 0.777344 0.339844 0.773438 0.324219 0.773438 0.324219 0.789062 0.320312 0.792969 0.308594 0.792969 0.304688 0.796875 0.281250 0.796875 0.277344 0.800781 0.257812 0.800781 0.257812 0.808594 0.277344 0.808594 0.281250 0.804688 0.308594 0.804688 0.312500 0.808594 0.312500 0.816406 0.339844 0.816406 0.343750 0.812500 0.351562 0.812500 0.355469 0.808594 0.359375 0.808594 0.359375 0.796875 0.363281 0.792969 0.382812 0.792969 0.382812 0.777344 0.386719 0.773438 0.386719 0.769531 0.390625 0.765625 0.394531 0.765625 0.398438 0.761719 0.417969 0.761719 0.421875 0.765625 0.421875 0.769531 0.453125 0.769531 0.460938 0.777344 0.460938 0.781250 0.464844 0.785156 0.464844 0.800781 0.460938 0.804688 0.445312 0.804688 0.441406 0.800781 0.425781 0.800781 0.421875 0.804688 0.406250 0.804688 0.402344 0.800781 0.390625 0.800781 0.390625 0.808594 0.402344 0.808594 0.406250 0.812500 0.457031 0.812500 0.464844 0.820312 0.476562 0.820312 0.484375 0.828125 0.496094 0.828125 0.496094 0.816406 0.500000 0.812500 0.500000 0.800781 0.503906 0.796875 0.503906 0.781250 0.507812 0.777344 0.546875 0.777344 0.546875 0.761719 0.542969 0.757812 0.542969 0.753906 0.527344 0.753906 0.523438 0.757812 0.515625 0.757812 0.515625 0.761719 0.511719 0.765625 0.496094 0.765625 0.492188 0.761719 0.492188 0.734375 0.500000 0.726562 0.511719 0.726562 0.511719 0.718750 0.503906 0.718750 0.500000 0.714844 0.496094 0.714844 0.492188 0.710938 0.468750 0.710938 0.464844 0.714844 0.445312 0.714844 0.441406 0.710938 0.437500 0.710938 0.433594 0.707031 0.429688 0.707031 0.421875 0.699219 0.417969 0.699219 0.414062 0.695312 0.398438 0.695312 0.394531 0.691406 0.394531 0.687500 0.390625 0.687500 0.386719 0.683594 0.386719 0.679688 0.382812 0.679688 0.378906 0.675781 0.375000 0.675781 0.371094 0.671875 0.371094 0.652344 0.375000 0.648438 0.398438 0.648438 0.398438 0.640625 0.394531 0.636719 0.386719 0.636719 0.382812 0.632812 0.367188 0.632812 0.359375 0.625000 0.355469 0.625000 0.351562 0.621094 0.332031 0.621094 0.328125 0.617188 0.320312 0.617188 0.312500 0.609375 0.312500 0.605469 0.308594 0.605469 0.304688 0.601562 0.300781 0.601562 0.292969 0.593750
2 0.757812 0.574219 0.757812 0.582031 0.773438 0.582031 0.773438 0.574219
2 0.835938 0.503906 0.828125 0.511719 0.820312 0.511719 0.820312 0.519531 0.824219 0.519531 0.832031 0.527344 0.832031 0.535156 0.835938 0.539062 0.835938 0.546875 0.839844 0.550781 0.839844 0.554688 0.847656 0.554688 0.851562 0.558594 0.851562 0.566406 0.855469 0.566406 0.863281 0.574219 0.863281 0.601562 0.855469 0.609375 0.855469 0.632812 0.843750 0.644531 0.835938 0.644531 0.835938 0.652344 0.843750 0.652344 0.847656 0.648438 0.855469 0.648438 0.859375 0.644531 0.867188 0.644531 0.871094 0.640625 0.875000 0.640625 0.875000 0.632812 0.878906 0.628906 0.902344 0.628906 0.906250 0.625000 0.906250 0.617188 0.902344 0.613281 0.902344 0.593750 0.894531 0.593750 0.890625 0.589844 0.890625 0.562500 0.882812 0.562500 0.878906 0.558594 0.863281 0.558594 0.859375 0.554688 0.859375 0.531250 0.863281 0.527344 0.867188 0.527344 0.871094 0.523438 0.871094 0.515625 0.867188 0.511719 0.867188 0.507812 0.863281 0.503906
2 0.289062 0.429688 0.289062 0.437500 0.292969 0.441406 0.292969 0.445312 0.296875 0.449219 0.296875 0.453125 0.300781 0.457031 0.300781 0.460938 0.304688 0.464844 0.304688 0.468750 0.308594 0.472656 0.308594 0.480469 0.312500 0.484375 0.316406 0.484375 0.320312 0.488281 0.328125 0.488281 0.328125 0.472656 0.324219 0.468750 0.324219 0.464844 0.320312 0.460938 0.320312 0.449219 0.312500 0.441406 0.312500 0.437500 0.308594 0.437500 0.304688 0.433594 0.304688 0.429688
2 0.718750 0.406250 0.710938 0.414062 0.687500 0.414062 0.679688 0.421875 0.675781 0.421875 0.675781 0.429688 0.679688 0.433594 0.679688 0.437500 0.691406 0.437500 0.699219 0.429688 0.714844 0.429688 0.718750 0.425781 0.742188 0.425781 0.746094 0.429688 0.753906 0.429688 0.761719 0.421875 0.761719 0.414062 0.746094 0.414062 0.742188 0.410156 0.742188 0.406250
2 0.828125 0.402344 0.824219 0.406250 0.816406 0.406250 0.816406 0.414062 0.828125 0.414062 0.832031 0.417969 0.832031 0.433594 0.839844 0.433594 0.839844 0.425781 0.843750 0.421875 0.843750 0.414062 0.839844 0.414062 0.835938 0.410156 0.835938 0.402344
2 0.621094 0.398438 0.621094 0.410156 0.628906 0.410156 0.632812 0.406250 0.636719 0.406250 0.636719 0.398438
2 0.757812 0.378906 0.753906 0.382812 0.753906 0.390625 0.765625 0.390625 0.769531 0.386719 0.769531 0.378906
2 0.359375 0.324219 0.359375 0.335938 0.371094 0.335938 0.371094 0.328125 0.367188 0.324219
2 0.691406 0.312500 0.691406 0.324219 0.707031 0.324219 0.710938 0.328125 0.710938 0.332031 0.714844 0.335938 0.734375 0.335938 0.734375 0.332031 0.738281 0.328125 0.738281 0.320312 0.730469 0.320312 0.722656 0.312500
2 0.644531 0.269531 0.640625 0.273438 0.632812 0.273438 0.628906 0.277344 0.625000 0.277344 0.621094 0.281250 0.617188 0.281250 0.613281 0.285156 0.589844 0.285156 0.585938 0.289062 0.585938 0.300781 0.597656 0.300781 0.601562 0.304688 0.601562 0.316406 0.605469 0.316406 0.609375 0.320312 0.609375 0.339844 0.617188 0.339844 0.625000 0.347656 0.636719 0.347656 0.640625 0.351562 0.640625 0.359375 0.648438 0.359375 0.652344 0.363281 0.652344 0.394531 0.660156 0.394531 0.664062 0.390625 0.667969 0.390625 0.671875 0.386719 0.675781 0.386719 0.679688 0.382812 0.683594 0.382812 0.687500 0.378906 0.691406 0.378906 0.691406 0.367188 0.667969 0.367188 0.664062 0.363281 0.664062 0.343750 0.660156 0.343750 0.656250 0.339844 0.656250 0.324219 0.652344 0.320312 0.652344 0.304688 0.656250 0.300781 0.660156 0.300781 0.660156 0.296875 0.664062 0.292969 0.683594 0.292969 0.683594 0.289062 0.687500 0.285156 0.687500 0.277344 0.656250 0.277344 0.652344 0.273438 0.652344 0.269531
2 0.386719 0.265625 0.386719 0.273438 0.394531 0.273438 0.398438 0.277344 0.398438 0.285156 0.402344 0.289062 0.402344 0.292969 0.406250 0.292969 0.410156 0.296875 0.414062 0.296875 0.417969 0.300781 0.417969 0.320312 0.414062 0.324219 0.410156 0.324219 0.410156 0.328125 0.406250 0.332031 0.406250 0.335938 0.402344 0.339844 0.398438 0.339844 0.398438 0.355469 0.402344 0.359375 0.410156 0.359375 0.410156 0.355469 0.421875 0.343750 0.480469 0.343750 0.484375 0.347656 0.484375 0.375000 0.496094 0.375000 0.500000 0.378906 0.500000 0.382812 0.503906 0.386719 0.503906 0.390625 0.507812 0.394531 0.511719 0.394531 0.515625 0.398438 0.515625 0.402344 0.519531 0.406250 0.519531 0.445312 0.515625 0.449219 0.492188 0.449219 0.488281 0.453125 0.468750 0.453125 0.464844 0.449219 0.464844 0.437500 0.460938 0.437500 0.457031 0.433594 0.457031 0.398438 0.460938 0.394531 0.476562 0.394531 0.476562 0.386719 0.464844 0.386719 0.460938 0.382812 0.449219 0.382812 0.449219 0.386719 0.445312 0.390625 0.429688 0.390625 0.425781 0.394531 0.425781 0.410156 0.421875 0.414062 0.421875 0.421875 0.425781 0.425781 0.425781 0.457031 0.437500 0.457031 0.441406 0.460938 0.441406 0.468750 0.445312 0.472656 0.445312 0.488281 0.441406 0.492188 0.437500 0.492188 0.437500 0.500000 0.441406 0.500000 0.445312 0.503906 0.449219 0.503906 0.457031 0.511719 0.457031 0.519531 0.464844 0.519531 0.476562 0.531250 0.527344 0.531250 0.531250 0.535156 0.539062 0.535156 0.542969 0.539062 0.542969 0.558594 0.546875 0.562500 0.550781 0.562500 0.554688 0.566406 0.558594 0.566406 0.562500 0.570312 0.562500 0.593750 0.558594 0.597656 0.539062 0.597656 0.539062 0.601562 0.535156 0.605469 0.535156 0.613281 0.539062 0.617188 0.546875 0.617188 0.554688 0.625000 0.562500 0.625000 0.570312 0.632812 0.570312 0.648438 0.574219 0.652344 0.574219 0.667969 0.570312 0.671875 0.554688 0.671875 0.546875 0.664062 0.542969 0.664062 0.539062 0.660156 0.531250 0.660156 0.527344 0.664062 0.500000 0.664062 0.496094 0.660156 0.492188 0.660156 0.488281 0.656250 0.488281 0.652344 0.484375 0.652344 0.480469 0.648438 0.480469 0.621094 0.468750 0.621094 0.468750 0.625000 0.464844 0.628906 0.457031 0.628906 0.457031 0.640625 0.460938 0.644531 0.472656 0.644531 0.476562 0.648438 0.476562 0.671875 0.488281 0.683594 0.496094 0.683594 0.503906 0.675781 0.535156 0.675781 0.539062 0.679688 0.546875 0.679688 0.550781 0.683594 0.554688 0.683594 0.558594 0.687500 0.574219 0.687500 0.578125 0.691406 0.578125 0.699219 0.582031 0.699219 0.585938 0.703125 0.585938 0.707031 0.593750 0.707031 0.593750 0.687500 0.597656 0.683594 0.597656 0.679688 0.601562 0.675781 0.605469 0.675781 0.613281 0.667969 0.640625 0.667969 0.644531 0.664062 0.648438 0.664062 0.648438 0.656250 0.652344 0.652344 0.660156 0.652344 0.660156 0.644531 0.664062 0.640625 0.664062 0.609375 0.648438 0.609375 0.644531 0.605469 0.644531 0.582031 0.648438 0.578125 0.652344 0.578125 0.656250 0.574219 0.671875 0.574219 0.675781 0.578125 0.675781 0.585938 0.683594 0.585938 0.687500 0.589844 0.695312 0.589844 0.695312 0.585938 0.703125 0.578125 0.710938 0.578125 0.710938 0.554688 0.714844 0.550781 0.714844 0.546875 0.718750 0.542969 0.734375 0.542969 0.738281 0.546875 0.746094 0.546875 0.750000 0.550781 0.765625 0.550781 0.769531 0.546875 0.769531 0.535156 0.753906 0.535156 0.750000 0.539062 0.734375 0.539062 0.730469 0.535156 0.730469 0.523438 0.714844 0.523438 0.714844 0.527344 0.710938 0.531250 0.707031 0.531250 0.707031 0.539062 0.703125 0.542969 0.683594 0.542969 0.679688 0.539062 0.679688 0.523438 0.664062 0.523438 0.660156 0.519531 0.660156 0.503906 0.652344 0.503906 0.648438 0.500000 0.648438 0.484375 0.640625 0.484375 0.636719 0.488281 0.628906 0.488281 0.625000 0.492188 0.617188 0.492188 0.617188 0.500000 0.625000 0.507812 0.625000 0.523438 0.621094 0.527344 0.621094 0.554688 0.617188 0.558594 0.593750 0.558594 0.589844 0.554688 0.589844 0.542969 0.585938 0.539062 0.585938 0.535156 0.574219 0.535156 0.574219 0.542969 0.570312 0.546875 0.546875 0.546875 0.542969 0.542969 0.542969 0.515625 0.539062 0.511719 0.539062 0.507812 0.511719 0.507812 0.507812 0.503906 0.500000 0.503906 0.496094 0.500000 0.496094 0.476562 0.500000 0.472656 0.527344 0.472656 0.531250 0.476562 0.531250 0.484375 0.542969 0.484375 0.546875 0.480469 0.570312 0.480469 0.570312 0.464844 0.574219 0.460938 0.582031 0.460938 0.582031 0.437500 0.574219 0.437500 0.570312 0.433594 0.570312 0.406250 0.574219 0.402344 0.585938 0.402344 0.585938 0.386719 0.589844 0.382812 0.617188 0.382812 0.617188 0.367188 0.609375 0.367188 0.605469 0.371094 0.601562 0.371094 0.601562 0.378906 0.597656 0.382812 0.582031 0.382812 0.578125 0.378906 0.570312 0.378906 0.566406 0.375000 0.566406 0.355469 0.562500 0.355469 0.554688 0.347656 0.550781 0.347656 0.546875 0.343750 0.546875 0.339844 0.539062 0.339844 0.535156 0.335938 0.527344 0.335938 0.523438 0.332031 0.523438 0.328125 0.519531 0.328125 0.515625 0.324219 0.507812 0.324219 0.503906 0.320312 0.503906 0.308594 0.492188 0.308594 0.488281 0.304688 0.488281 0.300781 0.484375 0.300781 0.476562 0.292969 0.472656 0.292969 0.464844 0.285156 0.453125 0.285156 0.449219 0.281250 0.449219 0.277344 0.441406 0.277344 0.437500 0.273438 0.437500 0.269531 0.433594 0.269531 0.429688 0.265625
2 0.648438 0.167969 0.648438 0.195312 0.656250 0.195312 0.660156 0.199219 0.660156 0.214844 0.671875 0.214844 0.675781 0.218750 0.675781 0.222656 0.683594 0.222656 0.687500 0.226562 0.695312 0.226562 0.703125 0.234375 0.714844 0.234375 0.714844 0.222656 0.722656 0.214844 0.730469 0.214844 0.734375 0.210938 0.738281 0.210938 0.738281 0.199219 0.718750 0.199219 0.714844 0.195312 0.710938 0.195312 0.707031 0.191406 0.707031 0.171875 0.695312 0.171875 0.691406 0.167969
2 0.531250 0.062500 0.531250 0.066406 0.527344 0.070312 0.492188 0.070312 0.484375 0.078125 0.484375 0.082031 0.480469 0.085938 0.464844 0.085938 0.460938 0.082031 0.460938 0.074219 0.445312 0.074219 0.441406 0.078125 0.433594 0.078125 0.429688 0.082031 0.425781 0.082031 0.421875 0.085938 0.417969 0.085938 0.410156 0.093750 0.410156 0.101562 0.406250 0.105469 0.398438 0.105469 0.398438 0.113281 0.394531 0.117188 0.390625 0.117188 0.390625 0.128906 0.394531 0.128906 0.398438 0.132812 0.406250 0.132812 0.406250 0.128906 0.414062 0.121094 0.421875 0.121094 0.421875 0.117188 0.425781 0.113281 0.425781 0.097656 0.429688 0.093750 0.449219 0.093750 0.460938 0.105469 0.484375 0.105469 0.488281 0.109375 0.488281 0.117188 0.492188 0.117188 0.496094 0.121094 0.503906 0.121094 0.507812 0.117188 0.535156 0.117188 0.539062 0.121094 0.539062 0.140625 0.535156 0.144531 0.535156 0.156250 0.539062 0.160156 0.558594 0.160156 0.562500 0.164062 0.570312 0.164062 0.570312 0.156250 0.566406 0.152344 0.566406 0.136719 0.570312 0.132812 0.574219 0.132812 0.574219 0.121094 0.578125 0.117188 0.593750 0.117188 0.597656 0.121094 0.597656 0.136719 0.593750 0.140625 0.589844 0.140625 0.589844 0.148438 0.593750 0.152344 0.601562 0.152344 0.605469 0.148438 0.625000 0.148438 0.625000 0.136719 0.621094 0.132812 0.621094 0.113281 0.617188 0.113281 0.613281 0.109375 0.609375 0.109375 0.605469 0.105469 0.593750 0.105469 0.589844 0.101562 0.570312 0.101562 0.566406 0.097656 0.566406 0.062500
