2 0.546875 0.980469 0.546875 0.996094 0.558594 0.996094 0.558594 0.992188 0.554688 0.988281 0.554688 0.980469
2 0.453125 0.808594 0.453125 0.816406 0.457031 0.816406 0.460938 0.820312 0.460938 0.835938 0.457031 0.839844 0.421875 0.839844 0.417969 0.835938 0.402344 0.835938 0.398438 0.832031 0.398438 0.828125 0.390625 0.820312 0.382812 0.820312 0.382812 0.828125 0.386719 0.832031 0.386719 0.851562 0.382812 0.855469 0.378906 0.855469 0.375000 0.859375 0.367188 0.859375 0.367188 0.863281 0.363281 0.867188 0.363281 0.875000 0.378906 0.875000 0.382812 0.878906 0.382812 0.898438 0.394531 0.898438 0.398438 0.902344 0.398438 0.906250 0.402344 0.906250 0.421875 0.925781 0.425781 0.925781 0.429688 0.929688 0.437500 0.929688 0.441406 0.933594 0.441406 0.957031 0.445312 0.960938 0.457031 0.960938 0.460938 0.964844 0.468750 0.964844 0.472656 0.968750 0.511719 0.968750 0.515625 0.972656 0.523438 0.972656 0.523438 0.964844 0.515625 0.964844 0.511719 0.960938 0.488281 0.960938 0.484375 0.957031 0.484375 0.933594 0.476562 0.933594 0.468750 0.925781 0.457031 0.925781 0.453125 0.921875 0.453125 0.902344 0.449219 0.898438 0.449219 0.890625 0.445312 0.886719 0.445312 0.882812 0.425781 0.882812 0.417969 0.875000 0.417969 0.859375 0.421875 0.855469 0.441406 0.855469 0.445312 0.851562 0.445312 0.847656 0.449219 0.843750 0.468750 0.843750 0.472656 0.847656 0.480469 0.847656 0.480469 0.843750 0.484375 0.839844 0.484375 0.832031 0.480469 0.832031 0.476562 0.828125 0.476562 0.808594
2 0.246094 0.757812 0.242188 0.761719 0.238281 0.761719 0.238281 0.773438 0.242188 0.773438 0.250000 0.781250 0.250000 0.792969 0.253906 0.796875 0.269531 0.796875 0.269531 0.792969 0.273438 0.789062 0.273438 0.781250 0.261719 0.769531 0.261719 0.765625 0.257812 0.765625 0.253906 0.761719 0.253906 0.757812
2 0.277344 0.683594 0.277344 0.695312 0.273438 0.699219 0.250000 0.699219 0.246094 0.703125 0.246094 0.714844 0.253906 0.714844 0.253906 0.710938 0.257812 0.707031 0.277344 0.707031 0.281250 0.710938 0.281250 0.726562 0.285156 0.730469 0.296875 0.730469 0.296875 0.718750 0.292969 0.714844 0.292969 0.683594
2 0.234375 0.625000 0.234375 0.628906 0.230469 0.632812 0.218750 0.632812 0.214844 0.636719 0.195312 0.636719 0.191406 0.640625 0.167969 0.640625 0.167969 0.648438 0.171875 0.648438 0.175781 0.652344 0.191406 0.652344 0.195312 0.656250 0.195312 0.671875 0.203125 0.671875 0.203125 0.656250 0.207031 0.652344 0.250000 0.652344 0.250000 0.632812 0.246094 0.632812 0.242188 0.628906 0.242188 0.625000
2 0.902344 0.613281 0.902344 0.625000 0.910156 0.625000 0.910156 0.613281
2 0.851562 0.566406 0.851562 0.597656 0.855469 0.601562 0.855469 0.605469 0.867188 0.605469 0.871094 0.601562 0.894531 0.601562 0.894531 0.570312 0.863281 0.570312 0.859375 0.566406
2 0.105469 0.457031 0.105469 0.464844 0.113281 0.464844 0.113281 0.457031
2 0.152344 0.386719 0.152344 0.398438 0.156250 0.398438 0.160156 0.402344 0.167969 0.402344 0.167969 0.386719
2 0.617188 0.378906 0.617188 0.386719 0.621094 0.390625 0.621094 0.394531 0.625000 0.398438 0.625000 0.421875 0.632812 0.421875 0.636719 0.417969 0.652344 0.417969 0.652344 0.398438 0.656250 0.394531 0.656250 0.382812 0.628906 0.382812 0.625000 0.378906
2 0.066406 0.378906 0.066406 0.421875 0.082031 0.421875 0.085938 0.425781 0.089844 0.425781 0.097656 0.433594 0.121094 0.433594 0.121094 0.425781 0.109375 0.425781 0.097656 0.414062 0.082031 0.414062 0.074219 0.406250 0.074219 0.378906
2 0.515625 0.175781 0.507812 0.183594 0.507812 0.191406 0.511719 0.191406 0.515625 0.195312 0.527344 0.195312 0.527344 0.179688 0.523438 0.175781
2 0.363281 0.109375 0.363281 0.128906 0.375000 0.128906 0.378906 0.132812 0.378906 0.152344 0.386719 0.152344 0.390625 0.156250 0.398438 0.156250 0.398438 0.136719 0.394531 0.132812 0.394531 0.113281 0.382812 0.113281 0.378906 0.109375
2 0.253906 0.105469 0.250000 0.109375 0.250000 0.125000 0.246094 0.128906 0.238281 0.128906 0.238281 0.140625 0.234375 0.144531 0.230469 0.144531 0.230469 0.148438 0.226562 0.152344 0.226562 0.164062 0.222656 0.167969 0.222656 0.183594 0.226562 0.187500 0.226562 0.191406 0.238281 0.191406 0.246094 0.183594 0.261719 0.183594 0.265625 0.187500 0.269531 0.187500 0.273438 0.191406 0.273438 0.207031 0.269531 0.210938 0.269531 0.222656 0.265625 0.226562 0.265625 0.238281 0.261719 0.242188 0.246094 0.242188 0.246094 0.261719 0.261719 0.277344 0.261719 0.316406 0.257812 0.320312 0.257812 0.335938 0.261719 0.335938 0.265625 0.339844 0.265625 0.343750 0.269531 0.347656 0.273438 0.347656 0.277344 0.351562 0.277344 0.371094 0.273438 0.375000 0.273438 0.382812 0.285156 0.382812 0.289062 0.386719 0.289062 0.410156 0.285156 0.414062 0.269531 0.414062 0.265625 0.410156 0.265625 0.402344 0.242188 0.402344 0.238281 0.398438 0.238281 0.382812 0.234375 0.382812 0.230469 0.378906 0.230469 0.359375 0.222656 0.359375 0.222656 0.371094 0.218750 0.375000 0.203125 0.375000 0.203125 0.398438 0.222656 0.398438 0.226562 0.402344 0.226562 0.421875 0.222656 0.425781 0.218750 0.425781 0.214844 0.429688 0.210938 0.429688 0.210938 0.449219 0.207031 0.453125 0.179688 0.453125 0.175781 0.449219 0.167969 0.449219 0.164062 0.453125 0.156250 0.453125 0.156250 0.476562 0.152344 0.480469 0.144531 0.480469 0.144531 0.488281 0.148438 0.488281 0.160156 0.500000 0.160156 0.527344 0.179688 0.527344 0.179688 0.523438 0.183594 0.519531 0.203125 0.519531 0.207031 0.523438 0.218750 0.523438 0.230469 0.535156 0.234375 0.535156 0.242188 0.542969 0.242188 0.546875 0.246094 0.550781 0.257812 0.550781 0.257812 0.546875 0.261719 0.542969 0.273438 0.542969 0.273438 0.507812 0.277344 0.503906 0.281250 0.503906 0.281250 0.500000 0.285156 0.496094 0.285156 0.492188 0.289062 0.488281 0.289062 0.453125 0.292969 0.449219 0.312500 0.449219 0.316406 0.445312 0.316406 0.437500 0.304688 0.437500 0.300781 0.433594 0.300781 0.417969 0.304688 0.414062 0.304688 0.394531 0.292969 0.394531 0.289062 0.390625 0.289062 0.371094 0.285156 0.367188 0.285156 0.351562 0.289062 0.347656 0.289062 0.343750 0.292969 0.339844 0.292969 0.335938 0.296875 0.332031 0.308594 0.332031 0.312500 0.328125 0.332031 0.328125 0.332031 0.320312 0.335938 0.316406 0.343750 0.316406 0.343750 0.304688 0.351562 0.296875 0.355469 0.296875 0.355469 0.289062 0.359375 0.285156 0.359375 0.273438 0.375000 0.257812 0.394531 0.257812 0.398438 0.261719 0.398438 0.265625 0.402344 0.269531 0.402344 0.296875 0.398438 0.300781 0.394531 0.300781 0.390625 0.304688 0.386719 0.304688 0.382812 0.308594 0.371094 0.308594 0.371094 0.316406 0.367188 0.320312 0.367188 0.328125 0.363281 0.332031 0.355469 0.332031 0.355469 0.335938 0.351562 0.339844 0.335938 0.339844 0.335938 0.355469 0.351562 0.355469 0.355469 0.359375 0.355469 0.382812 0.363281 0.382812 0.367188 0.386719 0.367188 0.398438 0.375000 0.398438 0.378906 0.402344 0.390625 0.402344 0.390625 0.398438 0.394531 0.394531 0.425781 0.394531 0.433594 0.402344 0.433594 0.410156 0.445312 0.410156 0.449219 0.414062 0.449219 0.437500 0.445312 0.441406 0.445312 0.472656 0.441406 0.476562 0.425781 0.476562 0.421875 0.480469 0.421875 0.492188 0.417969 0.496094 0.406250 0.496094 0.402344 0.500000 0.402344 0.507812 0.398438 0.511719 0.371094 0.511719 0.367188 0.507812 0.355469 0.507812 0.355469 0.523438 0.367188 0.523438 0.371094 0.527344 0.371094 0.531250 0.375000 0.535156 0.375000 0.550781 0.371094 0.554688 0.371094 0.558594 0.367188 0.562500 0.363281 0.562500 0.363281 0.593750 0.355469 0.601562 0.351562 0.601562 0.351562 0.617188 0.359375 0.617188 0.363281 0.621094 0.363281 0.648438 0.359375 0.652344 0.359375 0.660156 0.355469 0.664062 0.355469 0.679688 0.351562 0.683594 0.339844 0.683594 0.339844 0.691406 0.335938 0.695312 0.316406 0.695312 0.316406 0.714844 0.320312 0.718750 0.320312 0.722656 0.324219 0.726562 0.324219 0.730469 0.332031 0.730469 0.335938 0.726562 0.335938 0.710938 0.339844 0.707031 0.355469 0.707031 0.359375 0.710938 0.359375 0.730469 0.367188 0.730469 0.378906 0.742188 0.378906 0.773438 0.375000 0.777344 0.359375 0.777344 0.355469 0.773438 0.355469 0.769531 0.343750 0.769531 0.339844 0.773438 0.332031 0.773438 0.332031 0.781250 0.351562 0.781250 0.355469 0.785156 0.363281 0.785156 0.367188 0.781250 0.394531 0.781250 0.398438 0.785156 0.398438 0.789062 0.414062 0.789062 0.414062 0.781250 0.410156 0.777344 0.410156 0.765625 0.394531 0.765625 0.390625 0.761719 0.390625 0.746094 0.394531 0.742188 0.398438 0.742188 0.402344 0.738281 0.406250 0.738281 0.406250 0.730469 0.410156 0.726562 0.417969 0.726562 0.417969 0.714844 0.398438 0.714844 0.394531 0.710938 0.390625 0.710938 0.386719 0.707031 0.386719 0.691406 0.390625 0.687500 0.398438 0.687500 0.406250 0.679688 0.421875 0.679688 0.425781 0.683594 0.425781 0.687500 0.429688 0.687500 0.433594 0.691406 0.433594 0.699219 0.441406 0.699219 0.445312 0.703125 0.445312 0.718750 0.449219 0.722656 0.449219 0.726562 0.476562 0.726562 0.480469 0.730469 0.500000 0.730469 0.503906 0.734375 0.507812 0.734375 0.511719 0.738281 0.511719 0.742188 0.515625 0.742188 0.519531 0.746094 0.519531 0.761719 0.515625 0.765625 0.511719 0.765625 0.511719 0.777344 0.507812 0.781250 0.496094 0.781250 0.496094 0.792969 0.511719 0.792969 0.515625 0.796875 0.515625 0.804688 0.531250 0.804688 0.535156 0.808594 0.535156 0.832031 0.542969 0.832031 0.546875 0.828125 0.562500 0.828125 0.566406 0.832031 0.566406 0.839844 0.574219 0.839844 0.578125 0.843750 0.578125 0.871094 0.570312 0.878906 0.566406 0.878906 0.562500 0.882812 0.558594 0.882812 0.558594 0.890625 0.562500 0.890625 0.566406 0.894531 0.566406 0.906250 0.570312 0.906250 0.574219 0.910156 0.574219 0.914062 0.578125 0.917969 0.578125 0.941406 0.574219 0.945312 0.570312 0.945312 0.566406 0.949219 0.566406 0.957031 0.589844 0.957031 0.589844 0.941406 0.593750 0.937500 0.625000 0.937500 0.628906 0.941406 0.628906 0.957031 0.632812 0.960938 0.632812 0.972656 0.679688 0.972656 0.683594 0.976562 0.703125 0.976562 0.707031 0.980469 0.707031 0.984375 0.714844 0.984375 0.714844 0.980469 0.722656 0.972656 0.742188 0.972656 0.746094 0.976562 0.746094 0.996094 0.753906 0.996094 0.753906 0.984375 0.757812 0.980469 0.773438 0.980469 0.773438 0.976562 0.785156 0.964844 0.804688 0.964844 0.808594 0.968750 0.816406 0.968750 0.820312 0.964844 0.832031 0.964844 0.839844 0.957031 0.843750 0.957031 0.847656 0.953125 0.867188 0.953125 0.871094 0.949219 0.875000 0.949219 0.875000 0.945312 0.878906 0.941406 0.878906 0.937500 0.882812 0.933594 0.882812 0.925781 0.878906 0.921875 0.878906 0.902344 0.882812 0.898438 0.882812 0.882812 0.886719 0.878906 0.886719 0.875000 0.894531 0.867188 0.894531 0.863281 0.906250 0.851562 0.906250 0.835938 0.902344 0.832031 0.902344 0.824219 0.894531 0.824219 0.890625 0.820312 0.890625 0.804688 0.886719 0.804688 0.878906 0.796875 0.878906 0.777344 0.882812 0.773438 0.882812 0.757812 0.886719 0.753906 0.890625 0.753906 0.894531 0.750000 0.894531 0.746094 0.898438 0.742188 0.910156 0.742188 0.917969 0.734375 0.921875 0.734375 0.925781 0.730469 0.929688 0.730469 0.929688 0.722656 0.925781 0.718750 0.925781 0.664062 0.921875 0.660156 0.910156 0.660156 0.910156 0.667969 0.906250 0.671875 0.886719 0.671875 0.878906 0.664062 0.875000 0.664062 0.871094 0.660156 0.871094 0.644531 0.863281 0.636719 0.839844 0.636719 0.835938 0.632812 0.835938 0.625000 0.816406 0.625000 0.812500 0.621094 0.812500 0.601562 0.808594 0.597656 0.808594 0.582031 0.804688 0.578125 0.804688 0.562500 0.808594 0.558594 0.808594 0.550781 0.804688 0.546875 0.792969 0.546875 0.792969 0.554688 0.789062 0.558594 0.769531 0.558594 0.769531 0.566406 0.773438 0.566406 0.777344 0.570312 0.777344 0.585938 0.773438 0.589844 0.773438 0.597656 0.777344 0.601562 0.777344 0.617188 0.773438 0.621094 0.757812 0.621094 0.753906 0.617188 0.753906 0.613281 0.746094 0.613281 0.746094 0.621094 0.750000 0.625000 0.750000 0.632812 0.757812 0.640625 0.761719 0.640625 0.765625 0.644531 0.765625 0.648438 0.769531 0.652344 0.769531 0.671875 0.765625 0.675781 0.750000 0.675781 0.746094 0.671875 0.730469 0.671875 0.718750 0.660156 0.718750 0.656250 0.714844 0.652344 0.675781 0.652344 0.675781 0.664062 0.671875 0.667969 0.671875 0.671875 0.667969 0.675781 0.667969 0.683594 0.671875 0.687500 0.671875 0.703125 0.667969 0.707031 0.632812 0.707031 0.632812 0.714844 0.652344 0.714844 0.656250 0.718750 0.656250 0.742188 0.652344 0.746094 0.652344 0.750000 0.644531 0.757812 0.625000 0.757812 0.621094 0.753906 0.621094 0.750000 0.617188 0.750000 0.613281 0.746094 0.613281 0.742188 0.593750 0.742188 0.593750 0.746094 0.589844 0.750000 0.570312 0.750000 0.566406 0.746094 0.566406 0.730469 0.562500 0.726562 0.562500 0.703125 0.566406 0.699219 0.585938 0.699219 0.589844 0.703125 0.589844 0.710938 0.605469 0.710938 0.605469 0.699219 0.593750 0.699219 0.589844 0.695312 0.589844 0.691406 0.582031 0.683594 0.582031 0.679688 0.574219 0.671875 0.574219 0.667969 0.562500 0.667969 0.558594 0.664062 0.558594 0.656250 0.554688 0.652344 0.554688 0.628906 0.550781 0.625000 0.546875 0.625000 0.542969 0.621094 0.539062 0.621094 0.535156 0.617188 0.535156 0.593750 0.539062 0.589844 0.562500 0.589844 0.566406 0.593750 0.597656 0.593750 0.601562 0.597656 0.609375 0.597656 0.609375 0.589844 0.617188 0.582031 0.621094 0.582031 0.621094 0.578125 0.625000 0.574219 0.652344 0.574219 0.660156 0.582031 0.679688 0.582031 0.687500 0.589844 0.687500 0.601562 0.699219 0.601562 0.699219 0.597656 0.703125 0.593750 0.703125 0.566406 0.695312 0.558594 0.695312 0.554688 0.683594 0.542969 0.683594 0.539062 0.679688 0.535156 0.679688 0.515625 0.683594 0.511719 0.683594 0.503906 0.687500 0.500000 0.691406 0.500000 0.691406 0.496094 0.695312 0.492188 0.699219 0.492188 0.699219 0.480469 0.691406 0.480469 0.683594 0.472656 0.683594 0.445312 0.687500 0.441406 0.695312 0.441406 0.695312 0.425781 0.683594 0.425781 0.679688 0.429688 0.660156 0.429688 0.660156 0.437500 0.664062 0.437500 0.667969 0.441406 0.667969 0.445312 0.671875 0.445312 0.675781 0.449219 0.675781 0.480469 0.671875 0.484375 0.667969 0.484375 0.667969 0.488281 0.660156 0.496094 0.644531 0.496094 0.640625 0.492188 0.640625 0.488281 0.636719 0.488281 0.632812 0.484375 0.605469 0.484375 0.601562 0.480469 0.601562 0.460938 0.585938 0.460938 0.585938 0.464844 0.582031 0.468750 0.562500 0.468750 0.558594 0.464844 0.558594 0.437500 0.562500 0.433594 0.566406 0.433594 0.570312 0.429688 0.570312 0.414062 0.566406 0.410156 0.566406 0.386719 0.558594 0.386719 0.558594 0.390625 0.554688 0.394531 0.539062 0.394531 0.535156 0.390625 0.535156 0.367188 0.539062 0.363281 0.539062 0.355469 0.531250 0.347656 0.515625 0.347656 0.511719 0.343750 0.511719 0.339844 0.507812 0.335938 0.507812 0.332031 0.500000 0.324219 0.500000 0.312500 0.496094 0.308594 0.496094 0.281250 0.500000 0.277344 0.503906 0.277344 0.503906 0.269531 0.507812 0.265625 0.535156 0.265625 0.539062 0.269531 0.539062 0.277344 0.542969 0.281250 0.542969 0.296875 0.546875 0.300781 0.546875 0.304688 0.554688 0.304688 0.558594 0.308594 0.558594 0.328125 0.574219 0.343750 0.574219 0.347656 0.578125 0.351562 0.578125 0.359375 0.582031 0.363281 0.582031 0.367188 0.613281 0.367188 0.613281 0.359375 0.605469 0.359375 0.597656 0.351562 0.597656 0.335938 0.601562 0.332031 0.621094 0.332031 0.625000 0.335938 0.625000 0.351562 0.636719 0.351562 0.640625 0.347656 0.640625 0.335938 0.636719 0.332031 0.632812 0.332031 0.628906 0.328125 0.628906 0.324219 0.625000 0.320312 0.625000 0.316406 0.617188 0.308594 0.609375 0.308594 0.609375 0.312500 0.605469 0.316406 0.589844 0.316406 0.585938 0.312500 0.585938 0.308594 0.578125 0.308594 0.574219 0.304688 0.574219 0.300781 0.570312 0.300781 0.566406 0.296875 0.566406 0.289062 0.558594 0.281250 0.558594 0.257812 0.554688 0.253906 0.542969 0.253906 0.539062 0.250000 0.531250 0.250000 0.531250 0.253906 0.527344 0.257812 0.496094 0.257812 0.496094 0.269531 0.492188 0.273438 0.476562 0.273438 0.472656 0.269531 0.472656 0.234375 0.476562 0.230469 0.484375 0.230469 0.484375 0.222656 0.480469 0.218750 0.480469 0.214844 0.476562 0.210938 0.476562 0.207031 0.472656 0.203125 0.472656 0.191406 0.468750 0.191406 0.464844 0.187500 0.457031 0.187500 0.457031 0.195312 0.453125 0.199219 0.421875 0.199219 0.421875 0.210938 0.425781 0.214844 0.425781 0.230469 0.421875 0.234375 0.398438 0.234375 0.386719 0.222656 0.386719 0.214844 0.378906 0.207031 0.378906 0.203125 0.367188 0.203125 0.363281 0.199219 0.363281 0.191406 0.355469 0.183594 0.351562 0.183594 0.347656 0.179688 0.324219 0.179688 0.320312 0.175781 0.320312 0.160156 0.304688 0.160156 0.304688 0.164062 0.300781 0.167969 0.285156 0.167969 0.281250 0.164062 0.281250 0.144531 0.277344 0.140625 0.277344 0.132812 0.269531 0.132812 0.265625 0.128906 0.265625 0.113281 0.261719 0.109375 0.261719 0.105469
2 0.171875 0.050781 0.171875 0.062500 0.175781 0.066406 0.175781 0.121094 0.164062 0.132812 0.164062 0.140625 0.160156 0.144531 0.160156 0.152344 0.164062 0.156250 0.164062 0.171875 0.156250 0.179688 0.148438 0.179688 0.148438 0.199219 0.144531 0.203125 0.144531 0.230469 0.167969 0.230469 0.175781 0.238281 0.175781 0.261719 0.179688 0.265625 0.183594 0.265625 0.187500 0.269531 0.187500 0.273438 0.191406 0.273438 0.195312 0.277344 0.195312 0.292969 0.191406 0.296875 0.175781 0.296875 0.171875 0.292969 0.164062 0.292969 0.160156 0.289062 0.140625 0.289062 0.136719 0.285156 0.128906 0.285156 0.128906 0.316406 0.132812 0.316406 0.136719 0.320312 0.136719 0.324219 0.171875 0.324219 0.175781 0.328125 0.175781 0.335938 0.179688 0.339844 0.179688 0.347656 0.183594 0.351562 0.191406 0.351562 0.195312 0.347656 0.195312 0.328125 0.191406 0.328125 0.187500 0.324219 0.160156 0.324219 0.156250 0.320312 0.156250 0.304688 0.160156 0.300781 0.187500 0.300781 0.191406 0.304688 0.199219 0.304688 0.199219 0.281250 0.203125 0.277344 0.203125 0.265625 0.199219 0.261719 0.195312 0.261719 0.191406 0.257812 0.191406 0.230469 0.195312 0.226562 0.199219 0.226562 0.199219 0.207031 0.195312 0.203125 0.195312 0.183594 0.191406 0.183594 0.187500 0.179688 0.187500 0.152344 0.183594 0.148438 0.183594 0.132812 0.187500 0.128906 0.187500 0.105469 0.191406 0.101562 0.203125 0.101562 0.210938 0.093750 0.230469 0.093750 0.230469 0.078125 0.210938 0.078125 0.207031 0.074219 0.207031 0.062500 0.203125 0.058594 0.203125 0.054688 0.187500 0.054688 0.183594 0.050781
