2 0.332031 0.906250 0.332031 0.914062 0.339844 0.914062 0.339844 0.906250
2 0.261719 0.820312 0.261719 0.828125 0.257812 0.832031 0.253906 0.832031 0.253906 0.835938 0.250000 0.839844 0.238281 0.839844 0.238281 0.851562 0.246094 0.859375 0.246094 0.871094 0.257812 0.871094 0.261719 0.867188 0.281250 0.867188 0.285156 0.871094 0.289062 0.871094 0.296875 0.878906 0.296875 0.882812 0.300781 0.886719 0.300781 0.890625 0.308594 0.890625 0.308594 0.878906 0.312500 0.875000 0.312500 0.863281 0.300781 0.851562 0.300781 0.839844 0.292969 0.832031 0.292969 0.824219 0.285156 0.824219 0.281250 0.820312
2 0.148438 0.816406 0.148438 0.824219 0.152344 0.824219 0.156250 0.828125 0.156250 0.843750 0.152344 0.847656 0.132812 0.847656 0.132812 0.855469 0.136719 0.855469 0.140625 0.859375 0.140625 0.867188 0.148438 0.875000 0.148438 0.882812 0.152344 0.886719 0.152344 0.902344 0.148438 0.906250 0.144531 0.906250 0.144531 0.910156 0.140625 0.914062 0.140625 0.929688 0.136719 0.933594 0.128906 0.933594 0.128906 0.945312 0.164062 0.945312 0.167969 0.949219 0.175781 0.949219 0.175781 0.945312 0.183594 0.937500 0.183594 0.917969 0.187500 0.914062 0.191406 0.914062 0.191406 0.898438 0.195312 0.894531 0.195312 0.890625 0.199219 0.886719 0.210938 0.886719 0.214844 0.882812 0.214844 0.863281 0.207031 0.863281 0.203125 0.859375 0.203125 0.847656 0.195312 0.847656 0.195312 0.875000 0.191406 0.878906 0.171875 0.878906 0.167969 0.875000 0.167969 0.859375 0.164062 0.855469 0.164062 0.835938 0.160156 0.835938 0.156250 0.832031 0.156250 0.816406
2 0.644531 0.812500 0.644531 0.820312 0.652344 0.820312 0.652344 0.812500
2 0.562500 0.765625 0.558594 0.769531 0.558594 0.773438 0.554688 0.777344 0.554688 0.789062 0.550781 0.792969 0.550781 0.796875 0.546875 0.800781 0.542969 0.800781 0.542969 0.808594 0.546875 0.812500 0.578125 0.812500 0.578125 0.804688 0.570312 0.796875 0.570312 0.781250 0.574219 0.777344 0.574219 0.769531 0.570312 0.765625
2 0.617188 0.753906 0.617188 0.777344 0.613281 0.781250 0.609375 0.781250 0.609375 0.796875 0.617188 0.796875 0.621094 0.800781 0.636719 0.800781 0.636719 0.792969 0.640625 0.789062 0.644531 0.789062 0.644531 0.785156 0.648438 0.781250 0.648438 0.765625 0.632812 0.765625 0.628906 0.761719 0.628906 0.753906
2 0.359375 0.742188 0.359375 0.746094 0.355469 0.750000 0.355469 0.757812 0.351562 0.761719 0.343750 0.761719 0.343750 0.765625 0.339844 0.769531 0.339844 0.777344 0.363281 0.777344 0.367188 0.781250 0.367188 0.785156 0.371094 0.785156 0.375000 0.789062 0.375000 0.808594 0.367188 0.816406 0.363281 0.816406 0.363281 0.832031 0.375000 0.832031 0.375000 0.828125 0.378906 0.824219 0.402344 0.824219 0.406250 0.828125 0.406250 0.835938 0.410156 0.839844 0.410156 0.843750 0.417969 0.843750 0.421875 0.847656 0.433594 0.847656 0.437500 0.843750 0.437500 0.839844 0.445312 0.832031 0.445312 0.816406 0.449219 0.812500 0.457031 0.812500 0.460938 0.808594 0.464844 0.808594 0.472656 0.800781 0.480469 0.800781 0.484375 0.796875 0.484375 0.789062 0.468750 0.789062 0.464844 0.785156 0.464844 0.750000 0.429688 0.750000 0.425781 0.753906 0.417969 0.753906 0.417969 0.765625 0.414062 0.769531 0.410156 0.769531 0.406250 0.773438 0.386719 0.773438 0.378906 0.765625 0.378906 0.746094 0.375000 0.746094 0.371094 0.742188
2 0.125000 0.707031 0.117188 0.714844 0.117188 0.718750 0.113281 0.722656 0.074219 0.722656 0.070312 0.718750 0.058594 0.718750 0.054688 0.722656 0.031250 0.722656 0.031250 0.726562 0.027344 0.730469 0.027344 0.824219 0.035156 0.824219 0.035156 0.792969 0.039062 0.789062 0.039062 0.761719 0.042969 0.757812 0.042969 0.746094 0.046875 0.742188 0.085938 0.742188 0.089844 0.738281 0.121094 0.738281 0.125000 0.742188 0.125000 0.746094 0.132812 0.746094 0.132812 0.707031
2 0.660156 0.699219 0.656250 0.703125 0.652344 0.703125 0.652344 0.722656 0.648438 0.726562 0.648438 0.734375 0.675781 0.734375 0.679688 0.738281 0.679688 0.742188 0.683594 0.746094 0.691406 0.746094 0.695312 0.742188 0.707031 0.742188 0.707031 0.726562 0.710938 0.722656 0.710938 0.699219 0.699219 0.699219 0.695312 0.703125 0.695312 0.707031 0.691406 0.710938 0.691406 0.726562 0.687500 0.730469 0.671875 0.730469 0.667969 0.726562 0.667969 0.699219
2 0.148438 0.683594 0.144531 0.687500 0.144531 0.699219 0.164062 0.699219 0.164062 0.691406 0.156250 0.683594
2 0.085938 0.617188 0.082031 0.621094 0.082031 0.636719 0.078125 0.640625 0.078125 0.656250 0.082031 0.660156 0.101562 0.660156 0.105469 0.664062 0.125000 0.664062 0.128906 0.660156 0.132812 0.660156 0.132812 0.656250 0.136719 0.652344 0.140625 0.652344 0.140625 0.640625 0.113281 0.640625 0.109375 0.636719 0.109375 0.621094 0.105469 0.621094 0.101562 0.617188
2 0.671875 0.593750 0.667969 0.597656 0.667969 0.605469 0.671875 0.605469 0.675781 0.609375 0.675781 0.621094 0.683594 0.621094 0.683594 0.617188 0.687500 0.613281 0.699219 0.613281 0.699219 0.601562 0.687500 0.601562 0.683594 0.597656 0.683594 0.593750
2 0.136719 0.566406 0.136719 0.578125 0.140625 0.582031 0.140625 0.585938 0.164062 0.585938 0.167969 0.589844 0.167969 0.613281 0.164062 0.617188 0.164062 0.625000 0.171875 0.632812 0.179688 0.632812 0.183594 0.636719 0.195312 0.636719 0.199219 0.640625 0.199219 0.644531 0.207031 0.652344 0.207031 0.656250 0.210938 0.656250 0.214844 0.660156 0.214844 0.683594 0.218750 0.683594 0.222656 0.687500 0.222656 0.691406 0.226562 0.695312 0.226562 0.718750 0.230469 0.718750 0.234375 0.722656 0.234375 0.734375 0.238281 0.738281 0.238281 0.746094 0.242188 0.750000 0.242188 0.753906 0.246094 0.757812 0.246094 0.773438 0.242188 0.777344 0.238281 0.777344 0.230469 0.785156 0.218750 0.785156 0.218750 0.792969 0.222656 0.792969 0.226562 0.796875 0.226562 0.804688 0.253906 0.804688 0.253906 0.777344 0.257812 0.773438 0.285156 0.773438 0.292969 0.765625 0.292969 0.757812 0.277344 0.757812 0.273438 0.753906 0.273438 0.730469 0.269531 0.726562 0.269531 0.722656 0.250000 0.722656 0.246094 0.718750 0.246094 0.714844 0.242188 0.710938 0.242188 0.687500 0.246094 0.683594 0.253906 0.683594 0.257812 0.679688 0.257812 0.667969 0.246094 0.656250 0.222656 0.656250 0.218750 0.652344 0.218750 0.644531 0.214844 0.640625 0.210938 0.640625 0.207031 0.636719 0.207031 0.632812 0.203125 0.628906 0.203125 0.617188 0.199219 0.617188 0.195312 0.613281 0.195312 0.601562 0.191406 0.597656 0.191406 0.570312 0.187500 0.566406 0.179688 0.566406 0.171875 0.574219 0.156250 0.574219 0.148438 0.566406
2 0.300781 0.542969 0.300781 0.550781 0.296875 0.554688 0.292969 0.554688 0.292969 0.558594 0.289062 0.562500 0.281250 0.562500 0.277344 0.566406 0.277344 0.574219 0.289062 0.585938 0.316406 0.585938 0.320312 0.589844 0.320312 0.593750 0.328125 0.593750 0.328125 0.582031 0.324219 0.578125 0.324219 0.570312 0.320312 0.570312 0.316406 0.566406 0.316406 0.542969
2 0.253906 0.500000 0.250000 0.503906 0.242188 0.503906 0.242188 0.523438 0.253906 0.523438 0.257812 0.519531 0.273438 0.519531 0.277344 0.515625 0.281250 0.515625 0.281250 0.500000
2 0.097656 0.496094 0.097656 0.503906 0.101562 0.503906 0.105469 0.507812 0.105469 0.511719 0.117188 0.511719 0.125000 0.519531 0.125000 0.535156 0.121094 0.539062 0.105469 0.539062 0.097656 0.531250 0.097656 0.527344 0.085938 0.527344 0.082031 0.531250 0.082031 0.539062 0.070312 0.550781 0.070312 0.562500 0.082031 0.562500 0.085938 0.558594 0.097656 0.558594 0.101562 0.554688 0.128906 0.554688 0.128906 0.539062 0.132812 0.535156 0.152344 0.535156 0.156250 0.539062 0.156250 0.542969 0.164062 0.542969 0.164062 0.539062 0.167969 0.535156 0.195312 0.535156 0.210938 0.550781 0.210938 0.558594 0.218750 0.558594 0.222656 0.562500 0.226562 0.562500 0.230469 0.566406 0.238281 0.566406 0.242188 0.570312 0.253906 0.570312 0.253906 0.562500 0.242188 0.562500 0.234375 0.554688 0.234375 0.531250 0.214844 0.531250 0.210938 0.527344 0.207031 0.527344 0.203125 0.523438 0.203125 0.519531 0.191406 0.519531 0.183594 0.527344 0.152344 0.527344 0.148438 0.523438 0.148438 0.519531 0.144531 0.515625 0.144531 0.511719 0.136719 0.503906 0.125000 0.503906 0.121094 0.500000 0.121094 0.496094
2 0.761719 0.457031 0.761719 0.492188 0.773438 0.492188 0.777344 0.488281 0.781250 0.488281 0.781250 0.472656 0.777344 0.472656 0.773438 0.468750 0.773438 0.457031
2 0.824219 0.433594 0.824219 0.437500 0.820312 0.441406 0.816406 0.441406 0.816406 0.449219 0.812500 0.453125 0.812500 0.472656 0.820312 0.472656 0.832031 0.460938 0.832031 0.449219 0.839844 0.441406 0.839844 0.433594
2 0.472656 0.386719 0.468750 0.390625 0.468750 0.394531 0.464844 0.398438 0.445312 0.398438 0.445312 0.406250 0.464844 0.406250 0.468750 0.410156 0.476562 0.410156 0.476562 0.398438 0.480469 0.394531 0.480469 0.386719
2 0.250000 0.359375 0.250000 0.367188 0.246094 0.371094 0.222656 0.371094 0.222656 0.402344 0.210938 0.414062 0.183594 0.414062 0.179688 0.410156 0.179688 0.406250 0.175781 0.402344 0.175781 0.398438 0.164062 0.398438 0.160156 0.402344 0.152344 0.402344 0.148438 0.406250 0.144531 0.406250 0.144531 0.417969 0.152344 0.417969 0.160156 0.425781 0.160156 0.437500 0.167969 0.437500 0.167969 0.433594 0.175781 0.425781 0.191406 0.425781 0.195312 0.429688 0.207031 0.429688 0.210938 0.433594 0.210938 0.437500 0.218750 0.445312 0.218750 0.453125 0.222656 0.457031 0.230469 0.457031 0.234375 0.460938 0.242188 0.460938 0.242188 0.453125 0.246094 0.449219 0.246094 0.441406 0.238281 0.433594 0.238281 0.421875 0.234375 0.417969 0.234375 0.394531 0.238281 0.390625 0.242188 0.390625 0.246094 0.386719 0.261719 0.386719 0.265625 0.390625 0.265625 0.402344 0.269531 0.406250 0.269531 0.410156 0.273438 0.414062 0.281250 0.414062 0.281250 0.410156 0.285156 0.406250 0.285156 0.398438 0.277344 0.398438 0.269531 0.390625 0.269531 0.375000 0.273438 0.371094 0.273438 0.359375
2 0.828125 0.316406 0.820312 0.324219 0.820312 0.332031 0.816406 0.335938 0.812500 0.335938 0.812500 0.347656 0.816406 0.347656 0.824219 0.355469 0.824219 0.359375 0.832031 0.359375 0.835938 0.355469 0.835938 0.351562 0.839844 0.347656 0.839844 0.343750 0.843750 0.339844 0.843750 0.320312 0.839844 0.316406
2 0.226562 0.285156 0.222656 0.289062 0.214844 0.289062 0.214844 0.304688 0.210938 0.308594 0.210938 0.312500 0.207031 0.316406 0.207031 0.324219 0.246094 0.324219 0.246094 0.316406 0.242188 0.312500 0.242188 0.304688 0.234375 0.296875 0.234375 0.285156
2 0.585938 0.242188 0.585938 0.273438 0.578125 0.281250 0.566406 0.281250 0.566406 0.285156 0.562500 0.289062 0.554688 0.289062 0.554688 0.304688 0.558594 0.308594 0.570312 0.308594 0.574219 0.304688 0.601562 0.304688 0.605469 0.308594 0.605469 0.328125 0.609375 0.332031 0.609375 0.351562 0.605469 0.355469 0.601562 0.355469 0.597656 0.359375 0.582031 0.359375 0.582031 0.367188 0.578125 0.371094 0.558594 0.371094 0.558594 0.378906 0.554688 0.382812 0.539062 0.382812 0.535156 0.378906 0.535156 0.367188 0.523438 0.355469 0.523438 0.343750 0.515625 0.343750 0.515625 0.347656 0.511719 0.351562 0.511719 0.363281 0.507812 0.367188 0.503906 0.367188 0.503906 0.394531 0.511719 0.394531 0.515625 0.398438 0.523438 0.398438 0.527344 0.402344 0.527344 0.414062 0.531250 0.414062 0.535156 0.417969 0.542969 0.417969 0.542969 0.406250 0.546875 0.402344 0.562500 0.402344 0.574219 0.414062 0.574219 0.417969 0.582031 0.417969 0.589844 0.425781 0.589844 0.468750 0.585938 0.472656 0.582031 0.472656 0.582031 0.496094 0.574219 0.503906 0.574219 0.511719 0.578125 0.511719 0.582031 0.515625 0.582031 0.558594 0.578125 0.562500 0.539062 0.562500 0.535156 0.558594 0.535156 0.554688 0.531250 0.554688 0.527344 0.550781 0.519531 0.550781 0.515625 0.546875 0.515625 0.515625 0.523438 0.507812 0.531250 0.507812 0.531250 0.492188 0.539062 0.484375 0.539062 0.480469 0.542969 0.476562 0.542969 0.468750 0.535156 0.468750 0.531250 0.464844 0.531250 0.460938 0.527344 0.457031 0.527344 0.445312 0.519531 0.445312 0.519531 0.464844 0.515625 0.468750 0.496094 0.468750 0.492188 0.472656 0.464844 0.472656 0.460938 0.476562 0.433594 0.476562 0.429688 0.472656 0.429688 0.441406 0.425781 0.437500 0.410156 0.437500 0.406250 0.433594 0.406250 0.417969 0.410156 0.414062 0.421875 0.414062 0.421875 0.398438 0.425781 0.394531 0.437500 0.394531 0.437500 0.378906 0.425781 0.378906 0.425781 0.382812 0.421875 0.386719 0.406250 0.386719 0.402344 0.382812 0.402344 0.371094 0.398438 0.371094 0.390625 0.363281 0.371094 0.363281 0.367188 0.359375 0.367188 0.351562 0.363281 0.347656 0.363281 0.332031 0.355469 0.332031 0.351562 0.328125 0.351562 0.300781 0.332031 0.300781 0.328125 0.304688 0.328125 0.324219 0.324219 0.328125 0.304688 0.328125 0.304688 0.347656 0.296875 0.355469 0.296875 0.363281 0.300781 0.367188 0.300781 0.386719 0.312500 0.386719 0.312500 0.339844 0.316406 0.335938 0.332031 0.335938 0.339844 0.343750 0.339844 0.363281 0.343750 0.363281 0.351562 0.371094 0.351562 0.375000 0.355469 0.378906 0.371094 0.378906 0.375000 0.382812 0.375000 0.402344 0.378906 0.406250 0.386719 0.406250 0.390625 0.410156 0.390625 0.429688 0.386719 0.433594 0.371094 0.433594 0.371094 0.437500 0.367188 0.441406 0.367188 0.449219 0.406250 0.449219 0.410156 0.453125 0.410156 0.468750 0.414062 0.468750 0.417969 0.472656 0.417969 0.488281 0.414062 0.492188 0.394531 0.492188 0.386719 0.484375 0.359375 0.484375 0.355469 0.480469 0.351562 0.480469 0.347656 0.476562 0.347656 0.464844 0.335938 0.464844 0.332031 0.460938 0.332031 0.457031 0.320312 0.445312 0.320312 0.425781 0.308594 0.425781 0.308594 0.464844 0.312500 0.468750 0.312500 0.488281 0.316406 0.492188 0.316406 0.500000 0.320312 0.503906 0.320312 0.507812 0.324219 0.511719 0.324219 0.535156 0.343750 0.535156 0.347656 0.539062 0.347656 0.570312 0.351562 0.574219 0.351562 0.585938 0.355469 0.589844 0.359375 0.589844 0.363281 0.593750 0.363281 0.597656 0.367188 0.601562 0.367188 0.605469 0.371094 0.609375 0.371094 0.617188 0.375000 0.617188 0.378906 0.621094 0.390625 0.621094 0.394531 0.625000 0.394531 0.632812 0.402344 0.640625 0.437500 0.640625 0.437500 0.628906 0.433594 0.628906 0.425781 0.621094 0.425781 0.609375 0.421875 0.605469 0.421875 0.589844 0.425781 0.585938 0.445312 0.585938 0.449219 0.589844 0.460938 0.589844 0.464844 0.585938 0.496094 0.585938 0.500000 0.589844 0.500000 0.605469 0.496094 0.609375 0.492188 0.609375 0.488281 0.613281 0.484375 0.613281 0.484375 0.621094 0.480469 0.625000 0.476562 0.625000 0.472656 0.628906 0.464844 0.628906 0.464844 0.636719 0.460938 0.640625 0.460938 0.648438 0.457031 0.652344 0.449219 0.652344 0.449219 0.660156 0.445312 0.664062 0.441406 0.664062 0.441406 0.671875 0.445312 0.671875 0.449219 0.675781 0.449219 0.699219 0.445312 0.703125 0.441406 0.703125 0.441406 0.710938 0.449219 0.710938 0.449219 0.703125 0.453125 0.699219 0.468750 0.699219 0.476562 0.707031 0.476562 0.710938 0.480469 0.710938 0.484375 0.714844 0.496094 0.714844 0.500000 0.718750 0.515625 0.718750 0.515625 0.710938 0.527344 0.699219 0.542969 0.699219 0.546875 0.703125 0.546875 0.714844 0.550781 0.714844 0.554688 0.718750 0.554688 0.730469 0.558594 0.730469 0.562500 0.734375 0.582031 0.734375 0.585938 0.738281 0.585938 0.742188 0.597656 0.742188 0.601562 0.746094 0.609375 0.746094 0.609375 0.738281 0.605469 0.734375 0.605469 0.730469 0.601562 0.730469 0.593750 0.722656 0.589844 0.722656 0.585938 0.718750 0.582031 0.718750 0.578125 0.714844 0.578125 0.695312 0.585938 0.687500 0.593750 0.687500 0.593750 0.679688 0.585938 0.671875 0.562500 0.671875 0.558594 0.667969 0.558594 0.652344 0.562500 0.648438 0.617188 0.648438 0.617188 0.636719 0.625000 0.628906 0.628906 0.628906 0.628906 0.601562 0.601562 0.601562 0.597656 0.597656 0.597656 0.578125 0.609375 0.566406 0.609375 0.535156 0.601562 0.535156 0.597656 0.531250 0.597656 0.519531 0.589844 0.519531 0.585938 0.515625 0.585938 0.488281 0.589844 0.484375 0.593750 0.484375 0.593750 0.468750 0.601562 0.460938 0.609375 0.460938 0.609375 0.453125 0.613281 0.449219 0.628906 0.449219 0.632812 0.453125 0.632812 0.460938 0.648438 0.460938 0.656250 0.453125 0.671875 0.453125 0.675781 0.457031 0.675781 0.472656 0.679688 0.476562 0.683594 0.476562 0.687500 0.480469 0.691406 0.480469 0.699219 0.488281 0.699219 0.507812 0.703125 0.507812 0.707031 0.511719 0.710938 0.511719 0.714844 0.515625 0.722656 0.515625 0.722656 0.480469 0.726562 0.476562 0.730469 0.476562 0.730469 0.472656 0.738281 0.464844 0.738281 0.453125 0.707031 0.453125 0.699219 0.445312 0.683594 0.445312 0.679688 0.441406 0.671875 0.441406 0.667969 0.445312 0.640625 0.445312 0.636719 0.441406 0.636719 0.437500 0.632812 0.433594 0.632812 0.386719 0.636719 0.382812 0.656250 0.382812 0.660156 0.386719 0.667969 0.386719 0.671875 0.390625 0.687500 0.390625 0.691406 0.386719 0.695312 0.386719 0.699219 0.382812 0.707031 0.382812 0.707031 0.371094 0.710938 0.367188 0.710938 0.359375 0.699219 0.359375 0.695312 0.363281 0.675781 0.363281 0.664062 0.351562 0.664062 0.332031 0.667969 0.328125 0.679688 0.328125 0.683594 0.324219 0.683594 0.292969 0.687500 0.289062 0.687500 0.281250 0.695312 0.273438 0.695312 0.265625 0.699219 0.261719 0.699219 0.253906 0.695312 0.250000 0.679688 0.250000 0.679688 0.273438 0.675781 0.277344 0.667969 0.277344 0.660156 0.285156 0.644531 0.285156 0.640625 0.289062 0.640625 0.304688 0.636719 0.308594 0.609375 0.308594 0.605469 0.304688 0.605469 0.289062 0.609375 0.285156 0.609375 0.281250 0.613281 0.277344 0.613281 0.269531 0.601562 0.269531 0.597656 0.265625 0.597656 0.250000 0.593750 0.246094 0.593750 0.242188
2 0.781250 0.218750 0.777344 0.222656 0.773438 0.222656 0.765625 0.230469 0.765625 0.238281 0.769531 0.242188 0.769531 0.257812 0.765625 0.261719 0.765625 0.277344 0.761719 0.281250 0.761719 0.285156 0.757812 0.289062 0.738281 0.289062 0.738281 0.312500 0.742188 0.316406 0.742188 0.332031 0.750000 0.332031 0.753906 0.328125 0.765625 0.328125 0.769531 0.324219 0.773438 0.324219 0.777344 0.320312 0.781250 0.320312 0.781250 0.296875 0.785156 0.292969 0.796875 0.292969 0.800781 0.289062 0.800781 0.281250 0.804688 0.277344 0.804688 0.253906 0.816406 0.242188 0.816406 0.234375 0.800781 0.234375 0.796875 0.230469 0.796875 0.226562 0.792969 0.222656 0.792969 0.218750
2 0.273438 0.203125 0.269531 0.207031 0.265625 0.207031 0.261719 0.210938 0.257812 0.210938 0.257812 0.214844 0.253906 0.218750 0.238281 0.218750 0.234375 0.222656 0.226562 0.222656 0.222656 0.226562 0.222656 0.230469 0.218750 0.234375 0.218750 0.250000 0.230469 0.250000 0.230469 0.246094 0.234375 0.242188 0.234375 0.238281 0.246094 0.226562 0.246094 0.222656 0.250000 0.218750 0.273438 0.218750 0.273438 0.214844 0.277344 0.210938 0.281250 0.210938 0.281250 0.203125
2 0.839844 0.187500 0.839844 0.203125 0.835938 0.207031 0.824219 0.207031 0.820312 0.210938 0.820312 0.226562 0.832031 0.226562 0.835938 0.222656 0.839844 0.222656 0.839844 0.207031 0.843750 0.203125 0.859375 0.203125 0.859375 0.195312 0.855469 0.191406 0.855469 0.187500
2 0.308594 0.187500 0.304688 0.191406 0.300781 0.191406 0.300781 0.199219 0.312500 0.199219 0.316406 0.195312 0.320312 0.195312 0.320312 0.187500
2 0.542969 0.175781 0.542969 0.183594 0.539062 0.187500 0.535156 0.187500 0.535156 0.195312 0.527344 0.203125 0.527344 0.207031 0.523438 0.210938 0.523438 0.230469 0.519531 0.234375 0.511719 0.234375 0.511719 0.265625 0.507812 0.269531 0.507812 0.273438 0.503906 0.277344 0.488281 0.277344 0.484375 0.281250 0.457031 0.281250 0.453125 0.285156 0.449219 0.285156 0.445312 0.289062 0.445312 0.300781 0.453125 0.300781 0.457031 0.304688 0.457031 0.308594 0.460938 0.308594 0.464844 0.312500 0.464844 0.316406 0.476562 0.316406 0.480469 0.312500 0.503906 0.312500 0.511719 0.320312 0.523438 0.320312 0.523438 0.308594 0.519531 0.304688 0.519531 0.289062 0.523438 0.285156 0.539062 0.285156 0.539062 0.277344 0.531250 0.277344 0.527344 0.273438 0.527344 0.250000 0.535156 0.242188 0.539062 0.242188 0.539062 0.226562 0.542969 0.222656 0.542969 0.218750 0.546875 0.214844 0.566406 0.214844 0.570312 0.210938 0.570312 0.183594 0.562500 0.183594 0.558594 0.179688 0.554688 0.179688 0.550781 0.175781
2 0.339844 0.171875 0.335938 0.175781 0.335938 0.183594 0.343750 0.183594 0.347656 0.179688 0.351562 0.179688 0.351562 0.171875
2 0.402344 0.156250 0.398438 0.160156 0.371094 0.160156 0.371094 0.167969 0.386719 0.167969 0.390625 0.171875 0.390625 0.187500 0.386719 0.191406 0.382812 0.191406 0.382812 0.195312 0.378906 0.199219 0.367188 0.199219 0.367188 0.210938 0.378906 0.210938 0.382812 0.214844 0.382812 0.222656 0.394531 0.222656 0.394531 0.203125 0.398438 0.199219 0.402344 0.199219 0.406250 0.195312 0.406250 0.167969 0.410156 0.164062 0.414062 0.164062 0.414062 0.156250
2 0.503906 0.136719 0.503906 0.140625 0.500000 0.144531 0.500000 0.160156 0.511719 0.160156 0.515625 0.164062 0.527344 0.164062 0.527344 0.148438 0.519531 0.140625 0.519531 0.136719
