2 0.351562 0.949219 0.351562 0.957031 0.359375 0.957031 0.359375 0.949219
2 0.246094 0.804688 0.246094 0.820312 0.250000 0.824219 0.253906 0.824219 0.257812 0.828125 0.257812 0.832031 0.261719 0.832031 0.265625 0.835938 0.269531 0.835938 0.273438 0.839844 0.273438 0.843750 0.277344 0.847656 0.277344 0.851562 0.285156 0.851562 0.289062 0.855469 0.292969 0.855469 0.296875 0.859375 0.308594 0.859375 0.308594 0.847656 0.292969 0.847656 0.289062 0.843750 0.289062 0.828125 0.292969 0.824219 0.304688 0.824219 0.304688 0.816406 0.269531 0.816406 0.265625 0.812500 0.265625 0.804688
2 0.625000 0.792969 0.621094 0.796875 0.621094 0.804688 0.628906 0.804688 0.632812 0.800781 0.632812 0.792969
2 0.187500 0.789062 0.187500 0.800781 0.191406 0.800781 0.195312 0.804688 0.203125 0.804688 0.203125 0.792969 0.199219 0.789062
2 0.300781 0.761719 0.300781 0.773438 0.308594 0.773438 0.312500 0.769531 0.312500 0.761719
2 0.667969 0.730469 0.664062 0.734375 0.664062 0.757812 0.660156 0.761719 0.652344 0.761719 0.652344 0.773438 0.664062 0.773438 0.667969 0.769531 0.667969 0.746094 0.675781 0.738281 0.675781 0.730469
2 0.578125 0.703125 0.578125 0.710938 0.589844 0.710938 0.589844 0.703125
2 0.285156 0.703125 0.277344 0.710938 0.265625 0.710938 0.265625 0.718750 0.269531 0.722656 0.273438 0.722656 0.277344 0.726562 0.289062 0.726562 0.292969 0.730469 0.292969 0.734375 0.300781 0.734375 0.300781 0.726562 0.304688 0.722656 0.304688 0.714844 0.296875 0.714844 0.292969 0.710938 0.292969 0.703125
2 0.078125 0.664062 0.078125 0.671875 0.074219 0.675781 0.058594 0.675781 0.058594 0.683594 0.062500 0.687500 0.062500 0.699219 0.066406 0.703125 0.066406 0.707031 0.074219 0.714844 0.082031 0.714844 0.082031 0.710938 0.085938 0.707031 0.101562 0.707031 0.109375 0.714844 0.109375 0.742188 0.136719 0.742188 0.144531 0.750000 0.144531 0.753906 0.148438 0.753906 0.156250 0.761719 0.164062 0.761719 0.164062 0.753906 0.160156 0.750000 0.160156 0.746094 0.156250 0.742188 0.152344 0.742188 0.144531 0.734375 0.144531 0.730469 0.136719 0.722656 0.132812 0.722656 0.128906 0.718750 0.128906 0.714844 0.121094 0.707031 0.117188 0.707031 0.113281 0.703125 0.113281 0.695312 0.109375 0.691406 0.105469 0.691406 0.097656 0.683594 0.097656 0.679688 0.093750 0.675781 0.093750 0.671875 0.085938 0.664062
2 0.644531 0.656250 0.644531 0.664062 0.648438 0.664062 0.652344 0.667969 0.656250 0.667969 0.660156 0.671875 0.660156 0.691406 0.656250 0.695312 0.648438 0.695312 0.648438 0.703125 0.656250 0.703125 0.656250 0.695312 0.660156 0.691406 0.667969 0.691406 0.667969 0.683594 0.664062 0.683594 0.660156 0.679688 0.660156 0.660156 0.656250 0.656250
2 0.289062 0.515625 0.285156 0.519531 0.261719 0.519531 0.261719 0.531250 0.257812 0.535156 0.257812 0.539062 0.253906 0.542969 0.246094 0.542969 0.246094 0.546875 0.242188 0.550781 0.242188 0.570312 0.238281 0.574219 0.218750 0.574219 0.218750 0.589844 0.214844 0.593750 0.199219 0.593750 0.195312 0.589844 0.195312 0.562500 0.199219 0.558594 0.207031 0.558594 0.207031 0.546875 0.195312 0.546875 0.191406 0.542969 0.191406 0.535156 0.187500 0.531250 0.148438 0.531250 0.144531 0.535156 0.144531 0.546875 0.148438 0.546875 0.152344 0.550781 0.152344 0.570312 0.148438 0.574219 0.148438 0.582031 0.156250 0.589844 0.164062 0.589844 0.167969 0.585938 0.167969 0.578125 0.171875 0.574219 0.187500 0.574219 0.191406 0.578125 0.191406 0.601562 0.183594 0.609375 0.183594 0.617188 0.179688 0.621094 0.179688 0.640625 0.187500 0.648438 0.207031 0.648438 0.207031 0.640625 0.210938 0.636719 0.226562 0.636719 0.230469 0.632812 0.246094 0.632812 0.250000 0.628906 0.265625 0.628906 0.265625 0.625000 0.269531 0.621094 0.281250 0.621094 0.281250 0.617188 0.285156 0.613281 0.300781 0.613281 0.300781 0.589844 0.304688 0.585938 0.316406 0.585938 0.320312 0.582031 0.324219 0.582031 0.324219 0.578125 0.328125 0.574219 0.343750 0.574219 0.347656 0.578125 0.359375 0.578125 0.363281 0.574219 0.363281 0.566406 0.359375 0.562500 0.359375 0.554688 0.347656 0.554688 0.347656 0.558594 0.343750 0.562500 0.324219 0.562500 0.320312 0.558594 0.320312 0.546875 0.316406 0.546875 0.312500 0.542969 0.312500 0.535156 0.308594 0.531250 0.308594 0.527344 0.304688 0.523438 0.304688 0.515625
2 0.503906 0.441406 0.500000 0.445312 0.500000 0.460938 0.496094 0.464844 0.457031 0.464844 0.457031 0.523438 0.453125 0.527344 0.437500 0.527344 0.437500 0.531250 0.433594 0.535156 0.410156 0.535156 0.410156 0.558594 0.402344 0.566406 0.390625 0.566406 0.390625 0.585938 0.394531 0.589844 0.394531 0.621094 0.390625 0.625000 0.382812 0.625000 0.382812 0.636719 0.386719 0.640625 0.386719 0.652344 0.398438 0.652344 0.406250 0.660156 0.406250 0.675781 0.402344 0.679688 0.402344 0.683594 0.394531 0.691406 0.394531 0.699219 0.402344 0.699219 0.406250 0.703125 0.406250 0.730469 0.398438 0.738281 0.390625 0.738281 0.386719 0.742188 0.386719 0.746094 0.382812 0.750000 0.382812 0.761719 0.378906 0.765625 0.363281 0.765625 0.359375 0.761719 0.343750 0.761719 0.339844 0.765625 0.335938 0.765625 0.335938 0.789062 0.332031 0.792969 0.312500 0.792969 0.312500 0.800781 0.332031 0.800781 0.335938 0.804688 0.335938 0.875000 0.328125 0.882812 0.292969 0.882812 0.292969 0.890625 0.289062 0.894531 0.289062 0.906250 0.285156 0.910156 0.273438 0.910156 0.273438 0.917969 0.269531 0.921875 0.269531 0.925781 0.265625 0.929688 0.265625 0.941406 0.269531 0.941406 0.273438 0.945312 0.273438 0.964844 0.277344 0.968750 0.296875 0.968750 0.296875 0.960938 0.300781 0.957031 0.300781 0.949219 0.292969 0.949219 0.289062 0.945312 0.289062 0.941406 0.285156 0.937500 0.285156 0.914062 0.289062 0.910156 0.300781 0.910156 0.308594 0.902344 0.332031 0.902344 0.335938 0.906250 0.335938 0.925781 0.328125 0.933594 0.328125 0.941406 0.347656 0.941406 0.347656 0.925781 0.343750 0.921875 0.343750 0.902344 0.347656 0.898438 0.347656 0.878906 0.351562 0.875000 0.351562 0.871094 0.355469 0.867188 0.359375 0.867188 0.359375 0.863281 0.367188 0.855469 0.367188 0.851562 0.375000 0.843750 0.375000 0.839844 0.378906 0.835938 0.378906 0.828125 0.375000 0.824219 0.375000 0.816406 0.371094 0.812500 0.371094 0.792969 0.375000 0.789062 0.375000 0.773438 0.378906 0.769531 0.406250 0.769531 0.406250 0.765625 0.410156 0.761719 0.414062 0.761719 0.414062 0.757812 0.417969 0.753906 0.421875 0.753906 0.425781 0.750000 0.437500 0.750000 0.437500 0.746094 0.441406 0.742188 0.468750 0.742188 0.476562 0.734375 0.484375 0.734375 0.484375 0.730469 0.488281 0.726562 0.488281 0.722656 0.492188 0.718750 0.492188 0.707031 0.484375 0.707031 0.476562 0.714844 0.460938 0.714844 0.460938 0.718750 0.457031 0.722656 0.441406 0.722656 0.437500 0.718750 0.437500 0.695312 0.441406 0.691406 0.449219 0.691406 0.449219 0.679688 0.457031 0.671875 0.460938 0.671875 0.464844 0.667969 0.488281 0.667969 0.492188 0.671875 0.496094 0.671875 0.500000 0.675781 0.511719 0.675781 0.519531 0.683594 0.527344 0.683594 0.531250 0.687500 0.535156 0.687500 0.539062 0.691406 0.550781 0.691406 0.554688 0.687500 0.562500 0.687500 0.562500 0.675781 0.558594 0.675781 0.554688 0.671875 0.554688 0.664062 0.546875 0.656250 0.546875 0.640625 0.550781 0.636719 0.570312 0.636719 0.574219 0.632812 0.589844 0.632812 0.589844 0.625000 0.585938 0.621094 0.585938 0.617188 0.582031 0.613281 0.570312 0.613281 0.566406 0.609375 0.566406 0.593750 0.558594 0.593750 0.558594 0.621094 0.554688 0.625000 0.539062 0.625000 0.535156 0.621094 0.535156 0.613281 0.519531 0.613281 0.515625 0.609375 0.515625 0.601562 0.511719 0.601562 0.503906 0.593750 0.503906 0.574219 0.507812 0.570312 0.523438 0.570312 0.523438 0.566406 0.527344 0.562500 0.546875 0.562500 0.550781 0.566406 0.574219 0.566406 0.578125 0.570312 0.578125 0.574219 0.585938 0.574219 0.585938 0.570312 0.589844 0.566406 0.597656 0.566406 0.601562 0.562500 0.609375 0.562500 0.609375 0.554688 0.601562 0.546875 0.601562 0.539062 0.589844 0.539062 0.585938 0.535156 0.574219 0.535156 0.570312 0.539062 0.531250 0.539062 0.527344 0.535156 0.527344 0.519531 0.531250 0.515625 0.546875 0.515625 0.546875 0.480469 0.542969 0.476562 0.542969 0.460938 0.539062 0.457031 0.539062 0.445312 0.519531 0.445312 0.515625 0.441406
2 0.671875 0.429688 0.671875 0.433594 0.667969 0.437500 0.667969 0.445312 0.675781 0.453125 0.675781 0.488281 0.671875 0.492188 0.667969 0.492188 0.664062 0.496094 0.628906 0.496094 0.625000 0.492188 0.625000 0.480469 0.613281 0.480469 0.613281 0.492188 0.609375 0.496094 0.605469 0.496094 0.601562 0.500000 0.601562 0.507812 0.628906 0.507812 0.636719 0.515625 0.636719 0.523438 0.644531 0.523438 0.648438 0.519531 0.664062 0.519531 0.667969 0.523438 0.667969 0.539062 0.664062 0.542969 0.656250 0.542969 0.648438 0.550781 0.636719 0.550781 0.636719 0.562500 0.644531 0.562500 0.648438 0.566406 0.648438 0.582031 0.652344 0.585938 0.652344 0.589844 0.656250 0.589844 0.660156 0.593750 0.667969 0.593750 0.667969 0.589844 0.671875 0.585938 0.675781 0.585938 0.679688 0.582031 0.687500 0.582031 0.691406 0.578125 0.695312 0.578125 0.703125 0.570312 0.703125 0.566406 0.707031 0.562500 0.714844 0.562500 0.718750 0.558594 0.722656 0.558594 0.722656 0.554688 0.726562 0.550781 0.726562 0.539062 0.730469 0.535156 0.730469 0.527344 0.734375 0.523438 0.738281 0.523438 0.742188 0.519531 0.742188 0.507812 0.734375 0.500000 0.734375 0.496094 0.726562 0.496094 0.722656 0.492188 0.722656 0.488281 0.718750 0.484375 0.718750 0.433594 0.710938 0.433594 0.707031 0.437500 0.691406 0.437500 0.683594 0.429688
2 0.578125 0.406250 0.574219 0.410156 0.574219 0.417969 0.578125 0.417969 0.582031 0.421875 0.582031 0.464844 0.585938 0.468750 0.593750 0.468750 0.597656 0.472656 0.609375 0.472656 0.609375 0.449219 0.605469 0.445312 0.601562 0.445312 0.597656 0.441406 0.593750 0.441406 0.589844 0.437500 0.589844 0.433594 0.585938 0.429688 0.585938 0.406250
2 0.738281 0.398438 0.738281 0.410156 0.746094 0.410156 0.750000 0.414062 0.750000 0.433594 0.753906 0.437500 0.761719 0.437500 0.765625 0.433594 0.765625 0.421875 0.761719 0.417969 0.761719 0.402344 0.757812 0.398438
2 0.632812 0.371094 0.628906 0.375000 0.625000 0.375000 0.625000 0.378906 0.621094 0.382812 0.621094 0.390625 0.632812 0.390625 0.636719 0.394531 0.656250 0.394531 0.656250 0.386719 0.652344 0.382812 0.652344 0.371094
2 0.378906 0.304688 0.378906 0.335938 0.371094 0.343750 0.371094 0.347656 0.367188 0.351562 0.363281 0.351562 0.359375 0.355469 0.351562 0.355469 0.347656 0.359375 0.347656 0.371094 0.351562 0.371094 0.359375 0.378906 0.367188 0.378906 0.371094 0.382812 0.371094 0.390625 0.375000 0.394531 0.375000 0.406250 0.386719 0.406250 0.390625 0.410156 0.425781 0.410156 0.425781 0.398438 0.417969 0.398438 0.414062 0.394531 0.414062 0.382812 0.402344 0.382812 0.398438 0.378906 0.398438 0.375000 0.382812 0.375000 0.378906 0.371094 0.378906 0.351562 0.382812 0.347656 0.382812 0.343750 0.386719 0.339844 0.402344 0.339844 0.406250 0.335938 0.406250 0.328125 0.402344 0.324219 0.402344 0.316406 0.398438 0.316406 0.386719 0.304688
2 0.496094 0.218750 0.496094 0.230469 0.500000 0.230469 0.503906 0.234375 0.519531 0.234375 0.519531 0.226562 0.515625 0.222656 0.515625 0.218750
2 0.746094 0.199219 0.746094 0.210938 0.753906 0.210938 0.757812 0.214844 0.757812 0.218750 0.765625 0.226562 0.765625 0.234375 0.769531 0.238281 0.769531 0.242188 0.773438 0.242188 0.777344 0.246094 0.789062 0.246094 0.789062 0.238281 0.796875 0.230469 0.804688 0.230469 0.804688 0.222656 0.785156 0.222656 0.777344 0.214844 0.777344 0.210938 0.773438 0.210938 0.761719 0.199219
2 0.238281 0.199219 0.234375 0.203125 0.234375 0.210938 0.230469 0.214844 0.222656 0.214844 0.218750 0.218750 0.218750 0.222656 0.214844 0.226562 0.214844 0.230469 0.207031 0.238281 0.207031 0.246094 0.226562 0.246094 0.230469 0.250000 0.230469 0.265625 0.226562 0.269531 0.203125 0.269531 0.199219 0.265625 0.199219 0.261719 0.191406 0.261719 0.160156 0.292969 0.160156 0.296875 0.156250 0.300781 0.156250 0.304688 0.148438 0.312500 0.148438 0.359375 0.144531 0.363281 0.136719 0.363281 0.136719 0.371094 0.132812 0.375000 0.128906 0.375000 0.121094 0.382812 0.121094 0.390625 0.117188 0.394531 0.117188 0.402344 0.113281 0.406250 0.109375 0.406250 0.109375 0.410156 0.105469 0.414062 0.101562 0.414062 0.101562 0.429688 0.121094 0.429688 0.121094 0.421875 0.125000 0.417969 0.125000 0.410156 0.128906 0.406250 0.128906 0.394531 0.132812 0.390625 0.132812 0.386719 0.136719 0.382812 0.136719 0.378906 0.140625 0.375000 0.144531 0.375000 0.148438 0.371094 0.148438 0.355469 0.152344 0.351562 0.156250 0.351562 0.156250 0.332031 0.160156 0.328125 0.160156 0.324219 0.167969 0.316406 0.195312 0.316406 0.195312 0.300781 0.199219 0.296875 0.207031 0.296875 0.210938 0.292969 0.222656 0.292969 0.222656 0.277344 0.226562 0.273438 0.242188 0.273438 0.242188 0.246094 0.246094 0.242188 0.246094 0.230469 0.242188 0.226562 0.242188 0.210938 0.246094 0.207031 0.246094 0.199219
2 0.492188 0.179688 0.492188 0.187500 0.500000 0.187500 0.500000 0.179688
2 0.554688 0.140625 0.554688 0.144531 0.546875 0.152344 0.531250 0.152344 0.527344 0.156250 0.527344 0.160156 0.523438 0.164062 0.511719 0.164062 0.511719 0.171875 0.519531 0.171875 0.519531 0.167969 0.523438 0.164062 0.539062 0.164062 0.542969 0.167969 0.558594 0.167969 0.558594 0.164062 0.562500 0.160156 0.562500 0.152344 0.566406 0.148438 0.570312 0.148438 0.570312 0.140625
2 0.441406 0.078125 0.441406 0.082031 0.433594 0.089844 0.433594 0.097656 0.437500 0.101562 0.445312 0.101562 0.449219 0.105469 0.457031 0.105469 0.460938 0.109375 0.460938 0.113281 0.488281 0.113281 0.488281 0.101562 0.480469 0.101562 0.476562 0.097656 0.476562 0.093750 0.460938 0.093750 0.453125 0.085938 0.453125 0.078125
2 0.859375 0.054688 0.859375 0.078125 0.855469 0.082031 0.839844 0.082031 0.839844 0.089844 0.847656 0.097656 0.847656 0.121094 0.843750 0.125000 0.828125 0.125000 0.828125 0.132812 0.851562 0.132812 0.855469 0.128906 0.859375 0.128906 0.859375 0.125000 0.863281 0.121094 0.867188 0.121094 0.871094 0.117188 0.875000 0.117188 0.875000 0.105469 0.878906 0.101562 0.878906 0.058594 0.875000 0.054688
2 0.550781 0.031250 0.546875 0.035156 0.542969 0.035156 0.542969 0.039062 0.539062 0.042969 0.519531 0.042969 0.515625 0.046875 0.496094 0.046875 0.496094 0.054688 0.507812 0.054688 0.511719 0.058594 0.511719 0.082031 0.515625 0.082031 0.519531 0.085938 0.539062 0.085938 0.539062 0.082031 0.542969 0.078125 0.546875 0.078125 0.554688 0.070312 0.554688 0.066406 0.562500 0.058594 0.562500 0.050781 0.566406 0.046875 0.589844 0.046875 0.597656 0.054688 0.597656 0.070312 0.601562 0.074219 0.613281 0.074219 0.613281 0.066406 0.609375 0.062500 0.609375 0.058594 0.605469 0.054688 0.605469 0.039062 0.593750 0.039062 0.589844 0.035156 0.570312 0.035156 0.566406 0.031250
2 0.667969 0.023438 0.667969 0.027344 0.664062 0.031250 0.644531 0.031250 0.644531 0.042969 0.648438 0.042969 0.652344 0.046875 0.652344 0.054688 0.656250 0.058594 0.656250 0.085938 0.648438 0.093750 0.628906 0.093750 0.628906 0.101562 0.656250 0.101562 0.664062 0.109375 0.664062 0.125000 0.675781 0.125000 0.679688 0.128906 0.679688 0.152344 0.675781 0.156250 0.671875 0.156250 0.671875 0.191406 0.664062 0.199219 0.644531 0.199219 0.644531 0.207031 0.648438 0.207031 0.652344 0.210938 0.652344 0.222656 0.656250 0.226562 0.656250 0.238281 0.660156 0.238281 0.664062 0.242188 0.664062 0.257812 0.660156 0.261719 0.625000 0.261719 0.621094 0.257812 0.621094 0.203125 0.617188 0.199219 0.609375 0.199219 0.609375 0.203125 0.605469 0.207031 0.589844 0.207031 0.585938 0.203125 0.578125 0.203125 0.570312 0.210938 0.562500 0.210938 0.562500 0.230469 0.558594 0.234375 0.542969 0.234375 0.542969 0.238281 0.539062 0.242188 0.531250 0.242188 0.531250 0.273438 0.527344 0.277344 0.515625 0.277344 0.511719 0.281250 0.488281 0.281250 0.480469 0.273438 0.480469 0.265625 0.472656 0.265625 0.472656 0.277344 0.468750 0.281250 0.468750 0.292969 0.464844 0.296875 0.464844 0.304688 0.468750 0.304688 0.472656 0.308594 0.472656 0.328125 0.464844 0.335938 0.453125 0.335938 0.453125 0.347656 0.449219 0.351562 0.449219 0.363281 0.457031 0.363281 0.460938 0.359375 0.464844 0.359375 0.468750 0.355469 0.472656 0.355469 0.472656 0.343750 0.476562 0.339844 0.476562 0.316406 0.480469 0.312500 0.511719 0.312500 0.515625 0.316406 0.523438 0.316406 0.523438 0.308594 0.531250 0.300781 0.531250 0.289062 0.535156 0.285156 0.554688 0.285156 0.562500 0.292969 0.562500 0.296875 0.574219 0.296875 0.574219 0.289062 0.570312 0.289062 0.566406 0.285156 0.566406 0.281250 0.562500 0.277344 0.562500 0.261719 0.566406 0.257812 0.585938 0.257812 0.589844 0.261719 0.605469 0.261719 0.609375 0.265625 0.609375 0.281250 0.605469 0.285156 0.605469 0.292969 0.613281 0.300781 0.613281 0.320312 0.617188 0.324219 0.617188 0.339844 0.625000 0.347656 0.652344 0.347656 0.656250 0.351562 0.656250 0.359375 0.664062 0.359375 0.671875 0.351562 0.671875 0.332031 0.675781 0.328125 0.695312 0.328125 0.699219 0.332031 0.707031 0.332031 0.710938 0.328125 0.734375 0.328125 0.742188 0.320312 0.757812 0.320312 0.761719 0.324219 0.761719 0.328125 0.777344 0.343750 0.777344 0.347656 0.781250 0.351562 0.781250 0.355469 0.785156 0.359375 0.785156 0.367188 0.792969 0.375000 0.792969 0.378906 0.800781 0.378906 0.800781 0.375000 0.804688 0.371094 0.804688 0.359375 0.812500 0.351562 0.832031 0.351562 0.835938 0.347656 0.839844 0.347656 0.843750 0.343750 0.859375 0.343750 0.863281 0.347656 0.863281 0.355469 0.867188 0.359375 0.867188 0.386719 0.859375 0.394531 0.859375 0.406250 0.867188 0.406250 0.867188 0.402344 0.882812 0.386719 0.886719 0.386719 0.886719 0.382812 0.890625 0.378906 0.894531 0.378906 0.894531 0.371094 0.898438 0.367188 0.898438 0.347656 0.890625 0.339844 0.878906 0.339844 0.875000 0.343750 0.847656 0.343750 0.843750 0.339844 0.843750 0.324219 0.851562 0.316406 0.851562 0.308594 0.835938 0.308594 0.832031 0.312500 0.832031 0.320312 0.828125 0.324219 0.789062 0.324219 0.785156 0.320312 0.785156 0.300781 0.781250 0.296875 0.781250 0.289062 0.773438 0.289062 0.773438 0.292969 0.769531 0.296875 0.734375 0.296875 0.730469 0.292969 0.726562 0.292969 0.722656 0.289062 0.722656 0.273438 0.718750 0.269531 0.718750 0.265625 0.714844 0.261719 0.714844 0.250000 0.699219 0.250000 0.695312 0.246094 0.695312 0.242188 0.691406 0.242188 0.687500 0.238281 0.687500 0.222656 0.691406 0.218750 0.703125 0.218750 0.710938 0.210938 0.710938 0.195312 0.714844 0.191406 0.742188 0.191406 0.742188 0.171875 0.734375 0.164062 0.734375 0.152344 0.718750 0.152344 0.710938 0.144531 0.710938 0.136719 0.707031 0.136719 0.699219 0.128906 0.699219 0.121094 0.695312 0.117188 0.695312 0.105469 0.691406 0.101562 0.691406 0.085938 0.687500 0.082031 0.687500 0.078125 0.683594 0.074219 0.683594 0.054688 0.687500 0.050781 0.691406 0.050781 0.695312 0.046875 0.695312 0.027344 0.679688 0.027344 0.675781 0.023438
