2 0.484375 0.902344 0.484375 0.914062 0.488281 0.917969 0.488281 0.925781 0.492188 0.929688 0.511719 0.929688 0.511719 0.925781 0.515625 0.921875 0.519531 0.921875 0.523438 0.917969 0.523438 0.910156 0.519531 0.906250 0.519531 0.902344
2 0.550781 0.847656 0.550781 0.855469 0.558594 0.855469 0.558594 0.847656
2 0.710938 0.730469 0.703125 0.738281 0.703125 0.750000 0.726562 0.750000 0.730469 0.746094 0.734375 0.746094 0.734375 0.734375 0.722656 0.734375 0.718750 0.730469
2 0.179688 0.675781 0.179688 0.683594 0.187500 0.691406 0.187500 0.707031 0.183594 0.710938 0.167969 0.710938 0.167969 0.722656 0.171875 0.726562 0.171875 0.742188 0.175781 0.742188 0.179688 0.746094 0.179688 0.750000 0.183594 0.753906 0.183594 0.769531 0.179688 0.773438 0.175781 0.773438 0.175781 0.777344 0.171875 0.781250 0.167969 0.781250 0.167969 0.789062 0.175781 0.789062 0.179688 0.792969 0.199219 0.792969 0.203125 0.796875 0.203125 0.820312 0.210938 0.820312 0.210938 0.808594 0.214844 0.804688 0.230469 0.804688 0.234375 0.808594 0.234375 0.812500 0.242188 0.812500 0.246094 0.808594 0.250000 0.808594 0.250000 0.800781 0.222656 0.800781 0.218750 0.796875 0.203125 0.796875 0.199219 0.792969 0.199219 0.765625 0.203125 0.761719 0.214844 0.761719 0.218750 0.757812 0.222656 0.757812 0.226562 0.753906 0.226562 0.746094 0.222656 0.746094 0.214844 0.738281 0.214844 0.722656 0.222656 0.714844 0.222656 0.695312 0.226562 0.691406 0.234375 0.691406 0.234375 0.683594 0.199219 0.683594 0.195312 0.679688 0.191406 0.679688 0.187500 0.675781
2 0.738281 0.613281 0.738281 0.617188 0.734375 0.621094 0.730469 0.621094 0.730469 0.625000 0.726562 0.628906 0.714844 0.628906 0.714844 0.632812 0.710938 0.636719 0.707031 0.636719 0.703125 0.640625 0.679688 0.640625 0.679688 0.664062 0.675781 0.667969 0.664062 0.667969 0.660156 0.671875 0.648438 0.671875 0.640625 0.679688 0.636719 0.679688 0.628906 0.687500 0.621094 0.687500 0.617188 0.691406 0.609375 0.691406 0.605469 0.695312 0.605469 0.710938 0.617188 0.710938 0.621094 0.707031 0.628906 0.707031 0.632812 0.703125 0.648438 0.703125 0.652344 0.707031 0.710938 0.707031 0.714844 0.703125 0.742188 0.703125 0.746094 0.707031 0.746094 0.714844 0.773438 0.714844 0.781250 0.707031 0.804688 0.707031 0.808594 0.710938 0.808594 0.714844 0.816406 0.722656 0.820312 0.722656 0.824219 0.726562 0.824219 0.753906 0.828125 0.757812 0.828125 0.761719 0.843750 0.761719 0.843750 0.746094 0.839844 0.742188 0.839844 0.738281 0.835938 0.734375 0.835938 0.667969 0.839844 0.664062 0.843750 0.664062 0.843750 0.652344 0.835938 0.652344 0.816406 0.671875 0.816406 0.675781 0.812500 0.679688 0.796875 0.679688 0.792969 0.675781 0.792969 0.667969 0.777344 0.667969 0.773438 0.664062 0.773438 0.644531 0.777344 0.640625 0.777344 0.628906 0.769531 0.628906 0.765625 0.625000 0.765625 0.621094 0.757812 0.613281
2 0.832031 0.609375 0.832031 0.621094 0.835938 0.625000 0.839844 0.625000 0.847656 0.632812 0.847656 0.640625 0.859375 0.640625 0.859375 0.628906 0.855469 0.628906 0.851562 0.625000 0.851562 0.613281 0.847656 0.609375
2 0.097656 0.605469 0.097656 0.625000 0.105469 0.632812 0.113281 0.632812 0.117188 0.636719 0.117188 0.640625 0.125000 0.648438 0.128906 0.648438 0.132812 0.652344 0.132812 0.671875 0.128906 0.675781 0.121094 0.675781 0.117188 0.679688 0.117188 0.703125 0.113281 0.707031 0.097656 0.707031 0.093750 0.703125 0.093750 0.695312 0.085938 0.687500 0.085938 0.679688 0.082031 0.675781 0.070312 0.675781 0.070312 0.691406 0.074219 0.695312 0.074219 0.699219 0.078125 0.699219 0.082031 0.703125 0.082031 0.707031 0.093750 0.707031 0.097656 0.710938 0.097656 0.718750 0.101562 0.722656 0.101562 0.726562 0.136719 0.726562 0.136719 0.718750 0.128906 0.718750 0.125000 0.714844 0.125000 0.691406 0.128906 0.687500 0.132812 0.687500 0.132812 0.683594 0.136719 0.679688 0.156250 0.679688 0.156250 0.660156 0.152344 0.656250 0.152344 0.632812 0.132812 0.632812 0.121094 0.621094 0.113281 0.621094 0.109375 0.617188 0.109375 0.605469
2 0.140625 0.566406 0.136719 0.570312 0.128906 0.570312 0.125000 0.574219 0.117188 0.574219 0.117188 0.578125 0.113281 0.582031 0.113281 0.597656 0.128906 0.597656 0.136719 0.589844 0.136719 0.585938 0.140625 0.582031 0.164062 0.582031 0.179688 0.597656 0.187500 0.597656 0.187500 0.585938 0.191406 0.582031 0.191406 0.570312 0.152344 0.570312 0.148438 0.566406
2 0.824219 0.546875 0.820312 0.550781 0.816406 0.550781 0.812500 0.554688 0.804688 0.554688 0.800781 0.558594 0.796875 0.558594 0.796875 0.562500 0.792969 0.566406 0.792969 0.570312 0.789062 0.574219 0.789062 0.582031 0.804688 0.582031 0.808594 0.578125 0.808594 0.570312 0.820312 0.558594 0.824219 0.558594 0.828125 0.554688 0.832031 0.554688 0.832031 0.546875
2 0.890625 0.488281 0.890625 0.496094 0.898438 0.503906 0.898438 0.519531 0.886719 0.531250 0.886719 0.542969 0.894531 0.542969 0.910156 0.527344 0.910156 0.492188 0.902344 0.492188 0.898438 0.488281
2 0.875000 0.476562 0.875000 0.484375 0.882812 0.484375 0.882812 0.476562
2 0.824219 0.394531 0.824219 0.402344 0.820312 0.406250 0.816406 0.406250 0.816406 0.410156 0.812500 0.414062 0.812500 0.421875 0.808594 0.425781 0.804688 0.425781 0.800781 0.429688 0.800781 0.441406 0.796875 0.445312 0.796875 0.460938 0.804688 0.460938 0.808594 0.457031 0.812500 0.457031 0.816406 0.453125 0.820312 0.453125 0.820312 0.445312 0.824219 0.441406 0.843750 0.441406 0.843750 0.410156 0.835938 0.402344 0.835938 0.394531
2 0.660156 0.359375 0.660156 0.367188 0.671875 0.367188 0.671875 0.359375
2 0.429688 0.261719 0.429688 0.265625 0.425781 0.269531 0.406250 0.269531 0.402344 0.273438 0.402344 0.281250 0.417969 0.281250 0.417969 0.277344 0.421875 0.273438 0.437500 0.273438 0.437500 0.261719
2 0.609375 0.222656 0.609375 0.230469 0.617188 0.230469 0.617188 0.222656
2 0.683594 0.039062 0.671875 0.050781 0.664062 0.050781 0.664062 0.062500 0.660156 0.066406 0.656250 0.066406 0.652344 0.070312 0.652344 0.074219 0.644531 0.082031 0.640625 0.082031 0.636719 0.085938 0.628906 0.085938 0.628906 0.089844 0.625000 0.093750 0.621094 0.093750 0.621094 0.097656 0.617188 0.101562 0.613281 0.101562 0.609375 0.105469 0.605469 0.105469 0.601562 0.109375 0.597656 0.109375 0.597656 0.117188 0.593750 0.121094 0.585938 0.121094 0.582031 0.125000 0.578125 0.125000 0.578125 0.140625 0.582031 0.144531 0.582031 0.148438 0.585938 0.148438 0.593750 0.156250 0.593750 0.160156 0.597656 0.160156 0.601562 0.164062 0.613281 0.164062 0.617188 0.160156 0.648438 0.160156 0.652344 0.164062 0.652344 0.183594 0.656250 0.183594 0.664062 0.191406 0.664062 0.195312 0.667969 0.199219 0.667969 0.238281 0.664062 0.242188 0.660156 0.242188 0.660156 0.246094 0.656250 0.250000 0.656250 0.269531 0.652344 0.273438 0.644531 0.273438 0.644531 0.277344 0.640625 0.281250 0.636719 0.281250 0.636719 0.289062 0.632812 0.292969 0.609375 0.292969 0.601562 0.285156 0.601562 0.269531 0.605469 0.265625 0.609375 0.265625 0.609375 0.253906 0.601562 0.253906 0.597656 0.250000 0.554688 0.250000 0.550781 0.246094 0.550781 0.234375 0.542969 0.234375 0.539062 0.230469 0.519531 0.230469 0.515625 0.226562 0.515625 0.218750 0.511719 0.214844 0.511719 0.191406 0.503906 0.191406 0.500000 0.195312 0.496094 0.195312 0.496094 0.199219 0.492188 0.203125 0.492188 0.218750 0.488281 0.222656 0.484375 0.222656 0.480469 0.226562 0.480469 0.234375 0.496094 0.234375 0.500000 0.238281 0.503906 0.238281 0.507812 0.242188 0.507812 0.265625 0.515625 0.265625 0.519531 0.261719 0.535156 0.261719 0.539062 0.265625 0.539062 0.269531 0.542969 0.269531 0.546875 0.273438 0.562500 0.273438 0.566406 0.277344 0.578125 0.277344 0.582031 0.281250 0.585938 0.281250 0.589844 0.285156 0.589844 0.300781 0.593750 0.304688 0.593750 0.320312 0.589844 0.324219 0.570312 0.324219 0.566406 0.328125 0.566406 0.339844 0.562500 0.343750 0.535156 0.343750 0.531250 0.339844 0.515625 0.339844 0.511719 0.335938 0.511719 0.316406 0.500000 0.316406 0.496094 0.312500 0.496094 0.308594 0.492188 0.304688 0.492188 0.296875 0.480469 0.296875 0.476562 0.292969 0.468750 0.292969 0.464844 0.289062 0.453125 0.289062 0.453125 0.292969 0.449219 0.296875 0.421875 0.296875 0.421875 0.308594 0.425781 0.308594 0.429688 0.312500 0.429688 0.316406 0.433594 0.320312 0.433594 0.324219 0.437500 0.328125 0.437500 0.332031 0.441406 0.335938 0.441406 0.363281 0.437500 0.367188 0.429688 0.367188 0.421875 0.375000 0.421875 0.390625 0.417969 0.394531 0.402344 0.394531 0.398438 0.390625 0.398438 0.375000 0.390625 0.375000 0.386719 0.371094 0.382812 0.371094 0.375000 0.363281 0.371094 0.363281 0.367188 0.359375 0.351562 0.359375 0.347656 0.355469 0.347656 0.339844 0.351562 0.335938 0.355469 0.335938 0.359375 0.332031 0.363281 0.332031 0.363281 0.328125 0.371094 0.320312 0.386719 0.320312 0.390625 0.324219 0.402344 0.324219 0.402344 0.316406 0.378906 0.316406 0.375000 0.312500 0.375000 0.308594 0.363281 0.308594 0.351562 0.320312 0.347656 0.320312 0.339844 0.328125 0.339844 0.355469 0.335938 0.359375 0.335938 0.367188 0.324219 0.378906 0.324219 0.386719 0.320312 0.390625 0.316406 0.390625 0.316406 0.414062 0.312500 0.417969 0.304688 0.417969 0.304688 0.425781 0.308594 0.429688 0.308594 0.433594 0.335938 0.433594 0.339844 0.437500 0.359375 0.437500 0.363281 0.441406 0.375000 0.441406 0.378906 0.445312 0.398438 0.445312 0.402344 0.449219 0.421875 0.449219 0.425781 0.453125 0.437500 0.453125 0.441406 0.449219 0.441406 0.445312 0.445312 0.441406 0.464844 0.441406 0.476562 0.453125 0.476562 0.457031 0.496094 0.457031 0.503906 0.464844 0.503906 0.492188 0.496094 0.500000 0.488281 0.500000 0.480469 0.507812 0.472656 0.507812 0.472656 0.515625 0.496094 0.515625 0.500000 0.519531 0.500000 0.535156 0.496094 0.539062 0.496094 0.542969 0.492188 0.546875 0.492188 0.550781 0.488281 0.554688 0.484375 0.554688 0.484375 0.566406 0.480469 0.570312 0.464844 0.570312 0.460938 0.566406 0.460938 0.550781 0.425781 0.550781 0.421875 0.546875 0.414062 0.546875 0.410156 0.542969 0.355469 0.542969 0.351562 0.539062 0.335938 0.539062 0.332031 0.535156 0.324219 0.535156 0.316406 0.527344 0.316406 0.519531 0.312500 0.515625 0.312500 0.488281 0.316406 0.484375 0.324219 0.484375 0.328125 0.480469 0.328125 0.472656 0.324219 0.472656 0.320312 0.468750 0.316406 0.468750 0.312500 0.464844 0.292969 0.464844 0.289062 0.468750 0.285156 0.468750 0.273438 0.480469 0.269531 0.480469 0.265625 0.484375 0.265625 0.488281 0.261719 0.492188 0.257812 0.492188 0.257812 0.496094 0.250000 0.503906 0.250000 0.511719 0.242188 0.519531 0.242188 0.523438 0.234375 0.531250 0.234375 0.539062 0.230469 0.542969 0.222656 0.542969 0.218750 0.546875 0.218750 0.554688 0.242188 0.554688 0.246094 0.558594 0.246094 0.574219 0.242188 0.578125 0.218750 0.578125 0.218750 0.597656 0.214844 0.601562 0.214844 0.609375 0.226562 0.609375 0.230469 0.613281 0.230469 0.617188 0.234375 0.617188 0.238281 0.621094 0.246094 0.621094 0.246094 0.617188 0.250000 0.613281 0.269531 0.613281 0.273438 0.617188 0.273438 0.625000 0.277344 0.628906 0.277344 0.656250 0.285156 0.656250 0.285156 0.644531 0.289062 0.640625 0.304688 0.640625 0.308594 0.644531 0.308594 0.648438 0.316406 0.648438 0.320312 0.652344 0.335938 0.652344 0.339844 0.656250 0.339844 0.660156 0.343750 0.664062 0.343750 0.671875 0.347656 0.675781 0.347656 0.691406 0.343750 0.695312 0.328125 0.695312 0.324219 0.691406 0.292969 0.691406 0.292969 0.699219 0.289062 0.703125 0.261719 0.703125 0.257812 0.699219 0.257812 0.695312 0.246094 0.695312 0.246094 0.714844 0.253906 0.722656 0.253906 0.738281 0.265625 0.738281 0.265625 0.734375 0.269531 0.730469 0.269531 0.726562 0.273438 0.722656 0.273438 0.718750 0.277344 0.714844 0.300781 0.714844 0.304688 0.718750 0.308594 0.718750 0.312500 0.722656 0.312500 0.742188 0.332031 0.742188 0.332031 0.738281 0.335938 0.734375 0.351562 0.734375 0.355469 0.730469 0.359375 0.730469 0.363281 0.726562 0.378906 0.726562 0.382812 0.730469 0.382812 0.746094 0.386719 0.750000 0.386719 0.765625 0.382812 0.769531 0.375000 0.769531 0.371094 0.773438 0.367188 0.773438 0.363281 0.777344 0.355469 0.777344 0.355469 0.789062 0.351562 0.792969 0.320312 0.792969 0.316406 0.796875 0.308594 0.796875 0.308594 0.820312 0.304688 0.824219 0.304688 0.832031 0.308594 0.832031 0.312500 0.835938 0.328125 0.835938 0.332031 0.839844 0.378906 0.839844 0.382812 0.835938 0.398438 0.835938 0.402344 0.839844 0.402344 0.851562 0.410156 0.851562 0.410156 0.832031 0.414062 0.828125 0.433594 0.828125 0.441406 0.820312 0.460938 0.820312 0.464844 0.824219 0.464844 0.843750 0.460938 0.847656 0.460938 0.863281 0.453125 0.871094 0.453125 0.886719 0.460938 0.886719 0.460938 0.882812 0.468750 0.875000 0.468750 0.867188 0.472656 0.863281 0.484375 0.863281 0.484375 0.839844 0.488281 0.835938 0.507812 0.835938 0.511719 0.839844 0.535156 0.839844 0.535156 0.832031 0.531250 0.828125 0.531250 0.808594 0.542969 0.796875 0.542969 0.781250 0.515625 0.781250 0.511719 0.777344 0.496094 0.777344 0.488281 0.785156 0.472656 0.785156 0.464844 0.777344 0.464844 0.742188 0.468750 0.738281 0.472656 0.738281 0.476562 0.734375 0.496094 0.734375 0.500000 0.738281 0.500000 0.753906 0.507812 0.753906 0.515625 0.746094 0.558594 0.746094 0.562500 0.750000 0.562500 0.757812 0.578125 0.757812 0.582031 0.761719 0.582031 0.792969 0.585938 0.792969 0.589844 0.796875 0.609375 0.796875 0.613281 0.800781 0.652344 0.800781 0.660156 0.808594 0.664062 0.808594 0.667969 0.812500 0.687500 0.812500 0.691406 0.816406 0.691406 0.824219 0.695312 0.824219 0.699219 0.828125 0.699219 0.832031 0.703125 0.832031 0.707031 0.835938 0.714844 0.835938 0.718750 0.832031 0.742188 0.832031 0.746094 0.828125 0.765625 0.828125 0.769531 0.824219 0.785156 0.824219 0.789062 0.828125 0.789062 0.847656 0.796875 0.855469 0.796875 0.859375 0.804688 0.859375 0.812500 0.851562 0.820312 0.851562 0.820312 0.847656 0.824219 0.843750 0.828125 0.843750 0.828125 0.839844 0.832031 0.835938 0.835938 0.835938 0.835938 0.832031 0.839844 0.828125 0.843750 0.828125 0.843750 0.816406 0.847656 0.812500 0.863281 0.812500 0.867188 0.808594 0.867188 0.804688 0.871094 0.800781 0.871094 0.796875 0.878906 0.789062 0.886719 0.789062 0.886719 0.777344 0.878906 0.769531 0.867188 0.769531 0.863281 0.773438 0.855469 0.773438 0.855469 0.781250 0.851562 0.785156 0.851562 0.789062 0.847656 0.792969 0.832031 0.792969 0.824219 0.785156 0.785156 0.785156 0.781250 0.781250 0.769531 0.781250 0.765625 0.785156 0.753906 0.785156 0.750000 0.789062 0.742188 0.789062 0.738281 0.792969 0.710938 0.792969 0.707031 0.789062 0.707031 0.781250 0.691406 0.781250 0.687500 0.777344 0.687500 0.757812 0.671875 0.757812 0.667969 0.761719 0.664062 0.761719 0.664062 0.765625 0.656250 0.773438 0.644531 0.773438 0.640625 0.777344 0.632812 0.777344 0.632812 0.785156 0.628906 0.789062 0.613281 0.789062 0.605469 0.781250 0.605469 0.777344 0.601562 0.773438 0.597656 0.773438 0.593750 0.769531 0.593750 0.753906 0.597656 0.750000 0.597656 0.730469 0.601562 0.726562 0.601562 0.718750 0.585938 0.718750 0.582031 0.722656 0.574219 0.722656 0.570312 0.726562 0.554688 0.726562 0.550781 0.722656 0.550781 0.710938 0.539062 0.710938 0.535156 0.707031 0.535156 0.691406 0.531250 0.687500 0.531250 0.664062 0.535156 0.660156 0.539062 0.660156 0.542969 0.656250 0.546875 0.656250 0.554688 0.648438 0.554688 0.636719 0.558594 0.632812 0.570312 0.632812 0.574219 0.628906 0.582031 0.628906 0.589844 0.621094 0.597656 0.621094 0.597656 0.613281 0.570312 0.613281 0.566406 0.609375 0.566406 0.574219 0.570312 0.570312 0.589844 0.570312 0.593750 0.574219 0.621094 0.574219 0.628906 0.566406 0.636719 0.566406 0.640625 0.562500 0.640625 0.554688 0.589844 0.554688 0.585938 0.550781 0.585938 0.539062 0.582031 0.539062 0.578125 0.535156 0.570312 0.535156 0.566406 0.531250 0.562500 0.531250 0.558594 0.527344 0.558594 0.507812 0.566406 0.500000 0.593750 0.500000 0.597656 0.503906 0.644531 0.503906 0.648438 0.507812 0.660156 0.507812 0.660156 0.500000 0.652344 0.492188 0.652344 0.468750 0.660156 0.460938 0.664062 0.460938 0.664062 0.445312 0.667969 0.441406 0.667969 0.433594 0.664062 0.429688 0.664062 0.414062 0.648438 0.414062 0.648438 0.425781 0.644531 0.429688 0.636719 0.429688 0.636719 0.433594 0.632812 0.437500 0.605469 0.437500 0.601562 0.441406 0.582031 0.441406 0.578125 0.437500 0.578125 0.429688 0.570312 0.421875 0.566406 0.421875 0.562500 0.417969 0.562500 0.386719 0.570312 0.378906 0.589844 0.378906 0.589844 0.375000 0.593750 0.371094 0.601562 0.371094 0.609375 0.363281 0.613281 0.363281 0.613281 0.359375 0.617188 0.355469 0.636719 0.355469 0.636719 0.351562 0.640625 0.347656 0.652344 0.347656 0.652344 0.335938 0.656250 0.332031 0.675781 0.332031 0.679688 0.335938 0.679688 0.347656 0.695312 0.347656 0.699219 0.351562 0.699219 0.367188 0.707031 0.367188 0.710938 0.363281 0.710938 0.343750 0.714844 0.339844 0.718750 0.339844 0.718750 0.308594 0.722656 0.304688 0.726562 0.304688 0.734375 0.296875 0.742188 0.296875 0.746094 0.292969 0.746094 0.281250 0.742188 0.281250 0.738281 0.277344 0.738281 0.269531 0.734375 0.269531 0.730469 0.265625 0.699219 0.265625 0.695312 0.261719 0.695312 0.257812 0.691406 0.257812 0.687500 0.253906 0.687500 0.246094 0.683594 0.242188 0.683594 0.238281 0.679688 0.234375 0.679688 0.199219 0.683594 0.195312 0.683594 0.187500 0.687500 0.183594 0.687500 0.171875 0.691406 0.167969 0.699219 0.167969 0.699219 0.156250 0.691406 0.148438 0.691406 0.132812 0.687500 0.128906 0.687500 0.109375 0.691406 0.105469 0.691406 0.101562 0.695312 0.097656 0.695312 0.082031 0.699219 0.078125 0.699219 0.074219 0.703125 0.070312 0.703125 0.066406 0.707031 0.062500 0.710938 0.062500 0.710938 0.054688 0.707031 0.050781 0.707031 0.046875 0.703125 0.042969 0.699219 0.042969 0.695312 0.039062
