2 0.929688 0.890625 0.925781 0.894531 0.898438 0.894531 0.898438 0.914062 0.910156 0.914062 0.925781 0.929688 0.925781 0.933594 0.941406 0.933594 0.941406 0.910156 0.945312 0.906250 0.945312 0.902344 0.949219 0.898438 0.957031 0.898438 0.957031 0.890625
2 0.605469 0.886719 0.605469 0.890625 0.601562 0.894531 0.597656 0.894531 0.597656 0.910156 0.636719 0.910156 0.636719 0.902344 0.625000 0.902344 0.617188 0.894531 0.617188 0.886719
2 0.625000 0.855469 0.625000 0.871094 0.632812 0.871094 0.632812 0.855469
2 0.906250 0.839844 0.902344 0.843750 0.902344 0.855469 0.906250 0.855469 0.910156 0.859375 0.917969 0.859375 0.917969 0.847656 0.914062 0.843750 0.914062 0.839844
2 0.582031 0.800781 0.582031 0.808594 0.585938 0.808594 0.589844 0.812500 0.589844 0.816406 0.593750 0.820312 0.601562 0.820312 0.605469 0.824219 0.605469 0.847656 0.609375 0.851562 0.617188 0.851562 0.617188 0.828125 0.613281 0.824219 0.613281 0.804688 0.605469 0.804688 0.601562 0.800781
2 0.507812 0.765625 0.507812 0.785156 0.503906 0.789062 0.500000 0.789062 0.500000 0.796875 0.515625 0.796875 0.519531 0.800781 0.519531 0.804688 0.523438 0.804688 0.527344 0.808594 0.527344 0.824219 0.531250 0.828125 0.531250 0.855469 0.535156 0.855469 0.539062 0.859375 0.562500 0.859375 0.562500 0.832031 0.546875 0.816406 0.546875 0.800781 0.554688 0.792969 0.554688 0.785156 0.550781 0.785156 0.546875 0.781250 0.531250 0.781250 0.527344 0.777344 0.527344 0.769531 0.523438 0.769531 0.519531 0.765625
2 0.566406 0.750000 0.566406 0.761719 0.574219 0.761719 0.574219 0.750000
2 0.792969 0.738281 0.789062 0.742188 0.789062 0.761719 0.781250 0.769531 0.777344 0.769531 0.777344 0.773438 0.773438 0.777344 0.765625 0.777344 0.765625 0.789062 0.773438 0.796875 0.773438 0.839844 0.769531 0.843750 0.750000 0.843750 0.750000 0.875000 0.742188 0.882812 0.742188 0.886719 0.726562 0.902344 0.718750 0.902344 0.710938 0.910156 0.703125 0.910156 0.699219 0.914062 0.695312 0.914062 0.695312 0.929688 0.703125 0.929688 0.710938 0.937500 0.718750 0.937500 0.722656 0.941406 0.730469 0.941406 0.734375 0.945312 0.742188 0.945312 0.746094 0.949219 0.761719 0.949219 0.765625 0.953125 0.777344 0.953125 0.781250 0.957031 0.789062 0.957031 0.792969 0.960938 0.792969 0.964844 0.835938 0.964844 0.835938 0.949219 0.828125 0.941406 0.824219 0.941406 0.820312 0.937500 0.820312 0.921875 0.828125 0.914062 0.835938 0.914062 0.835938 0.910156 0.843750 0.902344 0.847656 0.902344 0.851562 0.898438 0.863281 0.898438 0.871094 0.890625 0.886719 0.890625 0.886719 0.871094 0.871094 0.871094 0.867188 0.875000 0.855469 0.875000 0.851562 0.878906 0.847656 0.878906 0.839844 0.886719 0.816406 0.886719 0.808594 0.894531 0.804688 0.894531 0.800781 0.898438 0.785156 0.898438 0.781250 0.894531 0.781250 0.855469 0.785156 0.851562 0.796875 0.851562 0.800781 0.847656 0.816406 0.847656 0.820312 0.851562 0.828125 0.851562 0.828125 0.843750 0.812500 0.843750 0.808594 0.839844 0.808594 0.832031 0.804688 0.828125 0.804688 0.824219 0.785156 0.824219 0.781250 0.820312 0.781250 0.812500 0.777344 0.808594 0.777344 0.792969 0.781250 0.789062 0.781250 0.785156 0.785156 0.781250 0.800781 0.781250 0.804688 0.785156 0.820312 0.785156 0.824219 0.789062 0.828125 0.789062 0.835938 0.796875 0.839844 0.796875 0.843750 0.800781 0.851562 0.800781 0.855469 0.796875 0.855469 0.781250 0.835938 0.781250 0.832031 0.777344 0.832031 0.750000 0.824219 0.750000 0.820312 0.746094 0.820312 0.742188 0.804688 0.742188 0.800781 0.738281
2 0.703125 0.738281 0.699219 0.742188 0.691406 0.742188 0.691406 0.750000 0.695312 0.753906 0.695312 0.773438 0.691406 0.777344 0.679688 0.777344 0.675781 0.781250 0.671875 0.781250 0.667969 0.785156 0.656250 0.785156 0.652344 0.789062 0.652344 0.796875 0.660156 0.796875 0.664062 0.800781 0.664062 0.804688 0.671875 0.804688 0.675781 0.800781 0.695312 0.800781 0.699219 0.804688 0.699219 0.824219 0.695312 0.828125 0.687500 0.828125 0.687500 0.843750 0.699219 0.843750 0.703125 0.839844 0.703125 0.828125 0.707031 0.824219 0.722656 0.824219 0.726562 0.828125 0.726562 0.835938 0.742188 0.835938 0.742188 0.824219 0.738281 0.824219 0.734375 0.820312 0.734375 0.816406 0.730469 0.812500 0.714844 0.812500 0.710938 0.808594 0.710938 0.792969 0.714844 0.789062 0.714844 0.781250 0.710938 0.777344 0.710938 0.738281
2 0.597656 0.722656 0.589844 0.730469 0.589844 0.746094 0.597656 0.746094 0.601562 0.742188 0.609375 0.742188 0.609375 0.738281 0.613281 0.734375 0.613281 0.722656
2 0.457031 0.707031 0.457031 0.718750 0.460938 0.722656 0.464844 0.722656 0.468750 0.726562 0.468750 0.742188 0.464844 0.746094 0.445312 0.746094 0.441406 0.742188 0.429688 0.742188 0.429688 0.761719 0.425781 0.765625 0.398438 0.765625 0.394531 0.761719 0.394531 0.757812 0.390625 0.757812 0.386719 0.753906 0.386719 0.750000 0.378906 0.742188 0.363281 0.742188 0.359375 0.746094 0.359375 0.753906 0.363281 0.753906 0.367188 0.757812 0.367188 0.773438 0.363281 0.777344 0.343750 0.777344 0.339844 0.773438 0.312500 0.773438 0.308594 0.777344 0.269531 0.777344 0.265625 0.773438 0.246094 0.773438 0.246094 0.777344 0.242188 0.781250 0.234375 0.781250 0.230469 0.785156 0.226562 0.785156 0.218750 0.792969 0.218750 0.812500 0.234375 0.812500 0.238281 0.808594 0.238281 0.804688 0.242188 0.800781 0.242188 0.796875 0.250000 0.789062 0.292969 0.789062 0.296875 0.792969 0.296875 0.820312 0.300781 0.824219 0.328125 0.824219 0.328125 0.820312 0.335938 0.812500 0.363281 0.812500 0.367188 0.816406 0.375000 0.816406 0.375000 0.804688 0.378906 0.800781 0.394531 0.800781 0.394531 0.796875 0.398438 0.792969 0.421875 0.792969 0.425781 0.789062 0.433594 0.789062 0.433594 0.769531 0.437500 0.765625 0.460938 0.765625 0.464844 0.761719 0.484375 0.761719 0.484375 0.742188 0.488281 0.738281 0.488281 0.734375 0.492188 0.730469 0.492188 0.714844 0.472656 0.714844 0.464844 0.707031
2 0.675781 0.683594 0.675781 0.691406 0.671875 0.695312 0.671875 0.707031 0.710938 0.707031 0.714844 0.710938 0.718750 0.710938 0.722656 0.714844 0.730469 0.714844 0.730469 0.707031 0.726562 0.703125 0.726562 0.695312 0.687500 0.695312 0.683594 0.691406 0.683594 0.683594
2 0.648438 0.656250 0.648438 0.671875 0.660156 0.671875 0.660156 0.664062 0.656250 0.660156 0.656250 0.656250
2 0.136719 0.589844 0.136719 0.597656 0.140625 0.597656 0.144531 0.601562 0.148438 0.601562 0.152344 0.605469 0.156250 0.605469 0.164062 0.613281 0.167969 0.613281 0.171875 0.617188 0.171875 0.640625 0.167969 0.644531 0.160156 0.644531 0.156250 0.648438 0.070312 0.648438 0.066406 0.644531 0.019531 0.644531 0.015625 0.648438 0.015625 0.652344 0.011719 0.656250 0.011719 0.667969 0.015625 0.671875 0.015625 0.675781 0.039062 0.675781 0.042969 0.679688 0.078125 0.679688 0.082031 0.683594 0.105469 0.683594 0.109375 0.687500 0.117188 0.687500 0.121094 0.683594 0.144531 0.683594 0.148438 0.687500 0.148438 0.691406 0.156250 0.691406 0.160156 0.687500 0.183594 0.687500 0.187500 0.683594 0.207031 0.683594 0.210938 0.687500 0.218750 0.687500 0.222656 0.691406 0.226562 0.691406 0.230469 0.695312 0.234375 0.695312 0.238281 0.699219 0.253906 0.699219 0.257812 0.695312 0.296875 0.695312 0.300781 0.699219 0.300781 0.707031 0.304688 0.710938 0.308594 0.710938 0.316406 0.718750 0.320312 0.718750 0.324219 0.722656 0.339844 0.722656 0.339844 0.714844 0.335938 0.714844 0.332031 0.710938 0.332031 0.695312 0.335938 0.691406 0.335938 0.683594 0.332031 0.679688 0.328125 0.679688 0.324219 0.675781 0.316406 0.675781 0.312500 0.671875 0.312500 0.644531 0.316406 0.640625 0.324219 0.640625 0.324219 0.625000 0.320312 0.621094 0.316406 0.621094 0.312500 0.617188 0.312500 0.597656 0.304688 0.597656 0.300781 0.601562 0.300781 0.613281 0.304688 0.617188 0.304688 0.640625 0.300781 0.644531 0.292969 0.644531 0.289062 0.648438 0.281250 0.648438 0.281250 0.652344 0.277344 0.656250 0.273438 0.656250 0.269531 0.660156 0.269531 0.664062 0.265625 0.667969 0.242188 0.667969 0.238281 0.664062 0.238281 0.640625 0.242188 0.636719 0.246094 0.636719 0.250000 0.632812 0.250000 0.609375 0.234375 0.609375 0.230469 0.605469 0.230469 0.597656 0.226562 0.597656 0.222656 0.593750 0.175781 0.593750 0.171875 0.589844
2 0.261719 0.496094 0.257812 0.500000 0.250000 0.500000 0.250000 0.523438 0.246094 0.527344 0.246094 0.535156 0.250000 0.539062 0.250000 0.542969 0.253906 0.546875 0.253906 0.554688 0.257812 0.558594 0.257812 0.570312 0.261719 0.574219 0.261719 0.578125 0.273438 0.578125 0.273438 0.570312 0.269531 0.570312 0.265625 0.566406 0.265625 0.550781 0.269531 0.546875 0.269531 0.527344 0.273438 0.523438 0.281250 0.523438 0.281250 0.515625 0.269531 0.503906 0.269531 0.496094
2 0.347656 0.492188 0.347656 0.507812 0.351562 0.511719 0.351562 0.519531 0.359375 0.527344 0.359375 0.535156 0.367188 0.542969 0.371094 0.542969 0.375000 0.546875 0.375000 0.558594 0.382812 0.558594 0.386719 0.562500 0.398438 0.562500 0.398438 0.550781 0.394531 0.546875 0.390625 0.546875 0.382812 0.539062 0.382812 0.531250 0.375000 0.523438 0.375000 0.507812 0.371094 0.507812 0.363281 0.500000 0.359375 0.500000 0.355469 0.496094 0.355469 0.492188
2 0.507812 0.480469 0.500000 0.488281 0.488281 0.488281 0.488281 0.496094 0.492188 0.500000 0.496094 0.500000 0.500000 0.503906 0.511719 0.503906 0.519531 0.496094 0.535156 0.496094 0.539062 0.500000 0.550781 0.500000 0.554688 0.496094 0.554688 0.488281 0.550781 0.484375 0.519531 0.484375 0.515625 0.480469
2 0.214844 0.468750 0.214844 0.480469 0.210938 0.484375 0.187500 0.484375 0.187500 0.496094 0.191406 0.500000 0.195312 0.500000 0.199219 0.503906 0.207031 0.503906 0.207031 0.500000 0.210938 0.496094 0.238281 0.496094 0.238281 0.480469 0.234375 0.480469 0.226562 0.472656 0.226562 0.468750
2 0.429688 0.417969 0.429688 0.421875 0.421875 0.429688 0.417969 0.429688 0.414062 0.433594 0.414062 0.445312 0.410156 0.449219 0.410156 0.457031 0.414062 0.460938 0.414062 0.472656 0.425781 0.472656 0.433594 0.464844 0.449219 0.464844 0.453125 0.460938 0.453125 0.453125 0.449219 0.453125 0.445312 0.449219 0.445312 0.425781 0.437500 0.417969
2 0.195312 0.417969 0.195312 0.425781 0.203125 0.433594 0.203125 0.441406 0.234375 0.441406 0.234375 0.425781 0.230469 0.425781 0.226562 0.421875 0.222656 0.421875 0.218750 0.417969
2 0.582031 0.386719 0.582031 0.394531 0.589844 0.394531 0.589844 0.386719
2 0.609375 0.347656 0.609375 0.359375 0.605469 0.363281 0.605469 0.371094 0.613281 0.371094 0.613281 0.367188 0.617188 0.363281 0.617188 0.347656
2 0.218750 0.339844 0.218750 0.351562 0.214844 0.355469 0.187500 0.355469 0.187500 0.371094 0.183594 0.375000 0.175781 0.375000 0.175781 0.414062 0.183594 0.414062 0.183594 0.394531 0.187500 0.390625 0.195312 0.390625 0.199219 0.386719 0.203125 0.386719 0.203125 0.382812 0.218750 0.367188 0.242188 0.367188 0.242188 0.351562 0.246094 0.347656 0.246094 0.339844
2 0.714844 0.308594 0.710938 0.312500 0.695312 0.312500 0.691406 0.316406 0.687500 0.316406 0.687500 0.332031 0.707031 0.332031 0.710938 0.335938 0.710938 0.359375 0.726562 0.359375 0.730469 0.363281 0.730469 0.378906 0.742188 0.378906 0.746094 0.382812 0.750000 0.382812 0.753906 0.386719 0.753906 0.414062 0.750000 0.417969 0.750000 0.421875 0.738281 0.433594 0.738281 0.476562 0.734375 0.480469 0.722656 0.480469 0.714844 0.488281 0.714844 0.492188 0.710938 0.496094 0.707031 0.496094 0.707031 0.507812 0.703125 0.511719 0.695312 0.511719 0.695312 0.515625 0.691406 0.519531 0.691406 0.523438 0.687500 0.527344 0.687500 0.539062 0.691406 0.542969 0.691406 0.558594 0.687500 0.562500 0.660156 0.562500 0.656250 0.558594 0.640625 0.558594 0.636719 0.554688 0.636719 0.515625 0.640625 0.511719 0.648438 0.511719 0.648438 0.503906 0.640625 0.503906 0.640625 0.511719 0.636719 0.515625 0.605469 0.515625 0.601562 0.511719 0.601562 0.496094 0.593750 0.496094 0.589844 0.492188 0.582031 0.492188 0.582031 0.500000 0.593750 0.511719 0.601562 0.511719 0.605469 0.515625 0.605469 0.539062 0.613281 0.539062 0.617188 0.542969 0.617188 0.582031 0.613281 0.585938 0.609375 0.585938 0.609375 0.593750 0.617188 0.593750 0.621094 0.589844 0.656250 0.589844 0.660156 0.593750 0.660156 0.632812 0.671875 0.632812 0.675781 0.628906 0.675781 0.617188 0.687500 0.605469 0.691406 0.605469 0.691406 0.601562 0.703125 0.589844 0.703125 0.582031 0.707031 0.578125 0.707031 0.550781 0.710938 0.546875 0.714844 0.546875 0.714844 0.542969 0.718750 0.539062 0.726562 0.539062 0.726562 0.527344 0.730469 0.523438 0.730469 0.519531 0.734375 0.515625 0.753906 0.515625 0.753906 0.503906 0.757812 0.500000 0.800781 0.500000 0.800781 0.472656 0.808594 0.464844 0.812500 0.464844 0.812500 0.449219 0.816406 0.445312 0.816406 0.437500 0.812500 0.433594 0.812500 0.406250 0.808594 0.406250 0.804688 0.402344 0.789062 0.402344 0.785156 0.398438 0.785156 0.390625 0.781250 0.390625 0.777344 0.386719 0.777344 0.371094 0.773438 0.371094 0.769531 0.367188 0.765625 0.367188 0.761719 0.363281 0.750000 0.363281 0.746094 0.359375 0.746094 0.339844 0.742188 0.335938 0.742188 0.332031 0.738281 0.328125 0.738281 0.324219 0.734375 0.320312 0.730469 0.320312 0.726562 0.316406 0.726562 0.312500 0.722656 0.308594
2 0.597656 0.253906 0.593750 0.257812 0.593750 0.265625 0.601562 0.273438 0.601562 0.316406 0.628906 0.316406 0.632812 0.320312 0.632812 0.328125 0.644531 0.328125 0.644531 0.292969 0.640625 0.292969 0.628906 0.281250 0.628906 0.277344 0.625000 0.273438 0.625000 0.265625 0.621094 0.261719 0.617188 0.261719 0.609375 0.253906
2 0.265625 0.250000 0.253906 0.261719 0.253906 0.265625 0.250000 0.269531 0.230469 0.269531 0.226562 0.265625 0.214844 0.265625 0.210938 0.269531 0.207031 0.269531 0.207031 0.304688 0.199219 0.312500 0.199219 0.324219 0.210938 0.324219 0.210938 0.296875 0.218750 0.289062 0.218750 0.285156 0.222656 0.281250 0.226562 0.281250 0.230469 0.277344 0.265625 0.277344 0.269531 0.273438 0.273438 0.273438 0.277344 0.269531 0.285156 0.269531 0.289062 0.265625 0.289062 0.257812 0.285156 0.253906 0.285156 0.250000
2 0.621094 0.105469 0.621094 0.113281 0.625000 0.117188 0.625000 0.136719 0.621094 0.140625 0.601562 0.140625 0.597656 0.144531 0.597656 0.156250 0.593750 0.160156 0.582031 0.160156 0.578125 0.164062 0.574219 0.164062 0.574219 0.171875 0.578125 0.175781 0.578125 0.183594 0.601562 0.183594 0.605469 0.187500 0.613281 0.187500 0.613281 0.183594 0.617188 0.179688 0.621094 0.179688 0.621094 0.171875 0.625000 0.167969 0.625000 0.156250 0.628906 0.152344 0.648438 0.152344 0.652344 0.156250 0.652344 0.160156 0.664062 0.160156 0.664062 0.152344 0.660156 0.148438 0.660156 0.136719 0.656250 0.132812 0.656250 0.121094 0.640625 0.121094 0.636719 0.117188 0.636719 0.105469
2 0.562500 0.058594 0.562500 0.078125 0.558594 0.082031 0.535156 0.082031 0.531250 0.085938 0.531250 0.101562 0.527344 0.105469 0.511719 0.105469 0.507812 0.109375 0.492188 0.109375 0.488281 0.105469 0.488281 0.089844 0.480469 0.089844 0.476562 0.093750 0.449219 0.093750 0.445312 0.089844 0.437500 0.089844 0.429688 0.082031 0.429688 0.078125 0.421875 0.070312 0.414062 0.070312 0.398438 0.085938 0.398438 0.109375 0.394531 0.113281 0.386719 0.113281 0.375000 0.125000 0.363281 0.125000 0.355469 0.132812 0.351562 0.132812 0.351562 0.156250 0.347656 0.160156 0.316406 0.160156 0.312500 0.164062 0.312500 0.167969 0.304688 0.175781 0.304688 0.179688 0.300781 0.183594 0.300781 0.191406 0.296875 0.195312 0.296875 0.199219 0.292969 0.203125 0.289062 0.203125 0.289062 0.210938 0.324219 0.210938 0.328125 0.214844 0.351562 0.214844 0.351562 0.210938 0.355469 0.207031 0.359375 0.207031 0.359375 0.195312 0.363281 0.191406 0.382812 0.191406 0.386719 0.195312 0.386719 0.214844 0.394531 0.222656 0.394531 0.230469 0.402344 0.238281 0.402344 0.242188 0.406250 0.246094 0.406250 0.273438 0.417969 0.273438 0.421875 0.277344 0.421875 0.285156 0.433594 0.285156 0.433594 0.257812 0.437500 0.253906 0.453125 0.253906 0.453125 0.242188 0.433594 0.242188 0.429688 0.238281 0.414062 0.238281 0.410156 0.234375 0.410156 0.218750 0.414062 0.214844 0.453125 0.214844 0.457031 0.218750 0.457031 0.222656 0.476562 0.222656 0.480469 0.226562 0.480469 0.230469 0.484375 0.234375 0.500000 0.234375 0.500000 0.222656 0.488281 0.222656 0.484375 0.218750 0.484375 0.203125 0.472656 0.203125 0.468750 0.199219 0.468750 0.179688 0.472656 0.175781 0.476562 0.175781 0.484375 0.167969 0.496094 0.167969 0.500000 0.164062 0.500000 0.152344 0.507812 0.144531 0.507812 0.121094 0.511719 0.117188 0.531250 0.117188 0.535156 0.113281 0.554688 0.113281 0.566406 0.101562 0.570312 0.101562 0.574219 0.097656 0.574219 0.089844 0.570312 0.089844 0.566406 0.085938 0.566406 0.070312 0.570312 0.066406 0.578125 0.066406 0.578125 0.058594
