2 0.656250 0.878906 0.652344 0.882812 0.652344 0.910156 0.636719 0.925781 0.632812 0.925781 0.632812 0.933594 0.660156 0.933594 0.660156 0.925781 0.664062 0.921875 0.667969 0.921875 0.667969 0.914062 0.664062 0.910156 0.664062 0.890625 0.667969 0.886719 0.667969 0.878906
2 0.531250 0.765625 0.527344 0.769531 0.527344 0.777344 0.531250 0.781250 0.531250 0.789062 0.535156 0.789062 0.539062 0.792969 0.539062 0.808594 0.531250 0.816406 0.527344 0.816406 0.527344 0.828125 0.531250 0.832031 0.531250 0.847656 0.527344 0.851562 0.527344 0.863281 0.542969 0.863281 0.550781 0.871094 0.550781 0.875000 0.558594 0.875000 0.558594 0.871094 0.562500 0.867188 0.562500 0.863281 0.566406 0.859375 0.570312 0.859375 0.570312 0.847656 0.574219 0.843750 0.593750 0.843750 0.593750 0.835938 0.589844 0.832031 0.585938 0.832031 0.582031 0.828125 0.582031 0.820312 0.578125 0.816406 0.578125 0.800781 0.585938 0.792969 0.589844 0.792969 0.593750 0.789062 0.593750 0.781250 0.566406 0.781250 0.562500 0.777344 0.554688 0.777344 0.542969 0.765625
2 0.757812 0.738281 0.753906 0.742188 0.746094 0.742188 0.742188 0.746094 0.726562 0.746094 0.722656 0.750000 0.718750 0.750000 0.718750 0.792969 0.722656 0.796875 0.722656 0.800781 0.765625 0.800781 0.769531 0.796875 0.777344 0.796875 0.777344 0.777344 0.781250 0.773438 0.796875 0.773438 0.800781 0.777344 0.824219 0.777344 0.828125 0.781250 0.828125 0.796875 0.824219 0.800781 0.824219 0.816406 0.828125 0.816406 0.832031 0.820312 0.851562 0.820312 0.851562 0.781250 0.847656 0.777344 0.843750 0.777344 0.839844 0.773438 0.839844 0.769531 0.804688 0.769531 0.792969 0.757812 0.789062 0.757812 0.785156 0.753906 0.785156 0.742188 0.777344 0.742188 0.773438 0.738281
2 0.378906 0.730469 0.378906 0.734375 0.375000 0.738281 0.375000 0.781250 0.371094 0.785156 0.335938 0.785156 0.332031 0.781250 0.316406 0.781250 0.316406 0.792969 0.320312 0.796875 0.335938 0.796875 0.339844 0.800781 0.375000 0.800781 0.378906 0.804688 0.464844 0.804688 0.464844 0.792969 0.460938 0.792969 0.457031 0.789062 0.457031 0.753906 0.453125 0.753906 0.449219 0.750000 0.449219 0.746094 0.445312 0.742188 0.433594 0.742188 0.429688 0.746094 0.429688 0.750000 0.421875 0.757812 0.394531 0.757812 0.390625 0.753906 0.390625 0.730469
2 0.609375 0.714844 0.609375 0.722656 0.617188 0.722656 0.617188 0.714844
2 0.156250 0.691406 0.156250 0.699219 0.160156 0.703125 0.160156 0.707031 0.164062 0.710938 0.164062 0.722656 0.167969 0.726562 0.167969 0.750000 0.171875 0.753906 0.175781 0.753906 0.187500 0.765625 0.187500 0.773438 0.218750 0.804688 0.218750 0.808594 0.226562 0.808594 0.242188 0.824219 0.242188 0.828125 0.253906 0.839844 0.257812 0.839844 0.265625 0.847656 0.269531 0.847656 0.273438 0.851562 0.277344 0.851562 0.281250 0.855469 0.285156 0.855469 0.289062 0.859375 0.304688 0.859375 0.308594 0.863281 0.316406 0.863281 0.320312 0.867188 0.332031 0.867188 0.332031 0.859375 0.320312 0.859375 0.316406 0.855469 0.304688 0.855469 0.300781 0.851562 0.292969 0.851562 0.281250 0.839844 0.281250 0.835938 0.277344 0.832031 0.261719 0.832031 0.253906 0.824219 0.253906 0.812500 0.250000 0.808594 0.246094 0.808594 0.222656 0.785156 0.218750 0.785156 0.207031 0.773438 0.207031 0.761719 0.203125 0.757812 0.195312 0.757812 0.191406 0.753906 0.191406 0.750000 0.187500 0.746094 0.187500 0.722656 0.183594 0.722656 0.179688 0.718750 0.179688 0.699219 0.175781 0.699219 0.167969 0.691406
2 0.578125 0.675781 0.570312 0.683594 0.570312 0.691406 0.566406 0.695312 0.562500 0.695312 0.562500 0.703125 0.558594 0.707031 0.554688 0.707031 0.554688 0.718750 0.566406 0.718750 0.578125 0.707031 0.582031 0.707031 0.585938 0.703125 0.597656 0.703125 0.597656 0.683594 0.589844 0.683594 0.585938 0.679688 0.585938 0.675781
2 0.261719 0.675781 0.261719 0.683594 0.265625 0.687500 0.269531 0.687500 0.277344 0.695312 0.281250 0.695312 0.285156 0.699219 0.285156 0.703125 0.304688 0.722656 0.308594 0.722656 0.312500 0.726562 0.328125 0.726562 0.332031 0.730469 0.347656 0.730469 0.351562 0.726562 0.351562 0.714844 0.343750 0.714844 0.339844 0.710938 0.339844 0.707031 0.335938 0.707031 0.332031 0.703125 0.328125 0.703125 0.324219 0.699219 0.320312 0.699219 0.316406 0.695312 0.316406 0.691406 0.312500 0.687500 0.296875 0.687500 0.292969 0.683594 0.292969 0.679688 0.285156 0.679688 0.281250 0.675781
2 0.847656 0.609375 0.843750 0.613281 0.843750 0.628906 0.839844 0.632812 0.839844 0.636719 0.835938 0.640625 0.835938 0.671875 0.839844 0.671875 0.843750 0.675781 0.851562 0.675781 0.851562 0.644531 0.855469 0.640625 0.855469 0.628906 0.859375 0.625000 0.863281 0.625000 0.863281 0.609375
2 0.632812 0.410156 0.628906 0.414062 0.628906 0.417969 0.625000 0.421875 0.613281 0.421875 0.609375 0.425781 0.605469 0.425781 0.605469 0.429688 0.597656 0.437500 0.589844 0.437500 0.589844 0.445312 0.593750 0.449219 0.609375 0.449219 0.609375 0.445312 0.613281 0.441406 0.621094 0.441406 0.621094 0.437500 0.625000 0.433594 0.636719 0.433594 0.644531 0.425781 0.648438 0.425781 0.648438 0.414062 0.644531 0.410156
2 0.480469 0.410156 0.480469 0.417969 0.476562 0.421875 0.476562 0.441406 0.472656 0.445312 0.457031 0.445312 0.453125 0.449219 0.453125 0.496094 0.449219 0.500000 0.449219 0.515625 0.445312 0.519531 0.429688 0.519531 0.425781 0.523438 0.414062 0.523438 0.414062 0.531250 0.417969 0.535156 0.417969 0.550781 0.421875 0.554688 0.429688 0.554688 0.433594 0.558594 0.437500 0.558594 0.441406 0.562500 0.449219 0.562500 0.453125 0.566406 0.453125 0.582031 0.449219 0.585938 0.449219 0.597656 0.445312 0.601562 0.445312 0.609375 0.441406 0.613281 0.441406 0.640625 0.437500 0.644531 0.429688 0.644531 0.425781 0.648438 0.386719 0.648438 0.386719 0.656250 0.394531 0.664062 0.398438 0.664062 0.417969 0.683594 0.421875 0.683594 0.425781 0.687500 0.433594 0.687500 0.437500 0.691406 0.445312 0.691406 0.449219 0.695312 0.457031 0.695312 0.460938 0.699219 0.460938 0.703125 0.464844 0.707031 0.464844 0.710938 0.472656 0.718750 0.472656 0.726562 0.480469 0.734375 0.496094 0.734375 0.496094 0.718750 0.492188 0.714844 0.492188 0.710938 0.472656 0.691406 0.472656 0.687500 0.464844 0.687500 0.460938 0.683594 0.460938 0.667969 0.464844 0.664062 0.472656 0.664062 0.472656 0.644531 0.468750 0.640625 0.468750 0.625000 0.464844 0.621094 0.464844 0.613281 0.460938 0.609375 0.460938 0.554688 0.464844 0.550781 0.468750 0.550781 0.468750 0.488281 0.472656 0.484375 0.472656 0.468750 0.476562 0.464844 0.476562 0.437500 0.480469 0.433594 0.492188 0.433594 0.492188 0.421875 0.488281 0.417969 0.488281 0.410156
2 0.804688 0.398438 0.804688 0.410156 0.800781 0.414062 0.785156 0.414062 0.781250 0.417969 0.773438 0.417969 0.769531 0.421875 0.769531 0.445312 0.765625 0.449219 0.765625 0.457031 0.769531 0.460938 0.777344 0.460938 0.781250 0.464844 0.781250 0.488281 0.792969 0.488281 0.792969 0.464844 0.796875 0.460938 0.804688 0.460938 0.804688 0.414062 0.808594 0.410156 0.816406 0.410156 0.816406 0.398438
2 0.726562 0.339844 0.726562 0.363281 0.722656 0.367188 0.718750 0.367188 0.718750 0.371094 0.714844 0.375000 0.714844 0.417969 0.718750 0.421875 0.718750 0.429688 0.730469 0.429688 0.734375 0.425781 0.734375 0.402344 0.726562 0.394531 0.726562 0.378906 0.730469 0.375000 0.730469 0.359375 0.734375 0.355469 0.738281 0.355469 0.738281 0.339844
2 0.632812 0.230469 0.625000 0.238281 0.613281 0.238281 0.613281 0.253906 0.628906 0.253906 0.632812 0.257812 0.632812 0.269531 0.636719 0.273438 0.648438 0.273438 0.648438 0.253906 0.656250 0.246094 0.660156 0.246094 0.660156 0.234375 0.656250 0.234375 0.652344 0.230469
2 0.609375 0.195312 0.601562 0.203125 0.589844 0.203125 0.589844 0.207031 0.582031 0.214844 0.582031 0.218750 0.570312 0.230469 0.554688 0.230469 0.550781 0.226562 0.539062 0.226562 0.539062 0.257812 0.535156 0.261719 0.535156 0.269531 0.527344 0.277344 0.527344 0.281250 0.523438 0.285156 0.523438 0.289062 0.515625 0.296875 0.515625 0.328125 0.511719 0.332031 0.496094 0.332031 0.492188 0.328125 0.492188 0.289062 0.496094 0.285156 0.496094 0.269531 0.484375 0.269531 0.480469 0.265625 0.480469 0.246094 0.484375 0.242188 0.484375 0.230469 0.480469 0.226562 0.468750 0.226562 0.464844 0.230469 0.460938 0.230469 0.457031 0.234375 0.453125 0.234375 0.453125 0.246094 0.449219 0.250000 0.449219 0.261719 0.453125 0.265625 0.453125 0.285156 0.449219 0.289062 0.402344 0.289062 0.398438 0.292969 0.398438 0.300781 0.402344 0.304688 0.453125 0.304688 0.457031 0.308594 0.457031 0.316406 0.464844 0.324219 0.472656 0.324219 0.476562 0.328125 0.476562 0.339844 0.480469 0.343750 0.480469 0.347656 0.484375 0.351562 0.484375 0.355469 0.488281 0.359375 0.488281 0.363281 0.492188 0.367188 0.500000 0.367188 0.503906 0.371094 0.503906 0.382812 0.507812 0.386719 0.507812 0.394531 0.515625 0.394531 0.519531 0.390625 0.519531 0.378906 0.515625 0.378906 0.511719 0.375000 0.511719 0.351562 0.515625 0.347656 0.515625 0.339844 0.519531 0.335938 0.523438 0.335938 0.527344 0.332031 0.527344 0.304688 0.531250 0.300781 0.531250 0.296875 0.539062 0.289062 0.542969 0.289062 0.542969 0.269531 0.546875 0.265625 0.546875 0.261719 0.550781 0.257812 0.550781 0.253906 0.554688 0.250000 0.574219 0.250000 0.582031 0.242188 0.582031 0.238281 0.589844 0.230469 0.589844 0.226562 0.593750 0.222656 0.597656 0.222656 0.597656 0.218750 0.601562 0.214844 0.609375 0.214844 0.609375 0.210938 0.617188 0.203125 0.617188 0.195312
2 0.457031 0.121094 0.457031 0.128906 0.464844 0.128906 0.464844 0.121094
2 0.417969 0.121094 0.410156 0.128906 0.406250 0.128906 0.406250 0.144531 0.402344 0.148438 0.386719 0.148438 0.386719 0.152344 0.382812 0.156250 0.367188 0.156250 0.355469 0.167969 0.355469 0.175781 0.351562 0.179688 0.343750 0.179688 0.343750 0.183594 0.339844 0.187500 0.335938 0.187500 0.332031 0.191406 0.316406 0.191406 0.316406 0.203125 0.312500 0.207031 0.308594 0.207031 0.304688 0.210938 0.300781 0.210938 0.289062 0.222656 0.289062 0.226562 0.285156 0.230469 0.285156 0.234375 0.281250 0.238281 0.281250 0.242188 0.265625 0.257812 0.265625 0.261719 0.261719 0.265625 0.257812 0.265625 0.257812 0.273438 0.253906 0.277344 0.250000 0.277344 0.250000 0.281250 0.246094 0.285156 0.246094 0.300781 0.242188 0.304688 0.226562 0.304688 0.222656 0.308594 0.222656 0.312500 0.218750 0.316406 0.218750 0.328125 0.222656 0.328125 0.226562 0.332031 0.226562 0.347656 0.214844 0.359375 0.214844 0.367188 0.210938 0.371094 0.210938 0.378906 0.203125 0.386719 0.195312 0.386719 0.195312 0.390625 0.187500 0.398438 0.183594 0.398438 0.183594 0.414062 0.175781 0.421875 0.175781 0.425781 0.171875 0.429688 0.171875 0.437500 0.175781 0.441406 0.175781 0.449219 0.183594 0.449219 0.183594 0.445312 0.191406 0.437500 0.191406 0.433594 0.203125 0.421875 0.203125 0.410156 0.207031 0.406250 0.210938 0.406250 0.210938 0.402344 0.214844 0.398438 0.214844 0.394531 0.218750 0.390625 0.222656 0.390625 0.234375 0.378906 0.234375 0.371094 0.242188 0.363281 0.242188 0.355469 0.250000 0.347656 0.250000 0.335938 0.257812 0.328125 0.257812 0.324219 0.265625 0.316406 0.269531 0.316406 0.273438 0.312500 0.273438 0.304688 0.269531 0.304688 0.265625 0.300781 0.265625 0.269531 0.269531 0.265625 0.277344 0.265625 0.281250 0.261719 0.289062 0.261719 0.289062 0.253906 0.292969 0.250000 0.296875 0.250000 0.296875 0.246094 0.300781 0.242188 0.304688 0.242188 0.304688 0.234375 0.308594 0.230469 0.308594 0.226562 0.312500 0.222656 0.316406 0.222656 0.316406 0.218750 0.320312 0.214844 0.332031 0.214844 0.335938 0.210938 0.355469 0.210938 0.359375 0.214844 0.359375 0.218750 0.367188 0.218750 0.371094 0.214844 0.378906 0.214844 0.378906 0.203125 0.382812 0.199219 0.382812 0.191406 0.390625 0.183594 0.394531 0.183594 0.398438 0.179688 0.398438 0.175781 0.402344 0.171875 0.414062 0.171875 0.417969 0.167969 0.421875 0.167969 0.421875 0.164062 0.425781 0.160156 0.429688 0.160156 0.441406 0.148438 0.441406 0.136719 0.437500 0.136719 0.433594 0.132812 0.433594 0.121094
2 0.539062 0.074219 0.531250 0.082031 0.531250 0.089844 0.527344 0.093750 0.519531 0.093750 0.519531 0.101562 0.523438 0.105469 0.523438 0.113281 0.531250 0.121094 0.539062 0.121094 0.539062 0.089844 0.542969 0.085938 0.546875 0.085938 0.550781 0.082031 0.550781 0.074219
2 0.585938 0.050781 0.582031 0.054688 0.574219 0.054688 0.574219 0.070312 0.585938 0.070312 0.585938 0.066406 0.589844 0.062500 0.593750 0.062500 0.597656 0.058594 0.597656 0.050781
