2 0.816406 0.835938 0.812500 0.839844 0.804688 0.839844 0.800781 0.843750 0.800781 0.847656 0.796875 0.851562 0.781250 0.851562 0.777344 0.855469 0.769531 0.855469 0.769531 0.867188 0.765625 0.871094 0.765625 0.878906 0.773438 0.878906 0.773438 0.871094 0.777344 0.867188 0.839844 0.867188 0.843750 0.871094 0.851562 0.871094 0.851562 0.867188 0.859375 0.859375 0.867188 0.859375 0.867188 0.851562 0.863281 0.847656 0.828125 0.847656 0.824219 0.843750 0.824219 0.835938
2 0.437500 0.816406 0.437500 0.824219 0.441406 0.828125 0.460938 0.828125 0.464844 0.832031 0.464844 0.835938 0.488281 0.835938 0.492188 0.839844 0.503906 0.839844 0.503906 0.832031 0.480469 0.832031 0.476562 0.828125 0.457031 0.828125 0.453125 0.824219 0.453125 0.816406
2 0.527344 0.781250 0.527344 0.800781 0.519531 0.808594 0.519531 0.820312 0.527344 0.820312 0.531250 0.816406 0.539062 0.816406 0.539062 0.808594 0.542969 0.804688 0.558594 0.804688 0.558594 0.796875 0.554688 0.792969 0.546875 0.792969 0.535156 0.781250
2 0.566406 0.753906 0.566406 0.761719 0.578125 0.761719 0.578125 0.753906
2 0.281250 0.734375 0.281250 0.742188 0.277344 0.746094 0.257812 0.746094 0.257812 0.757812 0.269531 0.757812 0.273438 0.761719 0.273438 0.765625 0.277344 0.769531 0.277344 0.773438 0.281250 0.773438 0.285156 0.777344 0.285156 0.781250 0.289062 0.785156 0.292969 0.785156 0.300781 0.792969 0.304688 0.792969 0.312500 0.800781 0.320312 0.800781 0.320312 0.789062 0.312500 0.789062 0.308594 0.785156 0.308594 0.781250 0.304688 0.777344 0.300781 0.777344 0.296875 0.773438 0.296875 0.769531 0.289062 0.761719 0.289062 0.746094 0.292969 0.742188 0.292969 0.734375
2 0.867188 0.699219 0.863281 0.703125 0.855469 0.703125 0.851562 0.707031 0.847656 0.707031 0.847656 0.714844 0.851562 0.718750 0.851562 0.742188 0.847656 0.746094 0.832031 0.746094 0.832031 0.769531 0.820312 0.781250 0.820312 0.789062 0.824219 0.789062 0.828125 0.792969 0.855469 0.792969 0.855469 0.781250 0.851562 0.777344 0.851562 0.750000 0.855469 0.746094 0.878906 0.746094 0.882812 0.742188 0.882812 0.734375 0.878906 0.730469 0.878906 0.703125 0.875000 0.699219
2 0.464844 0.687500 0.464844 0.703125 0.468750 0.703125 0.476562 0.710938 0.476562 0.722656 0.496094 0.722656 0.503906 0.714844 0.503906 0.707031 0.488281 0.707031 0.476562 0.695312 0.476562 0.691406 0.472656 0.687500
2 0.238281 0.687500 0.238281 0.703125 0.234375 0.707031 0.218750 0.707031 0.218750 0.722656 0.230469 0.734375 0.246094 0.734375 0.246094 0.710938 0.250000 0.707031 0.261719 0.707031 0.261719 0.691406 0.253906 0.691406 0.250000 0.687500
2 0.207031 0.648438 0.207031 0.656250 0.214844 0.664062 0.214844 0.667969 0.218750 0.671875 0.218750 0.675781 0.230469 0.675781 0.230469 0.656250 0.226562 0.652344 0.222656 0.652344 0.218750 0.648438
2 0.152344 0.636719 0.152344 0.648438 0.148438 0.652344 0.140625 0.652344 0.140625 0.671875 0.148438 0.671875 0.148438 0.667969 0.156250 0.660156 0.167969 0.660156 0.167969 0.648438 0.160156 0.640625 0.160156 0.636719
2 0.839844 0.480469 0.839844 0.484375 0.835938 0.488281 0.832031 0.488281 0.832031 0.496094 0.835938 0.500000 0.835938 0.503906 0.843750 0.503906 0.843750 0.496094 0.847656 0.492188 0.847656 0.480469
2 0.109375 0.453125 0.109375 0.457031 0.105469 0.460938 0.082031 0.460938 0.082031 0.472656 0.085938 0.472656 0.089844 0.476562 0.093750 0.476562 0.097656 0.480469 0.101562 0.480469 0.105469 0.484375 0.105469 0.500000 0.101562 0.503906 0.097656 0.503906 0.093750 0.507812 0.082031 0.507812 0.074219 0.515625 0.074219 0.523438 0.082031 0.523438 0.085938 0.527344 0.085938 0.539062 0.089844 0.542969 0.089844 0.550781 0.093750 0.554688 0.093750 0.558594 0.105469 0.558594 0.109375 0.554688 0.125000 0.554688 0.132812 0.562500 0.132812 0.578125 0.128906 0.582031 0.125000 0.582031 0.125000 0.585938 0.121094 0.589844 0.121094 0.601562 0.125000 0.601562 0.128906 0.605469 0.128906 0.617188 0.132812 0.621094 0.140625 0.621094 0.140625 0.609375 0.148438 0.601562 0.148438 0.585938 0.152344 0.582031 0.171875 0.582031 0.175781 0.585938 0.195312 0.585938 0.195312 0.566406 0.199219 0.562500 0.218750 0.562500 0.218750 0.546875 0.210938 0.546875 0.207031 0.542969 0.207031 0.515625 0.210938 0.511719 0.218750 0.511719 0.218750 0.503906 0.195312 0.503906 0.191406 0.500000 0.187500 0.500000 0.183594 0.496094 0.179688 0.496094 0.175781 0.492188 0.175781 0.484375 0.167969 0.484375 0.164062 0.480469 0.164062 0.472656 0.160156 0.468750 0.125000 0.468750 0.121094 0.464844 0.121094 0.453125
2 0.179688 0.406250 0.179688 0.417969 0.183594 0.421875 0.203125 0.421875 0.207031 0.425781 0.214844 0.425781 0.214844 0.417969 0.210938 0.417969 0.207031 0.414062 0.207031 0.410156 0.195312 0.410156 0.191406 0.406250
2 0.148438 0.390625 0.148438 0.398438 0.152344 0.398438 0.156250 0.402344 0.164062 0.402344 0.164062 0.394531 0.160156 0.394531 0.156250 0.390625
2 0.089844 0.324219 0.089844 0.343750 0.093750 0.343750 0.097656 0.347656 0.097656 0.351562 0.101562 0.355469 0.101562 0.375000 0.097656 0.378906 0.093750 0.378906 0.093750 0.390625 0.105469 0.390625 0.105469 0.386719 0.109375 0.382812 0.125000 0.382812 0.125000 0.367188 0.117188 0.359375 0.117188 0.355469 0.113281 0.355469 0.109375 0.351562 0.109375 0.335938 0.105469 0.335938 0.101562 0.332031 0.101562 0.324219
2 0.671875 0.285156 0.671875 0.292969 0.679688 0.292969 0.679688 0.285156
2 0.257812 0.226562 0.257812 0.234375 0.265625 0.234375 0.265625 0.226562
2 0.468750 0.207031 0.468750 0.222656 0.484375 0.222656 0.484375 0.214844 0.476562 0.207031
2 0.343750 0.191406 0.343750 0.199219 0.339844 0.203125 0.328125 0.203125 0.328125 0.210938 0.332031 0.214844 0.335938 0.214844 0.339844 0.218750 0.339844 0.230469 0.343750 0.230469 0.347656 0.234375 0.347656 0.265625 0.339844 0.273438 0.339844 0.292969 0.347656 0.292969 0.351562 0.296875 0.351562 0.312500 0.347656 0.316406 0.308594 0.316406 0.300781 0.308594 0.300781 0.304688 0.281250 0.304688 0.277344 0.300781 0.277344 0.296875 0.269531 0.296875 0.265625 0.292969 0.265625 0.285156 0.261719 0.281250 0.253906 0.281250 0.250000 0.277344 0.250000 0.253906 0.238281 0.253906 0.238281 0.261719 0.234375 0.265625 0.218750 0.265625 0.210938 0.257812 0.195312 0.257812 0.191406 0.253906 0.187500 0.253906 0.183594 0.250000 0.171875 0.250000 0.167969 0.253906 0.152344 0.253906 0.148438 0.250000 0.148438 0.246094 0.144531 0.242188 0.136719 0.242188 0.132812 0.246094 0.128906 0.246094 0.128906 0.253906 0.136719 0.253906 0.140625 0.257812 0.140625 0.292969 0.136719 0.296875 0.128906 0.296875 0.128906 0.328125 0.144531 0.328125 0.148438 0.324219 0.164062 0.324219 0.175781 0.335938 0.179688 0.335938 0.183594 0.339844 0.183594 0.343750 0.218750 0.343750 0.222656 0.347656 0.222656 0.394531 0.226562 0.394531 0.230469 0.398438 0.230469 0.406250 0.234375 0.406250 0.238281 0.410156 0.238281 0.433594 0.242188 0.433594 0.246094 0.437500 0.246094 0.460938 0.281250 0.460938 0.292969 0.472656 0.296875 0.472656 0.300781 0.476562 0.300781 0.519531 0.304688 0.523438 0.304688 0.542969 0.296875 0.550781 0.289062 0.550781 0.289062 0.558594 0.292969 0.562500 0.292969 0.585938 0.289062 0.589844 0.269531 0.589844 0.269531 0.597656 0.281250 0.597656 0.285156 0.601562 0.289062 0.601562 0.292969 0.605469 0.300781 0.605469 0.304688 0.609375 0.304688 0.613281 0.308594 0.613281 0.316406 0.621094 0.328125 0.621094 0.332031 0.625000 0.332031 0.636719 0.359375 0.636719 0.363281 0.640625 0.367188 0.640625 0.371094 0.644531 0.371094 0.648438 0.406250 0.648438 0.410156 0.652344 0.410156 0.664062 0.414062 0.667969 0.417969 0.667969 0.429688 0.679688 0.441406 0.679688 0.441406 0.675781 0.445312 0.671875 0.460938 0.671875 0.460938 0.660156 0.464844 0.656250 0.480469 0.656250 0.480469 0.652344 0.484375 0.648438 0.492188 0.648438 0.496094 0.644531 0.527344 0.644531 0.531250 0.648438 0.531250 0.652344 0.546875 0.667969 0.546875 0.683594 0.550781 0.687500 0.558594 0.687500 0.562500 0.691406 0.562500 0.710938 0.566406 0.710938 0.570312 0.714844 0.570312 0.730469 0.582031 0.730469 0.585938 0.726562 0.609375 0.726562 0.613281 0.730469 0.613281 0.734375 0.617188 0.738281 0.617188 0.742188 0.621094 0.746094 0.621094 0.750000 0.625000 0.753906 0.625000 0.769531 0.621094 0.773438 0.613281 0.773438 0.613281 0.777344 0.609375 0.781250 0.593750 0.781250 0.593750 0.785156 0.589844 0.789062 0.582031 0.789062 0.582031 0.796875 0.585938 0.796875 0.589844 0.800781 0.593750 0.800781 0.597656 0.804688 0.597656 0.816406 0.601562 0.816406 0.605469 0.820312 0.605469 0.824219 0.613281 0.824219 0.617188 0.820312 0.656250 0.820312 0.660156 0.824219 0.660156 0.832031 0.664062 0.835938 0.695312 0.835938 0.699219 0.839844 0.707031 0.839844 0.707031 0.820312 0.710938 0.816406 0.750000 0.816406 0.753906 0.820312 0.765625 0.820312 0.769531 0.816406 0.769531 0.792969 0.777344 0.785156 0.789062 0.785156 0.789062 0.765625 0.785156 0.765625 0.781250 0.761719 0.777344 0.761719 0.773438 0.757812 0.773438 0.738281 0.777344 0.734375 0.792969 0.734375 0.796875 0.738281 0.816406 0.738281 0.816406 0.718750 0.820312 0.714844 0.824219 0.714844 0.824219 0.671875 0.832031 0.664062 0.835938 0.664062 0.835938 0.656250 0.824219 0.656250 0.820312 0.652344 0.820312 0.621094 0.816406 0.621094 0.812500 0.617188 0.812500 0.601562 0.820312 0.593750 0.843750 0.593750 0.843750 0.578125 0.847656 0.574219 0.863281 0.574219 0.863281 0.566406 0.859375 0.566406 0.855469 0.562500 0.855469 0.531250 0.851562 0.527344 0.824219 0.527344 0.820312 0.523438 0.812500 0.523438 0.808594 0.519531 0.808594 0.503906 0.792969 0.488281 0.792969 0.460938 0.796875 0.457031 0.800781 0.457031 0.800781 0.414062 0.789062 0.414062 0.785156 0.410156 0.785156 0.406250 0.777344 0.398438 0.777344 0.386719 0.773438 0.382812 0.769531 0.382812 0.765625 0.378906 0.765625 0.367188 0.761719 0.367188 0.757812 0.363281 0.742188 0.363281 0.742188 0.375000 0.746094 0.375000 0.750000 0.378906 0.750000 0.402344 0.742188 0.410156 0.742188 0.414062 0.738281 0.417969 0.699219 0.417969 0.695312 0.414062 0.695312 0.390625 0.691406 0.386719 0.691406 0.371094 0.699219 0.363281 0.707031 0.363281 0.707031 0.351562 0.691406 0.351562 0.687500 0.347656 0.687500 0.320312 0.660156 0.320312 0.648438 0.308594 0.648438 0.277344 0.644531 0.273438 0.644531 0.250000 0.636719 0.250000 0.632812 0.253906 0.613281 0.253906 0.609375 0.250000 0.609375 0.242188 0.601562 0.234375 0.589844 0.234375 0.585938 0.230469 0.585938 0.226562 0.578125 0.226562 0.578125 0.234375 0.589844 0.234375 0.593750 0.238281 0.593750 0.265625 0.589844 0.269531 0.589844 0.273438 0.585938 0.277344 0.585938 0.281250 0.582031 0.285156 0.582031 0.292969 0.585938 0.296875 0.585938 0.300781 0.589844 0.300781 0.593750 0.304688 0.593750 0.312500 0.621094 0.312500 0.625000 0.316406 0.636719 0.316406 0.640625 0.320312 0.640625 0.328125 0.644531 0.332031 0.644531 0.339844 0.648438 0.339844 0.652344 0.343750 0.656250 0.343750 0.660156 0.347656 0.660156 0.363281 0.656250 0.367188 0.656250 0.386719 0.664062 0.386719 0.667969 0.390625 0.667969 0.406250 0.679688 0.406250 0.683594 0.410156 0.683594 0.425781 0.675781 0.433594 0.667969 0.433594 0.664062 0.437500 0.664062 0.445312 0.667969 0.449219 0.675781 0.449219 0.679688 0.453125 0.679688 0.468750 0.675781 0.472656 0.671875 0.472656 0.667969 0.476562 0.628906 0.476562 0.617188 0.464844 0.617188 0.449219 0.621094 0.445312 0.621094 0.437500 0.625000 0.433594 0.628906 0.433594 0.628906 0.425781 0.625000 0.425781 0.609375 0.410156 0.609375 0.378906 0.613281 0.375000 0.613281 0.367188 0.605469 0.367188 0.605469 0.378906 0.601562 0.382812 0.570312 0.382812 0.570312 0.414062 0.566406 0.417969 0.562500 0.417969 0.558594 0.421875 0.539062 0.421875 0.535156 0.417969 0.535156 0.386719 0.531250 0.386719 0.527344 0.382812 0.527344 0.335938 0.523438 0.332031 0.523438 0.316406 0.527344 0.312500 0.527344 0.300781 0.523438 0.296875 0.523438 0.292969 0.519531 0.289062 0.519531 0.281250 0.515625 0.277344 0.515625 0.257812 0.511719 0.253906 0.511719 0.250000 0.507812 0.246094 0.507812 0.238281 0.503906 0.234375 0.492188 0.234375 0.492188 0.242188 0.496094 0.242188 0.500000 0.246094 0.500000 0.265625 0.496094 0.269531 0.464844 0.269531 0.460938 0.265625 0.457031 0.265625 0.453125 0.261719 0.453125 0.257812 0.445312 0.257812 0.441406 0.253906 0.441406 0.250000 0.433594 0.250000 0.429688 0.246094 0.414062 0.246094 0.414062 0.273438 0.410156 0.277344 0.382812 0.277344 0.378906 0.273438 0.378906 0.261719 0.371094 0.253906 0.371094 0.246094 0.367188 0.242188 0.367188 0.226562 0.371094 0.222656 0.371094 0.214844 0.359375 0.214844 0.355469 0.210938 0.355469 0.195312 0.351562 0.191406
2 0.167969 0.121094 0.167969 0.128906 0.164062 0.132812 0.148438 0.132812 0.148438 0.144531 0.152344 0.144531 0.156250 0.148438 0.156250 0.152344 0.171875 0.152344 0.175781 0.156250 0.175781 0.164062 0.179688 0.164062 0.183594 0.167969 0.183594 0.179688 0.226562 0.179688 0.230469 0.183594 0.230469 0.187500 0.234375 0.191406 0.238281 0.191406 0.242188 0.195312 0.250000 0.195312 0.250000 0.187500 0.242188 0.179688 0.226562 0.179688 0.222656 0.175781 0.222656 0.148438 0.230469 0.140625 0.230469 0.132812 0.222656 0.132812 0.218750 0.136719 0.218750 0.148438 0.214844 0.152344 0.183594 0.152344 0.179688 0.148438 0.179688 0.121094
