2 0.570312 0.902344 0.566406 0.906250 0.566406 0.914062 0.570312 0.917969 0.570312 0.937500 0.578125 0.937500 0.582031 0.941406 0.582031 0.957031 0.593750 0.957031 0.597656 0.953125 0.601562 0.953125 0.601562 0.925781 0.605469 0.921875 0.609375 0.921875 0.613281 0.917969 0.613281 0.910156 0.609375 0.906250 0.585938 0.906250 0.582031 0.902344
2 0.367188 0.898438 0.363281 0.902344 0.363281 0.906250 0.355469 0.914062 0.351562 0.914062 0.347656 0.917969 0.343750 0.917969 0.343750 0.929688 0.351562 0.937500 0.351562 0.941406 0.355469 0.941406 0.363281 0.949219 0.382812 0.949219 0.382812 0.933594 0.386719 0.929688 0.394531 0.929688 0.394531 0.917969 0.390625 0.917969 0.386719 0.914062 0.382812 0.914062 0.378906 0.910156 0.378906 0.906250 0.375000 0.902344 0.375000 0.898438
2 0.429688 0.867188 0.429688 0.882812 0.433594 0.882812 0.437500 0.886719 0.441406 0.886719 0.445312 0.890625 0.445312 0.906250 0.441406 0.910156 0.417969 0.910156 0.417969 0.917969 0.433594 0.917969 0.437500 0.921875 0.441406 0.921875 0.445312 0.925781 0.445312 0.941406 0.449219 0.941406 0.453125 0.945312 0.460938 0.945312 0.460938 0.937500 0.457031 0.937500 0.453125 0.933594 0.449219 0.933594 0.445312 0.929688 0.445312 0.898438 0.449219 0.894531 0.453125 0.894531 0.453125 0.882812 0.449219 0.882812 0.445312 0.878906 0.445312 0.871094 0.441406 0.871094 0.437500 0.867188
2 0.609375 0.863281 0.609375 0.871094 0.613281 0.871094 0.617188 0.875000 0.617188 0.882812 0.621094 0.886719 0.628906 0.886719 0.632812 0.890625 0.652344 0.890625 0.656250 0.894531 0.664062 0.894531 0.667969 0.898438 0.683594 0.898438 0.683594 0.882812 0.679688 0.882812 0.671875 0.875000 0.664062 0.875000 0.664062 0.882812 0.660156 0.886719 0.644531 0.886719 0.640625 0.882812 0.636719 0.882812 0.632812 0.878906 0.632812 0.875000 0.625000 0.867188 0.625000 0.863281
2 0.718750 0.851562 0.718750 0.859375 0.726562 0.859375 0.726562 0.851562
2 0.781250 0.812500 0.781250 0.816406 0.777344 0.820312 0.777344 0.824219 0.773438 0.828125 0.765625 0.828125 0.761719 0.832031 0.761719 0.847656 0.757812 0.851562 0.750000 0.851562 0.750000 0.882812 0.746094 0.886719 0.734375 0.886719 0.730469 0.890625 0.710938 0.890625 0.710938 0.898438 0.707031 0.902344 0.699219 0.902344 0.699219 0.914062 0.718750 0.914062 0.718750 0.906250 0.726562 0.898438 0.742188 0.898438 0.746094 0.894531 0.773438 0.894531 0.777344 0.898438 0.777344 0.902344 0.789062 0.902344 0.789062 0.898438 0.796875 0.890625 0.800781 0.890625 0.808594 0.882812 0.808594 0.878906 0.812500 0.875000 0.816406 0.875000 0.816406 0.871094 0.820312 0.867188 0.824219 0.867188 0.832031 0.859375 0.832031 0.855469 0.839844 0.847656 0.839844 0.835938 0.800781 0.835938 0.796875 0.832031 0.796875 0.812500
2 0.582031 0.812500 0.582031 0.835938 0.578125 0.839844 0.574219 0.839844 0.574219 0.851562 0.585938 0.851562 0.585938 0.828125 0.589844 0.824219 0.589844 0.812500
2 0.429688 0.777344 0.429688 0.796875 0.425781 0.800781 0.414062 0.800781 0.414062 0.808594 0.417969 0.812500 0.417969 0.835938 0.414062 0.839844 0.406250 0.839844 0.406250 0.855469 0.410156 0.859375 0.425781 0.859375 0.425781 0.832031 0.429688 0.828125 0.429688 0.816406 0.433594 0.812500 0.441406 0.812500 0.441406 0.777344
2 0.273438 0.765625 0.273438 0.785156 0.269531 0.789062 0.265625 0.789062 0.265625 0.800781 0.277344 0.800781 0.289062 0.812500 0.289062 0.820312 0.292969 0.824219 0.300781 0.824219 0.300781 0.820312 0.304688 0.816406 0.324219 0.816406 0.328125 0.812500 0.332031 0.812500 0.332031 0.804688 0.324219 0.804688 0.320312 0.800781 0.312500 0.800781 0.308594 0.796875 0.300781 0.796875 0.296875 0.792969 0.296875 0.765625
2 0.175781 0.687500 0.175781 0.695312 0.183594 0.703125 0.183594 0.710938 0.187500 0.714844 0.187500 0.726562 0.191406 0.730469 0.195312 0.730469 0.199219 0.734375 0.199219 0.757812 0.203125 0.757812 0.210938 0.765625 0.222656 0.765625 0.230469 0.773438 0.238281 0.773438 0.238281 0.761719 0.234375 0.761719 0.230469 0.757812 0.230469 0.750000 0.226562 0.750000 0.222656 0.746094 0.203125 0.746094 0.199219 0.742188 0.199219 0.707031 0.195312 0.707031 0.191406 0.703125 0.191406 0.691406 0.187500 0.691406 0.183594 0.687500
2 0.160156 0.664062 0.160156 0.671875 0.167969 0.671875 0.167969 0.664062
2 0.718750 0.632812 0.718750 0.640625 0.726562 0.640625 0.726562 0.632812
2 0.125000 0.609375 0.125000 0.621094 0.128906 0.625000 0.128906 0.628906 0.136719 0.628906 0.136719 0.617188 0.132812 0.613281 0.132812 0.609375
2 0.933594 0.519531 0.933594 0.531250 0.929688 0.535156 0.929688 0.546875 0.933594 0.546875 0.937500 0.550781 0.937500 0.582031 0.949219 0.593750 0.949219 0.605469 0.957031 0.605469 0.957031 0.601562 0.960938 0.597656 0.960938 0.523438 0.957031 0.523438 0.953125 0.519531
2 0.949219 0.480469 0.949219 0.488281 0.960938 0.488281 0.960938 0.480469
2 0.839844 0.441406 0.839844 0.449219 0.851562 0.449219 0.855469 0.453125 0.863281 0.453125 0.863281 0.445312 0.855469 0.445312 0.851562 0.441406
2 0.796875 0.433594 0.796875 0.441406 0.808594 0.441406 0.808594 0.433594
2 0.125000 0.429688 0.125000 0.437500 0.121094 0.441406 0.121094 0.460938 0.117188 0.464844 0.113281 0.464844 0.113281 0.488281 0.109375 0.492188 0.093750 0.492188 0.093750 0.527344 0.097656 0.527344 0.101562 0.531250 0.101562 0.539062 0.105469 0.542969 0.105469 0.593750 0.113281 0.593750 0.113281 0.574219 0.117188 0.570312 0.117188 0.566406 0.121094 0.562500 0.125000 0.562500 0.128906 0.558594 0.132812 0.558594 0.132812 0.542969 0.136719 0.539062 0.136719 0.527344 0.121094 0.527344 0.117188 0.523438 0.117188 0.519531 0.113281 0.515625 0.113281 0.492188 0.117188 0.488281 0.136719 0.488281 0.136719 0.476562 0.132812 0.476562 0.125000 0.468750 0.125000 0.453125 0.128906 0.449219 0.128906 0.445312 0.136719 0.437500 0.140625 0.437500 0.140625 0.429688
2 0.808594 0.398438 0.808594 0.410156 0.824219 0.410156 0.828125 0.414062 0.851562 0.414062 0.855469 0.417969 0.871094 0.417969 0.875000 0.414062 0.878906 0.414062 0.878906 0.406250 0.820312 0.406250 0.816406 0.402344 0.816406 0.398438
2 0.156250 0.398438 0.152344 0.402344 0.152344 0.414062 0.160156 0.414062 0.160156 0.410156 0.164062 0.406250 0.164062 0.398438
2 0.785156 0.359375 0.781250 0.363281 0.765625 0.363281 0.765625 0.371094 0.769531 0.375000 0.777344 0.375000 0.781250 0.378906 0.785156 0.378906 0.789062 0.382812 0.789062 0.390625 0.804688 0.390625 0.804688 0.378906 0.800781 0.375000 0.800781 0.367188 0.796875 0.367188 0.792969 0.363281 0.792969 0.359375
2 0.863281 0.289062 0.863281 0.328125 0.867188 0.332031 0.875000 0.332031 0.878906 0.335938 0.878906 0.347656 0.886719 0.347656 0.890625 0.351562 0.890625 0.355469 0.906250 0.371094 0.906250 0.394531 0.914062 0.394531 0.917969 0.398438 0.917969 0.417969 0.921875 0.421875 0.921875 0.429688 0.925781 0.429688 0.929688 0.433594 0.929688 0.445312 0.937500 0.453125 0.937500 0.457031 0.949219 0.457031 0.957031 0.449219 0.957031 0.441406 0.953125 0.437500 0.953125 0.433594 0.945312 0.425781 0.945312 0.421875 0.941406 0.421875 0.937500 0.417969 0.933594 0.417969 0.929688 0.414062 0.929688 0.386719 0.925781 0.382812 0.925781 0.378906 0.917969 0.371094 0.917969 0.367188 0.914062 0.363281 0.914062 0.359375 0.906250 0.351562 0.902344 0.351562 0.898438 0.347656 0.898438 0.332031 0.882812 0.332031 0.878906 0.328125 0.878906 0.292969 0.875000 0.289062
2 0.480469 0.250000 0.480469 0.257812 0.488281 0.257812 0.488281 0.250000
2 0.464844 0.183594 0.464844 0.191406 0.472656 0.191406 0.472656 0.183594
2 0.484375 0.171875 0.484375 0.179688 0.492188 0.179688 0.492188 0.171875
2 0.714844 0.148438 0.714844 0.160156 0.722656 0.160156 0.730469 0.167969 0.730469 0.171875 0.742188 0.171875 0.742188 0.164062 0.738281 0.164062 0.734375 0.160156 0.734375 0.152344 0.730469 0.152344 0.726562 0.148438
2 0.574219 0.019531 0.570312 0.023438 0.566406 0.023438 0.566406 0.027344 0.554688 0.039062 0.554688 0.050781 0.550781 0.054688 0.550781 0.058594 0.546875 0.062500 0.542969 0.062500 0.542969 0.070312 0.546875 0.070312 0.550781 0.074219 0.550781 0.097656 0.554688 0.097656 0.558594 0.101562 0.562500 0.101562 0.566406 0.105469 0.566406 0.128906 0.562500 0.132812 0.550781 0.132812 0.550781 0.140625 0.546875 0.144531 0.507812 0.144531 0.507812 0.160156 0.511719 0.160156 0.515625 0.164062 0.531250 0.164062 0.535156 0.167969 0.535156 0.183594 0.531250 0.187500 0.527344 0.187500 0.527344 0.203125 0.523438 0.207031 0.523438 0.222656 0.519531 0.226562 0.507812 0.226562 0.507812 0.234375 0.515625 0.234375 0.519531 0.238281 0.519531 0.250000 0.527344 0.250000 0.527344 0.242188 0.531250 0.238281 0.535156 0.238281 0.535156 0.214844 0.539062 0.210938 0.566406 0.210938 0.570312 0.214844 0.570312 0.226562 0.578125 0.226562 0.582031 0.230469 0.589844 0.230469 0.593750 0.234375 0.593750 0.253906 0.605469 0.253906 0.605469 0.242188 0.613281 0.234375 0.636719 0.234375 0.640625 0.238281 0.640625 0.242188 0.648438 0.242188 0.652344 0.246094 0.652344 0.273438 0.644531 0.281250 0.628906 0.281250 0.625000 0.285156 0.601562 0.285156 0.601562 0.292969 0.605469 0.296875 0.605469 0.300781 0.609375 0.304688 0.609375 0.316406 0.613281 0.316406 0.617188 0.320312 0.617188 0.343750 0.621094 0.347656 0.621094 0.371094 0.628906 0.371094 0.632812 0.375000 0.632812 0.394531 0.628906 0.398438 0.605469 0.398438 0.601562 0.394531 0.601562 0.390625 0.597656 0.390625 0.589844 0.382812 0.582031 0.382812 0.574219 0.375000 0.574219 0.359375 0.566406 0.359375 0.562500 0.355469 0.562500 0.335938 0.566406 0.332031 0.566406 0.320312 0.562500 0.320312 0.558594 0.316406 0.554688 0.316406 0.550781 0.312500 0.550781 0.304688 0.539062 0.304688 0.539062 0.316406 0.535156 0.320312 0.511719 0.320312 0.507812 0.316406 0.507812 0.300781 0.503906 0.296875 0.503906 0.289062 0.500000 0.285156 0.492188 0.285156 0.488281 0.281250 0.480469 0.281250 0.476562 0.277344 0.476562 0.265625 0.468750 0.265625 0.468750 0.285156 0.464844 0.289062 0.449219 0.289062 0.433594 0.273438 0.429688 0.273438 0.421875 0.265625 0.421875 0.242188 0.425781 0.238281 0.425781 0.222656 0.421875 0.218750 0.410156 0.218750 0.406250 0.214844 0.398438 0.214844 0.394531 0.210938 0.375000 0.210938 0.375000 0.214844 0.371094 0.218750 0.367188 0.218750 0.363281 0.222656 0.355469 0.222656 0.355469 0.230469 0.351562 0.234375 0.351562 0.238281 0.347656 0.242188 0.343750 0.242188 0.343750 0.250000 0.339844 0.253906 0.339844 0.257812 0.335938 0.261719 0.332031 0.261719 0.332031 0.265625 0.324219 0.273438 0.320312 0.273438 0.320312 0.304688 0.312500 0.312500 0.308594 0.312500 0.304688 0.316406 0.289062 0.316406 0.289062 0.328125 0.304688 0.328125 0.308594 0.332031 0.308594 0.351562 0.304688 0.355469 0.273438 0.355469 0.265625 0.363281 0.265625 0.367188 0.257812 0.375000 0.257812 0.378906 0.253906 0.382812 0.246094 0.382812 0.246094 0.390625 0.250000 0.394531 0.257812 0.394531 0.261719 0.398438 0.261719 0.410156 0.265625 0.414062 0.265625 0.441406 0.261719 0.445312 0.253906 0.445312 0.253906 0.453125 0.250000 0.457031 0.250000 0.468750 0.246094 0.472656 0.226562 0.472656 0.222656 0.468750 0.199219 0.468750 0.199219 0.476562 0.195312 0.480469 0.191406 0.480469 0.191406 0.484375 0.183594 0.492188 0.179688 0.492188 0.179688 0.496094 0.175781 0.500000 0.167969 0.500000 0.167969 0.511719 0.164062 0.515625 0.164062 0.542969 0.160156 0.546875 0.160156 0.554688 0.187500 0.554688 0.191406 0.558594 0.191406 0.585938 0.187500 0.589844 0.175781 0.589844 0.171875 0.593750 0.171875 0.609375 0.167969 0.613281 0.164062 0.613281 0.164062 0.621094 0.167969 0.625000 0.171875 0.625000 0.175781 0.628906 0.175781 0.632812 0.183594 0.632812 0.187500 0.636719 0.195312 0.636719 0.195312 0.617188 0.199219 0.613281 0.203125 0.613281 0.203125 0.605469 0.210938 0.597656 0.246094 0.597656 0.253906 0.605469 0.253906 0.609375 0.261719 0.609375 0.269531 0.617188 0.277344 0.617188 0.281250 0.621094 0.304688 0.621094 0.312500 0.628906 0.312500 0.648438 0.316406 0.652344 0.316406 0.664062 0.324219 0.664062 0.332031 0.671875 0.332031 0.695312 0.335938 0.699219 0.335938 0.703125 0.363281 0.703125 0.371094 0.710938 0.371094 0.734375 0.386719 0.734375 0.386719 0.703125 0.390625 0.699219 0.406250 0.699219 0.406250 0.691406 0.402344 0.691406 0.398438 0.687500 0.398438 0.652344 0.402344 0.648438 0.410156 0.648438 0.414062 0.644531 0.421875 0.644531 0.421875 0.636719 0.414062 0.636719 0.410156 0.632812 0.410156 0.625000 0.398438 0.625000 0.394531 0.621094 0.394531 0.617188 0.386719 0.617188 0.378906 0.609375 0.378906 0.585938 0.382812 0.582031 0.406250 0.582031 0.410156 0.585938 0.410156 0.593750 0.414062 0.597656 0.421875 0.597656 0.425781 0.601562 0.433594 0.601562 0.437500 0.605469 0.437500 0.609375 0.441406 0.609375 0.445312 0.613281 0.464844 0.613281 0.468750 0.617188 0.468750 0.648438 0.464844 0.652344 0.437500 0.652344 0.437500 0.664062 0.457031 0.664062 0.460938 0.667969 0.460938 0.683594 0.464844 0.687500 0.464844 0.707031 0.468750 0.710938 0.468750 0.742188 0.464844 0.746094 0.457031 0.746094 0.453125 0.750000 0.449219 0.750000 0.449219 0.773438 0.460938 0.773438 0.464844 0.777344 0.464844 0.820312 0.460938 0.824219 0.460938 0.843750 0.476562 0.843750 0.480469 0.847656 0.480469 0.878906 0.492188 0.878906 0.500000 0.886719 0.507812 0.886719 0.511719 0.882812 0.535156 0.882812 0.539062 0.886719 0.539062 0.894531 0.546875 0.894531 0.546875 0.859375 0.539062 0.859375 0.535156 0.855469 0.535156 0.847656 0.531250 0.843750 0.527344 0.843750 0.523438 0.839844 0.515625 0.839844 0.511719 0.843750 0.488281 0.843750 0.484375 0.839844 0.484375 0.824219 0.488281 0.820312 0.488281 0.812500 0.492188 0.808594 0.503906 0.808594 0.507812 0.804688 0.523438 0.804688 0.523438 0.792969 0.527344 0.789062 0.554688 0.789062 0.558594 0.785156 0.582031 0.785156 0.589844 0.777344 0.593750 0.777344 0.593750 0.769531 0.589844 0.769531 0.582031 0.761719 0.582031 0.757812 0.554688 0.757812 0.546875 0.750000 0.546875 0.730469 0.550781 0.726562 0.566406 0.726562 0.570312 0.730469 0.570312 0.734375 0.589844 0.734375 0.589844 0.726562 0.593750 0.722656 0.605469 0.722656 0.605469 0.718750 0.613281 0.710938 0.613281 0.703125 0.609375 0.699219 0.597656 0.699219 0.593750 0.695312 0.593750 0.691406 0.582031 0.691406 0.578125 0.695312 0.574219 0.695312 0.570312 0.699219 0.562500 0.699219 0.562500 0.710938 0.558594 0.714844 0.558594 0.718750 0.554688 0.722656 0.535156 0.722656 0.531250 0.726562 0.527344 0.726562 0.523438 0.730469 0.503906 0.730469 0.500000 0.726562 0.500000 0.722656 0.492188 0.714844 0.476562 0.714844 0.472656 0.710938 0.472656 0.683594 0.476562 0.679688 0.480469 0.679688 0.480469 0.671875 0.484375 0.667969 0.496094 0.667969 0.496094 0.648438 0.500000 0.644531 0.515625 0.644531 0.519531 0.648438 0.519531 0.667969 0.531250 0.667969 0.535156 0.664062 0.562500 0.664062 0.562500 0.656250 0.554688 0.656250 0.550781 0.652344 0.550781 0.644531 0.546875 0.640625 0.546875 0.621094 0.550781 0.617188 0.550781 0.613281 0.554688 0.609375 0.554688 0.585938 0.562500 0.578125 0.578125 0.578125 0.582031 0.582031 0.585938 0.582031 0.589844 0.585938 0.589844 0.605469 0.582031 0.613281 0.578125 0.613281 0.578125 0.644531 0.585938 0.644531 0.585938 0.640625 0.589844 0.636719 0.609375 0.636719 0.617188 0.644531 0.617188 0.648438 0.621094 0.652344 0.644531 0.652344 0.648438 0.656250 0.648438 0.683594 0.652344 0.683594 0.660156 0.691406 0.660156 0.695312 0.664062 0.695312 0.667969 0.699219 0.667969 0.722656 0.679688 0.722656 0.687500 0.730469 0.707031 0.730469 0.710938 0.734375 0.710938 0.750000 0.707031 0.753906 0.675781 0.753906 0.671875 0.757812 0.644531 0.757812 0.636719 0.750000 0.636719 0.746094 0.621094 0.746094 0.621094 0.765625 0.644531 0.765625 0.648438 0.769531 0.656250 0.769531 0.656250 0.765625 0.660156 0.761719 0.683594 0.761719 0.691406 0.769531 0.699219 0.769531 0.703125 0.765625 0.734375 0.765625 0.738281 0.769531 0.742188 0.769531 0.746094 0.773438 0.746094 0.777344 0.753906 0.777344 0.757812 0.781250 0.757812 0.785156 0.765625 0.785156 0.765625 0.761719 0.769531 0.757812 0.789062 0.757812 0.792969 0.761719 0.792969 0.765625 0.796875 0.765625 0.800781 0.769531 0.820312 0.769531 0.824219 0.773438 0.828125 0.773438 0.832031 0.777344 0.839844 0.777344 0.839844 0.769531 0.843750 0.765625 0.863281 0.765625 0.867188 0.769531 0.867188 0.773438 0.875000 0.773438 0.878906 0.777344 0.878906 0.792969 0.886719 0.792969 0.890625 0.789062 0.890625 0.781250 0.894531 0.777344 0.898438 0.777344 0.902344 0.773438 0.906250 0.773438 0.906250 0.769531 0.917969 0.757812 0.917969 0.753906 0.925781 0.746094 0.925781 0.738281 0.929688 0.734375 0.929688 0.730469 0.933594 0.726562 0.933594 0.714844 0.945312 0.703125 0.945312 0.632812 0.937500 0.632812 0.933594 0.636719 0.933594 0.699219 0.921875 0.710938 0.917969 0.710938 0.914062 0.714844 0.914062 0.718750 0.906250 0.726562 0.890625 0.726562 0.886719 0.722656 0.882812 0.722656 0.878906 0.718750 0.875000 0.718750 0.871094 0.714844 0.855469 0.714844 0.847656 0.722656 0.785156 0.722656 0.781250 0.718750 0.781250 0.714844 0.765625 0.714844 0.757812 0.707031 0.710938 0.707031 0.707031 0.703125 0.695312 0.703125 0.691406 0.699219 0.691406 0.687500 0.687500 0.683594 0.679688 0.683594 0.667969 0.671875 0.667969 0.660156 0.652344 0.660156 0.648438 0.656250 0.648438 0.636719 0.644531 0.632812 0.644531 0.605469 0.648438 0.601562 0.664062 0.601562 0.667969 0.605469 0.675781 0.605469 0.679688 0.609375 0.679688 0.621094 0.687500 0.621094 0.691406 0.617188 0.707031 0.617188 0.707031 0.609375 0.710938 0.605469 0.710938 0.601562 0.714844 0.597656 0.722656 0.597656 0.722656 0.593750 0.726562 0.589844 0.742188 0.589844 0.746094 0.593750 0.750000 0.593750 0.753906 0.597656 0.812500 0.597656 0.812500 0.585938 0.816406 0.582031 0.816406 0.578125 0.820312 0.574219 0.828125 0.574219 0.832031 0.570312 0.832031 0.542969 0.839844 0.535156 0.863281 0.535156 0.863281 0.511719 0.859375 0.507812 0.859375 0.500000 0.851562 0.500000 0.847656 0.503906 0.832031 0.503906 0.824219 0.496094 0.824219 0.488281 0.820312 0.488281 0.812500 0.480469 0.796875 0.480469 0.792969 0.476562 0.792969 0.453125 0.769531 0.453125 0.765625 0.457031 0.761719 0.457031 0.761719 0.468750 0.757812 0.472656 0.734375 0.472656 0.734375 0.500000 0.726562 0.507812 0.726562 0.511719 0.722656 0.515625 0.722656 0.519531 0.714844 0.527344 0.703125 0.527344 0.699219 0.531250 0.699219 0.546875 0.695312 0.550781 0.675781 0.550781 0.675781 0.582031 0.671875 0.585938 0.652344 0.585938 0.648438 0.589844 0.628906 0.589844 0.625000 0.593750 0.609375 0.593750 0.605469 0.589844 0.601562 0.589844 0.593750 0.582031 0.593750 0.546875 0.601562 0.539062 0.601562 0.535156 0.605469 0.531250 0.605469 0.527344 0.609375 0.523438 0.617188 0.523438 0.621094 0.519531 0.636719 0.519531 0.640625 0.515625 0.644531 0.515625 0.644531 0.496094 0.648438 0.492188 0.652344 0.492188 0.656250 0.488281 0.656250 0.484375 0.664062 0.476562 0.671875 0.476562 0.671875 0.472656 0.675781 0.468750 0.675781 0.464844 0.679688 0.460938 0.699219 0.460938 0.703125 0.464844 0.703125 0.472656 0.710938 0.472656 0.714844 0.468750 0.722656 0.468750 0.722656 0.441406 0.726562 0.437500 0.726562 0.367188 0.738281 0.355469 0.742188 0.355469 0.746094 0.351562 0.761719 0.351562 0.761719 0.339844 0.765625 0.335938 0.765625 0.312500 0.773438 0.304688 0.781250 0.304688 0.785156 0.300781 0.785156 0.285156 0.773438 0.285156 0.773438 0.289062 0.769531 0.292969 0.765625 0.292969 0.761719 0.296875 0.761719 0.312500 0.757812 0.316406 0.742188 0.316406 0.738281 0.320312 0.734375 0.320312 0.734375 0.328125 0.730469 0.332031 0.726562 0.332031 0.726562 0.339844 0.722656 0.343750 0.695312 0.343750 0.695312 0.347656 0.691406 0.351562 0.691406 0.355469 0.687500 0.359375 0.679688 0.359375 0.675781 0.363281 0.660156 0.363281 0.656250 0.359375 0.656250 0.355469 0.648438 0.355469 0.644531 0.351562 0.644531 0.332031 0.648438 0.328125 0.648438 0.324219 0.656250 0.316406 0.656250 0.312500 0.660156 0.308594 0.679688 0.308594 0.679688 0.296875 0.683594 0.292969 0.687500 0.292969 0.687500 0.281250 0.683594 0.277344 0.683594 0.253906 0.687500 0.250000 0.695312 0.250000 0.699219 0.246094 0.703125 0.246094 0.703125 0.242188 0.707031 0.238281 0.707031 0.234375 0.710938 0.230469 0.726562 0.230469 0.734375 0.238281 0.734375 0.246094 0.761719 0.246094 0.761719 0.234375 0.765625 0.230469 0.777344 0.230469 0.777344 0.226562 0.781250 0.222656 0.785156 0.222656 0.789062 0.218750 0.789062 0.203125 0.792969 0.199219 0.792969 0.191406 0.785156 0.191406 0.785156 0.203125 0.781250 0.207031 0.773438 0.207031 0.769531 0.210938 0.742188 0.210938 0.742188 0.222656 0.738281 0.226562 0.718750 0.226562 0.714844 0.222656 0.714844 0.199219 0.710938 0.195312 0.710938 0.187500 0.707031 0.187500 0.703125 0.183594 0.703125 0.175781 0.675781 0.175781 0.671875 0.171875 0.664062 0.171875 0.660156 0.167969 0.660156 0.164062 0.652344 0.164062 0.652344 0.171875 0.648438 0.175781 0.628906 0.175781 0.628906 0.187500 0.621094 0.195312 0.617188 0.195312 0.613281 0.199219 0.609375 0.199219 0.605469 0.203125 0.601562 0.203125 0.597656 0.207031 0.589844 0.207031 0.585938 0.210938 0.566406 0.210938 0.562500 0.207031 0.562500 0.203125 0.558594 0.199219 0.558594 0.175781 0.562500 0.171875 0.570312 0.171875 0.578125 0.164062 0.582031 0.164062 0.585938 0.160156 0.597656 0.160156 0.597656 0.156250 0.601562 0.152344 0.640625 0.152344 0.640625 0.136719 0.644531 0.132812 0.660156 0.132812 0.671875 0.121094 0.679688 0.121094 0.679688 0.113281 0.667969 0.113281 0.664062 0.109375 0.652344 0.109375 0.648438 0.113281 0.648438 0.117188 0.644531 0.121094 0.625000 0.121094 0.621094 0.117188 0.621094 0.105469 0.617188 0.105469 0.613281 0.101562 0.613281 0.089844 0.609375 0.085938 0.609375 0.046875 0.601562 0.046875 0.597656 0.042969 0.597656 0.023438 0.585938 0.023438 0.582031 0.019531
