2 0.765625 0.902344 0.765625 0.910156 0.777344 0.910156 0.781250 0.914062 0.781250 0.925781 0.789062 0.925781 0.792969 0.929688 0.792969 0.933594 0.796875 0.933594 0.800781 0.937500 0.800781 0.941406 0.804688 0.945312 0.812500 0.945312 0.820312 0.953125 0.828125 0.953125 0.832031 0.957031 0.832031 0.960938 0.835938 0.964844 0.835938 0.968750 0.859375 0.968750 0.863281 0.964844 0.867188 0.964844 0.875000 0.957031 0.875000 0.945312 0.867188 0.945312 0.863281 0.949219 0.843750 0.949219 0.839844 0.945312 0.828125 0.945312 0.812500 0.929688 0.808594 0.929688 0.804688 0.925781 0.804688 0.917969 0.796875 0.917969 0.789062 0.910156 0.789062 0.906250 0.777344 0.906250 0.773438 0.902344
2 0.699219 0.773438 0.699219 0.785156 0.710938 0.785156 0.710938 0.773438
2 0.441406 0.742188 0.441406 0.761719 0.437500 0.765625 0.437500 0.777344 0.441406 0.781250 0.441406 0.789062 0.449219 0.789062 0.453125 0.792969 0.472656 0.792969 0.472656 0.785156 0.476562 0.781250 0.496094 0.781250 0.503906 0.773438 0.503906 0.757812 0.500000 0.757812 0.496094 0.753906 0.496094 0.750000 0.468750 0.750000 0.460938 0.742188
2 0.183594 0.726562 0.179688 0.730469 0.175781 0.730469 0.171875 0.734375 0.156250 0.734375 0.156250 0.742188 0.160156 0.742188 0.175781 0.757812 0.175781 0.761719 0.183594 0.769531 0.187500 0.769531 0.191406 0.773438 0.210938 0.773438 0.210938 0.761719 0.207031 0.761719 0.203125 0.757812 0.203125 0.738281 0.207031 0.734375 0.207031 0.726562
2 0.132812 0.722656 0.132812 0.730469 0.144531 0.730469 0.144531 0.722656
2 0.078125 0.667969 0.078125 0.675781 0.089844 0.675781 0.089844 0.667969
2 0.777344 0.664062 0.773438 0.667969 0.761719 0.667969 0.757812 0.671875 0.757812 0.695312 0.792969 0.695312 0.796875 0.691406 0.796875 0.687500 0.800781 0.683594 0.800781 0.675781 0.796875 0.671875 0.789062 0.671875 0.785156 0.667969 0.785156 0.664062
2 0.734375 0.585938 0.734375 0.617188 0.738281 0.617188 0.742188 0.621094 0.750000 0.621094 0.753906 0.617188 0.761719 0.617188 0.765625 0.613281 0.769531 0.613281 0.769531 0.605469 0.765625 0.601562 0.761719 0.601562 0.750000 0.589844 0.746094 0.589844 0.742188 0.585938
2 0.015625 0.574219 0.015625 0.605469 0.019531 0.609375 0.019531 0.632812 0.027344 0.640625 0.035156 0.640625 0.039062 0.644531 0.039062 0.652344 0.046875 0.652344 0.050781 0.656250 0.050781 0.660156 0.058594 0.660156 0.058594 0.648438 0.050781 0.640625 0.050781 0.636719 0.046875 0.632812 0.039062 0.632812 0.035156 0.628906 0.035156 0.605469 0.023438 0.593750 0.023438 0.574219
2 0.066406 0.566406 0.066406 0.574219 0.074219 0.574219 0.074219 0.566406
2 0.917969 0.507812 0.917969 0.542969 0.914062 0.546875 0.914062 0.574219 0.910156 0.578125 0.910156 0.593750 0.925781 0.609375 0.925781 0.617188 0.933594 0.617188 0.933594 0.609375 0.937500 0.605469 0.937500 0.578125 0.941406 0.574219 0.953125 0.574219 0.953125 0.566406 0.957031 0.562500 0.957031 0.535156 0.953125 0.531250 0.953125 0.511719 0.949219 0.507812
2 0.613281 0.417969 0.613281 0.425781 0.617188 0.425781 0.621094 0.429688 0.621094 0.449219 0.628906 0.449219 0.628906 0.441406 0.632812 0.437500 0.632812 0.421875 0.628906 0.421875 0.625000 0.417969
2 0.890625 0.414062 0.890625 0.445312 0.886719 0.449219 0.867188 0.449219 0.863281 0.445312 0.859375 0.445312 0.855469 0.441406 0.855469 0.425781 0.847656 0.425781 0.847656 0.433594 0.843750 0.437500 0.839844 0.437500 0.839844 0.449219 0.835938 0.453125 0.835938 0.460938 0.828125 0.468750 0.796875 0.468750 0.792969 0.464844 0.765625 0.464844 0.761719 0.468750 0.761719 0.480469 0.757812 0.484375 0.746094 0.484375 0.746094 0.488281 0.742188 0.492188 0.738281 0.492188 0.738281 0.500000 0.746094 0.500000 0.746094 0.496094 0.750000 0.492188 0.753906 0.492188 0.753906 0.488281 0.757812 0.484375 0.769531 0.484375 0.773438 0.480469 0.800781 0.480469 0.804688 0.484375 0.808594 0.484375 0.812500 0.488281 0.828125 0.488281 0.832031 0.492188 0.832031 0.507812 0.828125 0.511719 0.828125 0.519531 0.832031 0.523438 0.839844 0.523438 0.843750 0.527344 0.843750 0.531250 0.847656 0.535156 0.875000 0.535156 0.875000 0.511719 0.871094 0.507812 0.871094 0.476562 0.875000 0.472656 0.902344 0.472656 0.906250 0.476562 0.906250 0.488281 0.914062 0.488281 0.917969 0.484375 0.925781 0.484375 0.925781 0.472656 0.921875 0.468750 0.921875 0.464844 0.917969 0.460938 0.917969 0.449219 0.914062 0.445312 0.914062 0.433594 0.910156 0.429688 0.906250 0.429688 0.902344 0.425781 0.902344 0.417969 0.898438 0.414062
2 0.683594 0.386719 0.679688 0.390625 0.679688 0.414062 0.671875 0.421875 0.671875 0.429688 0.687500 0.429688 0.687500 0.410156 0.691406 0.406250 0.695312 0.406250 0.699219 0.402344 0.699219 0.394531 0.691406 0.386719
2 0.832031 0.367188 0.832031 0.371094 0.828125 0.375000 0.828125 0.378906 0.824219 0.382812 0.820312 0.382812 0.820312 0.390625 0.832031 0.402344 0.855469 0.402344 0.859375 0.406250 0.859375 0.410156 0.882812 0.410156 0.882812 0.394531 0.878906 0.390625 0.878906 0.382812 0.863281 0.382812 0.859375 0.378906 0.859375 0.375000 0.851562 0.367188
2 0.117188 0.324219 0.113281 0.328125 0.113281 0.335938 0.109375 0.339844 0.105469 0.339844 0.105469 0.347656 0.128906 0.347656 0.132812 0.343750 0.132812 0.339844 0.136719 0.335938 0.136719 0.324219
2 0.703125 0.289062 0.703125 0.296875 0.710938 0.296875 0.710938 0.289062
2 0.203125 0.273438 0.203125 0.289062 0.199219 0.292969 0.199219 0.300781 0.210938 0.300781 0.210938 0.296875 0.214844 0.292969 0.214844 0.289062 0.218750 0.285156 0.222656 0.285156 0.222656 0.273438
2 0.605469 0.250000 0.605469 0.257812 0.613281 0.257812 0.613281 0.250000
2 0.652344 0.207031 0.652344 0.218750 0.648438 0.222656 0.644531 0.222656 0.644531 0.289062 0.640625 0.292969 0.640625 0.324219 0.636719 0.328125 0.636719 0.335938 0.628906 0.343750 0.628906 0.386719 0.640625 0.386719 0.640625 0.378906 0.652344 0.367188 0.656250 0.367188 0.656250 0.363281 0.660156 0.359375 0.664062 0.359375 0.664062 0.351562 0.667969 0.347656 0.667969 0.343750 0.671875 0.339844 0.691406 0.339844 0.695312 0.335938 0.695312 0.332031 0.699219 0.328125 0.699219 0.320312 0.687500 0.320312 0.683594 0.316406 0.683594 0.304688 0.679688 0.300781 0.679688 0.261719 0.687500 0.253906 0.687500 0.246094 0.679688 0.238281 0.679688 0.214844 0.675781 0.214844 0.667969 0.207031
2 0.582031 0.175781 0.578125 0.179688 0.578125 0.195312 0.574219 0.199219 0.570312 0.199219 0.566406 0.203125 0.566406 0.210938 0.578125 0.210938 0.585938 0.203125 0.601562 0.203125 0.609375 0.210938 0.628906 0.210938 0.628906 0.199219 0.609375 0.199219 0.605469 0.195312 0.605469 0.179688 0.601562 0.175781
2 0.593750 0.113281 0.589844 0.117188 0.585938 0.117188 0.582031 0.121094 0.574219 0.121094 0.570312 0.125000 0.554688 0.125000 0.554688 0.128906 0.550781 0.132812 0.539062 0.132812 0.539062 0.136719 0.535156 0.140625 0.515625 0.140625 0.511719 0.144531 0.511719 0.148438 0.507812 0.152344 0.480469 0.152344 0.480469 0.160156 0.484375 0.164062 0.484375 0.191406 0.480469 0.195312 0.464844 0.195312 0.460938 0.191406 0.449219 0.191406 0.449219 0.199219 0.476562 0.199219 0.480469 0.203125 0.480469 0.218750 0.476562 0.222656 0.472656 0.222656 0.472656 0.250000 0.468750 0.253906 0.464844 0.253906 0.464844 0.257812 0.457031 0.265625 0.453125 0.265625 0.453125 0.269531 0.449219 0.273438 0.449219 0.277344 0.437500 0.289062 0.433594 0.289062 0.429688 0.292969 0.425781 0.292969 0.421875 0.296875 0.421875 0.300781 0.417969 0.304688 0.402344 0.304688 0.394531 0.296875 0.394531 0.289062 0.390625 0.289062 0.386719 0.285156 0.382812 0.285156 0.378906 0.281250 0.378906 0.277344 0.375000 0.273438 0.375000 0.265625 0.363281 0.265625 0.359375 0.261719 0.359375 0.257812 0.355469 0.253906 0.355469 0.246094 0.351562 0.242188 0.332031 0.242188 0.328125 0.238281 0.328125 0.222656 0.332031 0.218750 0.351562 0.218750 0.351562 0.203125 0.343750 0.203125 0.339844 0.207031 0.324219 0.207031 0.320312 0.203125 0.312500 0.203125 0.312500 0.218750 0.308594 0.222656 0.292969 0.222656 0.292969 0.238281 0.308594 0.238281 0.312500 0.242188 0.339844 0.242188 0.343750 0.246094 0.343750 0.257812 0.347656 0.257812 0.351562 0.261719 0.351562 0.281250 0.347656 0.285156 0.328125 0.285156 0.324219 0.281250 0.324219 0.277344 0.300781 0.277344 0.300781 0.289062 0.304688 0.292969 0.308594 0.292969 0.324219 0.308594 0.324219 0.332031 0.320312 0.335938 0.320312 0.339844 0.312500 0.347656 0.312500 0.355469 0.308594 0.359375 0.300781 0.359375 0.296875 0.363281 0.296875 0.367188 0.292969 0.371094 0.292969 0.375000 0.289062 0.378906 0.285156 0.378906 0.273438 0.390625 0.273438 0.398438 0.269531 0.402344 0.234375 0.402344 0.230469 0.398438 0.230469 0.378906 0.234375 0.375000 0.234375 0.367188 0.238281 0.363281 0.242188 0.363281 0.242188 0.359375 0.246094 0.355469 0.250000 0.355469 0.250000 0.351562 0.253906 0.347656 0.261719 0.347656 0.269531 0.339844 0.281250 0.339844 0.281250 0.328125 0.277344 0.328125 0.273438 0.324219 0.265625 0.324219 0.253906 0.335938 0.250000 0.335938 0.246094 0.339844 0.242188 0.339844 0.238281 0.343750 0.234375 0.343750 0.230469 0.347656 0.214844 0.347656 0.210938 0.351562 0.195312 0.351562 0.191406 0.347656 0.191406 0.324219 0.195312 0.320312 0.195312 0.308594 0.179688 0.308594 0.179688 0.312500 0.175781 0.316406 0.175781 0.343750 0.171875 0.347656 0.156250 0.347656 0.156250 0.355469 0.152344 0.359375 0.152344 0.371094 0.148438 0.375000 0.148438 0.378906 0.136719 0.390625 0.136719 0.394531 0.128906 0.402344 0.113281 0.402344 0.109375 0.406250 0.105469 0.406250 0.101562 0.410156 0.078125 0.410156 0.078125 0.421875 0.082031 0.425781 0.082031 0.445312 0.078125 0.449219 0.074219 0.449219 0.074219 0.453125 0.070312 0.457031 0.062500 0.457031 0.058594 0.460938 0.035156 0.460938 0.031250 0.457031 0.031250 0.453125 0.027344 0.449219 0.027344 0.441406 0.023438 0.437500 0.015625 0.437500 0.015625 0.453125 0.019531 0.457031 0.019531 0.488281 0.015625 0.492188 0.015625 0.496094 0.011719 0.500000 0.000000 0.500000 0.000000 0.511719 0.007812 0.511719 0.011719 0.515625 0.011719 0.531250 0.007812 0.535156 0.000000 0.535156 0.000000 0.546875 0.019531 0.546875 0.019531 0.523438 0.023438 0.519531 0.023438 0.515625 0.027344 0.511719 0.027344 0.507812 0.031250 0.503906 0.031250 0.496094 0.039062 0.488281 0.042969 0.488281 0.042969 0.480469 0.046875 0.476562 0.074219 0.476562 0.078125 0.480469 0.078125 0.496094 0.082031 0.496094 0.085938 0.500000 0.085938 0.515625 0.078125 0.523438 0.074219 0.523438 0.074219 0.531250 0.085938 0.531250 0.089844 0.535156 0.101562 0.535156 0.105469 0.539062 0.105469 0.554688 0.101562 0.558594 0.101562 0.582031 0.097656 0.585938 0.089844 0.585938 0.089844 0.593750 0.093750 0.597656 0.113281 0.597656 0.117188 0.601562 0.117188 0.609375 0.121094 0.613281 0.125000 0.613281 0.128906 0.617188 0.128906 0.636719 0.125000 0.640625 0.121094 0.640625 0.121094 0.648438 0.128906 0.648438 0.132812 0.652344 0.132812 0.656250 0.140625 0.664062 0.140625 0.667969 0.148438 0.667969 0.152344 0.671875 0.164062 0.671875 0.164062 0.667969 0.167969 0.664062 0.195312 0.664062 0.199219 0.667969 0.199219 0.679688 0.203125 0.683594 0.203125 0.695312 0.210938 0.703125 0.226562 0.703125 0.230469 0.707031 0.230469 0.710938 0.234375 0.710938 0.238281 0.714844 0.238281 0.718750 0.265625 0.718750 0.269531 0.722656 0.269531 0.734375 0.273438 0.734375 0.277344 0.738281 0.285156 0.738281 0.289062 0.742188 0.312500 0.742188 0.316406 0.746094 0.320312 0.746094 0.324219 0.750000 0.324219 0.757812 0.332031 0.765625 0.355469 0.765625 0.359375 0.761719 0.367188 0.761719 0.371094 0.757812 0.375000 0.757812 0.375000 0.742188 0.378906 0.738281 0.398438 0.738281 0.410156 0.726562 0.414062 0.726562 0.414062 0.718750 0.417969 0.714844 0.417969 0.710938 0.421875 0.707031 0.429688 0.707031 0.429688 0.695312 0.433594 0.691406 0.433594 0.687500 0.437500 0.683594 0.441406 0.683594 0.441406 0.671875 0.437500 0.667969 0.429688 0.667969 0.421875 0.675781 0.406250 0.675781 0.402344 0.671875 0.402344 0.667969 0.390625 0.667969 0.386719 0.671875 0.378906 0.671875 0.378906 0.675781 0.375000 0.679688 0.371094 0.679688 0.371094 0.687500 0.367188 0.691406 0.335938 0.691406 0.332031 0.687500 0.332031 0.679688 0.328125 0.675781 0.328125 0.648438 0.316406 0.648438 0.316406 0.652344 0.312500 0.656250 0.312500 0.664062 0.308594 0.667969 0.285156 0.667969 0.281250 0.664062 0.281250 0.656250 0.269531 0.644531 0.269531 0.628906 0.277344 0.621094 0.285156 0.621094 0.285156 0.609375 0.289062 0.605469 0.312500 0.605469 0.316406 0.601562 0.339844 0.601562 0.339844 0.578125 0.343750 0.574219 0.367188 0.574219 0.371094 0.578125 0.410156 0.578125 0.410156 0.570312 0.414062 0.566406 0.433594 0.566406 0.437500 0.570312 0.445312 0.570312 0.449219 0.574219 0.472656 0.574219 0.480469 0.582031 0.480469 0.589844 0.488281 0.589844 0.492188 0.593750 0.496094 0.593750 0.500000 0.597656 0.500000 0.617188 0.503906 0.621094 0.503906 0.636719 0.500000 0.640625 0.500000 0.648438 0.503906 0.652344 0.503906 0.664062 0.511719 0.664062 0.515625 0.667969 0.515625 0.699219 0.519531 0.703125 0.519531 0.707031 0.531250 0.707031 0.531250 0.703125 0.535156 0.699219 0.550781 0.699219 0.554688 0.703125 0.554688 0.718750 0.558594 0.718750 0.562500 0.722656 0.562500 0.738281 0.558594 0.742188 0.554688 0.742188 0.554688 0.761719 0.562500 0.761719 0.566406 0.765625 0.589844 0.765625 0.589844 0.757812 0.593750 0.753906 0.593750 0.738281 0.597656 0.734375 0.597656 0.730469 0.601562 0.726562 0.617188 0.726562 0.621094 0.730469 0.621094 0.734375 0.644531 0.734375 0.652344 0.742188 0.652344 0.757812 0.648438 0.761719 0.628906 0.761719 0.625000 0.765625 0.625000 0.773438 0.636719 0.773438 0.640625 0.777344 0.652344 0.777344 0.652344 0.757812 0.656250 0.753906 0.671875 0.753906 0.671875 0.730469 0.675781 0.726562 0.699219 0.726562 0.703125 0.730469 0.703125 0.746094 0.722656 0.746094 0.726562 0.750000 0.726562 0.769531 0.730469 0.769531 0.734375 0.773438 0.742188 0.773438 0.742188 0.761719 0.738281 0.757812 0.738281 0.742188 0.742188 0.738281 0.757812 0.738281 0.765625 0.746094 0.765625 0.761719 0.773438 0.761719 0.773438 0.742188 0.777344 0.738281 0.800781 0.738281 0.804688 0.742188 0.804688 0.746094 0.808594 0.746094 0.812500 0.750000 0.812500 0.753906 0.832031 0.753906 0.835938 0.757812 0.835938 0.773438 0.828125 0.781250 0.824219 0.781250 0.820312 0.785156 0.820312 0.792969 0.812500 0.800781 0.812500 0.804688 0.808594 0.808594 0.804688 0.808594 0.804688 0.816406 0.816406 0.816406 0.820312 0.820312 0.820312 0.832031 0.824219 0.835938 0.824219 0.851562 0.832031 0.851562 0.835938 0.855469 0.847656 0.855469 0.847656 0.843750 0.843750 0.839844 0.843750 0.832031 0.839844 0.828125 0.835938 0.828125 0.832031 0.824219 0.828125 0.824219 0.824219 0.820312 0.824219 0.796875 0.828125 0.792969 0.832031 0.792969 0.835938 0.789062 0.843750 0.789062 0.851562 0.781250 0.851562 0.769531 0.855469 0.765625 0.890625 0.765625 0.894531 0.769531 0.894531 0.792969 0.898438 0.796875 0.910156 0.796875 0.910156 0.781250 0.914062 0.777344 0.917969 0.777344 0.917969 0.765625 0.886719 0.765625 0.882812 0.761719 0.882812 0.753906 0.878906 0.750000 0.871094 0.750000 0.867188 0.746094 0.867188 0.730469 0.871094 0.726562 0.871094 0.722656 0.875000 0.718750 0.894531 0.718750 0.894531 0.710938 0.863281 0.710938 0.859375 0.707031 0.843750 0.707031 0.839844 0.703125 0.839844 0.687500 0.843750 0.683594 0.863281 0.683594 0.863281 0.648438 0.867188 0.644531 0.882812 0.644531 0.886719 0.648438 0.886719 0.652344 0.890625 0.652344 0.894531 0.656250 0.902344 0.656250 0.906250 0.660156 0.914062 0.660156 0.914062 0.648438 0.910156 0.648438 0.906250 0.644531 0.906250 0.640625 0.890625 0.640625 0.886719 0.636719 0.886719 0.632812 0.882812 0.628906 0.882812 0.625000 0.875000 0.617188 0.875000 0.593750 0.878906 0.589844 0.886719 0.589844 0.886719 0.582031 0.878906 0.582031 0.878906 0.589844 0.875000 0.593750 0.851562 0.593750 0.847656 0.597656 0.820312 0.597656 0.820312 0.609375 0.828125 0.617188 0.855469 0.617188 0.859375 0.621094 0.859375 0.656250 0.855469 0.660156 0.851562 0.660156 0.851562 0.667969 0.847656 0.671875 0.839844 0.671875 0.832031 0.679688 0.832031 0.718750 0.824219 0.726562 0.781250 0.726562 0.777344 0.722656 0.773438 0.722656 0.769531 0.718750 0.742188 0.718750 0.726562 0.703125 0.722656 0.703125 0.718750 0.699219 0.714844 0.699219 0.707031 0.691406 0.707031 0.687500 0.699219 0.687500 0.695312 0.683594 0.695312 0.679688 0.691406 0.679688 0.683594 0.671875 0.679688 0.671875 0.675781 0.667969 0.671875 0.667969 0.667969 0.664062 0.664062 0.664062 0.660156 0.660156 0.656250 0.660156 0.652344 0.656250 0.652344 0.636719 0.656250 0.632812 0.671875 0.632812 0.675781 0.628906 0.675781 0.585938 0.679688 0.582031 0.714844 0.582031 0.714844 0.566406 0.707031 0.558594 0.707031 0.542969 0.714844 0.535156 0.722656 0.535156 0.722656 0.531250 0.726562 0.527344 0.726562 0.503906 0.710938 0.503906 0.707031 0.507812 0.707031 0.515625 0.699219 0.523438 0.691406 0.523438 0.691406 0.535156 0.695312 0.535156 0.699219 0.539062 0.699219 0.562500 0.695312 0.566406 0.683594 0.566406 0.683594 0.570312 0.679688 0.574219 0.679688 0.578125 0.675781 0.582031 0.660156 0.582031 0.656250 0.585938 0.652344 0.585938 0.652344 0.589844 0.644531 0.597656 0.644531 0.601562 0.640625 0.605469 0.640625 0.621094 0.636719 0.625000 0.621094 0.625000 0.621094 0.636719 0.625000 0.640625 0.636719 0.640625 0.640625 0.644531 0.640625 0.660156 0.636719 0.664062 0.636719 0.671875 0.644531 0.679688 0.656250 0.679688 0.664062 0.687500 0.664062 0.722656 0.660156 0.726562 0.640625 0.726562 0.636719 0.722656 0.636719 0.703125 0.632812 0.699219 0.621094 0.699219 0.617188 0.695312 0.613281 0.695312 0.609375 0.691406 0.609375 0.667969 0.605469 0.667969 0.585938 0.648438 0.585938 0.644531 0.582031 0.640625 0.578125 0.640625 0.574219 0.636719 0.574219 0.632812 0.570312 0.628906 0.562500 0.628906 0.558594 0.625000 0.558594 0.617188 0.554688 0.617188 0.550781 0.613281 0.539062 0.613281 0.531250 0.605469 0.531250 0.585938 0.535156 0.582031 0.535156 0.566406 0.546875 0.554688 0.546875 0.546875 0.554688 0.539062 0.554688 0.531250 0.558594 0.527344 0.566406 0.527344 0.566406 0.523438 0.570312 0.519531 0.574219 0.519531 0.574219 0.492188 0.570312 0.492188 0.566406 0.488281 0.546875 0.488281 0.539062 0.480469 0.539062 0.457031 0.542969 0.453125 0.542969 0.433594 0.546875 0.429688 0.554688 0.429688 0.566406 0.417969 0.582031 0.417969 0.582031 0.410156 0.578125 0.406250 0.578125 0.386719 0.574219 0.386719 0.570312 0.382812 0.562500 0.382812 0.558594 0.378906 0.558594 0.371094 0.554688 0.367188 0.539062 0.367188 0.535156 0.363281 0.535156 0.347656 0.542969 0.339844 0.542969 0.316406 0.535156 0.308594 0.511719 0.308594 0.507812 0.304688 0.507812 0.289062 0.503906 0.289062 0.500000 0.285156 0.500000 0.246094 0.503906 0.242188 0.507812 0.242188 0.511719 0.238281 0.535156 0.238281 0.535156 0.218750 0.531250 0.214844 0.531250 0.210938 0.503906 0.210938 0.500000 0.207031 0.500000 0.191406 0.503906 0.187500 0.511719 0.187500 0.511719 0.164062 0.519531 0.156250 0.523438 0.156250 0.531250 0.148438 0.566406 0.148438 0.566406 0.136719 0.570312 0.132812 0.609375 0.132812 0.609375 0.117188 0.605469 0.117188 0.601562 0.113281
2 0.339844 0.093750 0.335938 0.097656 0.335938 0.101562 0.332031 0.105469 0.320312 0.105469 0.316406 0.109375 0.308594 0.109375 0.304688 0.113281 0.304688 0.121094 0.316406 0.121094 0.324219 0.128906 0.335938 0.128906 0.339844 0.125000 0.339844 0.121094 0.347656 0.113281 0.351562 0.113281 0.359375 0.105469 0.359375 0.093750
2 0.378906 0.058594 0.375000 0.062500 0.371094 0.062500 0.367188 0.066406 0.367188 0.078125 0.386719 0.078125 0.390625 0.074219 0.406250 0.074219 0.410156 0.078125 0.425781 0.078125 0.425781 0.070312 0.417969 0.070312 0.414062 0.066406 0.406250 0.066406 0.402344 0.062500 0.398438 0.062500 0.394531 0.058594
2 0.347656 0.019531 0.347656 0.035156 0.359375 0.035156 0.359375 0.023438 0.355469 0.019531
