2 0.355469 0.980469 0.355469 0.996094 0.371094 0.996094 0.371094 0.980469
2 0.433594 0.921875 0.429688 0.925781 0.425781 0.925781 0.421875 0.929688 0.417969 0.929688 0.417969 0.937500 0.421875 0.941406 0.421875 0.957031 0.417969 0.960938 0.414062 0.960938 0.410156 0.964844 0.406250 0.964844 0.402344 0.968750 0.402344 0.976562 0.414062 0.976562 0.417969 0.972656 0.433594 0.972656 0.437500 0.968750 0.457031 0.968750 0.460938 0.964844 0.468750 0.964844 0.472656 0.960938 0.480469 0.960938 0.480469 0.945312 0.484375 0.941406 0.484375 0.929688 0.468750 0.929688 0.464844 0.925781 0.449219 0.925781 0.445312 0.921875
2 0.164062 0.691406 0.164062 0.695312 0.160156 0.699219 0.160156 0.707031 0.171875 0.707031 0.171875 0.691406
2 0.609375 0.667969 0.609375 0.675781 0.613281 0.679688 0.613281 0.695312 0.609375 0.699219 0.609375 0.710938 0.617188 0.710938 0.617188 0.707031 0.621094 0.703125 0.625000 0.703125 0.625000 0.687500 0.628906 0.683594 0.648438 0.683594 0.648438 0.675781 0.628906 0.675781 0.625000 0.671875 0.625000 0.667969
2 0.855469 0.636719 0.855469 0.644531 0.859375 0.648438 0.859375 0.667969 0.855469 0.671875 0.855469 0.687500 0.878906 0.687500 0.878906 0.679688 0.875000 0.679688 0.871094 0.675781 0.871094 0.660156 0.867188 0.656250 0.867188 0.636719
2 0.671875 0.636719 0.671875 0.652344 0.683594 0.652344 0.683594 0.640625 0.679688 0.636719
2 0.718750 0.601562 0.714844 0.605469 0.714844 0.613281 0.726562 0.613281 0.726562 0.601562
2 0.734375 0.488281 0.730469 0.492188 0.691406 0.492188 0.687500 0.496094 0.671875 0.496094 0.671875 0.503906 0.683594 0.503906 0.687500 0.507812 0.695312 0.507812 0.699219 0.511719 0.699219 0.527344 0.695312 0.531250 0.679688 0.531250 0.675781 0.527344 0.664062 0.527344 0.660156 0.531250 0.652344 0.531250 0.652344 0.554688 0.648438 0.558594 0.617188 0.558594 0.617188 0.578125 0.625000 0.578125 0.628906 0.574219 0.640625 0.574219 0.644531 0.570312 0.648438 0.570312 0.656250 0.562500 0.671875 0.562500 0.675781 0.566406 0.691406 0.566406 0.695312 0.562500 0.710938 0.562500 0.710938 0.554688 0.718750 0.546875 0.726562 0.546875 0.726562 0.539062 0.722656 0.535156 0.722656 0.515625 0.726562 0.511719 0.730469 0.511719 0.734375 0.507812 0.757812 0.507812 0.757812 0.496094 0.753906 0.496094 0.750000 0.492188 0.746094 0.492188 0.742188 0.488281
2 0.636719 0.488281 0.636719 0.500000 0.648438 0.500000 0.648438 0.492188 0.644531 0.488281
2 0.218750 0.488281 0.218750 0.496094 0.210938 0.503906 0.210938 0.507812 0.207031 0.511719 0.179688 0.511719 0.179688 0.523438 0.187500 0.523438 0.191406 0.527344 0.195312 0.527344 0.199219 0.531250 0.214844 0.531250 0.218750 0.535156 0.218750 0.542969 0.222656 0.546875 0.222656 0.550781 0.230469 0.558594 0.230469 0.574219 0.234375 0.578125 0.234375 0.589844 0.238281 0.593750 0.238281 0.597656 0.246094 0.597656 0.246094 0.589844 0.242188 0.585938 0.242188 0.574219 0.238281 0.570312 0.238281 0.566406 0.234375 0.562500 0.234375 0.503906 0.230469 0.503906 0.226562 0.500000 0.226562 0.488281
2 0.824219 0.433594 0.820312 0.437500 0.820312 0.445312 0.828125 0.445312 0.832031 0.441406 0.835938 0.441406 0.835938 0.433594
2 0.929688 0.386719 0.929688 0.398438 0.941406 0.398438 0.941406 0.386719
2 0.867188 0.375000 0.863281 0.378906 0.863281 0.386719 0.867188 0.390625 0.867188 0.410156 0.863281 0.414062 0.855469 0.414062 0.855469 0.425781 0.859375 0.429688 0.863281 0.429688 0.871094 0.437500 0.871094 0.457031 0.867188 0.460938 0.867188 0.476562 0.863281 0.480469 0.855469 0.480469 0.855469 0.484375 0.847656 0.492188 0.847656 0.496094 0.843750 0.500000 0.839844 0.500000 0.835938 0.503906 0.820312 0.503906 0.816406 0.500000 0.816406 0.484375 0.820312 0.480469 0.820312 0.472656 0.816406 0.468750 0.816406 0.460938 0.800781 0.460938 0.800781 0.464844 0.796875 0.468750 0.796875 0.480469 0.800781 0.484375 0.800781 0.503906 0.804688 0.503906 0.808594 0.507812 0.808594 0.523438 0.804688 0.527344 0.800781 0.527344 0.800781 0.531250 0.792969 0.539062 0.792969 0.558594 0.800781 0.558594 0.804688 0.562500 0.804688 0.578125 0.800781 0.582031 0.792969 0.582031 0.792969 0.601562 0.789062 0.605469 0.781250 0.605469 0.781250 0.613281 0.777344 0.617188 0.734375 0.617188 0.734375 0.648438 0.730469 0.652344 0.726562 0.652344 0.722656 0.656250 0.722656 0.660156 0.718750 0.664062 0.691406 0.664062 0.691406 0.671875 0.687500 0.675781 0.687500 0.679688 0.683594 0.683594 0.683594 0.691406 0.679688 0.695312 0.652344 0.695312 0.652344 0.703125 0.656250 0.703125 0.660156 0.707031 0.660156 0.722656 0.652344 0.730469 0.652344 0.742188 0.656250 0.742188 0.660156 0.746094 0.664062 0.746094 0.667969 0.750000 0.667969 0.753906 0.671875 0.753906 0.675781 0.757812 0.675781 0.765625 0.679688 0.769531 0.679688 0.785156 0.671875 0.792969 0.664062 0.792969 0.664062 0.796875 0.660156 0.800781 0.656250 0.800781 0.652344 0.804688 0.648438 0.804688 0.648438 0.812500 0.644531 0.816406 0.613281 0.816406 0.609375 0.812500 0.578125 0.812500 0.574219 0.808594 0.574219 0.800781 0.566406 0.800781 0.558594 0.792969 0.550781 0.792969 0.546875 0.796875 0.542969 0.796875 0.542969 0.812500 0.535156 0.820312 0.531250 0.820312 0.527344 0.824219 0.527344 0.843750 0.523438 0.847656 0.511719 0.847656 0.511719 0.859375 0.507812 0.863281 0.488281 0.863281 0.484375 0.859375 0.484375 0.847656 0.476562 0.847656 0.476562 0.855469 0.468750 0.863281 0.468750 0.871094 0.492188 0.871094 0.496094 0.875000 0.546875 0.875000 0.550781 0.871094 0.562500 0.871094 0.566406 0.867188 0.570312 0.867188 0.570312 0.863281 0.574219 0.859375 0.593750 0.859375 0.597656 0.863281 0.597656 0.871094 0.601562 0.875000 0.601562 0.906250 0.597656 0.910156 0.582031 0.910156 0.574219 0.902344 0.574219 0.898438 0.546875 0.898438 0.546875 0.910156 0.550781 0.914062 0.550781 0.929688 0.554688 0.929688 0.558594 0.933594 0.562500 0.933594 0.566406 0.937500 0.570312 0.937500 0.574219 0.941406 0.617188 0.941406 0.617188 0.933594 0.625000 0.925781 0.648438 0.925781 0.648438 0.921875 0.660156 0.910156 0.683594 0.910156 0.683594 0.898438 0.687500 0.894531 0.710938 0.894531 0.718750 0.886719 0.718750 0.878906 0.722656 0.875000 0.726562 0.875000 0.734375 0.867188 0.738281 0.867188 0.742188 0.863281 0.742188 0.855469 0.746094 0.851562 0.750000 0.851562 0.757812 0.843750 0.765625 0.843750 0.769531 0.839844 0.773438 0.839844 0.773438 0.835938 0.777344 0.832031 0.789062 0.832031 0.789062 0.824219 0.796875 0.816406 0.804688 0.816406 0.804688 0.812500 0.808594 0.808594 0.812500 0.808594 0.828125 0.792969 0.828125 0.785156 0.824219 0.785156 0.820312 0.781250 0.820312 0.738281 0.824219 0.734375 0.832031 0.734375 0.832031 0.722656 0.839844 0.714844 0.839844 0.691406 0.820312 0.691406 0.816406 0.687500 0.816406 0.671875 0.820312 0.667969 0.820312 0.660156 0.812500 0.660156 0.812500 0.671875 0.808594 0.675781 0.785156 0.675781 0.777344 0.667969 0.777344 0.648438 0.781250 0.644531 0.781250 0.625000 0.785156 0.621094 0.804688 0.621094 0.808594 0.625000 0.808594 0.628906 0.812500 0.632812 0.832031 0.632812 0.832031 0.628906 0.835938 0.625000 0.847656 0.625000 0.847656 0.617188 0.851562 0.613281 0.875000 0.613281 0.878906 0.617188 0.878906 0.628906 0.890625 0.628906 0.894531 0.632812 0.906250 0.632812 0.906250 0.621094 0.902344 0.617188 0.902344 0.613281 0.882812 0.613281 0.878906 0.609375 0.878906 0.597656 0.871094 0.589844 0.871094 0.585938 0.867188 0.582031 0.867188 0.550781 0.871094 0.546875 0.878906 0.546875 0.894531 0.531250 0.894531 0.527344 0.898438 0.523438 0.906250 0.523438 0.906250 0.511719 0.898438 0.511719 0.894531 0.507812 0.894531 0.492188 0.898438 0.488281 0.914062 0.488281 0.917969 0.492188 0.917969 0.500000 0.925781 0.500000 0.929688 0.503906 0.929688 0.511719 0.941406 0.511719 0.945312 0.507812 0.945312 0.484375 0.941406 0.480469 0.941406 0.472656 0.910156 0.472656 0.906250 0.468750 0.902344 0.468750 0.894531 0.460938 0.890625 0.460938 0.886719 0.457031 0.882812 0.457031 0.878906 0.453125 0.878906 0.429688 0.882812 0.425781 0.882812 0.421875 0.886719 0.417969 0.890625 0.417969 0.898438 0.410156 0.906250 0.410156 0.906250 0.386719 0.894531 0.386719 0.890625 0.382812 0.886719 0.382812 0.878906 0.375000
2 0.367188 0.257812 0.367188 0.265625 0.375000 0.273438 0.375000 0.281250 0.394531 0.281250 0.394531 0.265625 0.390625 0.261719 0.390625 0.257812
2 0.832031 0.250000 0.828125 0.253906 0.824219 0.253906 0.820312 0.257812 0.820312 0.265625 0.824219 0.269531 0.835938 0.269531 0.835938 0.261719 0.839844 0.257812 0.839844 0.250000
2 0.429688 0.242188 0.429688 0.250000 0.437500 0.257812 0.437500 0.265625 0.453125 0.265625 0.457031 0.261719 0.457031 0.253906 0.445312 0.253906 0.441406 0.250000 0.441406 0.246094 0.437500 0.242188
2 0.875000 0.230469 0.875000 0.246094 0.871094 0.250000 0.863281 0.250000 0.863281 0.257812 0.867188 0.261719 0.882812 0.261719 0.886719 0.265625 0.886719 0.289062 0.890625 0.292969 0.890625 0.300781 0.898438 0.300781 0.902344 0.304688 0.902344 0.332031 0.910156 0.339844 0.910156 0.343750 0.914062 0.343750 0.917969 0.347656 0.917969 0.355469 0.921875 0.359375 0.929688 0.359375 0.929688 0.355469 0.933594 0.351562 0.933594 0.332031 0.937500 0.328125 0.941406 0.328125 0.941406 0.312500 0.937500 0.312500 0.933594 0.308594 0.933594 0.304688 0.914062 0.304688 0.910156 0.300781 0.910156 0.285156 0.906250 0.281250 0.902344 0.281250 0.898438 0.277344 0.890625 0.277344 0.886719 0.273438 0.886719 0.238281 0.882812 0.234375 0.882812 0.230469
2 0.687500 0.054688 0.679688 0.062500 0.675781 0.062500 0.667969 0.070312 0.664062 0.070312 0.660156 0.074219 0.656250 0.074219 0.648438 0.082031 0.644531 0.082031 0.632812 0.093750 0.625000 0.093750 0.621094 0.097656 0.617188 0.097656 0.609375 0.105469 0.605469 0.105469 0.605469 0.109375 0.601562 0.113281 0.585938 0.113281 0.578125 0.121094 0.570312 0.121094 0.562500 0.128906 0.562500 0.132812 0.554688 0.140625 0.546875 0.140625 0.542969 0.144531 0.542969 0.160156 0.539062 0.164062 0.535156 0.164062 0.531250 0.167969 0.531250 0.175781 0.539062 0.175781 0.542969 0.179688 0.542969 0.195312 0.539062 0.199219 0.515625 0.199219 0.511719 0.195312 0.511719 0.179688 0.500000 0.179688 0.496094 0.183594 0.488281 0.183594 0.484375 0.187500 0.480469 0.187500 0.464844 0.203125 0.464844 0.207031 0.460938 0.210938 0.460938 0.218750 0.464844 0.218750 0.468750 0.222656 0.488281 0.222656 0.492188 0.226562 0.492188 0.234375 0.496094 0.238281 0.496094 0.257812 0.503906 0.257812 0.507812 0.261719 0.507812 0.277344 0.503906 0.281250 0.492188 0.281250 0.488281 0.285156 0.480469 0.285156 0.480469 0.289062 0.476562 0.292969 0.472656 0.292969 0.472656 0.304688 0.464844 0.312500 0.445312 0.312500 0.441406 0.308594 0.441406 0.300781 0.425781 0.300781 0.421875 0.296875 0.421875 0.292969 0.417969 0.289062 0.398438 0.289062 0.398438 0.300781 0.394531 0.304688 0.394531 0.320312 0.390625 0.324219 0.386719 0.324219 0.382812 0.328125 0.382812 0.332031 0.378906 0.335938 0.363281 0.335938 0.355469 0.328125 0.355469 0.324219 0.351562 0.320312 0.351562 0.316406 0.335938 0.316406 0.332031 0.312500 0.332031 0.304688 0.328125 0.304688 0.324219 0.300781 0.324219 0.281250 0.328125 0.277344 0.328125 0.269531 0.324219 0.265625 0.316406 0.265625 0.316406 0.269531 0.312500 0.273438 0.304688 0.273438 0.296875 0.281250 0.292969 0.281250 0.292969 0.285156 0.289062 0.289062 0.273438 0.289062 0.273438 0.335938 0.269531 0.339844 0.253906 0.339844 0.253906 0.343750 0.250000 0.347656 0.226562 0.347656 0.226562 0.359375 0.222656 0.363281 0.222656 0.378906 0.218750 0.382812 0.203125 0.382812 0.203125 0.390625 0.218750 0.390625 0.222656 0.394531 0.222656 0.425781 0.218750 0.429688 0.210938 0.429688 0.210938 0.464844 0.222656 0.464844 0.222656 0.445312 0.226562 0.441406 0.226562 0.437500 0.230469 0.433594 0.230469 0.421875 0.234375 0.417969 0.234375 0.390625 0.238281 0.386719 0.238281 0.375000 0.242188 0.371094 0.261719 0.371094 0.261719 0.359375 0.265625 0.355469 0.312500 0.355469 0.316406 0.359375 0.316406 0.375000 0.312500 0.378906 0.292969 0.378906 0.292969 0.390625 0.296875 0.390625 0.300781 0.394531 0.308594 0.394531 0.312500 0.398438 0.312500 0.433594 0.316406 0.437500 0.316406 0.460938 0.339844 0.460938 0.343750 0.457031 0.359375 0.457031 0.363281 0.460938 0.363281 0.464844 0.371094 0.464844 0.375000 0.468750 0.375000 0.488281 0.371094 0.492188 0.371094 0.496094 0.367188 0.500000 0.347656 0.500000 0.343750 0.496094 0.343750 0.488281 0.328125 0.488281 0.324219 0.492188 0.324219 0.500000 0.328125 0.503906 0.332031 0.503906 0.335938 0.507812 0.335938 0.546875 0.339844 0.546875 0.343750 0.550781 0.343750 0.570312 0.347656 0.570312 0.351562 0.574219 0.355469 0.574219 0.359375 0.578125 0.359375 0.593750 0.355469 0.597656 0.339844 0.597656 0.335938 0.593750 0.328125 0.593750 0.328125 0.597656 0.324219 0.601562 0.324219 0.621094 0.328125 0.625000 0.328125 0.640625 0.320312 0.648438 0.316406 0.648438 0.312500 0.652344 0.308594 0.652344 0.308594 0.656250 0.304688 0.660156 0.300781 0.660156 0.300781 0.664062 0.289062 0.675781 0.285156 0.675781 0.281250 0.679688 0.281250 0.691406 0.304688 0.691406 0.308594 0.695312 0.320312 0.695312 0.320312 0.687500 0.328125 0.679688 0.335938 0.679688 0.335938 0.675781 0.339844 0.671875 0.359375 0.671875 0.367188 0.679688 0.367188 0.703125 0.375000 0.710938 0.375000 0.726562 0.371094 0.730469 0.371094 0.746094 0.382812 0.746094 0.386719 0.742188 0.386719 0.730469 0.390625 0.726562 0.406250 0.726562 0.410156 0.722656 0.425781 0.722656 0.429688 0.726562 0.429688 0.730469 0.433594 0.734375 0.433594 0.753906 0.425781 0.761719 0.417969 0.761719 0.414062 0.765625 0.406250 0.765625 0.402344 0.769531 0.394531 0.769531 0.386719 0.777344 0.378906 0.777344 0.378906 0.796875 0.375000 0.800781 0.351562 0.800781 0.351562 0.804688 0.347656 0.808594 0.347656 0.820312 0.343750 0.824219 0.335938 0.824219 0.332031 0.828125 0.312500 0.828125 0.308594 0.824219 0.308594 0.820312 0.300781 0.820312 0.296875 0.816406 0.296875 0.812500 0.292969 0.812500 0.289062 0.808594 0.289062 0.796875 0.269531 0.796875 0.265625 0.792969 0.265625 0.777344 0.269531 0.773438 0.304688 0.773438 0.308594 0.777344 0.316406 0.777344 0.320312 0.773438 0.320312 0.761719 0.316406 0.757812 0.316406 0.753906 0.281250 0.753906 0.277344 0.750000 0.277344 0.730469 0.281250 0.726562 0.285156 0.726562 0.285156 0.718750 0.277344 0.718750 0.273438 0.714844 0.273438 0.707031 0.261719 0.707031 0.261719 0.710938 0.253906 0.718750 0.246094 0.718750 0.246094 0.722656 0.242188 0.726562 0.242188 0.730469 0.238281 0.734375 0.230469 0.734375 0.230469 0.750000 0.226562 0.753906 0.210938 0.753906 0.203125 0.746094 0.203125 0.738281 0.195312 0.730469 0.195312 0.726562 0.191406 0.722656 0.191406 0.710938 0.179688 0.710938 0.179688 0.722656 0.187500 0.730469 0.187500 0.750000 0.191406 0.753906 0.191406 0.777344 0.183594 0.785156 0.179688 0.785156 0.175781 0.789062 0.160156 0.789062 0.156250 0.785156 0.156250 0.781250 0.148438 0.781250 0.148438 0.824219 0.144531 0.828125 0.136719 0.828125 0.136719 0.839844 0.156250 0.839844 0.156250 0.832031 0.160156 0.828125 0.164062 0.828125 0.164062 0.824219 0.167969 0.820312 0.171875 0.820312 0.179688 0.812500 0.183594 0.812500 0.183594 0.800781 0.187500 0.796875 0.210938 0.796875 0.214844 0.800781 0.234375 0.800781 0.238281 0.804688 0.238281 0.812500 0.246094 0.812500 0.246094 0.808594 0.250000 0.804688 0.273438 0.804688 0.277344 0.808594 0.277344 0.835938 0.273438 0.839844 0.234375 0.839844 0.230469 0.835938 0.214844 0.835938 0.210938 0.839844 0.203125 0.839844 0.203125 0.843750 0.199219 0.847656 0.195312 0.847656 0.191406 0.851562 0.187500 0.851562 0.187500 0.859375 0.203125 0.859375 0.207031 0.863281 0.207031 0.875000 0.210938 0.878906 0.210938 0.882812 0.218750 0.882812 0.222656 0.886719 0.242188 0.886719 0.246094 0.890625 0.246094 0.917969 0.242188 0.921875 0.242188 0.929688 0.253906 0.929688 0.257812 0.933594 0.257812 0.953125 0.273438 0.968750 0.277344 0.968750 0.281250 0.972656 0.289062 0.972656 0.292969 0.976562 0.292969 0.996094 0.320312 0.996094 0.320312 0.980469 0.316406 0.980469 0.312500 0.976562 0.312500 0.972656 0.308594 0.968750 0.308594 0.945312 0.304688 0.941406 0.304688 0.933594 0.300781 0.933594 0.292969 0.925781 0.292969 0.917969 0.289062 0.917969 0.281250 0.910156 0.281250 0.882812 0.285156 0.878906 0.312500 0.878906 0.316406 0.882812 0.328125 0.882812 0.332031 0.886719 0.332031 0.890625 0.339844 0.890625 0.339844 0.882812 0.343750 0.878906 0.343750 0.871094 0.347656 0.867188 0.367188 0.867188 0.375000 0.859375 0.398438 0.859375 0.402344 0.863281 0.425781 0.863281 0.425781 0.859375 0.433594 0.851562 0.433594 0.812500 0.429688 0.812500 0.425781 0.808594 0.425781 0.792969 0.433594 0.785156 0.433594 0.781250 0.437500 0.777344 0.441406 0.777344 0.445312 0.773438 0.449219 0.773438 0.453125 0.769531 0.453125 0.757812 0.457031 0.753906 0.468750 0.753906 0.472656 0.750000 0.492188 0.750000 0.492188 0.746094 0.496094 0.742188 0.527344 0.742188 0.527344 0.734375 0.531250 0.730469 0.535156 0.730469 0.535156 0.726562 0.539062 0.722656 0.542969 0.722656 0.546875 0.718750 0.546875 0.714844 0.550781 0.710938 0.570312 0.710938 0.570312 0.703125 0.578125 0.695312 0.578125 0.664062 0.570312 0.664062 0.570312 0.667969 0.566406 0.671875 0.550781 0.671875 0.546875 0.667969 0.539062 0.667969 0.531250 0.660156 0.523438 0.660156 0.523438 0.667969 0.515625 0.675781 0.484375 0.675781 0.480469 0.671875 0.480469 0.652344 0.484375 0.648438 0.492188 0.648438 0.496094 0.644531 0.496094 0.613281 0.500000 0.609375 0.503906 0.609375 0.511719 0.601562 0.515625 0.601562 0.519531 0.597656 0.550781 0.597656 0.550781 0.593750 0.554688 0.589844 0.566406 0.589844 0.566406 0.570312 0.562500 0.566406 0.562500 0.562500 0.554688 0.562500 0.550781 0.558594 0.539062 0.558594 0.527344 0.546875 0.527344 0.523438 0.531250 0.519531 0.535156 0.519531 0.535156 0.515625 0.539062 0.511719 0.558594 0.511719 0.562500 0.515625 0.562500 0.519531 0.570312 0.527344 0.570312 0.531250 0.574219 0.535156 0.585938 0.535156 0.585938 0.527344 0.589844 0.523438 0.593750 0.523438 0.593750 0.511719 0.597656 0.507812 0.605469 0.507812 0.605469 0.500000 0.601562 0.500000 0.597656 0.496094 0.597656 0.480469 0.601562 0.476562 0.601562 0.472656 0.605469 0.468750 0.625000 0.468750 0.632812 0.460938 0.632812 0.445312 0.636719 0.441406 0.664062 0.441406 0.664062 0.429688 0.660156 0.429688 0.656250 0.425781 0.656250 0.421875 0.652344 0.421875 0.648438 0.417969 0.648438 0.414062 0.644531 0.410156 0.644531 0.390625 0.648438 0.386719 0.660156 0.386719 0.664062 0.382812 0.664062 0.367188 0.667969 0.363281 0.667969 0.343750 0.656250 0.343750 0.656250 0.371094 0.652344 0.375000 0.652344 0.378906 0.648438 0.382812 0.632812 0.382812 0.628906 0.386719 0.628906 0.398438 0.625000 0.402344 0.609375 0.402344 0.601562 0.394531 0.601562 0.378906 0.574219 0.378906 0.570312 0.375000 0.570312 0.359375 0.574219 0.355469 0.578125 0.355469 0.582031 0.351562 0.585938 0.351562 0.585938 0.339844 0.589844 0.335938 0.593750 0.335938 0.593750 0.332031 0.597656 0.328125 0.601562 0.328125 0.601562 0.316406 0.597656 0.312500 0.597656 0.300781 0.593750 0.296875 0.593750 0.292969 0.589844 0.289062 0.589844 0.273438 0.593750 0.269531 0.628906 0.269531 0.628906 0.257812 0.621094 0.257812 0.617188 0.253906 0.617188 0.250000 0.589844 0.250000 0.585938 0.246094 0.585938 0.242188 0.582031 0.238281 0.582031 0.207031 0.585938 0.203125 0.609375 0.203125 0.613281 0.207031 0.632812 0.207031 0.636719 0.203125 0.644531 0.203125 0.648438 0.199219 0.667969 0.199219 0.671875 0.195312 0.691406 0.195312 0.695312 0.191406 0.726562 0.191406 0.730469 0.195312 0.730469 0.199219 0.734375 0.203125 0.742188 0.203125 0.746094 0.207031 0.746094 0.214844 0.753906 0.214844 0.753906 0.203125 0.750000 0.199219 0.750000 0.179688 0.753906 0.175781 0.757812 0.175781 0.761719 0.171875 0.761719 0.160156 0.765625 0.156250 0.765625 0.152344 0.769531 0.148438 0.769531 0.132812 0.773438 0.128906 0.773438 0.121094 0.777344 0.117188 0.781250 0.117188 0.781250 0.105469 0.773438 0.105469 0.769531 0.101562 0.769531 0.078125 0.761719 0.078125 0.757812 0.082031 0.750000 0.082031 0.742188 0.089844 0.738281 0.089844 0.730469 0.097656 0.730469 0.101562 0.722656 0.109375 0.683594 0.109375 0.679688 0.105469 0.679688 0.089844 0.683594 0.085938 0.691406 0.085938 0.691406 0.078125 0.695312 0.074219 0.695312 0.054688
