2 0.511719 0.914062 0.507812 0.917969 0.507812 0.941406 0.503906 0.945312 0.480469 0.945312 0.468750 0.933594 0.457031 0.933594 0.453125 0.937500 0.449219 0.937500 0.449219 0.960938 0.445312 0.964844 0.425781 0.964844 0.421875 0.968750 0.421875 0.980469 0.425781 0.984375 0.441406 0.984375 0.445312 0.980469 0.531250 0.980469 0.535156 0.976562 0.558594 0.976562 0.558594 0.972656 0.562500 0.968750 0.570312 0.968750 0.570312 0.964844 0.574219 0.960938 0.582031 0.960938 0.582031 0.953125 0.578125 0.949219 0.574219 0.949219 0.570312 0.945312 0.570312 0.941406 0.562500 0.941406 0.562500 0.957031 0.558594 0.960938 0.535156 0.960938 0.527344 0.953125 0.527344 0.933594 0.531250 0.929688 0.550781 0.929688 0.550781 0.914062 0.542969 0.914062 0.539062 0.917969 0.523438 0.917969 0.519531 0.914062
2 0.550781 0.859375 0.550781 0.863281 0.546875 0.867188 0.542969 0.867188 0.539062 0.871094 0.539062 0.878906 0.558594 0.878906 0.562500 0.875000 0.570312 0.875000 0.574219 0.871094 0.578125 0.871094 0.578125 0.863281 0.574219 0.863281 0.570312 0.859375
2 0.500000 0.847656 0.496094 0.851562 0.492188 0.851562 0.492188 0.859375 0.496094 0.863281 0.503906 0.863281 0.503906 0.859375 0.507812 0.855469 0.507812 0.847656
2 0.558594 0.808594 0.558594 0.812500 0.554688 0.816406 0.554688 0.828125 0.566406 0.828125 0.570312 0.824219 0.574219 0.824219 0.574219 0.808594
2 0.664062 0.792969 0.660156 0.796875 0.652344 0.796875 0.648438 0.800781 0.640625 0.800781 0.636719 0.804688 0.632812 0.804688 0.628906 0.808594 0.628906 0.812500 0.625000 0.816406 0.601562 0.816406 0.601562 0.824219 0.609375 0.824219 0.609375 0.820312 0.613281 0.816406 0.667969 0.816406 0.671875 0.812500 0.675781 0.812500 0.683594 0.804688 0.683594 0.796875 0.675781 0.796875 0.671875 0.792969
2 0.269531 0.765625 0.269531 0.789062 0.265625 0.792969 0.250000 0.792969 0.246094 0.796875 0.226562 0.796875 0.222656 0.800781 0.222656 0.804688 0.218750 0.808594 0.167969 0.808594 0.167969 0.816406 0.175781 0.816406 0.179688 0.820312 0.191406 0.820312 0.195312 0.824219 0.195312 0.871094 0.187500 0.878906 0.152344 0.878906 0.152344 0.894531 0.183594 0.894531 0.191406 0.902344 0.195312 0.902344 0.203125 0.910156 0.214844 0.910156 0.218750 0.914062 0.218750 0.917969 0.226562 0.925781 0.257812 0.925781 0.261719 0.929688 0.265625 0.929688 0.269531 0.933594 0.281250 0.933594 0.285156 0.937500 0.289062 0.937500 0.292969 0.941406 0.300781 0.941406 0.304688 0.945312 0.324219 0.945312 0.328125 0.949219 0.339844 0.949219 0.343750 0.953125 0.343750 0.960938 0.347656 0.964844 0.347656 0.968750 0.355469 0.968750 0.355469 0.953125 0.363281 0.945312 0.363281 0.941406 0.367188 0.937500 0.367188 0.921875 0.371094 0.917969 0.398438 0.917969 0.406250 0.925781 0.406250 0.937500 0.421875 0.937500 0.425781 0.933594 0.425781 0.925781 0.429688 0.921875 0.433594 0.921875 0.433594 0.902344 0.437500 0.898438 0.441406 0.898438 0.445312 0.894531 0.445312 0.875000 0.441406 0.871094 0.441406 0.867188 0.433594 0.867188 0.429688 0.863281 0.421875 0.863281 0.414062 0.871094 0.414062 0.882812 0.402344 0.894531 0.394531 0.894531 0.394531 0.898438 0.390625 0.902344 0.378906 0.902344 0.371094 0.910156 0.359375 0.910156 0.355469 0.914062 0.351562 0.914062 0.351562 0.921875 0.347656 0.925781 0.343750 0.925781 0.339844 0.929688 0.308594 0.929688 0.304688 0.925781 0.304688 0.902344 0.277344 0.902344 0.273438 0.898438 0.273438 0.878906 0.269531 0.875000 0.261719 0.875000 0.257812 0.878906 0.242188 0.878906 0.238281 0.875000 0.218750 0.875000 0.214844 0.871094 0.214844 0.855469 0.218750 0.851562 0.222656 0.851562 0.222656 0.835938 0.230469 0.828125 0.238281 0.828125 0.242188 0.824219 0.242188 0.812500 0.246094 0.808594 0.269531 0.808594 0.269531 0.792969 0.273438 0.789062 0.296875 0.789062 0.296875 0.773438 0.281250 0.773438 0.277344 0.769531 0.277344 0.765625
2 0.226562 0.746094 0.226562 0.750000 0.222656 0.753906 0.222656 0.761719 0.234375 0.761719 0.238281 0.757812 0.242188 0.757812 0.242188 0.750000 0.238281 0.750000 0.234375 0.746094
2 0.601562 0.621094 0.601562 0.628906 0.597656 0.632812 0.582031 0.632812 0.578125 0.628906 0.578125 0.625000 0.562500 0.625000 0.562500 0.632812 0.558594 0.636719 0.554688 0.636719 0.550781 0.640625 0.550781 0.652344 0.554688 0.652344 0.558594 0.656250 0.558594 0.660156 0.562500 0.660156 0.566406 0.664062 0.566406 0.683594 0.574219 0.683594 0.574219 0.679688 0.578125 0.675781 0.609375 0.675781 0.613281 0.679688 0.621094 0.679688 0.628906 0.671875 0.656250 0.671875 0.656250 0.664062 0.652344 0.660156 0.652344 0.656250 0.644531 0.648438 0.644531 0.644531 0.628906 0.644531 0.625000 0.640625 0.625000 0.632812 0.621094 0.632812 0.613281 0.625000 0.613281 0.621094
2 0.082031 0.613281 0.082031 0.644531 0.078125 0.648438 0.078125 0.664062 0.101562 0.664062 0.109375 0.656250 0.109375 0.644531 0.105469 0.640625 0.105469 0.636719 0.097656 0.628906 0.097656 0.621094 0.089844 0.613281
2 0.683594 0.597656 0.683594 0.601562 0.679688 0.605469 0.679688 0.613281 0.683594 0.617188 0.683594 0.621094 0.687500 0.625000 0.687500 0.648438 0.683594 0.652344 0.683594 0.660156 0.691406 0.660156 0.695312 0.664062 0.714844 0.664062 0.718750 0.660156 0.722656 0.660156 0.722656 0.652344 0.718750 0.648438 0.718750 0.617188 0.722656 0.613281 0.722656 0.601562 0.695312 0.601562 0.691406 0.597656
2 0.062500 0.582031 0.062500 0.593750 0.070312 0.601562 0.078125 0.601562 0.078125 0.589844 0.074219 0.589844 0.070312 0.585938 0.070312 0.582031
2 0.699219 0.550781 0.699219 0.558594 0.707031 0.558594 0.707031 0.550781
2 0.812500 0.539062 0.808594 0.542969 0.796875 0.542969 0.796875 0.562500 0.792969 0.566406 0.742188 0.566406 0.738281 0.570312 0.734375 0.570312 0.726562 0.578125 0.726562 0.585938 0.746094 0.585938 0.750000 0.582031 0.773438 0.582031 0.781250 0.574219 0.800781 0.574219 0.804688 0.578125 0.804688 0.593750 0.812500 0.593750 0.816406 0.597656 0.816406 0.605469 0.828125 0.605469 0.832031 0.609375 0.832031 0.621094 0.859375 0.621094 0.859375 0.597656 0.863281 0.593750 0.863281 0.585938 0.851562 0.585938 0.847656 0.582031 0.847656 0.566406 0.851562 0.562500 0.859375 0.562500 0.859375 0.550781 0.855469 0.550781 0.851562 0.546875 0.839844 0.546875 0.835938 0.542969 0.824219 0.542969 0.820312 0.539062
2 0.746094 0.464844 0.742188 0.468750 0.726562 0.468750 0.726562 0.503906 0.722656 0.507812 0.714844 0.507812 0.714844 0.535156 0.726562 0.535156 0.730469 0.539062 0.734375 0.539062 0.738281 0.542969 0.753906 0.542969 0.757812 0.539062 0.757812 0.527344 0.761719 0.523438 0.761719 0.515625 0.750000 0.515625 0.746094 0.511719 0.746094 0.492188 0.753906 0.484375 0.757812 0.484375 0.757812 0.468750 0.753906 0.464844
2 0.601562 0.453125 0.601562 0.468750 0.621094 0.468750 0.621094 0.457031 0.617188 0.453125
2 0.160156 0.441406 0.152344 0.449219 0.152344 0.460938 0.160156 0.460938 0.164062 0.464844 0.179688 0.464844 0.183594 0.468750 0.183594 0.476562 0.187500 0.480469 0.187500 0.484375 0.195312 0.492188 0.199219 0.492188 0.203125 0.496094 0.210938 0.496094 0.214844 0.500000 0.230469 0.500000 0.230469 0.472656 0.226562 0.468750 0.191406 0.468750 0.187500 0.464844 0.187500 0.441406
2 0.832031 0.429688 0.832031 0.445312 0.828125 0.449219 0.816406 0.449219 0.816406 0.453125 0.812500 0.457031 0.792969 0.457031 0.781250 0.468750 0.781250 0.476562 0.800781 0.476562 0.800781 0.472656 0.804688 0.468750 0.804688 0.460938 0.808594 0.457031 0.824219 0.457031 0.828125 0.453125 0.859375 0.453125 0.859375 0.433594 0.847656 0.433594 0.843750 0.429688
2 0.371094 0.402344 0.371094 0.410156 0.375000 0.414062 0.375000 0.429688 0.371094 0.433594 0.367188 0.433594 0.367188 0.445312 0.371094 0.445312 0.378906 0.453125 0.378906 0.457031 0.382812 0.460938 0.382812 0.464844 0.390625 0.464844 0.394531 0.468750 0.394531 0.472656 0.406250 0.484375 0.406250 0.496094 0.417969 0.496094 0.417969 0.492188 0.425781 0.484375 0.441406 0.484375 0.445312 0.488281 0.445312 0.500000 0.449219 0.503906 0.449219 0.507812 0.453125 0.507812 0.457031 0.511719 0.464844 0.511719 0.472656 0.519531 0.472656 0.539062 0.468750 0.542969 0.437500 0.542969 0.433594 0.539062 0.425781 0.539062 0.425781 0.542969 0.417969 0.550781 0.410156 0.550781 0.410156 0.554688 0.402344 0.562500 0.363281 0.562500 0.359375 0.558594 0.359375 0.542969 0.363281 0.539062 0.363281 0.523438 0.355469 0.523438 0.343750 0.535156 0.320312 0.535156 0.316406 0.531250 0.316406 0.515625 0.312500 0.515625 0.308594 0.511719 0.308594 0.503906 0.304688 0.500000 0.300781 0.500000 0.296875 0.496094 0.289062 0.496094 0.289062 0.507812 0.285156 0.511719 0.273438 0.511719 0.273438 0.519531 0.285156 0.519531 0.292969 0.527344 0.292969 0.562500 0.289062 0.566406 0.285156 0.566406 0.285156 0.585938 0.281250 0.589844 0.273438 0.589844 0.269531 0.593750 0.261719 0.593750 0.261719 0.601562 0.257812 0.605469 0.253906 0.605469 0.253906 0.628906 0.250000 0.632812 0.218750 0.632812 0.218750 0.636719 0.214844 0.640625 0.210938 0.640625 0.210938 0.648438 0.238281 0.648438 0.242188 0.652344 0.242188 0.656250 0.246094 0.660156 0.253906 0.660156 0.257812 0.664062 0.261719 0.664062 0.265625 0.667969 0.265625 0.679688 0.269531 0.679688 0.277344 0.687500 0.277344 0.695312 0.289062 0.695312 0.292969 0.699219 0.292969 0.703125 0.300781 0.703125 0.304688 0.699219 0.343750 0.699219 0.347656 0.703125 0.347656 0.714844 0.351562 0.718750 0.351562 0.742188 0.355469 0.746094 0.355469 0.761719 0.351562 0.765625 0.351562 0.769531 0.347656 0.773438 0.347656 0.789062 0.351562 0.792969 0.371094 0.792969 0.375000 0.789062 0.394531 0.789062 0.398438 0.792969 0.398438 0.808594 0.394531 0.812500 0.386719 0.812500 0.375000 0.824219 0.355469 0.824219 0.351562 0.820312 0.343750 0.820312 0.339844 0.816406 0.332031 0.816406 0.332031 0.820312 0.328125 0.824219 0.308594 0.824219 0.300781 0.832031 0.296875 0.832031 0.296875 0.843750 0.304688 0.843750 0.312500 0.851562 0.316406 0.851562 0.320312 0.855469 0.324219 0.855469 0.328125 0.859375 0.328125 0.863281 0.351562 0.863281 0.355469 0.867188 0.355469 0.882812 0.363281 0.882812 0.363281 0.863281 0.367188 0.859375 0.382812 0.859375 0.382812 0.855469 0.386719 0.851562 0.386719 0.843750 0.390625 0.839844 0.394531 0.839844 0.394531 0.835938 0.398438 0.832031 0.406250 0.832031 0.406250 0.789062 0.414062 0.781250 0.417969 0.781250 0.417969 0.773438 0.425781 0.765625 0.425781 0.761719 0.429688 0.757812 0.449219 0.757812 0.449219 0.753906 0.453125 0.750000 0.453125 0.734375 0.457031 0.730469 0.468750 0.730469 0.472656 0.726562 0.492188 0.726562 0.496094 0.722656 0.500000 0.722656 0.500000 0.699219 0.496094 0.699219 0.492188 0.695312 0.492188 0.679688 0.496094 0.675781 0.500000 0.675781 0.500000 0.667969 0.496094 0.664062 0.476562 0.664062 0.472656 0.660156 0.472656 0.656250 0.464844 0.656250 0.460938 0.660156 0.460938 0.664062 0.457031 0.667969 0.457031 0.675781 0.476562 0.675781 0.480469 0.679688 0.480469 0.703125 0.476562 0.707031 0.468750 0.707031 0.457031 0.718750 0.453125 0.718750 0.449219 0.722656 0.449219 0.734375 0.445312 0.738281 0.441406 0.738281 0.441406 0.753906 0.437500 0.757812 0.410156 0.757812 0.406250 0.753906 0.406250 0.734375 0.402344 0.730469 0.402344 0.726562 0.398438 0.726562 0.394531 0.722656 0.390625 0.722656 0.386719 0.718750 0.386719 0.687500 0.375000 0.687500 0.371094 0.683594 0.371094 0.664062 0.375000 0.660156 0.378906 0.660156 0.386719 0.652344 0.390625 0.652344 0.394531 0.648438 0.402344 0.648438 0.406250 0.644531 0.433594 0.644531 0.433594 0.632812 0.437500 0.628906 0.464844 0.628906 0.464844 0.617188 0.468750 0.613281 0.472656 0.613281 0.476562 0.609375 0.492188 0.609375 0.496094 0.613281 0.496094 0.617188 0.507812 0.617188 0.507812 0.613281 0.511719 0.609375 0.535156 0.609375 0.535156 0.593750 0.539062 0.589844 0.550781 0.589844 0.550781 0.582031 0.554688 0.578125 0.562500 0.578125 0.566406 0.574219 0.578125 0.574219 0.578125 0.570312 0.582031 0.566406 0.597656 0.566406 0.601562 0.570312 0.601562 0.578125 0.609375 0.585938 0.621094 0.585938 0.621094 0.535156 0.617188 0.531250 0.589844 0.531250 0.585938 0.527344 0.585938 0.523438 0.574219 0.523438 0.570312 0.519531 0.570312 0.492188 0.566406 0.492188 0.562500 0.488281 0.562500 0.484375 0.558594 0.480469 0.558594 0.472656 0.542969 0.472656 0.539062 0.468750 0.539062 0.464844 0.531250 0.464844 0.527344 0.460938 0.519531 0.460938 0.515625 0.457031 0.515625 0.453125 0.484375 0.453125 0.480469 0.449219 0.460938 0.449219 0.457031 0.445312 0.441406 0.445312 0.437500 0.441406 0.437500 0.437500 0.417969 0.437500 0.410156 0.429688 0.410156 0.417969 0.406250 0.414062 0.406250 0.406250 0.402344 0.402344
2 0.156250 0.386719 0.156250 0.394531 0.160156 0.398438 0.167969 0.398438 0.167969 0.386719
2 0.371094 0.281250 0.371094 0.292969 0.367188 0.296875 0.355469 0.296875 0.355469 0.308594 0.359375 0.312500 0.367188 0.312500 0.371094 0.308594 0.375000 0.308594 0.375000 0.292969 0.378906 0.289062 0.378906 0.281250
2 0.308594 0.273438 0.308594 0.312500 0.312500 0.316406 0.312500 0.320312 0.316406 0.324219 0.316406 0.328125 0.320312 0.332031 0.320312 0.347656 0.316406 0.351562 0.312500 0.351562 0.312500 0.367188 0.316406 0.371094 0.316406 0.375000 0.328125 0.375000 0.328125 0.351562 0.332031 0.347656 0.335938 0.347656 0.335938 0.312500 0.332031 0.308594 0.332031 0.304688 0.328125 0.304688 0.324219 0.300781 0.324219 0.285156 0.320312 0.281250 0.320312 0.273438
2 0.695312 0.183594 0.691406 0.187500 0.660156 0.187500 0.652344 0.195312 0.652344 0.199219 0.644531 0.207031 0.640625 0.207031 0.636719 0.210938 0.621094 0.210938 0.617188 0.207031 0.617188 0.203125 0.605469 0.203125 0.601562 0.207031 0.566406 0.207031 0.558594 0.199219 0.550781 0.199219 0.546875 0.203125 0.535156 0.203125 0.531250 0.207031 0.507812 0.207031 0.507812 0.214844 0.511719 0.214844 0.519531 0.222656 0.519531 0.226562 0.527344 0.234375 0.527344 0.257812 0.519531 0.265625 0.515625 0.265625 0.511719 0.269531 0.500000 0.269531 0.500000 0.281250 0.496094 0.285156 0.484375 0.285156 0.480469 0.289062 0.480469 0.296875 0.476562 0.300781 0.464844 0.300781 0.464844 0.304688 0.460938 0.308594 0.445312 0.308594 0.441406 0.312500 0.437500 0.312500 0.437500 0.320312 0.441406 0.320312 0.445312 0.324219 0.449219 0.324219 0.453125 0.328125 0.453125 0.335938 0.457031 0.335938 0.460938 0.339844 0.460938 0.343750 0.464844 0.347656 0.464844 0.355469 0.476562 0.355469 0.476562 0.335938 0.480469 0.332031 0.496094 0.332031 0.500000 0.335938 0.507812 0.335938 0.511719 0.339844 0.511719 0.343750 0.546875 0.343750 0.558594 0.355469 0.574219 0.355469 0.578125 0.359375 0.593750 0.359375 0.593750 0.355469 0.597656 0.351562 0.617188 0.351562 0.621094 0.355469 0.621094 0.363281 0.644531 0.363281 0.648438 0.367188 0.648438 0.371094 0.652344 0.375000 0.660156 0.375000 0.664062 0.378906 0.667969 0.378906 0.671875 0.382812 0.671875 0.425781 0.703125 0.425781 0.707031 0.421875 0.714844 0.421875 0.714844 0.417969 0.722656 0.410156 0.722656 0.398438 0.687500 0.398438 0.679688 0.390625 0.679688 0.320312 0.683594 0.316406 0.691406 0.316406 0.691406 0.296875 0.695312 0.292969 0.695312 0.289062 0.699219 0.285156 0.703125 0.285156 0.703125 0.277344 0.695312 0.269531 0.695312 0.253906 0.691406 0.250000 0.687500 0.250000 0.683594 0.246094 0.683594 0.218750 0.687500 0.214844 0.687500 0.195312 0.691406 0.191406 0.707031 0.191406 0.707031 0.183594
2 0.316406 0.171875 0.312500 0.175781 0.312500 0.187500 0.308594 0.191406 0.308594 0.199219 0.300781 0.207031 0.273438 0.207031 0.269531 0.210938 0.269531 0.214844 0.265625 0.218750 0.265625 0.222656 0.261719 0.226562 0.261719 0.234375 0.265625 0.238281 0.269531 0.238281 0.281250 0.250000 0.300781 0.250000 0.300781 0.238281 0.304688 0.234375 0.304688 0.218750 0.312500 0.210938 0.320312 0.210938 0.324219 0.207031 0.324219 0.191406 0.328125 0.187500 0.328125 0.171875
