2 0.488281 0.953125 0.484375 0.957031 0.480469 0.957031 0.476562 0.960938 0.476562 0.968750 0.542969 0.968750 0.542969 0.960938 0.539062 0.960938 0.535156 0.957031 0.503906 0.957031 0.500000 0.953125
2 0.425781 0.863281 0.425781 0.875000 0.433594 0.875000 0.437500 0.871094 0.449219 0.871094 0.449219 0.863281
2 0.582031 0.789062 0.582031 0.804688 0.593750 0.804688 0.593750 0.789062
2 0.312500 0.781250 0.312500 0.785156 0.308594 0.789062 0.292969 0.789062 0.292969 0.816406 0.289062 0.820312 0.277344 0.820312 0.277344 0.828125 0.281250 0.832031 0.285156 0.832031 0.289062 0.835938 0.289062 0.839844 0.304688 0.855469 0.312500 0.855469 0.312500 0.835938 0.320312 0.828125 0.324219 0.828125 0.328125 0.824219 0.328125 0.816406 0.324219 0.812500 0.324219 0.796875 0.328125 0.792969 0.335938 0.792969 0.335938 0.785156 0.328125 0.785156 0.324219 0.781250
2 0.222656 0.773438 0.222656 0.785156 0.226562 0.785156 0.230469 0.789062 0.238281 0.789062 0.238281 0.773438
2 0.726562 0.746094 0.726562 0.761719 0.734375 0.769531 0.734375 0.777344 0.738281 0.781250 0.746094 0.781250 0.750000 0.785156 0.750000 0.789062 0.773438 0.789062 0.781250 0.796875 0.789062 0.796875 0.792969 0.800781 0.804688 0.800781 0.812500 0.808594 0.812500 0.820312 0.839844 0.820312 0.843750 0.824219 0.843750 0.839844 0.847656 0.843750 0.847656 0.847656 0.851562 0.851562 0.859375 0.851562 0.863281 0.847656 0.863281 0.839844 0.867188 0.835938 0.867188 0.824219 0.863281 0.820312 0.832031 0.820312 0.828125 0.816406 0.828125 0.812500 0.820312 0.812500 0.816406 0.808594 0.816406 0.796875 0.812500 0.796875 0.804688 0.789062 0.804688 0.773438 0.796875 0.773438 0.792969 0.777344 0.769531 0.777344 0.765625 0.773438 0.761719 0.773438 0.742188 0.753906 0.742188 0.750000 0.738281 0.750000 0.734375 0.746094
2 0.285156 0.738281 0.281250 0.742188 0.269531 0.742188 0.269531 0.757812 0.273438 0.761719 0.277344 0.761719 0.281250 0.765625 0.304688 0.765625 0.304688 0.750000 0.300781 0.750000 0.292969 0.742188 0.292969 0.738281
2 0.199219 0.734375 0.199219 0.742188 0.207031 0.742188 0.207031 0.734375
2 0.453125 0.718750 0.453125 0.726562 0.457031 0.730469 0.460938 0.730469 0.464844 0.734375 0.464844 0.765625 0.460938 0.769531 0.460938 0.773438 0.457031 0.777344 0.457031 0.781250 0.453125 0.785156 0.449219 0.785156 0.449219 0.816406 0.445312 0.820312 0.441406 0.820312 0.441406 0.828125 0.445312 0.828125 0.449219 0.832031 0.449219 0.835938 0.453125 0.839844 0.453125 0.847656 0.472656 0.847656 0.476562 0.851562 0.500000 0.851562 0.503906 0.855469 0.503906 0.859375 0.511719 0.859375 0.523438 0.871094 0.523438 0.890625 0.527344 0.890625 0.531250 0.894531 0.531250 0.898438 0.539062 0.898438 0.539062 0.890625 0.542969 0.886719 0.550781 0.886719 0.558594 0.878906 0.562500 0.878906 0.562500 0.871094 0.558594 0.867188 0.558594 0.851562 0.562500 0.847656 0.574219 0.847656 0.574219 0.839844 0.566406 0.839844 0.562500 0.835938 0.562500 0.832031 0.558594 0.828125 0.558594 0.820312 0.554688 0.816406 0.554688 0.812500 0.550781 0.808594 0.550781 0.800781 0.542969 0.800781 0.539062 0.804688 0.511719 0.804688 0.503906 0.796875 0.500000 0.796875 0.492188 0.789062 0.488281 0.789062 0.484375 0.785156 0.484375 0.753906 0.488281 0.750000 0.488281 0.730469 0.468750 0.730469 0.464844 0.726562 0.464844 0.722656 0.460938 0.718750
2 0.250000 0.667969 0.250000 0.679688 0.246094 0.683594 0.226562 0.683594 0.226562 0.691406 0.253906 0.691406 0.257812 0.695312 0.265625 0.695312 0.265625 0.667969
2 0.597656 0.656250 0.597656 0.683594 0.601562 0.687500 0.601562 0.703125 0.605469 0.707031 0.617188 0.707031 0.617188 0.699219 0.621094 0.695312 0.621094 0.683594 0.617188 0.679688 0.613281 0.679688 0.609375 0.675781 0.609375 0.660156 0.605469 0.656250
2 0.437500 0.628906 0.437500 0.640625 0.433594 0.644531 0.429688 0.644531 0.421875 0.652344 0.421875 0.660156 0.429688 0.660156 0.433594 0.656250 0.441406 0.656250 0.441406 0.652344 0.445312 0.648438 0.453125 0.648438 0.453125 0.640625 0.449219 0.636719 0.449219 0.628906
2 0.695312 0.621094 0.691406 0.625000 0.691406 0.632812 0.695312 0.636719 0.699219 0.636719 0.710938 0.648438 0.710938 0.652344 0.714844 0.656250 0.714844 0.714844 0.710938 0.718750 0.691406 0.718750 0.687500 0.714844 0.683594 0.714844 0.671875 0.703125 0.660156 0.703125 0.656250 0.707031 0.648438 0.707031 0.648438 0.714844 0.644531 0.718750 0.632812 0.718750 0.632812 0.726562 0.628906 0.730469 0.609375 0.730469 0.605469 0.734375 0.605469 0.738281 0.601562 0.742188 0.601562 0.761719 0.605469 0.765625 0.605469 0.773438 0.613281 0.773438 0.617188 0.769531 0.617188 0.757812 0.625000 0.750000 0.628906 0.750000 0.628906 0.746094 0.632812 0.742188 0.640625 0.742188 0.644531 0.738281 0.644531 0.718750 0.648438 0.714844 0.664062 0.714844 0.667969 0.718750 0.667969 0.726562 0.671875 0.726562 0.679688 0.734375 0.695312 0.734375 0.699219 0.730469 0.714844 0.730469 0.714844 0.722656 0.718750 0.718750 0.738281 0.718750 0.738281 0.710938 0.734375 0.707031 0.734375 0.703125 0.730469 0.699219 0.730469 0.675781 0.726562 0.671875 0.726562 0.660156 0.722656 0.656250 0.722656 0.648438 0.714844 0.640625 0.714844 0.632812 0.710938 0.632812 0.707031 0.628906 0.707031 0.621094
2 0.546875 0.621094 0.542969 0.625000 0.507812 0.625000 0.503906 0.628906 0.500000 0.628906 0.500000 0.632812 0.496094 0.636719 0.492188 0.636719 0.488281 0.640625 0.480469 0.640625 0.480469 0.652344 0.476562 0.656250 0.476562 0.671875 0.480469 0.675781 0.496094 0.675781 0.500000 0.679688 0.500000 0.687500 0.507812 0.687500 0.507812 0.683594 0.515625 0.675781 0.519531 0.675781 0.519531 0.671875 0.523438 0.667969 0.539062 0.667969 0.542969 0.671875 0.542969 0.687500 0.539062 0.691406 0.535156 0.691406 0.535156 0.699219 0.539062 0.703125 0.546875 0.703125 0.550781 0.707031 0.562500 0.707031 0.562500 0.703125 0.566406 0.699219 0.570312 0.699219 0.574219 0.695312 0.574219 0.683594 0.570312 0.683594 0.566406 0.679688 0.566406 0.652344 0.570312 0.648438 0.570312 0.644531 0.574219 0.640625 0.574219 0.628906 0.566406 0.621094
2 0.128906 0.558594 0.128906 0.570312 0.132812 0.574219 0.132812 0.585938 0.136719 0.589844 0.160156 0.589844 0.164062 0.593750 0.167969 0.593750 0.175781 0.601562 0.179688 0.601562 0.183594 0.605469 0.195312 0.605469 0.199219 0.609375 0.207031 0.609375 0.207031 0.597656 0.203125 0.593750 0.199219 0.593750 0.195312 0.589844 0.195312 0.585938 0.187500 0.578125 0.152344 0.578125 0.136719 0.562500 0.136719 0.558594
2 0.250000 0.511719 0.250000 0.519531 0.253906 0.519531 0.257812 0.523438 0.257812 0.527344 0.265625 0.527344 0.265625 0.519531 0.261719 0.519531 0.257812 0.515625 0.257812 0.511719
2 0.417969 0.488281 0.417969 0.500000 0.429688 0.500000 0.429688 0.488281
2 0.437500 0.457031 0.437500 0.464844 0.445312 0.464844 0.445312 0.457031
2 0.316406 0.457031 0.312500 0.460938 0.289062 0.460938 0.289062 0.472656 0.304688 0.472656 0.308594 0.476562 0.308594 0.503906 0.304688 0.507812 0.300781 0.507812 0.292969 0.515625 0.292969 0.523438 0.289062 0.527344 0.289062 0.535156 0.292969 0.539062 0.292969 0.542969 0.328125 0.542969 0.332031 0.546875 0.343750 0.546875 0.347656 0.550781 0.359375 0.550781 0.367188 0.558594 0.367188 0.574219 0.363281 0.578125 0.363281 0.585938 0.371094 0.585938 0.378906 0.593750 0.378906 0.617188 0.375000 0.621094 0.375000 0.636719 0.378906 0.640625 0.378906 0.656250 0.375000 0.660156 0.367188 0.660156 0.363281 0.664062 0.363281 0.679688 0.367188 0.679688 0.371094 0.683594 0.371094 0.707031 0.378906 0.714844 0.386719 0.714844 0.386719 0.707031 0.390625 0.703125 0.390625 0.691406 0.394531 0.687500 0.410156 0.687500 0.414062 0.683594 0.414062 0.671875 0.398438 0.671875 0.394531 0.667969 0.394531 0.636719 0.398438 0.632812 0.398438 0.617188 0.402344 0.613281 0.414062 0.613281 0.414062 0.601562 0.417969 0.597656 0.421875 0.597656 0.421875 0.578125 0.425781 0.574219 0.445312 0.574219 0.449219 0.578125 0.460938 0.578125 0.464844 0.582031 0.464844 0.585938 0.480469 0.585938 0.484375 0.582031 0.496094 0.582031 0.500000 0.578125 0.503906 0.578125 0.503906 0.566406 0.500000 0.562500 0.500000 0.558594 0.496094 0.558594 0.492188 0.554688 0.492188 0.542969 0.488281 0.539062 0.488281 0.535156 0.472656 0.535156 0.468750 0.531250 0.468750 0.523438 0.453125 0.523438 0.449219 0.519531 0.441406 0.519531 0.441406 0.523438 0.437500 0.527344 0.433594 0.527344 0.433594 0.535156 0.429688 0.539062 0.425781 0.539062 0.421875 0.542969 0.402344 0.542969 0.398438 0.539062 0.398438 0.531250 0.394531 0.527344 0.378906 0.527344 0.375000 0.523438 0.375000 0.488281 0.371094 0.484375 0.371094 0.472656 0.335938 0.472656 0.332031 0.468750 0.332031 0.464844 0.328125 0.464844 0.324219 0.460938 0.324219 0.457031
2 0.238281 0.449219 0.238281 0.468750 0.234375 0.472656 0.214844 0.472656 0.214844 0.480469 0.210938 0.484375 0.195312 0.484375 0.195312 0.492188 0.199219 0.496094 0.226562 0.496094 0.226562 0.476562 0.230469 0.472656 0.250000 0.472656 0.250000 0.453125 0.246094 0.449219
2 0.066406 0.433594 0.066406 0.441406 0.070312 0.445312 0.070312 0.484375 0.074219 0.488281 0.074219 0.515625 0.082031 0.515625 0.082031 0.507812 0.085938 0.503906 0.085938 0.484375 0.089844 0.480469 0.089844 0.468750 0.085938 0.464844 0.085938 0.445312 0.082031 0.441406 0.078125 0.441406 0.074219 0.437500 0.074219 0.433594
2 0.101562 0.324219 0.097656 0.328125 0.085938 0.328125 0.085938 0.335938 0.089844 0.339844 0.093750 0.339844 0.097656 0.343750 0.125000 0.343750 0.128906 0.347656 0.136719 0.347656 0.140625 0.351562 0.140625 0.363281 0.144531 0.363281 0.148438 0.367188 0.156250 0.367188 0.160156 0.363281 0.167969 0.363281 0.167969 0.355469 0.156250 0.355469 0.148438 0.347656 0.140625 0.347656 0.136719 0.343750 0.136719 0.339844 0.132812 0.339844 0.128906 0.335938 0.128906 0.332031 0.117188 0.332031 0.109375 0.324219
2 0.519531 0.289062 0.519531 0.304688 0.515625 0.308594 0.503906 0.308594 0.503906 0.316406 0.507812 0.320312 0.507812 0.324219 0.515625 0.332031 0.515625 0.339844 0.535156 0.339844 0.535156 0.335938 0.542969 0.328125 0.542969 0.324219 0.550781 0.316406 0.550781 0.304688 0.546875 0.300781 0.542969 0.300781 0.539062 0.296875 0.539062 0.292969 0.535156 0.289062
2 0.042969 0.277344 0.042969 0.292969 0.046875 0.296875 0.046875 0.316406 0.050781 0.320312 0.050781 0.324219 0.054688 0.328125 0.054688 0.367188 0.058594 0.367188 0.062500 0.371094 0.062500 0.402344 0.066406 0.406250 0.066406 0.410156 0.078125 0.410156 0.082031 0.414062 0.082031 0.417969 0.101562 0.417969 0.101562 0.410156 0.097656 0.410156 0.093750 0.406250 0.093750 0.402344 0.078125 0.402344 0.070312 0.394531 0.070312 0.382812 0.066406 0.382812 0.062500 0.378906 0.062500 0.359375 0.066406 0.355469 0.066406 0.343750 0.062500 0.343750 0.058594 0.339844 0.058594 0.312500 0.050781 0.304688 0.050781 0.277344
2 0.328125 0.261719 0.328125 0.273438 0.332031 0.273438 0.335938 0.277344 0.335938 0.304688 0.339844 0.304688 0.343750 0.308594 0.367188 0.308594 0.371094 0.312500 0.371094 0.343750 0.367188 0.347656 0.355469 0.347656 0.355469 0.363281 0.363281 0.371094 0.363281 0.394531 0.367188 0.398438 0.367188 0.402344 0.371094 0.406250 0.375000 0.406250 0.382812 0.414062 0.382812 0.441406 0.390625 0.441406 0.394531 0.445312 0.394531 0.449219 0.398438 0.453125 0.398438 0.457031 0.406250 0.457031 0.406250 0.429688 0.414062 0.421875 0.414062 0.410156 0.417969 0.406250 0.437500 0.406250 0.441406 0.402344 0.445312 0.402344 0.453125 0.394531 0.468750 0.394531 0.472656 0.398438 0.472656 0.402344 0.476562 0.402344 0.480469 0.406250 0.480469 0.425781 0.476562 0.429688 0.464844 0.429688 0.464844 0.441406 0.476562 0.441406 0.480469 0.445312 0.480469 0.457031 0.503906 0.457031 0.507812 0.460938 0.527344 0.460938 0.531250 0.464844 0.535156 0.464844 0.539062 0.468750 0.539062 0.500000 0.546875 0.500000 0.550781 0.503906 0.550781 0.523438 0.554688 0.523438 0.558594 0.527344 0.558594 0.535156 0.562500 0.539062 0.562500 0.546875 0.566406 0.550781 0.566406 0.558594 0.589844 0.558594 0.589844 0.554688 0.593750 0.550781 0.593750 0.546875 0.597656 0.542969 0.617188 0.542969 0.621094 0.546875 0.621094 0.558594 0.625000 0.562500 0.636719 0.562500 0.640625 0.566406 0.640625 0.574219 0.644531 0.578125 0.644531 0.601562 0.660156 0.601562 0.660156 0.585938 0.664062 0.582031 0.691406 0.582031 0.691406 0.574219 0.660156 0.574219 0.656250 0.570312 0.656250 0.566406 0.652344 0.562500 0.652344 0.542969 0.656250 0.539062 0.660156 0.539062 0.664062 0.535156 0.664062 0.527344 0.667969 0.523438 0.699219 0.523438 0.703125 0.527344 0.710938 0.527344 0.714844 0.531250 0.714844 0.539062 0.722656 0.539062 0.722656 0.527344 0.718750 0.523438 0.718750 0.519531 0.714844 0.515625 0.714844 0.496094 0.691406 0.496094 0.687500 0.492188 0.687500 0.484375 0.683594 0.480469 0.683594 0.460938 0.652344 0.460938 0.652344 0.464844 0.648438 0.468750 0.648438 0.476562 0.640625 0.484375 0.636719 0.484375 0.632812 0.488281 0.617188 0.488281 0.617188 0.503906 0.613281 0.507812 0.613281 0.511719 0.609375 0.515625 0.609375 0.523438 0.605469 0.527344 0.605469 0.531250 0.601562 0.535156 0.585938 0.535156 0.574219 0.523438 0.574219 0.519531 0.570312 0.519531 0.562500 0.511719 0.562500 0.507812 0.558594 0.507812 0.554688 0.503906 0.554688 0.484375 0.558594 0.480469 0.582031 0.480469 0.582031 0.472656 0.585938 0.468750 0.605469 0.468750 0.605469 0.457031 0.601562 0.453125 0.601562 0.421875 0.585938 0.421875 0.582031 0.417969 0.582031 0.402344 0.585938 0.398438 0.585938 0.386719 0.574219 0.386719 0.570312 0.390625 0.566406 0.390625 0.562500 0.394531 0.539062 0.394531 0.535156 0.390625 0.527344 0.390625 0.523438 0.386719 0.503906 0.386719 0.500000 0.382812 0.500000 0.378906 0.492188 0.371094 0.492188 0.359375 0.484375 0.359375 0.480469 0.355469 0.480469 0.328125 0.472656 0.328125 0.472656 0.335938 0.468750 0.339844 0.453125 0.339844 0.449219 0.343750 0.406250 0.343750 0.402344 0.339844 0.402344 0.312500 0.406250 0.308594 0.417969 0.308594 0.429688 0.296875 0.429688 0.289062 0.425781 0.285156 0.417969 0.285156 0.414062 0.289062 0.410156 0.289062 0.410156 0.292969 0.406250 0.296875 0.406250 0.308594 0.402344 0.312500 0.378906 0.312500 0.375000 0.308594 0.375000 0.285156 0.371094 0.285156 0.367188 0.281250 0.367188 0.277344 0.359375 0.269531 0.355469 0.269531 0.351562 0.265625 0.347656 0.265625 0.343750 0.261719
2 0.167969 0.132812 0.167969 0.136719 0.164062 0.140625 0.164062 0.148438 0.167969 0.152344 0.167969 0.167969 0.164062 0.171875 0.164062 0.183594 0.152344 0.195312 0.152344 0.210938 0.160156 0.210938 0.164062 0.214844 0.167969 0.214844 0.171875 0.218750 0.175781 0.218750 0.183594 0.226562 0.191406 0.226562 0.191406 0.179688 0.195312 0.175781 0.210938 0.175781 0.214844 0.179688 0.218750 0.179688 0.226562 0.187500 0.230469 0.187500 0.238281 0.195312 0.238281 0.199219 0.246094 0.207031 0.253906 0.207031 0.257812 0.210938 0.257812 0.214844 0.261719 0.214844 0.265625 0.218750 0.265625 0.222656 0.273438 0.230469 0.281250 0.230469 0.285156 0.226562 0.285156 0.218750 0.281250 0.214844 0.277344 0.214844 0.269531 0.207031 0.265625 0.207031 0.261719 0.203125 0.261719 0.191406 0.253906 0.183594 0.253906 0.179688 0.250000 0.175781 0.226562 0.175781 0.214844 0.164062 0.210938 0.164062 0.207031 0.160156 0.203125 0.160156 0.199219 0.156250 0.191406 0.156250 0.187500 0.152344 0.187500 0.144531 0.175781 0.132812
2 0.316406 0.117188 0.312500 0.121094 0.304688 0.121094 0.304688 0.125000 0.296875 0.132812 0.296875 0.140625 0.300781 0.140625 0.312500 0.152344 0.316406 0.152344 0.320312 0.156250 0.320312 0.164062 0.324219 0.167969 0.324219 0.171875 0.332031 0.179688 0.335938 0.179688 0.339844 0.183594 0.355469 0.183594 0.355469 0.156250 0.359375 0.152344 0.378906 0.152344 0.378906 0.144531 0.375000 0.144531 0.371094 0.140625 0.367188 0.140625 0.363281 0.136719 0.363281 0.132812 0.359375 0.128906 0.347656 0.128906 0.343750 0.125000 0.343750 0.121094 0.332031 0.121094 0.328125 0.117188
