2 0.160156 0.894531 0.160156 0.902344 0.167969 0.902344 0.167969 0.894531
2 0.417969 0.832031 0.414062 0.835938 0.410156 0.835938 0.406250 0.839844 0.390625 0.839844 0.386719 0.835938 0.355469 0.835938 0.355469 0.851562 0.351562 0.855469 0.328125 0.855469 0.324219 0.851562 0.324219 0.843750 0.316406 0.843750 0.316406 0.855469 0.324219 0.855469 0.328125 0.859375 0.328125 0.875000 0.343750 0.875000 0.347656 0.878906 0.347656 0.898438 0.339844 0.906250 0.335938 0.906250 0.335938 0.914062 0.343750 0.914062 0.347656 0.910156 0.359375 0.910156 0.363281 0.906250 0.367188 0.906250 0.371094 0.902344 0.375000 0.902344 0.378906 0.898438 0.378906 0.890625 0.375000 0.890625 0.371094 0.886719 0.371094 0.871094 0.375000 0.867188 0.390625 0.867188 0.394531 0.871094 0.402344 0.871094 0.406250 0.867188 0.414062 0.867188 0.417969 0.863281 0.429688 0.863281 0.429688 0.855469 0.425781 0.851562 0.425781 0.832031
2 0.054688 0.816406 0.050781 0.820312 0.046875 0.820312 0.046875 0.835938 0.050781 0.839844 0.050781 0.867188 0.054688 0.871094 0.054688 0.886719 0.050781 0.890625 0.050781 0.898438 0.054688 0.902344 0.054688 0.906250 0.058594 0.906250 0.062500 0.910156 0.062500 0.914062 0.074219 0.914062 0.078125 0.917969 0.078125 0.921875 0.085938 0.921875 0.089844 0.925781 0.089844 0.949219 0.093750 0.949219 0.097656 0.953125 0.097656 0.957031 0.105469 0.957031 0.109375 0.953125 0.109375 0.937500 0.117188 0.929688 0.148438 0.929688 0.152344 0.933594 0.156250 0.933594 0.160156 0.937500 0.175781 0.937500 0.175781 0.929688 0.171875 0.929688 0.167969 0.925781 0.160156 0.925781 0.156250 0.921875 0.156250 0.914062 0.125000 0.914062 0.121094 0.910156 0.082031 0.910156 0.078125 0.906250 0.074219 0.906250 0.070312 0.902344 0.070312 0.878906 0.074219 0.875000 0.074219 0.859375 0.078125 0.855469 0.093750 0.855469 0.097656 0.859375 0.097656 0.867188 0.109375 0.867188 0.109375 0.855469 0.105469 0.851562 0.105469 0.847656 0.101562 0.843750 0.101562 0.835938 0.097656 0.832031 0.097656 0.824219 0.089844 0.816406
2 0.273438 0.804688 0.273438 0.808594 0.269531 0.812500 0.269531 0.828125 0.285156 0.828125 0.289062 0.832031 0.289062 0.835938 0.292969 0.839844 0.308594 0.839844 0.308594 0.828125 0.292969 0.828125 0.289062 0.824219 0.289062 0.820312 0.285156 0.816406 0.285156 0.812500 0.281250 0.808594 0.281250 0.804688
2 0.187500 0.773438 0.183594 0.777344 0.179688 0.777344 0.175781 0.781250 0.175781 0.804688 0.171875 0.808594 0.164062 0.808594 0.164062 0.820312 0.171875 0.820312 0.175781 0.824219 0.175781 0.847656 0.183594 0.847656 0.183594 0.839844 0.187500 0.835938 0.222656 0.835938 0.226562 0.839844 0.226562 0.851562 0.238281 0.851562 0.238281 0.804688 0.222656 0.804688 0.218750 0.800781 0.218750 0.781250 0.210938 0.781250 0.203125 0.773438
2 0.339844 0.757812 0.339844 0.769531 0.347656 0.769531 0.351562 0.765625 0.355469 0.765625 0.355469 0.757812
2 0.371094 0.707031 0.367188 0.710938 0.363281 0.710938 0.363281 0.722656 0.367188 0.722656 0.371094 0.726562 0.371094 0.742188 0.367188 0.746094 0.363281 0.746094 0.363281 0.753906 0.382812 0.753906 0.386719 0.757812 0.386719 0.777344 0.398438 0.777344 0.406250 0.785156 0.433594 0.785156 0.437500 0.789062 0.449219 0.789062 0.453125 0.792969 0.464844 0.792969 0.468750 0.789062 0.476562 0.789062 0.480469 0.785156 0.507812 0.785156 0.515625 0.777344 0.542969 0.777344 0.546875 0.781250 0.558594 0.781250 0.562500 0.785156 0.562500 0.789062 0.566406 0.789062 0.570312 0.792969 0.570312 0.832031 0.562500 0.839844 0.558594 0.839844 0.554688 0.843750 0.554688 0.851562 0.562500 0.851562 0.566406 0.847656 0.570312 0.847656 0.578125 0.839844 0.582031 0.839844 0.585938 0.835938 0.585938 0.820312 0.597656 0.808594 0.601562 0.808594 0.601562 0.789062 0.605469 0.785156 0.609375 0.785156 0.609375 0.769531 0.613281 0.765625 0.617188 0.765625 0.621094 0.761719 0.621094 0.753906 0.609375 0.753906 0.605469 0.757812 0.582031 0.757812 0.578125 0.753906 0.578125 0.730469 0.582031 0.726562 0.582031 0.718750 0.558594 0.718750 0.558594 0.726562 0.554688 0.730469 0.554688 0.738281 0.550781 0.742188 0.527344 0.742188 0.523438 0.738281 0.523438 0.726562 0.511719 0.726562 0.507812 0.722656 0.507812 0.714844 0.500000 0.714844 0.500000 0.761719 0.496094 0.765625 0.492188 0.765625 0.488281 0.769531 0.480469 0.769531 0.476562 0.773438 0.472656 0.773438 0.464844 0.781250 0.449219 0.781250 0.445312 0.777344 0.445312 0.773438 0.429688 0.773438 0.425781 0.769531 0.421875 0.769531 0.417969 0.765625 0.417969 0.761719 0.394531 0.761719 0.390625 0.757812 0.390625 0.738281 0.394531 0.734375 0.398438 0.734375 0.398438 0.726562 0.382812 0.726562 0.378906 0.722656 0.378906 0.707031
2 0.320312 0.707031 0.320312 0.710938 0.304688 0.726562 0.304688 0.738281 0.312500 0.746094 0.328125 0.746094 0.328125 0.730469 0.335938 0.722656 0.335938 0.718750 0.339844 0.714844 0.339844 0.707031
2 0.601562 0.691406 0.601562 0.703125 0.617188 0.703125 0.617188 0.691406
2 0.605469 0.613281 0.605469 0.621094 0.601562 0.625000 0.582031 0.625000 0.578125 0.628906 0.574219 0.628906 0.574219 0.640625 0.570312 0.644531 0.566406 0.644531 0.550781 0.660156 0.550781 0.675781 0.554688 0.679688 0.554688 0.687500 0.558594 0.691406 0.558594 0.695312 0.566406 0.695312 0.566406 0.691406 0.570312 0.687500 0.574219 0.687500 0.578125 0.683594 0.578125 0.644531 0.582031 0.640625 0.589844 0.640625 0.589844 0.636719 0.597656 0.628906 0.621094 0.628906 0.625000 0.632812 0.625000 0.636719 0.628906 0.636719 0.632812 0.640625 0.632812 0.656250 0.644531 0.656250 0.644531 0.644531 0.636719 0.644531 0.632812 0.640625 0.632812 0.628906 0.621094 0.628906 0.617188 0.625000 0.617188 0.617188 0.613281 0.613281
2 0.718750 0.511719 0.707031 0.523438 0.667969 0.523438 0.667969 0.527344 0.664062 0.531250 0.656250 0.531250 0.652344 0.535156 0.644531 0.535156 0.644531 0.539062 0.640625 0.542969 0.617188 0.542969 0.613281 0.546875 0.613281 0.554688 0.609375 0.558594 0.605469 0.558594 0.605469 0.566406 0.609375 0.570312 0.609375 0.585938 0.621094 0.585938 0.625000 0.582031 0.632812 0.582031 0.632812 0.578125 0.636719 0.574219 0.687500 0.574219 0.691406 0.570312 0.710938 0.570312 0.714844 0.574219 0.714844 0.582031 0.718750 0.585938 0.734375 0.585938 0.742188 0.593750 0.742188 0.617188 0.746094 0.621094 0.746094 0.625000 0.750000 0.628906 0.750000 0.644531 0.746094 0.648438 0.734375 0.648438 0.734375 0.652344 0.726562 0.660156 0.722656 0.660156 0.718750 0.664062 0.703125 0.664062 0.703125 0.667969 0.699219 0.671875 0.687500 0.671875 0.687500 0.687500 0.683594 0.691406 0.660156 0.691406 0.656250 0.687500 0.656250 0.683594 0.644531 0.683594 0.644531 0.691406 0.648438 0.691406 0.652344 0.695312 0.652344 0.710938 0.648438 0.714844 0.644531 0.714844 0.644531 0.722656 0.648438 0.722656 0.652344 0.726562 0.687500 0.726562 0.691406 0.730469 0.691406 0.742188 0.695312 0.746094 0.714844 0.746094 0.714844 0.738281 0.718750 0.734375 0.718750 0.726562 0.710938 0.726562 0.707031 0.722656 0.707031 0.699219 0.710938 0.695312 0.718750 0.695312 0.718750 0.691406 0.726562 0.683594 0.746094 0.683594 0.750000 0.679688 0.757812 0.679688 0.757812 0.671875 0.765625 0.664062 0.769531 0.664062 0.769531 0.648438 0.773438 0.644531 0.777344 0.644531 0.785156 0.636719 0.785156 0.628906 0.792969 0.621094 0.792969 0.617188 0.800781 0.609375 0.804688 0.609375 0.804688 0.593750 0.808594 0.589844 0.808594 0.585938 0.816406 0.578125 0.816406 0.574219 0.820312 0.570312 0.824219 0.570312 0.824219 0.566406 0.828125 0.562500 0.828125 0.542969 0.824219 0.539062 0.820312 0.539062 0.816406 0.535156 0.777344 0.535156 0.773438 0.531250 0.773438 0.527344 0.757812 0.527344 0.753906 0.523438 0.753906 0.515625 0.734375 0.515625 0.730469 0.511719
2 0.761719 0.492188 0.761719 0.503906 0.777344 0.503906 0.777344 0.492188
2 0.804688 0.410156 0.804688 0.421875 0.800781 0.425781 0.773438 0.425781 0.769531 0.429688 0.769531 0.445312 0.796875 0.445312 0.800781 0.449219 0.808594 0.449219 0.812500 0.453125 0.820312 0.453125 0.824219 0.457031 0.824219 0.460938 0.839844 0.476562 0.839844 0.496094 0.851562 0.496094 0.855469 0.492188 0.894531 0.492188 0.894531 0.488281 0.898438 0.484375 0.898438 0.480469 0.902344 0.476562 0.902344 0.464844 0.898438 0.460938 0.898438 0.457031 0.894531 0.453125 0.894531 0.449219 0.890625 0.449219 0.886719 0.445312 0.886719 0.425781 0.855469 0.425781 0.851562 0.421875 0.847656 0.421875 0.843750 0.417969 0.824219 0.417969 0.820312 0.414062 0.820312 0.410156
2 0.316406 0.406250 0.312500 0.410156 0.312500 0.433594 0.308594 0.437500 0.308594 0.441406 0.304688 0.445312 0.304688 0.453125 0.308594 0.457031 0.312500 0.457031 0.316406 0.460938 0.316406 0.500000 0.320312 0.500000 0.324219 0.503906 0.324219 0.519531 0.320312 0.523438 0.300781 0.523438 0.300781 0.535156 0.296875 0.539062 0.281250 0.539062 0.277344 0.535156 0.277344 0.531250 0.265625 0.531250 0.265625 0.539062 0.257812 0.546875 0.253906 0.546875 0.253906 0.562500 0.250000 0.566406 0.226562 0.566406 0.226562 0.570312 0.222656 0.574219 0.222656 0.585938 0.214844 0.593750 0.214844 0.597656 0.210938 0.601562 0.195312 0.601562 0.195312 0.621094 0.187500 0.628906 0.187500 0.648438 0.191406 0.652344 0.191406 0.675781 0.187500 0.679688 0.187500 0.683594 0.183594 0.687500 0.183594 0.703125 0.179688 0.707031 0.175781 0.707031 0.171875 0.710938 0.167969 0.710938 0.167969 0.718750 0.171875 0.718750 0.175781 0.722656 0.187500 0.722656 0.191406 0.718750 0.238281 0.718750 0.238281 0.714844 0.242188 0.710938 0.242188 0.707031 0.246094 0.703125 0.261719 0.703125 0.265625 0.699219 0.265625 0.687500 0.261719 0.687500 0.257812 0.683594 0.257812 0.664062 0.261719 0.660156 0.265625 0.660156 0.269531 0.656250 0.285156 0.656250 0.289062 0.652344 0.292969 0.652344 0.296875 0.648438 0.304688 0.648438 0.308594 0.644531 0.312500 0.644531 0.316406 0.640625 0.316406 0.617188 0.320312 0.613281 0.328125 0.613281 0.332031 0.609375 0.355469 0.609375 0.355469 0.605469 0.359375 0.601562 0.367188 0.601562 0.371094 0.597656 0.406250 0.597656 0.410156 0.593750 0.414062 0.593750 0.417969 0.589844 0.421875 0.589844 0.425781 0.585938 0.433594 0.585938 0.437500 0.582031 0.449219 0.582031 0.449219 0.570312 0.445312 0.570312 0.433594 0.558594 0.433594 0.554688 0.429688 0.554688 0.421875 0.546875 0.421875 0.539062 0.410156 0.539062 0.406250 0.542969 0.402344 0.542969 0.402344 0.546875 0.398438 0.550781 0.371094 0.550781 0.367188 0.554688 0.367188 0.566406 0.363281 0.570312 0.343750 0.570312 0.339844 0.566406 0.339844 0.519531 0.343750 0.515625 0.343750 0.503906 0.328125 0.503906 0.324219 0.500000 0.324219 0.480469 0.328125 0.476562 0.355469 0.476562 0.359375 0.480469 0.359375 0.488281 0.367188 0.488281 0.367188 0.457031 0.371094 0.453125 0.378906 0.453125 0.378906 0.449219 0.382812 0.445312 0.382812 0.441406 0.386719 0.437500 0.386719 0.425781 0.382812 0.421875 0.382812 0.417969 0.378906 0.414062 0.367188 0.414062 0.363281 0.417969 0.355469 0.417969 0.347656 0.425781 0.332031 0.425781 0.328125 0.421875 0.328125 0.410156 0.324219 0.406250
2 0.406250 0.277344 0.406250 0.292969 0.398438 0.300781 0.398438 0.324219 0.394531 0.328125 0.371094 0.328125 0.371094 0.335938 0.367188 0.339844 0.367188 0.351562 0.371094 0.351562 0.375000 0.355469 0.375000 0.359375 0.390625 0.359375 0.394531 0.355469 0.394531 0.351562 0.402344 0.343750 0.402344 0.339844 0.406250 0.335938 0.406250 0.320312 0.410156 0.316406 0.414062 0.316406 0.417969 0.312500 0.417969 0.300781 0.414062 0.296875 0.414062 0.277344
2 0.558594 0.273438 0.558594 0.289062 0.554688 0.292969 0.550781 0.292969 0.550781 0.320312 0.546875 0.324219 0.527344 0.324219 0.523438 0.320312 0.523438 0.316406 0.519531 0.312500 0.519531 0.308594 0.507812 0.308594 0.507812 0.328125 0.503906 0.332031 0.468750 0.332031 0.468750 0.351562 0.464844 0.355469 0.464844 0.363281 0.460938 0.367188 0.460938 0.375000 0.453125 0.382812 0.421875 0.382812 0.421875 0.390625 0.417969 0.394531 0.417969 0.402344 0.414062 0.406250 0.410156 0.406250 0.410156 0.414062 0.414062 0.417969 0.414062 0.421875 0.425781 0.421875 0.429688 0.425781 0.429688 0.453125 0.433594 0.457031 0.433594 0.464844 0.437500 0.464844 0.441406 0.468750 0.441406 0.511719 0.437500 0.515625 0.437500 0.523438 0.441406 0.523438 0.445312 0.527344 0.453125 0.527344 0.453125 0.523438 0.457031 0.519531 0.460938 0.519531 0.460938 0.496094 0.464844 0.492188 0.472656 0.492188 0.472656 0.488281 0.476562 0.484375 0.488281 0.484375 0.492188 0.480469 0.496094 0.480469 0.496094 0.476562 0.500000 0.472656 0.523438 0.472656 0.523438 0.464844 0.527344 0.460938 0.531250 0.460938 0.531250 0.453125 0.535156 0.449219 0.539062 0.449219 0.542969 0.445312 0.546875 0.445312 0.558594 0.433594 0.566406 0.433594 0.566406 0.425781 0.570312 0.421875 0.589844 0.421875 0.593750 0.425781 0.593750 0.433594 0.597656 0.437500 0.597656 0.445312 0.613281 0.445312 0.613281 0.441406 0.617188 0.437500 0.621094 0.437500 0.621094 0.433594 0.625000 0.429688 0.625000 0.417969 0.628906 0.414062 0.652344 0.414062 0.652344 0.398438 0.656250 0.394531 0.667969 0.394531 0.671875 0.390625 0.687500 0.390625 0.691406 0.394531 0.691406 0.398438 0.695312 0.402344 0.703125 0.402344 0.707031 0.398438 0.707031 0.363281 0.710938 0.359375 0.710938 0.343750 0.703125 0.343750 0.699219 0.339844 0.699219 0.332031 0.664062 0.332031 0.660156 0.335938 0.660156 0.347656 0.644531 0.363281 0.644531 0.367188 0.636719 0.375000 0.636719 0.386719 0.632812 0.390625 0.597656 0.390625 0.593750 0.386719 0.593750 0.378906 0.582031 0.378906 0.578125 0.375000 0.578125 0.355469 0.582031 0.351562 0.585938 0.351562 0.585938 0.347656 0.589844 0.343750 0.593750 0.343750 0.593750 0.335938 0.582031 0.335938 0.574219 0.328125 0.574219 0.308594 0.570312 0.304688 0.570312 0.281250 0.566406 0.277344 0.566406 0.273438
2 0.945312 0.250000 0.945312 0.261719 0.941406 0.265625 0.941406 0.273438 0.949219 0.273438 0.953125 0.277344 0.953125 0.300781 0.949219 0.304688 0.949219 0.312500 0.953125 0.316406 0.957031 0.316406 0.960938 0.320312 0.968750 0.320312 0.968750 0.312500 0.964844 0.308594 0.964844 0.273438 0.957031 0.273438 0.953125 0.269531 0.953125 0.250000
2 0.449219 0.218750 0.437500 0.230469 0.437500 0.242188 0.449219 0.242188 0.453125 0.238281 0.457031 0.238281 0.457031 0.218750
2 0.664062 0.210938 0.660156 0.214844 0.660156 0.218750 0.656250 0.222656 0.652344 0.222656 0.648438 0.226562 0.644531 0.226562 0.640625 0.230469 0.621094 0.230469 0.617188 0.234375 0.578125 0.234375 0.578125 0.250000 0.605469 0.250000 0.609375 0.253906 0.609375 0.261719 0.613281 0.265625 0.621094 0.265625 0.625000 0.269531 0.625000 0.277344 0.628906 0.281250 0.640625 0.281250 0.644531 0.285156 0.644531 0.296875 0.648438 0.300781 0.664062 0.300781 0.667969 0.304688 0.679688 0.304688 0.679688 0.300781 0.683594 0.296875 0.687500 0.296875 0.687500 0.289062 0.695312 0.281250 0.699219 0.281250 0.703125 0.277344 0.707031 0.277344 0.710938 0.273438 0.722656 0.273438 0.722656 0.265625 0.718750 0.265625 0.714844 0.261719 0.714844 0.253906 0.710938 0.253906 0.699219 0.242188 0.691406 0.242188 0.691406 0.257812 0.687500 0.261719 0.679688 0.261719 0.675781 0.265625 0.675781 0.281250 0.671875 0.285156 0.644531 0.285156 0.640625 0.281250 0.640625 0.257812 0.648438 0.250000 0.656250 0.250000 0.656250 0.246094 0.660156 0.242188 0.660156 0.226562 0.664062 0.222656 0.671875 0.222656 0.675781 0.218750 0.683594 0.218750 0.683594 0.210938
2 0.734375 0.203125 0.734375 0.222656 0.742188 0.222656 0.746094 0.226562 0.746094 0.234375 0.757812 0.234375 0.761719 0.238281 0.769531 0.238281 0.773438 0.242188 0.773438 0.261719 0.777344 0.265625 0.777344 0.281250 0.773438 0.285156 0.769531 0.285156 0.769531 0.292969 0.777344 0.292969 0.781250 0.296875 0.781250 0.304688 0.800781 0.304688 0.804688 0.308594 0.804688 0.312500 0.820312 0.312500 0.824219 0.316406 0.843750 0.316406 0.847656 0.320312 0.847656 0.324219 0.863281 0.324219 0.867188 0.328125 0.867188 0.335938 0.871094 0.335938 0.875000 0.339844 0.878906 0.339844 0.882812 0.343750 0.882812 0.347656 0.906250 0.347656 0.906250 0.335938 0.894531 0.335938 0.886719 0.328125 0.867188 0.328125 0.863281 0.324219 0.863281 0.308594 0.859375 0.304688 0.859375 0.289062 0.851562 0.289062 0.851562 0.296875 0.847656 0.300781 0.812500 0.300781 0.808594 0.296875 0.808594 0.281250 0.812500 0.277344 0.812500 0.261719 0.808594 0.261719 0.800781 0.253906 0.800781 0.234375 0.796875 0.234375 0.792969 0.230469 0.792969 0.222656 0.777344 0.222656 0.769531 0.214844 0.757812 0.214844 0.753906 0.210938 0.750000 0.210938 0.742188 0.203125
2 0.628906 0.140625 0.621094 0.148438 0.613281 0.148438 0.605469 0.156250 0.601562 0.156250 0.601562 0.160156 0.597656 0.164062 0.593750 0.164062 0.593750 0.175781 0.597656 0.179688 0.601562 0.179688 0.605469 0.183594 0.605469 0.195312 0.613281 0.195312 0.613281 0.179688 0.617188 0.175781 0.617188 0.167969 0.628906 0.156250 0.636719 0.156250 0.644531 0.148438 0.644531 0.140625
2 0.765625 0.085938 0.765625 0.093750 0.761719 0.097656 0.734375 0.097656 0.734375 0.113281 0.738281 0.113281 0.742188 0.117188 0.742188 0.136719 0.765625 0.136719 0.777344 0.125000 0.777344 0.105469 0.781250 0.101562 0.781250 0.093750 0.777344 0.089844 0.777344 0.085938
