2 0.195312 0.855469 0.191406 0.859375 0.191406 0.871094 0.195312 0.871094 0.203125 0.878906 0.207031 0.878906 0.210938 0.882812 0.210938 0.894531 0.242188 0.894531 0.246094 0.898438 0.257812 0.898438 0.257812 0.886719 0.218750 0.886719 0.214844 0.882812 0.214844 0.863281 0.207031 0.855469
2 0.406250 0.843750 0.402344 0.847656 0.398438 0.847656 0.398438 0.859375 0.417969 0.859375 0.421875 0.855469 0.421875 0.843750
2 0.105469 0.785156 0.105469 0.796875 0.117188 0.796875 0.117188 0.789062 0.113281 0.785156
2 0.558594 0.703125 0.558594 0.710938 0.570312 0.710938 0.570312 0.703125
2 0.511719 0.648438 0.511719 0.675781 0.507812 0.679688 0.507812 0.695312 0.515625 0.695312 0.519531 0.691406 0.523438 0.691406 0.527344 0.687500 0.535156 0.687500 0.535156 0.671875 0.527344 0.671875 0.523438 0.667969 0.523438 0.648438
2 0.640625 0.625000 0.636719 0.628906 0.628906 0.628906 0.625000 0.632812 0.609375 0.632812 0.605469 0.636719 0.597656 0.636719 0.597656 0.648438 0.605469 0.648438 0.609375 0.652344 0.609375 0.671875 0.605469 0.675781 0.605469 0.691406 0.601562 0.695312 0.601562 0.710938 0.597656 0.714844 0.593750 0.714844 0.593750 0.726562 0.589844 0.730469 0.578125 0.730469 0.578125 0.738281 0.574219 0.742188 0.554688 0.742188 0.550781 0.738281 0.539062 0.738281 0.535156 0.734375 0.527344 0.734375 0.527344 0.742188 0.531250 0.742188 0.535156 0.746094 0.535156 0.761719 0.531250 0.765625 0.527344 0.765625 0.523438 0.769531 0.519531 0.769531 0.515625 0.773438 0.515625 0.777344 0.511719 0.781250 0.507812 0.781250 0.507812 0.785156 0.503906 0.789062 0.492188 0.789062 0.492188 0.800781 0.488281 0.804688 0.468750 0.804688 0.468750 0.808594 0.460938 0.816406 0.460938 0.832031 0.468750 0.832031 0.476562 0.824219 0.476562 0.816406 0.480469 0.812500 0.500000 0.812500 0.500000 0.804688 0.503906 0.800781 0.539062 0.800781 0.539062 0.789062 0.542969 0.785156 0.546875 0.785156 0.550781 0.781250 0.562500 0.781250 0.570312 0.773438 0.570312 0.769531 0.578125 0.761719 0.578125 0.757812 0.593750 0.742188 0.593750 0.730469 0.597656 0.726562 0.601562 0.726562 0.601562 0.714844 0.605469 0.710938 0.609375 0.710938 0.636719 0.683594 0.636719 0.671875 0.640625 0.667969 0.648438 0.667969 0.656250 0.660156 0.656250 0.656250 0.664062 0.648438 0.664062 0.636719 0.667969 0.632812 0.667969 0.625000
2 0.593750 0.570312 0.593750 0.574219 0.589844 0.578125 0.578125 0.578125 0.574219 0.582031 0.570312 0.582031 0.570312 0.593750 0.566406 0.597656 0.566406 0.605469 0.570312 0.609375 0.570312 0.617188 0.582031 0.617188 0.582031 0.605469 0.589844 0.597656 0.593750 0.597656 0.593750 0.593750 0.597656 0.589844 0.601562 0.589844 0.605469 0.585938 0.605469 0.570312
2 0.718750 0.492188 0.718750 0.500000 0.722656 0.503906 0.722656 0.523438 0.718750 0.527344 0.710938 0.527344 0.710938 0.531250 0.707031 0.535156 0.687500 0.535156 0.687500 0.539062 0.683594 0.542969 0.683594 0.550781 0.687500 0.550781 0.691406 0.554688 0.691406 0.574219 0.683594 0.582031 0.683594 0.585938 0.679688 0.589844 0.675781 0.589844 0.675781 0.593750 0.671875 0.597656 0.671875 0.613281 0.679688 0.613281 0.679688 0.609375 0.683594 0.605469 0.718750 0.605469 0.722656 0.601562 0.726562 0.601562 0.726562 0.597656 0.730469 0.593750 0.738281 0.593750 0.738281 0.582031 0.722656 0.582031 0.718750 0.578125 0.718750 0.562500 0.722656 0.558594 0.722656 0.554688 0.726562 0.550781 0.726562 0.546875 0.730469 0.542969 0.730469 0.535156 0.734375 0.531250 0.734375 0.519531 0.730469 0.515625 0.730469 0.492188
2 0.218750 0.441406 0.218750 0.449219 0.214844 0.453125 0.195312 0.453125 0.195312 0.460938 0.207031 0.460938 0.210938 0.464844 0.210938 0.472656 0.218750 0.472656 0.222656 0.476562 0.222656 0.480469 0.238281 0.480469 0.238281 0.476562 0.242188 0.472656 0.242188 0.460938 0.238281 0.460938 0.230469 0.453125 0.230469 0.441406
2 0.523438 0.421875 0.519531 0.425781 0.519531 0.429688 0.515625 0.433594 0.515625 0.441406 0.519531 0.445312 0.519531 0.457031 0.542969 0.457031 0.546875 0.460938 0.546875 0.476562 0.554688 0.476562 0.554688 0.464844 0.550781 0.464844 0.546875 0.460938 0.546875 0.445312 0.554688 0.437500 0.558594 0.437500 0.562500 0.433594 0.562500 0.425781 0.546875 0.425781 0.542969 0.421875
2 0.605469 0.339844 0.601562 0.343750 0.601562 0.375000 0.609375 0.375000 0.613281 0.371094 0.613281 0.355469 0.617188 0.351562 0.617188 0.343750 0.613281 0.339844
2 0.703125 0.285156 0.703125 0.292969 0.707031 0.296875 0.707031 0.312500 0.699219 0.320312 0.699219 0.332031 0.718750 0.332031 0.718750 0.328125 0.722656 0.324219 0.730469 0.324219 0.734375 0.320312 0.734375 0.316406 0.738281 0.312500 0.738281 0.300781 0.734375 0.300781 0.730469 0.296875 0.726562 0.296875 0.722656 0.292969 0.722656 0.289062 0.718750 0.285156
2 0.781250 0.246094 0.777344 0.250000 0.777344 0.257812 0.781250 0.257812 0.785156 0.261719 0.785156 0.289062 0.789062 0.292969 0.808594 0.292969 0.812500 0.296875 0.812500 0.324219 0.808594 0.328125 0.808594 0.335938 0.816406 0.335938 0.816406 0.316406 0.820312 0.312500 0.843750 0.312500 0.851562 0.304688 0.855469 0.304688 0.859375 0.300781 0.867188 0.300781 0.871094 0.296875 0.894531 0.296875 0.898438 0.292969 0.917969 0.292969 0.921875 0.289062 0.921875 0.285156 0.925781 0.281250 0.925781 0.269531 0.914062 0.269531 0.914062 0.273438 0.910156 0.277344 0.902344 0.277344 0.898438 0.281250 0.882812 0.281250 0.878906 0.277344 0.875000 0.277344 0.867188 0.269531 0.867188 0.265625 0.863281 0.265625 0.859375 0.261719 0.847656 0.261719 0.843750 0.265625 0.812500 0.265625 0.808594 0.269531 0.808594 0.273438 0.804688 0.277344 0.789062 0.277344 0.785156 0.273438 0.785156 0.257812 0.789062 0.253906 0.789062 0.246094
2 0.539062 0.246094 0.535156 0.250000 0.503906 0.250000 0.503906 0.269531 0.500000 0.273438 0.464844 0.273438 0.460938 0.277344 0.460938 0.285156 0.449219 0.296875 0.441406 0.296875 0.441406 0.312500 0.437500 0.316406 0.417969 0.316406 0.414062 0.320312 0.410156 0.320312 0.406250 0.324219 0.386719 0.324219 0.382812 0.320312 0.382812 0.304688 0.375000 0.304688 0.375000 0.324219 0.371094 0.328125 0.355469 0.328125 0.355469 0.343750 0.363281 0.343750 0.367188 0.347656 0.367188 0.375000 0.363281 0.378906 0.363281 0.382812 0.359375 0.386719 0.328125 0.386719 0.328125 0.394531 0.339844 0.394531 0.347656 0.402344 0.367188 0.402344 0.371094 0.406250 0.371094 0.425781 0.363281 0.433594 0.363281 0.441406 0.359375 0.445312 0.339844 0.445312 0.335938 0.441406 0.335938 0.437500 0.320312 0.437500 0.320312 0.441406 0.312500 0.449219 0.300781 0.449219 0.300781 0.453125 0.296875 0.457031 0.292969 0.457031 0.289062 0.460938 0.281250 0.460938 0.281250 0.464844 0.269531 0.476562 0.265625 0.476562 0.265625 0.484375 0.269531 0.488281 0.269531 0.496094 0.273438 0.500000 0.273438 0.515625 0.269531 0.519531 0.261719 0.519531 0.257812 0.523438 0.257812 0.562500 0.253906 0.566406 0.238281 0.566406 0.234375 0.562500 0.234375 0.550781 0.230469 0.550781 0.226562 0.546875 0.210938 0.546875 0.207031 0.550781 0.183594 0.550781 0.179688 0.554688 0.179688 0.566406 0.175781 0.570312 0.152344 0.570312 0.152344 0.578125 0.171875 0.578125 0.175781 0.582031 0.175781 0.585938 0.179688 0.589844 0.179688 0.593750 0.195312 0.609375 0.195312 0.628906 0.191406 0.632812 0.175781 0.632812 0.175781 0.648438 0.171875 0.652344 0.171875 0.660156 0.175781 0.664062 0.195312 0.664062 0.199219 0.660156 0.218750 0.660156 0.226562 0.667969 0.226562 0.687500 0.222656 0.691406 0.214844 0.691406 0.214844 0.703125 0.238281 0.703125 0.242188 0.707031 0.242188 0.730469 0.238281 0.734375 0.238281 0.742188 0.234375 0.746094 0.234375 0.750000 0.230469 0.753906 0.222656 0.753906 0.222656 0.757812 0.218750 0.761719 0.207031 0.761719 0.207031 0.773438 0.191406 0.789062 0.179688 0.789062 0.179688 0.816406 0.175781 0.820312 0.144531 0.820312 0.140625 0.816406 0.125000 0.816406 0.125000 0.843750 0.128906 0.847656 0.128906 0.851562 0.136719 0.851562 0.148438 0.839844 0.156250 0.839844 0.160156 0.835938 0.164062 0.835938 0.164062 0.824219 0.167969 0.820312 0.191406 0.820312 0.195312 0.816406 0.199219 0.816406 0.203125 0.812500 0.222656 0.812500 0.226562 0.816406 0.242188 0.816406 0.242188 0.804688 0.246094 0.800781 0.250000 0.800781 0.253906 0.796875 0.253906 0.785156 0.257812 0.781250 0.277344 0.781250 0.281250 0.777344 0.289062 0.777344 0.292969 0.773438 0.300781 0.773438 0.308594 0.765625 0.316406 0.765625 0.320312 0.761719 0.335938 0.761719 0.339844 0.765625 0.355469 0.765625 0.355469 0.738281 0.359375 0.734375 0.363281 0.734375 0.367188 0.730469 0.402344 0.730469 0.406250 0.726562 0.421875 0.726562 0.425781 0.730469 0.433594 0.730469 0.433594 0.714844 0.417969 0.714844 0.410156 0.707031 0.410156 0.691406 0.414062 0.687500 0.414062 0.675781 0.417969 0.671875 0.421875 0.671875 0.421875 0.644531 0.425781 0.640625 0.425781 0.636719 0.433594 0.628906 0.433594 0.609375 0.429688 0.605469 0.429688 0.574219 0.433594 0.570312 0.457031 0.570312 0.457031 0.566406 0.472656 0.550781 0.472656 0.539062 0.476562 0.535156 0.484375 0.535156 0.484375 0.531250 0.488281 0.527344 0.492188 0.527344 0.492188 0.503906 0.496094 0.500000 0.496094 0.496094 0.500000 0.492188 0.519531 0.492188 0.519531 0.484375 0.511719 0.476562 0.511719 0.468750 0.496094 0.468750 0.496094 0.472656 0.492188 0.476562 0.472656 0.476562 0.468750 0.480469 0.464844 0.480469 0.460938 0.484375 0.460938 0.488281 0.453125 0.496094 0.449219 0.496094 0.437500 0.507812 0.437500 0.511719 0.429688 0.519531 0.406250 0.519531 0.402344 0.515625 0.402344 0.480469 0.406250 0.476562 0.417969 0.476562 0.429688 0.464844 0.429688 0.437500 0.433594 0.433594 0.433594 0.429688 0.437500 0.425781 0.437500 0.410156 0.445312 0.402344 0.449219 0.402344 0.453125 0.398438 0.453125 0.382812 0.457031 0.378906 0.460938 0.378906 0.460938 0.363281 0.464844 0.359375 0.484375 0.359375 0.484375 0.351562 0.457031 0.351562 0.453125 0.347656 0.449219 0.347656 0.445312 0.343750 0.445312 0.312500 0.449219 0.308594 0.464844 0.308594 0.468750 0.312500 0.468750 0.320312 0.484375 0.320312 0.492188 0.328125 0.492188 0.343750 0.500000 0.343750 0.500000 0.332031 0.503906 0.328125 0.511719 0.328125 0.511719 0.308594 0.515625 0.304688 0.531250 0.304688 0.535156 0.300781 0.535156 0.296875 0.542969 0.289062 0.550781 0.289062 0.550781 0.285156 0.554688 0.281250 0.566406 0.281250 0.570312 0.277344 0.574219 0.277344 0.574219 0.269531 0.566406 0.261719 0.550781 0.261719 0.546875 0.257812 0.546875 0.246094
2 0.953125 0.187500 0.953125 0.199219 0.949219 0.203125 0.949219 0.222656 0.960938 0.222656 0.960938 0.187500
2 0.671875 0.164062 0.671875 0.167969 0.667969 0.171875 0.664062 0.171875 0.664062 0.179688 0.660156 0.183594 0.621094 0.183594 0.613281 0.191406 0.601562 0.191406 0.601562 0.203125 0.621094 0.203125 0.625000 0.207031 0.636719 0.207031 0.640625 0.210938 0.652344 0.210938 0.660156 0.203125 0.660156 0.199219 0.664062 0.195312 0.664062 0.187500 0.667969 0.183594 0.683594 0.183594 0.687500 0.187500 0.703125 0.187500 0.703125 0.175781 0.699219 0.175781 0.695312 0.171875 0.691406 0.171875 0.687500 0.167969 0.683594 0.167969 0.679688 0.164062
2 0.488281 0.164062 0.480469 0.171875 0.476562 0.171875 0.476562 0.195312 0.472656 0.199219 0.460938 0.199219 0.457031 0.203125 0.457031 0.207031 0.449219 0.214844 0.449219 0.222656 0.464844 0.222656 0.468750 0.218750 0.468750 0.210938 0.472656 0.207031 0.496094 0.207031 0.500000 0.203125 0.500000 0.199219 0.503906 0.195312 0.503906 0.183594 0.500000 0.179688 0.500000 0.175781 0.496094 0.171875 0.496094 0.164062
2 0.832031 0.160156 0.832031 0.183594 0.828125 0.187500 0.812500 0.187500 0.812500 0.218750 0.808594 0.222656 0.808594 0.230469 0.820312 0.230469 0.824219 0.226562 0.828125 0.226562 0.832031 0.222656 0.835938 0.222656 0.835938 0.218750 0.839844 0.214844 0.882812 0.214844 0.882812 0.207031 0.886719 0.203125 0.925781 0.203125 0.925781 0.179688 0.929688 0.175781 0.945312 0.175781 0.945312 0.164062 0.929688 0.164062 0.925781 0.167969 0.925781 0.175781 0.921875 0.179688 0.902344 0.179688 0.898438 0.183594 0.894531 0.183594 0.890625 0.187500 0.890625 0.191406 0.886719 0.195312 0.871094 0.195312 0.867188 0.191406 0.867188 0.160156
