2 0.445312 0.882812 0.445312 0.894531 0.441406 0.898438 0.414062 0.898438 0.414062 0.906250 0.417969 0.910156 0.421875 0.910156 0.425781 0.914062 0.429688 0.914062 0.437500 0.921875 0.441406 0.921875 0.445312 0.925781 0.449219 0.925781 0.453125 0.929688 0.457031 0.929688 0.460938 0.933594 0.460938 0.937500 0.464844 0.937500 0.468750 0.941406 0.468750 0.953125 0.472656 0.953125 0.476562 0.957031 0.503906 0.957031 0.507812 0.953125 0.511719 0.953125 0.511719 0.945312 0.488281 0.945312 0.484375 0.941406 0.480469 0.941406 0.476562 0.937500 0.472656 0.937500 0.468750 0.933594 0.468750 0.929688 0.464844 0.929688 0.460938 0.925781 0.460938 0.902344 0.464844 0.898438 0.507812 0.898438 0.511719 0.902344 0.511719 0.917969 0.519531 0.925781 0.531250 0.925781 0.535156 0.929688 0.542969 0.929688 0.546875 0.933594 0.558594 0.933594 0.562500 0.929688 0.578125 0.929688 0.578125 0.917969 0.574219 0.917969 0.566406 0.910156 0.562500 0.910156 0.558594 0.906250 0.546875 0.906250 0.542969 0.902344 0.542969 0.890625 0.539062 0.886719 0.535156 0.886719 0.531250 0.882812 0.515625 0.882812 0.511719 0.886719 0.480469 0.886719 0.476562 0.882812
2 0.390625 0.820312 0.390625 0.828125 0.398438 0.828125 0.398438 0.820312
2 0.433594 0.785156 0.429688 0.789062 0.425781 0.789062 0.421875 0.792969 0.410156 0.792969 0.406250 0.796875 0.406250 0.808594 0.414062 0.808594 0.417969 0.804688 0.425781 0.804688 0.429688 0.800781 0.433594 0.800781 0.437500 0.796875 0.441406 0.796875 0.441406 0.785156
2 0.289062 0.773438 0.289062 0.777344 0.285156 0.781250 0.285156 0.789062 0.289062 0.792969 0.289062 0.804688 0.292969 0.808594 0.324219 0.808594 0.328125 0.812500 0.328125 0.820312 0.332031 0.824219 0.339844 0.824219 0.343750 0.820312 0.343750 0.812500 0.335938 0.812500 0.332031 0.808594 0.332031 0.800781 0.324219 0.800781 0.320312 0.796875 0.312500 0.796875 0.304688 0.789062 0.304688 0.777344 0.300781 0.773438
2 0.511719 0.769531 0.507812 0.773438 0.507812 0.789062 0.500000 0.796875 0.488281 0.796875 0.484375 0.800781 0.472656 0.800781 0.472656 0.808594 0.480469 0.816406 0.480469 0.843750 0.484375 0.843750 0.488281 0.847656 0.488281 0.855469 0.496094 0.855469 0.500000 0.851562 0.503906 0.851562 0.503906 0.835938 0.507812 0.832031 0.523438 0.832031 0.523438 0.824219 0.519531 0.820312 0.519531 0.804688 0.523438 0.800781 0.523438 0.796875 0.527344 0.792969 0.566406 0.792969 0.570312 0.796875 0.570312 0.820312 0.574219 0.824219 0.574219 0.828125 0.617188 0.828125 0.621094 0.832031 0.636719 0.832031 0.636719 0.820312 0.632812 0.816406 0.628906 0.816406 0.625000 0.812500 0.605469 0.812500 0.601562 0.808594 0.601562 0.800781 0.597656 0.796875 0.597656 0.792969 0.593750 0.792969 0.589844 0.789062 0.554688 0.789062 0.550781 0.785156 0.527344 0.785156 0.523438 0.781250 0.523438 0.769531
2 0.144531 0.761719 0.144531 0.765625 0.140625 0.769531 0.125000 0.769531 0.125000 0.777344 0.128906 0.781250 0.128906 0.785156 0.132812 0.789062 0.132812 0.792969 0.136719 0.792969 0.140625 0.796875 0.187500 0.796875 0.191406 0.800781 0.191406 0.812500 0.214844 0.812500 0.214844 0.804688 0.207031 0.804688 0.203125 0.800781 0.199219 0.800781 0.195312 0.796875 0.195312 0.777344 0.183594 0.777344 0.179688 0.773438 0.179688 0.769531 0.171875 0.761719
2 0.023438 0.617188 0.023438 0.640625 0.019531 0.644531 0.015625 0.644531 0.015625 0.652344 0.011719 0.656250 0.011719 0.679688 0.007812 0.683594 0.000000 0.683594 0.000000 0.710938 0.019531 0.710938 0.019531 0.707031 0.023438 0.703125 0.023438 0.675781 0.027344 0.671875 0.027344 0.660156 0.023438 0.656250 0.023438 0.640625 0.027344 0.636719 0.031250 0.636719 0.031250 0.632812 0.035156 0.628906 0.035156 0.617188
2 0.218750 0.500000 0.214844 0.503906 0.195312 0.503906 0.195312 0.531250 0.199219 0.535156 0.210938 0.535156 0.214844 0.539062 0.214844 0.562500 0.210938 0.566406 0.207031 0.566406 0.203125 0.570312 0.199219 0.570312 0.199219 0.574219 0.191406 0.582031 0.187500 0.582031 0.187500 0.585938 0.183594 0.589844 0.171875 0.589844 0.171875 0.601562 0.195312 0.601562 0.199219 0.605469 0.199219 0.613281 0.218750 0.613281 0.222656 0.609375 0.226562 0.609375 0.230469 0.605469 0.246094 0.605469 0.250000 0.601562 0.250000 0.593750 0.253906 0.589844 0.277344 0.589844 0.281250 0.593750 0.281250 0.605469 0.289062 0.605469 0.289062 0.597656 0.292969 0.593750 0.292969 0.578125 0.300781 0.570312 0.304688 0.570312 0.304688 0.562500 0.308594 0.558594 0.324219 0.558594 0.328125 0.562500 0.328125 0.582031 0.335938 0.582031 0.339844 0.585938 0.339844 0.589844 0.359375 0.589844 0.359375 0.582031 0.363281 0.578125 0.367188 0.578125 0.367188 0.574219 0.371094 0.570312 0.375000 0.570312 0.386719 0.558594 0.386719 0.535156 0.390625 0.531250 0.390625 0.519531 0.386719 0.519531 0.382812 0.515625 0.371094 0.515625 0.371094 0.527344 0.378906 0.527344 0.382812 0.531250 0.382812 0.546875 0.375000 0.554688 0.359375 0.554688 0.355469 0.550781 0.355469 0.542969 0.343750 0.542969 0.339844 0.546875 0.324219 0.546875 0.324219 0.550781 0.320312 0.554688 0.292969 0.554688 0.289062 0.550781 0.289062 0.542969 0.250000 0.542969 0.246094 0.539062 0.246094 0.527344 0.238281 0.527344 0.230469 0.519531 0.230469 0.503906 0.226562 0.500000
2 0.156250 0.488281 0.156250 0.496094 0.164062 0.496094 0.164062 0.488281
2 0.589844 0.464844 0.589844 0.472656 0.597656 0.472656 0.597656 0.464844
2 0.277344 0.410156 0.277344 0.421875 0.296875 0.421875 0.300781 0.425781 0.300781 0.449219 0.296875 0.453125 0.292969 0.453125 0.292969 0.460938 0.320312 0.460938 0.324219 0.464844 0.324219 0.476562 0.328125 0.480469 0.332031 0.480469 0.335938 0.484375 0.335938 0.488281 0.347656 0.488281 0.347656 0.484375 0.351562 0.480469 0.355469 0.480469 0.359375 0.476562 0.390625 0.476562 0.394531 0.480469 0.398438 0.480469 0.402344 0.484375 0.410156 0.484375 0.410156 0.468750 0.406250 0.468750 0.398438 0.460938 0.398438 0.445312 0.402344 0.441406 0.406250 0.441406 0.406250 0.429688 0.382812 0.429688 0.378906 0.425781 0.375000 0.425781 0.371094 0.421875 0.371094 0.417969 0.363281 0.417969 0.359375 0.421875 0.347656 0.421875 0.347656 0.437500 0.343750 0.441406 0.320312 0.441406 0.316406 0.437500 0.316406 0.425781 0.312500 0.421875 0.289062 0.421875 0.285156 0.417969 0.285156 0.410156
2 0.710938 0.316406 0.710938 0.320312 0.707031 0.324219 0.699219 0.324219 0.699219 0.347656 0.695312 0.351562 0.687500 0.351562 0.687500 0.359375 0.679688 0.367188 0.675781 0.367188 0.671875 0.371094 0.671875 0.386719 0.703125 0.386719 0.707031 0.382812 0.718750 0.382812 0.718750 0.371094 0.722656 0.367188 0.746094 0.367188 0.750000 0.371094 0.750000 0.398438 0.746094 0.402344 0.738281 0.402344 0.738281 0.421875 0.734375 0.425781 0.710938 0.425781 0.707031 0.421875 0.699219 0.421875 0.687500 0.433594 0.687500 0.453125 0.683594 0.457031 0.671875 0.457031 0.671875 0.468750 0.675781 0.468750 0.679688 0.472656 0.679688 0.507812 0.675781 0.511719 0.652344 0.511719 0.648438 0.507812 0.648438 0.496094 0.613281 0.496094 0.609375 0.492188 0.601562 0.492188 0.601562 0.500000 0.605469 0.500000 0.609375 0.503906 0.609375 0.507812 0.613281 0.511719 0.613281 0.527344 0.609375 0.531250 0.605469 0.531250 0.605469 0.546875 0.601562 0.550781 0.585938 0.550781 0.582031 0.546875 0.582031 0.542969 0.570312 0.542969 0.566406 0.539062 0.566406 0.523438 0.562500 0.519531 0.562500 0.515625 0.546875 0.515625 0.542969 0.511719 0.531250 0.511719 0.527344 0.507812 0.527344 0.484375 0.531250 0.480469 0.539062 0.480469 0.542969 0.476562 0.546875 0.476562 0.546875 0.468750 0.542969 0.468750 0.539062 0.464844 0.539062 0.441406 0.535156 0.437500 0.535156 0.421875 0.539062 0.417969 0.558594 0.417969 0.562500 0.421875 0.562500 0.429688 0.570312 0.429688 0.574219 0.425781 0.574219 0.414062 0.578125 0.410156 0.582031 0.410156 0.585938 0.406250 0.621094 0.406250 0.625000 0.410156 0.632812 0.410156 0.632812 0.390625 0.628906 0.386719 0.628906 0.375000 0.621094 0.367188 0.621094 0.363281 0.617188 0.359375 0.613281 0.359375 0.609375 0.355469 0.609375 0.328125 0.605469 0.324219 0.585938 0.324219 0.582031 0.328125 0.570312 0.328125 0.566406 0.332031 0.566406 0.351562 0.562500 0.355469 0.558594 0.355469 0.554688 0.359375 0.535156 0.359375 0.531250 0.355469 0.523438 0.355469 0.519531 0.359375 0.519531 0.371094 0.511719 0.378906 0.484375 0.378906 0.476562 0.371094 0.476562 0.367188 0.472656 0.367188 0.464844 0.359375 0.460938 0.359375 0.457031 0.355469 0.457031 0.347656 0.453125 0.347656 0.449219 0.343750 0.441406 0.343750 0.441406 0.351562 0.445312 0.355469 0.445312 0.359375 0.449219 0.363281 0.449219 0.371094 0.453125 0.371094 0.457031 0.375000 0.457031 0.382812 0.460938 0.382812 0.464844 0.386719 0.464844 0.390625 0.468750 0.394531 0.468750 0.398438 0.496094 0.398438 0.503906 0.406250 0.503906 0.421875 0.507812 0.421875 0.511719 0.425781 0.511719 0.453125 0.507812 0.457031 0.507812 0.460938 0.500000 0.468750 0.468750 0.468750 0.468750 0.472656 0.464844 0.476562 0.464844 0.484375 0.460938 0.488281 0.457031 0.488281 0.457031 0.492188 0.453125 0.496094 0.449219 0.496094 0.449219 0.503906 0.457031 0.511719 0.457031 0.531250 0.445312 0.542969 0.445312 0.566406 0.441406 0.570312 0.437500 0.570312 0.437500 0.585938 0.433594 0.589844 0.433594 0.601562 0.429688 0.605469 0.425781 0.605469 0.421875 0.609375 0.402344 0.609375 0.398438 0.613281 0.386719 0.613281 0.386719 0.621094 0.390625 0.625000 0.390625 0.648438 0.386719 0.652344 0.378906 0.652344 0.375000 0.656250 0.375000 0.667969 0.367188 0.675781 0.363281 0.675781 0.363281 0.703125 0.359375 0.707031 0.359375 0.718750 0.367188 0.718750 0.367188 0.714844 0.371094 0.710938 0.402344 0.710938 0.402344 0.703125 0.406250 0.699219 0.437500 0.699219 0.441406 0.695312 0.468750 0.695312 0.472656 0.699219 0.472656 0.722656 0.468750 0.726562 0.468750 0.738281 0.464844 0.742188 0.464844 0.746094 0.460938 0.750000 0.460938 0.757812 0.464844 0.761719 0.476562 0.761719 0.476562 0.750000 0.480469 0.746094 0.480469 0.718750 0.484375 0.714844 0.500000 0.714844 0.503906 0.718750 0.503906 0.742188 0.507812 0.742188 0.511719 0.746094 0.519531 0.746094 0.519531 0.742188 0.523438 0.738281 0.539062 0.738281 0.546875 0.730469 0.566406 0.730469 0.570312 0.734375 0.585938 0.734375 0.585938 0.718750 0.589844 0.714844 0.593750 0.714844 0.593750 0.710938 0.597656 0.707031 0.605469 0.707031 0.605469 0.695312 0.609375 0.691406 0.609375 0.679688 0.601562 0.679688 0.593750 0.687500 0.570312 0.687500 0.570312 0.695312 0.566406 0.699219 0.546875 0.699219 0.542969 0.695312 0.531250 0.695312 0.527344 0.691406 0.527344 0.675781 0.531250 0.671875 0.535156 0.671875 0.539062 0.667969 0.539062 0.660156 0.523438 0.660156 0.523438 0.675781 0.519531 0.679688 0.519531 0.687500 0.515625 0.691406 0.496094 0.691406 0.492188 0.687500 0.492188 0.652344 0.496094 0.648438 0.496094 0.636719 0.480469 0.636719 0.476562 0.632812 0.476562 0.628906 0.468750 0.628906 0.464844 0.625000 0.464844 0.609375 0.468750 0.605469 0.468750 0.601562 0.472656 0.597656 0.488281 0.597656 0.492188 0.601562 0.500000 0.601562 0.507812 0.609375 0.507812 0.613281 0.511719 0.617188 0.527344 0.617188 0.531250 0.621094 0.531250 0.625000 0.546875 0.625000 0.554688 0.617188 0.554688 0.609375 0.550781 0.609375 0.546875 0.605469 0.546875 0.589844 0.550781 0.585938 0.550781 0.574219 0.558594 0.566406 0.566406 0.566406 0.570312 0.562500 0.574219 0.562500 0.578125 0.558594 0.578125 0.554688 0.582031 0.550781 0.597656 0.550781 0.601562 0.554688 0.601562 0.566406 0.605469 0.566406 0.613281 0.574219 0.617188 0.574219 0.621094 0.578125 0.625000 0.578125 0.628906 0.582031 0.628906 0.585938 0.636719 0.585938 0.636719 0.570312 0.640625 0.566406 0.671875 0.566406 0.675781 0.570312 0.683594 0.570312 0.687500 0.574219 0.687500 0.589844 0.691406 0.593750 0.691406 0.597656 0.695312 0.597656 0.699219 0.601562 0.699219 0.628906 0.695312 0.632812 0.695312 0.644531 0.691406 0.648438 0.691406 0.667969 0.687500 0.671875 0.671875 0.671875 0.671875 0.679688 0.683594 0.679688 0.691406 0.687500 0.691406 0.699219 0.699219 0.699219 0.707031 0.691406 0.707031 0.687500 0.710938 0.683594 0.734375 0.683594 0.742188 0.691406 0.750000 0.691406 0.753906 0.695312 0.753906 0.699219 0.765625 0.699219 0.769531 0.703125 0.769531 0.707031 0.785156 0.707031 0.785156 0.695312 0.789062 0.691406 0.789062 0.687500 0.792969 0.683594 0.792969 0.679688 0.796875 0.675781 0.796875 0.648438 0.800781 0.644531 0.828125 0.644531 0.832031 0.648438 0.843750 0.648438 0.843750 0.640625 0.835938 0.632812 0.835938 0.609375 0.832031 0.605469 0.832031 0.597656 0.820312 0.597656 0.820312 0.605469 0.816406 0.609375 0.792969 0.609375 0.789062 0.605469 0.789062 0.589844 0.792969 0.585938 0.804688 0.585938 0.804688 0.574219 0.796875 0.566406 0.796875 0.562500 0.792969 0.558594 0.785156 0.558594 0.781250 0.562500 0.773438 0.562500 0.769531 0.566406 0.765625 0.566406 0.765625 0.574219 0.769531 0.574219 0.777344 0.582031 0.777344 0.585938 0.781250 0.589844 0.781250 0.613281 0.777344 0.617188 0.773438 0.617188 0.765625 0.625000 0.750000 0.625000 0.746094 0.621094 0.746094 0.617188 0.742188 0.617188 0.738281 0.613281 0.722656 0.613281 0.714844 0.605469 0.714844 0.601562 0.710938 0.597656 0.710938 0.585938 0.699219 0.585938 0.691406 0.578125 0.691406 0.562500 0.683594 0.554688 0.683594 0.527344 0.687500 0.523438 0.687500 0.519531 0.695312 0.511719 0.710938 0.511719 0.714844 0.507812 0.718750 0.507812 0.718750 0.496094 0.722656 0.492188 0.722656 0.464844 0.726562 0.460938 0.734375 0.460938 0.734375 0.453125 0.738281 0.449219 0.753906 0.449219 0.753906 0.437500 0.757812 0.433594 0.769531 0.433594 0.769531 0.421875 0.765625 0.417969 0.765625 0.410156 0.761719 0.406250 0.761719 0.386719 0.765625 0.382812 0.781250 0.382812 0.789062 0.375000 0.792969 0.375000 0.792969 0.371094 0.796875 0.367188 0.796875 0.363281 0.800781 0.359375 0.804688 0.359375 0.812500 0.351562 0.812500 0.347656 0.816406 0.343750 0.820312 0.343750 0.824219 0.339844 0.824219 0.328125 0.812500 0.328125 0.812500 0.335938 0.808594 0.339844 0.789062 0.339844 0.785156 0.335938 0.773438 0.335938 0.769531 0.332031 0.753906 0.332031 0.750000 0.328125 0.750000 0.324219 0.746094 0.324219 0.742188 0.320312 0.738281 0.320312 0.734375 0.316406
2 0.625000 0.160156 0.625000 0.175781 0.628906 0.179688 0.632812 0.179688 0.636719 0.183594 0.636719 0.187500 0.644531 0.187500 0.648438 0.191406 0.648438 0.218750 0.664062 0.218750 0.667969 0.222656 0.667969 0.226562 0.679688 0.226562 0.683594 0.230469 0.683594 0.234375 0.691406 0.234375 0.691406 0.222656 0.695312 0.218750 0.710938 0.218750 0.714844 0.214844 0.714844 0.207031 0.703125 0.207031 0.699219 0.210938 0.699219 0.214844 0.695312 0.218750 0.667969 0.218750 0.664062 0.214844 0.664062 0.203125 0.652344 0.203125 0.648438 0.199219 0.648438 0.179688 0.644531 0.175781 0.644531 0.171875 0.640625 0.167969 0.636719 0.167969 0.632812 0.164062 0.632812 0.160156
2 0.550781 0.140625 0.546875 0.144531 0.542969 0.144531 0.539062 0.148438 0.515625 0.148438 0.511719 0.152344 0.503906 0.152344 0.500000 0.156250 0.496094 0.156250 0.492188 0.160156 0.492188 0.167969 0.523438 0.167969 0.527344 0.171875 0.527344 0.175781 0.546875 0.175781 0.550781 0.171875 0.550781 0.167969 0.554688 0.164062 0.554688 0.160156 0.558594 0.156250 0.558594 0.140625
2 0.648438 0.000000 0.648438 0.011719 0.660156 0.011719 0.664062 0.015625 0.664062 0.019531 0.667969 0.019531 0.675781 0.027344 0.675781 0.031250 0.679688 0.035156 0.679688 0.042969 0.683594 0.046875 0.695312 0.046875 0.703125 0.039062 0.703125 0.027344 0.699219 0.027344 0.695312 0.023438 0.687500 0.023438 0.675781 0.011719 0.660156 0.011719 0.656250 0.007812 0.656250 0.000000
