2 0.503906 0.933594 0.503906 0.941406 0.527344 0.941406 0.527344 0.933594
2 0.457031 0.921875 0.457031 0.929688 0.472656 0.929688 0.472656 0.921875
2 0.265625 0.914062 0.265625 0.921875 0.257812 0.929688 0.257812 0.937500 0.289062 0.937500 0.289062 0.925781 0.281250 0.917969 0.277344 0.917969 0.273438 0.914062
2 0.585938 0.910156 0.582031 0.914062 0.578125 0.914062 0.578125 0.925781 0.585938 0.925781 0.589844 0.921875 0.593750 0.921875 0.593750 0.910156
2 0.277344 0.882812 0.277344 0.890625 0.285156 0.890625 0.285156 0.882812
2 0.402344 0.855469 0.402344 0.863281 0.398438 0.867188 0.378906 0.867188 0.375000 0.871094 0.371094 0.871094 0.371094 0.878906 0.382812 0.878906 0.386719 0.882812 0.386719 0.886719 0.398438 0.886719 0.402344 0.890625 0.402344 0.894531 0.406250 0.894531 0.410156 0.898438 0.414062 0.898438 0.417969 0.902344 0.425781 0.902344 0.429688 0.906250 0.437500 0.906250 0.437500 0.890625 0.441406 0.886719 0.453125 0.886719 0.453125 0.878906 0.425781 0.878906 0.421875 0.875000 0.421875 0.855469
2 0.289062 0.843750 0.285156 0.847656 0.285156 0.859375 0.289062 0.863281 0.289062 0.871094 0.304688 0.871094 0.308594 0.867188 0.324219 0.867188 0.328125 0.863281 0.328125 0.855469 0.324219 0.851562 0.324219 0.847656 0.308594 0.847656 0.304688 0.843750
2 0.199219 0.843750 0.199219 0.851562 0.203125 0.851562 0.207031 0.855469 0.218750 0.855469 0.218750 0.847656 0.210938 0.847656 0.207031 0.843750
2 0.550781 0.808594 0.546875 0.812500 0.542969 0.812500 0.535156 0.820312 0.531250 0.820312 0.531250 0.832031 0.539062 0.832031 0.554688 0.816406 0.558594 0.816406 0.558594 0.808594
2 0.574219 0.765625 0.574219 0.773438 0.578125 0.777344 0.578125 0.781250 0.585938 0.781250 0.585938 0.777344 0.589844 0.773438 0.589844 0.765625
2 0.484375 0.746094 0.484375 0.769531 0.480469 0.773438 0.472656 0.773438 0.468750 0.777344 0.468750 0.781250 0.457031 0.792969 0.457031 0.804688 0.453125 0.808594 0.445312 0.808594 0.441406 0.812500 0.437500 0.812500 0.433594 0.816406 0.433594 0.832031 0.437500 0.835938 0.449219 0.835938 0.449219 0.832031 0.457031 0.824219 0.457031 0.808594 0.460938 0.804688 0.496094 0.804688 0.496094 0.773438 0.500000 0.769531 0.503906 0.769531 0.503906 0.765625 0.507812 0.761719 0.511719 0.761719 0.511719 0.750000 0.496094 0.750000 0.492188 0.746094
2 0.625000 0.742188 0.617188 0.750000 0.617188 0.761719 0.628906 0.761719 0.636719 0.753906 0.636719 0.746094 0.632812 0.742188
2 0.144531 0.699219 0.144531 0.718750 0.152344 0.718750 0.160156 0.710938 0.160156 0.703125 0.156250 0.699219
2 0.187500 0.687500 0.187500 0.691406 0.183594 0.695312 0.183594 0.707031 0.187500 0.710938 0.191406 0.710938 0.195312 0.714844 0.203125 0.714844 0.203125 0.695312 0.199219 0.691406 0.199219 0.687500
2 0.671875 0.468750 0.671875 0.519531 0.667969 0.523438 0.664062 0.523438 0.664062 0.527344 0.652344 0.539062 0.617188 0.539062 0.617188 0.558594 0.613281 0.562500 0.589844 0.562500 0.589844 0.566406 0.585938 0.570312 0.566406 0.570312 0.566406 0.585938 0.562500 0.589844 0.562500 0.605469 0.566406 0.609375 0.566406 0.613281 0.570312 0.617188 0.570312 0.621094 0.574219 0.625000 0.574219 0.644531 0.570312 0.648438 0.570312 0.652344 0.566406 0.656250 0.562500 0.656250 0.558594 0.660156 0.554688 0.660156 0.554688 0.667969 0.558594 0.667969 0.566406 0.675781 0.578125 0.675781 0.582031 0.679688 0.589844 0.679688 0.593750 0.675781 0.593750 0.667969 0.597656 0.664062 0.597656 0.656250 0.593750 0.652344 0.593750 0.636719 0.597656 0.632812 0.597656 0.628906 0.601562 0.625000 0.605469 0.625000 0.609375 0.621094 0.609375 0.613281 0.613281 0.609375 0.632812 0.609375 0.632812 0.601562 0.636719 0.597656 0.636719 0.593750 0.644531 0.585938 0.644531 0.578125 0.640625 0.578125 0.636719 0.574219 0.636719 0.550781 0.640625 0.546875 0.664062 0.546875 0.667969 0.550781 0.667969 0.554688 0.679688 0.554688 0.683594 0.558594 0.683594 0.566406 0.691406 0.566406 0.691406 0.558594 0.683594 0.558594 0.679688 0.554688 0.679688 0.507812 0.687500 0.500000 0.687500 0.492188 0.683594 0.488281 0.683594 0.468750
2 0.472656 0.312500 0.472656 0.320312 0.468750 0.324219 0.468750 0.339844 0.464844 0.343750 0.457031 0.343750 0.453125 0.347656 0.449219 0.347656 0.449219 0.359375 0.441406 0.367188 0.441406 0.375000 0.437500 0.378906 0.417969 0.378906 0.417969 0.394531 0.421875 0.398438 0.421875 0.414062 0.417969 0.417969 0.417969 0.429688 0.414062 0.433594 0.414062 0.457031 0.425781 0.468750 0.425781 0.492188 0.421875 0.496094 0.417969 0.496094 0.417969 0.507812 0.414062 0.511719 0.398438 0.511719 0.394531 0.507812 0.394531 0.492188 0.382812 0.492188 0.378906 0.488281 0.378906 0.484375 0.359375 0.484375 0.359375 0.511719 0.355469 0.515625 0.335938 0.515625 0.332031 0.511719 0.328125 0.511719 0.324219 0.507812 0.324219 0.496094 0.316406 0.496094 0.316406 0.503906 0.320312 0.503906 0.324219 0.507812 0.324219 0.519531 0.343750 0.519531 0.347656 0.523438 0.347656 0.558594 0.351562 0.562500 0.351562 0.585938 0.347656 0.589844 0.332031 0.589844 0.332031 0.597656 0.339844 0.605469 0.351562 0.605469 0.367188 0.621094 0.367188 0.628906 0.378906 0.628906 0.378906 0.613281 0.375000 0.613281 0.371094 0.609375 0.371094 0.585938 0.378906 0.578125 0.378906 0.562500 0.386719 0.554688 0.402344 0.554688 0.406250 0.558594 0.425781 0.558594 0.429688 0.562500 0.429688 0.570312 0.433594 0.570312 0.437500 0.574219 0.437500 0.578125 0.445312 0.578125 0.449219 0.582031 0.449219 0.589844 0.453125 0.593750 0.453125 0.605469 0.457031 0.605469 0.460938 0.609375 0.460938 0.628906 0.457031 0.632812 0.457031 0.652344 0.460938 0.656250 0.460938 0.660156 0.464844 0.664062 0.464844 0.679688 0.457031 0.687500 0.457031 0.703125 0.464844 0.710938 0.464844 0.718750 0.468750 0.722656 0.476562 0.722656 0.480469 0.718750 0.480469 0.707031 0.484375 0.703125 0.484375 0.695312 0.488281 0.691406 0.507812 0.691406 0.507812 0.679688 0.503906 0.675781 0.500000 0.675781 0.496094 0.671875 0.496094 0.656250 0.500000 0.652344 0.500000 0.640625 0.496094 0.636719 0.496094 0.617188 0.492188 0.613281 0.492188 0.585938 0.488281 0.582031 0.488281 0.570312 0.484375 0.566406 0.484375 0.539062 0.488281 0.535156 0.496094 0.535156 0.496094 0.527344 0.492188 0.523438 0.488281 0.523438 0.484375 0.519531 0.484375 0.511719 0.480469 0.507812 0.480469 0.500000 0.476562 0.496094 0.476562 0.480469 0.480469 0.476562 0.515625 0.476562 0.519531 0.480469 0.519531 0.492188 0.535156 0.492188 0.539062 0.496094 0.539062 0.507812 0.546875 0.507812 0.546875 0.503906 0.550781 0.500000 0.550781 0.492188 0.554688 0.488281 0.554688 0.480469 0.566406 0.468750 0.566406 0.464844 0.585938 0.445312 0.585938 0.441406 0.589844 0.437500 0.593750 0.437500 0.597656 0.433594 0.597656 0.425781 0.605469 0.417969 0.605469 0.410156 0.613281 0.402344 0.617188 0.402344 0.625000 0.394531 0.656250 0.394531 0.656250 0.386719 0.652344 0.382812 0.652344 0.375000 0.644531 0.367188 0.628906 0.367188 0.625000 0.371094 0.621094 0.371094 0.621094 0.375000 0.617188 0.378906 0.601562 0.378906 0.597656 0.375000 0.597656 0.371094 0.585938 0.371094 0.585938 0.386719 0.582031 0.390625 0.578125 0.390625 0.578125 0.394531 0.570312 0.402344 0.554688 0.402344 0.550781 0.398438 0.550781 0.363281 0.539062 0.363281 0.531250 0.371094 0.523438 0.371094 0.519531 0.375000 0.484375 0.375000 0.480469 0.371094 0.480469 0.312500
2 0.582031 0.308594 0.578125 0.312500 0.574219 0.312500 0.574219 0.316406 0.570312 0.320312 0.554688 0.320312 0.550781 0.324219 0.550781 0.339844 0.554688 0.339844 0.558594 0.343750 0.558594 0.351562 0.570312 0.351562 0.574219 0.355469 0.574219 0.363281 0.582031 0.363281 0.582031 0.347656 0.578125 0.343750 0.578125 0.328125 0.582031 0.324219 0.582031 0.320312 0.585938 0.316406 0.589844 0.316406 0.589844 0.308594
2 0.429688 0.304688 0.421875 0.312500 0.421875 0.324219 0.441406 0.324219 0.445312 0.320312 0.449219 0.320312 0.449219 0.308594 0.445312 0.304688
2 0.601562 0.199219 0.593750 0.207031 0.566406 0.207031 0.558594 0.214844 0.558594 0.222656 0.554688 0.226562 0.550781 0.226562 0.546875 0.230469 0.546875 0.238281 0.566406 0.238281 0.570312 0.242188 0.570312 0.265625 0.593750 0.265625 0.597656 0.269531 0.605469 0.269531 0.605469 0.265625 0.613281 0.257812 0.613281 0.250000 0.605469 0.242188 0.605469 0.214844 0.609375 0.210938 0.609375 0.199219
2 0.750000 0.046875 0.750000 0.054688 0.738281 0.066406 0.738281 0.070312 0.734375 0.074219 0.726562 0.074219 0.726562 0.101562 0.722656 0.105469 0.722656 0.109375 0.718750 0.113281 0.718750 0.125000 0.722656 0.125000 0.726562 0.128906 0.726562 0.132812 0.730469 0.136719 0.730469 0.140625 0.734375 0.140625 0.738281 0.144531 0.738281 0.164062 0.734375 0.167969 0.734375 0.171875 0.730469 0.175781 0.730469 0.179688 0.726562 0.183594 0.726562 0.195312 0.722656 0.199219 0.722656 0.203125 0.718750 0.207031 0.718750 0.214844 0.714844 0.218750 0.714844 0.230469 0.710938 0.234375 0.710938 0.257812 0.707031 0.261719 0.707031 0.265625 0.703125 0.269531 0.695312 0.269531 0.691406 0.273438 0.691406 0.281250 0.699219 0.281250 0.703125 0.285156 0.703125 0.308594 0.699219 0.312500 0.675781 0.312500 0.675781 0.320312 0.683594 0.320312 0.687500 0.324219 0.707031 0.324219 0.710938 0.328125 0.710938 0.335938 0.718750 0.335938 0.718750 0.277344 0.722656 0.273438 0.750000 0.273438 0.757812 0.281250 0.757812 0.292969 0.761719 0.296875 0.761719 0.304688 0.765625 0.304688 0.769531 0.308594 0.769531 0.324219 0.765625 0.328125 0.765625 0.339844 0.769531 0.339844 0.773438 0.343750 0.773438 0.359375 0.769531 0.363281 0.765625 0.363281 0.761719 0.367188 0.757812 0.367188 0.757812 0.375000 0.781250 0.375000 0.785156 0.378906 0.785156 0.386719 0.789062 0.386719 0.796875 0.394531 0.804688 0.394531 0.804688 0.386719 0.808594 0.382812 0.808594 0.371094 0.812500 0.367188 0.812500 0.363281 0.816406 0.359375 0.816406 0.355469 0.820312 0.351562 0.820312 0.343750 0.816406 0.339844 0.816406 0.304688 0.812500 0.304688 0.808594 0.300781 0.808594 0.296875 0.789062 0.296875 0.761719 0.269531 0.761719 0.265625 0.757812 0.261719 0.757812 0.246094 0.761719 0.242188 0.761719 0.226562 0.765625 0.222656 0.769531 0.222656 0.773438 0.218750 0.773438 0.214844 0.781250 0.207031 0.800781 0.207031 0.800781 0.203125 0.804688 0.199219 0.804688 0.171875 0.800781 0.167969 0.800781 0.156250 0.796875 0.152344 0.796875 0.144531 0.781250 0.144531 0.777344 0.140625 0.777344 0.113281 0.773438 0.109375 0.773438 0.097656 0.769531 0.093750 0.769531 0.085938 0.765625 0.082031 0.765625 0.046875
