2 0.156250 0.843750 0.156250 0.851562 0.164062 0.851562 0.164062 0.843750
2 0.687500 0.792969 0.687500 0.804688 0.691406 0.804688 0.695312 0.808594 0.695312 0.824219 0.691406 0.828125 0.691406 0.835938 0.695312 0.839844 0.703125 0.839844 0.707031 0.835938 0.718750 0.835938 0.722656 0.832031 0.722656 0.808594 0.726562 0.804688 0.730469 0.804688 0.730469 0.796875 0.710938 0.796875 0.707031 0.792969
2 0.183594 0.785156 0.183594 0.789062 0.167969 0.804688 0.167969 0.832031 0.179688 0.832031 0.179688 0.828125 0.183594 0.824219 0.187500 0.824219 0.187500 0.820312 0.191406 0.816406 0.195312 0.816406 0.195312 0.785156
2 0.683594 0.738281 0.675781 0.746094 0.671875 0.746094 0.664062 0.753906 0.660156 0.753906 0.656250 0.757812 0.636719 0.757812 0.636719 0.765625 0.644531 0.765625 0.648438 0.769531 0.656250 0.769531 0.660156 0.765625 0.667969 0.765625 0.675781 0.757812 0.691406 0.757812 0.695312 0.753906 0.699219 0.753906 0.699219 0.738281
2 0.625000 0.683594 0.621094 0.687500 0.605469 0.687500 0.605469 0.699219 0.609375 0.699219 0.617188 0.707031 0.625000 0.707031 0.632812 0.714844 0.656250 0.714844 0.656250 0.707031 0.652344 0.703125 0.652344 0.699219 0.644531 0.691406 0.640625 0.691406 0.632812 0.683594
2 0.242188 0.667969 0.226562 0.683594 0.207031 0.683594 0.199219 0.691406 0.199219 0.707031 0.207031 0.707031 0.210938 0.703125 0.242188 0.703125 0.242188 0.695312 0.246094 0.691406 0.246094 0.687500 0.250000 0.683594 0.250000 0.667969
2 0.300781 0.640625 0.300781 0.652344 0.328125 0.652344 0.328125 0.644531 0.316406 0.644531 0.312500 0.640625
2 0.398438 0.609375 0.398438 0.613281 0.394531 0.617188 0.390625 0.617188 0.390625 0.628906 0.394531 0.632812 0.394531 0.652344 0.398438 0.656250 0.398438 0.671875 0.394531 0.675781 0.390625 0.675781 0.390625 0.679688 0.386719 0.683594 0.386719 0.691406 0.390625 0.691406 0.398438 0.699219 0.398438 0.746094 0.394531 0.750000 0.390625 0.750000 0.390625 0.761719 0.394531 0.765625 0.398438 0.765625 0.402344 0.769531 0.402344 0.785156 0.398438 0.789062 0.382812 0.789062 0.382812 0.796875 0.378906 0.800781 0.355469 0.800781 0.355469 0.808594 0.371094 0.808594 0.375000 0.812500 0.375000 0.824219 0.421875 0.824219 0.421875 0.804688 0.425781 0.800781 0.445312 0.800781 0.449219 0.804688 0.480469 0.804688 0.484375 0.808594 0.484375 0.820312 0.507812 0.820312 0.511719 0.824219 0.511719 0.828125 0.515625 0.832031 0.527344 0.832031 0.531250 0.828125 0.535156 0.828125 0.539062 0.824219 0.558594 0.824219 0.562500 0.828125 0.562500 0.832031 0.566406 0.832031 0.570312 0.835938 0.585938 0.835938 0.589844 0.832031 0.589844 0.816406 0.585938 0.816406 0.578125 0.808594 0.570312 0.808594 0.566406 0.812500 0.539062 0.812500 0.535156 0.808594 0.531250 0.808594 0.527344 0.804688 0.476562 0.804688 0.472656 0.800781 0.472656 0.792969 0.460938 0.792969 0.457031 0.789062 0.457031 0.785156 0.441406 0.785156 0.437500 0.781250 0.437500 0.761719 0.441406 0.757812 0.445312 0.757812 0.445312 0.726562 0.449219 0.722656 0.453125 0.722656 0.457031 0.718750 0.460938 0.718750 0.460938 0.703125 0.464844 0.699219 0.484375 0.699219 0.488281 0.703125 0.488281 0.718750 0.500000 0.718750 0.503906 0.722656 0.511719 0.722656 0.511719 0.714844 0.515625 0.710938 0.570312 0.710938 0.570312 0.703125 0.550781 0.703125 0.542969 0.695312 0.535156 0.695312 0.535156 0.699219 0.531250 0.703125 0.507812 0.703125 0.503906 0.699219 0.500000 0.699219 0.496094 0.695312 0.496094 0.664062 0.503906 0.656250 0.503906 0.644531 0.476562 0.644531 0.472656 0.640625 0.460938 0.640625 0.460938 0.644531 0.457031 0.648438 0.441406 0.648438 0.441406 0.671875 0.437500 0.675781 0.421875 0.675781 0.417969 0.671875 0.410156 0.671875 0.406250 0.667969 0.406250 0.648438 0.410156 0.644531 0.417969 0.644531 0.421875 0.640625 0.433594 0.640625 0.433594 0.621094 0.429688 0.621094 0.425781 0.617188 0.421875 0.617188 0.417969 0.613281 0.410156 0.613281 0.406250 0.609375
2 0.808594 0.523438 0.804688 0.527344 0.804688 0.535156 0.820312 0.535156 0.824219 0.531250 0.824219 0.523438
2 0.332031 0.500000 0.332031 0.507812 0.328125 0.511719 0.328125 0.515625 0.316406 0.527344 0.316406 0.535156 0.312500 0.539062 0.300781 0.539062 0.296875 0.542969 0.296875 0.562500 0.324219 0.562500 0.328125 0.566406 0.328125 0.570312 0.332031 0.570312 0.335938 0.574219 0.335938 0.593750 0.332031 0.597656 0.332031 0.605469 0.339844 0.605469 0.343750 0.601562 0.343750 0.578125 0.347656 0.574219 0.351562 0.574219 0.351562 0.558594 0.363281 0.546875 0.363281 0.531250 0.351562 0.531250 0.347656 0.527344 0.347656 0.507812 0.339844 0.500000
2 0.593750 0.480469 0.593750 0.488281 0.597656 0.488281 0.601562 0.492188 0.601562 0.527344 0.605469 0.531250 0.605469 0.535156 0.609375 0.539062 0.609375 0.546875 0.617188 0.546875 0.621094 0.550781 0.628906 0.550781 0.640625 0.539062 0.648438 0.539062 0.652344 0.535156 0.660156 0.535156 0.660156 0.531250 0.664062 0.527344 0.683594 0.527344 0.687500 0.531250 0.691406 0.531250 0.695312 0.535156 0.695312 0.539062 0.699219 0.542969 0.699219 0.562500 0.695312 0.566406 0.671875 0.566406 0.671875 0.582031 0.667969 0.585938 0.660156 0.585938 0.656250 0.589844 0.648438 0.589844 0.644531 0.593750 0.640625 0.593750 0.640625 0.601562 0.644531 0.601562 0.648438 0.605469 0.648438 0.621094 0.644531 0.625000 0.628906 0.625000 0.625000 0.621094 0.617188 0.621094 0.617188 0.628906 0.613281 0.632812 0.558594 0.632812 0.558594 0.656250 0.562500 0.660156 0.625000 0.660156 0.640625 0.644531 0.656250 0.644531 0.660156 0.648438 0.660156 0.656250 0.667969 0.656250 0.675781 0.648438 0.695312 0.648438 0.699219 0.652344 0.714844 0.652344 0.714844 0.648438 0.722656 0.640625 0.722656 0.632812 0.718750 0.628906 0.718750 0.613281 0.722656 0.609375 0.722656 0.601562 0.726562 0.597656 0.734375 0.597656 0.738281 0.593750 0.742188 0.593750 0.742188 0.585938 0.753906 0.574219 0.765625 0.574219 0.765625 0.562500 0.769531 0.558594 0.781250 0.558594 0.785156 0.554688 0.789062 0.554688 0.792969 0.550781 0.792969 0.539062 0.765625 0.539062 0.757812 0.531250 0.746094 0.531250 0.742188 0.527344 0.742188 0.503906 0.714844 0.503906 0.710938 0.500000 0.660156 0.500000 0.656250 0.496094 0.656250 0.488281 0.652344 0.484375 0.636719 0.484375 0.632812 0.480469
2 0.710938 0.437500 0.710938 0.445312 0.722656 0.445312 0.726562 0.449219 0.738281 0.449219 0.738281 0.441406 0.722656 0.441406 0.718750 0.437500
2 0.777344 0.421875 0.777344 0.429688 0.773438 0.433594 0.769531 0.433594 0.769531 0.437500 0.765625 0.441406 0.765625 0.449219 0.761719 0.453125 0.757812 0.453125 0.757812 0.460938 0.761719 0.464844 0.761719 0.468750 0.785156 0.468750 0.792969 0.460938 0.808594 0.460938 0.812500 0.464844 0.816406 0.464844 0.820312 0.468750 0.820312 0.488281 0.835938 0.488281 0.835938 0.484375 0.839844 0.480469 0.843750 0.480469 0.843750 0.472656 0.839844 0.472656 0.835938 0.468750 0.835938 0.445312 0.828125 0.445312 0.824219 0.441406 0.816406 0.441406 0.812500 0.445312 0.812500 0.449219 0.808594 0.453125 0.792969 0.453125 0.789062 0.449219 0.789062 0.433594 0.792969 0.429688 0.792969 0.421875
2 0.824219 0.328125 0.820312 0.332031 0.816406 0.332031 0.808594 0.339844 0.808594 0.355469 0.804688 0.359375 0.804688 0.367188 0.800781 0.371094 0.796875 0.371094 0.796875 0.378906 0.804688 0.378906 0.808594 0.382812 0.816406 0.382812 0.820312 0.378906 0.824219 0.378906 0.824219 0.363281 0.828125 0.359375 0.847656 0.359375 0.851562 0.355469 0.855469 0.355469 0.855469 0.347656 0.843750 0.347656 0.839844 0.343750 0.839844 0.332031 0.835938 0.332031 0.832031 0.328125
2 0.496094 0.300781 0.496094 0.304688 0.492188 0.308594 0.492188 0.335938 0.496094 0.339844 0.496094 0.359375 0.492188 0.363281 0.492188 0.367188 0.488281 0.371094 0.488281 0.382812 0.484375 0.386719 0.484375 0.390625 0.480469 0.394531 0.480469 0.398438 0.476562 0.402344 0.460938 0.402344 0.457031 0.406250 0.425781 0.406250 0.421875 0.410156 0.406250 0.410156 0.406250 0.421875 0.410156 0.425781 0.410156 0.445312 0.406250 0.449219 0.382812 0.449219 0.382812 0.468750 0.378906 0.472656 0.378906 0.480469 0.375000 0.484375 0.371094 0.484375 0.367188 0.488281 0.367188 0.503906 0.371094 0.507812 0.371094 0.519531 0.390625 0.519531 0.394531 0.523438 0.394531 0.535156 0.417969 0.535156 0.421875 0.539062 0.421875 0.554688 0.417969 0.558594 0.414062 0.558594 0.410156 0.562500 0.386719 0.562500 0.386719 0.570312 0.394531 0.578125 0.410156 0.578125 0.414062 0.582031 0.429688 0.582031 0.433594 0.578125 0.445312 0.578125 0.445312 0.574219 0.449219 0.570312 0.457031 0.570312 0.457031 0.558594 0.460938 0.554688 0.464844 0.554688 0.464844 0.550781 0.468750 0.546875 0.500000 0.546875 0.503906 0.550781 0.503906 0.558594 0.507812 0.558594 0.511719 0.562500 0.511719 0.582031 0.515625 0.585938 0.515625 0.589844 0.523438 0.589844 0.523438 0.585938 0.527344 0.582031 0.550781 0.582031 0.554688 0.585938 0.570312 0.585938 0.574219 0.582031 0.574219 0.578125 0.578125 0.574219 0.578125 0.558594 0.566406 0.558594 0.562500 0.554688 0.558594 0.554688 0.554688 0.550781 0.554688 0.546875 0.550781 0.542969 0.546875 0.542969 0.542969 0.539062 0.542969 0.535156 0.535156 0.535156 0.531250 0.531250 0.531250 0.523438 0.511719 0.523438 0.507812 0.519531 0.507812 0.484375 0.511719 0.480469 0.515625 0.480469 0.515625 0.460938 0.511719 0.457031 0.511719 0.441406 0.515625 0.437500 0.535156 0.437500 0.539062 0.441406 0.539062 0.445312 0.550781 0.445312 0.550781 0.437500 0.527344 0.437500 0.523438 0.433594 0.523438 0.410156 0.527344 0.406250 0.527344 0.394531 0.539062 0.382812 0.542969 0.382812 0.542969 0.378906 0.546875 0.375000 0.562500 0.375000 0.566406 0.378906 0.566406 0.386719 0.570312 0.390625 0.574219 0.390625 0.578125 0.394531 0.593750 0.394531 0.597656 0.398438 0.597656 0.414062 0.621094 0.414062 0.621094 0.410156 0.625000 0.406250 0.667969 0.406250 0.671875 0.402344 0.679688 0.402344 0.679688 0.386719 0.667969 0.386719 0.656250 0.375000 0.656250 0.367188 0.648438 0.359375 0.640625 0.359375 0.636719 0.363281 0.613281 0.363281 0.609375 0.359375 0.609375 0.347656 0.585938 0.347656 0.582031 0.343750 0.582031 0.335938 0.578125 0.335938 0.574219 0.332031 0.574219 0.324219 0.570312 0.324219 0.566406 0.320312 0.566406 0.308594 0.558594 0.308594 0.554688 0.312500 0.527344 0.312500 0.523438 0.308594 0.519531 0.308594 0.515625 0.304688 0.515625 0.300781
2 0.687500 0.289062 0.683594 0.292969 0.675781 0.292969 0.675781 0.296875 0.671875 0.300781 0.664062 0.300781 0.664062 0.308594 0.660156 0.312500 0.656250 0.312500 0.656250 0.324219 0.660156 0.324219 0.664062 0.328125 0.667969 0.328125 0.671875 0.332031 0.671875 0.335938 0.683594 0.335938 0.683594 0.308594 0.691406 0.300781 0.695312 0.300781 0.695312 0.289062
2 0.882812 0.281250 0.882812 0.285156 0.878906 0.289062 0.851562 0.289062 0.851562 0.296875 0.855469 0.300781 0.855469 0.304688 0.882812 0.304688 0.886719 0.308594 0.894531 0.308594 0.898438 0.312500 0.906250 0.312500 0.910156 0.308594 0.910156 0.289062 0.898438 0.289062 0.894531 0.285156 0.894531 0.281250
2 0.707031 0.191406 0.703125 0.195312 0.703125 0.207031 0.714844 0.207031 0.714844 0.203125 0.718750 0.199219 0.718750 0.191406
2 0.597656 0.187500 0.593750 0.191406 0.582031 0.191406 0.582031 0.195312 0.578125 0.199219 0.574219 0.199219 0.574219 0.230469 0.578125 0.234375 0.585938 0.234375 0.585938 0.230469 0.589844 0.226562 0.613281 0.226562 0.617188 0.230469 0.617188 0.246094 0.613281 0.250000 0.601562 0.250000 0.601562 0.269531 0.597656 0.273438 0.585938 0.273438 0.585938 0.292969 0.589844 0.296875 0.589844 0.300781 0.593750 0.304688 0.605469 0.304688 0.609375 0.308594 0.609375 0.320312 0.621094 0.320312 0.625000 0.316406 0.628906 0.316406 0.628906 0.312500 0.636719 0.304688 0.636719 0.296875 0.628906 0.296875 0.625000 0.292969 0.625000 0.277344 0.632812 0.269531 0.632812 0.253906 0.636719 0.250000 0.648438 0.250000 0.652344 0.246094 0.652344 0.234375 0.648438 0.230469 0.628906 0.230469 0.625000 0.226562 0.625000 0.222656 0.613281 0.222656 0.609375 0.218750 0.609375 0.191406 0.605469 0.187500
2 0.832031 0.156250 0.828125 0.160156 0.800781 0.160156 0.796875 0.164062 0.785156 0.164062 0.785156 0.167969 0.777344 0.175781 0.773438 0.175781 0.761719 0.187500 0.753906 0.187500 0.746094 0.195312 0.746094 0.207031 0.753906 0.214844 0.781250 0.214844 0.785156 0.218750 0.785156 0.222656 0.800781 0.222656 0.800781 0.207031 0.804688 0.203125 0.828125 0.203125 0.832031 0.207031 0.832031 0.226562 0.824219 0.234375 0.820312 0.234375 0.820312 0.242188 0.832031 0.242188 0.835938 0.246094 0.835938 0.250000 0.843750 0.257812 0.843750 0.265625 0.851562 0.265625 0.855469 0.261719 0.855469 0.253906 0.859375 0.250000 0.863281 0.250000 0.867188 0.246094 0.878906 0.246094 0.882812 0.242188 0.886719 0.242188 0.898438 0.230469 0.902344 0.230469 0.906250 0.226562 0.906250 0.218750 0.875000 0.218750 0.871094 0.214844 0.871094 0.203125 0.867188 0.199219 0.859375 0.199219 0.851562 0.207031 0.835938 0.207031 0.832031 0.203125 0.832031 0.175781 0.835938 0.171875 0.859375 0.171875 0.863281 0.175781 0.871094 0.175781 0.871094 0.164062 0.851562 0.164062 0.847656 0.160156 0.847656 0.156250
