2 0.421875 0.812500 0.421875 0.820312 0.425781 0.820312 0.429688 0.824219 0.429688 0.828125 0.449219 0.828125 0.453125 0.832031 0.453125 0.835938 0.464844 0.835938 0.468750 0.832031 0.476562 0.832031 0.476562 0.820312 0.457031 0.820312 0.449219 0.812500
2 0.652344 0.765625 0.648438 0.769531 0.648438 0.777344 0.656250 0.785156 0.656250 0.789062 0.664062 0.796875 0.664062 0.800781 0.671875 0.800781 0.675781 0.804688 0.679688 0.804688 0.683594 0.808594 0.707031 0.808594 0.714844 0.800781 0.714844 0.792969 0.703125 0.781250 0.695312 0.781250 0.691406 0.777344 0.675781 0.777344 0.664062 0.765625
2 0.355469 0.765625 0.355469 0.769531 0.351562 0.773438 0.347656 0.773438 0.347656 0.804688 0.343750 0.808594 0.343750 0.820312 0.339844 0.824219 0.339844 0.843750 0.332031 0.851562 0.332031 0.859375 0.328125 0.863281 0.328125 0.867188 0.324219 0.871094 0.324219 0.878906 0.320312 0.882812 0.316406 0.882812 0.316406 0.886719 0.312500 0.890625 0.312500 0.902344 0.320312 0.902344 0.324219 0.898438 0.324219 0.894531 0.328125 0.890625 0.328125 0.886719 0.332031 0.882812 0.332031 0.878906 0.335938 0.875000 0.355469 0.875000 0.359375 0.871094 0.363281 0.871094 0.367188 0.867188 0.371094 0.867188 0.375000 0.863281 0.378906 0.863281 0.378906 0.859375 0.382812 0.855469 0.382812 0.851562 0.386719 0.847656 0.394531 0.847656 0.394531 0.835938 0.390625 0.835938 0.386719 0.832031 0.386719 0.812500 0.390625 0.808594 0.394531 0.808594 0.394531 0.804688 0.398438 0.800781 0.398438 0.792969 0.378906 0.792969 0.375000 0.789062 0.375000 0.785156 0.371094 0.785156 0.367188 0.781250 0.367188 0.765625
2 0.402344 0.726562 0.402344 0.734375 0.410156 0.734375 0.410156 0.726562
2 0.234375 0.644531 0.234375 0.652344 0.238281 0.656250 0.238281 0.660156 0.242188 0.660156 0.246094 0.664062 0.261719 0.664062 0.265625 0.667969 0.265625 0.671875 0.273438 0.671875 0.277344 0.675781 0.277344 0.691406 0.273438 0.695312 0.273438 0.699219 0.269531 0.703125 0.261719 0.703125 0.261719 0.707031 0.257812 0.710938 0.257812 0.722656 0.265625 0.722656 0.269531 0.726562 0.269531 0.734375 0.277344 0.734375 0.281250 0.730469 0.292969 0.730469 0.292969 0.714844 0.296875 0.710938 0.308594 0.710938 0.312500 0.707031 0.312500 0.691406 0.300781 0.691406 0.296875 0.687500 0.296875 0.675781 0.292969 0.675781 0.289062 0.671875 0.289062 0.667969 0.285156 0.667969 0.281250 0.664062 0.261719 0.664062 0.257812 0.660156 0.257812 0.656250 0.253906 0.656250 0.250000 0.652344 0.250000 0.648438 0.246094 0.644531
2 0.503906 0.605469 0.503906 0.609375 0.500000 0.613281 0.492188 0.613281 0.492188 0.617188 0.488281 0.621094 0.484375 0.621094 0.480469 0.625000 0.472656 0.625000 0.472656 0.644531 0.468750 0.648438 0.468750 0.660156 0.472656 0.664062 0.472656 0.667969 0.476562 0.671875 0.476562 0.679688 0.484375 0.687500 0.484375 0.703125 0.480469 0.707031 0.476562 0.707031 0.476562 0.710938 0.472656 0.714844 0.464844 0.714844 0.464844 0.726562 0.460938 0.730469 0.457031 0.730469 0.453125 0.734375 0.449219 0.734375 0.445312 0.738281 0.441406 0.738281 0.441406 0.746094 0.457031 0.761719 0.457031 0.769531 0.472656 0.769531 0.472656 0.765625 0.476562 0.761719 0.476562 0.746094 0.480469 0.742188 0.496094 0.742188 0.496094 0.730469 0.500000 0.726562 0.500000 0.718750 0.511719 0.707031 0.515625 0.707031 0.519531 0.703125 0.535156 0.703125 0.539062 0.707031 0.546875 0.707031 0.550781 0.703125 0.550781 0.691406 0.546875 0.691406 0.542969 0.687500 0.542969 0.656250 0.546875 0.652344 0.550781 0.652344 0.550781 0.628906 0.546875 0.628906 0.539062 0.621094 0.539062 0.613281 0.519531 0.613281 0.515625 0.609375 0.515625 0.605469
2 0.324219 0.574219 0.324219 0.582031 0.332031 0.582031 0.335938 0.585938 0.335938 0.601562 0.332031 0.605469 0.316406 0.605469 0.316406 0.613281 0.324219 0.613281 0.328125 0.617188 0.328125 0.625000 0.339844 0.625000 0.343750 0.628906 0.343750 0.648438 0.339844 0.652344 0.339844 0.660156 0.335938 0.664062 0.320312 0.664062 0.320312 0.675781 0.332031 0.675781 0.335938 0.679688 0.335938 0.691406 0.355469 0.691406 0.359375 0.695312 0.359375 0.699219 0.367188 0.699219 0.367188 0.695312 0.375000 0.687500 0.375000 0.679688 0.371094 0.679688 0.367188 0.675781 0.367188 0.656250 0.371094 0.652344 0.386719 0.652344 0.390625 0.648438 0.394531 0.648438 0.394531 0.644531 0.402344 0.636719 0.421875 0.636719 0.421875 0.605469 0.410156 0.605469 0.406250 0.601562 0.406250 0.597656 0.402344 0.593750 0.402344 0.589844 0.390625 0.589844 0.386719 0.585938 0.386719 0.582031 0.375000 0.582031 0.371094 0.578125 0.359375 0.578125 0.355469 0.582031 0.339844 0.582031 0.335938 0.578125 0.335938 0.574219
2 0.296875 0.527344 0.296875 0.539062 0.304688 0.539062 0.304688 0.527344
2 0.472656 0.515625 0.472656 0.519531 0.468750 0.523438 0.468750 0.531250 0.472656 0.535156 0.480469 0.535156 0.480469 0.515625
2 0.757812 0.511719 0.753906 0.515625 0.738281 0.515625 0.738281 0.519531 0.734375 0.523438 0.734375 0.535156 0.738281 0.539062 0.738281 0.554688 0.734375 0.558594 0.718750 0.558594 0.714844 0.562500 0.714844 0.570312 0.730469 0.570312 0.738281 0.578125 0.750000 0.578125 0.753906 0.574219 0.753906 0.562500 0.750000 0.558594 0.750000 0.542969 0.757812 0.535156 0.761719 0.535156 0.761719 0.527344 0.765625 0.523438 0.769531 0.523438 0.769531 0.511719
2 0.781250 0.480469 0.781250 0.488281 0.789062 0.488281 0.789062 0.480469
2 0.617188 0.441406 0.617188 0.449219 0.628906 0.449219 0.628906 0.441406
2 0.648438 0.363281 0.648438 0.375000 0.644531 0.378906 0.640625 0.378906 0.640625 0.382812 0.636719 0.386719 0.632812 0.386719 0.628906 0.390625 0.628906 0.402344 0.625000 0.406250 0.625000 0.414062 0.640625 0.414062 0.644531 0.417969 0.644531 0.429688 0.652344 0.429688 0.652344 0.417969 0.656250 0.414062 0.671875 0.414062 0.671875 0.390625 0.664062 0.390625 0.660156 0.386719 0.660156 0.363281
2 0.660156 0.320312 0.660156 0.335938 0.667969 0.335938 0.667969 0.320312
2 0.453125 0.281250 0.449219 0.285156 0.445312 0.285156 0.441406 0.289062 0.437500 0.289062 0.433594 0.292969 0.433594 0.300781 0.429688 0.304688 0.421875 0.304688 0.421875 0.308594 0.414062 0.316406 0.414062 0.320312 0.410156 0.324219 0.394531 0.324219 0.390625 0.320312 0.378906 0.320312 0.375000 0.324219 0.367188 0.324219 0.363281 0.328125 0.363281 0.339844 0.367188 0.343750 0.371094 0.343750 0.375000 0.347656 0.375000 0.371094 0.371094 0.375000 0.367188 0.375000 0.363281 0.378906 0.347656 0.378906 0.343750 0.375000 0.335938 0.375000 0.335938 0.382812 0.343750 0.390625 0.343750 0.414062 0.339844 0.417969 0.324219 0.417969 0.320312 0.414062 0.308594 0.414062 0.308594 0.437500 0.304688 0.441406 0.300781 0.441406 0.300781 0.457031 0.304688 0.460938 0.312500 0.460938 0.316406 0.464844 0.316406 0.476562 0.328125 0.476562 0.332031 0.480469 0.332031 0.507812 0.347656 0.507812 0.351562 0.511719 0.363281 0.511719 0.367188 0.515625 0.367188 0.531250 0.371094 0.531250 0.375000 0.535156 0.375000 0.546875 0.378906 0.546875 0.386719 0.554688 0.394531 0.554688 0.398438 0.550781 0.398438 0.546875 0.402344 0.542969 0.406250 0.542969 0.406250 0.535156 0.410156 0.531250 0.410156 0.523438 0.402344 0.515625 0.402344 0.500000 0.406250 0.496094 0.406250 0.480469 0.410156 0.476562 0.417969 0.476562 0.417969 0.472656 0.429688 0.460938 0.433594 0.460938 0.437500 0.457031 0.445312 0.457031 0.449219 0.453125 0.464844 0.453125 0.468750 0.457031 0.468750 0.484375 0.472656 0.488281 0.480469 0.488281 0.480469 0.484375 0.484375 0.480469 0.500000 0.480469 0.503906 0.484375 0.503906 0.488281 0.511719 0.496094 0.511719 0.500000 0.527344 0.500000 0.527344 0.488281 0.523438 0.488281 0.519531 0.484375 0.519531 0.460938 0.507812 0.460938 0.503906 0.457031 0.503906 0.445312 0.480469 0.445312 0.476562 0.441406 0.476562 0.417969 0.472656 0.417969 0.468750 0.414062 0.468750 0.398438 0.472656 0.394531 0.488281 0.394531 0.492188 0.398438 0.492188 0.406250 0.503906 0.406250 0.507812 0.410156 0.507812 0.421875 0.515625 0.421875 0.519531 0.425781 0.519531 0.429688 0.535156 0.429688 0.539062 0.433594 0.539062 0.457031 0.550781 0.457031 0.554688 0.460938 0.554688 0.472656 0.558594 0.476562 0.558594 0.496094 0.554688 0.500000 0.554688 0.503906 0.550781 0.507812 0.531250 0.507812 0.531250 0.531250 0.542969 0.531250 0.546875 0.535156 0.546875 0.574219 0.550781 0.578125 0.550781 0.582031 0.562500 0.582031 0.566406 0.585938 0.566406 0.589844 0.570312 0.593750 0.570312 0.605469 0.574219 0.609375 0.574219 0.625000 0.589844 0.625000 0.593750 0.628906 0.601562 0.628906 0.609375 0.621094 0.609375 0.613281 0.613281 0.609375 0.636719 0.609375 0.640625 0.613281 0.652344 0.613281 0.652344 0.609375 0.656250 0.605469 0.660156 0.605469 0.660156 0.601562 0.664062 0.597656 0.675781 0.597656 0.675781 0.582031 0.679688 0.578125 0.679688 0.570312 0.675781 0.570312 0.671875 0.566406 0.671875 0.562500 0.667969 0.562500 0.664062 0.558594 0.664062 0.550781 0.660156 0.546875 0.660156 0.542969 0.640625 0.542969 0.636719 0.539062 0.621094 0.539062 0.617188 0.535156 0.593750 0.535156 0.585938 0.527344 0.585938 0.511719 0.589844 0.507812 0.589844 0.503906 0.593750 0.500000 0.601562 0.500000 0.605469 0.496094 0.609375 0.496094 0.617188 0.488281 0.617188 0.480469 0.613281 0.476562 0.613281 0.457031 0.593750 0.457031 0.589844 0.453125 0.589844 0.445312 0.585938 0.441406 0.585938 0.437500 0.574219 0.437500 0.570312 0.441406 0.562500 0.441406 0.558594 0.445312 0.542969 0.445312 0.539062 0.441406 0.539062 0.421875 0.542969 0.417969 0.554688 0.417969 0.554688 0.410156 0.558594 0.406250 0.558594 0.398438 0.554688 0.398438 0.550781 0.394531 0.550781 0.378906 0.542969 0.371094 0.542969 0.367188 0.535156 0.367188 0.535156 0.371094 0.531250 0.375000 0.527344 0.375000 0.527344 0.378906 0.523438 0.382812 0.503906 0.382812 0.500000 0.378906 0.492188 0.378906 0.488281 0.375000 0.484375 0.375000 0.480469 0.371094 0.480469 0.367188 0.441406 0.367188 0.437500 0.363281 0.437500 0.351562 0.429688 0.351562 0.429688 0.359375 0.433594 0.363281 0.433594 0.394531 0.429688 0.398438 0.414062 0.398438 0.410156 0.402344 0.394531 0.402344 0.390625 0.398438 0.382812 0.398438 0.375000 0.390625 0.375000 0.359375 0.378906 0.355469 0.402344 0.355469 0.402344 0.351562 0.406250 0.347656 0.406250 0.339844 0.410156 0.335938 0.414062 0.335938 0.414062 0.332031 0.417969 0.328125 0.421875 0.328125 0.425781 0.324219 0.472656 0.324219 0.472656 0.320312 0.476562 0.316406 0.476562 0.308594 0.472656 0.304688 0.472656 0.281250
2 0.570312 0.234375 0.562500 0.242188 0.562500 0.250000 0.558594 0.253906 0.558594 0.257812 0.554688 0.261719 0.554688 0.285156 0.550781 0.289062 0.531250 0.289062 0.531250 0.292969 0.527344 0.296875 0.527344 0.308594 0.531250 0.308594 0.535156 0.312500 0.542969 0.312500 0.546875 0.308594 0.546875 0.304688 0.550781 0.300781 0.554688 0.300781 0.554688 0.296875 0.558594 0.292969 0.578125 0.292969 0.578125 0.281250 0.585938 0.273438 0.589844 0.273438 0.589844 0.265625 0.585938 0.261719 0.585938 0.238281 0.582031 0.238281 0.578125 0.234375
2 0.785156 0.195312 0.781250 0.199219 0.777344 0.199219 0.773438 0.203125 0.769531 0.203125 0.765625 0.207031 0.765625 0.218750 0.761719 0.222656 0.761719 0.226562 0.757812 0.230469 0.753906 0.230469 0.753906 0.234375 0.750000 0.238281 0.718750 0.238281 0.718750 0.250000 0.714844 0.253906 0.714844 0.292969 0.710938 0.296875 0.695312 0.296875 0.691406 0.292969 0.683594 0.292969 0.679688 0.296875 0.671875 0.296875 0.671875 0.308594 0.687500 0.308594 0.691406 0.312500 0.691406 0.316406 0.699219 0.316406 0.703125 0.320312 0.703125 0.339844 0.710938 0.339844 0.714844 0.335938 0.718750 0.335938 0.722656 0.332031 0.722656 0.320312 0.726562 0.316406 0.730469 0.316406 0.730469 0.300781 0.734375 0.296875 0.777344 0.296875 0.777344 0.285156 0.781250 0.281250 0.800781 0.281250 0.800781 0.277344 0.804688 0.273438 0.820312 0.273438 0.820312 0.261719 0.812500 0.261719 0.808594 0.257812 0.808594 0.242188 0.804688 0.242188 0.800781 0.238281 0.800781 0.222656 0.804688 0.218750 0.808594 0.218750 0.808594 0.210938 0.812500 0.207031 0.816406 0.207031 0.816406 0.195312
