2 0.566406 0.949219 0.566406 0.957031 0.570312 0.960938 0.570312 0.968750 0.582031 0.980469 0.582031 0.984375 0.585938 0.988281 0.585938 0.996094 0.601562 0.996094 0.601562 0.984375 0.605469 0.980469 0.613281 0.980469 0.617188 0.976562 0.625000 0.976562 0.628906 0.972656 0.644531 0.972656 0.644531 0.964844 0.625000 0.964844 0.621094 0.960938 0.593750 0.960938 0.589844 0.957031 0.585938 0.957031 0.582031 0.953125 0.578125 0.953125 0.574219 0.949219
2 0.359375 0.917969 0.359375 0.937500 0.355469 0.941406 0.335938 0.941406 0.332031 0.945312 0.332031 0.953125 0.343750 0.953125 0.347656 0.957031 0.347656 0.972656 0.355469 0.972656 0.359375 0.976562 0.371094 0.976562 0.371094 0.921875 0.367188 0.917969
2 0.531250 0.898438 0.519531 0.910156 0.519531 0.925781 0.511719 0.933594 0.511719 0.941406 0.515625 0.945312 0.523438 0.945312 0.523438 0.941406 0.527344 0.937500 0.542969 0.937500 0.546875 0.941406 0.554688 0.941406 0.554688 0.929688 0.550781 0.925781 0.550781 0.906250 0.546875 0.906250 0.542969 0.902344 0.542969 0.898438
2 0.628906 0.875000 0.628906 0.882812 0.632812 0.882812 0.636719 0.886719 0.636719 0.890625 0.644531 0.890625 0.644531 0.882812 0.640625 0.878906 0.640625 0.875000
2 0.796875 0.824219 0.792969 0.828125 0.765625 0.828125 0.761719 0.832031 0.761719 0.839844 0.769531 0.839844 0.773438 0.843750 0.777344 0.843750 0.781250 0.847656 0.785156 0.847656 0.789062 0.851562 0.800781 0.851562 0.800781 0.835938 0.804688 0.832031 0.812500 0.832031 0.812500 0.824219
2 0.171875 0.773438 0.167969 0.777344 0.152344 0.777344 0.144531 0.785156 0.144531 0.792969 0.160156 0.792969 0.167969 0.800781 0.179688 0.800781 0.183594 0.796875 0.187500 0.796875 0.187500 0.792969 0.191406 0.789062 0.191406 0.777344 0.187500 0.773438
2 0.621094 0.761719 0.621094 0.769531 0.625000 0.773438 0.625000 0.800781 0.621094 0.804688 0.621094 0.812500 0.617188 0.816406 0.601562 0.816406 0.597656 0.812500 0.597656 0.808594 0.589844 0.808594 0.585938 0.804688 0.578125 0.804688 0.578125 0.832031 0.570312 0.839844 0.570312 0.847656 0.578125 0.847656 0.582031 0.851562 0.582031 0.867188 0.589844 0.875000 0.589844 0.878906 0.597656 0.878906 0.597656 0.855469 0.601562 0.851562 0.609375 0.851562 0.609375 0.847656 0.613281 0.843750 0.628906 0.843750 0.632812 0.847656 0.644531 0.847656 0.644531 0.828125 0.640625 0.828125 0.636719 0.824219 0.636719 0.800781 0.640625 0.796875 0.644531 0.796875 0.648438 0.792969 0.652344 0.792969 0.652344 0.773438 0.648438 0.773438 0.644531 0.769531 0.632812 0.769531 0.628906 0.765625 0.628906 0.761719
2 0.347656 0.699219 0.343750 0.703125 0.339844 0.703125 0.335938 0.707031 0.332031 0.707031 0.328125 0.710938 0.324219 0.710938 0.316406 0.718750 0.316406 0.726562 0.320312 0.730469 0.320312 0.765625 0.339844 0.765625 0.339844 0.757812 0.343750 0.753906 0.359375 0.753906 0.363281 0.757812 0.363281 0.761719 0.382812 0.761719 0.386719 0.765625 0.386719 0.785156 0.382812 0.789062 0.382812 0.804688 0.378906 0.808594 0.355469 0.808594 0.351562 0.804688 0.328125 0.804688 0.324219 0.800781 0.324219 0.792969 0.308594 0.792969 0.304688 0.796875 0.304688 0.808594 0.328125 0.808594 0.332031 0.812500 0.332031 0.820312 0.343750 0.832031 0.347656 0.832031 0.359375 0.843750 0.382812 0.843750 0.386719 0.847656 0.386719 0.863281 0.394531 0.863281 0.398438 0.859375 0.417969 0.859375 0.417969 0.855469 0.421875 0.851562 0.441406 0.851562 0.441406 0.843750 0.425781 0.843750 0.421875 0.839844 0.421875 0.828125 0.414062 0.828125 0.410156 0.824219 0.410156 0.792969 0.414062 0.789062 0.414062 0.785156 0.417969 0.781250 0.421875 0.781250 0.421875 0.773438 0.417969 0.773438 0.414062 0.769531 0.406250 0.769531 0.402344 0.765625 0.402344 0.757812 0.398438 0.753906 0.398438 0.750000 0.390625 0.750000 0.386719 0.746094 0.386719 0.734375 0.382812 0.734375 0.378906 0.730469 0.367188 0.730469 0.363281 0.726562 0.363281 0.710938 0.359375 0.707031 0.359375 0.703125 0.355469 0.699219
2 0.402344 0.656250 0.394531 0.664062 0.390625 0.664062 0.390625 0.679688 0.398438 0.679688 0.402344 0.683594 0.402344 0.695312 0.410156 0.703125 0.425781 0.703125 0.429688 0.707031 0.429688 0.722656 0.425781 0.726562 0.425781 0.742188 0.429688 0.742188 0.433594 0.746094 0.441406 0.746094 0.445312 0.750000 0.445312 0.753906 0.449219 0.753906 0.453125 0.757812 0.453125 0.781250 0.457031 0.785156 0.460938 0.785156 0.464844 0.789062 0.464844 0.792969 0.468750 0.796875 0.468750 0.812500 0.453125 0.828125 0.453125 0.835938 0.460938 0.835938 0.468750 0.843750 0.476562 0.843750 0.476562 0.839844 0.480469 0.835938 0.480469 0.824219 0.484375 0.820312 0.484375 0.804688 0.488281 0.800781 0.488281 0.789062 0.484375 0.789062 0.480469 0.785156 0.472656 0.785156 0.468750 0.781250 0.468750 0.750000 0.472656 0.746094 0.472656 0.734375 0.476562 0.730469 0.492188 0.730469 0.496094 0.734375 0.496094 0.746094 0.500000 0.746094 0.503906 0.750000 0.503906 0.757812 0.535156 0.757812 0.535156 0.750000 0.527344 0.750000 0.523438 0.746094 0.523438 0.726562 0.527344 0.722656 0.527344 0.714844 0.519531 0.707031 0.511719 0.707031 0.511719 0.710938 0.507812 0.714844 0.488281 0.714844 0.484375 0.710938 0.484375 0.703125 0.480469 0.703125 0.472656 0.695312 0.457031 0.695312 0.453125 0.691406 0.433594 0.691406 0.429688 0.687500 0.429688 0.671875 0.437500 0.664062 0.437500 0.656250
2 0.582031 0.589844 0.582031 0.605469 0.585938 0.609375 0.585938 0.625000 0.582031 0.628906 0.570312 0.628906 0.570312 0.636719 0.582031 0.636719 0.585938 0.640625 0.613281 0.640625 0.617188 0.644531 0.617188 0.648438 0.625000 0.648438 0.625000 0.632812 0.617188 0.632812 0.613281 0.628906 0.605469 0.628906 0.601562 0.625000 0.601562 0.593750 0.597656 0.589844
2 0.496094 0.585938 0.488281 0.593750 0.488281 0.605469 0.484375 0.609375 0.468750 0.609375 0.464844 0.605469 0.457031 0.605469 0.453125 0.609375 0.449219 0.609375 0.445312 0.613281 0.445312 0.621094 0.441406 0.625000 0.441406 0.632812 0.453125 0.632812 0.457031 0.628906 0.476562 0.628906 0.480469 0.632812 0.480469 0.644531 0.500000 0.644531 0.503906 0.648438 0.503906 0.664062 0.515625 0.664062 0.519531 0.660156 0.519531 0.652344 0.515625 0.648438 0.515625 0.644531 0.511719 0.644531 0.507812 0.640625 0.507812 0.621094 0.511719 0.617188 0.523438 0.617188 0.523438 0.613281 0.527344 0.609375 0.527344 0.601562 0.511719 0.601562 0.507812 0.597656 0.507812 0.585938
2 0.769531 0.554688 0.769531 0.570312 0.765625 0.574219 0.765625 0.582031 0.761719 0.585938 0.734375 0.585938 0.730469 0.582031 0.730469 0.578125 0.726562 0.574219 0.707031 0.574219 0.703125 0.578125 0.679688 0.578125 0.675781 0.574219 0.656250 0.574219 0.652344 0.578125 0.652344 0.613281 0.683594 0.613281 0.687500 0.617188 0.687500 0.648438 0.683594 0.652344 0.683594 0.660156 0.675781 0.667969 0.640625 0.667969 0.636719 0.671875 0.632812 0.671875 0.632812 0.675781 0.625000 0.683594 0.625000 0.691406 0.621094 0.695312 0.605469 0.695312 0.601562 0.691406 0.593750 0.691406 0.589844 0.695312 0.589844 0.718750 0.585938 0.722656 0.574219 0.722656 0.570312 0.726562 0.546875 0.726562 0.546875 0.734375 0.554688 0.734375 0.558594 0.738281 0.558594 0.753906 0.574219 0.753906 0.578125 0.750000 0.605469 0.750000 0.605469 0.742188 0.597656 0.742188 0.589844 0.734375 0.589844 0.718750 0.593750 0.714844 0.636719 0.714844 0.640625 0.710938 0.640625 0.707031 0.644531 0.703125 0.644531 0.695312 0.648438 0.691406 0.648438 0.683594 0.652344 0.679688 0.660156 0.679688 0.660156 0.675781 0.664062 0.671875 0.691406 0.671875 0.691406 0.660156 0.695312 0.656250 0.707031 0.656250 0.707031 0.640625 0.710938 0.636719 0.730469 0.636719 0.734375 0.640625 0.753906 0.640625 0.753906 0.636719 0.757812 0.632812 0.777344 0.632812 0.781250 0.628906 0.785156 0.628906 0.789062 0.625000 0.792969 0.625000 0.792969 0.621094 0.796875 0.617188 0.796875 0.613281 0.804688 0.605469 0.808594 0.605469 0.812500 0.601562 0.820312 0.601562 0.820312 0.593750 0.812500 0.585938 0.812500 0.566406 0.804688 0.566406 0.796875 0.558594 0.785156 0.558594 0.781250 0.554688
2 0.546875 0.554688 0.539062 0.562500 0.539062 0.570312 0.550781 0.570312 0.554688 0.574219 0.554688 0.585938 0.562500 0.585938 0.562500 0.574219 0.558594 0.574219 0.554688 0.570312 0.554688 0.554688
2 0.390625 0.429688 0.386719 0.433594 0.382812 0.433594 0.382812 0.453125 0.378906 0.457031 0.375000 0.457031 0.375000 0.472656 0.371094 0.476562 0.371094 0.480469 0.367188 0.484375 0.367188 0.492188 0.363281 0.496094 0.363281 0.507812 0.367188 0.511719 0.367188 0.531250 0.363281 0.535156 0.347656 0.535156 0.343750 0.531250 0.335938 0.531250 0.335938 0.562500 0.339844 0.566406 0.355469 0.566406 0.359375 0.570312 0.359375 0.589844 0.363281 0.593750 0.367188 0.593750 0.371094 0.597656 0.371094 0.613281 0.375000 0.617188 0.375000 0.625000 0.378906 0.628906 0.386719 0.628906 0.390625 0.625000 0.390625 0.617188 0.386719 0.613281 0.386719 0.593750 0.390625 0.589844 0.390625 0.582031 0.394531 0.578125 0.394531 0.570312 0.398438 0.566406 0.398438 0.558594 0.390625 0.558594 0.386719 0.554688 0.386719 0.539062 0.390625 0.535156 0.394531 0.535156 0.394531 0.523438 0.390625 0.523438 0.386719 0.519531 0.386719 0.515625 0.382812 0.511719 0.382812 0.492188 0.386719 0.488281 0.386719 0.476562 0.390625 0.472656 0.390625 0.457031 0.398438 0.449219 0.406250 0.449219 0.406250 0.433594 0.402344 0.433594 0.398438 0.429688
2 0.640625 0.402344 0.640625 0.417969 0.636719 0.421875 0.621094 0.421875 0.609375 0.433594 0.609375 0.437500 0.605469 0.441406 0.605469 0.460938 0.601562 0.464844 0.593750 0.464844 0.593750 0.472656 0.585938 0.480469 0.585938 0.492188 0.589844 0.492188 0.593750 0.496094 0.593750 0.500000 0.609375 0.500000 0.613281 0.503906 0.621094 0.503906 0.625000 0.507812 0.625000 0.523438 0.621094 0.527344 0.582031 0.527344 0.574219 0.535156 0.570312 0.535156 0.566406 0.539062 0.566406 0.546875 0.582031 0.546875 0.585938 0.550781 0.593750 0.550781 0.597656 0.546875 0.628906 0.546875 0.628906 0.531250 0.632812 0.527344 0.644531 0.527344 0.644531 0.519531 0.648438 0.515625 0.652344 0.515625 0.660156 0.507812 0.683594 0.507812 0.683594 0.496094 0.660156 0.496094 0.656250 0.492188 0.656250 0.484375 0.640625 0.484375 0.636719 0.480469 0.613281 0.480469 0.609375 0.476562 0.609375 0.453125 0.617188 0.445312 0.640625 0.445312 0.640625 0.414062 0.644531 0.410156 0.648438 0.410156 0.648438 0.402344
2 0.472656 0.351562 0.472656 0.359375 0.476562 0.359375 0.480469 0.363281 0.480469 0.378906 0.476562 0.382812 0.476562 0.417969 0.472656 0.421875 0.472656 0.437500 0.476562 0.441406 0.480469 0.441406 0.484375 0.445312 0.484375 0.457031 0.488281 0.460938 0.488281 0.480469 0.492188 0.484375 0.492188 0.488281 0.515625 0.488281 0.515625 0.480469 0.511719 0.476562 0.511719 0.472656 0.500000 0.460938 0.500000 0.429688 0.496094 0.425781 0.496094 0.394531 0.488281 0.386719 0.488281 0.378906 0.484375 0.378906 0.480469 0.375000 0.480469 0.351562
2 0.488281 0.308594 0.484375 0.312500 0.460938 0.312500 0.460938 0.320312 0.472656 0.320312 0.480469 0.328125 0.488281 0.328125 0.488281 0.324219 0.496094 0.316406 0.496094 0.308594
2 0.718750 0.277344 0.710938 0.285156 0.695312 0.285156 0.695312 0.289062 0.687500 0.296875 0.683594 0.296875 0.683594 0.300781 0.679688 0.304688 0.660156 0.304688 0.656250 0.308594 0.644531 0.308594 0.644531 0.312500 0.640625 0.316406 0.621094 0.316406 0.617188 0.312500 0.609375 0.312500 0.609375 0.320312 0.613281 0.324219 0.613281 0.367188 0.617188 0.371094 0.656250 0.371094 0.656250 0.363281 0.652344 0.363281 0.648438 0.359375 0.648438 0.339844 0.652344 0.335938 0.667969 0.335938 0.671875 0.339844 0.683594 0.339844 0.683594 0.316406 0.687500 0.312500 0.703125 0.312500 0.710938 0.304688 0.710938 0.300781 0.726562 0.285156 0.726562 0.277344
2 0.906250 0.261719 0.906250 0.285156 0.890625 0.300781 0.882812 0.300781 0.878906 0.304688 0.878906 0.312500 0.875000 0.316406 0.875000 0.328125 0.878906 0.332031 0.882812 0.332031 0.886719 0.335938 0.886719 0.355469 0.890625 0.359375 0.890625 0.390625 0.886719 0.394531 0.882812 0.394531 0.878906 0.398438 0.851562 0.398438 0.851562 0.417969 0.847656 0.421875 0.812500 0.421875 0.808594 0.417969 0.773438 0.417969 0.769531 0.421875 0.765625 0.421875 0.765625 0.425781 0.753906 0.437500 0.730469 0.437500 0.730469 0.460938 0.726562 0.464844 0.718750 0.464844 0.714844 0.468750 0.710938 0.468750 0.703125 0.476562 0.703125 0.484375 0.710938 0.484375 0.714844 0.480469 0.746094 0.480469 0.746094 0.464844 0.750000 0.460938 0.765625 0.460938 0.769531 0.464844 0.769531 0.472656 0.773438 0.472656 0.777344 0.476562 0.777344 0.480469 0.781250 0.484375 0.781250 0.488281 0.785156 0.492188 0.785156 0.511719 0.781250 0.515625 0.781250 0.523438 0.808594 0.523438 0.812500 0.527344 0.824219 0.527344 0.828125 0.531250 0.832031 0.531250 0.835938 0.535156 0.863281 0.535156 0.863281 0.523438 0.859375 0.523438 0.855469 0.519531 0.847656 0.519531 0.843750 0.523438 0.824219 0.523438 0.820312 0.519531 0.804688 0.519531 0.800781 0.515625 0.800781 0.507812 0.792969 0.500000 0.792969 0.476562 0.800781 0.468750 0.804688 0.468750 0.804688 0.460938 0.796875 0.453125 0.796875 0.437500 0.800781 0.433594 0.832031 0.433594 0.835938 0.437500 0.855469 0.437500 0.859375 0.441406 0.859375 0.492188 0.890625 0.492188 0.890625 0.484375 0.875000 0.484375 0.871094 0.480469 0.871094 0.460938 0.878906 0.453125 0.878906 0.449219 0.882812 0.445312 0.886719 0.445312 0.886719 0.437500 0.894531 0.429688 0.910156 0.429688 0.910156 0.394531 0.917969 0.386719 0.925781 0.386719 0.929688 0.382812 0.949219 0.382812 0.949219 0.367188 0.957031 0.359375 0.957031 0.347656 0.949219 0.347656 0.945312 0.351562 0.941406 0.351562 0.937500 0.355469 0.933594 0.355469 0.933594 0.359375 0.925781 0.367188 0.910156 0.367188 0.906250 0.363281 0.906250 0.347656 0.890625 0.347656 0.886719 0.343750 0.886719 0.328125 0.890625 0.324219 0.890625 0.316406 0.898438 0.308594 0.902344 0.308594 0.902344 0.304688 0.906250 0.300781 0.910156 0.300781 0.910156 0.292969 0.917969 0.285156 0.917969 0.261719
2 0.742188 0.066406 0.742188 0.089844 0.738281 0.093750 0.734375 0.093750 0.734375 0.109375 0.753906 0.109375 0.757812 0.113281 0.757812 0.132812 0.765625 0.132812 0.769531 0.136719 0.769531 0.152344 0.765625 0.156250 0.746094 0.156250 0.742188 0.152344 0.742188 0.148438 0.722656 0.148438 0.722656 0.164062 0.718750 0.167969 0.683594 0.167969 0.683594 0.175781 0.687500 0.175781 0.691406 0.179688 0.691406 0.234375 0.687500 0.238281 0.671875 0.238281 0.671875 0.250000 0.703125 0.250000 0.707031 0.246094 0.707031 0.242188 0.714844 0.234375 0.714844 0.214844 0.718750 0.210938 0.746094 0.210938 0.753906 0.203125 0.753906 0.199219 0.757812 0.195312 0.757812 0.187500 0.738281 0.187500 0.734375 0.183594 0.734375 0.167969 0.738281 0.164062 0.777344 0.164062 0.781250 0.167969 0.781250 0.171875 0.804688 0.171875 0.812500 0.164062 0.820312 0.164062 0.832031 0.152344 0.832031 0.144531 0.816406 0.144531 0.812500 0.140625 0.808594 0.140625 0.804688 0.136719 0.777344 0.136719 0.773438 0.132812 0.773438 0.085938 0.761719 0.085938 0.757812 0.082031 0.757812 0.066406
2 0.859375 0.011719 0.859375 0.023438 0.863281 0.023438 0.867188 0.027344 0.875000 0.027344 0.875000 0.019531 0.871094 0.015625 0.871094 0.011719
2 0.816406 0.000000 0.816406 0.011719 0.812500 0.015625 0.808594 0.015625 0.800781 0.023438 0.796875 0.023438 0.796875 0.031250 0.800781 0.035156 0.812500 0.035156 0.816406 0.031250 0.816406 0.007812 0.820312 0.003906 0.828125 0.003906 0.828125 0.000000
