2 0.324219 0.855469 0.324219 0.867188 0.312500 0.878906 0.312500 0.890625 0.316406 0.890625 0.320312 0.894531 0.324219 0.894531 0.328125 0.898438 0.335938 0.898438 0.339844 0.902344 0.343750 0.902344 0.347656 0.906250 0.367188 0.906250 0.367188 0.890625 0.371094 0.886719 0.390625 0.886719 0.390625 0.878906 0.386719 0.878906 0.382812 0.875000 0.367188 0.875000 0.363281 0.871094 0.351562 0.871094 0.347656 0.867188 0.343750 0.867188 0.339844 0.863281 0.339844 0.855469
2 0.429688 0.851562 0.417969 0.863281 0.417969 0.871094 0.421875 0.875000 0.421875 0.878906 0.441406 0.878906 0.445312 0.882812 0.468750 0.882812 0.468750 0.875000 0.464844 0.871094 0.453125 0.871094 0.449219 0.867188 0.445312 0.867188 0.441406 0.863281 0.441406 0.851562
2 0.625000 0.777344 0.625000 0.792969 0.632812 0.792969 0.636719 0.796875 0.636719 0.812500 0.632812 0.816406 0.621094 0.816406 0.621094 0.820312 0.617188 0.824219 0.613281 0.824219 0.609375 0.828125 0.609375 0.835938 0.628906 0.835938 0.632812 0.839844 0.644531 0.839844 0.644531 0.835938 0.648438 0.832031 0.648438 0.824219 0.652344 0.820312 0.652344 0.812500 0.656250 0.808594 0.667969 0.808594 0.667969 0.800781 0.664062 0.796875 0.664062 0.792969 0.640625 0.792969 0.636719 0.789062 0.636719 0.777344
2 0.511719 0.769531 0.511719 0.800781 0.507812 0.804688 0.492188 0.804688 0.492188 0.828125 0.503906 0.828125 0.507812 0.832031 0.519531 0.832031 0.523438 0.835938 0.527344 0.835938 0.531250 0.839844 0.531250 0.863281 0.539062 0.863281 0.539062 0.843750 0.554688 0.828125 0.554688 0.820312 0.550781 0.816406 0.550781 0.812500 0.542969 0.812500 0.535156 0.804688 0.535156 0.785156 0.531250 0.785156 0.527344 0.781250 0.527344 0.769531
2 0.644531 0.738281 0.644531 0.746094 0.652344 0.746094 0.652344 0.738281
2 0.601562 0.738281 0.601562 0.746094 0.597656 0.750000 0.589844 0.750000 0.589844 0.761719 0.601562 0.761719 0.601562 0.757812 0.605469 0.753906 0.609375 0.753906 0.613281 0.750000 0.621094 0.750000 0.621094 0.738281
2 0.316406 0.695312 0.316406 0.703125 0.324219 0.703125 0.324219 0.695312
2 0.519531 0.679688 0.519531 0.687500 0.523438 0.691406 0.523438 0.734375 0.531250 0.734375 0.531250 0.726562 0.539062 0.718750 0.542969 0.718750 0.542969 0.703125 0.539062 0.699219 0.535156 0.699219 0.531250 0.695312 0.531250 0.683594 0.527344 0.679688
2 0.492188 0.664062 0.492188 0.671875 0.496094 0.675781 0.511719 0.675781 0.511719 0.667969 0.507812 0.664062
2 0.621094 0.652344 0.621094 0.656250 0.617188 0.660156 0.593750 0.660156 0.593750 0.664062 0.589844 0.667969 0.589844 0.683594 0.597656 0.683594 0.601562 0.687500 0.601562 0.707031 0.613281 0.707031 0.613281 0.703125 0.621094 0.695312 0.648438 0.695312 0.652344 0.699219 0.652344 0.710938 0.671875 0.710938 0.675781 0.714844 0.675781 0.730469 0.683594 0.730469 0.683594 0.726562 0.687500 0.722656 0.687500 0.714844 0.683594 0.714844 0.679688 0.710938 0.679688 0.687500 0.667969 0.687500 0.667969 0.691406 0.664062 0.695312 0.644531 0.695312 0.640625 0.691406 0.640625 0.675781 0.632812 0.675781 0.628906 0.671875 0.628906 0.652344
2 0.062500 0.644531 0.062500 0.656250 0.066406 0.660156 0.066406 0.675781 0.070312 0.679688 0.070312 0.687500 0.082031 0.687500 0.085938 0.691406 0.085938 0.703125 0.089844 0.707031 0.089844 0.722656 0.101562 0.722656 0.101562 0.714844 0.105469 0.710938 0.121094 0.710938 0.128906 0.718750 0.128906 0.722656 0.132812 0.726562 0.132812 0.730469 0.144531 0.730469 0.144531 0.710938 0.136719 0.703125 0.132812 0.703125 0.128906 0.699219 0.128906 0.671875 0.132812 0.667969 0.136719 0.667969 0.136719 0.660156 0.128906 0.660156 0.125000 0.656250 0.125000 0.652344 0.082031 0.652344 0.074219 0.644531
2 0.828125 0.578125 0.828125 0.582031 0.824219 0.585938 0.796875 0.585938 0.792969 0.582031 0.773438 0.582031 0.769531 0.585938 0.769531 0.593750 0.761719 0.601562 0.757812 0.601562 0.757812 0.613281 0.761719 0.617188 0.761719 0.660156 0.757812 0.664062 0.753906 0.664062 0.753906 0.675781 0.757812 0.679688 0.757812 0.695312 0.765625 0.695312 0.765625 0.648438 0.769531 0.644531 0.777344 0.644531 0.781250 0.640625 0.781250 0.636719 0.785156 0.632812 0.789062 0.632812 0.789062 0.628906 0.792969 0.625000 0.792969 0.613281 0.808594 0.597656 0.812500 0.597656 0.812500 0.593750 0.816406 0.589844 0.839844 0.589844 0.839844 0.578125
2 0.078125 0.570312 0.078125 0.582031 0.082031 0.582031 0.085938 0.585938 0.085938 0.621094 0.089844 0.621094 0.097656 0.628906 0.109375 0.628906 0.109375 0.593750 0.097656 0.593750 0.093750 0.589844 0.093750 0.574219 0.089844 0.574219 0.085938 0.570312
2 0.949219 0.558594 0.949219 0.562500 0.945312 0.566406 0.937500 0.566406 0.937500 0.578125 0.941406 0.582031 0.941406 0.585938 0.945312 0.589844 0.945312 0.648438 0.953125 0.648438 0.953125 0.644531 0.960938 0.636719 0.968750 0.636719 0.968750 0.628906 0.972656 0.625000 0.972656 0.621094 0.976562 0.617188 0.976562 0.609375 0.972656 0.605469 0.972656 0.574219 0.964844 0.566406 0.964844 0.562500 0.960938 0.558594
2 0.835938 0.496094 0.835938 0.503906 0.843750 0.503906 0.843750 0.496094
2 0.457031 0.496094 0.457031 0.503906 0.464844 0.503906 0.464844 0.496094
2 0.058594 0.417969 0.054688 0.421875 0.050781 0.421875 0.050781 0.425781 0.046875 0.429688 0.046875 0.437500 0.054688 0.437500 0.066406 0.425781 0.066406 0.417969
2 0.199219 0.398438 0.199219 0.402344 0.195312 0.406250 0.191406 0.406250 0.187500 0.410156 0.175781 0.410156 0.175781 0.417969 0.195312 0.417969 0.199219 0.421875 0.207031 0.421875 0.210938 0.425781 0.210938 0.437500 0.222656 0.437500 0.222656 0.429688 0.218750 0.429688 0.214844 0.425781 0.214844 0.406250 0.210938 0.402344 0.210938 0.398438
2 0.472656 0.378906 0.472656 0.390625 0.488281 0.390625 0.488281 0.382812 0.484375 0.378906
2 0.109375 0.347656 0.109375 0.359375 0.105469 0.363281 0.082031 0.363281 0.082031 0.371094 0.078125 0.375000 0.070312 0.375000 0.070312 0.382812 0.085938 0.382812 0.089844 0.386719 0.089844 0.410156 0.105469 0.410156 0.105469 0.398438 0.109375 0.394531 0.109375 0.371094 0.113281 0.367188 0.117188 0.367188 0.121094 0.363281 0.121094 0.347656
2 0.246094 0.316406 0.246094 0.320312 0.242188 0.324219 0.242188 0.332031 0.246094 0.335938 0.246094 0.363281 0.242188 0.367188 0.242188 0.378906 0.250000 0.378906 0.250000 0.371094 0.253906 0.367188 0.257812 0.367188 0.257812 0.359375 0.261719 0.355469 0.265625 0.355469 0.265625 0.335938 0.257812 0.335938 0.253906 0.332031 0.253906 0.316406
2 0.792969 0.285156 0.789062 0.289062 0.785156 0.289062 0.785156 0.304688 0.781250 0.308594 0.730469 0.308594 0.726562 0.304688 0.718750 0.304688 0.718750 0.312500 0.730469 0.312500 0.734375 0.316406 0.734375 0.339844 0.730469 0.343750 0.714844 0.343750 0.707031 0.335938 0.699219 0.335938 0.691406 0.343750 0.687500 0.343750 0.687500 0.351562 0.695312 0.359375 0.699219 0.359375 0.710938 0.371094 0.714844 0.371094 0.718750 0.375000 0.718750 0.390625 0.722656 0.394531 0.722656 0.417969 0.718750 0.421875 0.714844 0.421875 0.714844 0.441406 0.718750 0.445312 0.726562 0.445312 0.726562 0.441406 0.734375 0.433594 0.753906 0.433594 0.757812 0.437500 0.757812 0.460938 0.753906 0.464844 0.753906 0.468750 0.738281 0.484375 0.726562 0.484375 0.726562 0.488281 0.722656 0.492188 0.683594 0.492188 0.679688 0.488281 0.679688 0.480469 0.667969 0.480469 0.667969 0.500000 0.664062 0.503906 0.652344 0.503906 0.652344 0.507812 0.648438 0.511719 0.644531 0.511719 0.640625 0.515625 0.625000 0.515625 0.617188 0.507812 0.617188 0.492188 0.621094 0.488281 0.621094 0.484375 0.625000 0.480469 0.628906 0.480469 0.628906 0.476562 0.632812 0.472656 0.664062 0.472656 0.664062 0.457031 0.656250 0.457031 0.644531 0.468750 0.617188 0.468750 0.613281 0.464844 0.613281 0.453125 0.574219 0.453125 0.574219 0.460938 0.570312 0.464844 0.554688 0.464844 0.550781 0.460938 0.550781 0.453125 0.535156 0.453125 0.531250 0.449219 0.515625 0.449219 0.515625 0.453125 0.511719 0.457031 0.492188 0.457031 0.488281 0.460938 0.484375 0.460938 0.480469 0.464844 0.476562 0.464844 0.472656 0.468750 0.472656 0.480469 0.492188 0.480469 0.500000 0.488281 0.500000 0.492188 0.507812 0.492188 0.511719 0.488281 0.515625 0.488281 0.519531 0.484375 0.539062 0.484375 0.542969 0.488281 0.542969 0.519531 0.539062 0.523438 0.519531 0.523438 0.519531 0.535156 0.511719 0.542969 0.488281 0.542969 0.484375 0.539062 0.468750 0.539062 0.460938 0.546875 0.453125 0.546875 0.449219 0.550781 0.445312 0.550781 0.445312 0.558594 0.441406 0.562500 0.425781 0.562500 0.421875 0.558594 0.414062 0.558594 0.410156 0.554688 0.406250 0.554688 0.386719 0.535156 0.382812 0.535156 0.378906 0.531250 0.378906 0.488281 0.382812 0.484375 0.382812 0.480469 0.386719 0.476562 0.394531 0.476562 0.394531 0.468750 0.390625 0.468750 0.382812 0.460938 0.382812 0.457031 0.378906 0.453125 0.371094 0.453125 0.363281 0.445312 0.363281 0.437500 0.359375 0.433594 0.359375 0.429688 0.347656 0.429688 0.339844 0.421875 0.339844 0.417969 0.328125 0.417969 0.328125 0.421875 0.324219 0.425781 0.289062 0.425781 0.281250 0.433594 0.281250 0.441406 0.289062 0.441406 0.292969 0.445312 0.292969 0.460938 0.289062 0.464844 0.285156 0.464844 0.285156 0.472656 0.277344 0.480469 0.277344 0.503906 0.300781 0.503906 0.304688 0.507812 0.304688 0.515625 0.312500 0.515625 0.316406 0.511719 0.320312 0.511719 0.324219 0.507812 0.347656 0.507812 0.351562 0.511719 0.351562 0.531250 0.355469 0.531250 0.359375 0.535156 0.359375 0.550781 0.355469 0.554688 0.351562 0.554688 0.351562 0.562500 0.343750 0.570312 0.328125 0.570312 0.324219 0.566406 0.324219 0.558594 0.308594 0.558594 0.308594 0.574219 0.304688 0.578125 0.296875 0.578125 0.292969 0.582031 0.269531 0.582031 0.265625 0.585938 0.242188 0.585938 0.242188 0.589844 0.238281 0.593750 0.214844 0.593750 0.210938 0.597656 0.195312 0.597656 0.191406 0.593750 0.187500 0.593750 0.171875 0.578125 0.164062 0.578125 0.160156 0.582031 0.160156 0.585938 0.156250 0.589844 0.156250 0.625000 0.152344 0.628906 0.132812 0.628906 0.132812 0.636719 0.144531 0.636719 0.148438 0.640625 0.148438 0.656250 0.160156 0.656250 0.160156 0.652344 0.164062 0.648438 0.164062 0.625000 0.167969 0.621094 0.167969 0.617188 0.171875 0.613281 0.187500 0.613281 0.191406 0.609375 0.207031 0.609375 0.210938 0.613281 0.210938 0.621094 0.214844 0.625000 0.218750 0.625000 0.222656 0.628906 0.222656 0.644531 0.230469 0.652344 0.230469 0.667969 0.234375 0.671875 0.242188 0.671875 0.250000 0.679688 0.250000 0.683594 0.253906 0.687500 0.253906 0.703125 0.257812 0.703125 0.261719 0.707031 0.261719 0.710938 0.273438 0.722656 0.273438 0.726562 0.281250 0.726562 0.289062 0.718750 0.289062 0.687500 0.296875 0.679688 0.304688 0.679688 0.304688 0.652344 0.308594 0.648438 0.320312 0.648438 0.324219 0.644531 0.324219 0.621094 0.328125 0.617188 0.343750 0.617188 0.347656 0.621094 0.355469 0.621094 0.359375 0.625000 0.359375 0.636719 0.367188 0.644531 0.375000 0.644531 0.378906 0.648438 0.378906 0.652344 0.425781 0.652344 0.429688 0.656250 0.429688 0.671875 0.437500 0.679688 0.445312 0.679688 0.449219 0.683594 0.457031 0.683594 0.460938 0.679688 0.464844 0.679688 0.468750 0.675781 0.468750 0.667969 0.457031 0.667969 0.453125 0.664062 0.453125 0.644531 0.457031 0.640625 0.472656 0.640625 0.476562 0.644531 0.484375 0.644531 0.488281 0.640625 0.492188 0.640625 0.492188 0.636719 0.496094 0.632812 0.500000 0.632812 0.500000 0.628906 0.503906 0.625000 0.507812 0.625000 0.507812 0.617188 0.511719 0.613281 0.539062 0.613281 0.539062 0.605469 0.546875 0.597656 0.550781 0.597656 0.550781 0.578125 0.546875 0.574219 0.546875 0.558594 0.550781 0.554688 0.550781 0.500000 0.554688 0.496094 0.566406 0.496094 0.570312 0.492188 0.585938 0.492188 0.589844 0.496094 0.589844 0.531250 0.582031 0.539062 0.582031 0.562500 0.578125 0.566406 0.578125 0.582031 0.593750 0.582031 0.601562 0.589844 0.601562 0.597656 0.613281 0.597656 0.613281 0.589844 0.609375 0.585938 0.609375 0.542969 0.613281 0.539062 0.617188 0.539062 0.621094 0.535156 0.632812 0.535156 0.636719 0.531250 0.660156 0.531250 0.664062 0.535156 0.664062 0.550781 0.660156 0.554688 0.656250 0.554688 0.656250 0.562500 0.664062 0.562500 0.667969 0.558594 0.675781 0.558594 0.675781 0.535156 0.679688 0.531250 0.687500 0.531250 0.687500 0.523438 0.691406 0.519531 0.699219 0.519531 0.699219 0.511719 0.703125 0.507812 0.703125 0.503906 0.707031 0.500000 0.707031 0.496094 0.710938 0.492188 0.726562 0.492188 0.730469 0.496094 0.730469 0.523438 0.734375 0.527344 0.734375 0.531250 0.742188 0.531250 0.746094 0.527344 0.750000 0.527344 0.750000 0.511719 0.753906 0.507812 0.757812 0.507812 0.761719 0.503906 0.789062 0.503906 0.789062 0.500000 0.792969 0.496094 0.808594 0.496094 0.812500 0.492188 0.816406 0.492188 0.816406 0.476562 0.796875 0.476562 0.796875 0.480469 0.792969 0.484375 0.777344 0.484375 0.773438 0.480469 0.773438 0.460938 0.777344 0.457031 0.789062 0.457031 0.792969 0.453125 0.816406 0.453125 0.820312 0.457031 0.820312 0.464844 0.839844 0.464844 0.839844 0.453125 0.828125 0.441406 0.828125 0.410156 0.824219 0.410156 0.820312 0.406250 0.812500 0.406250 0.808594 0.402344 0.781250 0.402344 0.777344 0.398438 0.777344 0.375000 0.773438 0.371094 0.773438 0.355469 0.777344 0.351562 0.777344 0.339844 0.781250 0.335938 0.792969 0.335938 0.792969 0.328125 0.796875 0.324219 0.812500 0.324219 0.812500 0.316406 0.816406 0.312500 0.820312 0.312500 0.820312 0.308594 0.824219 0.304688 0.824219 0.292969 0.816406 0.292969 0.812500 0.289062 0.812500 0.285156
2 0.675781 0.273438 0.671875 0.277344 0.664062 0.277344 0.660156 0.281250 0.660156 0.312500 0.656250 0.316406 0.632812 0.316406 0.628906 0.312500 0.628906 0.308594 0.621094 0.308594 0.621094 0.316406 0.640625 0.316406 0.644531 0.320312 0.644531 0.324219 0.652344 0.324219 0.656250 0.320312 0.675781 0.320312 0.679688 0.316406 0.683594 0.316406 0.683594 0.304688 0.687500 0.300781 0.710938 0.300781 0.710938 0.285156 0.687500 0.285156 0.683594 0.281250 0.683594 0.273438
2 0.375000 0.253906 0.371094 0.257812 0.371094 0.265625 0.375000 0.269531 0.375000 0.296875 0.382812 0.304688 0.382812 0.308594 0.386719 0.312500 0.386719 0.316406 0.394531 0.316406 0.398438 0.320312 0.398438 0.343750 0.402344 0.347656 0.410156 0.347656 0.414062 0.351562 0.414062 0.355469 0.433594 0.355469 0.437500 0.359375 0.441406 0.359375 0.445312 0.363281 0.445312 0.367188 0.449219 0.371094 0.457031 0.371094 0.457031 0.347656 0.449219 0.347656 0.445312 0.343750 0.445312 0.335938 0.421875 0.335938 0.417969 0.332031 0.417969 0.316406 0.421875 0.312500 0.421875 0.300781 0.417969 0.296875 0.417969 0.289062 0.414062 0.285156 0.410156 0.285156 0.406250 0.281250 0.394531 0.281250 0.390625 0.277344 0.390625 0.257812 0.386719 0.253906
2 0.253906 0.250000 0.250000 0.253906 0.250000 0.269531 0.261719 0.281250 0.273438 0.281250 0.277344 0.285156 0.277344 0.296875 0.285156 0.296875 0.285156 0.292969 0.289062 0.289062 0.308594 0.289062 0.308594 0.281250 0.296875 0.281250 0.292969 0.277344 0.292969 0.253906 0.289062 0.250000
2 0.562500 0.203125 0.558594 0.207031 0.558594 0.214844 0.554688 0.218750 0.546875 0.218750 0.546875 0.222656 0.542969 0.226562 0.539062 0.226562 0.535156 0.230469 0.535156 0.234375 0.531250 0.238281 0.523438 0.238281 0.523438 0.246094 0.550781 0.246094 0.554688 0.242188 0.558594 0.242188 0.558594 0.238281 0.562500 0.234375 0.566406 0.234375 0.566406 0.214844 0.570312 0.210938 0.574219 0.210938 0.574219 0.203125
2 0.832031 0.179688 0.828125 0.183594 0.812500 0.183594 0.812500 0.199219 0.808594 0.203125 0.804688 0.203125 0.804688 0.214844 0.808594 0.218750 0.812500 0.218750 0.816406 0.222656 0.816406 0.226562 0.824219 0.226562 0.828125 0.230469 0.835938 0.230469 0.839844 0.234375 0.839844 0.238281 0.847656 0.238281 0.851562 0.242188 0.863281 0.242188 0.863281 0.234375 0.859375 0.230469 0.859375 0.226562 0.855469 0.226562 0.851562 0.222656 0.851562 0.207031 0.855469 0.203125 0.867188 0.203125 0.867188 0.187500 0.863281 0.183594 0.847656 0.183594 0.843750 0.179688
2 0.289062 0.136719 0.285156 0.140625 0.281250 0.140625 0.273438 0.148438 0.269531 0.148438 0.261719 0.156250 0.257812 0.156250 0.257812 0.160156 0.246094 0.171875 0.246094 0.179688 0.261719 0.179688 0.273438 0.167969 0.277344 0.167969 0.285156 0.160156 0.289062 0.160156 0.292969 0.156250 0.296875 0.156250 0.304688 0.148438 0.304688 0.140625 0.300781 0.136719
2 0.625000 0.050781 0.617188 0.058594 0.617188 0.062500 0.609375 0.070312 0.609375 0.074219 0.605469 0.078125 0.605469 0.089844 0.601562 0.093750 0.597656 0.093750 0.597656 0.101562 0.609375 0.101562 0.609375 0.097656 0.613281 0.093750 0.613281 0.089844 0.628906 0.074219 0.632812 0.074219 0.632812 0.066406 0.636719 0.062500 0.636719 0.050781
