3 0.636719 0.785156 0.632812 0.789062 0.601562 0.789062 0.601562 0.796875 0.605469 0.800781 0.605469 0.816406 0.601562 0.820312 0.601562 0.824219 0.597656 0.828125 0.593750 0.828125 0.593750 0.843750 0.589844 0.847656 0.589844 0.863281 0.597656 0.863281 0.601562 0.859375 0.601562 0.851562 0.605469 0.847656 0.605469 0.843750 0.609375 0.839844 0.609375 0.816406 0.613281 0.812500 0.636719 0.812500 0.640625 0.808594 0.648438 0.808594 0.648438 0.804688 0.656250 0.796875 0.656250 0.785156
3 0.382812 0.750000 0.382812 0.757812 0.394531 0.757812 0.394531 0.750000
3 0.417969 0.707031 0.414062 0.710938 0.414062 0.722656 0.417969 0.722656 0.421875 0.726562 0.421875 0.730469 0.449219 0.730469 0.453125 0.726562 0.468750 0.726562 0.472656 0.730469 0.472656 0.734375 0.476562 0.738281 0.496094 0.738281 0.496094 0.726562 0.484375 0.726562 0.476562 0.718750 0.464844 0.718750 0.460938 0.714844 0.449219 0.714844 0.445312 0.710938 0.429688 0.710938 0.425781 0.707031
3 0.269531 0.675781 0.269531 0.683594 0.273438 0.687500 0.277344 0.687500 0.281250 0.691406 0.285156 0.691406 0.289062 0.695312 0.292969 0.695312 0.296875 0.699219 0.300781 0.699219 0.308594 0.707031 0.320312 0.707031 0.324219 0.710938 0.324219 0.714844 0.328125 0.714844 0.335938 0.722656 0.339844 0.722656 0.343750 0.726562 0.347656 0.726562 0.359375 0.738281 0.363281 0.738281 0.367188 0.742188 0.375000 0.742188 0.375000 0.730469 0.371094 0.726562 0.367188 0.726562 0.363281 0.722656 0.363281 0.718750 0.355469 0.710938 0.339844 0.710938 0.335938 0.707031 0.335938 0.703125 0.328125 0.703125 0.316406 0.691406 0.304688 0.691406 0.296875 0.683594 0.289062 0.683594 0.285156 0.679688 0.281250 0.679688 0.277344 0.675781
3 0.382812 0.550781 0.378906 0.554688 0.367188 0.554688 0.367188 0.558594 0.363281 0.562500 0.343750 0.562500 0.343750 0.578125 0.339844 0.582031 0.328125 0.582031 0.324219 0.585938 0.308594 0.585938 0.304688 0.582031 0.304688 0.574219 0.292969 0.574219 0.289062 0.570312 0.269531 0.570312 0.265625 0.574219 0.265625 0.585938 0.273438 0.585938 0.277344 0.589844 0.285156 0.589844 0.289062 0.593750 0.289062 0.601562 0.292969 0.601562 0.296875 0.605469 0.308594 0.605469 0.312500 0.609375 0.332031 0.609375 0.335938 0.605469 0.339844 0.605469 0.343750 0.601562 0.343750 0.585938 0.347656 0.582031 0.402344 0.582031 0.402344 0.550781
3 0.882812 0.539062 0.878906 0.542969 0.871094 0.542969 0.863281 0.550781 0.851562 0.550781 0.847656 0.554688 0.820312 0.554688 0.816406 0.550781 0.804688 0.550781 0.796875 0.542969 0.781250 0.542969 0.781250 0.558594 0.785156 0.558594 0.789062 0.562500 0.789062 0.585938 0.785156 0.589844 0.773438 0.589844 0.769531 0.593750 0.769531 0.605469 0.773438 0.609375 0.777344 0.609375 0.781250 0.613281 0.792969 0.613281 0.796875 0.609375 0.824219 0.609375 0.828125 0.605469 0.847656 0.605469 0.847656 0.597656 0.851562 0.593750 0.867188 0.593750 0.871094 0.597656 0.882812 0.597656 0.886719 0.593750 0.890625 0.593750 0.894531 0.589844 0.898438 0.589844 0.898438 0.585938 0.902344 0.582031 0.902344 0.566406 0.894531 0.566406 0.890625 0.562500 0.890625 0.539062
3 0.437500 0.527344 0.437500 0.558594 0.433594 0.562500 0.425781 0.562500 0.425781 0.570312 0.441406 0.570312 0.445312 0.574219 0.445312 0.582031 0.457031 0.582031 0.460938 0.585938 0.460938 0.593750 0.468750 0.601562 0.468750 0.609375 0.472656 0.609375 0.476562 0.613281 0.476562 0.632812 0.472656 0.636719 0.433594 0.636719 0.429688 0.632812 0.394531 0.632812 0.390625 0.636719 0.390625 0.644531 0.398438 0.644531 0.402344 0.648438 0.414062 0.648438 0.417969 0.652344 0.429688 0.652344 0.433594 0.656250 0.433594 0.660156 0.460938 0.660156 0.464844 0.664062 0.472656 0.664062 0.476562 0.660156 0.484375 0.660156 0.484375 0.656250 0.488281 0.652344 0.492188 0.652344 0.492188 0.636719 0.496094 0.632812 0.500000 0.632812 0.500000 0.609375 0.503906 0.605469 0.519531 0.605469 0.519531 0.597656 0.492188 0.597656 0.488281 0.593750 0.488281 0.589844 0.484375 0.589844 0.480469 0.585938 0.480469 0.578125 0.476562 0.574219 0.476562 0.558594 0.480469 0.554688 0.488281 0.554688 0.492188 0.550781 0.496094 0.550781 0.503906 0.542969 0.503906 0.535156 0.480469 0.535156 0.472656 0.527344
3 0.660156 0.503906 0.656250 0.507812 0.648438 0.507812 0.640625 0.515625 0.636719 0.515625 0.632812 0.519531 0.625000 0.519531 0.625000 0.531250 0.628906 0.531250 0.632812 0.535156 0.632812 0.566406 0.628906 0.570312 0.617188 0.570312 0.609375 0.578125 0.609375 0.589844 0.621094 0.589844 0.625000 0.585938 0.648438 0.585938 0.652344 0.589844 0.667969 0.589844 0.671875 0.593750 0.703125 0.593750 0.703125 0.585938 0.710938 0.578125 0.710938 0.562500 0.714844 0.558594 0.714844 0.546875 0.710938 0.546875 0.707031 0.542969 0.683594 0.542969 0.679688 0.539062 0.679688 0.503906
3 0.707031 0.464844 0.703125 0.468750 0.699219 0.468750 0.699219 0.480469 0.695312 0.484375 0.687500 0.484375 0.687500 0.500000 0.699219 0.500000 0.699219 0.488281 0.703125 0.484375 0.726562 0.484375 0.730469 0.488281 0.730469 0.503906 0.726562 0.507812 0.714844 0.507812 0.714844 0.523438 0.722656 0.523438 0.726562 0.519531 0.734375 0.519531 0.738281 0.515625 0.742188 0.515625 0.750000 0.507812 0.753906 0.507812 0.753906 0.500000 0.750000 0.496094 0.746094 0.496094 0.742188 0.492188 0.742188 0.472656 0.718750 0.472656 0.714844 0.468750 0.714844 0.464844
3 0.273438 0.457031 0.273438 0.464844 0.289062 0.464844 0.289062 0.457031
3 0.312500 0.421875 0.308594 0.425781 0.304688 0.425781 0.304688 0.433594 0.300781 0.437500 0.300781 0.445312 0.308594 0.445312 0.308594 0.441406 0.312500 0.437500 0.332031 0.437500 0.332031 0.425781 0.328125 0.421875
3 0.199219 0.410156 0.199219 0.421875 0.203125 0.421875 0.207031 0.425781 0.207031 0.468750 0.203125 0.472656 0.171875 0.472656 0.167969 0.468750 0.160156 0.468750 0.156250 0.464844 0.156250 0.460938 0.148438 0.460938 0.148438 0.476562 0.152344 0.480469 0.152344 0.496094 0.175781 0.496094 0.179688 0.500000 0.179688 0.515625 0.175781 0.519531 0.171875 0.519531 0.171875 0.531250 0.183594 0.531250 0.187500 0.535156 0.199219 0.535156 0.203125 0.531250 0.210938 0.531250 0.214844 0.527344 0.238281 0.527344 0.246094 0.535156 0.253906 0.535156 0.257812 0.539062 0.257812 0.542969 0.269531 0.542969 0.269531 0.531250 0.261719 0.531250 0.257812 0.527344 0.257812 0.519531 0.253906 0.519531 0.246094 0.511719 0.222656 0.511719 0.218750 0.507812 0.218750 0.488281 0.222656 0.484375 0.230469 0.484375 0.230469 0.449219 0.234375 0.445312 0.238281 0.445312 0.242188 0.441406 0.246094 0.441406 0.250000 0.437500 0.261719 0.437500 0.265625 0.433594 0.269531 0.433594 0.269531 0.425781 0.265625 0.425781 0.261719 0.421875 0.253906 0.421875 0.253906 0.425781 0.250000 0.429688 0.234375 0.429688 0.230469 0.425781 0.230469 0.421875 0.226562 0.417969 0.226562 0.410156
3 0.382812 0.402344 0.382812 0.406250 0.378906 0.410156 0.375000 0.410156 0.375000 0.429688 0.382812 0.429688 0.386719 0.425781 0.402344 0.425781 0.410156 0.433594 0.421875 0.433594 0.421875 0.429688 0.425781 0.425781 0.437500 0.425781 0.437500 0.414062 0.433594 0.410156 0.433594 0.406250 0.417969 0.406250 0.414062 0.402344
3 0.750000 0.367188 0.746094 0.371094 0.742188 0.371094 0.742188 0.378906 0.738281 0.382812 0.738281 0.390625 0.742188 0.390625 0.746094 0.394531 0.753906 0.394531 0.757812 0.398438 0.757812 0.414062 0.753906 0.417969 0.750000 0.417969 0.750000 0.425781 0.757812 0.425781 0.757812 0.402344 0.761719 0.398438 0.804688 0.398438 0.808594 0.402344 0.808594 0.421875 0.804688 0.425781 0.781250 0.425781 0.777344 0.429688 0.769531 0.429688 0.769531 0.453125 0.765625 0.457031 0.757812 0.457031 0.753906 0.460938 0.753906 0.468750 0.773438 0.468750 0.773438 0.445312 0.777344 0.441406 0.804688 0.441406 0.808594 0.445312 0.808594 0.468750 0.859375 0.468750 0.863281 0.464844 0.898438 0.464844 0.902344 0.468750 0.902344 0.472656 0.910156 0.480469 0.910156 0.488281 0.925781 0.488281 0.925781 0.484375 0.929688 0.480469 0.929688 0.468750 0.925781 0.464844 0.925781 0.460938 0.914062 0.460938 0.910156 0.457031 0.910156 0.437500 0.914062 0.433594 0.917969 0.433594 0.921875 0.429688 0.925781 0.429688 0.925781 0.414062 0.917969 0.414062 0.914062 0.417969 0.906250 0.417969 0.898438 0.425781 0.894531 0.425781 0.890625 0.429688 0.871094 0.429688 0.867188 0.425781 0.863281 0.425781 0.859375 0.421875 0.859375 0.398438 0.855469 0.394531 0.851562 0.394531 0.847656 0.390625 0.847656 0.386719 0.839844 0.386719 0.835938 0.382812 0.820312 0.382812 0.816406 0.386719 0.781250 0.386719 0.777344 0.382812 0.777344 0.378906 0.769531 0.371094 0.761719 0.371094 0.757812 0.367188
3 0.585938 0.308594 0.585938 0.312500 0.582031 0.316406 0.582031 0.320312 0.574219 0.328125 0.570312 0.328125 0.566406 0.332031 0.562500 0.332031 0.562500 0.367188 0.558594 0.371094 0.554688 0.371094 0.550781 0.375000 0.546875 0.375000 0.546875 0.390625 0.570312 0.390625 0.574219 0.394531 0.582031 0.394531 0.585938 0.398438 0.585938 0.402344 0.597656 0.402344 0.597656 0.398438 0.605469 0.390625 0.605469 0.382812 0.601562 0.382812 0.597656 0.378906 0.597656 0.351562 0.601562 0.347656 0.605469 0.347656 0.617188 0.335938 0.617188 0.328125 0.621094 0.324219 0.636719 0.324219 0.636719 0.316406 0.605469 0.316406 0.601562 0.312500 0.601562 0.308594
3 0.359375 0.289062 0.355469 0.292969 0.351562 0.292969 0.347656 0.296875 0.343750 0.296875 0.339844 0.300781 0.339844 0.312500 0.351562 0.312500 0.363281 0.300781 0.398438 0.300781 0.398438 0.289062
3 0.265625 0.199219 0.261719 0.203125 0.250000 0.203125 0.246094 0.207031 0.242188 0.207031 0.238281 0.210938 0.234375 0.210938 0.230469 0.214844 0.226562 0.214844 0.222656 0.218750 0.214844 0.218750 0.214844 0.226562 0.210938 0.230469 0.207031 0.230469 0.207031 0.234375 0.203125 0.238281 0.195312 0.238281 0.191406 0.242188 0.191406 0.257812 0.207031 0.257812 0.210938 0.261719 0.210938 0.265625 0.253906 0.265625 0.257812 0.269531 0.257812 0.304688 0.253906 0.308594 0.238281 0.308594 0.234375 0.312500 0.214844 0.312500 0.214844 0.316406 0.210938 0.320312 0.191406 0.320312 0.191406 0.324219 0.187500 0.328125 0.187500 0.343750 0.195312 0.343750 0.199219 0.339844 0.199219 0.335938 0.203125 0.332031 0.214844 0.332031 0.218750 0.328125 0.226562 0.328125 0.230469 0.324219 0.265625 0.324219 0.269531 0.328125 0.277344 0.328125 0.281250 0.332031 0.281250 0.339844 0.292969 0.339844 0.292969 0.335938 0.296875 0.332031 0.296875 0.320312 0.289062 0.320312 0.285156 0.316406 0.285156 0.312500 0.273438 0.312500 0.269531 0.308594 0.269531 0.250000 0.265625 0.250000 0.261719 0.246094 0.261719 0.242188 0.257812 0.238281 0.257812 0.222656 0.265625 0.214844 0.269531 0.214844 0.273438 0.210938 0.273438 0.199219
3 0.515625 0.160156 0.515625 0.164062 0.511719 0.167969 0.511719 0.199219 0.507812 0.203125 0.507812 0.226562 0.511719 0.230469 0.511719 0.234375 0.523438 0.234375 0.527344 0.230469 0.527344 0.222656 0.523438 0.218750 0.523438 0.214844 0.519531 0.210938 0.519531 0.195312 0.523438 0.191406 0.523438 0.160156
3 0.437500 0.152344 0.437500 0.160156 0.433594 0.164062 0.429688 0.164062 0.425781 0.167969 0.425781 0.183594 0.429688 0.187500 0.433594 0.187500 0.437500 0.191406 0.457031 0.191406 0.464844 0.199219 0.472656 0.199219 0.472656 0.183594 0.468750 0.179688 0.468750 0.160156 0.453125 0.160156 0.449219 0.156250 0.449219 0.152344
3 0.500000 0.035156 0.500000 0.039062 0.496094 0.042969 0.496094 0.050781 0.500000 0.054688 0.515625 0.054688 0.519531 0.058594 0.519531 0.070312 0.527344 0.070312 0.531250 0.066406 0.546875 0.066406 0.546875 0.058594 0.523438 0.058594 0.519531 0.054688 0.519531 0.035156
