3 0.671875 0.894531 0.667969 0.898438 0.664062 0.898438 0.660156 0.902344 0.656250 0.902344 0.652344 0.906250 0.648438 0.906250 0.644531 0.910156 0.644531 0.917969 0.640625 0.921875 0.640625 0.941406 0.636719 0.945312 0.632812 0.945312 0.632812 0.996094 0.656250 0.996094 0.656250 0.980469 0.660156 0.976562 0.660156 0.929688 0.664062 0.925781 0.664062 0.921875 0.667969 0.917969 0.667969 0.914062 0.671875 0.910156 0.671875 0.906250 0.675781 0.902344 0.679688 0.902344 0.679688 0.894531
3 0.429688 0.820312 0.429688 0.828125 0.437500 0.828125 0.441406 0.832031 0.445312 0.832031 0.449219 0.835938 0.464844 0.835938 0.468750 0.832031 0.476562 0.832031 0.476562 0.820312
3 0.500000 0.808594 0.500000 0.816406 0.503906 0.820312 0.503906 0.832031 0.523438 0.832031 0.523438 0.816406 0.519531 0.812500 0.519531 0.808594
3 0.417969 0.734375 0.417969 0.746094 0.410156 0.753906 0.410156 0.757812 0.406250 0.761719 0.406250 0.769531 0.410156 0.773438 0.417969 0.773438 0.421875 0.769531 0.429688 0.769531 0.429688 0.765625 0.437500 0.757812 0.476562 0.757812 0.476562 0.746094 0.472656 0.742188 0.441406 0.742188 0.437500 0.738281 0.433594 0.738281 0.429688 0.734375
3 0.386719 0.722656 0.386719 0.730469 0.394531 0.730469 0.394531 0.722656
3 0.726562 0.699219 0.726562 0.703125 0.722656 0.707031 0.710938 0.707031 0.707031 0.710938 0.671875 0.710938 0.671875 0.722656 0.734375 0.722656 0.738281 0.718750 0.750000 0.718750 0.753906 0.714844 0.765625 0.714844 0.769531 0.710938 0.777344 0.710938 0.777344 0.703125 0.750000 0.703125 0.746094 0.699219
3 0.277344 0.699219 0.273438 0.703125 0.242188 0.703125 0.242188 0.707031 0.234375 0.714844 0.234375 0.722656 0.281250 0.722656 0.285156 0.718750 0.289062 0.718750 0.292969 0.714844 0.300781 0.714844 0.300781 0.703125 0.292969 0.703125 0.289062 0.699219
3 0.433594 0.664062 0.433594 0.679688 0.429688 0.683594 0.429688 0.691406 0.445312 0.691406 0.453125 0.683594 0.457031 0.683594 0.457031 0.667969 0.453125 0.664062
3 0.375000 0.621094 0.375000 0.628906 0.371094 0.632812 0.371094 0.640625 0.378906 0.640625 0.382812 0.636719 0.386719 0.636719 0.394531 0.628906 0.394531 0.621094
3 0.191406 0.597656 0.191406 0.613281 0.187500 0.617188 0.175781 0.617188 0.171875 0.621094 0.171875 0.625000 0.167969 0.628906 0.148438 0.628906 0.144531 0.632812 0.140625 0.632812 0.140625 0.640625 0.148438 0.648438 0.152344 0.648438 0.160156 0.656250 0.167969 0.656250 0.167969 0.644531 0.171875 0.640625 0.187500 0.640625 0.187500 0.636719 0.199219 0.625000 0.199219 0.621094 0.203125 0.617188 0.234375 0.617188 0.238281 0.621094 0.238281 0.632812 0.250000 0.632812 0.253906 0.636719 0.253906 0.640625 0.285156 0.640625 0.292969 0.648438 0.292969 0.656250 0.296875 0.656250 0.304688 0.664062 0.320312 0.664062 0.320312 0.648438 0.316406 0.644531 0.316406 0.625000 0.300781 0.625000 0.296875 0.621094 0.296875 0.613281 0.292969 0.613281 0.289062 0.609375 0.257812 0.609375 0.253906 0.605469 0.250000 0.605469 0.246094 0.601562 0.234375 0.601562 0.230469 0.597656
3 0.804688 0.546875 0.796875 0.554688 0.792969 0.554688 0.789062 0.558594 0.785156 0.558594 0.785156 0.562500 0.781250 0.566406 0.773438 0.566406 0.773438 0.574219 0.769531 0.578125 0.769531 0.585938 0.761719 0.593750 0.761719 0.601562 0.777344 0.601562 0.777344 0.593750 0.781250 0.589844 0.781250 0.585938 0.785156 0.582031 0.789062 0.582031 0.800781 0.570312 0.816406 0.570312 0.828125 0.558594 0.832031 0.558594 0.832031 0.546875
3 0.500000 0.515625 0.500000 0.531250 0.496094 0.535156 0.484375 0.535156 0.484375 0.542969 0.511719 0.542969 0.515625 0.546875 0.515625 0.550781 0.523438 0.550781 0.527344 0.546875 0.535156 0.546875 0.539062 0.542969 0.550781 0.542969 0.554688 0.539062 0.558594 0.539062 0.558594 0.531250 0.539062 0.531250 0.535156 0.527344 0.515625 0.527344 0.511719 0.523438 0.511719 0.519531 0.507812 0.515625
3 0.746094 0.507812 0.742188 0.511719 0.730469 0.511719 0.726562 0.515625 0.707031 0.515625 0.707031 0.527344 0.703125 0.531250 0.671875 0.531250 0.671875 0.535156 0.652344 0.554688 0.648438 0.554688 0.636719 0.566406 0.636719 0.570312 0.632812 0.574219 0.617188 0.574219 0.613281 0.578125 0.613281 0.585938 0.617188 0.589844 0.628906 0.589844 0.632812 0.585938 0.632812 0.578125 0.636719 0.574219 0.656250 0.574219 0.660156 0.570312 0.671875 0.570312 0.675781 0.566406 0.683594 0.566406 0.683594 0.554688 0.687500 0.550781 0.695312 0.550781 0.699219 0.546875 0.714844 0.546875 0.722656 0.554688 0.730469 0.554688 0.734375 0.550781 0.738281 0.550781 0.738281 0.539062 0.742188 0.535156 0.746094 0.535156 0.750000 0.531250 0.753906 0.531250 0.753906 0.507812
3 0.070312 0.468750 0.070312 0.476562 0.062500 0.484375 0.062500 0.531250 0.066406 0.535156 0.066406 0.539062 0.074219 0.546875 0.082031 0.546875 0.082031 0.535156 0.078125 0.531250 0.078125 0.511719 0.085938 0.503906 0.085938 0.484375 0.082031 0.480469 0.082031 0.468750
3 0.773438 0.402344 0.773438 0.410156 0.769531 0.414062 0.750000 0.414062 0.746094 0.417969 0.746094 0.429688 0.750000 0.429688 0.757812 0.437500 0.765625 0.437500 0.769531 0.441406 0.769531 0.449219 0.773438 0.449219 0.777344 0.453125 0.785156 0.453125 0.789062 0.449219 0.792969 0.449219 0.792969 0.437500 0.796875 0.433594 0.816406 0.433594 0.820312 0.437500 0.824219 0.437500 0.828125 0.441406 0.843750 0.441406 0.843750 0.421875 0.847656 0.417969 0.851562 0.417969 0.851562 0.406250 0.847656 0.402344 0.839844 0.402344 0.835938 0.406250 0.816406 0.406250 0.812500 0.410156 0.789062 0.410156 0.781250 0.402344
3 0.656250 0.386719 0.652344 0.390625 0.644531 0.390625 0.644531 0.402344 0.648438 0.402344 0.652344 0.406250 0.652344 0.425781 0.675781 0.425781 0.679688 0.429688 0.679688 0.433594 0.683594 0.433594 0.687500 0.437500 0.718750 0.437500 0.718750 0.433594 0.722656 0.429688 0.722656 0.414062 0.718750 0.414062 0.714844 0.410156 0.714844 0.394531 0.707031 0.394531 0.703125 0.390625 0.683594 0.390625 0.679688 0.386719
3 0.593750 0.386719 0.589844 0.390625 0.566406 0.390625 0.562500 0.394531 0.546875 0.394531 0.546875 0.398438 0.542969 0.402344 0.527344 0.402344 0.515625 0.414062 0.515625 0.425781 0.523438 0.425781 0.527344 0.421875 0.558594 0.421875 0.562500 0.425781 0.562500 0.445312 0.578125 0.445312 0.582031 0.449219 0.582031 0.476562 0.578125 0.480469 0.574219 0.480469 0.570312 0.484375 0.566406 0.484375 0.562500 0.488281 0.562500 0.496094 0.578125 0.496094 0.582031 0.500000 0.582031 0.503906 0.609375 0.503906 0.613281 0.507812 0.613281 0.519531 0.625000 0.519531 0.625000 0.511719 0.628906 0.507812 0.628906 0.480469 0.632812 0.476562 0.636719 0.476562 0.636719 0.464844 0.632812 0.460938 0.628906 0.460938 0.625000 0.457031 0.625000 0.441406 0.621094 0.437500 0.609375 0.437500 0.605469 0.433594 0.601562 0.433594 0.597656 0.429688 0.597656 0.402344 0.601562 0.398438 0.609375 0.398438 0.613281 0.394531 0.613281 0.386719
3 0.472656 0.367188 0.453125 0.386719 0.449219 0.386719 0.445312 0.390625 0.425781 0.390625 0.421875 0.394531 0.417969 0.394531 0.414062 0.398438 0.414062 0.406250 0.433594 0.406250 0.437500 0.402344 0.453125 0.402344 0.457031 0.406250 0.457031 0.429688 0.464844 0.429688 0.464844 0.417969 0.460938 0.417969 0.457031 0.414062 0.457031 0.398438 0.464844 0.390625 0.484375 0.390625 0.484375 0.378906 0.480469 0.375000 0.480469 0.367188
3 0.644531 0.292969 0.640625 0.296875 0.628906 0.296875 0.628906 0.316406 0.648438 0.316406 0.652344 0.320312 0.679688 0.320312 0.683594 0.324219 0.695312 0.324219 0.699219 0.320312 0.699219 0.304688 0.691406 0.304688 0.687500 0.300781 0.683594 0.300781 0.679688 0.296875 0.679688 0.292969
3 0.335938 0.246094 0.332031 0.250000 0.324219 0.250000 0.324219 0.253906 0.320312 0.257812 0.320312 0.261719 0.316406 0.265625 0.273438 0.265625 0.269531 0.261719 0.234375 0.261719 0.230469 0.265625 0.199219 0.265625 0.195312 0.269531 0.171875 0.269531 0.171875 0.273438 0.167969 0.277344 0.167969 0.285156 0.191406 0.285156 0.195312 0.289062 0.195312 0.316406 0.187500 0.324219 0.167969 0.324219 0.164062 0.320312 0.164062 0.312500 0.160156 0.308594 0.156250 0.308594 0.152344 0.304688 0.144531 0.304688 0.144531 0.312500 0.140625 0.316406 0.136719 0.316406 0.136719 0.335938 0.132812 0.339844 0.125000 0.339844 0.121094 0.343750 0.117188 0.343750 0.113281 0.347656 0.113281 0.355469 0.109375 0.359375 0.105469 0.359375 0.105469 0.367188 0.109375 0.367188 0.113281 0.371094 0.113281 0.386719 0.109375 0.390625 0.101562 0.390625 0.101562 0.394531 0.097656 0.398438 0.093750 0.398438 0.093750 0.410156 0.089844 0.414062 0.085938 0.414062 0.085938 0.421875 0.093750 0.421875 0.097656 0.425781 0.113281 0.425781 0.117188 0.421875 0.136719 0.421875 0.140625 0.425781 0.140625 0.441406 0.148438 0.441406 0.152344 0.445312 0.160156 0.445312 0.164062 0.449219 0.164062 0.457031 0.167969 0.460938 0.167969 0.464844 0.171875 0.468750 0.171875 0.472656 0.195312 0.472656 0.199219 0.476562 0.210938 0.476562 0.214844 0.480469 0.214844 0.500000 0.218750 0.500000 0.222656 0.503906 0.230469 0.503906 0.234375 0.500000 0.238281 0.500000 0.242188 0.496094 0.246094 0.496094 0.246094 0.492188 0.250000 0.488281 0.250000 0.484375 0.253906 0.480469 0.253906 0.457031 0.257812 0.453125 0.269531 0.453125 0.273438 0.449219 0.277344 0.449219 0.277344 0.433594 0.285156 0.425781 0.285156 0.417969 0.289062 0.414062 0.308594 0.414062 0.312500 0.417969 0.312500 0.437500 0.324219 0.437500 0.324219 0.398438 0.328125 0.394531 0.343750 0.394531 0.347656 0.398438 0.347656 0.445312 0.343750 0.449219 0.335938 0.449219 0.335938 0.468750 0.332031 0.472656 0.332031 0.480469 0.335938 0.480469 0.343750 0.488281 0.351562 0.488281 0.351562 0.484375 0.355469 0.480469 0.378906 0.480469 0.382812 0.484375 0.382812 0.488281 0.402344 0.488281 0.406250 0.492188 0.406250 0.503906 0.414062 0.503906 0.414062 0.484375 0.421875 0.476562 0.425781 0.476562 0.425781 0.472656 0.429688 0.468750 0.433594 0.468750 0.433594 0.460938 0.425781 0.453125 0.417969 0.453125 0.410156 0.460938 0.394531 0.460938 0.390625 0.457031 0.390625 0.445312 0.386719 0.441406 0.386719 0.417969 0.382812 0.417969 0.378906 0.414062 0.375000 0.414062 0.363281 0.402344 0.363281 0.390625 0.359375 0.386719 0.355469 0.386719 0.351562 0.382812 0.332031 0.382812 0.324219 0.375000 0.324219 0.351562 0.328125 0.347656 0.375000 0.347656 0.375000 0.328125 0.378906 0.324219 0.394531 0.324219 0.394531 0.316406 0.386719 0.316406 0.382812 0.312500 0.375000 0.312500 0.371094 0.308594 0.371094 0.300781 0.355469 0.300781 0.351562 0.304688 0.351562 0.312500 0.347656 0.316406 0.347656 0.324219 0.343750 0.328125 0.324219 0.328125 0.320312 0.324219 0.320312 0.316406 0.316406 0.316406 0.312500 0.312500 0.312500 0.308594 0.304688 0.308594 0.296875 0.316406 0.296875 0.328125 0.300781 0.328125 0.304688 0.332031 0.304688 0.355469 0.308594 0.359375 0.308594 0.367188 0.316406 0.367188 0.320312 0.371094 0.320312 0.390625 0.316406 0.394531 0.289062 0.394531 0.285156 0.390625 0.285156 0.375000 0.273438 0.375000 0.269531 0.378906 0.250000 0.378906 0.242188 0.371094 0.242188 0.367188 0.234375 0.359375 0.234375 0.343750 0.238281 0.339844 0.238281 0.332031 0.234375 0.328125 0.234375 0.304688 0.238281 0.300781 0.277344 0.300781 0.277344 0.296875 0.285156 0.289062 0.292969 0.289062 0.296875 0.285156 0.300781 0.285156 0.308594 0.277344 0.332031 0.277344 0.335938 0.273438 0.359375 0.273438 0.359375 0.265625 0.351562 0.257812 0.351562 0.246094
3 0.511719 0.171875 0.507812 0.175781 0.503906 0.175781 0.500000 0.179688 0.500000 0.214844 0.496094 0.218750 0.488281 0.218750 0.484375 0.222656 0.468750 0.222656 0.464844 0.218750 0.464844 0.214844 0.449219 0.214844 0.445312 0.210938 0.445312 0.207031 0.437500 0.207031 0.437500 0.214844 0.441406 0.218750 0.441406 0.230469 0.453125 0.230469 0.457031 0.234375 0.460938 0.234375 0.464844 0.238281 0.488281 0.238281 0.492188 0.242188 0.492188 0.246094 0.496094 0.246094 0.500000 0.250000 0.511719 0.250000 0.511719 0.246094 0.515625 0.242188 0.519531 0.242188 0.519531 0.234375 0.511719 0.234375 0.507812 0.230469 0.507812 0.214844 0.511719 0.210938 0.539062 0.210938 0.542969 0.214844 0.542969 0.218750 0.546875 0.218750 0.550781 0.222656 0.554688 0.222656 0.558594 0.226562 0.566406 0.226562 0.574219 0.234375 0.574219 0.269531 0.570312 0.273438 0.558594 0.273438 0.558594 0.281250 0.554688 0.285156 0.554688 0.292969 0.558594 0.296875 0.558594 0.300781 0.566406 0.300781 0.570312 0.296875 0.601562 0.296875 0.605469 0.292969 0.621094 0.292969 0.621094 0.277344 0.617188 0.277344 0.613281 0.273438 0.597656 0.273438 0.593750 0.269531 0.593750 0.250000 0.589844 0.250000 0.585938 0.246094 0.585938 0.214844 0.589844 0.210938 0.589844 0.199219 0.585938 0.199219 0.582031 0.195312 0.574219 0.195312 0.570312 0.191406 0.570312 0.183594 0.566406 0.183594 0.558594 0.175781 0.558594 0.171875 0.550781 0.171875 0.550781 0.191406 0.546875 0.195312 0.531250 0.195312 0.527344 0.191406 0.527344 0.179688 0.519531 0.171875
3 0.285156 0.156250 0.285156 0.175781 0.281250 0.179688 0.281250 0.183594 0.277344 0.187500 0.253906 0.187500 0.253906 0.199219 0.261719 0.207031 0.261719 0.214844 0.289062 0.214844 0.289062 0.210938 0.292969 0.207031 0.292969 0.203125 0.296875 0.199219 0.296875 0.191406 0.300781 0.187500 0.320312 0.187500 0.324219 0.183594 0.324219 0.171875 0.308594 0.171875 0.304688 0.167969 0.304688 0.156250
