3 0.382812 0.949219 0.371094 0.960938 0.371094 0.968750 0.402344 0.968750 0.406250 0.972656 0.414062 0.972656 0.417969 0.968750 0.417969 0.960938 0.398438 0.960938 0.394531 0.957031 0.394531 0.953125 0.390625 0.949219
3 0.441406 0.937500 0.441406 0.941406 0.437500 0.945312 0.433594 0.945312 0.433594 0.953125 0.441406 0.953125 0.445312 0.949219 0.449219 0.949219 0.453125 0.945312 0.453125 0.937500
3 0.574219 0.777344 0.574219 0.785156 0.589844 0.785156 0.589844 0.777344
3 0.421875 0.667969 0.421875 0.699219 0.417969 0.703125 0.417969 0.710938 0.414062 0.714844 0.414062 0.726562 0.417969 0.730469 0.421875 0.730469 0.425781 0.734375 0.441406 0.734375 0.441406 0.718750 0.445312 0.714844 0.445312 0.695312 0.441406 0.695312 0.437500 0.691406 0.437500 0.671875 0.433594 0.667969
3 0.609375 0.648438 0.609375 0.660156 0.613281 0.664062 0.628906 0.664062 0.632812 0.667969 0.632812 0.691406 0.644531 0.691406 0.648438 0.687500 0.648438 0.679688 0.652344 0.675781 0.656250 0.675781 0.664062 0.667969 0.671875 0.667969 0.671875 0.660156 0.652344 0.660156 0.644531 0.652344 0.625000 0.652344 0.621094 0.648438
3 0.394531 0.625000 0.390625 0.628906 0.390625 0.636719 0.394531 0.640625 0.394531 0.648438 0.398438 0.652344 0.398438 0.656250 0.417969 0.656250 0.417969 0.648438 0.421875 0.644531 0.437500 0.644531 0.441406 0.640625 0.441406 0.632812 0.433594 0.632812 0.429688 0.628906 0.406250 0.628906 0.402344 0.625000
3 0.316406 0.621094 0.316406 0.636719 0.324219 0.644531 0.324219 0.660156 0.328125 0.664062 0.328125 0.671875 0.335938 0.671875 0.339844 0.667969 0.351562 0.667969 0.367188 0.652344 0.371094 0.652344 0.371094 0.644531 0.367188 0.640625 0.367188 0.632812 0.355469 0.632812 0.351562 0.636719 0.332031 0.636719 0.328125 0.632812 0.328125 0.625000 0.324219 0.621094
3 0.789062 0.609375 0.789062 0.613281 0.785156 0.617188 0.785156 0.640625 0.781250 0.644531 0.769531 0.644531 0.765625 0.648438 0.765625 0.660156 0.773438 0.660156 0.777344 0.664062 0.792969 0.664062 0.796875 0.660156 0.800781 0.660156 0.800781 0.656250 0.804688 0.652344 0.816406 0.652344 0.820312 0.648438 0.824219 0.648438 0.824219 0.640625 0.820312 0.640625 0.816406 0.636719 0.816406 0.617188 0.808594 0.609375
3 0.679688 0.523438 0.679688 0.531250 0.675781 0.535156 0.660156 0.535156 0.660156 0.539062 0.656250 0.542969 0.652344 0.542969 0.652344 0.550781 0.656250 0.550781 0.660156 0.554688 0.667969 0.554688 0.671875 0.558594 0.671875 0.578125 0.683594 0.578125 0.687500 0.574219 0.687500 0.558594 0.691406 0.554688 0.695312 0.554688 0.695312 0.535156 0.699219 0.531250 0.699219 0.523438
3 0.234375 0.507812 0.222656 0.519531 0.191406 0.519531 0.191406 0.535156 0.195312 0.535156 0.199219 0.539062 0.210938 0.539062 0.214844 0.535156 0.214844 0.531250 0.218750 0.527344 0.250000 0.527344 0.250000 0.523438 0.253906 0.519531 0.253906 0.511719 0.250000 0.507812
3 0.738281 0.488281 0.734375 0.492188 0.722656 0.492188 0.718750 0.496094 0.718750 0.503906 0.722656 0.507812 0.726562 0.507812 0.730469 0.511719 0.746094 0.511719 0.753906 0.519531 0.753906 0.531250 0.765625 0.531250 0.769531 0.527344 0.773438 0.527344 0.773438 0.523438 0.781250 0.515625 0.789062 0.515625 0.789062 0.507812 0.785156 0.503906 0.781250 0.503906 0.777344 0.500000 0.761719 0.500000 0.757812 0.496094 0.753906 0.496094 0.746094 0.488281
3 0.292969 0.480469 0.289062 0.484375 0.285156 0.484375 0.285156 0.492188 0.289062 0.492188 0.292969 0.496094 0.308594 0.496094 0.312500 0.500000 0.316406 0.500000 0.320312 0.503906 0.320312 0.511719 0.328125 0.519531 0.343750 0.519531 0.347656 0.515625 0.351562 0.515625 0.355469 0.511719 0.359375 0.511719 0.363281 0.507812 0.371094 0.507812 0.371094 0.503906 0.375000 0.500000 0.394531 0.500000 0.398438 0.503906 0.406250 0.503906 0.406250 0.496094 0.402344 0.492188 0.390625 0.492188 0.386719 0.496094 0.355469 0.496094 0.351562 0.492188 0.343750 0.492188 0.335938 0.484375 0.332031 0.484375 0.328125 0.480469
3 0.652344 0.457031 0.644531 0.464844 0.640625 0.464844 0.636719 0.468750 0.628906 0.468750 0.628906 0.476562 0.632812 0.480469 0.640625 0.480469 0.644531 0.484375 0.648438 0.484375 0.652344 0.488281 0.687500 0.488281 0.695312 0.480469 0.695312 0.468750 0.683594 0.468750 0.675781 0.460938 0.671875 0.460938 0.667969 0.457031
3 0.507812 0.453125 0.503906 0.457031 0.484375 0.457031 0.484375 0.476562 0.480469 0.480469 0.480469 0.492188 0.484375 0.496094 0.484375 0.511719 0.488281 0.515625 0.488281 0.523438 0.492188 0.527344 0.492188 0.554688 0.488281 0.558594 0.488281 0.597656 0.484375 0.601562 0.484375 0.628906 0.480469 0.632812 0.480469 0.644531 0.484375 0.644531 0.488281 0.648438 0.488281 0.679688 0.484375 0.683594 0.484375 0.695312 0.488281 0.699219 0.488281 0.738281 0.484375 0.742188 0.484375 0.773438 0.480469 0.777344 0.480469 0.781250 0.476562 0.785156 0.476562 0.789062 0.460938 0.804688 0.449219 0.804688 0.441406 0.812500 0.425781 0.812500 0.425781 0.820312 0.441406 0.820312 0.445312 0.824219 0.496094 0.824219 0.500000 0.828125 0.500000 0.832031 0.507812 0.832031 0.507812 0.824219 0.515625 0.816406 0.515625 0.812500 0.531250 0.796875 0.535156 0.796875 0.535156 0.792969 0.539062 0.789062 0.546875 0.789062 0.546875 0.781250 0.527344 0.781250 0.523438 0.777344 0.511719 0.777344 0.507812 0.773438 0.507812 0.753906 0.511719 0.750000 0.511719 0.746094 0.515625 0.742188 0.531250 0.742188 0.531250 0.730469 0.515625 0.730469 0.511719 0.726562 0.511719 0.710938 0.507812 0.707031 0.507812 0.683594 0.511719 0.679688 0.515625 0.679688 0.515625 0.675781 0.523438 0.667969 0.523438 0.660156 0.515625 0.660156 0.511719 0.656250 0.511719 0.597656 0.507812 0.593750 0.507812 0.585938 0.503906 0.582031 0.503906 0.535156 0.507812 0.531250 0.507812 0.507812 0.511719 0.503906 0.535156 0.503906 0.542969 0.496094 0.550781 0.496094 0.554688 0.492188 0.566406 0.492188 0.570312 0.488281 0.574219 0.488281 0.574219 0.476562 0.554688 0.476562 0.550781 0.472656 0.550781 0.457031 0.519531 0.457031 0.515625 0.453125
3 0.312500 0.433594 0.312500 0.441406 0.320312 0.441406 0.320312 0.433594
3 0.785156 0.417969 0.781250 0.421875 0.777344 0.421875 0.773438 0.425781 0.761719 0.425781 0.757812 0.429688 0.746094 0.429688 0.742188 0.433594 0.734375 0.433594 0.734375 0.437500 0.730469 0.441406 0.730469 0.449219 0.773438 0.449219 0.777344 0.453125 0.777344 0.464844 0.781250 0.464844 0.785156 0.468750 0.816406 0.468750 0.820312 0.472656 0.820312 0.484375 0.824219 0.488281 0.828125 0.488281 0.832031 0.492188 0.847656 0.492188 0.847656 0.484375 0.851562 0.480469 0.851562 0.472656 0.828125 0.472656 0.824219 0.468750 0.824219 0.453125 0.828125 0.449219 0.855469 0.449219 0.859375 0.445312 0.863281 0.445312 0.863281 0.437500 0.859375 0.433594 0.843750 0.433594 0.839844 0.429688 0.839844 0.421875 0.835938 0.421875 0.832031 0.417969
3 0.187500 0.386719 0.183594 0.390625 0.183594 0.410156 0.179688 0.414062 0.160156 0.414062 0.156250 0.417969 0.156250 0.429688 0.187500 0.429688 0.191406 0.433594 0.191406 0.449219 0.195312 0.453125 0.203125 0.453125 0.207031 0.449219 0.210938 0.449219 0.210938 0.437500 0.214844 0.433594 0.238281 0.433594 0.242188 0.437500 0.257812 0.437500 0.257812 0.433594 0.261719 0.429688 0.265625 0.429688 0.273438 0.421875 0.296875 0.421875 0.296875 0.414062 0.273438 0.414062 0.269531 0.410156 0.218750 0.410156 0.214844 0.406250 0.203125 0.406250 0.199219 0.402344 0.199219 0.394531 0.195312 0.390625 0.195312 0.386719
3 0.312500 0.378906 0.312500 0.386719 0.316406 0.386719 0.320312 0.390625 0.320312 0.394531 0.324219 0.398438 0.324219 0.417969 0.378906 0.417969 0.382812 0.414062 0.410156 0.414062 0.414062 0.410156 0.417969 0.410156 0.429688 0.398438 0.429688 0.390625 0.351562 0.390625 0.347656 0.386719 0.335938 0.386719 0.332031 0.382812 0.332031 0.378906
3 0.707031 0.355469 0.703125 0.359375 0.699219 0.359375 0.695312 0.363281 0.695312 0.382812 0.691406 0.386719 0.671875 0.386719 0.671875 0.398438 0.679688 0.398438 0.683594 0.402344 0.683594 0.406250 0.707031 0.406250 0.707031 0.386719 0.710938 0.382812 0.714844 0.382812 0.714844 0.371094 0.718750 0.367188 0.718750 0.355469
3 0.761719 0.273438 0.757812 0.277344 0.753906 0.277344 0.750000 0.281250 0.750000 0.285156 0.746094 0.289062 0.742188 0.289062 0.734375 0.296875 0.726562 0.296875 0.722656 0.300781 0.714844 0.300781 0.710938 0.304688 0.707031 0.304688 0.695312 0.316406 0.695312 0.328125 0.722656 0.328125 0.722656 0.324219 0.742188 0.304688 0.746094 0.304688 0.750000 0.300781 0.765625 0.300781 0.769531 0.304688 0.769531 0.312500 0.773438 0.316406 0.812500 0.316406 0.816406 0.320312 0.816406 0.324219 0.828125 0.324219 0.832031 0.328125 0.855469 0.328125 0.855469 0.312500 0.851562 0.308594 0.851562 0.304688 0.843750 0.296875 0.824219 0.296875 0.820312 0.300781 0.804688 0.300781 0.800781 0.296875 0.792969 0.296875 0.789062 0.292969 0.789062 0.273438
3 0.167969 0.253906 0.164062 0.257812 0.148438 0.257812 0.144531 0.261719 0.136719 0.261719 0.132812 0.265625 0.128906 0.265625 0.128906 0.277344 0.136719 0.277344 0.140625 0.281250 0.140625 0.316406 0.148438 0.316406 0.148438 0.304688 0.152344 0.300781 0.179688 0.300781 0.183594 0.304688 0.183594 0.328125 0.179688 0.332031 0.164062 0.332031 0.164062 0.347656 0.160156 0.351562 0.160156 0.363281 0.195312 0.363281 0.195312 0.324219 0.199219 0.320312 0.199219 0.316406 0.207031 0.308594 0.207031 0.296875 0.210938 0.292969 0.214844 0.292969 0.218750 0.289062 0.222656 0.289062 0.222656 0.277344 0.214844 0.269531 0.187500 0.269531 0.183594 0.265625 0.183594 0.253906
3 0.480469 0.250000 0.476562 0.253906 0.476562 0.281250 0.464844 0.292969 0.460938 0.292969 0.457031 0.296875 0.457031 0.320312 0.453125 0.324219 0.453125 0.328125 0.449219 0.332031 0.449219 0.339844 0.468750 0.339844 0.472656 0.343750 0.472656 0.351562 0.476562 0.355469 0.492188 0.355469 0.496094 0.359375 0.496094 0.378906 0.488281 0.386719 0.488281 0.394531 0.476562 0.406250 0.468750 0.406250 0.468750 0.421875 0.464844 0.425781 0.464844 0.445312 0.480469 0.445312 0.480469 0.429688 0.484375 0.425781 0.488281 0.425781 0.496094 0.417969 0.500000 0.417969 0.507812 0.410156 0.507812 0.371094 0.500000 0.371094 0.496094 0.367188 0.496094 0.335938 0.500000 0.332031 0.507812 0.332031 0.511719 0.328125 0.535156 0.328125 0.539062 0.324219 0.539062 0.316406 0.535156 0.312500 0.535156 0.304688 0.531250 0.300781 0.527344 0.300781 0.523438 0.296875 0.523438 0.281250 0.519531 0.277344 0.519531 0.273438 0.500000 0.273438 0.496094 0.269531 0.496094 0.253906 0.492188 0.250000
3 0.863281 0.238281 0.863281 0.246094 0.859375 0.250000 0.839844 0.250000 0.835938 0.246094 0.828125 0.246094 0.824219 0.250000 0.816406 0.250000 0.812500 0.253906 0.796875 0.253906 0.796875 0.265625 0.863281 0.265625 0.867188 0.261719 0.902344 0.261719 0.902344 0.253906 0.894531 0.246094 0.894531 0.242188 0.890625 0.242188 0.886719 0.238281
3 0.511719 0.078125 0.511719 0.082031 0.507812 0.085938 0.507812 0.093750 0.511719 0.097656 0.511719 0.132812 0.507812 0.136719 0.507812 0.152344 0.503906 0.156250 0.488281 0.156250 0.484375 0.160156 0.480469 0.160156 0.480469 0.167969 0.484375 0.171875 0.484375 0.175781 0.488281 0.179688 0.492188 0.179688 0.496094 0.183594 0.507812 0.183594 0.511719 0.187500 0.511719 0.191406 0.515625 0.195312 0.515625 0.199219 0.523438 0.199219 0.535156 0.187500 0.535156 0.179688 0.527344 0.171875 0.527344 0.093750 0.523438 0.089844 0.523438 0.082031 0.519531 0.078125
