3 0.628906 0.839844 0.628906 0.851562 0.625000 0.855469 0.625000 0.867188 0.621094 0.871094 0.621094 0.882812 0.617188 0.886719 0.617188 0.890625 0.605469 0.902344 0.605469 0.910156 0.593750 0.921875 0.589844 0.921875 0.589844 0.929688 0.605469 0.929688 0.609375 0.933594 0.617188 0.933594 0.617188 0.929688 0.621094 0.925781 0.621094 0.906250 0.625000 0.902344 0.628906 0.902344 0.632812 0.898438 0.632812 0.894531 0.640625 0.886719 0.640625 0.867188 0.644531 0.863281 0.644531 0.847656 0.636719 0.839844
3 0.292969 0.671875 0.292969 0.679688 0.296875 0.683594 0.300781 0.683594 0.308594 0.691406 0.312500 0.691406 0.320312 0.699219 0.324219 0.699219 0.328125 0.703125 0.332031 0.703125 0.335938 0.707031 0.343750 0.707031 0.347656 0.710938 0.347656 0.714844 0.351562 0.714844 0.359375 0.722656 0.363281 0.722656 0.371094 0.730469 0.378906 0.730469 0.378906 0.722656 0.363281 0.707031 0.347656 0.707031 0.343750 0.703125 0.343750 0.695312 0.339844 0.695312 0.335938 0.691406 0.335938 0.683594 0.320312 0.683594 0.316406 0.679688 0.308594 0.679688 0.300781 0.671875
3 0.570312 0.644531 0.570312 0.652344 0.574219 0.656250 0.574219 0.683594 0.585938 0.683594 0.589844 0.687500 0.589844 0.703125 0.601562 0.703125 0.605469 0.707031 0.617188 0.707031 0.617188 0.703125 0.621094 0.699219 0.621094 0.683594 0.625000 0.679688 0.625000 0.671875 0.617188 0.671875 0.613281 0.667969 0.613281 0.656250 0.605469 0.656250 0.601562 0.660156 0.585938 0.660156 0.582031 0.656250 0.582031 0.648438 0.578125 0.644531
3 0.460938 0.613281 0.460938 0.632812 0.453125 0.640625 0.429688 0.640625 0.429688 0.644531 0.425781 0.648438 0.406250 0.648438 0.402344 0.644531 0.402344 0.640625 0.394531 0.640625 0.394531 0.648438 0.414062 0.648438 0.417969 0.652344 0.417969 0.656250 0.429688 0.656250 0.433594 0.660156 0.445312 0.660156 0.457031 0.671875 0.464844 0.671875 0.468750 0.667969 0.476562 0.667969 0.476562 0.660156 0.480469 0.656250 0.488281 0.656250 0.488281 0.644531 0.468750 0.644531 0.464844 0.640625 0.464844 0.625000 0.468750 0.621094 0.472656 0.621094 0.472656 0.613281
3 0.558594 0.589844 0.558594 0.593750 0.554688 0.597656 0.550781 0.597656 0.550781 0.601562 0.546875 0.605469 0.542969 0.605469 0.539062 0.609375 0.531250 0.609375 0.531250 0.617188 0.535156 0.621094 0.535156 0.628906 0.539062 0.628906 0.546875 0.636719 0.554688 0.636719 0.554688 0.617188 0.558594 0.613281 0.562500 0.613281 0.566406 0.609375 0.570312 0.609375 0.570312 0.597656 0.566406 0.593750 0.566406 0.589844
3 0.417969 0.566406 0.417969 0.578125 0.437500 0.578125 0.441406 0.582031 0.441406 0.593750 0.449219 0.593750 0.453125 0.589844 0.457031 0.589844 0.457031 0.582031 0.453125 0.578125 0.445312 0.578125 0.441406 0.574219 0.441406 0.570312 0.437500 0.570312 0.433594 0.566406
3 0.832031 0.562500 0.824219 0.570312 0.812500 0.570312 0.808594 0.574219 0.792969 0.574219 0.792969 0.582031 0.796875 0.582031 0.800781 0.585938 0.808594 0.585938 0.812500 0.589844 0.824219 0.589844 0.832031 0.597656 0.832031 0.605469 0.835938 0.609375 0.835938 0.632812 0.843750 0.632812 0.843750 0.617188 0.847656 0.613281 0.859375 0.613281 0.859375 0.589844 0.855469 0.589844 0.851562 0.585938 0.851562 0.570312 0.847656 0.566406 0.847656 0.562500
3 0.386719 0.546875 0.386719 0.550781 0.382812 0.554688 0.367188 0.554688 0.359375 0.562500 0.355469 0.562500 0.347656 0.570312 0.339844 0.570312 0.335938 0.574219 0.312500 0.574219 0.304688 0.566406 0.281250 0.566406 0.277344 0.570312 0.269531 0.570312 0.269531 0.582031 0.281250 0.582031 0.289062 0.589844 0.289062 0.593750 0.292969 0.597656 0.296875 0.597656 0.304688 0.605469 0.339844 0.605469 0.343750 0.601562 0.347656 0.601562 0.347656 0.585938 0.351562 0.582031 0.375000 0.582031 0.378906 0.585938 0.386719 0.585938 0.390625 0.582031 0.394531 0.582031 0.394531 0.562500 0.398438 0.558594 0.398438 0.550781 0.394531 0.546875
3 0.609375 0.527344 0.605469 0.531250 0.605469 0.539062 0.621094 0.539062 0.625000 0.542969 0.625000 0.578125 0.621094 0.582031 0.601562 0.582031 0.597656 0.585938 0.593750 0.585938 0.593750 0.601562 0.605469 0.601562 0.609375 0.597656 0.613281 0.597656 0.617188 0.593750 0.636719 0.593750 0.644531 0.601562 0.648438 0.601562 0.656250 0.609375 0.660156 0.609375 0.664062 0.613281 0.671875 0.613281 0.671875 0.601562 0.675781 0.597656 0.683594 0.597656 0.683594 0.562500 0.679688 0.558594 0.667969 0.558594 0.664062 0.554688 0.664062 0.531250 0.652344 0.531250 0.648438 0.527344
3 0.722656 0.394531 0.718750 0.398438 0.714844 0.398438 0.710938 0.402344 0.707031 0.402344 0.707031 0.410156 0.714844 0.410156 0.718750 0.414062 0.722656 0.414062 0.726562 0.417969 0.726562 0.421875 0.769531 0.421875 0.773438 0.425781 0.773438 0.441406 0.769531 0.445312 0.753906 0.445312 0.750000 0.449219 0.730469 0.449219 0.730469 0.464844 0.738281 0.464844 0.742188 0.460938 0.769531 0.460938 0.773438 0.464844 0.773438 0.488281 0.855469 0.488281 0.859375 0.492188 0.859375 0.500000 0.867188 0.507812 0.867188 0.511719 0.878906 0.511719 0.878906 0.492188 0.875000 0.492188 0.867188 0.484375 0.867188 0.460938 0.875000 0.453125 0.878906 0.453125 0.878906 0.445312 0.875000 0.441406 0.859375 0.441406 0.855469 0.445312 0.847656 0.445312 0.843750 0.449219 0.824219 0.449219 0.820312 0.445312 0.820312 0.417969 0.816406 0.417969 0.812500 0.414062 0.804688 0.414062 0.800781 0.410156 0.753906 0.410156 0.742188 0.398438 0.738281 0.398438 0.734375 0.394531
3 0.332031 0.394531 0.332031 0.406250 0.328125 0.410156 0.316406 0.410156 0.312500 0.414062 0.289062 0.414062 0.285156 0.417969 0.238281 0.417969 0.234375 0.414062 0.234375 0.402344 0.214844 0.402344 0.210938 0.406250 0.210938 0.414062 0.214844 0.417969 0.218750 0.417969 0.222656 0.421875 0.222656 0.437500 0.214844 0.445312 0.214844 0.457031 0.210938 0.460938 0.210938 0.468750 0.207031 0.472656 0.187500 0.472656 0.183594 0.468750 0.183594 0.460938 0.179688 0.457031 0.171875 0.457031 0.167969 0.453125 0.164062 0.453125 0.160156 0.449219 0.148438 0.449219 0.148438 0.457031 0.156250 0.464844 0.156250 0.468750 0.160156 0.472656 0.160156 0.484375 0.167969 0.484375 0.171875 0.488281 0.171875 0.511719 0.179688 0.519531 0.179688 0.523438 0.191406 0.523438 0.195312 0.527344 0.218750 0.527344 0.222656 0.523438 0.242188 0.523438 0.246094 0.527344 0.261719 0.527344 0.265625 0.531250 0.265625 0.539062 0.273438 0.539062 0.277344 0.535156 0.277344 0.527344 0.265625 0.527344 0.261719 0.523438 0.261719 0.503906 0.257812 0.503906 0.253906 0.500000 0.253906 0.464844 0.242188 0.464844 0.238281 0.460938 0.238281 0.441406 0.242188 0.437500 0.250000 0.437500 0.253906 0.433594 0.265625 0.433594 0.269531 0.429688 0.292969 0.429688 0.296875 0.433594 0.296875 0.437500 0.300781 0.441406 0.308594 0.441406 0.312500 0.445312 0.324219 0.445312 0.324219 0.441406 0.328125 0.437500 0.335938 0.437500 0.335938 0.421875 0.339844 0.417969 0.339844 0.414062 0.343750 0.410156 0.359375 0.410156 0.367188 0.417969 0.367188 0.429688 0.371094 0.429688 0.375000 0.433594 0.402344 0.433594 0.406250 0.437500 0.417969 0.437500 0.421875 0.433594 0.425781 0.433594 0.425781 0.429688 0.429688 0.425781 0.437500 0.425781 0.441406 0.421875 0.453125 0.421875 0.453125 0.414062 0.429688 0.414062 0.425781 0.410156 0.386719 0.410156 0.382812 0.406250 0.375000 0.406250 0.371094 0.402344 0.371094 0.398438 0.343750 0.398438 0.339844 0.394531
3 0.539062 0.343750 0.535156 0.347656 0.531250 0.347656 0.531250 0.355469 0.527344 0.359375 0.515625 0.359375 0.515625 0.375000 0.519531 0.375000 0.523438 0.378906 0.523438 0.406250 0.527344 0.406250 0.531250 0.410156 0.531250 0.414062 0.539062 0.414062 0.539062 0.406250 0.542969 0.402344 0.542969 0.382812 0.546875 0.378906 0.562500 0.378906 0.562500 0.371094 0.558594 0.367188 0.558594 0.347656 0.554688 0.343750
3 0.500000 0.332031 0.500000 0.339844 0.507812 0.339844 0.507812 0.332031
3 0.230469 0.308594 0.230469 0.316406 0.226562 0.320312 0.210938 0.320312 0.207031 0.316406 0.199219 0.316406 0.199219 0.328125 0.203125 0.328125 0.207031 0.332031 0.207031 0.335938 0.214844 0.335938 0.222656 0.328125 0.234375 0.328125 0.238281 0.324219 0.277344 0.324219 0.281250 0.328125 0.281250 0.343750 0.296875 0.343750 0.296875 0.324219 0.289062 0.316406 0.281250 0.316406 0.277344 0.312500 0.273438 0.312500 0.269531 0.308594
3 0.347656 0.269531 0.343750 0.273438 0.343750 0.277344 0.339844 0.281250 0.332031 0.281250 0.332031 0.335938 0.339844 0.335938 0.339844 0.324219 0.343750 0.320312 0.359375 0.320312 0.363281 0.316406 0.363281 0.312500 0.367188 0.308594 0.375000 0.308594 0.375000 0.296875 0.371094 0.292969 0.371094 0.269531
3 0.265625 0.218750 0.261719 0.222656 0.257812 0.222656 0.257812 0.238281 0.253906 0.242188 0.246094 0.242188 0.242188 0.246094 0.238281 0.246094 0.238281 0.250000 0.234375 0.253906 0.234375 0.261719 0.238281 0.265625 0.253906 0.265625 0.257812 0.269531 0.265625 0.269531 0.269531 0.265625 0.285156 0.265625 0.289062 0.261719 0.296875 0.261719 0.300781 0.257812 0.300781 0.250000 0.292969 0.250000 0.289062 0.246094 0.289062 0.242188 0.277344 0.242188 0.273438 0.238281 0.273438 0.218750
3 0.402344 0.171875 0.402344 0.179688 0.406250 0.179688 0.429688 0.203125 0.429688 0.210938 0.433594 0.210938 0.437500 0.214844 0.437500 0.218750 0.445312 0.226562 0.457031 0.226562 0.464844 0.218750 0.476562 0.218750 0.480469 0.214844 0.480469 0.207031 0.472656 0.199219 0.472656 0.179688 0.464844 0.179688 0.457031 0.171875 0.445312 0.171875 0.441406 0.175781 0.414062 0.175781 0.410156 0.171875
