3 0.433594 0.992188 0.433594 0.996094 0.441406 0.996094 0.441406 0.992188
3 0.484375 0.847656 0.484375 0.855469 0.488281 0.855469 0.492188 0.859375 0.503906 0.859375 0.507812 0.863281 0.507812 0.878906 0.503906 0.882812 0.503906 0.902344 0.500000 0.906250 0.500000 0.910156 0.496094 0.914062 0.496094 0.917969 0.484375 0.929688 0.484375 0.941406 0.464844 0.960938 0.464844 0.964844 0.460938 0.968750 0.460938 0.976562 0.468750 0.976562 0.472656 0.972656 0.492188 0.972656 0.496094 0.976562 0.503906 0.976562 0.507812 0.972656 0.507812 0.968750 0.511719 0.964844 0.515625 0.964844 0.515625 0.960938 0.519531 0.957031 0.519531 0.945312 0.527344 0.937500 0.527344 0.929688 0.523438 0.925781 0.523438 0.882812 0.531250 0.875000 0.531250 0.871094 0.535156 0.867188 0.535156 0.855469 0.511719 0.855469 0.507812 0.851562 0.507812 0.847656
3 0.574219 0.695312 0.570312 0.699219 0.539062 0.699219 0.531250 0.707031 0.531250 0.710938 0.527344 0.714844 0.515625 0.714844 0.515625 0.722656 0.531250 0.722656 0.531250 0.718750 0.535156 0.714844 0.554688 0.714844 0.558594 0.718750 0.566406 0.718750 0.570312 0.714844 0.570312 0.707031 0.574219 0.703125 0.582031 0.703125 0.582031 0.695312
3 0.718750 0.640625 0.714844 0.644531 0.714844 0.652344 0.718750 0.656250 0.718750 0.660156 0.722656 0.664062 0.730469 0.664062 0.734375 0.667969 0.757812 0.667969 0.761719 0.671875 0.769531 0.671875 0.773438 0.667969 0.781250 0.667969 0.781250 0.660156 0.777344 0.656250 0.757812 0.656250 0.750000 0.648438 0.742188 0.648438 0.738281 0.644531 0.738281 0.640625
3 0.242188 0.593750 0.238281 0.597656 0.238281 0.605469 0.242188 0.609375 0.250000 0.609375 0.253906 0.613281 0.253906 0.621094 0.257812 0.625000 0.257812 0.628906 0.292969 0.628906 0.296875 0.625000 0.300781 0.625000 0.304688 0.621094 0.304688 0.605469 0.281250 0.605469 0.277344 0.601562 0.277344 0.593750
3 0.851562 0.589844 0.843750 0.597656 0.835938 0.597656 0.828125 0.605469 0.820312 0.605469 0.816406 0.609375 0.816406 0.625000 0.824219 0.632812 0.824219 0.652344 0.847656 0.652344 0.859375 0.640625 0.863281 0.640625 0.863281 0.617188 0.867188 0.613281 0.875000 0.613281 0.878906 0.609375 0.878906 0.601562 0.867188 0.601562 0.863281 0.597656 0.863281 0.589844
3 0.632812 0.585938 0.632812 0.597656 0.640625 0.597656 0.644531 0.601562 0.644531 0.636719 0.652344 0.636719 0.652344 0.632812 0.656250 0.628906 0.660156 0.628906 0.664062 0.625000 0.667969 0.625000 0.667969 0.609375 0.671875 0.605469 0.679688 0.605469 0.679688 0.597656 0.675781 0.597656 0.671875 0.593750 0.648438 0.593750 0.644531 0.589844 0.644531 0.585938
3 0.414062 0.554688 0.410156 0.558594 0.410156 0.585938 0.406250 0.589844 0.375000 0.589844 0.371094 0.585938 0.371094 0.574219 0.363281 0.574219 0.359375 0.578125 0.351562 0.578125 0.347656 0.582031 0.343750 0.582031 0.339844 0.585938 0.328125 0.585938 0.324219 0.589844 0.324219 0.597656 0.328125 0.597656 0.335938 0.605469 0.335938 0.609375 0.355469 0.609375 0.359375 0.605469 0.359375 0.593750 0.363281 0.589844 0.378906 0.589844 0.382812 0.593750 0.382812 0.601562 0.394531 0.601562 0.398438 0.605469 0.414062 0.605469 0.417969 0.609375 0.417969 0.617188 0.429688 0.617188 0.433594 0.621094 0.433594 0.636719 0.437500 0.636719 0.441406 0.640625 0.484375 0.640625 0.488281 0.644531 0.488281 0.652344 0.492188 0.656250 0.492188 0.660156 0.496094 0.660156 0.500000 0.664062 0.500000 0.667969 0.503906 0.671875 0.511719 0.671875 0.511719 0.660156 0.515625 0.656250 0.515625 0.648438 0.519531 0.644531 0.523438 0.644531 0.531250 0.636719 0.531250 0.628906 0.527344 0.625000 0.515625 0.625000 0.515625 0.636719 0.511719 0.640625 0.472656 0.640625 0.468750 0.636719 0.468750 0.632812 0.457031 0.632812 0.445312 0.621094 0.433594 0.621094 0.429688 0.617188 0.429688 0.585938 0.433594 0.582031 0.453125 0.582031 0.453125 0.578125 0.457031 0.574219 0.457031 0.566406 0.449219 0.566406 0.441406 0.558594 0.441406 0.554688
3 0.156250 0.476562 0.156250 0.507812 0.179688 0.507812 0.183594 0.511719 0.183594 0.550781 0.187500 0.550781 0.191406 0.554688 0.191406 0.558594 0.203125 0.558594 0.203125 0.554688 0.207031 0.550781 0.222656 0.550781 0.226562 0.554688 0.234375 0.554688 0.238281 0.558594 0.250000 0.558594 0.250000 0.550781 0.246094 0.546875 0.246094 0.535156 0.242188 0.535156 0.238281 0.531250 0.238281 0.527344 0.234375 0.527344 0.230469 0.523438 0.210938 0.523438 0.207031 0.519531 0.203125 0.519531 0.199219 0.515625 0.195312 0.515625 0.191406 0.511719 0.191406 0.496094 0.183594 0.488281 0.183594 0.484375 0.171875 0.484375 0.164062 0.476562
3 0.406250 0.417969 0.402344 0.421875 0.398438 0.421875 0.394531 0.425781 0.382812 0.425781 0.375000 0.433594 0.375000 0.449219 0.382812 0.449219 0.386719 0.445312 0.402344 0.445312 0.406250 0.449219 0.406250 0.453125 0.417969 0.453125 0.425781 0.445312 0.433594 0.445312 0.433594 0.425781 0.429688 0.425781 0.425781 0.421875 0.425781 0.417969
3 0.226562 0.417969 0.222656 0.421875 0.218750 0.421875 0.218750 0.433594 0.226562 0.441406 0.226562 0.457031 0.222656 0.460938 0.218750 0.460938 0.214844 0.464844 0.207031 0.464844 0.207031 0.472656 0.218750 0.472656 0.222656 0.476562 0.238281 0.476562 0.238281 0.464844 0.242188 0.460938 0.246094 0.460938 0.246094 0.457031 0.250000 0.453125 0.257812 0.453125 0.261719 0.449219 0.277344 0.449219 0.281250 0.453125 0.281250 0.480469 0.289062 0.480469 0.289062 0.472656 0.292969 0.468750 0.308594 0.468750 0.308594 0.460938 0.312500 0.457031 0.328125 0.457031 0.332031 0.453125 0.335938 0.453125 0.335938 0.441406 0.332031 0.437500 0.316406 0.437500 0.312500 0.433594 0.312500 0.429688 0.304688 0.429688 0.300781 0.433594 0.273438 0.433594 0.269531 0.437500 0.261719 0.437500 0.257812 0.441406 0.242188 0.441406 0.238281 0.437500 0.238281 0.421875 0.234375 0.417969
3 0.746094 0.406250 0.746094 0.414062 0.750000 0.417969 0.750000 0.421875 0.753906 0.425781 0.792969 0.425781 0.796875 0.429688 0.796875 0.445312 0.800781 0.449219 0.808594 0.449219 0.812500 0.445312 0.828125 0.445312 0.832031 0.449219 0.832031 0.464844 0.828125 0.468750 0.820312 0.468750 0.820312 0.488281 0.816406 0.492188 0.812500 0.492188 0.808594 0.496094 0.796875 0.496094 0.796875 0.507812 0.800781 0.511719 0.812500 0.511719 0.816406 0.507812 0.820312 0.507812 0.824219 0.503906 0.832031 0.503906 0.835938 0.500000 0.886719 0.500000 0.890625 0.503906 0.890625 0.519531 0.898438 0.527344 0.898438 0.535156 0.906250 0.535156 0.914062 0.527344 0.917969 0.527344 0.917969 0.500000 0.910156 0.500000 0.906250 0.496094 0.906250 0.484375 0.886719 0.484375 0.882812 0.480469 0.867188 0.480469 0.863281 0.476562 0.863281 0.460938 0.855469 0.460938 0.851562 0.457031 0.851562 0.441406 0.855469 0.437500 0.855469 0.429688 0.847656 0.421875 0.843750 0.421875 0.839844 0.417969 0.839844 0.414062 0.835938 0.410156 0.824219 0.410156 0.820312 0.414062 0.800781 0.414062 0.796875 0.417969 0.777344 0.417969 0.773438 0.414062 0.773438 0.410156 0.757812 0.410156 0.753906 0.406250
3 0.503906 0.343750 0.503906 0.351562 0.500000 0.355469 0.500000 0.363281 0.515625 0.363281 0.523438 0.371094 0.527344 0.371094 0.531250 0.375000 0.546875 0.375000 0.550781 0.378906 0.550781 0.382812 0.566406 0.382812 0.570312 0.386719 0.582031 0.386719 0.585938 0.382812 0.597656 0.382812 0.597656 0.375000 0.542969 0.375000 0.539062 0.371094 0.539062 0.363281 0.531250 0.363281 0.527344 0.359375 0.523438 0.359375 0.519531 0.355469 0.519531 0.343750
3 0.359375 0.289062 0.351562 0.296875 0.351562 0.304688 0.355469 0.308594 0.355469 0.324219 0.351562 0.328125 0.351562 0.332031 0.347656 0.335938 0.347656 0.347656 0.355469 0.347656 0.355469 0.339844 0.359375 0.335938 0.363281 0.335938 0.363281 0.332031 0.367188 0.328125 0.378906 0.328125 0.382812 0.324219 0.390625 0.324219 0.390625 0.312500 0.371094 0.312500 0.367188 0.308594 0.367188 0.289062
3 0.312500 0.210938 0.312500 0.214844 0.308594 0.218750 0.296875 0.218750 0.285156 0.230469 0.277344 0.230469 0.273438 0.234375 0.261719 0.234375 0.257812 0.238281 0.253906 0.238281 0.253906 0.242188 0.250000 0.246094 0.246094 0.246094 0.246094 0.257812 0.253906 0.257812 0.257812 0.261719 0.257812 0.269531 0.269531 0.281250 0.281250 0.281250 0.285156 0.277344 0.292969 0.277344 0.308594 0.261719 0.312500 0.261719 0.316406 0.257812 0.316406 0.250000 0.308594 0.250000 0.304688 0.246094 0.304688 0.230469 0.308594 0.226562 0.308594 0.222656 0.312500 0.218750 0.320312 0.218750 0.320312 0.210938
3 0.535156 0.171875 0.535156 0.199219 0.531250 0.203125 0.531250 0.210938 0.527344 0.214844 0.515625 0.214844 0.515625 0.222656 0.519531 0.226562 0.535156 0.226562 0.539062 0.222656 0.550781 0.222656 0.550781 0.187500 0.546875 0.187500 0.542969 0.183594 0.542969 0.171875
3 0.472656 0.164062 0.468750 0.167969 0.464844 0.167969 0.460938 0.171875 0.460938 0.175781 0.457031 0.179688 0.457031 0.191406 0.468750 0.203125 0.492188 0.203125 0.496094 0.199219 0.496094 0.191406 0.492188 0.187500 0.492188 0.167969 0.484375 0.167969 0.480469 0.164062
