3 0.296875 0.789062 0.296875 0.796875 0.300781 0.800781 0.304688 0.800781 0.308594 0.804688 0.320312 0.804688 0.320312 0.792969 0.316406 0.789062
3 0.187500 0.667969 0.183594 0.671875 0.175781 0.671875 0.175781 0.679688 0.179688 0.683594 0.179688 0.703125 0.203125 0.703125 0.210938 0.710938 0.210938 0.734375 0.222656 0.746094 0.222656 0.750000 0.226562 0.753906 0.226562 0.757812 0.234375 0.757812 0.242188 0.765625 0.242188 0.785156 0.246094 0.789062 0.261719 0.789062 0.265625 0.785156 0.265625 0.777344 0.257812 0.777344 0.253906 0.773438 0.250000 0.773438 0.246094 0.769531 0.246094 0.753906 0.238281 0.746094 0.238281 0.726562 0.234375 0.722656 0.234375 0.707031 0.238281 0.703125 0.253906 0.703125 0.257812 0.707031 0.277344 0.707031 0.281250 0.710938 0.300781 0.710938 0.304688 0.707031 0.304688 0.695312 0.300781 0.691406 0.300781 0.687500 0.292969 0.687500 0.285156 0.695312 0.269531 0.695312 0.265625 0.699219 0.242188 0.699219 0.238281 0.695312 0.238281 0.687500 0.222656 0.687500 0.214844 0.679688 0.203125 0.679688 0.199219 0.675781 0.199219 0.667969
3 0.156250 0.636719 0.156250 0.644531 0.164062 0.644531 0.164062 0.636719
3 0.125000 0.625000 0.125000 0.632812 0.136719 0.632812 0.136719 0.625000
3 0.656250 0.578125 0.656250 0.585938 0.664062 0.585938 0.664062 0.578125
3 0.792969 0.554688 0.777344 0.570312 0.777344 0.578125 0.808594 0.578125 0.812500 0.582031 0.812500 0.589844 0.820312 0.597656 0.828125 0.597656 0.828125 0.589844 0.832031 0.585938 0.832031 0.566406 0.812500 0.566406 0.808594 0.562500 0.808594 0.554688
3 0.093750 0.546875 0.085938 0.554688 0.062500 0.554688 0.062500 0.562500 0.070312 0.570312 0.070312 0.574219 0.074219 0.578125 0.074219 0.585938 0.078125 0.589844 0.078125 0.597656 0.082031 0.601562 0.082031 0.605469 0.089844 0.605469 0.089844 0.601562 0.093750 0.597656 0.105469 0.597656 0.105469 0.593750 0.109375 0.589844 0.109375 0.546875
3 0.851562 0.464844 0.847656 0.468750 0.843750 0.468750 0.839844 0.472656 0.824219 0.472656 0.824219 0.476562 0.820312 0.480469 0.812500 0.480469 0.812500 0.492188 0.820312 0.492188 0.824219 0.496094 0.832031 0.496094 0.835938 0.492188 0.835938 0.480469 0.839844 0.476562 0.867188 0.476562 0.871094 0.480469 0.871094 0.500000 0.867188 0.503906 0.867188 0.515625 0.875000 0.515625 0.875000 0.488281 0.878906 0.484375 0.882812 0.484375 0.882812 0.472656 0.875000 0.472656 0.871094 0.468750 0.867188 0.468750 0.863281 0.464844
3 0.113281 0.382812 0.109375 0.386719 0.093750 0.386719 0.093750 0.402344 0.101562 0.402344 0.105469 0.406250 0.105469 0.441406 0.132812 0.441406 0.136719 0.445312 0.136719 0.464844 0.140625 0.468750 0.144531 0.468750 0.148438 0.472656 0.160156 0.472656 0.164062 0.476562 0.195312 0.476562 0.199219 0.480469 0.222656 0.480469 0.222656 0.464844 0.230469 0.457031 0.234375 0.457031 0.246094 0.445312 0.246094 0.441406 0.250000 0.437500 0.253906 0.437500 0.257812 0.433594 0.265625 0.433594 0.265625 0.425781 0.269531 0.421875 0.285156 0.421875 0.285156 0.414062 0.281250 0.414062 0.277344 0.410156 0.269531 0.410156 0.269531 0.417969 0.265625 0.421875 0.250000 0.421875 0.246094 0.417969 0.246094 0.402344 0.230469 0.402344 0.226562 0.406250 0.167969 0.406250 0.164062 0.402344 0.164062 0.398438 0.148438 0.398438 0.140625 0.390625 0.136719 0.390625 0.128906 0.382812
3 0.859375 0.367188 0.859375 0.378906 0.863281 0.382812 0.863281 0.386719 0.875000 0.386719 0.878906 0.390625 0.878906 0.414062 0.882812 0.417969 0.882812 0.441406 0.886719 0.445312 0.898438 0.445312 0.898438 0.437500 0.902344 0.433594 0.902344 0.429688 0.910156 0.421875 0.910156 0.417969 0.914062 0.414062 0.929688 0.414062 0.929688 0.406250 0.925781 0.402344 0.925781 0.394531 0.921875 0.394531 0.914062 0.386719 0.902344 0.386719 0.898438 0.382812 0.898438 0.375000 0.871094 0.375000 0.867188 0.371094 0.867188 0.367188
3 0.843750 0.351562 0.843750 0.359375 0.851562 0.359375 0.851562 0.351562
3 0.167969 0.269531 0.167969 0.285156 0.160156 0.292969 0.160156 0.300781 0.156250 0.304688 0.152344 0.304688 0.152344 0.324219 0.148438 0.328125 0.132812 0.328125 0.128906 0.332031 0.125000 0.332031 0.121094 0.335938 0.113281 0.335938 0.113281 0.355469 0.128906 0.355469 0.132812 0.351562 0.136719 0.351562 0.140625 0.347656 0.140625 0.343750 0.144531 0.339844 0.144531 0.332031 0.148438 0.328125 0.164062 0.328125 0.164062 0.316406 0.167969 0.312500 0.171875 0.312500 0.179688 0.304688 0.179688 0.289062 0.175781 0.285156 0.175781 0.269531
3 0.777344 0.250000 0.777344 0.277344 0.773438 0.281250 0.773438 0.289062 0.777344 0.289062 0.781250 0.292969 0.792969 0.292969 0.796875 0.289062 0.800781 0.289062 0.800781 0.281250 0.796875 0.277344 0.796875 0.269531 0.789062 0.269531 0.785156 0.265625 0.785156 0.250000
3 0.218750 0.250000 0.218750 0.257812 0.226562 0.257812 0.226562 0.250000
3 0.292969 0.203125 0.289062 0.207031 0.277344 0.207031 0.253906 0.230469 0.250000 0.230469 0.250000 0.238281 0.261719 0.238281 0.265625 0.242188 0.277344 0.242188 0.281250 0.246094 0.292969 0.246094 0.296875 0.242188 0.296875 0.226562 0.300781 0.222656 0.308594 0.222656 0.308594 0.203125
3 0.679688 0.074219 0.679688 0.078125 0.671875 0.085938 0.636719 0.085938 0.632812 0.089844 0.628906 0.089844 0.628906 0.093750 0.625000 0.097656 0.621094 0.097656 0.621094 0.109375 0.625000 0.113281 0.625000 0.117188 0.628906 0.117188 0.632812 0.121094 0.632812 0.125000 0.636719 0.125000 0.640625 0.128906 0.644531 0.128906 0.648438 0.132812 0.648438 0.136719 0.652344 0.140625 0.652344 0.164062 0.648438 0.167969 0.648438 0.187500 0.644531 0.191406 0.636719 0.191406 0.628906 0.199219 0.625000 0.199219 0.625000 0.203125 0.621094 0.207031 0.613281 0.207031 0.605469 0.214844 0.605469 0.218750 0.597656 0.226562 0.597656 0.234375 0.593750 0.238281 0.574219 0.238281 0.570312 0.242188 0.558594 0.242188 0.554688 0.246094 0.554688 0.269531 0.550781 0.273438 0.550781 0.304688 0.542969 0.312500 0.539062 0.312500 0.539062 0.316406 0.535156 0.320312 0.535156 0.332031 0.546875 0.332031 0.550781 0.335938 0.550781 0.351562 0.546875 0.355469 0.542969 0.355469 0.539062 0.359375 0.539062 0.382812 0.535156 0.386719 0.511719 0.386719 0.507812 0.390625 0.503906 0.390625 0.500000 0.394531 0.480469 0.394531 0.476562 0.390625 0.476562 0.371094 0.472656 0.367188 0.472656 0.363281 0.464844 0.363281 0.460938 0.367188 0.445312 0.367188 0.437500 0.359375 0.433594 0.359375 0.429688 0.355469 0.425781 0.355469 0.410156 0.339844 0.410156 0.335938 0.382812 0.335938 0.375000 0.328125 0.367188 0.328125 0.363281 0.324219 0.359375 0.324219 0.355469 0.320312 0.355469 0.296875 0.359375 0.292969 0.359375 0.289062 0.363281 0.285156 0.414062 0.285156 0.417969 0.289062 0.441406 0.289062 0.445312 0.292969 0.445312 0.300781 0.449219 0.304688 0.472656 0.304688 0.476562 0.300781 0.476562 0.292969 0.480469 0.289062 0.496094 0.289062 0.496094 0.277344 0.492188 0.273438 0.492188 0.250000 0.496094 0.246094 0.500000 0.246094 0.500000 0.226562 0.503906 0.222656 0.515625 0.222656 0.515625 0.214844 0.511719 0.210938 0.511719 0.195312 0.503906 0.195312 0.500000 0.191406 0.484375 0.191406 0.480469 0.187500 0.480469 0.167969 0.468750 0.167969 0.464844 0.171875 0.460938 0.171875 0.460938 0.175781 0.453125 0.183594 0.433594 0.183594 0.429688 0.179688 0.421875 0.179688 0.414062 0.187500 0.414062 0.195312 0.425781 0.195312 0.429688 0.191406 0.480469 0.191406 0.484375 0.195312 0.484375 0.207031 0.496094 0.207031 0.500000 0.210938 0.500000 0.234375 0.496094 0.238281 0.492188 0.238281 0.492188 0.261719 0.488281 0.265625 0.476562 0.265625 0.472656 0.269531 0.453125 0.269531 0.449219 0.265625 0.433594 0.265625 0.429688 0.261719 0.429688 0.246094 0.421875 0.246094 0.417969 0.242188 0.394531 0.242188 0.390625 0.238281 0.359375 0.238281 0.355469 0.234375 0.320312 0.234375 0.320312 0.242188 0.324219 0.246094 0.324219 0.265625 0.328125 0.269531 0.328125 0.277344 0.332031 0.281250 0.332031 0.304688 0.335938 0.308594 0.335938 0.324219 0.328125 0.332031 0.320312 0.332031 0.320312 0.335938 0.316406 0.339844 0.312500 0.339844 0.308594 0.343750 0.304688 0.343750 0.304688 0.363281 0.292969 0.375000 0.289062 0.375000 0.289062 0.382812 0.292969 0.386719 0.300781 0.386719 0.304688 0.390625 0.312500 0.390625 0.316406 0.386719 0.316406 0.367188 0.320312 0.363281 0.335938 0.363281 0.339844 0.359375 0.359375 0.359375 0.367188 0.367188 0.367188 0.371094 0.371094 0.375000 0.371094 0.390625 0.367188 0.394531 0.355469 0.394531 0.355469 0.414062 0.347656 0.421875 0.347656 0.425781 0.339844 0.433594 0.335938 0.433594 0.332031 0.437500 0.289062 0.437500 0.289062 0.453125 0.292969 0.457031 0.300781 0.457031 0.308594 0.464844 0.316406 0.464844 0.320312 0.468750 0.332031 0.468750 0.339844 0.476562 0.343750 0.476562 0.351562 0.484375 0.351562 0.488281 0.355469 0.492188 0.359375 0.492188 0.363281 0.496094 0.363281 0.511719 0.359375 0.515625 0.339844 0.515625 0.335938 0.511719 0.332031 0.511719 0.328125 0.507812 0.316406 0.507812 0.312500 0.503906 0.300781 0.503906 0.296875 0.507812 0.281250 0.507812 0.273438 0.500000 0.269531 0.500000 0.261719 0.492188 0.250000 0.492188 0.250000 0.503906 0.253906 0.507812 0.261719 0.507812 0.269531 0.515625 0.269531 0.523438 0.273438 0.523438 0.277344 0.527344 0.277344 0.546875 0.273438 0.550781 0.273438 0.554688 0.269531 0.558594 0.265625 0.558594 0.265625 0.570312 0.261719 0.574219 0.238281 0.574219 0.234375 0.570312 0.234375 0.562500 0.230469 0.558594 0.222656 0.558594 0.218750 0.554688 0.218750 0.546875 0.214844 0.542969 0.210938 0.542969 0.207031 0.539062 0.179688 0.539062 0.175781 0.535156 0.175781 0.531250 0.164062 0.531250 0.164062 0.539062 0.171875 0.546875 0.171875 0.562500 0.183594 0.562500 0.187500 0.566406 0.199219 0.566406 0.203125 0.570312 0.203125 0.585938 0.199219 0.589844 0.195312 0.589844 0.191406 0.593750 0.191406 0.601562 0.195312 0.605469 0.203125 0.605469 0.207031 0.601562 0.214844 0.601562 0.214844 0.585938 0.218750 0.582031 0.242188 0.582031 0.246094 0.585938 0.246094 0.593750 0.250000 0.593750 0.253906 0.597656 0.253906 0.605469 0.261719 0.605469 0.265625 0.609375 0.265625 0.625000 0.261719 0.628906 0.257812 0.628906 0.257812 0.636719 0.261719 0.640625 0.269531 0.640625 0.273438 0.644531 0.292969 0.644531 0.292969 0.636719 0.296875 0.632812 0.296875 0.625000 0.300781 0.621094 0.332031 0.621094 0.335938 0.625000 0.335938 0.632812 0.398438 0.632812 0.402344 0.636719 0.410156 0.636719 0.414062 0.640625 0.421875 0.640625 0.425781 0.644531 0.425781 0.660156 0.421875 0.664062 0.417969 0.664062 0.417969 0.671875 0.421875 0.675781 0.421875 0.691406 0.417969 0.695312 0.386719 0.695312 0.382812 0.691406 0.378906 0.691406 0.375000 0.687500 0.363281 0.687500 0.359375 0.683594 0.355469 0.683594 0.351562 0.679688 0.351562 0.671875 0.339844 0.671875 0.335938 0.667969 0.324219 0.667969 0.324219 0.675781 0.332031 0.683594 0.332031 0.695312 0.339844 0.695312 0.343750 0.699219 0.343750 0.714844 0.339844 0.718750 0.335938 0.718750 0.335938 0.726562 0.347656 0.726562 0.351562 0.730469 0.359375 0.730469 0.363281 0.734375 0.378906 0.734375 0.382812 0.738281 0.382812 0.746094 0.386719 0.746094 0.394531 0.753906 0.394531 0.796875 0.390625 0.800781 0.378906 0.800781 0.375000 0.804688 0.359375 0.804688 0.359375 0.816406 0.367188 0.816406 0.367188 0.812500 0.371094 0.808594 0.390625 0.808594 0.394531 0.804688 0.406250 0.804688 0.406250 0.789062 0.410156 0.785156 0.410156 0.777344 0.414062 0.773438 0.429688 0.773438 0.437500 0.781250 0.437500 0.785156 0.449219 0.785156 0.449219 0.777344 0.453125 0.773438 0.460938 0.773438 0.460938 0.769531 0.464844 0.765625 0.468750 0.765625 0.468750 0.757812 0.472656 0.753906 0.492188 0.753906 0.496094 0.757812 0.496094 0.773438 0.492188 0.777344 0.492188 0.792969 0.488281 0.796875 0.457031 0.796875 0.457031 0.808594 0.453125 0.812500 0.445312 0.812500 0.445312 0.820312 0.457031 0.820312 0.460938 0.816406 0.480469 0.816406 0.484375 0.820312 0.492188 0.820312 0.500000 0.812500 0.500000 0.804688 0.503906 0.800781 0.535156 0.800781 0.535156 0.792969 0.531250 0.792969 0.527344 0.789062 0.527344 0.785156 0.515625 0.785156 0.511719 0.781250 0.511719 0.765625 0.515625 0.761719 0.519531 0.761719 0.519531 0.757812 0.527344 0.750000 0.531250 0.750000 0.535156 0.746094 0.554688 0.746094 0.558594 0.750000 0.558594 0.753906 0.574219 0.753906 0.582031 0.761719 0.601562 0.761719 0.605469 0.757812 0.609375 0.757812 0.609375 0.750000 0.613281 0.746094 0.617188 0.746094 0.625000 0.738281 0.625000 0.734375 0.628906 0.730469 0.640625 0.730469 0.640625 0.710938 0.644531 0.707031 0.660156 0.707031 0.664062 0.710938 0.675781 0.710938 0.675781 0.703125 0.679688 0.699219 0.683594 0.699219 0.683594 0.687500 0.632812 0.687500 0.628906 0.683594 0.628906 0.679688 0.625000 0.675781 0.625000 0.648438 0.628906 0.644531 0.656250 0.644531 0.660156 0.648438 0.703125 0.648438 0.703125 0.640625 0.707031 0.636719 0.742188 0.636719 0.742188 0.625000 0.738281 0.621094 0.738281 0.617188 0.734375 0.613281 0.734375 0.605469 0.730469 0.601562 0.714844 0.601562 0.714844 0.609375 0.699219 0.625000 0.695312 0.625000 0.687500 0.632812 0.679688 0.632812 0.675781 0.636719 0.652344 0.636719 0.644531 0.628906 0.613281 0.628906 0.609375 0.625000 0.593750 0.625000 0.589844 0.628906 0.582031 0.628906 0.578125 0.632812 0.574219 0.632812 0.570312 0.636719 0.558594 0.636719 0.554688 0.640625 0.531250 0.640625 0.527344 0.636719 0.527344 0.605469 0.535156 0.597656 0.554688 0.597656 0.558594 0.593750 0.558594 0.570312 0.562500 0.566406 0.585938 0.566406 0.585938 0.542969 0.589844 0.539062 0.609375 0.539062 0.609375 0.527344 0.613281 0.523438 0.636719 0.523438 0.640625 0.519531 0.660156 0.519531 0.664062 0.523438 0.679688 0.523438 0.687500 0.515625 0.699219 0.515625 0.699219 0.507812 0.695312 0.503906 0.664062 0.503906 0.660156 0.500000 0.644531 0.500000 0.644531 0.503906 0.640625 0.507812 0.632812 0.507812 0.625000 0.515625 0.609375 0.515625 0.605469 0.511719 0.605469 0.492188 0.613281 0.484375 0.628906 0.484375 0.628906 0.468750 0.632812 0.464844 0.640625 0.464844 0.644531 0.460938 0.644531 0.457031 0.648438 0.453125 0.699219 0.453125 0.703125 0.457031 0.722656 0.457031 0.726562 0.460938 0.753906 0.460938 0.753906 0.437500 0.757812 0.433594 0.757812 0.421875 0.761719 0.417969 0.765625 0.417969 0.769531 0.414062 0.769531 0.406250 0.765625 0.402344 0.753906 0.402344 0.753906 0.406250 0.746094 0.414062 0.742188 0.414062 0.738281 0.417969 0.703125 0.417969 0.699219 0.414062 0.699219 0.398438 0.703125 0.394531 0.722656 0.394531 0.726562 0.390625 0.726562 0.363281 0.730469 0.359375 0.734375 0.359375 0.738281 0.355469 0.742188 0.355469 0.746094 0.351562 0.750000 0.351562 0.750000 0.339844 0.746094 0.339844 0.742188 0.335938 0.742188 0.324219 0.734375 0.324219 0.734375 0.332031 0.730469 0.335938 0.722656 0.335938 0.718750 0.339844 0.714844 0.339844 0.714844 0.343750 0.710938 0.347656 0.683594 0.347656 0.679688 0.343750 0.664062 0.343750 0.660156 0.347656 0.648438 0.347656 0.648438 0.363281 0.644531 0.367188 0.628906 0.367188 0.625000 0.363281 0.601562 0.363281 0.601562 0.371094 0.597656 0.375000 0.593750 0.375000 0.585938 0.382812 0.582031 0.382812 0.578125 0.386719 0.562500 0.386719 0.554688 0.378906 0.554688 0.351562 0.558594 0.347656 0.589844 0.347656 0.589844 0.339844 0.593750 0.335938 0.597656 0.335938 0.597656 0.328125 0.585938 0.328125 0.582031 0.324219 0.582031 0.304688 0.585938 0.300781 0.601562 0.300781 0.601562 0.285156 0.605469 0.281250 0.632812 0.281250 0.636719 0.277344 0.648438 0.277344 0.648438 0.261719 0.652344 0.257812 0.652344 0.253906 0.656250 0.250000 0.664062 0.250000 0.667969 0.246094 0.714844 0.246094 0.718750 0.242188 0.718750 0.234375 0.667969 0.234375 0.664062 0.230469 0.664062 0.207031 0.667969 0.203125 0.675781 0.203125 0.675781 0.195312 0.679688 0.191406 0.710938 0.191406 0.710938 0.179688 0.699219 0.179688 0.695312 0.183594 0.695312 0.187500 0.691406 0.191406 0.667969 0.191406 0.664062 0.187500 0.664062 0.171875 0.660156 0.167969 0.660156 0.132812 0.656250 0.128906 0.652344 0.128906 0.648438 0.125000 0.648438 0.105469 0.652344 0.101562 0.656250 0.101562 0.664062 0.093750 0.691406 0.093750 0.695312 0.089844 0.695312 0.074219
3 0.726562 0.050781 0.726562 0.054688 0.722656 0.058594 0.707031 0.058594 0.707031 0.066406 0.718750 0.066406 0.718750 0.062500 0.722656 0.058594 0.734375 0.058594 0.734375 0.050781
