3 0.515625 0.820312 0.515625 0.851562 0.519531 0.851562 0.523438 0.855469 0.531250 0.855469 0.535156 0.859375 0.535156 0.882812 0.542969 0.882812 0.542969 0.855469 0.546875 0.851562 0.546875 0.843750 0.542969 0.843750 0.539062 0.839844 0.531250 0.839844 0.527344 0.835938 0.527344 0.820312
3 0.542969 0.792969 0.542969 0.800781 0.550781 0.800781 0.550781 0.792969
3 0.328125 0.726562 0.328125 0.750000 0.320312 0.757812 0.308594 0.757812 0.304688 0.761719 0.304688 0.777344 0.308594 0.781250 0.308594 0.796875 0.304688 0.800781 0.292969 0.800781 0.292969 0.812500 0.300781 0.812500 0.304688 0.816406 0.316406 0.816406 0.320312 0.820312 0.328125 0.820312 0.332031 0.824219 0.339844 0.824219 0.343750 0.828125 0.375000 0.828125 0.378906 0.832031 0.378906 0.835938 0.386719 0.835938 0.390625 0.839844 0.417969 0.839844 0.421875 0.843750 0.433594 0.843750 0.437500 0.847656 0.445312 0.847656 0.445312 0.828125 0.460938 0.812500 0.460938 0.800781 0.457031 0.796875 0.441406 0.796875 0.437500 0.800781 0.425781 0.800781 0.421875 0.804688 0.421875 0.808594 0.417969 0.812500 0.417969 0.820312 0.414062 0.824219 0.371094 0.824219 0.363281 0.816406 0.363281 0.800781 0.359375 0.800781 0.355469 0.796875 0.351562 0.796875 0.347656 0.792969 0.335938 0.792969 0.328125 0.785156 0.328125 0.769531 0.335938 0.761719 0.339844 0.761719 0.343750 0.757812 0.347656 0.757812 0.347656 0.738281 0.343750 0.734375 0.343750 0.726562
3 0.257812 0.636719 0.257812 0.644531 0.253906 0.648438 0.253906 0.652344 0.250000 0.656250 0.250000 0.664062 0.257812 0.664062 0.261719 0.667969 0.265625 0.667969 0.269531 0.671875 0.269531 0.679688 0.292969 0.679688 0.296875 0.675781 0.328125 0.675781 0.332031 0.671875 0.332031 0.664062 0.328125 0.660156 0.328125 0.656250 0.324219 0.656250 0.320312 0.652344 0.273438 0.652344 0.269531 0.648438 0.269531 0.636719
3 0.328125 0.585938 0.328125 0.597656 0.347656 0.597656 0.355469 0.605469 0.355469 0.609375 0.359375 0.613281 0.367188 0.613281 0.371094 0.617188 0.378906 0.617188 0.382812 0.613281 0.386719 0.613281 0.386719 0.601562 0.378906 0.593750 0.378906 0.589844 0.375000 0.585938
3 0.558594 0.550781 0.554688 0.554688 0.554688 0.558594 0.550781 0.562500 0.542969 0.562500 0.539062 0.566406 0.539062 0.570312 0.535156 0.574219 0.535156 0.582031 0.531250 0.585938 0.531250 0.593750 0.554688 0.593750 0.558594 0.597656 0.558594 0.601562 0.574219 0.601562 0.574219 0.589844 0.566406 0.589844 0.562500 0.585938 0.562500 0.570312 0.566406 0.566406 0.566406 0.550781
3 0.445312 0.546875 0.445312 0.554688 0.449219 0.554688 0.453125 0.558594 0.453125 0.562500 0.464844 0.562500 0.468750 0.566406 0.468750 0.570312 0.480469 0.570312 0.484375 0.574219 0.484375 0.578125 0.488281 0.582031 0.488281 0.589844 0.492188 0.593750 0.492188 0.601562 0.500000 0.601562 0.503906 0.597656 0.503906 0.562500 0.500000 0.558594 0.500000 0.550781 0.484375 0.550781 0.480469 0.554688 0.464844 0.554688 0.460938 0.550781 0.460938 0.546875
3 0.308594 0.484375 0.300781 0.492188 0.292969 0.492188 0.289062 0.496094 0.285156 0.496094 0.285156 0.503906 0.296875 0.515625 0.296875 0.523438 0.308594 0.523438 0.312500 0.519531 0.312500 0.515625 0.324219 0.503906 0.343750 0.503906 0.351562 0.511719 0.355469 0.511719 0.359375 0.515625 0.359375 0.519531 0.371094 0.519531 0.375000 0.515625 0.382812 0.515625 0.382812 0.500000 0.375000 0.500000 0.371094 0.496094 0.332031 0.496094 0.328125 0.492188 0.324219 0.492188 0.316406 0.484375
3 0.179688 0.394531 0.179688 0.402344 0.187500 0.402344 0.187500 0.394531
3 0.105469 0.375000 0.105469 0.382812 0.109375 0.386719 0.109375 0.394531 0.113281 0.398438 0.113281 0.406250 0.128906 0.406250 0.132812 0.410156 0.136719 0.410156 0.140625 0.414062 0.140625 0.417969 0.144531 0.417969 0.148438 0.421875 0.148438 0.437500 0.156250 0.437500 0.160156 0.433594 0.160156 0.421875 0.156250 0.421875 0.152344 0.417969 0.152344 0.390625 0.136719 0.390625 0.132812 0.386719 0.125000 0.386719 0.117188 0.378906 0.117188 0.375000
3 0.312500 0.332031 0.312500 0.339844 0.316406 0.339844 0.320312 0.343750 0.335938 0.343750 0.335938 0.332031
3 0.273438 0.332031 0.269531 0.335938 0.269531 0.339844 0.265625 0.343750 0.234375 0.343750 0.230469 0.347656 0.230469 0.355469 0.238281 0.355469 0.242188 0.359375 0.242188 0.382812 0.238281 0.386719 0.218750 0.386719 0.218750 0.394531 0.230469 0.394531 0.234375 0.398438 0.246094 0.398438 0.250000 0.402344 0.257812 0.402344 0.261719 0.406250 0.273438 0.406250 0.277344 0.410156 0.296875 0.410156 0.300781 0.406250 0.335938 0.406250 0.343750 0.414062 0.343750 0.425781 0.359375 0.425781 0.363281 0.421875 0.363281 0.414062 0.359375 0.414062 0.355469 0.410156 0.355469 0.390625 0.296875 0.390625 0.292969 0.386719 0.292969 0.367188 0.289062 0.367188 0.285156 0.363281 0.285156 0.332031
3 0.765625 0.312500 0.761719 0.316406 0.750000 0.316406 0.746094 0.320312 0.703125 0.320312 0.699219 0.324219 0.691406 0.324219 0.687500 0.328125 0.683594 0.328125 0.679688 0.332031 0.675781 0.332031 0.675781 0.339844 0.699219 0.339844 0.703125 0.343750 0.703125 0.355469 0.710938 0.355469 0.714844 0.359375 0.726562 0.359375 0.726562 0.355469 0.730469 0.351562 0.734375 0.351562 0.738281 0.347656 0.746094 0.347656 0.746094 0.332031 0.750000 0.328125 0.777344 0.328125 0.781250 0.332031 0.781250 0.335938 0.789062 0.335938 0.789062 0.328125 0.785156 0.324219 0.785156 0.316406 0.781250 0.312500
3 0.523438 0.296875 0.519531 0.300781 0.515625 0.300781 0.500000 0.316406 0.484375 0.316406 0.480469 0.312500 0.468750 0.312500 0.464844 0.316406 0.464844 0.335938 0.468750 0.339844 0.468750 0.355469 0.464844 0.359375 0.457031 0.359375 0.457031 0.375000 0.460938 0.375000 0.468750 0.382812 0.468750 0.398438 0.464844 0.402344 0.460938 0.402344 0.457031 0.406250 0.445312 0.406250 0.445312 0.414062 0.449219 0.417969 0.449219 0.421875 0.453125 0.421875 0.460938 0.429688 0.460938 0.441406 0.464844 0.445312 0.464844 0.468750 0.468750 0.472656 0.468750 0.480469 0.500000 0.480469 0.500000 0.476562 0.503906 0.472656 0.531250 0.472656 0.542969 0.460938 0.558594 0.460938 0.562500 0.457031 0.566406 0.457031 0.570312 0.453125 0.613281 0.453125 0.617188 0.457031 0.652344 0.457031 0.656250 0.460938 0.656250 0.488281 0.652344 0.492188 0.648438 0.492188 0.644531 0.496094 0.636719 0.496094 0.632812 0.500000 0.625000 0.500000 0.613281 0.511719 0.613281 0.515625 0.609375 0.519531 0.585938 0.519531 0.582031 0.523438 0.578125 0.523438 0.578125 0.535156 0.605469 0.535156 0.609375 0.539062 0.609375 0.542969 0.628906 0.542969 0.632812 0.546875 0.632812 0.574219 0.628906 0.578125 0.617188 0.578125 0.613281 0.582031 0.609375 0.582031 0.605469 0.585938 0.605469 0.597656 0.609375 0.597656 0.613281 0.601562 0.625000 0.601562 0.632812 0.593750 0.652344 0.593750 0.656250 0.597656 0.671875 0.597656 0.675781 0.601562 0.675781 0.625000 0.679688 0.628906 0.687500 0.628906 0.691406 0.632812 0.691406 0.640625 0.695312 0.644531 0.703125 0.644531 0.703125 0.632812 0.707031 0.628906 0.714844 0.628906 0.718750 0.625000 0.718750 0.617188 0.722656 0.613281 0.730469 0.613281 0.734375 0.609375 0.753906 0.609375 0.757812 0.613281 0.757812 0.628906 0.761719 0.628906 0.765625 0.632812 0.792969 0.632812 0.800781 0.640625 0.800781 0.644531 0.820312 0.644531 0.824219 0.640625 0.828125 0.640625 0.828125 0.628906 0.820312 0.621094 0.812500 0.621094 0.808594 0.617188 0.808594 0.578125 0.812500 0.574219 0.820312 0.574219 0.824219 0.570312 0.832031 0.570312 0.835938 0.566406 0.839844 0.566406 0.839844 0.562500 0.843750 0.558594 0.855469 0.558594 0.855469 0.554688 0.859375 0.550781 0.863281 0.550781 0.867188 0.546875 0.867188 0.535156 0.855469 0.535156 0.847656 0.542969 0.843750 0.542969 0.843750 0.554688 0.839844 0.558594 0.792969 0.558594 0.792969 0.566406 0.796875 0.566406 0.800781 0.570312 0.800781 0.585938 0.792969 0.593750 0.792969 0.613281 0.789062 0.617188 0.773438 0.617188 0.769531 0.613281 0.769531 0.601562 0.746094 0.601562 0.742188 0.597656 0.730469 0.597656 0.726562 0.593750 0.726562 0.550781 0.730469 0.546875 0.746094 0.546875 0.750000 0.542969 0.753906 0.542969 0.753906 0.531250 0.757812 0.527344 0.777344 0.527344 0.777344 0.515625 0.773438 0.515625 0.765625 0.507812 0.742188 0.507812 0.738281 0.511719 0.722656 0.511719 0.714844 0.503906 0.710938 0.503906 0.707031 0.500000 0.707031 0.468750 0.710938 0.464844 0.714844 0.464844 0.718750 0.460938 0.726562 0.460938 0.730469 0.457031 0.734375 0.457031 0.734375 0.445312 0.730469 0.441406 0.726562 0.441406 0.722656 0.437500 0.722656 0.421875 0.730469 0.414062 0.796875 0.414062 0.800781 0.417969 0.800781 0.429688 0.804688 0.433594 0.804688 0.449219 0.800781 0.453125 0.800781 0.476562 0.808594 0.476562 0.812500 0.480469 0.824219 0.480469 0.828125 0.484375 0.832031 0.484375 0.835938 0.488281 0.843750 0.488281 0.847656 0.492188 0.882812 0.492188 0.882812 0.484375 0.878906 0.480469 0.867188 0.480469 0.863281 0.476562 0.859375 0.476562 0.855469 0.472656 0.851562 0.472656 0.843750 0.464844 0.843750 0.437500 0.847656 0.433594 0.859375 0.433594 0.859375 0.425781 0.847656 0.425781 0.843750 0.421875 0.843750 0.382812 0.828125 0.382812 0.820312 0.390625 0.812500 0.390625 0.808594 0.394531 0.804688 0.394531 0.800781 0.398438 0.785156 0.398438 0.781250 0.394531 0.781250 0.390625 0.769531 0.378906 0.761719 0.378906 0.757812 0.382812 0.757812 0.390625 0.746094 0.402344 0.722656 0.402344 0.718750 0.406250 0.695312 0.406250 0.695312 0.410156 0.691406 0.414062 0.691406 0.429688 0.687500 0.433594 0.675781 0.433594 0.671875 0.437500 0.601562 0.437500 0.597656 0.433594 0.597656 0.394531 0.593750 0.394531 0.589844 0.390625 0.582031 0.390625 0.574219 0.398438 0.574219 0.402344 0.570312 0.406250 0.570312 0.425781 0.566406 0.429688 0.546875 0.429688 0.542969 0.425781 0.542969 0.410156 0.539062 0.406250 0.535156 0.406250 0.531250 0.402344 0.531250 0.378906 0.527344 0.375000 0.527344 0.371094 0.523438 0.371094 0.519531 0.367188 0.519531 0.316406 0.523438 0.312500 0.527344 0.312500 0.531250 0.308594 0.531250 0.296875
3 0.578125 0.289062 0.574219 0.292969 0.570312 0.292969 0.566406 0.296875 0.566406 0.308594 0.578125 0.308594 0.582031 0.312500 0.582031 0.328125 0.578125 0.332031 0.578125 0.351562 0.570312 0.359375 0.570312 0.367188 0.578125 0.367188 0.582031 0.363281 0.585938 0.363281 0.593750 0.355469 0.597656 0.355469 0.601562 0.351562 0.601562 0.347656 0.605469 0.343750 0.605469 0.332031 0.613281 0.324219 0.613281 0.289062
3 0.535156 0.281250 0.535156 0.289062 0.542969 0.289062 0.542969 0.281250
3 0.386719 0.253906 0.386719 0.265625 0.382812 0.269531 0.382812 0.285156 0.390625 0.285156 0.394531 0.281250 0.402344 0.281250 0.402344 0.253906
3 0.492188 0.226562 0.488281 0.230469 0.484375 0.230469 0.484375 0.238281 0.472656 0.250000 0.449219 0.250000 0.445312 0.246094 0.441406 0.246094 0.429688 0.234375 0.421875 0.234375 0.421875 0.250000 0.425781 0.253906 0.433594 0.253906 0.437500 0.257812 0.441406 0.257812 0.449219 0.265625 0.453125 0.265625 0.457031 0.269531 0.460938 0.269531 0.472656 0.281250 0.480469 0.281250 0.484375 0.277344 0.488281 0.277344 0.488281 0.269531 0.496094 0.261719 0.496094 0.257812 0.500000 0.253906 0.500000 0.250000 0.503906 0.246094 0.503906 0.226562
3 0.367188 0.195312 0.367188 0.214844 0.363281 0.218750 0.351562 0.218750 0.347656 0.222656 0.347656 0.246094 0.343750 0.250000 0.324219 0.250000 0.320312 0.246094 0.312500 0.246094 0.308594 0.242188 0.308594 0.234375 0.292969 0.234375 0.289062 0.238281 0.285156 0.238281 0.281250 0.242188 0.273438 0.242188 0.273438 0.253906 0.308594 0.253906 0.320312 0.265625 0.320312 0.281250 0.324219 0.285156 0.335938 0.285156 0.339844 0.281250 0.343750 0.281250 0.347656 0.277344 0.347656 0.273438 0.351562 0.269531 0.351562 0.250000 0.355469 0.246094 0.367188 0.246094 0.367188 0.218750 0.371094 0.214844 0.378906 0.214844 0.378906 0.195312
3 0.562500 0.042969 0.550781 0.054688 0.546875 0.054688 0.542969 0.058594 0.535156 0.058594 0.531250 0.062500 0.527344 0.062500 0.523438 0.066406 0.523438 0.074219 0.519531 0.078125 0.519531 0.082031 0.515625 0.085938 0.507812 0.085938 0.503906 0.089844 0.496094 0.089844 0.488281 0.097656 0.484375 0.097656 0.484375 0.101562 0.476562 0.109375 0.460938 0.109375 0.457031 0.113281 0.449219 0.113281 0.445312 0.117188 0.441406 0.117188 0.441406 0.121094 0.437500 0.125000 0.433594 0.125000 0.429688 0.128906 0.425781 0.128906 0.421875 0.132812 0.417969 0.132812 0.414062 0.136719 0.406250 0.136719 0.402344 0.140625 0.394531 0.140625 0.390625 0.144531 0.382812 0.144531 0.382812 0.156250 0.410156 0.156250 0.414062 0.160156 0.414062 0.175781 0.406250 0.183594 0.406250 0.199219 0.414062 0.199219 0.417969 0.203125 0.433594 0.203125 0.433594 0.191406 0.437500 0.187500 0.441406 0.187500 0.445312 0.183594 0.453125 0.183594 0.453125 0.171875 0.445312 0.171875 0.437500 0.164062 0.437500 0.144531 0.441406 0.140625 0.441406 0.136719 0.445312 0.132812 0.457031 0.132812 0.464844 0.125000 0.472656 0.125000 0.476562 0.121094 0.480469 0.121094 0.484375 0.117188 0.496094 0.117188 0.496094 0.113281 0.500000 0.109375 0.503906 0.109375 0.507812 0.105469 0.511719 0.105469 0.515625 0.101562 0.519531 0.101562 0.527344 0.093750 0.542969 0.093750 0.546875 0.097656 0.546875 0.105469 0.550781 0.109375 0.566406 0.109375 0.566406 0.105469 0.574219 0.097656 0.574219 0.062500 0.578125 0.058594 0.593750 0.058594 0.593750 0.050781 0.582031 0.050781 0.578125 0.046875 0.578125 0.042969
