3 0.207031 0.730469 0.195312 0.742188 0.195312 0.746094 0.191406 0.750000 0.183594 0.750000 0.183594 0.761719 0.199219 0.761719 0.203125 0.765625 0.203125 0.769531 0.210938 0.769531 0.210938 0.757812 0.214844 0.753906 0.218750 0.753906 0.226562 0.746094 0.226562 0.738281 0.218750 0.738281 0.214844 0.734375 0.214844 0.730469
3 0.238281 0.714844 0.238281 0.722656 0.246094 0.722656 0.246094 0.714844
3 0.222656 0.699219 0.218750 0.703125 0.218750 0.710938 0.230469 0.710938 0.230469 0.699219
3 0.375000 0.574219 0.375000 0.593750 0.371094 0.597656 0.367188 0.597656 0.359375 0.605469 0.359375 0.621094 0.355469 0.625000 0.347656 0.625000 0.347656 0.632812 0.351562 0.632812 0.355469 0.636719 0.371094 0.636719 0.371094 0.632812 0.375000 0.628906 0.375000 0.617188 0.378906 0.613281 0.386719 0.613281 0.390625 0.609375 0.394531 0.609375 0.398438 0.605469 0.414062 0.605469 0.414062 0.597656 0.417969 0.593750 0.425781 0.593750 0.425781 0.585938 0.417969 0.585938 0.414062 0.589844 0.386719 0.589844 0.382812 0.585938 0.382812 0.574219
3 0.398438 0.535156 0.398438 0.546875 0.410156 0.546875 0.410156 0.535156
3 0.542969 0.515625 0.542969 0.539062 0.546875 0.542969 0.550781 0.542969 0.554688 0.546875 0.554688 0.566406 0.550781 0.570312 0.527344 0.570312 0.527344 0.582031 0.535156 0.582031 0.539062 0.585938 0.539062 0.589844 0.550781 0.589844 0.554688 0.585938 0.558594 0.585938 0.562500 0.582031 0.574219 0.582031 0.574219 0.574219 0.578125 0.570312 0.585938 0.570312 0.589844 0.566406 0.613281 0.566406 0.613281 0.562500 0.617188 0.558594 0.628906 0.558594 0.632812 0.554688 0.636719 0.554688 0.640625 0.550781 0.640625 0.542969 0.632812 0.542969 0.628906 0.539062 0.628906 0.519531 0.605469 0.519531 0.601562 0.523438 0.597656 0.523438 0.593750 0.527344 0.585938 0.527344 0.585938 0.531250 0.582031 0.535156 0.566406 0.535156 0.562500 0.531250 0.562500 0.515625
3 0.238281 0.476562 0.238281 0.484375 0.234375 0.488281 0.226562 0.488281 0.226562 0.496094 0.234375 0.496094 0.234375 0.492188 0.238281 0.488281 0.246094 0.488281 0.246094 0.476562
3 0.484375 0.441406 0.484375 0.453125 0.480469 0.457031 0.468750 0.457031 0.468750 0.472656 0.464844 0.476562 0.449219 0.476562 0.445312 0.480469 0.445312 0.484375 0.441406 0.488281 0.437500 0.488281 0.433594 0.492188 0.433594 0.496094 0.429688 0.500000 0.429688 0.511719 0.433594 0.511719 0.437500 0.515625 0.437500 0.531250 0.445312 0.531250 0.449219 0.527344 0.476562 0.527344 0.476562 0.507812 0.472656 0.507812 0.468750 0.503906 0.468750 0.472656 0.472656 0.468750 0.511719 0.468750 0.515625 0.472656 0.515625 0.480469 0.519531 0.484375 0.527344 0.484375 0.527344 0.476562 0.531250 0.472656 0.535156 0.472656 0.535156 0.468750 0.539062 0.464844 0.558594 0.464844 0.558594 0.457031 0.550781 0.457031 0.546875 0.460938 0.511719 0.460938 0.507812 0.457031 0.507812 0.445312 0.496094 0.445312 0.492188 0.441406
3 0.648438 0.425781 0.648438 0.433594 0.664062 0.433594 0.667969 0.437500 0.667969 0.445312 0.675781 0.445312 0.679688 0.449219 0.691406 0.449219 0.699219 0.457031 0.703125 0.457031 0.710938 0.464844 0.722656 0.464844 0.722656 0.433594 0.691406 0.433594 0.687500 0.429688 0.687500 0.425781
3 0.187500 0.421875 0.187500 0.429688 0.191406 0.429688 0.195312 0.433594 0.195312 0.445312 0.203125 0.445312 0.207031 0.449219 0.207031 0.453125 0.214844 0.453125 0.214844 0.441406 0.210938 0.441406 0.207031 0.437500 0.203125 0.437500 0.199219 0.433594 0.199219 0.421875
3 0.804688 0.417969 0.804688 0.425781 0.808594 0.429688 0.808594 0.453125 0.816406 0.453125 0.820312 0.449219 0.828125 0.449219 0.828125 0.433594 0.832031 0.429688 0.832031 0.421875 0.828125 0.421875 0.824219 0.417969
3 0.812500 0.320312 0.812500 0.332031 0.820312 0.332031 0.820312 0.320312
3 0.324219 0.312500 0.324219 0.320312 0.328125 0.320312 0.332031 0.324219 0.332031 0.335938 0.335938 0.339844 0.335938 0.347656 0.339844 0.351562 0.339844 0.359375 0.351562 0.359375 0.351562 0.339844 0.347656 0.339844 0.343750 0.335938 0.343750 0.328125 0.335938 0.328125 0.332031 0.324219 0.332031 0.312500
3 0.691406 0.265625 0.691406 0.281250 0.695312 0.285156 0.695312 0.304688 0.742188 0.304688 0.746094 0.308594 0.750000 0.308594 0.757812 0.316406 0.757812 0.320312 0.765625 0.320312 0.773438 0.312500 0.773438 0.304688 0.769531 0.304688 0.765625 0.300781 0.761719 0.300781 0.757812 0.296875 0.753906 0.296875 0.750000 0.292969 0.746094 0.292969 0.742188 0.289062 0.742188 0.269531 0.718750 0.269531 0.714844 0.265625
3 0.570312 0.218750 0.566406 0.222656 0.566406 0.234375 0.562500 0.238281 0.562500 0.250000 0.578125 0.250000 0.582031 0.246094 0.585938 0.246094 0.589844 0.242188 0.605469 0.242188 0.605469 0.234375 0.597656 0.226562 0.593750 0.226562 0.589844 0.222656 0.589844 0.218750
3 0.843750 0.214844 0.839844 0.218750 0.835938 0.218750 0.835938 0.222656 0.832031 0.226562 0.812500 0.226562 0.808594 0.230469 0.808594 0.242188 0.804688 0.246094 0.804688 0.257812 0.808594 0.261719 0.808594 0.265625 0.816406 0.265625 0.820312 0.269531 0.820312 0.285156 0.828125 0.285156 0.832031 0.281250 0.832031 0.250000 0.835938 0.246094 0.839844 0.246094 0.839844 0.234375 0.843750 0.230469 0.847656 0.230469 0.847656 0.226562 0.851562 0.222656 0.851562 0.214844
3 0.539062 0.183594 0.531250 0.191406 0.515625 0.191406 0.515625 0.199219 0.523438 0.199219 0.527344 0.203125 0.527344 0.218750 0.523438 0.222656 0.496094 0.222656 0.492188 0.218750 0.449219 0.218750 0.449219 0.226562 0.457031 0.226562 0.460938 0.230469 0.460938 0.246094 0.464844 0.246094 0.468750 0.250000 0.468750 0.269531 0.464844 0.273438 0.453125 0.273438 0.449219 0.277344 0.445312 0.277344 0.445312 0.296875 0.441406 0.300781 0.417969 0.300781 0.414062 0.296875 0.414062 0.273438 0.406250 0.273438 0.406250 0.285156 0.402344 0.289062 0.394531 0.289062 0.386719 0.296875 0.382812 0.296875 0.382812 0.308594 0.394531 0.308594 0.402344 0.316406 0.402344 0.332031 0.398438 0.335938 0.390625 0.335938 0.386719 0.339844 0.386719 0.371094 0.382812 0.375000 0.367188 0.375000 0.367188 0.382812 0.371094 0.382812 0.375000 0.386719 0.375000 0.398438 0.382812 0.398438 0.386719 0.402344 0.386719 0.406250 0.390625 0.410156 0.390625 0.425781 0.386719 0.429688 0.363281 0.429688 0.363281 0.445312 0.359375 0.449219 0.343750 0.449219 0.339844 0.445312 0.339844 0.425781 0.320312 0.425781 0.316406 0.421875 0.316406 0.394531 0.304688 0.394531 0.304688 0.410156 0.308594 0.410156 0.312500 0.414062 0.312500 0.429688 0.308594 0.433594 0.308594 0.464844 0.304688 0.468750 0.296875 0.468750 0.292969 0.472656 0.289062 0.472656 0.289062 0.480469 0.296875 0.480469 0.300781 0.484375 0.300781 0.492188 0.308594 0.492188 0.312500 0.488281 0.332031 0.488281 0.339844 0.496094 0.339844 0.527344 0.351562 0.527344 0.351562 0.515625 0.355469 0.511719 0.375000 0.511719 0.375000 0.480469 0.382812 0.472656 0.386719 0.472656 0.386719 0.457031 0.390625 0.453125 0.394531 0.453125 0.398438 0.449219 0.406250 0.449219 0.414062 0.441406 0.414062 0.437500 0.417969 0.433594 0.421875 0.433594 0.421875 0.429688 0.425781 0.425781 0.449219 0.425781 0.449219 0.417969 0.445312 0.414062 0.445312 0.410156 0.441406 0.406250 0.441406 0.386719 0.445312 0.382812 0.453125 0.382812 0.453125 0.371094 0.457031 0.367188 0.488281 0.367188 0.488281 0.363281 0.492188 0.359375 0.492188 0.355469 0.496094 0.351562 0.500000 0.351562 0.500000 0.347656 0.507812 0.339844 0.519531 0.339844 0.527344 0.332031 0.531250 0.332031 0.531250 0.324219 0.535156 0.320312 0.539062 0.320312 0.542969 0.316406 0.546875 0.316406 0.546875 0.289062 0.554688 0.281250 0.558594 0.281250 0.558594 0.261719 0.535156 0.261719 0.531250 0.257812 0.531250 0.242188 0.535156 0.238281 0.535156 0.207031 0.539062 0.203125 0.542969 0.203125 0.546875 0.199219 0.554688 0.199219 0.562500 0.191406 0.562500 0.183594
3 0.468750 0.175781 0.468750 0.187500 0.472656 0.187500 0.476562 0.191406 0.492188 0.191406 0.496094 0.187500 0.500000 0.187500 0.500000 0.179688 0.496094 0.179688 0.492188 0.175781
