3 0.542969 0.886719 0.542969 0.890625 0.539062 0.894531 0.539062 0.906250 0.535156 0.910156 0.535156 0.921875 0.531250 0.925781 0.531250 0.933594 0.546875 0.933594 0.550781 0.937500 0.550781 0.941406 0.558594 0.941406 0.562500 0.945312 0.562500 0.953125 0.570312 0.953125 0.574219 0.949219 0.574219 0.937500 0.582031 0.929688 0.582031 0.902344 0.585938 0.898438 0.585938 0.890625 0.578125 0.890625 0.578125 0.898438 0.570312 0.906250 0.554688 0.906250 0.550781 0.902344 0.550781 0.886719
3 0.695312 0.675781 0.691406 0.679688 0.691406 0.703125 0.687500 0.707031 0.687500 0.738281 0.691406 0.738281 0.695312 0.742188 0.707031 0.742188 0.710938 0.738281 0.710938 0.726562 0.714844 0.722656 0.757812 0.722656 0.761719 0.718750 0.765625 0.718750 0.769531 0.714844 0.785156 0.714844 0.792969 0.707031 0.804688 0.707031 0.804688 0.703125 0.808594 0.699219 0.816406 0.699219 0.820312 0.695312 0.824219 0.695312 0.828125 0.691406 0.839844 0.691406 0.839844 0.679688 0.828125 0.679688 0.824219 0.683594 0.816406 0.683594 0.812500 0.687500 0.785156 0.687500 0.773438 0.699219 0.750000 0.699219 0.746094 0.695312 0.746094 0.691406 0.742188 0.687500 0.726562 0.687500 0.718750 0.679688 0.714844 0.679688 0.710938 0.675781
3 0.320312 0.566406 0.320312 0.574219 0.328125 0.574219 0.328125 0.566406
3 0.246094 0.531250 0.246094 0.539062 0.257812 0.539062 0.261719 0.542969 0.261719 0.546875 0.265625 0.546875 0.269531 0.550781 0.269531 0.574219 0.265625 0.578125 0.261719 0.578125 0.261719 0.582031 0.257812 0.585938 0.257812 0.593750 0.261719 0.597656 0.269531 0.597656 0.273438 0.601562 0.281250 0.601562 0.281250 0.597656 0.289062 0.589844 0.289062 0.582031 0.292969 0.578125 0.292969 0.574219 0.296875 0.570312 0.296875 0.562500 0.292969 0.562500 0.285156 0.554688 0.285156 0.535156 0.281250 0.531250
3 0.750000 0.503906 0.746094 0.507812 0.742188 0.507812 0.734375 0.515625 0.722656 0.515625 0.722656 0.527344 0.726562 0.531250 0.738281 0.531250 0.742188 0.527344 0.761719 0.527344 0.765625 0.523438 0.789062 0.523438 0.796875 0.515625 0.796875 0.507812 0.777344 0.507812 0.773438 0.503906
3 0.554688 0.480469 0.554688 0.492188 0.562500 0.500000 0.578125 0.500000 0.582031 0.503906 0.597656 0.503906 0.601562 0.507812 0.601562 0.515625 0.628906 0.515625 0.632812 0.511719 0.636719 0.511719 0.636719 0.503906 0.601562 0.503906 0.597656 0.500000 0.597656 0.496094 0.593750 0.496094 0.589844 0.492188 0.585938 0.492188 0.578125 0.484375 0.574219 0.484375 0.570312 0.480469
3 0.664062 0.433594 0.660156 0.437500 0.636719 0.437500 0.632812 0.441406 0.632812 0.449219 0.660156 0.449219 0.664062 0.453125 0.671875 0.453125 0.675781 0.457031 0.699219 0.457031 0.703125 0.453125 0.707031 0.453125 0.710938 0.449219 0.714844 0.449219 0.714844 0.441406 0.710938 0.437500 0.691406 0.437500 0.687500 0.433594
3 0.117188 0.406250 0.117188 0.414062 0.121094 0.417969 0.132812 0.417969 0.136719 0.421875 0.136719 0.449219 0.132812 0.453125 0.128906 0.453125 0.128906 0.500000 0.164062 0.500000 0.167969 0.503906 0.167969 0.507812 0.171875 0.511719 0.183594 0.511719 0.183594 0.500000 0.187500 0.496094 0.195312 0.496094 0.195312 0.476562 0.199219 0.472656 0.203125 0.472656 0.203125 0.464844 0.187500 0.464844 0.183594 0.460938 0.183594 0.449219 0.179688 0.445312 0.179688 0.437500 0.171875 0.437500 0.167969 0.433594 0.167969 0.425781 0.160156 0.417969 0.152344 0.417969 0.148438 0.414062 0.148438 0.406250
3 0.257812 0.335938 0.257812 0.359375 0.265625 0.367188 0.265625 0.382812 0.269531 0.386719 0.273438 0.386719 0.281250 0.394531 0.289062 0.394531 0.292969 0.398438 0.296875 0.398438 0.304688 0.406250 0.304688 0.410156 0.308594 0.410156 0.312500 0.414062 0.312500 0.417969 0.332031 0.417969 0.332031 0.406250 0.335938 0.402344 0.347656 0.402344 0.347656 0.394531 0.339844 0.386719 0.339844 0.375000 0.324219 0.359375 0.324219 0.355469 0.320312 0.351562 0.304688 0.351562 0.300781 0.347656 0.292969 0.347656 0.289062 0.343750 0.285156 0.343750 0.281250 0.339844 0.277344 0.339844 0.273438 0.335938
3 0.574219 0.332031 0.574219 0.335938 0.558594 0.351562 0.558594 0.359375 0.562500 0.359375 0.566406 0.363281 0.570312 0.363281 0.574219 0.367188 0.589844 0.367188 0.589844 0.355469 0.593750 0.351562 0.593750 0.332031
3 0.378906 0.324219 0.378906 0.332031 0.390625 0.332031 0.390625 0.324219
3 0.464844 0.316406 0.460938 0.320312 0.437500 0.320312 0.429688 0.328125 0.417969 0.328125 0.417969 0.332031 0.414062 0.335938 0.414062 0.351562 0.410156 0.355469 0.406250 0.355469 0.406250 0.363281 0.410156 0.363281 0.414062 0.367188 0.417969 0.367188 0.421875 0.371094 0.425781 0.371094 0.429688 0.375000 0.429688 0.378906 0.433594 0.378906 0.437500 0.382812 0.453125 0.382812 0.457031 0.386719 0.457031 0.421875 0.453125 0.425781 0.433594 0.425781 0.429688 0.421875 0.417969 0.421875 0.414062 0.425781 0.406250 0.425781 0.402344 0.429688 0.394531 0.429688 0.390625 0.433594 0.386719 0.433594 0.382812 0.437500 0.382812 0.449219 0.378906 0.453125 0.375000 0.453125 0.375000 0.468750 0.371094 0.472656 0.359375 0.472656 0.359375 0.480469 0.355469 0.484375 0.355469 0.496094 0.394531 0.496094 0.398438 0.500000 0.402344 0.500000 0.406250 0.503906 0.414062 0.503906 0.421875 0.496094 0.453125 0.496094 0.457031 0.500000 0.457031 0.503906 0.468750 0.515625 0.484375 0.515625 0.488281 0.511719 0.488281 0.503906 0.484375 0.503906 0.480469 0.500000 0.476562 0.500000 0.472656 0.496094 0.453125 0.496094 0.449219 0.492188 0.449219 0.488281 0.441406 0.488281 0.437500 0.484375 0.437500 0.457031 0.441406 0.453125 0.457031 0.453125 0.460938 0.457031 0.460938 0.472656 0.511719 0.472656 0.515625 0.476562 0.515625 0.496094 0.527344 0.496094 0.531250 0.500000 0.531250 0.519531 0.527344 0.523438 0.523438 0.523438 0.523438 0.531250 0.531250 0.539062 0.531250 0.546875 0.535156 0.550781 0.539062 0.550781 0.542969 0.554688 0.542969 0.582031 0.539062 0.585938 0.527344 0.585938 0.527344 0.605469 0.523438 0.609375 0.507812 0.609375 0.503906 0.605469 0.503906 0.582031 0.500000 0.578125 0.500000 0.574219 0.496094 0.574219 0.492188 0.570312 0.476562 0.570312 0.472656 0.566406 0.457031 0.566406 0.453125 0.562500 0.441406 0.562500 0.437500 0.566406 0.402344 0.566406 0.394531 0.558594 0.382812 0.558594 0.382812 0.566406 0.375000 0.574219 0.351562 0.574219 0.351562 0.582031 0.382812 0.582031 0.386719 0.585938 0.386719 0.609375 0.382812 0.613281 0.367188 0.613281 0.367188 0.628906 0.371094 0.632812 0.382812 0.632812 0.386719 0.636719 0.386719 0.640625 0.437500 0.640625 0.441406 0.644531 0.445312 0.644531 0.449219 0.648438 0.453125 0.648438 0.457031 0.652344 0.457031 0.667969 0.441406 0.683594 0.441406 0.691406 0.437500 0.695312 0.429688 0.695312 0.425781 0.699219 0.417969 0.699219 0.417969 0.707031 0.421875 0.710938 0.421875 0.714844 0.449219 0.714844 0.453125 0.718750 0.453125 0.722656 0.472656 0.722656 0.476562 0.726562 0.519531 0.726562 0.519531 0.691406 0.523438 0.687500 0.542969 0.687500 0.542969 0.675781 0.531250 0.675781 0.527344 0.671875 0.527344 0.664062 0.523438 0.660156 0.523438 0.628906 0.527344 0.625000 0.527344 0.621094 0.531250 0.617188 0.531250 0.613281 0.535156 0.609375 0.550781 0.609375 0.562500 0.621094 0.562500 0.640625 0.566406 0.644531 0.566406 0.652344 0.570312 0.656250 0.570312 0.664062 0.578125 0.664062 0.582031 0.667969 0.582031 0.695312 0.589844 0.703125 0.589844 0.707031 0.593750 0.710938 0.593750 0.714844 0.597656 0.718750 0.597656 0.746094 0.593750 0.750000 0.585938 0.750000 0.585938 0.757812 0.582031 0.761719 0.562500 0.761719 0.558594 0.765625 0.558594 0.781250 0.566406 0.781250 0.566406 0.777344 0.574219 0.769531 0.574219 0.765625 0.578125 0.761719 0.597656 0.761719 0.601562 0.765625 0.601562 0.769531 0.605469 0.773438 0.605469 0.781250 0.613281 0.781250 0.617188 0.777344 0.617188 0.765625 0.621094 0.761719 0.644531 0.761719 0.648438 0.765625 0.656250 0.765625 0.656250 0.757812 0.652344 0.753906 0.644531 0.753906 0.640625 0.750000 0.628906 0.750000 0.621094 0.742188 0.621094 0.738281 0.609375 0.726562 0.609375 0.710938 0.605469 0.707031 0.605469 0.695312 0.601562 0.695312 0.597656 0.691406 0.597656 0.683594 0.593750 0.679688 0.593750 0.652344 0.574219 0.632812 0.574219 0.625000 0.570312 0.621094 0.570312 0.617188 0.566406 0.613281 0.566406 0.582031 0.554688 0.570312 0.550781 0.570312 0.546875 0.566406 0.546875 0.535156 0.542969 0.531250 0.542969 0.523438 0.539062 0.519531 0.539062 0.515625 0.535156 0.515625 0.531250 0.511719 0.531250 0.484375 0.523438 0.476562 0.523438 0.433594 0.527344 0.429688 0.527344 0.414062 0.523438 0.414062 0.519531 0.410156 0.519531 0.406250 0.511719 0.398438 0.507812 0.398438 0.503906 0.394531 0.503906 0.375000 0.511719 0.367188 0.515625 0.367188 0.519531 0.363281 0.523438 0.363281 0.523438 0.355469 0.519531 0.351562 0.515625 0.351562 0.503906 0.339844 0.492188 0.339844 0.488281 0.335938 0.488281 0.324219 0.480469 0.316406
3 0.285156 0.277344 0.285156 0.289062 0.289062 0.292969 0.292969 0.292969 0.296875 0.296875 0.304688 0.296875 0.312500 0.304688 0.343750 0.304688 0.343750 0.292969 0.332031 0.281250 0.312500 0.281250 0.308594 0.277344
3 0.230469 0.230469 0.226562 0.234375 0.210938 0.234375 0.210938 0.242188 0.226562 0.242188 0.234375 0.250000 0.273438 0.250000 0.277344 0.253906 0.300781 0.253906 0.304688 0.250000 0.304688 0.238281 0.300781 0.234375 0.296875 0.234375 0.292969 0.230469 0.285156 0.230469 0.281250 0.234375 0.246094 0.234375 0.242188 0.230469
3 0.523438 0.140625 0.523438 0.148438 0.519531 0.152344 0.507812 0.152344 0.503906 0.156250 0.503906 0.167969 0.511719 0.175781 0.527344 0.175781 0.531250 0.179688 0.531250 0.195312 0.527344 0.199219 0.519531 0.199219 0.515625 0.203125 0.511719 0.203125 0.511719 0.207031 0.507812 0.210938 0.507812 0.218750 0.503906 0.222656 0.488281 0.222656 0.484375 0.218750 0.472656 0.218750 0.472656 0.226562 0.476562 0.230469 0.500000 0.230469 0.507812 0.238281 0.519531 0.238281 0.519531 0.234375 0.535156 0.218750 0.566406 0.218750 0.566406 0.214844 0.570312 0.210938 0.570312 0.207031 0.574219 0.203125 0.609375 0.203125 0.613281 0.207031 0.613281 0.226562 0.617188 0.226562 0.621094 0.230469 0.652344 0.230469 0.660156 0.238281 0.660156 0.257812 0.664062 0.257812 0.667969 0.261719 0.703125 0.261719 0.707031 0.265625 0.707031 0.304688 0.703125 0.308594 0.679688 0.308594 0.679688 0.316406 0.671875 0.324219 0.667969 0.324219 0.667969 0.355469 0.707031 0.355469 0.710938 0.359375 0.710938 0.375000 0.718750 0.375000 0.722656 0.378906 0.722656 0.386719 0.750000 0.386719 0.753906 0.382812 0.765625 0.382812 0.765625 0.359375 0.777344 0.347656 0.808594 0.347656 0.808594 0.332031 0.804688 0.328125 0.792969 0.328125 0.789062 0.332031 0.781250 0.332031 0.777344 0.335938 0.753906 0.335938 0.750000 0.332031 0.750000 0.316406 0.753906 0.312500 0.753906 0.292969 0.757812 0.289062 0.781250 0.289062 0.789062 0.296875 0.789062 0.300781 0.792969 0.300781 0.796875 0.304688 0.804688 0.304688 0.808594 0.300781 0.808594 0.285156 0.789062 0.285156 0.785156 0.281250 0.785156 0.269531 0.781250 0.265625 0.781250 0.246094 0.777344 0.242188 0.707031 0.242188 0.703125 0.238281 0.703125 0.214844 0.707031 0.210938 0.707031 0.191406 0.710938 0.187500 0.730469 0.187500 0.730469 0.179688 0.726562 0.175781 0.695312 0.175781 0.691406 0.171875 0.691406 0.164062 0.683594 0.156250 0.683594 0.152344 0.660156 0.152344 0.656250 0.156250 0.652344 0.156250 0.652344 0.164062 0.656250 0.167969 0.664062 0.167969 0.667969 0.171875 0.679688 0.171875 0.683594 0.175781 0.691406 0.175781 0.695312 0.179688 0.695312 0.195312 0.691406 0.199219 0.679688 0.199219 0.671875 0.207031 0.671875 0.210938 0.667969 0.214844 0.644531 0.214844 0.640625 0.210938 0.640625 0.199219 0.636719 0.195312 0.562500 0.195312 0.550781 0.183594 0.535156 0.183594 0.531250 0.179688 0.531250 0.156250 0.535156 0.152344 0.539062 0.152344 0.542969 0.148438 0.546875 0.148438 0.546875 0.140625
3 0.503906 0.078125 0.500000 0.082031 0.500000 0.105469 0.496094 0.109375 0.488281 0.109375 0.480469 0.117188 0.457031 0.117188 0.453125 0.121094 0.449219 0.121094 0.449219 0.128906 0.453125 0.132812 0.500000 0.132812 0.503906 0.128906 0.511719 0.128906 0.511719 0.113281 0.515625 0.109375 0.539062 0.109375 0.542969 0.105469 0.554688 0.105469 0.554688 0.097656 0.542969 0.085938 0.531250 0.085938 0.527344 0.082031 0.515625 0.082031 0.511719 0.078125
