3 0.507812 0.917969 0.503906 0.921875 0.503906 0.929688 0.515625 0.929688 0.519531 0.925781 0.519531 0.917969
3 0.457031 0.914062 0.457031 0.925781 0.464844 0.925781 0.468750 0.929688 0.468750 0.945312 0.464844 0.949219 0.464844 0.953125 0.460938 0.957031 0.460938 0.976562 0.464844 0.980469 0.468750 0.980469 0.472656 0.984375 0.484375 0.984375 0.484375 0.968750 0.488281 0.964844 0.492188 0.964844 0.492188 0.953125 0.500000 0.945312 0.500000 0.937500 0.484375 0.937500 0.480469 0.933594 0.480469 0.929688 0.468750 0.929688 0.464844 0.925781 0.464844 0.914062
3 0.257812 0.734375 0.257812 0.742188 0.261719 0.742188 0.265625 0.746094 0.277344 0.746094 0.281250 0.750000 0.281250 0.753906 0.289062 0.753906 0.292969 0.757812 0.292969 0.792969 0.296875 0.796875 0.296875 0.800781 0.300781 0.804688 0.300781 0.812500 0.304688 0.816406 0.308594 0.816406 0.312500 0.820312 0.320312 0.820312 0.324219 0.824219 0.324219 0.828125 0.328125 0.832031 0.335938 0.832031 0.335938 0.828125 0.339844 0.824219 0.339844 0.820312 0.343750 0.816406 0.355469 0.816406 0.355469 0.808594 0.351562 0.804688 0.339844 0.804688 0.332031 0.796875 0.332031 0.781250 0.328125 0.777344 0.328125 0.773438 0.320312 0.773438 0.316406 0.769531 0.296875 0.769531 0.292969 0.765625 0.292969 0.738281 0.269531 0.738281 0.265625 0.734375
3 0.687500 0.679688 0.687500 0.687500 0.691406 0.687500 0.695312 0.691406 0.695312 0.718750 0.726562 0.718750 0.726562 0.714844 0.730469 0.710938 0.742188 0.710938 0.742188 0.691406 0.726562 0.691406 0.722656 0.687500 0.722656 0.683594 0.718750 0.683594 0.714844 0.679688
3 0.226562 0.664062 0.226562 0.675781 0.222656 0.679688 0.222656 0.683594 0.218750 0.687500 0.218750 0.699219 0.230469 0.699219 0.234375 0.703125 0.234375 0.707031 0.242188 0.707031 0.242188 0.699219 0.246094 0.695312 0.250000 0.695312 0.257812 0.687500 0.257812 0.675781 0.253906 0.671875 0.250000 0.671875 0.246094 0.667969 0.242188 0.667969 0.238281 0.664062
3 0.609375 0.640625 0.605469 0.644531 0.605469 0.652344 0.601562 0.656250 0.597656 0.656250 0.597656 0.660156 0.593750 0.664062 0.593750 0.675781 0.589844 0.679688 0.574219 0.679688 0.570312 0.675781 0.550781 0.675781 0.550781 0.679688 0.546875 0.683594 0.546875 0.687500 0.542969 0.691406 0.542969 0.703125 0.554688 0.703125 0.554688 0.699219 0.558594 0.695312 0.562500 0.695312 0.566406 0.691406 0.570312 0.691406 0.574219 0.687500 0.589844 0.687500 0.593750 0.691406 0.597656 0.691406 0.601562 0.695312 0.601562 0.707031 0.613281 0.707031 0.613281 0.699219 0.609375 0.699219 0.605469 0.695312 0.605469 0.679688 0.609375 0.675781 0.632812 0.675781 0.632812 0.660156 0.628906 0.660156 0.625000 0.656250 0.625000 0.644531 0.621094 0.640625
3 0.648438 0.625000 0.644531 0.628906 0.644531 0.636719 0.648438 0.640625 0.664062 0.640625 0.667969 0.636719 0.667969 0.628906 0.664062 0.625000
3 0.386719 0.601562 0.382812 0.605469 0.378906 0.605469 0.378906 0.613281 0.382812 0.613281 0.386719 0.617188 0.386719 0.632812 0.382812 0.636719 0.382812 0.640625 0.378906 0.644531 0.378906 0.652344 0.382812 0.656250 0.382812 0.671875 0.386719 0.675781 0.386719 0.691406 0.382812 0.695312 0.382812 0.703125 0.378906 0.707031 0.339844 0.707031 0.335938 0.703125 0.335938 0.699219 0.332031 0.695312 0.308594 0.695312 0.308594 0.703125 0.312500 0.707031 0.316406 0.707031 0.320312 0.710938 0.324219 0.710938 0.328125 0.714844 0.343750 0.714844 0.347656 0.718750 0.347656 0.722656 0.351562 0.726562 0.367188 0.726562 0.371094 0.730469 0.371094 0.742188 0.398438 0.742188 0.402344 0.738281 0.425781 0.738281 0.425781 0.726562 0.414062 0.726562 0.410156 0.722656 0.410156 0.714844 0.398438 0.714844 0.394531 0.710938 0.394531 0.687500 0.398438 0.683594 0.398438 0.679688 0.402344 0.675781 0.460938 0.675781 0.464844 0.671875 0.472656 0.671875 0.480469 0.664062 0.507812 0.664062 0.511719 0.667969 0.511719 0.671875 0.515625 0.675781 0.523438 0.675781 0.523438 0.656250 0.449219 0.656250 0.445312 0.652344 0.445312 0.648438 0.425781 0.648438 0.421875 0.644531 0.414062 0.644531 0.410156 0.640625 0.410156 0.628906 0.406250 0.628906 0.402344 0.625000 0.398438 0.625000 0.394531 0.621094 0.394531 0.601562
3 0.328125 0.589844 0.324219 0.593750 0.324219 0.605469 0.335938 0.605469 0.339844 0.601562 0.347656 0.601562 0.347656 0.589844
3 0.617188 0.582031 0.609375 0.589844 0.585938 0.589844 0.582031 0.593750 0.558594 0.593750 0.554688 0.597656 0.554688 0.605469 0.558594 0.609375 0.621094 0.609375 0.625000 0.605469 0.628906 0.605469 0.628906 0.601562 0.632812 0.597656 0.632812 0.585938 0.628906 0.585938 0.625000 0.582031
3 0.679688 0.484375 0.679688 0.496094 0.675781 0.500000 0.675781 0.507812 0.671875 0.511719 0.660156 0.511719 0.660156 0.519531 0.664062 0.519531 0.667969 0.523438 0.667969 0.546875 0.675781 0.546875 0.679688 0.542969 0.707031 0.542969 0.714844 0.535156 0.714844 0.527344 0.710938 0.523438 0.695312 0.523438 0.691406 0.519531 0.691406 0.492188 0.687500 0.488281 0.687500 0.484375
3 0.339844 0.480469 0.339844 0.484375 0.335938 0.488281 0.335938 0.496094 0.332031 0.500000 0.300781 0.500000 0.300781 0.507812 0.312500 0.519531 0.312500 0.523438 0.316406 0.523438 0.320312 0.527344 0.320312 0.531250 0.332031 0.531250 0.335938 0.527344 0.351562 0.527344 0.355469 0.523438 0.359375 0.523438 0.363281 0.519531 0.363281 0.503906 0.359375 0.500000 0.359375 0.492188 0.355469 0.488281 0.355469 0.480469
3 0.546875 0.457031 0.542969 0.460938 0.542969 0.464844 0.539062 0.468750 0.539062 0.472656 0.535156 0.476562 0.507812 0.476562 0.503906 0.480469 0.503906 0.492188 0.500000 0.496094 0.496094 0.496094 0.496094 0.507812 0.500000 0.511719 0.503906 0.511719 0.507812 0.515625 0.507812 0.527344 0.523438 0.527344 0.523438 0.523438 0.527344 0.519531 0.546875 0.519531 0.550781 0.523438 0.554688 0.523438 0.558594 0.527344 0.578125 0.527344 0.578125 0.519531 0.574219 0.515625 0.570312 0.515625 0.562500 0.507812 0.562500 0.480469 0.566406 0.476562 0.574219 0.476562 0.578125 0.472656 0.593750 0.472656 0.597656 0.476562 0.605469 0.476562 0.605469 0.468750 0.582031 0.468750 0.578125 0.464844 0.578125 0.457031
3 0.660156 0.449219 0.660156 0.464844 0.664062 0.468750 0.671875 0.468750 0.671875 0.464844 0.675781 0.460938 0.679688 0.460938 0.679688 0.449219
3 0.648438 0.433594 0.648438 0.441406 0.656250 0.441406 0.656250 0.433594
3 0.714844 0.417969 0.710938 0.421875 0.707031 0.421875 0.703125 0.425781 0.691406 0.425781 0.691406 0.437500 0.699219 0.437500 0.703125 0.441406 0.703125 0.460938 0.707031 0.460938 0.710938 0.464844 0.710938 0.480469 0.742188 0.480469 0.746094 0.484375 0.746094 0.488281 0.750000 0.492188 0.750000 0.519531 0.765625 0.519531 0.769531 0.523438 0.785156 0.523438 0.789062 0.519531 0.789062 0.511719 0.792969 0.507812 0.835938 0.507812 0.839844 0.503906 0.863281 0.503906 0.863281 0.472656 0.867188 0.468750 0.886719 0.468750 0.890625 0.464844 0.890625 0.453125 0.859375 0.453125 0.855469 0.449219 0.855469 0.437500 0.851562 0.433594 0.812500 0.433594 0.812500 0.457031 0.808594 0.460938 0.804688 0.460938 0.792969 0.472656 0.792969 0.476562 0.789062 0.480469 0.785156 0.480469 0.781250 0.484375 0.757812 0.484375 0.753906 0.480469 0.753906 0.476562 0.750000 0.476562 0.746094 0.472656 0.746094 0.460938 0.726562 0.460938 0.722656 0.457031 0.722656 0.417969
3 0.281250 0.375000 0.273438 0.382812 0.273438 0.390625 0.277344 0.394531 0.277344 0.414062 0.273438 0.417969 0.253906 0.417969 0.250000 0.421875 0.246094 0.421875 0.246094 0.441406 0.242188 0.445312 0.218750 0.445312 0.214844 0.441406 0.214844 0.425781 0.210938 0.425781 0.195312 0.410156 0.187500 0.410156 0.183594 0.414062 0.183594 0.417969 0.179688 0.421875 0.175781 0.421875 0.171875 0.425781 0.164062 0.425781 0.156250 0.433594 0.156250 0.441406 0.164062 0.441406 0.167969 0.445312 0.203125 0.445312 0.207031 0.449219 0.207031 0.464844 0.203125 0.468750 0.203125 0.476562 0.199219 0.480469 0.183594 0.480469 0.179688 0.476562 0.171875 0.476562 0.167969 0.480469 0.156250 0.480469 0.156250 0.484375 0.152344 0.488281 0.148438 0.488281 0.144531 0.492188 0.140625 0.492188 0.132812 0.500000 0.128906 0.500000 0.128906 0.507812 0.136719 0.507812 0.140625 0.503906 0.156250 0.503906 0.160156 0.507812 0.167969 0.507812 0.171875 0.503906 0.195312 0.503906 0.199219 0.507812 0.214844 0.507812 0.214844 0.496094 0.218750 0.492188 0.238281 0.492188 0.242188 0.496094 0.250000 0.496094 0.253906 0.500000 0.261719 0.500000 0.265625 0.503906 0.277344 0.503906 0.277344 0.496094 0.273438 0.492188 0.269531 0.492188 0.265625 0.488281 0.261719 0.488281 0.257812 0.484375 0.257812 0.480469 0.246094 0.480469 0.238281 0.472656 0.238281 0.453125 0.242188 0.449219 0.265625 0.449219 0.273438 0.441406 0.277344 0.441406 0.281250 0.437500 0.316406 0.437500 0.320312 0.441406 0.320312 0.453125 0.328125 0.453125 0.332031 0.457031 0.343750 0.457031 0.343750 0.441406 0.347656 0.437500 0.367188 0.437500 0.375000 0.429688 0.378906 0.429688 0.378906 0.421875 0.371094 0.421875 0.367188 0.417969 0.355469 0.417969 0.351562 0.421875 0.347656 0.421875 0.343750 0.425781 0.328125 0.425781 0.324219 0.421875 0.324219 0.402344 0.328125 0.398438 0.332031 0.398438 0.332031 0.382812 0.304688 0.382812 0.296875 0.375000
3 0.785156 0.285156 0.785156 0.296875 0.800781 0.296875 0.804688 0.300781 0.804688 0.316406 0.816406 0.328125 0.816406 0.343750 0.812500 0.347656 0.800781 0.347656 0.796875 0.351562 0.796875 0.355469 0.789062 0.363281 0.781250 0.363281 0.777344 0.367188 0.773438 0.367188 0.773438 0.375000 0.761719 0.386719 0.757812 0.386719 0.757812 0.398438 0.777344 0.398438 0.781250 0.402344 0.789062 0.402344 0.792969 0.398438 0.800781 0.398438 0.800781 0.390625 0.808594 0.382812 0.816406 0.382812 0.816406 0.375000 0.820312 0.371094 0.824219 0.371094 0.824219 0.347656 0.828125 0.343750 0.871094 0.343750 0.875000 0.347656 0.875000 0.355469 0.878906 0.359375 0.890625 0.359375 0.894531 0.355469 0.894531 0.347656 0.882812 0.335938 0.871094 0.335938 0.867188 0.332031 0.867188 0.320312 0.863281 0.316406 0.851562 0.316406 0.847656 0.312500 0.847656 0.304688 0.843750 0.300781 0.843750 0.296875 0.839844 0.296875 0.828125 0.285156
3 0.710938 0.285156 0.703125 0.292969 0.699219 0.292969 0.695312 0.296875 0.691406 0.296875 0.691406 0.308594 0.687500 0.312500 0.664062 0.312500 0.664062 0.324219 0.667969 0.328125 0.667969 0.351562 0.679688 0.363281 0.695312 0.363281 0.699219 0.359375 0.699219 0.343750 0.703125 0.339844 0.714844 0.339844 0.718750 0.335938 0.746094 0.335938 0.746094 0.324219 0.750000 0.320312 0.757812 0.320312 0.757812 0.296875 0.750000 0.296875 0.746094 0.292969 0.746094 0.289062 0.722656 0.289062 0.718750 0.285156
3 0.257812 0.285156 0.253906 0.289062 0.246094 0.289062 0.234375 0.300781 0.230469 0.300781 0.230469 0.304688 0.226562 0.308594 0.222656 0.308594 0.222656 0.316406 0.234375 0.316406 0.238281 0.320312 0.261719 0.320312 0.261719 0.304688 0.265625 0.300781 0.285156 0.300781 0.285156 0.289062 0.281250 0.285156
3 0.382812 0.269531 0.378906 0.273438 0.378906 0.300781 0.375000 0.304688 0.371094 0.304688 0.367188 0.308594 0.367188 0.316406 0.378906 0.316406 0.382812 0.320312 0.382812 0.351562 0.390625 0.351562 0.398438 0.343750 0.414062 0.343750 0.417969 0.347656 0.417969 0.355469 0.425781 0.355469 0.425781 0.339844 0.429688 0.335938 0.457031 0.335938 0.464844 0.343750 0.492188 0.343750 0.492188 0.328125 0.488281 0.324219 0.488281 0.316406 0.476562 0.316406 0.476562 0.320312 0.472656 0.324219 0.449219 0.324219 0.445312 0.328125 0.429688 0.328125 0.425781 0.324219 0.421875 0.324219 0.417969 0.320312 0.417969 0.308594 0.414062 0.308594 0.402344 0.296875 0.402344 0.292969 0.398438 0.292969 0.394531 0.289062 0.394531 0.269531
3 0.460938 0.199219 0.460938 0.214844 0.457031 0.218750 0.441406 0.218750 0.437500 0.222656 0.437500 0.230469 0.433594 0.234375 0.417969 0.234375 0.414062 0.230469 0.414062 0.226562 0.402344 0.226562 0.402344 0.234375 0.406250 0.238281 0.406250 0.246094 0.410156 0.250000 0.410156 0.257812 0.421875 0.257812 0.425781 0.253906 0.441406 0.253906 0.445312 0.257812 0.453125 0.257812 0.457031 0.253906 0.480469 0.253906 0.480469 0.242188 0.476562 0.238281 0.476562 0.222656 0.472656 0.218750 0.472656 0.199219
