3 0.550781 0.914062 0.550781 0.917969 0.546875 0.921875 0.531250 0.921875 0.531250 0.937500 0.535156 0.937500 0.539062 0.941406 0.546875 0.941406 0.558594 0.953125 0.558594 0.968750 0.554688 0.972656 0.554688 0.996094 0.570312 0.996094 0.570312 0.976562 0.574219 0.972656 0.574219 0.914062
3 0.734375 0.824219 0.734375 0.835938 0.742188 0.835938 0.742188 0.824219
3 0.324219 0.792969 0.324219 0.804688 0.328125 0.808594 0.328125 0.812500 0.335938 0.820312 0.351562 0.820312 0.355469 0.816406 0.363281 0.816406 0.367188 0.812500 0.375000 0.812500 0.375000 0.804688 0.367188 0.804688 0.363281 0.800781 0.355469 0.800781 0.347656 0.792969
3 0.777344 0.753906 0.777344 0.769531 0.769531 0.777344 0.769531 0.785156 0.777344 0.785156 0.781250 0.789062 0.781250 0.792969 0.789062 0.792969 0.792969 0.789062 0.800781 0.789062 0.800781 0.781250 0.808594 0.773438 0.808594 0.765625 0.792969 0.765625 0.789062 0.761719 0.789062 0.757812 0.785156 0.753906
3 0.382812 0.710938 0.378906 0.714844 0.339844 0.714844 0.339844 0.722656 0.335938 0.726562 0.332031 0.726562 0.332031 0.734375 0.343750 0.734375 0.351562 0.742188 0.375000 0.742188 0.375000 0.738281 0.378906 0.734375 0.406250 0.734375 0.410156 0.730469 0.410156 0.722656 0.406250 0.722656 0.402344 0.718750 0.402344 0.714844 0.398438 0.714844 0.394531 0.710938
3 0.460938 0.695312 0.460938 0.703125 0.472656 0.703125 0.472656 0.695312
3 0.238281 0.625000 0.238281 0.628906 0.234375 0.632812 0.199219 0.632812 0.199219 0.636719 0.195312 0.640625 0.195312 0.648438 0.203125 0.648438 0.207031 0.652344 0.210938 0.652344 0.214844 0.656250 0.214844 0.664062 0.222656 0.671875 0.234375 0.671875 0.234375 0.667969 0.238281 0.664062 0.265625 0.664062 0.265625 0.648438 0.261719 0.648438 0.257812 0.644531 0.257812 0.625000
3 0.839844 0.621094 0.835938 0.625000 0.828125 0.625000 0.816406 0.636719 0.804688 0.636719 0.804688 0.652344 0.808594 0.656250 0.808594 0.660156 0.812500 0.660156 0.820312 0.667969 0.832031 0.667969 0.839844 0.660156 0.855469 0.660156 0.859375 0.664062 0.859375 0.679688 0.855469 0.683594 0.855469 0.699219 0.851562 0.703125 0.851562 0.710938 0.859375 0.710938 0.859375 0.699219 0.863281 0.695312 0.867188 0.695312 0.867188 0.679688 0.871094 0.675781 0.875000 0.675781 0.875000 0.667969 0.878906 0.664062 0.882812 0.664062 0.882812 0.636719 0.863281 0.636719 0.859375 0.632812 0.859375 0.621094
3 0.910156 0.585938 0.910156 0.593750 0.906250 0.597656 0.906250 0.605469 0.914062 0.605469 0.917969 0.601562 0.917969 0.585938
3 0.375000 0.578125 0.375000 0.585938 0.371094 0.589844 0.363281 0.589844 0.363281 0.597656 0.367188 0.601562 0.367188 0.625000 0.363281 0.628906 0.343750 0.628906 0.339844 0.625000 0.339844 0.605469 0.328125 0.605469 0.328125 0.609375 0.320312 0.617188 0.304688 0.617188 0.304688 0.621094 0.300781 0.625000 0.281250 0.625000 0.281250 0.636719 0.289062 0.636719 0.296875 0.644531 0.296875 0.648438 0.300781 0.648438 0.304688 0.652344 0.316406 0.652344 0.316406 0.625000 0.320312 0.621094 0.335938 0.621094 0.339844 0.625000 0.339844 0.648438 0.343750 0.652344 0.351562 0.652344 0.355469 0.656250 0.363281 0.656250 0.367188 0.660156 0.382812 0.660156 0.386719 0.664062 0.386719 0.687500 0.398438 0.687500 0.398438 0.683594 0.402344 0.679688 0.425781 0.679688 0.429688 0.683594 0.437500 0.683594 0.437500 0.671875 0.421875 0.671875 0.417969 0.667969 0.417969 0.664062 0.398438 0.664062 0.394531 0.660156 0.394531 0.640625 0.390625 0.640625 0.382812 0.632812 0.382812 0.613281 0.386719 0.609375 0.402344 0.609375 0.406250 0.613281 0.406250 0.617188 0.425781 0.617188 0.429688 0.613281 0.433594 0.613281 0.433594 0.601562 0.429688 0.601562 0.425781 0.597656 0.398438 0.597656 0.394531 0.593750 0.394531 0.582031 0.390625 0.578125
3 0.597656 0.546875 0.597656 0.570312 0.593750 0.574219 0.585938 0.574219 0.578125 0.582031 0.574219 0.582031 0.570312 0.585938 0.550781 0.585938 0.550781 0.589844 0.546875 0.593750 0.546875 0.601562 0.562500 0.601562 0.566406 0.597656 0.585938 0.597656 0.589844 0.601562 0.589844 0.605469 0.593750 0.609375 0.593750 0.628906 0.605469 0.628906 0.609375 0.632812 0.609375 0.648438 0.605469 0.652344 0.605469 0.660156 0.609375 0.660156 0.613281 0.664062 0.617188 0.664062 0.621094 0.667969 0.621094 0.679688 0.628906 0.679688 0.628906 0.671875 0.632812 0.667969 0.636719 0.667969 0.636719 0.664062 0.644531 0.656250 0.644531 0.640625 0.648438 0.636719 0.648438 0.628906 0.644531 0.625000 0.644531 0.621094 0.617188 0.621094 0.613281 0.617188 0.613281 0.585938 0.609375 0.585938 0.605469 0.582031 0.605469 0.562500 0.609375 0.558594 0.625000 0.558594 0.628906 0.562500 0.628906 0.578125 0.636719 0.578125 0.636719 0.566406 0.640625 0.562500 0.664062 0.562500 0.667969 0.566406 0.667969 0.585938 0.683594 0.585938 0.691406 0.578125 0.695312 0.578125 0.695312 0.566406 0.691406 0.562500 0.691406 0.558594 0.687500 0.558594 0.683594 0.554688 0.640625 0.554688 0.636719 0.550781 0.636719 0.546875 0.628906 0.546875 0.625000 0.550781 0.609375 0.550781 0.605469 0.546875
3 0.101562 0.519531 0.101562 0.527344 0.105469 0.527344 0.109375 0.531250 0.109375 0.546875 0.125000 0.546875 0.132812 0.554688 0.132812 0.566406 0.136719 0.570312 0.136719 0.589844 0.144531 0.589844 0.148438 0.593750 0.214844 0.593750 0.218750 0.589844 0.226562 0.589844 0.230469 0.585938 0.230469 0.578125 0.222656 0.578125 0.218750 0.574219 0.191406 0.574219 0.183594 0.566406 0.179688 0.566406 0.175781 0.562500 0.175781 0.531250 0.167969 0.531250 0.164062 0.527344 0.156250 0.527344 0.156250 0.531250 0.152344 0.535156 0.132812 0.535156 0.125000 0.527344 0.125000 0.523438 0.121094 0.523438 0.117188 0.519531
3 0.351562 0.445312 0.351562 0.449219 0.347656 0.453125 0.335938 0.453125 0.332031 0.457031 0.328125 0.457031 0.324219 0.460938 0.320312 0.460938 0.316406 0.464844 0.316406 0.480469 0.324219 0.480469 0.328125 0.476562 0.343750 0.476562 0.347656 0.480469 0.347656 0.488281 0.355469 0.488281 0.367188 0.476562 0.367188 0.472656 0.375000 0.464844 0.375000 0.457031 0.371094 0.453125 0.367188 0.453125 0.363281 0.449219 0.363281 0.445312
3 0.050781 0.429688 0.050781 0.445312 0.046875 0.449219 0.046875 0.460938 0.062500 0.460938 0.066406 0.457031 0.066406 0.449219 0.070312 0.445312 0.089844 0.445312 0.097656 0.453125 0.105469 0.453125 0.113281 0.445312 0.113281 0.437500 0.062500 0.437500 0.058594 0.433594 0.058594 0.429688
3 0.687500 0.410156 0.687500 0.417969 0.683594 0.421875 0.679688 0.421875 0.679688 0.433594 0.691406 0.433594 0.695312 0.437500 0.695312 0.445312 0.703125 0.445312 0.707031 0.449219 0.707031 0.457031 0.742188 0.457031 0.746094 0.460938 0.746094 0.464844 0.761719 0.464844 0.761719 0.457031 0.765625 0.453125 0.789062 0.453125 0.796875 0.460938 0.796875 0.488281 0.804688 0.496094 0.808594 0.496094 0.812500 0.500000 0.812500 0.507812 0.816406 0.507812 0.820312 0.511719 0.820312 0.515625 0.851562 0.515625 0.855469 0.519531 0.871094 0.519531 0.875000 0.515625 0.914062 0.515625 0.914062 0.500000 0.917969 0.496094 0.917969 0.484375 0.910156 0.476562 0.910156 0.472656 0.902344 0.472656 0.902344 0.496094 0.898438 0.500000 0.855469 0.500000 0.847656 0.492188 0.847656 0.480469 0.839844 0.480469 0.835938 0.476562 0.828125 0.476562 0.824219 0.472656 0.812500 0.472656 0.808594 0.468750 0.808594 0.445312 0.812500 0.441406 0.835938 0.441406 0.839844 0.437500 0.839844 0.429688 0.816406 0.429688 0.816406 0.433594 0.812500 0.437500 0.792969 0.437500 0.785156 0.445312 0.781250 0.445312 0.781250 0.449219 0.777344 0.453125 0.746094 0.453125 0.742188 0.449219 0.742188 0.429688 0.738281 0.425781 0.734375 0.425781 0.730469 0.421875 0.730469 0.417969 0.707031 0.417969 0.703125 0.414062 0.703125 0.410156
3 0.546875 0.402344 0.542969 0.406250 0.542969 0.414062 0.554688 0.414062 0.558594 0.410156 0.558594 0.402344
3 0.445312 0.347656 0.445312 0.363281 0.441406 0.367188 0.417969 0.367188 0.417969 0.375000 0.433594 0.390625 0.433594 0.398438 0.437500 0.398438 0.441406 0.402344 0.476562 0.402344 0.480469 0.406250 0.480469 0.429688 0.511719 0.429688 0.515625 0.433594 0.515625 0.449219 0.519531 0.453125 0.527344 0.453125 0.531250 0.449219 0.531250 0.445312 0.535156 0.441406 0.535156 0.433594 0.515625 0.433594 0.511719 0.429688 0.511719 0.410156 0.515625 0.406250 0.515625 0.394531 0.503906 0.394531 0.500000 0.390625 0.500000 0.367188 0.496094 0.363281 0.460938 0.363281 0.457031 0.359375 0.457031 0.347656
3 0.683594 0.332031 0.679688 0.335938 0.671875 0.335938 0.667969 0.339844 0.667969 0.347656 0.671875 0.347656 0.675781 0.351562 0.675781 0.355469 0.683594 0.355469 0.691406 0.347656 0.722656 0.347656 0.726562 0.343750 0.726562 0.335938 0.695312 0.335938 0.691406 0.332031
3 0.164062 0.277344 0.164062 0.308594 0.167969 0.308594 0.171875 0.312500 0.179688 0.312500 0.183594 0.308594 0.195312 0.308594 0.195312 0.296875 0.199219 0.292969 0.207031 0.292969 0.207031 0.281250 0.187500 0.281250 0.183594 0.277344
3 0.750000 0.253906 0.750000 0.281250 0.746094 0.285156 0.746094 0.292969 0.761719 0.292969 0.765625 0.289062 0.785156 0.289062 0.789062 0.292969 0.789062 0.304688 0.792969 0.308594 0.804688 0.308594 0.804688 0.300781 0.800781 0.296875 0.792969 0.296875 0.789062 0.292969 0.789062 0.281250 0.781250 0.281250 0.777344 0.277344 0.773438 0.277344 0.769531 0.273438 0.769531 0.265625 0.761719 0.257812 0.761719 0.253906
3 0.386719 0.234375 0.386719 0.242188 0.410156 0.242188 0.410156 0.234375
3 0.437500 0.183594 0.437500 0.195312 0.429688 0.203125 0.417969 0.203125 0.417969 0.207031 0.414062 0.210938 0.414062 0.226562 0.429688 0.226562 0.433594 0.222656 0.445312 0.222656 0.445312 0.214844 0.453125 0.207031 0.453125 0.199219 0.449219 0.195312 0.449219 0.187500 0.445312 0.183594
3 0.339844 0.179688 0.339844 0.183594 0.335938 0.187500 0.332031 0.187500 0.332031 0.207031 0.335938 0.210938 0.339844 0.210938 0.343750 0.214844 0.363281 0.214844 0.367188 0.218750 0.375000 0.218750 0.375000 0.207031 0.371094 0.203125 0.371094 0.183594 0.359375 0.183594 0.355469 0.179688
