3 0.675781 0.933594 0.675781 0.937500 0.671875 0.941406 0.656250 0.941406 0.656250 0.968750 0.652344 0.972656 0.644531 0.972656 0.644531 0.984375 0.652344 0.984375 0.656250 0.988281 0.656250 0.996094 0.683594 0.996094 0.683594 0.988281 0.691406 0.980469 0.691406 0.972656 0.695312 0.968750 0.695312 0.945312 0.691406 0.941406 0.687500 0.941406 0.683594 0.937500 0.683594 0.933594
3 0.707031 0.804688 0.707031 0.816406 0.714844 0.816406 0.714844 0.804688
3 0.164062 0.714844 0.164062 0.722656 0.167969 0.722656 0.175781 0.730469 0.179688 0.730469 0.187500 0.738281 0.187500 0.742188 0.199219 0.742188 0.203125 0.746094 0.207031 0.746094 0.210938 0.750000 0.218750 0.750000 0.218750 0.746094 0.222656 0.742188 0.246094 0.742188 0.250000 0.746094 0.250000 0.769531 0.253906 0.773438 0.253906 0.777344 0.257812 0.781250 0.277344 0.781250 0.281250 0.785156 0.289062 0.785156 0.289062 0.777344 0.281250 0.777344 0.277344 0.773438 0.277344 0.765625 0.269531 0.765625 0.265625 0.761719 0.265625 0.746094 0.269531 0.742188 0.269531 0.734375 0.234375 0.734375 0.230469 0.730469 0.230469 0.726562 0.199219 0.726562 0.195312 0.722656 0.191406 0.722656 0.187500 0.718750 0.187500 0.714844
3 0.769531 0.652344 0.761719 0.660156 0.746094 0.660156 0.746094 0.683594 0.742188 0.687500 0.730469 0.687500 0.730469 0.695312 0.726562 0.699219 0.722656 0.699219 0.722656 0.707031 0.726562 0.710938 0.746094 0.710938 0.746094 0.703125 0.750000 0.699219 0.757812 0.699219 0.757812 0.679688 0.761719 0.675781 0.777344 0.675781 0.781250 0.679688 0.781250 0.683594 0.789062 0.683594 0.792969 0.687500 0.816406 0.687500 0.820312 0.683594 0.820312 0.675781 0.816406 0.671875 0.792969 0.671875 0.785156 0.664062 0.785156 0.652344
3 0.542969 0.644531 0.542969 0.648438 0.539062 0.652344 0.523438 0.652344 0.523438 0.656250 0.519531 0.660156 0.519531 0.671875 0.527344 0.671875 0.531250 0.675781 0.531250 0.683594 0.535156 0.687500 0.535156 0.707031 0.546875 0.707031 0.550781 0.703125 0.585938 0.703125 0.589844 0.707031 0.589844 0.734375 0.582031 0.742188 0.578125 0.742188 0.578125 0.757812 0.574219 0.761719 0.558594 0.761719 0.558594 0.777344 0.578125 0.777344 0.582031 0.781250 0.582031 0.792969 0.585938 0.796875 0.585938 0.812500 0.582031 0.816406 0.578125 0.816406 0.578125 0.820312 0.574219 0.824219 0.574219 0.839844 0.570312 0.843750 0.550781 0.843750 0.550781 0.851562 0.554688 0.851562 0.562500 0.859375 0.585938 0.859375 0.589844 0.863281 0.589844 0.875000 0.593750 0.878906 0.597656 0.878906 0.601562 0.882812 0.601562 0.886719 0.605469 0.886719 0.609375 0.890625 0.617188 0.890625 0.617188 0.878906 0.621094 0.875000 0.628906 0.875000 0.628906 0.867188 0.632812 0.863281 0.632812 0.859375 0.636719 0.855469 0.636719 0.839844 0.640625 0.835938 0.660156 0.835938 0.664062 0.839844 0.671875 0.839844 0.675781 0.835938 0.679688 0.835938 0.683594 0.832031 0.691406 0.832031 0.691406 0.824219 0.687500 0.824219 0.679688 0.816406 0.679688 0.804688 0.675781 0.800781 0.652344 0.800781 0.652344 0.812500 0.648438 0.816406 0.640625 0.816406 0.640625 0.828125 0.636719 0.832031 0.617188 0.832031 0.613281 0.828125 0.613281 0.812500 0.605469 0.812500 0.601562 0.808594 0.601562 0.777344 0.589844 0.777344 0.585938 0.773438 0.585938 0.757812 0.593750 0.750000 0.593750 0.730469 0.597656 0.726562 0.597656 0.718750 0.601562 0.714844 0.605469 0.714844 0.609375 0.710938 0.613281 0.710938 0.617188 0.707031 0.621094 0.707031 0.625000 0.703125 0.628906 0.703125 0.632812 0.699219 0.640625 0.699219 0.640625 0.691406 0.617188 0.691406 0.613281 0.695312 0.585938 0.695312 0.582031 0.691406 0.582031 0.671875 0.578125 0.671875 0.574219 0.667969 0.574219 0.660156 0.558594 0.660156 0.550781 0.652344 0.550781 0.644531
3 0.191406 0.636719 0.191406 0.640625 0.187500 0.644531 0.183594 0.644531 0.183594 0.656250 0.179688 0.660156 0.171875 0.660156 0.171875 0.667969 0.175781 0.671875 0.175781 0.687500 0.207031 0.687500 0.207031 0.679688 0.203125 0.675781 0.191406 0.675781 0.187500 0.671875 0.187500 0.656250 0.191406 0.652344 0.199219 0.652344 0.203125 0.648438 0.203125 0.640625 0.199219 0.636719
3 0.824219 0.609375 0.820312 0.613281 0.808594 0.613281 0.808594 0.617188 0.804688 0.621094 0.800781 0.621094 0.800781 0.640625 0.812500 0.640625 0.812500 0.632812 0.816406 0.628906 0.839844 0.628906 0.839844 0.625000 0.847656 0.617188 0.847656 0.609375
3 0.343750 0.609375 0.343750 0.632812 0.339844 0.636719 0.332031 0.636719 0.332031 0.660156 0.328125 0.664062 0.300781 0.664062 0.296875 0.660156 0.296875 0.644531 0.285156 0.644531 0.281250 0.648438 0.269531 0.648438 0.269531 0.652344 0.265625 0.656250 0.261719 0.656250 0.257812 0.660156 0.253906 0.660156 0.253906 0.675781 0.257812 0.679688 0.257812 0.695312 0.261719 0.695312 0.265625 0.699219 0.277344 0.699219 0.281250 0.703125 0.308594 0.703125 0.308594 0.699219 0.312500 0.695312 0.316406 0.695312 0.316406 0.683594 0.320312 0.679688 0.335938 0.679688 0.335938 0.667969 0.339844 0.664062 0.363281 0.664062 0.367188 0.660156 0.406250 0.660156 0.410156 0.664062 0.414062 0.664062 0.417969 0.667969 0.417969 0.671875 0.425781 0.671875 0.425781 0.660156 0.429688 0.656250 0.449219 0.656250 0.449219 0.648438 0.445312 0.648438 0.429688 0.632812 0.425781 0.632812 0.421875 0.628906 0.410156 0.628906 0.406250 0.625000 0.406250 0.617188 0.398438 0.617188 0.390625 0.609375
3 0.226562 0.589844 0.226562 0.597656 0.234375 0.597656 0.234375 0.589844
3 0.421875 0.554688 0.421875 0.566406 0.429688 0.566406 0.429688 0.554688
3 0.097656 0.542969 0.097656 0.566406 0.121094 0.566406 0.125000 0.562500 0.125000 0.542969
3 0.183594 0.433594 0.183594 0.445312 0.179688 0.449219 0.152344 0.449219 0.148438 0.445312 0.148438 0.441406 0.144531 0.437500 0.136719 0.437500 0.132812 0.441406 0.125000 0.441406 0.121094 0.445312 0.117188 0.445312 0.117188 0.457031 0.125000 0.464844 0.125000 0.480469 0.132812 0.488281 0.132812 0.492188 0.136719 0.496094 0.136719 0.500000 0.148438 0.500000 0.152344 0.503906 0.152344 0.523438 0.156250 0.527344 0.156250 0.531250 0.164062 0.539062 0.179688 0.539062 0.179688 0.531250 0.183594 0.527344 0.199219 0.527344 0.203125 0.531250 0.203125 0.535156 0.214844 0.535156 0.218750 0.539062 0.226562 0.539062 0.230469 0.542969 0.238281 0.542969 0.242188 0.546875 0.242188 0.578125 0.253906 0.578125 0.261719 0.570312 0.261719 0.558594 0.265625 0.554688 0.281250 0.554688 0.285156 0.558594 0.324219 0.558594 0.328125 0.562500 0.351562 0.562500 0.351562 0.554688 0.347656 0.554688 0.343750 0.550781 0.343750 0.542969 0.339844 0.539062 0.339844 0.519531 0.343750 0.515625 0.347656 0.515625 0.355469 0.507812 0.375000 0.507812 0.378906 0.503906 0.390625 0.503906 0.390625 0.488281 0.386719 0.488281 0.378906 0.480469 0.378906 0.476562 0.355469 0.476562 0.351562 0.480469 0.332031 0.480469 0.332031 0.496094 0.328125 0.500000 0.320312 0.500000 0.320312 0.503906 0.316406 0.507812 0.300781 0.507812 0.296875 0.511719 0.273438 0.511719 0.269531 0.507812 0.265625 0.507812 0.261719 0.503906 0.250000 0.503906 0.246094 0.507812 0.230469 0.507812 0.226562 0.511719 0.222656 0.511719 0.218750 0.515625 0.195312 0.515625 0.191406 0.511719 0.191406 0.492188 0.187500 0.488281 0.144531 0.488281 0.140625 0.484375 0.140625 0.464844 0.144531 0.460938 0.148438 0.460938 0.152344 0.457031 0.207031 0.457031 0.210938 0.453125 0.234375 0.453125 0.234375 0.441406 0.218750 0.441406 0.214844 0.437500 0.195312 0.437500 0.191406 0.433594
3 0.914062 0.421875 0.910156 0.425781 0.910156 0.437500 0.914062 0.437500 0.917969 0.441406 0.925781 0.441406 0.925781 0.425781 0.921875 0.421875
3 0.039062 0.406250 0.027344 0.417969 0.027344 0.429688 0.039062 0.429688 0.042969 0.433594 0.042969 0.468750 0.046875 0.472656 0.046875 0.476562 0.054688 0.484375 0.054688 0.527344 0.062500 0.535156 0.062500 0.539062 0.089844 0.539062 0.089844 0.519531 0.085938 0.515625 0.085938 0.511719 0.082031 0.507812 0.082031 0.500000 0.078125 0.500000 0.074219 0.496094 0.074219 0.492188 0.070312 0.488281 0.070312 0.480469 0.066406 0.476562 0.066406 0.460938 0.070312 0.457031 0.070312 0.449219 0.066406 0.445312 0.050781 0.445312 0.046875 0.441406 0.046875 0.425781 0.050781 0.421875 0.089844 0.421875 0.089844 0.414062 0.085938 0.410156 0.085938 0.406250 0.078125 0.406250 0.074219 0.410156 0.050781 0.410156 0.046875 0.406250
3 0.429688 0.402344 0.429688 0.406250 0.425781 0.410156 0.425781 0.417969 0.429688 0.421875 0.453125 0.421875 0.457031 0.425781 0.457031 0.433594 0.472656 0.433594 0.472656 0.421875 0.445312 0.421875 0.441406 0.417969 0.441406 0.402344
3 0.734375 0.320312 0.730469 0.324219 0.699219 0.324219 0.699219 0.332031 0.695312 0.335938 0.683594 0.335938 0.679688 0.339844 0.679688 0.355469 0.707031 0.355469 0.710938 0.351562 0.718750 0.351562 0.718750 0.347656 0.722656 0.343750 0.726562 0.343750 0.730469 0.339844 0.730469 0.332031 0.734375 0.328125 0.742188 0.328125 0.742188 0.320312
3 0.445312 0.304688 0.445312 0.312500 0.464844 0.312500 0.464844 0.304688
3 0.195312 0.289062 0.195312 0.292969 0.191406 0.296875 0.191406 0.304688 0.207031 0.304688 0.207031 0.289062
3 0.816406 0.269531 0.816406 0.300781 0.820312 0.300781 0.824219 0.304688 0.824219 0.308594 0.835938 0.308594 0.835938 0.277344 0.828125 0.269531
3 0.738281 0.214844 0.738281 0.218750 0.734375 0.222656 0.730469 0.222656 0.730469 0.238281 0.757812 0.238281 0.757812 0.218750 0.753906 0.218750 0.750000 0.214844
3 0.613281 0.183594 0.613281 0.187500 0.609375 0.191406 0.605469 0.191406 0.601562 0.195312 0.593750 0.195312 0.589844 0.199219 0.578125 0.199219 0.574219 0.203125 0.558594 0.203125 0.554688 0.199219 0.554688 0.187500 0.546875 0.187500 0.546875 0.191406 0.542969 0.195312 0.542969 0.203125 0.539062 0.207031 0.539062 0.210938 0.535156 0.214844 0.535156 0.242188 0.531250 0.246094 0.527344 0.246094 0.523438 0.250000 0.523438 0.265625 0.519531 0.269531 0.519531 0.281250 0.511719 0.289062 0.507812 0.289062 0.503906 0.292969 0.503906 0.300781 0.507812 0.304688 0.507812 0.324219 0.527344 0.324219 0.531250 0.328125 0.531250 0.343750 0.527344 0.347656 0.515625 0.347656 0.515625 0.355469 0.511719 0.359375 0.507812 0.359375 0.503906 0.363281 0.503906 0.375000 0.500000 0.378906 0.484375 0.378906 0.480469 0.382812 0.464844 0.382812 0.460938 0.378906 0.460938 0.375000 0.457031 0.375000 0.453125 0.371094 0.453125 0.351562 0.449219 0.351562 0.445312 0.347656 0.437500 0.347656 0.433594 0.351562 0.433594 0.367188 0.429688 0.371094 0.386719 0.371094 0.371094 0.355469 0.371094 0.332031 0.375000 0.328125 0.402344 0.328125 0.402344 0.324219 0.406250 0.320312 0.410156 0.320312 0.414062 0.316406 0.414062 0.308594 0.402344 0.296875 0.402344 0.277344 0.406250 0.273438 0.406250 0.261719 0.386719 0.261719 0.382812 0.265625 0.359375 0.265625 0.359375 0.273438 0.363281 0.277344 0.390625 0.277344 0.394531 0.281250 0.394531 0.296875 0.390625 0.300781 0.386719 0.300781 0.382812 0.304688 0.367188 0.304688 0.359375 0.296875 0.347656 0.296875 0.347656 0.316406 0.343750 0.320312 0.328125 0.320312 0.324219 0.316406 0.324219 0.312500 0.304688 0.312500 0.300781 0.308594 0.300781 0.281250 0.289062 0.281250 0.289062 0.285156 0.285156 0.289062 0.281250 0.289062 0.281250 0.308594 0.296875 0.308594 0.300781 0.312500 0.300781 0.324219 0.316406 0.324219 0.320312 0.328125 0.320312 0.343750 0.316406 0.347656 0.312500 0.347656 0.308594 0.351562 0.289062 0.351562 0.281250 0.343750 0.277344 0.343750 0.273438 0.339844 0.261719 0.339844 0.257812 0.335938 0.257812 0.328125 0.253906 0.324219 0.250000 0.324219 0.246094 0.320312 0.242188 0.320312 0.238281 0.316406 0.230469 0.316406 0.230469 0.324219 0.226562 0.328125 0.195312 0.328125 0.195312 0.335938 0.210938 0.335938 0.210938 0.332031 0.214844 0.328125 0.234375 0.328125 0.242188 0.335938 0.246094 0.335938 0.250000 0.339844 0.250000 0.355469 0.246094 0.359375 0.246094 0.367188 0.277344 0.367188 0.281250 0.371094 0.281250 0.375000 0.285156 0.378906 0.285156 0.382812 0.289062 0.386719 0.289062 0.406250 0.292969 0.406250 0.296875 0.410156 0.300781 0.410156 0.304688 0.414062 0.304688 0.433594 0.300781 0.437500 0.300781 0.445312 0.296875 0.449219 0.257812 0.449219 0.257812 0.453125 0.253906 0.457031 0.242188 0.457031 0.242188 0.472656 0.277344 0.472656 0.281250 0.468750 0.289062 0.468750 0.289062 0.464844 0.292969 0.460938 0.296875 0.460938 0.300781 0.457031 0.308594 0.457031 0.308594 0.449219 0.312500 0.445312 0.335938 0.445312 0.335938 0.417969 0.343750 0.410156 0.375000 0.410156 0.382812 0.417969 0.382812 0.460938 0.390625 0.460938 0.390625 0.394531 0.398438 0.386719 0.406250 0.386719 0.410156 0.382812 0.425781 0.382812 0.425781 0.375000 0.429688 0.371094 0.449219 0.371094 0.453125 0.375000 0.453125 0.394531 0.503906 0.394531 0.507812 0.398438 0.507812 0.437500 0.503906 0.441406 0.496094 0.441406 0.492188 0.445312 0.484375 0.445312 0.484375 0.457031 0.488281 0.457031 0.492188 0.460938 0.492188 0.492188 0.468750 0.515625 0.468750 0.523438 0.464844 0.527344 0.457031 0.527344 0.457031 0.542969 0.464844 0.542969 0.468750 0.539062 0.472656 0.539062 0.476562 0.535156 0.488281 0.535156 0.488281 0.523438 0.492188 0.519531 0.511719 0.519531 0.515625 0.523438 0.515625 0.539062 0.511719 0.542969 0.511719 0.558594 0.515625 0.558594 0.519531 0.562500 0.519531 0.582031 0.515625 0.585938 0.500000 0.585938 0.500000 0.589844 0.496094 0.593750 0.472656 0.593750 0.464844 0.585938 0.449219 0.585938 0.449219 0.597656 0.453125 0.601562 0.468750 0.601562 0.472656 0.605469 0.472656 0.613281 0.511719 0.613281 0.515625 0.617188 0.515625 0.625000 0.527344 0.625000 0.531250 0.621094 0.574219 0.621094 0.578125 0.625000 0.578125 0.640625 0.593750 0.640625 0.597656 0.636719 0.601562 0.636719 0.601562 0.632812 0.605469 0.628906 0.621094 0.628906 0.625000 0.625000 0.648438 0.625000 0.652344 0.621094 0.656250 0.621094 0.656250 0.613281 0.660156 0.609375 0.664062 0.609375 0.675781 0.597656 0.710938 0.597656 0.710938 0.593750 0.718750 0.585938 0.718750 0.578125 0.703125 0.578125 0.699219 0.574219 0.699219 0.554688 0.703125 0.550781 0.722656 0.550781 0.726562 0.554688 0.726562 0.566406 0.746094 0.566406 0.750000 0.562500 0.753906 0.562500 0.753906 0.550781 0.761719 0.542969 0.781250 0.542969 0.785156 0.546875 0.785156 0.554688 0.796875 0.554688 0.800781 0.558594 0.800781 0.562500 0.812500 0.562500 0.816406 0.566406 0.816406 0.574219 0.832031 0.574219 0.835938 0.570312 0.851562 0.570312 0.855469 0.574219 0.855469 0.578125 0.867188 0.578125 0.871094 0.574219 0.871094 0.550781 0.867188 0.550781 0.863281 0.546875 0.851562 0.546875 0.847656 0.542969 0.835938 0.542969 0.832031 0.539062 0.828125 0.539062 0.824219 0.535156 0.824219 0.531250 0.820312 0.531250 0.816406 0.527344 0.816406 0.519531 0.812500 0.515625 0.812500 0.460938 0.816406 0.457031 0.832031 0.457031 0.835938 0.460938 0.843750 0.460938 0.843750 0.453125 0.847656 0.449219 0.847656 0.437500 0.855469 0.429688 0.871094 0.429688 0.875000 0.425781 0.886719 0.425781 0.886719 0.402344 0.890625 0.398438 0.902344 0.398438 0.902344 0.390625 0.898438 0.386719 0.898438 0.382812 0.886719 0.382812 0.882812 0.386719 0.882812 0.402344 0.878906 0.406250 0.859375 0.406250 0.855469 0.410156 0.855469 0.414062 0.851562 0.417969 0.843750 0.417969 0.839844 0.421875 0.835938 0.421875 0.835938 0.429688 0.832031 0.433594 0.824219 0.433594 0.824219 0.437500 0.820312 0.441406 0.800781 0.441406 0.800781 0.464844 0.796875 0.468750 0.796875 0.472656 0.789062 0.480469 0.777344 0.480469 0.777344 0.492188 0.773438 0.496094 0.750000 0.496094 0.746094 0.500000 0.738281 0.500000 0.734375 0.503906 0.734375 0.519531 0.730469 0.523438 0.714844 0.523438 0.710938 0.519531 0.710938 0.500000 0.703125 0.500000 0.699219 0.496094 0.691406 0.496094 0.687500 0.500000 0.667969 0.500000 0.664062 0.503906 0.664062 0.507812 0.660156 0.511719 0.636719 0.511719 0.632812 0.507812 0.632812 0.500000 0.617188 0.500000 0.613281 0.503906 0.578125 0.503906 0.574219 0.500000 0.574219 0.488281 0.570312 0.484375 0.570312 0.476562 0.562500 0.476562 0.562500 0.480469 0.558594 0.484375 0.550781 0.484375 0.550781 0.500000 0.558594 0.500000 0.562500 0.503906 0.578125 0.503906 0.582031 0.507812 0.582031 0.523438 0.593750 0.523438 0.597656 0.527344 0.597656 0.550781 0.593750 0.554688 0.578125 0.554688 0.574219 0.550781 0.574219 0.539062 0.542969 0.539062 0.539062 0.535156 0.539062 0.507812 0.527344 0.507812 0.523438 0.503906 0.523438 0.472656 0.527344 0.468750 0.527344 0.449219 0.515625 0.449219 0.511719 0.445312 0.511719 0.429688 0.515625 0.425781 0.535156 0.425781 0.539062 0.429688 0.539062 0.441406 0.550781 0.441406 0.550781 0.425781 0.554688 0.421875 0.566406 0.421875 0.566406 0.394531 0.570312 0.390625 0.601562 0.390625 0.605469 0.394531 0.605469 0.398438 0.613281 0.398438 0.617188 0.402344 0.617188 0.410156 0.640625 0.410156 0.644531 0.414062 0.644531 0.421875 0.652344 0.421875 0.656250 0.425781 0.667969 0.425781 0.671875 0.421875 0.675781 0.421875 0.675781 0.406250 0.644531 0.406250 0.640625 0.402344 0.640625 0.398438 0.636719 0.394531 0.636719 0.375000 0.628906 0.375000 0.625000 0.371094 0.625000 0.347656 0.628906 0.343750 0.636719 0.343750 0.640625 0.339844 0.648438 0.339844 0.648438 0.332031 0.652344 0.328125 0.652344 0.320312 0.656250 0.316406 0.667969 0.316406 0.667969 0.312500 0.671875 0.308594 0.671875 0.296875 0.667969 0.296875 0.664062 0.292969 0.664062 0.277344 0.667969 0.273438 0.671875 0.273438 0.675781 0.269531 0.703125 0.269531 0.703125 0.265625 0.707031 0.261719 0.710938 0.261719 0.710938 0.246094 0.703125 0.246094 0.699219 0.250000 0.675781 0.250000 0.660156 0.265625 0.660156 0.269531 0.656250 0.273438 0.636719 0.273438 0.632812 0.269531 0.632812 0.257812 0.609375 0.257812 0.605469 0.253906 0.605469 0.230469 0.613281 0.222656 0.613281 0.218750 0.617188 0.214844 0.632812 0.214844 0.636719 0.218750 0.636719 0.230469 0.640625 0.234375 0.652344 0.234375 0.656250 0.230469 0.660156 0.230469 0.660156 0.222656 0.656250 0.222656 0.652344 0.218750 0.648438 0.218750 0.644531 0.214844 0.644531 0.191406 0.640625 0.191406 0.636719 0.187500 0.628906 0.187500 0.625000 0.183594
3 0.707031 0.167969 0.703125 0.171875 0.703125 0.183594 0.722656 0.183594 0.722656 0.175781 0.718750 0.171875 0.718750 0.167969
3 0.410156 0.132812 0.402344 0.140625 0.386719 0.140625 0.382812 0.144531 0.378906 0.144531 0.375000 0.148438 0.367188 0.148438 0.363281 0.152344 0.359375 0.152344 0.355469 0.156250 0.347656 0.156250 0.343750 0.160156 0.332031 0.160156 0.328125 0.164062 0.324219 0.164062 0.324219 0.167969 0.320312 0.171875 0.312500 0.171875 0.300781 0.183594 0.300781 0.187500 0.277344 0.210938 0.273438 0.210938 0.265625 0.218750 0.257812 0.218750 0.253906 0.222656 0.250000 0.222656 0.250000 0.226562 0.242188 0.234375 0.234375 0.234375 0.234375 0.273438 0.242188 0.281250 0.257812 0.281250 0.257812 0.277344 0.261719 0.273438 0.261719 0.257812 0.265625 0.253906 0.277344 0.253906 0.277344 0.242188 0.281250 0.238281 0.289062 0.238281 0.289062 0.222656 0.292969 0.218750 0.292969 0.210938 0.296875 0.207031 0.300781 0.207031 0.304688 0.203125 0.308594 0.203125 0.316406 0.195312 0.332031 0.195312 0.335938 0.199219 0.335938 0.210938 0.343750 0.210938 0.347656 0.214844 0.355469 0.214844 0.359375 0.210938 0.359375 0.195312 0.363281 0.191406 0.378906 0.191406 0.382812 0.187500 0.386719 0.187500 0.386719 0.171875 0.390625 0.167969 0.398438 0.167969 0.402344 0.164062 0.402344 0.160156 0.410156 0.152344 0.414062 0.152344 0.417969 0.148438 0.417969 0.132812
3 0.675781 0.054688 0.671875 0.058594 0.667969 0.058594 0.667969 0.062500 0.664062 0.066406 0.664062 0.085938 0.660156 0.089844 0.660156 0.097656 0.664062 0.101562 0.664062 0.125000 0.679688 0.125000 0.679688 0.117188 0.675781 0.113281 0.675781 0.105469 0.671875 0.101562 0.671875 0.085938 0.679688 0.078125 0.679688 0.074219 0.683594 0.070312 0.683594 0.066406 0.687500 0.062500 0.687500 0.054688
3 0.703125 0.023438 0.703125 0.027344 0.699219 0.031250 0.699219 0.042969 0.714844 0.042969 0.714844 0.039062 0.718750 0.035156 0.734375 0.035156 0.734375 0.023438
