3 0.429688 0.859375 0.429688 0.863281 0.425781 0.867188 0.414062 0.867188 0.410156 0.871094 0.410156 0.882812 0.421875 0.882812 0.425781 0.886719 0.425781 0.906250 0.437500 0.906250 0.437500 0.902344 0.441406 0.898438 0.441406 0.894531 0.445312 0.890625 0.445312 0.882812 0.453125 0.875000 0.453125 0.859375
3 0.562500 0.804688 0.558594 0.808594 0.542969 0.808594 0.539062 0.812500 0.527344 0.812500 0.527344 0.832031 0.523438 0.835938 0.476562 0.835938 0.476562 0.847656 0.500000 0.847656 0.503906 0.851562 0.515625 0.851562 0.519531 0.847656 0.570312 0.847656 0.574219 0.851562 0.582031 0.851562 0.585938 0.847656 0.605469 0.847656 0.609375 0.843750 0.609375 0.835938 0.593750 0.835938 0.589844 0.832031 0.589844 0.828125 0.585938 0.828125 0.582031 0.824219 0.582031 0.808594 0.578125 0.808594 0.574219 0.804688
3 0.503906 0.699219 0.503906 0.703125 0.500000 0.707031 0.496094 0.707031 0.496094 0.718750 0.492188 0.722656 0.484375 0.722656 0.480469 0.726562 0.476562 0.726562 0.476562 0.734375 0.480469 0.738281 0.480469 0.750000 0.492188 0.750000 0.496094 0.746094 0.511719 0.746094 0.519531 0.753906 0.527344 0.753906 0.531250 0.757812 0.539062 0.757812 0.542969 0.753906 0.542969 0.746094 0.539062 0.746094 0.535156 0.742188 0.531250 0.742188 0.527344 0.738281 0.523438 0.738281 0.519531 0.734375 0.519531 0.703125 0.515625 0.699219
3 0.199219 0.660156 0.199219 0.667969 0.203125 0.667969 0.207031 0.671875 0.207031 0.683594 0.214844 0.691406 0.214844 0.699219 0.218750 0.703125 0.222656 0.703125 0.226562 0.707031 0.238281 0.707031 0.242188 0.710938 0.250000 0.710938 0.253906 0.714844 0.257812 0.714844 0.261719 0.718750 0.273438 0.718750 0.273438 0.710938 0.269531 0.710938 0.265625 0.707031 0.265625 0.687500 0.253906 0.675781 0.253906 0.671875 0.210938 0.671875 0.207031 0.667969 0.207031 0.660156
3 0.300781 0.644531 0.300781 0.652344 0.312500 0.652344 0.316406 0.656250 0.328125 0.656250 0.332031 0.660156 0.339844 0.660156 0.347656 0.667969 0.378906 0.667969 0.382812 0.671875 0.382812 0.687500 0.390625 0.687500 0.398438 0.695312 0.398438 0.710938 0.417969 0.710938 0.417969 0.707031 0.421875 0.703125 0.425781 0.703125 0.425781 0.691406 0.421875 0.687500 0.421875 0.664062 0.425781 0.660156 0.425781 0.652344 0.421875 0.652344 0.417969 0.648438 0.410156 0.648438 0.402344 0.656250 0.359375 0.656250 0.355469 0.652344 0.355469 0.648438 0.347656 0.648438 0.343750 0.644531
3 0.753906 0.621094 0.753906 0.636719 0.750000 0.640625 0.734375 0.640625 0.730469 0.644531 0.722656 0.644531 0.718750 0.648438 0.710938 0.648438 0.707031 0.652344 0.707031 0.671875 0.703125 0.675781 0.683594 0.675781 0.679688 0.671875 0.679688 0.664062 0.648438 0.664062 0.644531 0.660156 0.625000 0.660156 0.621094 0.664062 0.613281 0.664062 0.605469 0.671875 0.605469 0.675781 0.597656 0.683594 0.593750 0.683594 0.589844 0.687500 0.589844 0.695312 0.613281 0.695312 0.617188 0.699219 0.628906 0.699219 0.632812 0.703125 0.644531 0.703125 0.648438 0.707031 0.648438 0.726562 0.671875 0.726562 0.671875 0.714844 0.679688 0.707031 0.679688 0.699219 0.683594 0.695312 0.703125 0.695312 0.710938 0.687500 0.710938 0.664062 0.714844 0.660156 0.722656 0.660156 0.726562 0.656250 0.750000 0.656250 0.753906 0.660156 0.753906 0.671875 0.757812 0.671875 0.761719 0.675781 0.777344 0.675781 0.781250 0.679688 0.792969 0.679688 0.796875 0.683594 0.808594 0.683594 0.808594 0.660156 0.796875 0.660156 0.792969 0.656250 0.792969 0.640625 0.781250 0.640625 0.777344 0.636719 0.769531 0.636719 0.765625 0.632812 0.765625 0.621094
3 0.500000 0.605469 0.500000 0.625000 0.496094 0.628906 0.496094 0.636719 0.500000 0.640625 0.500000 0.648438 0.503906 0.652344 0.511719 0.652344 0.511719 0.648438 0.515625 0.644531 0.566406 0.644531 0.566406 0.632812 0.562500 0.628906 0.562500 0.625000 0.546875 0.625000 0.542969 0.621094 0.535156 0.621094 0.531250 0.617188 0.531250 0.613281 0.519531 0.613281 0.511719 0.605469
3 0.277344 0.574219 0.277344 0.601562 0.273438 0.605469 0.269531 0.605469 0.269531 0.621094 0.277344 0.621094 0.281250 0.617188 0.289062 0.617188 0.289062 0.609375 0.292969 0.605469 0.296875 0.605469 0.300781 0.601562 0.304688 0.601562 0.312500 0.593750 0.320312 0.593750 0.320312 0.582031 0.289062 0.582031 0.285156 0.578125 0.285156 0.574219
3 0.574219 0.546875 0.574219 0.550781 0.566406 0.558594 0.562500 0.558594 0.554688 0.566406 0.554688 0.574219 0.562500 0.574219 0.570312 0.582031 0.570312 0.597656 0.585938 0.597656 0.589844 0.593750 0.609375 0.593750 0.613281 0.597656 0.621094 0.597656 0.625000 0.593750 0.640625 0.593750 0.644531 0.589844 0.664062 0.589844 0.664062 0.570312 0.667969 0.566406 0.687500 0.566406 0.691406 0.570312 0.691406 0.578125 0.703125 0.589844 0.722656 0.589844 0.722656 0.566406 0.726562 0.562500 0.734375 0.562500 0.734375 0.550781 0.722656 0.550781 0.718750 0.554688 0.714844 0.554688 0.714844 0.562500 0.710938 0.566406 0.675781 0.566406 0.671875 0.562500 0.671875 0.558594 0.667969 0.558594 0.664062 0.554688 0.660156 0.554688 0.652344 0.546875 0.628906 0.546875 0.628906 0.558594 0.625000 0.562500 0.601562 0.562500 0.597656 0.558594 0.597656 0.554688 0.589844 0.546875
3 0.187500 0.535156 0.183594 0.539062 0.167969 0.539062 0.167969 0.546875 0.171875 0.550781 0.175781 0.550781 0.179688 0.554688 0.183594 0.554688 0.187500 0.558594 0.191406 0.558594 0.195312 0.562500 0.195312 0.585938 0.187500 0.593750 0.187500 0.609375 0.195312 0.609375 0.199219 0.613281 0.203125 0.613281 0.210938 0.621094 0.218750 0.621094 0.218750 0.609375 0.222656 0.605469 0.230469 0.605469 0.230469 0.593750 0.234375 0.589844 0.242188 0.589844 0.246094 0.585938 0.246094 0.582031 0.250000 0.578125 0.250000 0.570312 0.230469 0.570312 0.222656 0.562500 0.222656 0.550781 0.218750 0.546875 0.199219 0.546875 0.195312 0.542969 0.195312 0.535156
3 0.394531 0.507812 0.390625 0.511719 0.386719 0.511719 0.386719 0.523438 0.382812 0.527344 0.359375 0.527344 0.355469 0.531250 0.335938 0.531250 0.335938 0.542969 0.367188 0.542969 0.375000 0.550781 0.375000 0.574219 0.371094 0.578125 0.363281 0.578125 0.363281 0.597656 0.359375 0.601562 0.359375 0.609375 0.363281 0.609375 0.371094 0.617188 0.394531 0.617188 0.394531 0.613281 0.398438 0.609375 0.402344 0.609375 0.406250 0.605469 0.433594 0.605469 0.437500 0.601562 0.437500 0.597656 0.441406 0.593750 0.441406 0.589844 0.445312 0.585938 0.445312 0.582031 0.449219 0.578125 0.460938 0.578125 0.460938 0.570312 0.453125 0.562500 0.417969 0.562500 0.414062 0.558594 0.414062 0.535156 0.406250 0.535156 0.402344 0.531250 0.402344 0.507812
3 0.785156 0.457031 0.781250 0.460938 0.781250 0.480469 0.777344 0.484375 0.765625 0.484375 0.765625 0.519531 0.761719 0.523438 0.742188 0.523438 0.742188 0.531250 0.765625 0.531250 0.769531 0.535156 0.769531 0.542969 0.785156 0.542969 0.789062 0.546875 0.789062 0.558594 0.796875 0.558594 0.800781 0.562500 0.820312 0.562500 0.820312 0.519531 0.808594 0.519531 0.804688 0.515625 0.804688 0.468750 0.800781 0.468750 0.796875 0.464844 0.796875 0.457031
3 0.523438 0.453125 0.523438 0.460938 0.519531 0.464844 0.500000 0.464844 0.500000 0.476562 0.507812 0.476562 0.507812 0.468750 0.511719 0.464844 0.535156 0.464844 0.539062 0.468750 0.562500 0.468750 0.566406 0.472656 0.566406 0.507812 0.582031 0.507812 0.585938 0.511719 0.585938 0.523438 0.597656 0.523438 0.605469 0.515625 0.609375 0.515625 0.609375 0.507812 0.589844 0.507812 0.585938 0.503906 0.585938 0.496094 0.578125 0.496094 0.574219 0.492188 0.574219 0.480469 0.570312 0.480469 0.566406 0.476562 0.566406 0.460938 0.558594 0.453125
3 0.167969 0.417969 0.164062 0.421875 0.164062 0.433594 0.160156 0.437500 0.136719 0.437500 0.136719 0.445312 0.160156 0.445312 0.164062 0.449219 0.164062 0.464844 0.167969 0.464844 0.171875 0.468750 0.171875 0.476562 0.179688 0.476562 0.183594 0.480469 0.195312 0.480469 0.195312 0.457031 0.191406 0.457031 0.187500 0.453125 0.187500 0.433594 0.183594 0.429688 0.183594 0.421875 0.179688 0.417969
3 0.324219 0.414062 0.324219 0.425781 0.320312 0.429688 0.312500 0.429688 0.308594 0.433594 0.304688 0.433594 0.300781 0.437500 0.300781 0.441406 0.296875 0.445312 0.281250 0.445312 0.277344 0.441406 0.265625 0.441406 0.265625 0.457031 0.273438 0.464844 0.277344 0.464844 0.281250 0.468750 0.281250 0.480469 0.289062 0.488281 0.289062 0.507812 0.292969 0.511719 0.300781 0.511719 0.300781 0.507812 0.308594 0.500000 0.324219 0.500000 0.324219 0.492188 0.320312 0.488281 0.316406 0.488281 0.312500 0.484375 0.312500 0.472656 0.308594 0.468750 0.308594 0.453125 0.312500 0.449219 0.324219 0.449219 0.328125 0.445312 0.328125 0.425781 0.332031 0.421875 0.332031 0.414062
3 0.109375 0.359375 0.109375 0.363281 0.105469 0.367188 0.105469 0.378906 0.109375 0.378906 0.113281 0.382812 0.113281 0.394531 0.128906 0.394531 0.128906 0.390625 0.136719 0.382812 0.156250 0.382812 0.156250 0.378906 0.160156 0.375000 0.160156 0.367188 0.136719 0.367188 0.132812 0.363281 0.132812 0.359375
3 0.308594 0.308594 0.308594 0.320312 0.304688 0.324219 0.281250 0.324219 0.277344 0.320312 0.265625 0.320312 0.261719 0.316406 0.253906 0.316406 0.250000 0.320312 0.250000 0.335938 0.253906 0.339844 0.273438 0.339844 0.277344 0.343750 0.316406 0.343750 0.316406 0.339844 0.324219 0.332031 0.335938 0.332031 0.335938 0.308594
3 0.488281 0.292969 0.488281 0.300781 0.492188 0.304688 0.496094 0.304688 0.500000 0.308594 0.507812 0.308594 0.507812 0.300781 0.503906 0.300781 0.500000 0.296875 0.500000 0.292969
3 0.820312 0.261719 0.820312 0.281250 0.816406 0.285156 0.812500 0.285156 0.812500 0.328125 0.851562 0.328125 0.855469 0.324219 0.859375 0.324219 0.863281 0.320312 0.867188 0.320312 0.867188 0.304688 0.863281 0.300781 0.863281 0.292969 0.851562 0.292969 0.847656 0.289062 0.847656 0.269531 0.843750 0.265625 0.839844 0.265625 0.835938 0.261719
3 0.726562 0.203125 0.722656 0.207031 0.707031 0.207031 0.703125 0.210938 0.699219 0.210938 0.695312 0.214844 0.695312 0.222656 0.699219 0.226562 0.714844 0.226562 0.718750 0.222656 0.742188 0.222656 0.746094 0.226562 0.746094 0.234375 0.750000 0.234375 0.753906 0.238281 0.769531 0.238281 0.773438 0.242188 0.773438 0.246094 0.777344 0.246094 0.781250 0.250000 0.781250 0.253906 0.789062 0.253906 0.789062 0.234375 0.781250 0.234375 0.777344 0.230469 0.777344 0.218750 0.757812 0.218750 0.753906 0.214844 0.753906 0.210938 0.750000 0.210938 0.746094 0.207031 0.738281 0.207031 0.734375 0.203125
3 0.460938 0.183594 0.453125 0.191406 0.453125 0.203125 0.460938 0.210938 0.460938 0.226562 0.457031 0.230469 0.457031 0.246094 0.453125 0.250000 0.437500 0.250000 0.425781 0.238281 0.414062 0.238281 0.410156 0.234375 0.410156 0.218750 0.402344 0.218750 0.398438 0.214844 0.382812 0.214844 0.378906 0.210938 0.378906 0.203125 0.371094 0.203125 0.367188 0.199219 0.355469 0.199219 0.355469 0.203125 0.351562 0.207031 0.332031 0.207031 0.328125 0.203125 0.320312 0.203125 0.320312 0.207031 0.316406 0.210938 0.316406 0.222656 0.320312 0.226562 0.320312 0.234375 0.324219 0.234375 0.328125 0.238281 0.328125 0.246094 0.339844 0.246094 0.343750 0.250000 0.343750 0.261719 0.351562 0.261719 0.355469 0.265625 0.390625 0.265625 0.394531 0.269531 0.394531 0.273438 0.402344 0.273438 0.402344 0.261719 0.406250 0.257812 0.421875 0.257812 0.429688 0.265625 0.437500 0.265625 0.441406 0.269531 0.464844 0.269531 0.468750 0.273438 0.468750 0.277344 0.480469 0.277344 0.480469 0.265625 0.484375 0.261719 0.492188 0.261719 0.492188 0.253906 0.488281 0.250000 0.480469 0.250000 0.476562 0.246094 0.476562 0.218750 0.472656 0.214844 0.472656 0.191406 0.468750 0.187500 0.468750 0.183594
3 0.632812 0.160156 0.632812 0.164062 0.628906 0.167969 0.625000 0.167969 0.625000 0.195312 0.621094 0.199219 0.613281 0.199219 0.609375 0.203125 0.609375 0.207031 0.605469 0.210938 0.605469 0.218750 0.597656 0.226562 0.582031 0.226562 0.578125 0.222656 0.570312 0.222656 0.570312 0.230469 0.566406 0.234375 0.554688 0.234375 0.550781 0.238281 0.539062 0.238281 0.539062 0.246094 0.542969 0.250000 0.550781 0.250000 0.554688 0.253906 0.554688 0.257812 0.566406 0.257812 0.570312 0.261719 0.570312 0.289062 0.566406 0.292969 0.542969 0.292969 0.539062 0.296875 0.539062 0.316406 0.535156 0.320312 0.519531 0.320312 0.519531 0.328125 0.515625 0.332031 0.511719 0.332031 0.503906 0.339844 0.503906 0.386719 0.496094 0.394531 0.496094 0.425781 0.503906 0.425781 0.503906 0.417969 0.507812 0.414062 0.507812 0.410156 0.515625 0.402344 0.531250 0.402344 0.535156 0.406250 0.539062 0.406250 0.542969 0.410156 0.546875 0.410156 0.550781 0.414062 0.562500 0.414062 0.570312 0.406250 0.613281 0.406250 0.613281 0.394531 0.617188 0.390625 0.617188 0.382812 0.609375 0.382812 0.609375 0.386719 0.605469 0.390625 0.578125 0.390625 0.578125 0.394531 0.574219 0.398438 0.550781 0.398438 0.546875 0.394531 0.546875 0.375000 0.550781 0.371094 0.550781 0.339844 0.554688 0.335938 0.558594 0.335938 0.558594 0.304688 0.562500 0.300781 0.582031 0.300781 0.585938 0.304688 0.585938 0.363281 0.605469 0.363281 0.609375 0.359375 0.632812 0.359375 0.640625 0.367188 0.640625 0.390625 0.644531 0.390625 0.648438 0.394531 0.652344 0.394531 0.660156 0.402344 0.671875 0.402344 0.675781 0.406250 0.675781 0.421875 0.667969 0.429688 0.656250 0.429688 0.652344 0.433594 0.652344 0.441406 0.648438 0.445312 0.648438 0.457031 0.675781 0.457031 0.675781 0.445312 0.679688 0.441406 0.683594 0.441406 0.687500 0.437500 0.691406 0.437500 0.691406 0.433594 0.695312 0.429688 0.695312 0.421875 0.699219 0.417969 0.722656 0.417969 0.722656 0.410156 0.726562 0.406250 0.746094 0.406250 0.753906 0.414062 0.753906 0.417969 0.757812 0.421875 0.757812 0.425781 0.765625 0.425781 0.769531 0.429688 0.781250 0.429688 0.789062 0.421875 0.789062 0.406250 0.792969 0.402344 0.792969 0.394531 0.789062 0.394531 0.785156 0.390625 0.750000 0.390625 0.746094 0.386719 0.746094 0.371094 0.750000 0.367188 0.757812 0.367188 0.761719 0.363281 0.761719 0.355469 0.757812 0.351562 0.757812 0.312500 0.746094 0.312500 0.738281 0.320312 0.734375 0.320312 0.734375 0.343750 0.730469 0.347656 0.726562 0.347656 0.726562 0.355469 0.722656 0.359375 0.687500 0.359375 0.683594 0.355469 0.675781 0.355469 0.671875 0.359375 0.656250 0.359375 0.652344 0.355469 0.644531 0.355469 0.640625 0.351562 0.640625 0.347656 0.636719 0.343750 0.636719 0.312500 0.640625 0.308594 0.652344 0.308594 0.652344 0.300781 0.656250 0.296875 0.660156 0.296875 0.660156 0.289062 0.652344 0.281250 0.652344 0.265625 0.625000 0.265625 0.621094 0.261719 0.621094 0.250000 0.617188 0.250000 0.613281 0.246094 0.613281 0.226562 0.617188 0.222656 0.617188 0.218750 0.621094 0.214844 0.632812 0.214844 0.632812 0.199219 0.636719 0.195312 0.644531 0.195312 0.648438 0.191406 0.652344 0.191406 0.656250 0.187500 0.660156 0.187500 0.660156 0.171875 0.652344 0.164062 0.648438 0.164062 0.644531 0.160156
3 0.343750 0.132812 0.343750 0.140625 0.339844 0.144531 0.312500 0.144531 0.312500 0.148438 0.308594 0.152344 0.304688 0.152344 0.304688 0.160156 0.316406 0.160156 0.320312 0.156250 0.324219 0.156250 0.328125 0.152344 0.351562 0.152344 0.355469 0.156250 0.355469 0.171875 0.363281 0.171875 0.367188 0.175781 0.378906 0.175781 0.378906 0.167969 0.371094 0.160156 0.371094 0.156250 0.367188 0.152344 0.367188 0.140625 0.363281 0.136719 0.363281 0.132812
