4 0.699219 0.878906 0.695312 0.882812 0.695312 0.886719 0.691406 0.890625 0.691406 0.906250 0.699219 0.906250 0.703125 0.902344 0.710938 0.902344 0.714844 0.898438 0.714844 0.878906
4 0.718750 0.863281 0.718750 0.871094 0.730469 0.871094 0.730469 0.863281
4 0.156250 0.824219 0.156250 0.839844 0.167969 0.839844 0.171875 0.843750 0.171875 0.847656 0.175781 0.847656 0.179688 0.851562 0.179688 0.882812 0.187500 0.882812 0.187500 0.875000 0.191406 0.871094 0.191406 0.859375 0.195312 0.855469 0.199219 0.855469 0.199219 0.847656 0.195312 0.843750 0.191406 0.843750 0.179688 0.832031 0.179688 0.824219
4 0.812500 0.808594 0.812500 0.832031 0.832031 0.832031 0.835938 0.835938 0.847656 0.835938 0.847656 0.828125 0.843750 0.824219 0.835938 0.824219 0.832031 0.820312 0.832031 0.808594
4 0.550781 0.800781 0.550781 0.820312 0.558594 0.820312 0.558594 0.800781
4 0.789062 0.796875 0.789062 0.804688 0.796875 0.804688 0.796875 0.796875
4 0.269531 0.761719 0.269531 0.789062 0.265625 0.792969 0.265625 0.796875 0.261719 0.800781 0.261719 0.804688 0.257812 0.808594 0.257812 0.820312 0.253906 0.824219 0.246094 0.824219 0.246094 0.832031 0.250000 0.835938 0.269531 0.835938 0.273438 0.832031 0.273438 0.820312 0.277344 0.816406 0.277344 0.804688 0.281250 0.800781 0.281250 0.781250 0.277344 0.777344 0.277344 0.761719
4 0.617188 0.742188 0.617188 0.753906 0.621094 0.753906 0.625000 0.757812 0.636719 0.757812 0.636719 0.742188
4 0.050781 0.726562 0.046875 0.730469 0.046875 0.777344 0.042969 0.781250 0.042969 0.789062 0.039062 0.792969 0.039062 0.800781 0.035156 0.804688 0.035156 0.839844 0.039062 0.843750 0.039062 0.871094 0.042969 0.875000 0.042969 0.890625 0.046875 0.894531 0.046875 0.906250 0.050781 0.910156 0.050781 0.929688 0.054688 0.933594 0.054688 0.957031 0.058594 0.960938 0.058594 0.996094 0.074219 0.996094 0.074219 0.968750 0.078125 0.964844 0.078125 0.957031 0.074219 0.953125 0.074219 0.914062 0.070312 0.910156 0.066406 0.910156 0.062500 0.906250 0.062500 0.902344 0.058594 0.898438 0.058594 0.890625 0.054688 0.886719 0.054688 0.871094 0.058594 0.867188 0.066406 0.867188 0.066406 0.843750 0.058594 0.835938 0.058594 0.812500 0.054688 0.808594 0.054688 0.792969 0.058594 0.789062 0.062500 0.789062 0.062500 0.781250 0.058594 0.781250 0.054688 0.777344 0.054688 0.746094 0.058594 0.742188 0.058594 0.726562
4 0.191406 0.695312 0.191406 0.707031 0.195312 0.710938 0.195312 0.730469 0.199219 0.734375 0.199219 0.753906 0.203125 0.757812 0.210938 0.757812 0.210938 0.742188 0.207031 0.738281 0.207031 0.718750 0.210938 0.714844 0.218750 0.714844 0.218750 0.707031 0.207031 0.707031 0.199219 0.699219 0.199219 0.695312
4 0.347656 0.679688 0.347656 0.699219 0.343750 0.703125 0.308594 0.703125 0.304688 0.699219 0.304688 0.695312 0.296875 0.695312 0.292969 0.699219 0.285156 0.699219 0.281250 0.703125 0.261719 0.703125 0.261719 0.710938 0.273438 0.710938 0.277344 0.714844 0.277344 0.722656 0.292969 0.722656 0.292969 0.718750 0.296875 0.714844 0.300781 0.714844 0.300781 0.710938 0.304688 0.707031 0.320312 0.707031 0.324219 0.710938 0.328125 0.710938 0.332031 0.714844 0.347656 0.714844 0.347656 0.695312 0.351562 0.691406 0.359375 0.691406 0.359375 0.683594 0.355469 0.679688
4 0.015625 0.609375 0.015625 0.625000 0.019531 0.628906 0.019531 0.632812 0.023438 0.636719 0.023438 0.644531 0.031250 0.652344 0.031250 0.660156 0.035156 0.660156 0.039062 0.664062 0.039062 0.691406 0.042969 0.695312 0.046875 0.695312 0.050781 0.699219 0.050781 0.703125 0.066406 0.703125 0.066406 0.695312 0.062500 0.695312 0.058594 0.691406 0.054688 0.691406 0.046875 0.683594 0.046875 0.671875 0.042969 0.671875 0.039062 0.667969 0.039062 0.621094 0.035156 0.617188 0.035156 0.613281 0.027344 0.613281 0.023438 0.609375
4 0.546875 0.539062 0.542969 0.542969 0.535156 0.542969 0.531250 0.546875 0.523438 0.546875 0.523438 0.558594 0.527344 0.562500 0.527344 0.582031 0.523438 0.585938 0.519531 0.585938 0.519531 0.613281 0.523438 0.617188 0.523438 0.656250 0.515625 0.664062 0.500000 0.664062 0.500000 0.667969 0.496094 0.671875 0.480469 0.671875 0.476562 0.667969 0.476562 0.656250 0.472656 0.652344 0.457031 0.652344 0.457031 0.656250 0.453125 0.660156 0.429688 0.660156 0.429688 0.667969 0.449219 0.667969 0.453125 0.671875 0.453125 0.687500 0.457031 0.691406 0.457031 0.726562 0.460938 0.730469 0.460938 0.746094 0.464844 0.750000 0.464844 0.792969 0.460938 0.796875 0.414062 0.796875 0.406250 0.789062 0.406250 0.761719 0.402344 0.757812 0.402344 0.753906 0.398438 0.750000 0.398438 0.742188 0.390625 0.742188 0.382812 0.750000 0.359375 0.750000 0.355469 0.746094 0.324219 0.746094 0.324219 0.757812 0.328125 0.761719 0.328125 0.773438 0.339844 0.785156 0.339844 0.789062 0.347656 0.789062 0.351562 0.785156 0.359375 0.785156 0.359375 0.773438 0.363281 0.769531 0.363281 0.765625 0.367188 0.761719 0.382812 0.761719 0.386719 0.765625 0.386719 0.773438 0.390625 0.773438 0.394531 0.777344 0.394531 0.781250 0.398438 0.781250 0.402344 0.785156 0.402344 0.800781 0.398438 0.804688 0.390625 0.804688 0.382812 0.812500 0.367188 0.812500 0.367188 0.820312 0.371094 0.824219 0.371094 0.828125 0.382812 0.828125 0.386719 0.832031 0.386719 0.847656 0.382812 0.851562 0.378906 0.851562 0.378906 0.871094 0.375000 0.875000 0.375000 0.878906 0.371094 0.882812 0.359375 0.882812 0.351562 0.890625 0.343750 0.890625 0.343750 0.902344 0.339844 0.906250 0.308594 0.906250 0.308594 0.917969 0.312500 0.921875 0.312500 0.929688 0.335938 0.929688 0.339844 0.933594 0.339844 0.937500 0.347656 0.937500 0.347656 0.933594 0.355469 0.925781 0.355469 0.917969 0.359375 0.914062 0.359375 0.902344 0.363281 0.898438 0.363281 0.894531 0.367188 0.890625 0.367188 0.886719 0.371094 0.882812 0.386719 0.882812 0.390625 0.886719 0.390625 0.898438 0.398438 0.898438 0.398438 0.886719 0.402344 0.882812 0.425781 0.882812 0.425781 0.867188 0.429688 0.863281 0.453125 0.863281 0.453125 0.851562 0.460938 0.843750 0.460938 0.835938 0.464844 0.832031 0.492188 0.832031 0.496094 0.835938 0.496094 0.882812 0.492188 0.886719 0.468750 0.886719 0.464844 0.890625 0.464844 0.898438 0.468750 0.902344 0.468750 0.910156 0.472656 0.910156 0.476562 0.914062 0.476562 0.921875 0.480469 0.925781 0.480469 0.929688 0.484375 0.933594 0.484375 0.941406 0.492188 0.941406 0.496094 0.945312 0.496094 0.996094 0.515625 0.996094 0.515625 0.992188 0.511719 0.988281 0.511719 0.953125 0.515625 0.949219 0.515625 0.914062 0.511719 0.914062 0.507812 0.910156 0.507812 0.871094 0.511719 0.867188 0.511719 0.855469 0.515625 0.851562 0.515625 0.796875 0.519531 0.792969 0.542969 0.792969 0.542969 0.781250 0.546875 0.777344 0.562500 0.777344 0.566406 0.781250 0.574219 0.781250 0.574219 0.773438 0.578125 0.769531 0.578125 0.761719 0.582031 0.757812 0.585938 0.757812 0.585938 0.750000 0.578125 0.750000 0.574219 0.753906 0.558594 0.753906 0.554688 0.750000 0.535156 0.750000 0.531250 0.746094 0.531250 0.726562 0.527344 0.722656 0.527344 0.691406 0.531250 0.687500 0.535156 0.687500 0.539062 0.683594 0.539062 0.675781 0.542969 0.671875 0.550781 0.671875 0.550781 0.652344 0.558594 0.644531 0.558594 0.605469 0.554688 0.601562 0.554688 0.539062
4 0.273438 0.519531 0.273438 0.531250 0.277344 0.535156 0.285156 0.535156 0.285156 0.519531
4 0.941406 0.500000 0.941406 0.566406 0.937500 0.570312 0.937500 0.574219 0.933594 0.578125 0.914062 0.578125 0.914062 0.582031 0.910156 0.585938 0.898438 0.585938 0.898438 0.621094 0.894531 0.625000 0.894531 0.632812 0.898438 0.636719 0.898438 0.656250 0.894531 0.660156 0.882812 0.660156 0.878906 0.664062 0.878906 0.671875 0.882812 0.675781 0.882812 0.679688 0.890625 0.679688 0.894531 0.675781 0.898438 0.675781 0.898438 0.664062 0.902344 0.660156 0.925781 0.660156 0.929688 0.664062 0.929688 0.695312 0.933594 0.695312 0.941406 0.703125 0.941406 0.718750 0.937500 0.722656 0.933594 0.722656 0.933594 0.753906 0.929688 0.757812 0.910156 0.757812 0.910156 0.765625 0.906250 0.769531 0.890625 0.769531 0.890625 0.785156 0.894531 0.789062 0.894531 0.792969 0.898438 0.792969 0.902344 0.796875 0.902344 0.816406 0.898438 0.820312 0.886719 0.820312 0.886719 0.851562 0.902344 0.851562 0.906250 0.855469 0.906250 0.902344 0.902344 0.906250 0.902344 0.945312 0.898438 0.949219 0.898438 0.964844 0.894531 0.968750 0.890625 0.968750 0.890625 0.976562 0.886719 0.980469 0.886719 0.996094 0.906250 0.996094 0.906250 0.964844 0.910156 0.960938 0.910156 0.941406 0.914062 0.937500 0.917969 0.937500 0.917969 0.921875 0.921875 0.917969 0.921875 0.902344 0.925781 0.898438 0.925781 0.847656 0.929688 0.843750 0.929688 0.820312 0.933594 0.816406 0.933594 0.796875 0.937500 0.792969 0.937500 0.781250 0.941406 0.777344 0.941406 0.746094 0.945312 0.742188 0.945312 0.714844 0.949219 0.710938 0.949219 0.636719 0.953125 0.632812 0.953125 0.546875 0.957031 0.542969 0.957031 0.511719 0.953125 0.507812 0.953125 0.500000
4 0.808594 0.500000 0.808594 0.507812 0.804688 0.511719 0.804688 0.515625 0.800781 0.519531 0.792969 0.519531 0.792969 0.531250 0.804688 0.531250 0.808594 0.535156 0.812500 0.535156 0.816406 0.539062 0.816406 0.558594 0.812500 0.562500 0.812500 0.574219 0.820312 0.574219 0.820312 0.562500 0.828125 0.554688 0.828125 0.531250 0.832031 0.527344 0.832031 0.511719 0.828125 0.507812 0.828125 0.503906 0.820312 0.503906 0.816406 0.500000
4 0.738281 0.472656 0.738281 0.480469 0.753906 0.480469 0.753906 0.472656
4 0.292969 0.457031 0.289062 0.460938 0.289062 0.472656 0.285156 0.476562 0.277344 0.476562 0.277344 0.484375 0.292969 0.484375 0.300781 0.492188 0.300781 0.496094 0.316406 0.496094 0.316406 0.484375 0.312500 0.484375 0.304688 0.476562 0.304688 0.460938 0.300781 0.457031
4 0.820312 0.445312 0.816406 0.449219 0.816406 0.464844 0.828125 0.464844 0.832031 0.460938 0.847656 0.460938 0.847656 0.449219 0.843750 0.449219 0.839844 0.445312
4 0.769531 0.445312 0.769531 0.453125 0.773438 0.453125 0.777344 0.457031 0.789062 0.457031 0.789062 0.445312
4 0.789062 0.402344 0.789062 0.417969 0.796875 0.417969 0.796875 0.402344
4 0.578125 0.355469 0.574219 0.359375 0.574219 0.386719 0.570312 0.390625 0.570312 0.437500 0.566406 0.441406 0.566406 0.453125 0.578125 0.453125 0.582031 0.457031 0.582031 0.472656 0.578125 0.476562 0.578125 0.523438 0.585938 0.523438 0.585938 0.496094 0.589844 0.492188 0.589844 0.484375 0.593750 0.480469 0.597656 0.480469 0.597656 0.476562 0.601562 0.472656 0.605469 0.472656 0.605469 0.460938 0.613281 0.453125 0.640625 0.453125 0.644531 0.457031 0.656250 0.457031 0.660156 0.460938 0.660156 0.488281 0.656250 0.492188 0.656250 0.531250 0.664062 0.531250 0.667969 0.535156 0.667969 0.558594 0.671875 0.562500 0.671875 0.582031 0.675781 0.585938 0.675781 0.617188 0.699219 0.617188 0.703125 0.621094 0.707031 0.621094 0.714844 0.628906 0.714844 0.652344 0.710938 0.656250 0.691406 0.656250 0.691406 0.660156 0.687500 0.664062 0.687500 0.671875 0.691406 0.675781 0.691406 0.679688 0.695312 0.679688 0.703125 0.687500 0.703125 0.730469 0.707031 0.730469 0.710938 0.734375 0.710938 0.761719 0.707031 0.765625 0.707031 0.773438 0.703125 0.777344 0.703125 0.800781 0.699219 0.804688 0.699219 0.816406 0.722656 0.816406 0.722656 0.800781 0.726562 0.796875 0.730469 0.796875 0.738281 0.789062 0.738281 0.785156 0.742188 0.781250 0.769531 0.781250 0.769531 0.769531 0.777344 0.761719 0.796875 0.761719 0.800781 0.757812 0.804688 0.757812 0.804688 0.750000 0.812500 0.742188 0.828125 0.742188 0.832031 0.746094 0.832031 0.769531 0.835938 0.769531 0.839844 0.773438 0.839844 0.796875 0.847656 0.796875 0.847656 0.792969 0.851562 0.789062 0.851562 0.781250 0.843750 0.781250 0.839844 0.777344 0.839844 0.761719 0.835938 0.761719 0.832031 0.757812 0.832031 0.738281 0.839844 0.730469 0.839844 0.664062 0.835938 0.664062 0.832031 0.660156 0.832031 0.656250 0.828125 0.652344 0.828125 0.628906 0.824219 0.625000 0.824219 0.601562 0.808594 0.601562 0.808594 0.605469 0.804688 0.609375 0.781250 0.609375 0.777344 0.613281 0.777344 0.617188 0.769531 0.625000 0.761719 0.625000 0.761719 0.664062 0.753906 0.671875 0.753906 0.699219 0.750000 0.703125 0.730469 0.703125 0.726562 0.699219 0.726562 0.667969 0.722656 0.667969 0.718750 0.664062 0.718750 0.640625 0.722656 0.636719 0.722656 0.625000 0.718750 0.621094 0.718750 0.605469 0.710938 0.605469 0.707031 0.601562 0.707031 0.593750 0.687500 0.593750 0.683594 0.589844 0.683594 0.585938 0.679688 0.582031 0.679688 0.558594 0.683594 0.554688 0.699219 0.554688 0.703125 0.558594 0.710938 0.558594 0.718750 0.550781 0.718750 0.539062 0.710938 0.531250 0.710938 0.523438 0.703125 0.523438 0.699219 0.519531 0.699219 0.515625 0.695312 0.515625 0.691406 0.511719 0.691406 0.496094 0.703125 0.484375 0.707031 0.484375 0.710938 0.480469 0.710938 0.468750 0.707031 0.468750 0.703125 0.464844 0.703125 0.445312 0.707031 0.441406 0.707031 0.433594 0.695312 0.433594 0.691406 0.429688 0.691406 0.421875 0.687500 0.421875 0.683594 0.417969 0.679688 0.417969 0.675781 0.414062 0.675781 0.406250 0.671875 0.406250 0.667969 0.402344 0.656250 0.402344 0.656250 0.410156 0.660156 0.414062 0.660156 0.441406 0.656250 0.445312 0.652344 0.445312 0.648438 0.449219 0.628906 0.449219 0.625000 0.445312 0.621094 0.445312 0.617188 0.441406 0.613281 0.441406 0.609375 0.437500 0.585938 0.437500 0.582031 0.433594 0.582031 0.417969 0.585938 0.414062 0.601562 0.414062 0.601562 0.406250 0.597656 0.406250 0.593750 0.402344 0.593750 0.371094 0.597656 0.367188 0.597656 0.359375 0.589844 0.359375 0.585938 0.355469
4 0.597656 0.308594 0.597656 0.332031 0.601562 0.335938 0.617188 0.335938 0.617188 0.320312 0.609375 0.320312 0.605469 0.316406 0.605469 0.308594
4 0.734375 0.304688 0.734375 0.316406 0.742188 0.324219 0.753906 0.324219 0.757812 0.328125 0.757812 0.343750 0.761719 0.343750 0.765625 0.347656 0.777344 0.347656 0.777344 0.343750 0.781250 0.339844 0.785156 0.339844 0.785156 0.332031 0.781250 0.332031 0.777344 0.328125 0.773438 0.328125 0.769531 0.324219 0.757812 0.324219 0.753906 0.320312 0.753906 0.316406 0.750000 0.316406 0.746094 0.312500 0.746094 0.304688
4 0.269531 0.304688 0.269531 0.312500 0.265625 0.316406 0.257812 0.316406 0.257812 0.328125 0.269531 0.328125 0.273438 0.332031 0.273438 0.351562 0.269531 0.355469 0.257812 0.355469 0.253906 0.359375 0.253906 0.363281 0.250000 0.367188 0.250000 0.371094 0.246094 0.375000 0.242188 0.375000 0.242188 0.382812 0.265625 0.382812 0.265625 0.378906 0.273438 0.371094 0.273438 0.363281 0.277344 0.359375 0.304688 0.359375 0.308594 0.363281 0.308594 0.367188 0.332031 0.367188 0.332031 0.359375 0.328125 0.355469 0.320312 0.355469 0.316406 0.351562 0.316406 0.335938 0.320312 0.332031 0.320312 0.324219 0.308594 0.324219 0.300781 0.332031 0.285156 0.332031 0.281250 0.328125 0.281250 0.312500 0.277344 0.308594 0.277344 0.304688
4 0.585938 0.253906 0.585938 0.265625 0.593750 0.273438 0.593750 0.285156 0.601562 0.285156 0.601562 0.257812 0.597656 0.257812 0.593750 0.253906
4 0.046875 0.242188 0.046875 0.250000 0.039062 0.257812 0.039062 0.261719 0.035156 0.265625 0.035156 0.269531 0.027344 0.277344 0.027344 0.281250 0.019531 0.289062 0.019531 0.292969 0.007812 0.304688 0.000000 0.304688 0.000000 0.328125 0.019531 0.328125 0.019531 0.324219 0.023438 0.320312 0.023438 0.304688 0.027344 0.300781 0.031250 0.300781 0.035156 0.296875 0.039062 0.296875 0.039062 0.292969 0.042969 0.289062 0.042969 0.285156 0.046875 0.281250 0.046875 0.273438 0.050781 0.269531 0.054688 0.269531 0.054688 0.242188
4 0.835938 0.113281 0.835938 0.121094 0.839844 0.125000 0.839844 0.128906 0.843750 0.128906 0.847656 0.132812 0.847656 0.136719 0.851562 0.140625 0.851562 0.164062 0.847656 0.167969 0.843750 0.167969 0.843750 0.175781 0.839844 0.179688 0.839844 0.191406 0.843750 0.191406 0.847656 0.195312 0.847656 0.199219 0.855469 0.207031 0.855469 0.210938 0.867188 0.210938 0.867188 0.195312 0.863281 0.191406 0.863281 0.136719 0.859375 0.132812 0.859375 0.128906 0.855469 0.128906 0.851562 0.125000 0.851562 0.113281
4 0.632812 0.105469 0.632812 0.121094 0.628906 0.125000 0.628906 0.167969 0.632812 0.171875 0.632812 0.195312 0.636719 0.199219 0.652344 0.199219 0.660156 0.207031 0.660156 0.210938 0.664062 0.214844 0.664062 0.246094 0.660156 0.250000 0.656250 0.250000 0.652344 0.253906 0.648438 0.253906 0.644531 0.257812 0.640625 0.257812 0.640625 0.265625 0.644531 0.265625 0.648438 0.269531 0.648438 0.273438 0.652344 0.273438 0.656250 0.277344 0.656250 0.296875 0.667969 0.296875 0.671875 0.292969 0.675781 0.292969 0.679688 0.289062 0.699219 0.289062 0.699219 0.281250 0.695312 0.277344 0.687500 0.277344 0.679688 0.269531 0.679688 0.253906 0.683594 0.250000 0.703125 0.250000 0.707031 0.253906 0.714844 0.253906 0.718750 0.250000 0.718750 0.242188 0.714844 0.238281 0.714844 0.214844 0.718750 0.210938 0.718750 0.203125 0.726562 0.195312 0.726562 0.164062 0.695312 0.164062 0.683594 0.152344 0.683594 0.144531 0.679688 0.140625 0.660156 0.140625 0.656250 0.136719 0.656250 0.117188 0.644531 0.117188 0.640625 0.113281 0.640625 0.105469
