4 0.050781 0.957031 0.050781 0.968750 0.054688 0.968750 0.058594 0.972656 0.058594 0.988281 0.054688 0.992188 0.054688 0.996094 0.070312 0.996094 0.070312 0.988281 0.066406 0.984375 0.062500 0.984375 0.058594 0.980469 0.058594 0.957031
4 0.039062 0.863281 0.039062 0.886719 0.046875 0.886719 0.046875 0.863281
4 0.527344 0.683594 0.527344 0.699219 0.523438 0.703125 0.523438 0.714844 0.519531 0.718750 0.519531 0.742188 0.515625 0.746094 0.515625 0.789062 0.523438 0.789062 0.523438 0.781250 0.527344 0.777344 0.527344 0.769531 0.531250 0.765625 0.531250 0.738281 0.535156 0.734375 0.535156 0.730469 0.539062 0.726562 0.539062 0.683594
4 0.171875 0.531250 0.171875 0.535156 0.167969 0.539062 0.167969 0.542969 0.164062 0.546875 0.164062 0.554688 0.171875 0.554688 0.175781 0.550781 0.175781 0.546875 0.179688 0.542969 0.179688 0.531250
4 0.351562 0.503906 0.351562 0.507812 0.343750 0.515625 0.343750 0.523438 0.347656 0.527344 0.347656 0.562500 0.363281 0.562500 0.363281 0.554688 0.359375 0.550781 0.359375 0.527344 0.367188 0.519531 0.371094 0.519531 0.371094 0.503906
4 0.191406 0.503906 0.191406 0.511719 0.199219 0.511719 0.199219 0.503906
4 0.746094 0.496094 0.746094 0.500000 0.742188 0.503906 0.738281 0.503906 0.730469 0.511719 0.730469 0.519531 0.746094 0.519531 0.746094 0.515625 0.750000 0.511719 0.753906 0.511719 0.757812 0.507812 0.757812 0.496094
4 0.218750 0.472656 0.218750 0.480469 0.226562 0.480469 0.226562 0.472656
4 0.378906 0.468750 0.378906 0.488281 0.390625 0.488281 0.390625 0.468750
4 0.824219 0.437500 0.820312 0.441406 0.820312 0.449219 0.816406 0.453125 0.804688 0.453125 0.800781 0.457031 0.796875 0.457031 0.773438 0.480469 0.769531 0.480469 0.769531 0.488281 0.785156 0.488281 0.785156 0.484375 0.789062 0.480469 0.792969 0.480469 0.792969 0.476562 0.800781 0.468750 0.816406 0.468750 0.820312 0.472656 0.820312 0.476562 0.824219 0.480469 0.824219 0.500000 0.835938 0.500000 0.835938 0.468750 0.839844 0.464844 0.855469 0.464844 0.855469 0.437500
4 0.253906 0.390625 0.253906 0.402344 0.257812 0.406250 0.265625 0.406250 0.269531 0.410156 0.269531 0.425781 0.261719 0.433594 0.261719 0.441406 0.269531 0.441406 0.273438 0.437500 0.277344 0.437500 0.281250 0.433594 0.281250 0.425781 0.273438 0.425781 0.269531 0.421875 0.269531 0.394531 0.265625 0.390625
4 0.585938 0.324219 0.585938 0.378906 0.593750 0.378906 0.593750 0.375000 0.597656 0.371094 0.597656 0.332031 0.593750 0.328125 0.593750 0.324219
4 0.324219 0.304688 0.324219 0.312500 0.328125 0.316406 0.328125 0.351562 0.316406 0.363281 0.304688 0.363281 0.304688 0.371094 0.308594 0.371094 0.312500 0.375000 0.312500 0.386719 0.320312 0.386719 0.320312 0.382812 0.332031 0.371094 0.332031 0.363281 0.335938 0.359375 0.335938 0.332031 0.332031 0.328125 0.332031 0.304688
4 0.882812 0.281250 0.882812 0.292969 0.890625 0.292969 0.894531 0.296875 0.894531 0.312500 0.898438 0.316406 0.898438 0.328125 0.902344 0.332031 0.902344 0.351562 0.914062 0.351562 0.914062 0.332031 0.910156 0.328125 0.910156 0.316406 0.906250 0.312500 0.906250 0.308594 0.902344 0.304688 0.902344 0.300781 0.898438 0.300781 0.894531 0.296875 0.894531 0.285156 0.890625 0.281250
4 0.269531 0.210938 0.269531 0.214844 0.265625 0.218750 0.265625 0.226562 0.289062 0.226562 0.289062 0.218750 0.285156 0.218750 0.277344 0.210938
4 0.835938 0.207031 0.835938 0.226562 0.843750 0.226562 0.847656 0.222656 0.847656 0.207031
4 0.265625 0.175781 0.265625 0.183594 0.277344 0.183594 0.277344 0.175781
4 0.566406 0.148438 0.566406 0.179688 0.570312 0.183594 0.570312 0.230469 0.578125 0.238281 0.578125 0.273438 0.582031 0.277344 0.582031 0.300781 0.589844 0.300781 0.589844 0.253906 0.585938 0.250000 0.585938 0.207031 0.582031 0.203125 0.582031 0.191406 0.578125 0.187500 0.578125 0.164062 0.574219 0.160156 0.574219 0.148438
4 0.546875 0.042969 0.546875 0.066406 0.550781 0.070312 0.550781 0.078125 0.554688 0.082031 0.554688 0.117188 0.562500 0.117188 0.562500 0.109375 0.566406 0.105469 0.566406 0.046875 0.558594 0.046875 0.554688 0.042969
4 0.722656 0.000000 0.722656 0.003906 0.726562 0.007812 0.726562 0.011719 0.730469 0.011719 0.734375 0.015625 0.734375 0.023438 0.738281 0.023438 0.742188 0.027344 0.742188 0.039062 0.746094 0.039062 0.765625 0.058594 0.765625 0.062500 0.769531 0.062500 0.773438 0.066406 0.773438 0.070312 0.777344 0.074219 0.777344 0.082031 0.781250 0.085938 0.785156 0.085938 0.789062 0.089844 0.789062 0.117188 0.792969 0.121094 0.792969 0.125000 0.796875 0.125000 0.800781 0.128906 0.800781 0.132812 0.808594 0.132812 0.808594 0.121094 0.800781 0.113281 0.800781 0.109375 0.796875 0.105469 0.796875 0.101562 0.792969 0.101562 0.789062 0.097656 0.789062 0.078125 0.785156 0.074219 0.785156 0.066406 0.781250 0.062500 0.781250 0.058594 0.777344 0.054688 0.777344 0.050781 0.765625 0.039062 0.765625 0.035156 0.761719 0.031250 0.757812 0.031250 0.753906 0.027344 0.753906 0.011719 0.746094 0.011719 0.742188 0.007812 0.742188 0.000000
