4 0.527344 0.917969 0.523438 0.921875 0.511719 0.921875 0.511719 0.929688 0.515625 0.933594 0.531250 0.933594 0.535156 0.929688 0.535156 0.917969
4 0.570312 0.886719 0.570312 0.890625 0.566406 0.894531 0.554688 0.894531 0.550781 0.898438 0.550781 0.906250 0.558594 0.906250 0.562500 0.902344 0.562500 0.898438 0.566406 0.894531 0.582031 0.894531 0.582031 0.886719
4 0.632812 0.863281 0.628906 0.867188 0.625000 0.867188 0.625000 0.875000 0.632812 0.875000 0.636719 0.871094 0.640625 0.871094 0.640625 0.863281
4 0.398438 0.855469 0.394531 0.859375 0.394531 0.867188 0.398438 0.871094 0.398438 0.875000 0.402344 0.875000 0.406250 0.878906 0.410156 0.878906 0.414062 0.882812 0.417969 0.882812 0.421875 0.886719 0.425781 0.886719 0.433594 0.894531 0.437500 0.894531 0.441406 0.898438 0.464844 0.898438 0.468750 0.902344 0.476562 0.902344 0.480469 0.898438 0.488281 0.898438 0.488281 0.890625 0.468750 0.890625 0.464844 0.886719 0.460938 0.886719 0.457031 0.882812 0.445312 0.882812 0.441406 0.878906 0.437500 0.878906 0.433594 0.875000 0.425781 0.875000 0.417969 0.867188 0.417969 0.859375 0.414062 0.855469
4 0.269531 0.824219 0.269531 0.828125 0.265625 0.832031 0.265625 0.839844 0.269531 0.839844 0.273438 0.843750 0.273438 0.847656 0.300781 0.847656 0.304688 0.851562 0.320312 0.851562 0.320312 0.835938 0.289062 0.835938 0.285156 0.832031 0.281250 0.832031 0.277344 0.828125 0.277344 0.824219
4 0.679688 0.820312 0.679688 0.832031 0.675781 0.835938 0.656250 0.835938 0.652344 0.839844 0.652344 0.855469 0.667969 0.855469 0.671875 0.851562 0.675781 0.851562 0.679688 0.847656 0.679688 0.832031 0.683594 0.828125 0.691406 0.828125 0.691406 0.820312
4 0.460938 0.812500 0.460938 0.820312 0.468750 0.820312 0.468750 0.812500
4 0.234375 0.792969 0.234375 0.804688 0.242188 0.804688 0.242188 0.792969
4 0.738281 0.785156 0.738281 0.789062 0.734375 0.792969 0.726562 0.792969 0.726562 0.804688 0.734375 0.804688 0.734375 0.796875 0.738281 0.792969 0.746094 0.792969 0.746094 0.785156
4 0.644531 0.765625 0.644531 0.781250 0.648438 0.781250 0.652344 0.785156 0.652344 0.789062 0.660156 0.789062 0.664062 0.792969 0.675781 0.792969 0.679688 0.789062 0.679688 0.785156 0.683594 0.781250 0.683594 0.773438 0.671875 0.773438 0.667969 0.769531 0.660156 0.769531 0.656250 0.765625
4 0.445312 0.765625 0.441406 0.769531 0.429688 0.769531 0.429688 0.773438 0.425781 0.777344 0.406250 0.777344 0.398438 0.769531 0.390625 0.769531 0.390625 0.777344 0.386719 0.781250 0.375000 0.781250 0.371094 0.785156 0.371094 0.792969 0.375000 0.796875 0.378906 0.796875 0.386719 0.804688 0.390625 0.804688 0.394531 0.808594 0.410156 0.808594 0.417969 0.816406 0.429688 0.816406 0.429688 0.812500 0.437500 0.804688 0.457031 0.804688 0.457031 0.789062 0.460938 0.785156 0.464844 0.785156 0.464844 0.773438 0.460938 0.773438 0.457031 0.769531 0.457031 0.765625
4 0.785156 0.734375 0.781250 0.738281 0.769531 0.738281 0.769531 0.753906 0.773438 0.757812 0.781250 0.757812 0.785156 0.753906 0.785156 0.750000 0.789062 0.746094 0.792969 0.746094 0.792969 0.734375
4 0.597656 0.437500 0.597656 0.445312 0.593750 0.449219 0.585938 0.449219 0.582031 0.453125 0.582031 0.460938 0.597656 0.460938 0.601562 0.457031 0.621094 0.457031 0.625000 0.460938 0.625000 0.484375 0.621094 0.488281 0.617188 0.488281 0.601562 0.503906 0.601562 0.507812 0.597656 0.511719 0.593750 0.511719 0.593750 0.519531 0.589844 0.523438 0.578125 0.523438 0.578125 0.531250 0.582031 0.535156 0.582031 0.558594 0.589844 0.558594 0.593750 0.562500 0.593750 0.582031 0.601562 0.589844 0.609375 0.589844 0.613281 0.593750 0.621094 0.593750 0.625000 0.597656 0.640625 0.597656 0.644531 0.593750 0.644531 0.585938 0.625000 0.585938 0.621094 0.582031 0.621094 0.570312 0.597656 0.570312 0.593750 0.566406 0.593750 0.531250 0.597656 0.527344 0.621094 0.527344 0.625000 0.523438 0.636719 0.523438 0.636719 0.515625 0.640625 0.511719 0.644531 0.511719 0.644531 0.484375 0.648438 0.480469 0.652344 0.480469 0.656250 0.476562 0.660156 0.476562 0.660156 0.468750 0.656250 0.468750 0.652344 0.464844 0.648438 0.464844 0.644531 0.460938 0.632812 0.460938 0.628906 0.457031 0.628906 0.441406 0.617188 0.441406 0.613281 0.437500
4 0.109375 0.382812 0.101562 0.390625 0.101562 0.394531 0.097656 0.398438 0.089844 0.398438 0.089844 0.433594 0.097656 0.433594 0.105469 0.425781 0.105469 0.414062 0.117188 0.402344 0.121094 0.402344 0.121094 0.390625 0.117188 0.386719 0.117188 0.382812
4 0.480469 0.296875 0.480469 0.320312 0.484375 0.324219 0.484375 0.359375 0.488281 0.363281 0.488281 0.382812 0.484375 0.386719 0.468750 0.386719 0.464844 0.382812 0.464844 0.378906 0.460938 0.375000 0.460938 0.371094 0.453125 0.371094 0.453125 0.382812 0.449219 0.386719 0.445312 0.386719 0.445312 0.394531 0.449219 0.398438 0.449219 0.414062 0.445312 0.417969 0.445312 0.429688 0.441406 0.433594 0.437500 0.433594 0.437500 0.476562 0.441406 0.480469 0.449219 0.480469 0.453125 0.484375 0.464844 0.484375 0.468750 0.488281 0.488281 0.488281 0.492188 0.492188 0.492188 0.519531 0.496094 0.519531 0.500000 0.523438 0.500000 0.542969 0.488281 0.554688 0.468750 0.554688 0.464844 0.558594 0.445312 0.558594 0.441406 0.554688 0.441406 0.546875 0.425781 0.546875 0.421875 0.542969 0.421875 0.539062 0.417969 0.539062 0.414062 0.535156 0.414062 0.511719 0.410156 0.511719 0.406250 0.507812 0.406250 0.476562 0.402344 0.476562 0.398438 0.472656 0.398438 0.453125 0.394531 0.449219 0.394531 0.433594 0.375000 0.433594 0.375000 0.437500 0.371094 0.441406 0.371094 0.445312 0.367188 0.449219 0.363281 0.449219 0.359375 0.453125 0.355469 0.453125 0.351562 0.457031 0.347656 0.457031 0.343750 0.460938 0.332031 0.460938 0.332031 0.464844 0.328125 0.468750 0.320312 0.468750 0.308594 0.480469 0.308594 0.488281 0.312500 0.492188 0.316406 0.492188 0.320312 0.496094 0.320312 0.503906 0.343750 0.503906 0.347656 0.507812 0.347656 0.511719 0.351562 0.515625 0.351562 0.542969 0.386719 0.542969 0.386719 0.539062 0.390625 0.535156 0.406250 0.535156 0.410156 0.539062 0.410156 0.550781 0.425781 0.550781 0.433594 0.558594 0.433594 0.562500 0.449219 0.562500 0.453125 0.566406 0.453125 0.574219 0.460938 0.582031 0.460938 0.585938 0.464844 0.589844 0.472656 0.589844 0.476562 0.593750 0.476562 0.605469 0.480469 0.609375 0.484375 0.609375 0.488281 0.613281 0.488281 0.644531 0.492188 0.648438 0.492188 0.675781 0.488281 0.679688 0.464844 0.679688 0.460938 0.683594 0.449219 0.683594 0.449219 0.691406 0.453125 0.691406 0.457031 0.695312 0.457031 0.710938 0.453125 0.714844 0.437500 0.714844 0.433594 0.710938 0.433594 0.699219 0.417969 0.699219 0.414062 0.703125 0.406250 0.703125 0.402344 0.707031 0.394531 0.707031 0.394531 0.714844 0.398438 0.714844 0.402344 0.718750 0.429688 0.718750 0.433594 0.722656 0.437500 0.722656 0.441406 0.726562 0.468750 0.726562 0.472656 0.730469 0.472656 0.734375 0.496094 0.734375 0.500000 0.738281 0.500000 0.742188 0.503906 0.746094 0.503906 0.750000 0.507812 0.753906 0.507812 0.773438 0.503906 0.777344 0.500000 0.777344 0.500000 0.789062 0.503906 0.792969 0.503906 0.808594 0.500000 0.812500 0.500000 0.828125 0.503906 0.828125 0.507812 0.832031 0.511719 0.832031 0.519531 0.839844 0.527344 0.839844 0.527344 0.828125 0.523438 0.828125 0.519531 0.824219 0.519531 0.796875 0.515625 0.792969 0.515625 0.773438 0.523438 0.765625 0.527344 0.765625 0.527344 0.746094 0.531250 0.742188 0.554688 0.742188 0.558594 0.738281 0.562500 0.738281 0.562500 0.734375 0.566406 0.730469 0.570312 0.730469 0.574219 0.726562 0.589844 0.726562 0.589844 0.718750 0.582031 0.718750 0.578125 0.722656 0.550781 0.722656 0.546875 0.718750 0.535156 0.718750 0.531250 0.722656 0.511719 0.722656 0.507812 0.718750 0.507812 0.695312 0.511719 0.691406 0.515625 0.691406 0.515625 0.671875 0.519531 0.667969 0.527344 0.667969 0.531250 0.664062 0.550781 0.664062 0.562500 0.675781 0.562500 0.679688 0.570312 0.679688 0.578125 0.687500 0.578125 0.691406 0.585938 0.691406 0.589844 0.687500 0.609375 0.687500 0.613281 0.691406 0.613281 0.703125 0.621094 0.703125 0.625000 0.707031 0.628906 0.707031 0.632812 0.710938 0.632812 0.714844 0.648438 0.714844 0.648438 0.707031 0.652344 0.703125 0.664062 0.703125 0.664062 0.699219 0.667969 0.695312 0.667969 0.691406 0.671875 0.687500 0.687500 0.687500 0.691406 0.691406 0.691406 0.695312 0.695312 0.699219 0.695312 0.707031 0.699219 0.707031 0.703125 0.710938 0.703125 0.714844 0.714844 0.714844 0.714844 0.707031 0.707031 0.699219 0.707031 0.691406 0.703125 0.687500 0.699219 0.687500 0.695312 0.683594 0.695312 0.671875 0.687500 0.671875 0.687500 0.675781 0.683594 0.679688 0.683594 0.683594 0.679688 0.687500 0.660156 0.687500 0.656250 0.683594 0.644531 0.683594 0.644531 0.687500 0.640625 0.691406 0.625000 0.691406 0.621094 0.687500 0.621094 0.671875 0.625000 0.667969 0.632812 0.667969 0.632812 0.652344 0.621094 0.652344 0.617188 0.648438 0.617188 0.640625 0.613281 0.636719 0.613281 0.632812 0.609375 0.632812 0.605469 0.628906 0.605469 0.625000 0.601562 0.621094 0.589844 0.621094 0.589844 0.636719 0.582031 0.644531 0.566406 0.644531 0.558594 0.652344 0.554688 0.652344 0.550781 0.656250 0.527344 0.656250 0.523438 0.652344 0.523438 0.640625 0.519531 0.636719 0.511719 0.636719 0.507812 0.632812 0.507812 0.597656 0.511719 0.593750 0.546875 0.593750 0.546875 0.574219 0.554688 0.566406 0.558594 0.566406 0.558594 0.558594 0.554688 0.558594 0.550781 0.554688 0.550781 0.546875 0.535156 0.546875 0.531250 0.542969 0.511719 0.542969 0.507812 0.539062 0.507812 0.535156 0.503906 0.535156 0.500000 0.531250 0.500000 0.515625 0.503906 0.511719 0.503906 0.480469 0.500000 0.476562 0.500000 0.417969 0.503906 0.414062 0.507812 0.414062 0.507812 0.406250 0.511719 0.402344 0.515625 0.402344 0.515625 0.394531 0.519531 0.390625 0.519531 0.382812 0.515625 0.382812 0.507812 0.375000 0.507812 0.371094 0.500000 0.371094 0.496094 0.367188 0.496094 0.359375 0.492188 0.355469 0.492188 0.339844 0.496094 0.335938 0.496094 0.296875
4 0.800781 0.226562 0.800781 0.234375 0.804688 0.238281 0.804688 0.261719 0.812500 0.261719 0.816406 0.265625 0.816406 0.273438 0.820312 0.277344 0.832031 0.277344 0.832031 0.273438 0.847656 0.257812 0.847656 0.250000 0.843750 0.250000 0.835938 0.242188 0.835938 0.238281 0.832031 0.234375 0.812500 0.234375 0.808594 0.230469 0.808594 0.226562
4 0.421875 0.226562 0.421875 0.234375 0.441406 0.234375 0.445312 0.238281 0.445312 0.242188 0.449219 0.246094 0.453125 0.246094 0.464844 0.257812 0.476562 0.257812 0.480469 0.261719 0.480469 0.273438 0.488281 0.273438 0.488281 0.265625 0.484375 0.261719 0.484375 0.250000 0.480469 0.246094 0.480469 0.238281 0.464844 0.238281 0.460938 0.234375 0.437500 0.234375 0.433594 0.230469 0.433594 0.226562
4 0.250000 0.171875 0.250000 0.179688 0.257812 0.179688 0.257812 0.171875
4 0.308594 0.140625 0.308594 0.144531 0.304688 0.148438 0.292969 0.148438 0.292969 0.160156 0.300781 0.160156 0.304688 0.164062 0.304688 0.175781 0.308594 0.179688 0.308594 0.187500 0.335938 0.187500 0.335938 0.175781 0.332031 0.171875 0.332031 0.148438 0.328125 0.148438 0.324219 0.144531 0.320312 0.144531 0.316406 0.140625
