4 0.542969 0.937500 0.542969 0.941406 0.539062 0.945312 0.539062 0.949219 0.535156 0.953125 0.535156 0.980469 0.539062 0.984375 0.539062 0.996094 0.578125 0.996094 0.578125 0.988281 0.566406 0.988281 0.562500 0.984375 0.562500 0.980469 0.558594 0.980469 0.554688 0.976562 0.554688 0.937500
4 0.308594 0.921875 0.300781 0.929688 0.296875 0.929688 0.292969 0.933594 0.292969 0.937500 0.289062 0.941406 0.261719 0.941406 0.261719 0.953125 0.257812 0.957031 0.242188 0.957031 0.238281 0.953125 0.226562 0.953125 0.222656 0.957031 0.218750 0.957031 0.214844 0.960938 0.214844 0.968750 0.222656 0.968750 0.226562 0.972656 0.234375 0.972656 0.238281 0.968750 0.246094 0.968750 0.246094 0.960938 0.250000 0.957031 0.265625 0.957031 0.269531 0.960938 0.269531 0.964844 0.285156 0.964844 0.296875 0.976562 0.296875 0.996094 0.328125 0.996094 0.328125 0.980469 0.324219 0.976562 0.324219 0.960938 0.328125 0.957031 0.332031 0.957031 0.332031 0.949219 0.328125 0.949219 0.324219 0.945312 0.324219 0.921875
4 0.812500 0.882812 0.812500 0.906250 0.816406 0.910156 0.816406 0.917969 0.824219 0.917969 0.828125 0.914062 0.828125 0.910156 0.832031 0.906250 0.835938 0.906250 0.835938 0.894531 0.839844 0.890625 0.839844 0.882812
4 0.578125 0.863281 0.578125 0.871094 0.574219 0.875000 0.554688 0.875000 0.550781 0.878906 0.550781 0.886719 0.554688 0.890625 0.554688 0.894531 0.558594 0.894531 0.562500 0.898438 0.562500 0.914062 0.574219 0.914062 0.578125 0.917969 0.578125 0.937500 0.582031 0.937500 0.585938 0.941406 0.585938 0.960938 0.601562 0.960938 0.601562 0.921875 0.589844 0.921875 0.585938 0.917969 0.585938 0.898438 0.589844 0.894531 0.597656 0.894531 0.597656 0.882812 0.593750 0.882812 0.589844 0.878906 0.589844 0.863281
4 0.828125 0.843750 0.828125 0.847656 0.824219 0.851562 0.820312 0.851562 0.820312 0.859375 0.832031 0.859375 0.835938 0.855469 0.835938 0.843750
4 0.625000 0.804688 0.625000 0.824219 0.621094 0.828125 0.597656 0.828125 0.593750 0.824219 0.593750 0.820312 0.585938 0.820312 0.582031 0.816406 0.582031 0.808594 0.574219 0.808594 0.570312 0.812500 0.566406 0.812500 0.562500 0.816406 0.539062 0.816406 0.539062 0.820312 0.535156 0.824219 0.535156 0.828125 0.531250 0.832031 0.523438 0.832031 0.523438 0.839844 0.558594 0.839844 0.562500 0.835938 0.593750 0.835938 0.597656 0.839844 0.597656 0.847656 0.613281 0.847656 0.617188 0.843750 0.617188 0.832031 0.621094 0.828125 0.640625 0.828125 0.640625 0.824219 0.644531 0.820312 0.644531 0.804688
4 0.523438 0.773438 0.523438 0.781250 0.531250 0.781250 0.531250 0.773438
4 0.675781 0.765625 0.675781 0.789062 0.671875 0.792969 0.671875 0.820312 0.667969 0.824219 0.667969 0.835938 0.664062 0.839844 0.664062 0.851562 0.660156 0.855469 0.656250 0.855469 0.656250 0.878906 0.652344 0.882812 0.648438 0.882812 0.648438 0.898438 0.652344 0.898438 0.656250 0.902344 0.656250 0.921875 0.652344 0.925781 0.648438 0.925781 0.648438 0.949219 0.652344 0.949219 0.656250 0.953125 0.656250 0.980469 0.664062 0.980469 0.664062 0.968750 0.660156 0.968750 0.656250 0.964844 0.656250 0.949219 0.660156 0.945312 0.667969 0.945312 0.667969 0.941406 0.675781 0.933594 0.687500 0.933594 0.691406 0.929688 0.691406 0.855469 0.695312 0.851562 0.695312 0.847656 0.699219 0.843750 0.699219 0.832031 0.695312 0.828125 0.695312 0.824219 0.691406 0.820312 0.691406 0.816406 0.687500 0.812500 0.687500 0.796875 0.691406 0.792969 0.695312 0.792969 0.699219 0.789062 0.703125 0.789062 0.703125 0.773438 0.687500 0.773438 0.683594 0.769531 0.683594 0.765625
4 0.554688 0.742188 0.554688 0.750000 0.562500 0.757812 0.562500 0.785156 0.574219 0.785156 0.574219 0.750000 0.570312 0.746094 0.566406 0.746094 0.562500 0.742188
4 0.304688 0.691406 0.304688 0.695312 0.300781 0.699219 0.300781 0.707031 0.296875 0.710938 0.296875 0.734375 0.292969 0.738281 0.285156 0.738281 0.281250 0.742188 0.281250 0.750000 0.277344 0.753906 0.277344 0.765625 0.281250 0.769531 0.281250 0.781250 0.285156 0.781250 0.289062 0.785156 0.289062 0.789062 0.296875 0.789062 0.300781 0.785156 0.300781 0.777344 0.296875 0.773438 0.296875 0.730469 0.300781 0.726562 0.304688 0.726562 0.304688 0.722656 0.312500 0.714844 0.312500 0.691406
4 0.562500 0.687500 0.558594 0.691406 0.558594 0.703125 0.566406 0.703125 0.570312 0.699219 0.570312 0.687500
4 0.519531 0.667969 0.519531 0.675781 0.527344 0.675781 0.527344 0.667969
4 0.164062 0.667969 0.164062 0.671875 0.160156 0.675781 0.156250 0.675781 0.156250 0.679688 0.152344 0.683594 0.148438 0.683594 0.144531 0.687500 0.144531 0.695312 0.140625 0.699219 0.136719 0.699219 0.136719 0.730469 0.132812 0.734375 0.125000 0.734375 0.121094 0.738281 0.121094 0.746094 0.117188 0.750000 0.117188 0.769531 0.125000 0.769531 0.128906 0.765625 0.128906 0.761719 0.132812 0.757812 0.132812 0.746094 0.136719 0.742188 0.136719 0.730469 0.140625 0.726562 0.144531 0.726562 0.152344 0.718750 0.156250 0.718750 0.156250 0.695312 0.160156 0.691406 0.164062 0.691406 0.164062 0.679688 0.167969 0.675781 0.171875 0.675781 0.171875 0.667969
4 0.574219 0.582031 0.574219 0.605469 0.570312 0.609375 0.566406 0.609375 0.566406 0.628906 0.562500 0.632812 0.527344 0.632812 0.527344 0.640625 0.531250 0.644531 0.558594 0.644531 0.562500 0.648438 0.562500 0.660156 0.574219 0.660156 0.578125 0.664062 0.578125 0.679688 0.593750 0.679688 0.597656 0.683594 0.613281 0.683594 0.613281 0.671875 0.609375 0.667969 0.601562 0.667969 0.597656 0.664062 0.597656 0.660156 0.593750 0.656250 0.582031 0.656250 0.578125 0.652344 0.578125 0.628906 0.582031 0.625000 0.582031 0.617188 0.574219 0.609375 0.574219 0.593750 0.578125 0.589844 0.585938 0.589844 0.585938 0.582031
4 0.406250 0.386719 0.406250 0.390625 0.402344 0.394531 0.394531 0.394531 0.378906 0.410156 0.378906 0.414062 0.375000 0.417969 0.371094 0.417969 0.371094 0.421875 0.367188 0.425781 0.347656 0.425781 0.347656 0.437500 0.343750 0.441406 0.343750 0.457031 0.339844 0.460938 0.339844 0.476562 0.335938 0.480469 0.335938 0.503906 0.343750 0.503906 0.347656 0.500000 0.347656 0.488281 0.351562 0.484375 0.386719 0.484375 0.390625 0.488281 0.390625 0.492188 0.398438 0.492188 0.402344 0.488281 0.421875 0.488281 0.425781 0.492188 0.425781 0.523438 0.417969 0.531250 0.417969 0.539062 0.414062 0.542969 0.410156 0.542969 0.406250 0.546875 0.406250 0.550781 0.402344 0.554688 0.402344 0.609375 0.398438 0.613281 0.394531 0.613281 0.394531 0.640625 0.390625 0.644531 0.378906 0.644531 0.378906 0.671875 0.375000 0.675781 0.375000 0.695312 0.378906 0.699219 0.378906 0.707031 0.382812 0.710938 0.382812 0.726562 0.378906 0.730469 0.375000 0.730469 0.371094 0.734375 0.371094 0.738281 0.367188 0.742188 0.367188 0.746094 0.363281 0.750000 0.359375 0.750000 0.359375 0.789062 0.355469 0.792969 0.351562 0.792969 0.351562 0.804688 0.355469 0.808594 0.355469 0.835938 0.351562 0.839844 0.347656 0.839844 0.347656 0.843750 0.343750 0.847656 0.343750 0.875000 0.347656 0.878906 0.355469 0.878906 0.355469 0.863281 0.359375 0.859375 0.382812 0.859375 0.386719 0.863281 0.386719 0.882812 0.390625 0.886719 0.390625 0.894531 0.394531 0.898438 0.394531 0.914062 0.390625 0.917969 0.390625 0.929688 0.386719 0.933594 0.382812 0.933594 0.382812 0.941406 0.378906 0.945312 0.378906 0.996094 0.417969 0.996094 0.417969 0.968750 0.421875 0.964844 0.425781 0.964844 0.425781 0.937500 0.421875 0.937500 0.417969 0.933594 0.417969 0.871094 0.421875 0.867188 0.421875 0.839844 0.425781 0.835938 0.425781 0.804688 0.429688 0.800781 0.445312 0.800781 0.449219 0.804688 0.468750 0.804688 0.472656 0.808594 0.472656 0.812500 0.476562 0.816406 0.476562 0.832031 0.472656 0.835938 0.472656 0.855469 0.476562 0.855469 0.480469 0.859375 0.480469 0.867188 0.488281 0.867188 0.492188 0.863281 0.492188 0.847656 0.496094 0.843750 0.496094 0.828125 0.488281 0.828125 0.484375 0.824219 0.484375 0.808594 0.488281 0.804688 0.503906 0.804688 0.507812 0.800781 0.507812 0.792969 0.496094 0.792969 0.492188 0.789062 0.492188 0.757812 0.484375 0.750000 0.484375 0.746094 0.476562 0.746094 0.476562 0.750000 0.472656 0.753906 0.472656 0.773438 0.468750 0.777344 0.437500 0.777344 0.433594 0.773438 0.433594 0.730469 0.437500 0.726562 0.437500 0.714844 0.441406 0.710938 0.441406 0.703125 0.445312 0.699219 0.476562 0.699219 0.476562 0.687500 0.480469 0.683594 0.480469 0.667969 0.453125 0.667969 0.449219 0.664062 0.449219 0.648438 0.453125 0.644531 0.453125 0.613281 0.457031 0.609375 0.457031 0.593750 0.460938 0.589844 0.460938 0.570312 0.464844 0.566406 0.464844 0.542969 0.468750 0.539062 0.468750 0.515625 0.464844 0.511719 0.460938 0.511719 0.457031 0.507812 0.457031 0.464844 0.464844 0.457031 0.464844 0.429688 0.468750 0.425781 0.468750 0.410156 0.460938 0.410156 0.460938 0.421875 0.457031 0.425781 0.457031 0.437500 0.453125 0.441406 0.437500 0.441406 0.425781 0.429688 0.425781 0.402344 0.421875 0.402344 0.417969 0.398438 0.417969 0.390625 0.414062 0.386719
4 0.347656 0.375000 0.343750 0.378906 0.343750 0.398438 0.351562 0.398438 0.351562 0.386719 0.355469 0.382812 0.355469 0.375000
4 0.425781 0.238281 0.425781 0.246094 0.421875 0.250000 0.410156 0.250000 0.410156 0.261719 0.414062 0.261719 0.417969 0.265625 0.425781 0.265625 0.425781 0.261719 0.429688 0.257812 0.429688 0.250000 0.433594 0.246094 0.433594 0.238281
