4 0.507812 0.972656 0.507812 0.980469 0.515625 0.980469 0.519531 0.984375 0.519531 0.996094 0.546875 0.996094 0.546875 0.992188 0.539062 0.984375 0.539062 0.976562 0.531250 0.976562 0.527344 0.972656
4 0.449219 0.933594 0.449219 0.941406 0.457031 0.949219 0.460938 0.949219 0.464844 0.953125 0.472656 0.953125 0.472656 0.941406 0.464844 0.933594
4 0.398438 0.890625 0.398438 0.898438 0.402344 0.898438 0.406250 0.902344 0.406250 0.906250 0.410156 0.906250 0.417969 0.914062 0.425781 0.914062 0.425781 0.906250 0.410156 0.890625
4 0.851562 0.644531 0.851562 0.648438 0.847656 0.652344 0.843750 0.652344 0.843750 0.656250 0.839844 0.660156 0.839844 0.679688 0.835938 0.683594 0.835938 0.699219 0.832031 0.703125 0.832031 0.718750 0.839844 0.718750 0.839844 0.710938 0.843750 0.707031 0.843750 0.699219 0.847656 0.695312 0.847656 0.691406 0.851562 0.687500 0.851562 0.683594 0.855469 0.679688 0.855469 0.675781 0.867188 0.664062 0.867188 0.644531
4 0.460938 0.550781 0.460938 0.566406 0.476562 0.566406 0.476562 0.554688 0.472656 0.550781
4 0.503906 0.546875 0.503906 0.566406 0.500000 0.570312 0.484375 0.570312 0.484375 0.585938 0.496094 0.585938 0.507812 0.597656 0.507812 0.609375 0.511719 0.613281 0.511719 0.617188 0.515625 0.621094 0.515625 0.632812 0.519531 0.636719 0.519531 0.640625 0.523438 0.644531 0.523438 0.648438 0.527344 0.652344 0.527344 0.667969 0.531250 0.671875 0.531250 0.675781 0.539062 0.675781 0.539062 0.667969 0.535156 0.664062 0.535156 0.660156 0.531250 0.656250 0.531250 0.640625 0.527344 0.636719 0.527344 0.625000 0.523438 0.621094 0.523438 0.585938 0.519531 0.582031 0.519531 0.554688 0.515625 0.554688 0.511719 0.550781 0.511719 0.546875
4 0.585938 0.429688 0.585938 0.453125 0.582031 0.457031 0.578125 0.457031 0.578125 0.472656 0.585938 0.480469 0.585938 0.488281 0.589844 0.492188 0.589844 0.511719 0.593750 0.515625 0.593750 0.527344 0.601562 0.527344 0.601562 0.492188 0.605469 0.488281 0.605469 0.484375 0.609375 0.480469 0.609375 0.445312 0.601562 0.437500 0.601562 0.433594 0.597656 0.433594 0.593750 0.429688
4 0.726562 0.210938 0.726562 0.222656 0.722656 0.226562 0.722656 0.253906 0.718750 0.257812 0.718750 0.316406 0.730469 0.316406 0.730469 0.285156 0.734375 0.281250 0.734375 0.250000 0.738281 0.246094 0.738281 0.222656 0.734375 0.218750 0.734375 0.210938
4 0.410156 0.140625 0.410156 0.164062 0.414062 0.167969 0.414062 0.183594 0.417969 0.187500 0.417969 0.203125 0.421875 0.207031 0.421875 0.234375 0.425781 0.238281 0.425781 0.242188 0.429688 0.246094 0.429688 0.257812 0.433594 0.261719 0.433594 0.277344 0.437500 0.281250 0.437500 0.289062 0.445312 0.296875 0.445312 0.304688 0.449219 0.308594 0.449219 0.320312 0.453125 0.324219 0.453125 0.363281 0.457031 0.367188 0.457031 0.378906 0.460938 0.382812 0.460938 0.394531 0.464844 0.398438 0.464844 0.410156 0.468750 0.414062 0.468750 0.425781 0.472656 0.429688 0.472656 0.441406 0.476562 0.445312 0.476562 0.457031 0.480469 0.460938 0.480469 0.468750 0.488281 0.476562 0.488281 0.484375 0.492188 0.488281 0.492188 0.500000 0.496094 0.503906 0.496094 0.519531 0.503906 0.519531 0.503906 0.492188 0.507812 0.488281 0.507812 0.480469 0.503906 0.476562 0.500000 0.476562 0.496094 0.472656 0.496094 0.441406 0.503906 0.433594 0.503906 0.425781 0.492188 0.425781 0.488281 0.421875 0.488281 0.410156 0.484375 0.406250 0.484375 0.394531 0.480469 0.390625 0.480469 0.371094 0.476562 0.367188 0.476562 0.355469 0.472656 0.351562 0.472656 0.343750 0.468750 0.339844 0.464844 0.339844 0.460938 0.335938 0.460938 0.324219 0.457031 0.320312 0.457031 0.304688 0.453125 0.300781 0.453125 0.292969 0.449219 0.289062 0.449219 0.273438 0.445312 0.269531 0.445312 0.261719 0.441406 0.257812 0.441406 0.242188 0.437500 0.238281 0.437500 0.226562 0.433594 0.222656 0.433594 0.203125 0.429688 0.199219 0.429688 0.191406 0.425781 0.187500 0.425781 0.152344 0.421875 0.148438 0.421875 0.140625
4 0.531250 0.046875 0.531250 0.050781 0.523438 0.058594 0.523438 0.093750 0.531250 0.093750 0.531250 0.089844 0.535156 0.085938 0.562500 0.085938 0.566406 0.089844 0.566406 0.105469 0.582031 0.105469 0.585938 0.109375 0.585938 0.132812 0.589844 0.136719 0.597656 0.136719 0.597656 0.128906 0.601562 0.125000 0.601562 0.117188 0.597656 0.113281 0.597656 0.105469 0.585938 0.105469 0.582031 0.101562 0.582031 0.082031 0.558594 0.082031 0.554688 0.078125 0.554688 0.070312 0.550781 0.066406 0.546875 0.066406 0.542969 0.062500 0.542969 0.058594 0.539062 0.054688 0.539062 0.046875
