4 0.324219 0.960938 0.324219 0.968750 0.328125 0.968750 0.332031 0.972656 0.335938 0.972656 0.339844 0.976562 0.343750 0.976562 0.347656 0.980469 0.351562 0.980469 0.359375 0.988281 0.359375 0.996094 0.390625 0.996094 0.390625 0.976562 0.386719 0.976562 0.382812 0.972656 0.351562 0.972656 0.343750 0.964844 0.335938 0.964844 0.332031 0.960938
4 0.765625 0.808594 0.757812 0.816406 0.757812 0.820312 0.753906 0.824219 0.750000 0.824219 0.746094 0.828125 0.746094 0.832031 0.734375 0.843750 0.734375 0.851562 0.726562 0.859375 0.726562 0.863281 0.722656 0.867188 0.722656 0.878906 0.734375 0.878906 0.734375 0.875000 0.738281 0.871094 0.738281 0.863281 0.777344 0.824219 0.777344 0.808594
4 0.863281 0.656250 0.859375 0.660156 0.859375 0.683594 0.843750 0.699219 0.839844 0.699219 0.839844 0.707031 0.835938 0.710938 0.835938 0.730469 0.832031 0.734375 0.824219 0.734375 0.824219 0.738281 0.820312 0.742188 0.816406 0.742188 0.816406 0.750000 0.808594 0.757812 0.808594 0.761719 0.800781 0.769531 0.796875 0.769531 0.796875 0.785156 0.792969 0.789062 0.792969 0.796875 0.804688 0.796875 0.812500 0.789062 0.812500 0.785156 0.820312 0.777344 0.820312 0.773438 0.824219 0.769531 0.824219 0.765625 0.832031 0.757812 0.832031 0.753906 0.835938 0.750000 0.835938 0.746094 0.839844 0.742188 0.839844 0.738281 0.843750 0.734375 0.843750 0.730469 0.847656 0.726562 0.847656 0.722656 0.851562 0.718750 0.851562 0.714844 0.859375 0.707031 0.859375 0.703125 0.863281 0.699219 0.863281 0.691406 0.867188 0.687500 0.867188 0.683594 0.871094 0.679688 0.871094 0.656250
4 0.894531 0.542969 0.894531 0.570312 0.890625 0.574219 0.886719 0.574219 0.886719 0.582031 0.890625 0.585938 0.890625 0.605469 0.886719 0.609375 0.875000 0.609375 0.875000 0.628906 0.882812 0.628906 0.882812 0.625000 0.890625 0.617188 0.898438 0.617188 0.898438 0.574219 0.902344 0.570312 0.902344 0.566406 0.906250 0.562500 0.910156 0.562500 0.910156 0.542969
4 0.265625 0.480469 0.265625 0.488281 0.261719 0.492188 0.238281 0.492188 0.234375 0.488281 0.226562 0.488281 0.226562 0.496094 0.234375 0.496094 0.238281 0.500000 0.238281 0.515625 0.234375 0.519531 0.234375 0.535156 0.246094 0.535156 0.250000 0.531250 0.253906 0.531250 0.253906 0.527344 0.257812 0.523438 0.257812 0.503906 0.261719 0.500000 0.261719 0.496094 0.265625 0.492188 0.273438 0.492188 0.273438 0.480469
4 0.468750 0.402344 0.468750 0.449219 0.460938 0.457031 0.460938 0.480469 0.453125 0.488281 0.453125 0.511719 0.449219 0.515625 0.449219 0.527344 0.445312 0.531250 0.445312 0.539062 0.441406 0.542969 0.441406 0.562500 0.449219 0.562500 0.449219 0.554688 0.453125 0.550781 0.453125 0.539062 0.457031 0.535156 0.457031 0.523438 0.460938 0.519531 0.460938 0.511719 0.464844 0.507812 0.464844 0.496094 0.468750 0.492188 0.468750 0.480469 0.472656 0.476562 0.472656 0.464844 0.476562 0.460938 0.476562 0.449219 0.480469 0.445312 0.480469 0.437500 0.484375 0.433594 0.484375 0.421875 0.480469 0.417969 0.480469 0.402344
4 0.593750 0.394531 0.589844 0.398438 0.589844 0.406250 0.585938 0.410156 0.578125 0.410156 0.570312 0.417969 0.570312 0.437500 0.566406 0.441406 0.566406 0.449219 0.570312 0.453125 0.574219 0.453125 0.578125 0.457031 0.578125 0.476562 0.585938 0.476562 0.593750 0.468750 0.593750 0.460938 0.585938 0.460938 0.582031 0.457031 0.582031 0.441406 0.585938 0.437500 0.585938 0.414062 0.589844 0.410156 0.597656 0.410156 0.597656 0.406250 0.601562 0.402344 0.601562 0.394531
4 0.714844 0.375000 0.714844 0.398438 0.710938 0.402344 0.707031 0.402344 0.699219 0.410156 0.699219 0.417969 0.695312 0.421875 0.695312 0.441406 0.703125 0.441406 0.703125 0.425781 0.707031 0.421875 0.707031 0.417969 0.710938 0.414062 0.714844 0.414062 0.714844 0.402344 0.718750 0.398438 0.746094 0.398438 0.746094 0.378906 0.742188 0.375000
4 0.941406 0.347656 0.941406 0.359375 0.957031 0.359375 0.957031 0.347656
4 0.960938 0.312500 0.960938 0.335938 0.968750 0.335938 0.968750 0.332031 0.972656 0.328125 0.972656 0.320312 0.968750 0.316406 0.968750 0.312500
4 0.703125 0.140625 0.699219 0.144531 0.699219 0.156250 0.710938 0.156250 0.714844 0.160156 0.714844 0.191406 0.695312 0.210938 0.695312 0.214844 0.691406 0.218750 0.687500 0.218750 0.675781 0.230469 0.675781 0.238281 0.695312 0.238281 0.699219 0.234375 0.699219 0.230469 0.703125 0.226562 0.703125 0.222656 0.707031 0.218750 0.718750 0.218750 0.718750 0.210938 0.726562 0.203125 0.726562 0.187500 0.730469 0.183594 0.730469 0.167969 0.734375 0.164062 0.734375 0.140625
4 0.785156 0.074219 0.777344 0.082031 0.777344 0.085938 0.773438 0.089844 0.769531 0.089844 0.769531 0.097656 0.765625 0.101562 0.746094 0.101562 0.742188 0.105469 0.742188 0.117188 0.757812 0.117188 0.757812 0.109375 0.761719 0.105469 0.777344 0.105469 0.789062 0.093750 0.789062 0.089844 0.792969 0.085938 0.792969 0.074219
4 0.945312 0.066406 0.945312 0.074219 0.941406 0.078125 0.937500 0.078125 0.937500 0.097656 0.933594 0.101562 0.933594 0.121094 0.929688 0.125000 0.929688 0.128906 0.925781 0.132812 0.925781 0.140625 0.949219 0.140625 0.953125 0.144531 0.953125 0.179688 0.949219 0.183594 0.941406 0.183594 0.937500 0.187500 0.906250 0.187500 0.906250 0.195312 0.910156 0.199219 0.917969 0.199219 0.921875 0.203125 0.921875 0.242188 0.917969 0.246094 0.917969 0.261719 0.914062 0.265625 0.906250 0.265625 0.902344 0.269531 0.898438 0.269531 0.894531 0.273438 0.894531 0.289062 0.886719 0.296875 0.886719 0.300781 0.882812 0.304688 0.871094 0.304688 0.871094 0.316406 0.902344 0.316406 0.902344 0.312500 0.906250 0.308594 0.917969 0.308594 0.921875 0.304688 0.921875 0.281250 0.925781 0.277344 0.929688 0.277344 0.929688 0.273438 0.933594 0.269531 0.957031 0.269531 0.960938 0.265625 0.964844 0.265625 0.964844 0.253906 0.960938 0.250000 0.953125 0.250000 0.949219 0.246094 0.949219 0.242188 0.945312 0.238281 0.945312 0.230469 0.941406 0.230469 0.937500 0.226562 0.937500 0.210938 0.941406 0.207031 0.945312 0.207031 0.945312 0.199219 0.953125 0.191406 0.953125 0.171875 0.957031 0.167969 0.964844 0.167969 0.968750 0.164062 0.980469 0.164062 0.980469 0.156250 0.984375 0.152344 0.996094 0.152344 0.996094 0.121094 0.980469 0.121094 0.972656 0.113281 0.972656 0.097656 0.976562 0.093750 0.996094 0.093750 0.996094 0.066406 0.980469 0.066406 0.976562 0.070312 0.957031 0.070312 0.953125 0.066406
4 0.855469 0.000000 0.855469 0.019531 0.871094 0.019531 0.875000 0.023438 0.875000 0.042969 0.882812 0.042969 0.886719 0.046875 0.886719 0.082031 0.894531 0.082031 0.898438 0.078125 0.898438 0.066406 0.902344 0.062500 0.902344 0.046875 0.906250 0.042969 0.906250 0.035156 0.902344 0.031250 0.898438 0.031250 0.890625 0.023438 0.890625 0.011719 0.886719 0.007812 0.886719 0.000000
