4 0.570312 0.921875 0.566406 0.925781 0.558594 0.925781 0.554688 0.929688 0.546875 0.929688 0.546875 0.933594 0.542969 0.937500 0.535156 0.937500 0.535156 0.949219 0.562500 0.949219 0.566406 0.945312 0.589844 0.945312 0.589844 0.941406 0.593750 0.937500 0.593750 0.921875
4 0.644531 0.902344 0.640625 0.906250 0.636719 0.906250 0.632812 0.910156 0.628906 0.910156 0.628906 0.925781 0.652344 0.925781 0.656250 0.921875 0.660156 0.921875 0.660156 0.914062 0.656250 0.910156 0.656250 0.906250 0.652344 0.902344
4 0.503906 0.835938 0.503906 0.867188 0.500000 0.871094 0.500000 0.886719 0.488281 0.898438 0.480469 0.898438 0.480469 0.902344 0.472656 0.910156 0.449219 0.910156 0.445312 0.914062 0.437500 0.914062 0.433594 0.917969 0.417969 0.917969 0.417969 0.921875 0.414062 0.925781 0.414062 0.937500 0.421875 0.937500 0.425781 0.941406 0.441406 0.941406 0.445312 0.945312 0.445312 0.949219 0.457031 0.949219 0.460938 0.953125 0.460938 0.968750 0.464844 0.972656 0.464844 0.976562 0.468750 0.980469 0.476562 0.980469 0.480469 0.976562 0.480469 0.972656 0.492188 0.960938 0.503906 0.960938 0.503906 0.957031 0.507812 0.953125 0.507812 0.945312 0.503906 0.941406 0.503906 0.910156 0.507812 0.906250 0.507812 0.902344 0.511719 0.898438 0.511719 0.878906 0.519531 0.871094 0.519531 0.855469 0.515625 0.851562 0.515625 0.843750 0.511719 0.839844 0.511719 0.835938
4 0.636719 0.781250 0.632812 0.785156 0.621094 0.785156 0.621094 0.789062 0.613281 0.796875 0.609375 0.796875 0.605469 0.800781 0.597656 0.800781 0.597656 0.804688 0.593750 0.808594 0.570312 0.808594 0.570312 0.828125 0.589844 0.828125 0.593750 0.824219 0.605469 0.824219 0.609375 0.820312 0.609375 0.816406 0.613281 0.812500 0.621094 0.812500 0.625000 0.808594 0.636719 0.808594 0.636719 0.792969 0.640625 0.789062 0.644531 0.789062 0.644531 0.781250
4 0.355469 0.746094 0.351562 0.750000 0.347656 0.750000 0.343750 0.753906 0.339844 0.753906 0.339844 0.761719 0.347656 0.761719 0.355469 0.769531 0.355469 0.773438 0.371094 0.773438 0.375000 0.769531 0.378906 0.769531 0.382812 0.765625 0.382812 0.761719 0.390625 0.753906 0.390625 0.746094
4 0.550781 0.562500 0.546875 0.566406 0.546875 0.593750 0.542969 0.597656 0.542969 0.605469 0.550781 0.605469 0.554688 0.609375 0.554688 0.628906 0.550781 0.632812 0.546875 0.632812 0.542969 0.636719 0.527344 0.636719 0.527344 0.640625 0.523438 0.644531 0.523438 0.656250 0.511719 0.667969 0.511719 0.695312 0.507812 0.699219 0.503906 0.699219 0.503906 0.703125 0.500000 0.707031 0.496094 0.707031 0.496094 0.718750 0.492188 0.722656 0.476562 0.722656 0.476562 0.734375 0.480469 0.734375 0.484375 0.738281 0.484375 0.785156 0.488281 0.789062 0.503906 0.789062 0.503906 0.785156 0.511719 0.777344 0.511719 0.773438 0.515625 0.769531 0.515625 0.761719 0.511719 0.757812 0.511719 0.734375 0.515625 0.730469 0.515625 0.714844 0.519531 0.710938 0.542969 0.710938 0.546875 0.707031 0.550781 0.707031 0.550781 0.699219 0.554688 0.695312 0.582031 0.695312 0.582031 0.687500 0.570312 0.687500 0.566406 0.683594 0.566406 0.644531 0.582031 0.628906 0.589844 0.628906 0.589844 0.621094 0.593750 0.617188 0.597656 0.617188 0.601562 0.613281 0.601562 0.601562 0.609375 0.593750 0.609375 0.585938 0.601562 0.585938 0.597656 0.589844 0.593750 0.589844 0.593750 0.593750 0.589844 0.597656 0.570312 0.597656 0.566406 0.593750 0.566406 0.582031 0.562500 0.578125 0.562500 0.566406 0.558594 0.562500
4 0.171875 0.515625 0.171875 0.519531 0.167969 0.523438 0.156250 0.523438 0.156250 0.539062 0.191406 0.539062 0.195312 0.535156 0.210938 0.535156 0.214844 0.539062 0.214844 0.554688 0.210938 0.558594 0.203125 0.558594 0.203125 0.585938 0.199219 0.589844 0.171875 0.589844 0.160156 0.601562 0.152344 0.601562 0.152344 0.609375 0.156250 0.609375 0.160156 0.613281 0.160156 0.652344 0.152344 0.660156 0.152344 0.679688 0.156250 0.683594 0.156250 0.695312 0.167969 0.707031 0.167969 0.710938 0.175781 0.710938 0.175781 0.707031 0.179688 0.703125 0.183594 0.703125 0.183594 0.699219 0.187500 0.695312 0.191406 0.695312 0.191406 0.687500 0.187500 0.683594 0.187500 0.667969 0.195312 0.660156 0.199219 0.660156 0.199219 0.652344 0.191406 0.652344 0.187500 0.648438 0.179688 0.648438 0.175781 0.644531 0.171875 0.644531 0.167969 0.640625 0.167969 0.617188 0.175781 0.609375 0.207031 0.609375 0.207031 0.605469 0.210938 0.601562 0.281250 0.601562 0.285156 0.605469 0.292969 0.605469 0.292969 0.593750 0.289062 0.593750 0.281250 0.585938 0.277344 0.585938 0.273438 0.582031 0.265625 0.582031 0.261719 0.585938 0.242188 0.585938 0.238281 0.582031 0.238281 0.578125 0.234375 0.578125 0.230469 0.574219 0.230469 0.539062 0.234375 0.535156 0.234375 0.523438 0.183594 0.523438 0.179688 0.519531 0.179688 0.515625
4 0.914062 0.500000 0.910156 0.503906 0.898438 0.503906 0.894531 0.507812 0.890625 0.507812 0.890625 0.515625 0.910156 0.515625 0.910156 0.511719 0.914062 0.507812 0.921875 0.507812 0.921875 0.500000
4 0.492188 0.488281 0.488281 0.492188 0.472656 0.492188 0.472656 0.500000 0.476562 0.503906 0.476562 0.507812 0.480469 0.507812 0.484375 0.511719 0.484375 0.515625 0.492188 0.523438 0.492188 0.535156 0.496094 0.539062 0.507812 0.539062 0.507812 0.531250 0.503906 0.531250 0.500000 0.527344 0.500000 0.488281
4 0.160156 0.429688 0.140625 0.449219 0.140625 0.457031 0.136719 0.460938 0.132812 0.460938 0.132812 0.468750 0.140625 0.468750 0.140625 0.460938 0.144531 0.457031 0.152344 0.457031 0.152344 0.453125 0.156250 0.449219 0.175781 0.449219 0.175781 0.441406 0.171875 0.441406 0.167969 0.437500 0.167969 0.429688
4 0.855469 0.406250 0.855469 0.414062 0.851562 0.417969 0.847656 0.417969 0.847656 0.449219 0.839844 0.457031 0.832031 0.457031 0.832031 0.464844 0.835938 0.468750 0.847656 0.468750 0.847656 0.464844 0.851562 0.460938 0.855469 0.460938 0.855469 0.445312 0.859375 0.441406 0.878906 0.441406 0.882812 0.445312 0.886719 0.445312 0.890625 0.449219 0.890625 0.464844 0.898438 0.464844 0.898438 0.457031 0.894531 0.453125 0.894531 0.433594 0.890625 0.433594 0.886719 0.429688 0.882812 0.429688 0.878906 0.425781 0.878906 0.414062 0.875000 0.414062 0.867188 0.406250
4 0.519531 0.375000 0.515625 0.378906 0.515625 0.386719 0.519531 0.390625 0.527344 0.390625 0.531250 0.394531 0.531250 0.417969 0.527344 0.421875 0.519531 0.421875 0.503906 0.437500 0.500000 0.437500 0.500000 0.441406 0.496094 0.445312 0.480469 0.445312 0.480469 0.460938 0.492188 0.460938 0.492188 0.453125 0.496094 0.449219 0.507812 0.449219 0.507812 0.445312 0.511719 0.441406 0.527344 0.441406 0.531250 0.437500 0.531250 0.425781 0.535156 0.421875 0.550781 0.421875 0.554688 0.417969 0.554688 0.410156 0.562500 0.402344 0.562500 0.398438 0.566406 0.394531 0.566406 0.382812 0.554688 0.382812 0.554688 0.386719 0.550781 0.390625 0.535156 0.390625 0.531250 0.386719 0.531250 0.378906 0.527344 0.375000
4 0.578125 0.359375 0.578125 0.367188 0.585938 0.367188 0.585938 0.359375
4 0.437500 0.316406 0.437500 0.332031 0.433594 0.335938 0.414062 0.335938 0.406250 0.343750 0.406250 0.347656 0.402344 0.351562 0.371094 0.351562 0.371094 0.355469 0.367188 0.359375 0.363281 0.359375 0.359375 0.363281 0.351562 0.363281 0.351562 0.371094 0.355469 0.371094 0.363281 0.378906 0.363281 0.382812 0.371094 0.390625 0.378906 0.390625 0.378906 0.371094 0.382812 0.367188 0.390625 0.367188 0.398438 0.359375 0.402344 0.359375 0.406250 0.355469 0.433594 0.355469 0.433594 0.343750 0.437500 0.339844 0.457031 0.339844 0.457031 0.335938 0.460938 0.332031 0.464844 0.332031 0.464844 0.324219 0.460938 0.324219 0.457031 0.320312 0.449219 0.320312 0.445312 0.316406
4 0.472656 0.265625 0.472656 0.296875 0.480469 0.304688 0.480469 0.316406 0.488281 0.316406 0.488281 0.296875 0.492188 0.292969 0.492188 0.273438 0.488281 0.273438 0.480469 0.265625
4 0.468750 0.230469 0.468750 0.234375 0.464844 0.238281 0.453125 0.238281 0.453125 0.246094 0.460938 0.246094 0.464844 0.242188 0.476562 0.242188 0.476562 0.230469
4 0.632812 0.218750 0.628906 0.222656 0.628906 0.230469 0.636719 0.238281 0.636719 0.269531 0.632812 0.273438 0.613281 0.273438 0.613281 0.316406 0.625000 0.316406 0.625000 0.296875 0.628906 0.292969 0.636719 0.292969 0.636719 0.289062 0.644531 0.281250 0.644531 0.277344 0.648438 0.273438 0.648438 0.238281 0.644531 0.234375 0.644531 0.218750
4 0.269531 0.214844 0.265625 0.218750 0.265625 0.226562 0.261719 0.230469 0.257812 0.230469 0.257812 0.234375 0.253906 0.238281 0.253906 0.242188 0.250000 0.246094 0.246094 0.246094 0.246094 0.253906 0.250000 0.253906 0.253906 0.257812 0.269531 0.257812 0.277344 0.250000 0.277344 0.242188 0.281250 0.238281 0.281250 0.226562 0.277344 0.222656 0.277344 0.214844
4 0.562500 0.191406 0.558594 0.195312 0.558594 0.199219 0.550781 0.207031 0.546875 0.207031 0.542969 0.210938 0.542969 0.222656 0.550781 0.222656 0.554688 0.218750 0.558594 0.218750 0.566406 0.210938 0.574219 0.210938 0.578125 0.207031 0.582031 0.207031 0.582031 0.199219 0.578125 0.195312 0.578125 0.191406
