4 0.613281 0.929688 0.613281 0.933594 0.609375 0.937500 0.589844 0.937500 0.589844 0.945312 0.593750 0.949219 0.593750 0.960938 0.597656 0.964844 0.597656 0.968750 0.601562 0.972656 0.613281 0.972656 0.617188 0.968750 0.617188 0.960938 0.621094 0.957031 0.640625 0.957031 0.644531 0.960938 0.652344 0.960938 0.660156 0.968750 0.660156 0.996094 0.683594 0.996094 0.683594 0.984375 0.679688 0.980469 0.679688 0.976562 0.675781 0.972656 0.675781 0.960938 0.671875 0.957031 0.664062 0.957031 0.660156 0.953125 0.656250 0.953125 0.648438 0.945312 0.644531 0.945312 0.640625 0.941406 0.636719 0.941406 0.632812 0.937500 0.628906 0.937500 0.621094 0.929688
4 0.164062 0.910156 0.156250 0.917969 0.156250 0.929688 0.140625 0.945312 0.140625 0.953125 0.148438 0.960938 0.148438 0.964844 0.156250 0.972656 0.156250 0.976562 0.164062 0.984375 0.164062 0.996094 0.183594 0.996094 0.183594 0.976562 0.179688 0.976562 0.175781 0.972656 0.175781 0.968750 0.171875 0.968750 0.167969 0.964844 0.167969 0.921875 0.171875 0.917969 0.171875 0.910156
4 0.167969 0.824219 0.167969 0.835938 0.171875 0.839844 0.171875 0.859375 0.167969 0.863281 0.164062 0.863281 0.164062 0.871094 0.167969 0.871094 0.171875 0.875000 0.187500 0.875000 0.187500 0.867188 0.179688 0.859375 0.179688 0.843750 0.183594 0.839844 0.187500 0.839844 0.191406 0.835938 0.191406 0.828125 0.187500 0.824219
4 0.144531 0.773438 0.140625 0.777344 0.140625 0.785156 0.144531 0.789062 0.152344 0.789062 0.156250 0.792969 0.156250 0.804688 0.164062 0.804688 0.167969 0.800781 0.171875 0.800781 0.171875 0.789062 0.167969 0.789062 0.164062 0.785156 0.164062 0.773438
4 0.714844 0.753906 0.714844 0.773438 0.710938 0.777344 0.710938 0.800781 0.707031 0.804688 0.707031 0.820312 0.703125 0.824219 0.703125 0.835938 0.707031 0.839844 0.707031 0.843750 0.714844 0.843750 0.714844 0.839844 0.718750 0.835938 0.722656 0.835938 0.722656 0.820312 0.718750 0.820312 0.714844 0.816406 0.714844 0.792969 0.718750 0.789062 0.726562 0.789062 0.726562 0.781250 0.722656 0.777344 0.722656 0.753906
4 0.062500 0.734375 0.062500 0.746094 0.066406 0.746094 0.070312 0.750000 0.070312 0.769531 0.074219 0.773438 0.074219 0.781250 0.078125 0.785156 0.078125 0.792969 0.082031 0.796875 0.082031 0.812500 0.085938 0.816406 0.085938 0.820312 0.089844 0.824219 0.089844 0.832031 0.093750 0.835938 0.093750 0.843750 0.097656 0.847656 0.097656 0.851562 0.101562 0.855469 0.101562 0.875000 0.105469 0.878906 0.105469 0.882812 0.109375 0.886719 0.109375 0.894531 0.113281 0.898438 0.113281 0.902344 0.121094 0.902344 0.121094 0.890625 0.117188 0.886719 0.117188 0.867188 0.113281 0.863281 0.113281 0.843750 0.117188 0.839844 0.125000 0.839844 0.125000 0.832031 0.117188 0.824219 0.117188 0.820312 0.113281 0.816406 0.101562 0.816406 0.097656 0.812500 0.097656 0.796875 0.101562 0.792969 0.101562 0.785156 0.097656 0.781250 0.097656 0.777344 0.093750 0.777344 0.089844 0.773438 0.089844 0.769531 0.085938 0.769531 0.078125 0.761719 0.078125 0.753906 0.074219 0.753906 0.070312 0.750000 0.070312 0.734375
4 0.910156 0.722656 0.910156 0.734375 0.906250 0.738281 0.906250 0.765625 0.902344 0.769531 0.898438 0.769531 0.894531 0.773438 0.890625 0.773438 0.890625 0.785156 0.886719 0.789062 0.886719 0.804688 0.890625 0.808594 0.890625 0.828125 0.886719 0.832031 0.882812 0.832031 0.882812 0.835938 0.878906 0.839844 0.878906 0.875000 0.875000 0.878906 0.871094 0.878906 0.871094 0.894531 0.875000 0.894531 0.878906 0.898438 0.878906 0.914062 0.894531 0.914062 0.894531 0.839844 0.898438 0.835938 0.898438 0.820312 0.902344 0.816406 0.902344 0.804688 0.906250 0.800781 0.906250 0.781250 0.910156 0.777344 0.910156 0.757812 0.917969 0.750000 0.917969 0.738281 0.921875 0.734375 0.921875 0.722656
4 0.921875 0.679688 0.921875 0.691406 0.929688 0.691406 0.929688 0.679688
4 0.511719 0.656250 0.511719 0.675781 0.515625 0.679688 0.515625 0.683594 0.519531 0.687500 0.519531 0.703125 0.527344 0.703125 0.527344 0.683594 0.531250 0.679688 0.566406 0.679688 0.570312 0.675781 0.574219 0.675781 0.574219 0.664062 0.570312 0.664062 0.566406 0.660156 0.558594 0.660156 0.558594 0.667969 0.554688 0.671875 0.535156 0.671875 0.531250 0.667969 0.531250 0.660156 0.527344 0.660156 0.523438 0.656250
4 0.765625 0.628906 0.765625 0.636719 0.773438 0.636719 0.773438 0.628906
4 0.015625 0.617188 0.015625 0.656250 0.023438 0.664062 0.023438 0.667969 0.027344 0.671875 0.027344 0.675781 0.031250 0.679688 0.031250 0.687500 0.035156 0.691406 0.042969 0.691406 0.042969 0.687500 0.046875 0.683594 0.046875 0.675781 0.042969 0.675781 0.039062 0.671875 0.039062 0.667969 0.031250 0.660156 0.031250 0.652344 0.027344 0.648438 0.027344 0.632812 0.031250 0.628906 0.031250 0.621094 0.027344 0.617188
4 0.667969 0.539062 0.667969 0.589844 0.671875 0.593750 0.671875 0.597656 0.679688 0.597656 0.683594 0.593750 0.687500 0.593750 0.687500 0.585938 0.691406 0.582031 0.691406 0.574219 0.695312 0.570312 0.695312 0.554688 0.691406 0.550781 0.691406 0.542969 0.679688 0.542969 0.675781 0.539062
4 0.703125 0.492188 0.703125 0.511719 0.718750 0.527344 0.718750 0.546875 0.722656 0.550781 0.722656 0.562500 0.730469 0.562500 0.734375 0.566406 0.734375 0.582031 0.757812 0.582031 0.761719 0.585938 0.761719 0.589844 0.773438 0.589844 0.773438 0.582031 0.769531 0.578125 0.769531 0.562500 0.765625 0.558594 0.765625 0.554688 0.761719 0.554688 0.757812 0.550781 0.750000 0.550781 0.746094 0.546875 0.746094 0.535156 0.742188 0.535156 0.738281 0.531250 0.734375 0.531250 0.730469 0.527344 0.730469 0.523438 0.726562 0.519531 0.726562 0.515625 0.722656 0.515625 0.718750 0.511719 0.718750 0.496094 0.714844 0.496094 0.710938 0.492188
4 0.546875 0.476562 0.546875 0.488281 0.550781 0.492188 0.550781 0.503906 0.566406 0.503906 0.570312 0.507812 0.570312 0.515625 0.574219 0.519531 0.574219 0.523438 0.585938 0.523438 0.585938 0.511719 0.582031 0.507812 0.570312 0.507812 0.566406 0.503906 0.566406 0.488281 0.562500 0.488281 0.558594 0.484375 0.558594 0.480469 0.554688 0.476562
4 0.339844 0.433594 0.339844 0.449219 0.335938 0.453125 0.320312 0.453125 0.316406 0.449219 0.316406 0.441406 0.308594 0.441406 0.308594 0.453125 0.312500 0.457031 0.312500 0.480469 0.320312 0.488281 0.320312 0.507812 0.332031 0.507812 0.332031 0.460938 0.335938 0.457031 0.367188 0.457031 0.371094 0.453125 0.371094 0.445312 0.367188 0.445312 0.363281 0.441406 0.351562 0.441406 0.347656 0.437500 0.347656 0.433594
4 0.531250 0.402344 0.531250 0.410156 0.535156 0.410156 0.539062 0.414062 0.539062 0.417969 0.546875 0.417969 0.546875 0.410156 0.542969 0.410156 0.539062 0.406250 0.539062 0.402344
4 0.000000 0.261719 0.000000 0.285156 0.007812 0.285156 0.011719 0.289062 0.011719 0.292969 0.015625 0.296875 0.015625 0.320312 0.019531 0.324219 0.019531 0.343750 0.023438 0.343750 0.027344 0.347656 0.027344 0.378906 0.019531 0.386719 0.015625 0.386719 0.015625 0.390625 0.011719 0.394531 0.011719 0.417969 0.007812 0.421875 0.000000 0.421875 0.000000 0.519531 0.015625 0.519531 0.019531 0.515625 0.019531 0.492188 0.023438 0.488281 0.027344 0.488281 0.027344 0.484375 0.031250 0.480469 0.031250 0.468750 0.027344 0.468750 0.023438 0.464844 0.023438 0.457031 0.015625 0.457031 0.011719 0.453125 0.011719 0.437500 0.015625 0.433594 0.015625 0.410156 0.019531 0.406250 0.031250 0.406250 0.031250 0.394531 0.035156 0.390625 0.035156 0.363281 0.039062 0.359375 0.039062 0.339844 0.035156 0.335938 0.035156 0.332031 0.027344 0.324219 0.027344 0.289062 0.019531 0.281250 0.019531 0.273438 0.015625 0.273438 0.011719 0.269531 0.011719 0.265625 0.007812 0.265625 0.003906 0.261719
4 0.027344 0.035156 0.019531 0.042969 0.019531 0.046875 0.015625 0.050781 0.015625 0.062500 0.121094 0.062500 0.132812 0.074219 0.136719 0.074219 0.148438 0.085938 0.156250 0.085938 0.160156 0.082031 0.160156 0.066406 0.164062 0.062500 0.167969 0.062500 0.171875 0.058594 0.175781 0.058594 0.183594 0.050781 0.203125 0.050781 0.207031 0.054688 0.222656 0.054688 0.226562 0.058594 0.234375 0.058594 0.238281 0.062500 0.246094 0.062500 0.250000 0.058594 0.277344 0.058594 0.277344 0.050781 0.253906 0.050781 0.250000 0.046875 0.191406 0.046875 0.187500 0.042969 0.132812 0.042969 0.128906 0.039062 0.058594 0.039062 0.054688 0.035156
