4 0.410156 0.718750 0.410156 0.726562 0.414062 0.726562 0.417969 0.730469 0.417969 0.734375 0.429688 0.734375 0.429688 0.726562 0.421875 0.726562 0.417969 0.722656 0.417969 0.718750
4 0.480469 0.695312 0.480469 0.703125 0.472656 0.710938 0.460938 0.710938 0.460938 0.718750 0.500000 0.718750 0.500000 0.703125 0.496094 0.699219 0.496094 0.695312
4 0.457031 0.609375 0.449219 0.617188 0.449219 0.628906 0.453125 0.632812 0.472656 0.632812 0.476562 0.636719 0.476562 0.656250 0.472656 0.660156 0.449219 0.660156 0.445312 0.664062 0.445312 0.671875 0.449219 0.671875 0.453125 0.675781 0.453125 0.679688 0.468750 0.679688 0.468750 0.671875 0.472656 0.667969 0.480469 0.667969 0.480469 0.656250 0.488281 0.648438 0.488281 0.617188 0.484375 0.613281 0.480469 0.613281 0.476562 0.609375
4 0.378906 0.511719 0.378906 0.519531 0.386719 0.519531 0.386719 0.511719
4 0.542969 0.468750 0.539062 0.472656 0.539062 0.480469 0.535156 0.484375 0.535156 0.492188 0.531250 0.496094 0.531250 0.503906 0.527344 0.507812 0.527344 0.515625 0.523438 0.519531 0.500000 0.519531 0.496094 0.515625 0.496094 0.496094 0.488281 0.488281 0.488281 0.484375 0.472656 0.484375 0.472656 0.488281 0.468750 0.492188 0.464844 0.492188 0.464844 0.500000 0.460938 0.503906 0.441406 0.503906 0.441406 0.519531 0.433594 0.527344 0.433594 0.539062 0.441406 0.539062 0.445312 0.542969 0.445312 0.558594 0.441406 0.562500 0.441406 0.570312 0.457031 0.570312 0.460938 0.566406 0.468750 0.566406 0.468750 0.554688 0.472656 0.550781 0.476562 0.550781 0.480469 0.546875 0.492188 0.546875 0.496094 0.542969 0.496094 0.539062 0.500000 0.535156 0.515625 0.535156 0.523438 0.542969 0.539062 0.542969 0.542969 0.539062 0.546875 0.539062 0.546875 0.535156 0.550781 0.531250 0.550781 0.523438 0.546875 0.519531 0.546875 0.488281 0.554688 0.480469 0.554688 0.472656 0.550781 0.468750
4 0.550781 0.347656 0.546875 0.351562 0.546875 0.363281 0.550781 0.363281 0.554688 0.367188 0.554688 0.382812 0.550781 0.386719 0.539062 0.386719 0.535156 0.390625 0.531250 0.390625 0.531250 0.402344 0.527344 0.406250 0.527344 0.421875 0.531250 0.425781 0.531250 0.429688 0.542969 0.429688 0.546875 0.433594 0.546875 0.441406 0.554688 0.441406 0.558594 0.437500 0.558594 0.429688 0.546875 0.429688 0.542969 0.425781 0.542969 0.410156 0.546875 0.406250 0.550781 0.406250 0.554688 0.402344 0.558594 0.402344 0.558594 0.398438 0.562500 0.394531 0.562500 0.371094 0.566406 0.367188 0.566406 0.347656
4 0.500000 0.320312 0.500000 0.335938 0.511719 0.335938 0.511719 0.320312
4 0.625000 0.218750 0.625000 0.230469 0.632812 0.230469 0.632812 0.218750
4 0.453125 0.175781 0.453125 0.183594 0.449219 0.187500 0.441406 0.187500 0.441406 0.207031 0.437500 0.210938 0.437500 0.222656 0.433594 0.226562 0.433594 0.242188 0.429688 0.246094 0.425781 0.246094 0.425781 0.261719 0.421875 0.265625 0.417969 0.265625 0.417969 0.273438 0.437500 0.273438 0.441406 0.277344 0.441406 0.292969 0.437500 0.296875 0.429688 0.296875 0.429688 0.308594 0.425781 0.312500 0.406250 0.312500 0.406250 0.328125 0.453125 0.328125 0.457031 0.332031 0.457031 0.335938 0.464844 0.335938 0.464844 0.320312 0.468750 0.316406 0.484375 0.316406 0.484375 0.300781 0.488281 0.296875 0.488281 0.289062 0.484375 0.289062 0.480469 0.285156 0.480469 0.269531 0.460938 0.269531 0.457031 0.265625 0.457031 0.250000 0.460938 0.246094 0.472656 0.246094 0.472656 0.234375 0.464844 0.234375 0.460938 0.230469 0.460938 0.214844 0.464844 0.210938 0.480469 0.210938 0.484375 0.207031 0.484375 0.203125 0.488281 0.199219 0.515625 0.199219 0.519531 0.203125 0.519531 0.226562 0.523438 0.230469 0.523438 0.269531 0.535156 0.269531 0.539062 0.273438 0.539062 0.300781 0.535156 0.304688 0.527344 0.304688 0.527344 0.316406 0.535156 0.316406 0.539062 0.312500 0.539062 0.296875 0.542969 0.292969 0.550781 0.292969 0.550781 0.281250 0.554688 0.277344 0.558594 0.277344 0.558594 0.269531 0.539062 0.269531 0.535156 0.265625 0.535156 0.242188 0.531250 0.238281 0.531250 0.222656 0.535156 0.218750 0.558594 0.218750 0.562500 0.222656 0.562500 0.230469 0.566406 0.234375 0.566406 0.250000 0.593750 0.250000 0.593750 0.226562 0.582031 0.226562 0.578125 0.222656 0.578125 0.210938 0.574219 0.210938 0.570312 0.207031 0.570312 0.199219 0.554688 0.199219 0.550781 0.195312 0.535156 0.195312 0.531250 0.191406 0.531250 0.187500 0.500000 0.187500 0.500000 0.191406 0.496094 0.195312 0.468750 0.195312 0.460938 0.187500 0.460938 0.175781
4 0.324219 0.171875 0.324219 0.175781 0.320312 0.179688 0.304688 0.179688 0.304688 0.191406 0.308594 0.191406 0.312500 0.195312 0.312500 0.207031 0.316406 0.210938 0.316406 0.226562 0.332031 0.226562 0.332031 0.199219 0.339844 0.191406 0.343750 0.191406 0.343750 0.183594 0.339844 0.179688 0.339844 0.175781 0.335938 0.175781 0.332031 0.171875
4 0.281250 0.132812 0.277344 0.136719 0.277344 0.144531 0.292969 0.144531 0.296875 0.140625 0.296875 0.132812
4 0.617188 0.113281 0.617188 0.136719 0.613281 0.140625 0.613281 0.152344 0.632812 0.152344 0.632812 0.148438 0.640625 0.140625 0.644531 0.140625 0.644531 0.121094 0.640625 0.121094 0.632812 0.113281
4 0.468750 0.105469 0.468750 0.125000 0.464844 0.128906 0.464844 0.140625 0.472656 0.140625 0.472656 0.136719 0.476562 0.132812 0.476562 0.125000 0.480469 0.121094 0.480469 0.109375 0.476562 0.105469
4 0.457031 0.074219 0.457031 0.085938 0.464844 0.085938 0.464844 0.074219
4 0.437500 0.054688 0.437500 0.058594 0.433594 0.062500 0.425781 0.062500 0.421875 0.066406 0.421875 0.074219 0.429688 0.074219 0.433594 0.070312 0.445312 0.070312 0.445312 0.054688
4 0.585938 0.046875 0.582031 0.050781 0.578125 0.050781 0.578125 0.062500 0.582031 0.066406 0.585938 0.066406 0.589844 0.070312 0.589844 0.085938 0.585938 0.089844 0.585938 0.101562 0.589844 0.101562 0.593750 0.105469 0.593750 0.109375 0.609375 0.109375 0.609375 0.097656 0.605469 0.093750 0.605469 0.085938 0.601562 0.085938 0.597656 0.082031 0.597656 0.078125 0.593750 0.074219 0.593750 0.058594 0.597656 0.054688 0.597656 0.046875
4 0.539062 0.000000 0.539062 0.003906 0.546875 0.003906 0.550781 0.007812 0.550781 0.023438 0.554688 0.023438 0.558594 0.027344 0.570312 0.027344 0.570312 0.015625 0.574219 0.011719 0.582031 0.011719 0.582031 0.000000
4 0.476562 0.000000 0.476562 0.011719 0.472656 0.015625 0.468750 0.015625 0.468750 0.039062 0.480469 0.039062 0.480469 0.035156 0.484375 0.031250 0.496094 0.031250 0.500000 0.027344 0.503906 0.027344 0.503906 0.019531 0.500000 0.015625 0.500000 0.000000
