4 0.351562 0.843750 0.351562 0.855469 0.347656 0.859375 0.308594 0.859375 0.304688 0.855469 0.304688 0.847656 0.296875 0.847656 0.296875 0.863281 0.300781 0.867188 0.320312 0.867188 0.324219 0.871094 0.328125 0.871094 0.332031 0.875000 0.335938 0.875000 0.343750 0.882812 0.363281 0.882812 0.367188 0.886719 0.371094 0.886719 0.375000 0.890625 0.378906 0.890625 0.382812 0.894531 0.394531 0.894531 0.398438 0.898438 0.453125 0.898438 0.457031 0.894531 0.457031 0.878906 0.429688 0.878906 0.425781 0.875000 0.406250 0.875000 0.402344 0.871094 0.390625 0.871094 0.375000 0.855469 0.375000 0.851562 0.371094 0.847656 0.363281 0.847656 0.359375 0.843750
4 0.308594 0.757812 0.308594 0.761719 0.304688 0.765625 0.300781 0.765625 0.300781 0.781250 0.316406 0.781250 0.316406 0.757812
4 0.421875 0.699219 0.421875 0.703125 0.417969 0.707031 0.414062 0.707031 0.414062 0.714844 0.417969 0.714844 0.421875 0.718750 0.429688 0.718750 0.429688 0.699219
4 0.218750 0.691406 0.218750 0.710938 0.214844 0.714844 0.171875 0.714844 0.164062 0.707031 0.164062 0.703125 0.156250 0.703125 0.156250 0.714844 0.164062 0.722656 0.179688 0.722656 0.183594 0.726562 0.183594 0.746094 0.187500 0.746094 0.195312 0.753906 0.195312 0.761719 0.199219 0.761719 0.203125 0.765625 0.203125 0.789062 0.207031 0.792969 0.222656 0.792969 0.226562 0.796875 0.226562 0.800781 0.238281 0.800781 0.242188 0.804688 0.242188 0.812500 0.246094 0.812500 0.250000 0.816406 0.261719 0.816406 0.261719 0.796875 0.257812 0.792969 0.257812 0.777344 0.261719 0.773438 0.277344 0.773438 0.277344 0.750000 0.273438 0.746094 0.273438 0.734375 0.269531 0.730469 0.261719 0.730469 0.257812 0.726562 0.257812 0.718750 0.253906 0.714844 0.253906 0.707031 0.238281 0.707031 0.234375 0.703125 0.234375 0.699219 0.230469 0.699219 0.226562 0.695312 0.226562 0.691406
4 0.683594 0.664062 0.683594 0.667969 0.679688 0.671875 0.671875 0.671875 0.671875 0.679688 0.679688 0.679688 0.683594 0.683594 0.683594 0.695312 0.710938 0.695312 0.710938 0.679688 0.707031 0.679688 0.703125 0.675781 0.703125 0.667969 0.699219 0.667969 0.695312 0.664062
4 0.402344 0.652344 0.398438 0.656250 0.398438 0.664062 0.414062 0.664062 0.414062 0.652344
4 0.304688 0.652344 0.304688 0.656250 0.300781 0.660156 0.300781 0.664062 0.296875 0.667969 0.289062 0.667969 0.289062 0.679688 0.300781 0.679688 0.300781 0.675781 0.304688 0.671875 0.316406 0.671875 0.316406 0.656250 0.312500 0.652344
4 0.253906 0.636719 0.253906 0.648438 0.261719 0.648438 0.261719 0.636719
4 0.417969 0.625000 0.417969 0.640625 0.433594 0.640625 0.433594 0.628906 0.429688 0.628906 0.425781 0.625000
4 0.273438 0.613281 0.273438 0.621094 0.281250 0.621094 0.281250 0.613281
4 0.222656 0.601562 0.222656 0.617188 0.230469 0.617188 0.230469 0.601562
4 0.562500 0.585938 0.562500 0.601562 0.578125 0.601562 0.582031 0.605469 0.582031 0.625000 0.593750 0.625000 0.593750 0.617188 0.597656 0.613281 0.597656 0.601562 0.582031 0.601562 0.578125 0.597656 0.578125 0.589844 0.574219 0.589844 0.570312 0.585938
4 0.234375 0.585938 0.234375 0.593750 0.242188 0.593750 0.242188 0.585938
4 0.414062 0.558594 0.410156 0.562500 0.406250 0.562500 0.406250 0.570312 0.402344 0.574219 0.398438 0.574219 0.398438 0.585938 0.402344 0.589844 0.402344 0.593750 0.406250 0.597656 0.417969 0.597656 0.417969 0.589844 0.425781 0.582031 0.425781 0.570312 0.421875 0.566406 0.421875 0.558594
4 0.207031 0.554688 0.207031 0.562500 0.210938 0.562500 0.214844 0.566406 0.214844 0.574219 0.222656 0.574219 0.222656 0.566406 0.218750 0.566406 0.214844 0.562500 0.214844 0.554688
4 0.550781 0.546875 0.550781 0.558594 0.562500 0.558594 0.566406 0.554688 0.566406 0.546875
4 0.707031 0.468750 0.707031 0.488281 0.714844 0.488281 0.714844 0.484375 0.718750 0.480469 0.718750 0.468750
4 0.734375 0.437500 0.734375 0.441406 0.730469 0.445312 0.722656 0.445312 0.722656 0.460938 0.734375 0.460938 0.738281 0.457031 0.742188 0.457031 0.742188 0.453125 0.746094 0.449219 0.746094 0.437500
4 0.917969 0.425781 0.914062 0.429688 0.914062 0.437500 0.910156 0.441406 0.910156 0.445312 0.906250 0.449219 0.902344 0.449219 0.902344 0.460938 0.894531 0.468750 0.875000 0.468750 0.875000 0.484375 0.882812 0.484375 0.886719 0.488281 0.886719 0.492188 0.890625 0.492188 0.894531 0.496094 0.894531 0.500000 0.898438 0.500000 0.906250 0.507812 0.914062 0.507812 0.914062 0.503906 0.917969 0.500000 0.917969 0.496094 0.921875 0.492188 0.925781 0.492188 0.925781 0.484375 0.933594 0.476562 0.933594 0.468750 0.937500 0.464844 0.937500 0.449219 0.933594 0.445312 0.933594 0.437500 0.929688 0.433594 0.929688 0.429688 0.925781 0.425781
4 0.476562 0.394531 0.476562 0.402344 0.484375 0.402344 0.484375 0.394531
4 0.421875 0.359375 0.417969 0.363281 0.417969 0.378906 0.421875 0.382812 0.421875 0.390625 0.425781 0.394531 0.429688 0.394531 0.433594 0.398438 0.433594 0.425781 0.429688 0.429688 0.410156 0.429688 0.410156 0.441406 0.406250 0.445312 0.375000 0.445312 0.363281 0.457031 0.320312 0.457031 0.320312 0.480469 0.316406 0.484375 0.300781 0.484375 0.296875 0.480469 0.296875 0.468750 0.285156 0.468750 0.285156 0.472656 0.281250 0.476562 0.281250 0.480469 0.277344 0.484375 0.273438 0.484375 0.269531 0.488281 0.261719 0.488281 0.253906 0.496094 0.210938 0.496094 0.203125 0.488281 0.203125 0.484375 0.191406 0.484375 0.191406 0.496094 0.183594 0.503906 0.179688 0.503906 0.171875 0.511719 0.148438 0.511719 0.144531 0.507812 0.144531 0.503906 0.125000 0.503906 0.121094 0.500000 0.105469 0.500000 0.101562 0.503906 0.097656 0.503906 0.097656 0.507812 0.093750 0.511719 0.085938 0.511719 0.085938 0.515625 0.082031 0.519531 0.070312 0.519531 0.066406 0.523438 0.046875 0.523438 0.046875 0.527344 0.042969 0.531250 0.042969 0.539062 0.050781 0.546875 0.050781 0.566406 0.058594 0.566406 0.062500 0.570312 0.062500 0.574219 0.066406 0.578125 0.066406 0.582031 0.070312 0.585938 0.070312 0.589844 0.074219 0.593750 0.074219 0.601562 0.082031 0.609375 0.082031 0.613281 0.085938 0.617188 0.085938 0.640625 0.101562 0.640625 0.105469 0.644531 0.105469 0.648438 0.117188 0.648438 0.117188 0.640625 0.101562 0.640625 0.097656 0.636719 0.097656 0.601562 0.101562 0.597656 0.105469 0.597656 0.105469 0.593750 0.109375 0.589844 0.109375 0.558594 0.113281 0.554688 0.117188 0.554688 0.117188 0.550781 0.121094 0.546875 0.121094 0.539062 0.125000 0.535156 0.148438 0.535156 0.152344 0.539062 0.152344 0.542969 0.160156 0.542969 0.179688 0.523438 0.187500 0.523438 0.191406 0.519531 0.199219 0.519531 0.203125 0.515625 0.230469 0.515625 0.234375 0.519531 0.234375 0.523438 0.238281 0.527344 0.253906 0.527344 0.253906 0.515625 0.257812 0.511719 0.273438 0.511719 0.277344 0.515625 0.277344 0.519531 0.289062 0.519531 0.292969 0.523438 0.304688 0.523438 0.308594 0.519531 0.343750 0.519531 0.347656 0.523438 0.351562 0.523438 0.355469 0.527344 0.355469 0.546875 0.359375 0.550781 0.359375 0.558594 0.371094 0.558594 0.382812 0.546875 0.382812 0.539062 0.378906 0.535156 0.371094 0.535156 0.367188 0.531250 0.367188 0.515625 0.371094 0.511719 0.378906 0.511719 0.378906 0.480469 0.382812 0.476562 0.398438 0.476562 0.402344 0.472656 0.417969 0.472656 0.421875 0.476562 0.421875 0.492188 0.417969 0.496094 0.417969 0.503906 0.425781 0.503906 0.429688 0.507812 0.441406 0.507812 0.441406 0.492188 0.445312 0.488281 0.460938 0.488281 0.460938 0.484375 0.464844 0.480469 0.472656 0.480469 0.472656 0.476562 0.476562 0.472656 0.507812 0.472656 0.511719 0.476562 0.511719 0.492188 0.535156 0.492188 0.539062 0.496094 0.539062 0.519531 0.550781 0.519531 0.554688 0.523438 0.589844 0.523438 0.593750 0.519531 0.593750 0.503906 0.597656 0.500000 0.613281 0.500000 0.617188 0.503906 0.621094 0.503906 0.625000 0.507812 0.640625 0.507812 0.644531 0.511719 0.644531 0.527344 0.648438 0.527344 0.652344 0.531250 0.660156 0.531250 0.664062 0.527344 0.664062 0.523438 0.667969 0.519531 0.667969 0.511719 0.671875 0.507812 0.695312 0.507812 0.695312 0.496094 0.679688 0.496094 0.675781 0.492188 0.675781 0.484375 0.664062 0.484375 0.660156 0.488281 0.636719 0.488281 0.632812 0.492188 0.578125 0.492188 0.574219 0.488281 0.574219 0.476562 0.562500 0.476562 0.558594 0.472656 0.558594 0.464844 0.554688 0.464844 0.550781 0.460938 0.550781 0.445312 0.542969 0.445312 0.539062 0.441406 0.531250 0.441406 0.531250 0.445312 0.523438 0.453125 0.507812 0.453125 0.503906 0.449219 0.503906 0.437500 0.496094 0.429688 0.496094 0.425781 0.488281 0.425781 0.488281 0.441406 0.492188 0.445312 0.492188 0.460938 0.488281 0.464844 0.472656 0.464844 0.464844 0.457031 0.464844 0.437500 0.460938 0.437500 0.457031 0.433594 0.457031 0.417969 0.453125 0.417969 0.449219 0.414062 0.449219 0.410156 0.445312 0.410156 0.441406 0.406250 0.441406 0.390625 0.445312 0.386719 0.449219 0.386719 0.449219 0.375000 0.445312 0.375000 0.441406 0.371094 0.441406 0.367188 0.437500 0.363281 0.433594 0.363281 0.429688 0.359375
4 0.335938 0.328125 0.335938 0.335938 0.332031 0.339844 0.328125 0.339844 0.320312 0.347656 0.312500 0.347656 0.308594 0.351562 0.308594 0.359375 0.304688 0.363281 0.296875 0.363281 0.292969 0.367188 0.285156 0.367188 0.285156 0.375000 0.289062 0.375000 0.292969 0.378906 0.292969 0.394531 0.289062 0.398438 0.285156 0.398438 0.281250 0.402344 0.250000 0.402344 0.246094 0.398438 0.246094 0.394531 0.242188 0.390625 0.234375 0.390625 0.230469 0.386719 0.230469 0.351562 0.242188 0.339844 0.242188 0.332031 0.234375 0.332031 0.230469 0.335938 0.226562 0.335938 0.226562 0.347656 0.222656 0.351562 0.195312 0.351562 0.195312 0.359375 0.191406 0.363281 0.179688 0.363281 0.179688 0.375000 0.183594 0.378906 0.183594 0.390625 0.191406 0.390625 0.191406 0.378906 0.195312 0.375000 0.214844 0.375000 0.218750 0.378906 0.218750 0.402344 0.222656 0.406250 0.222656 0.410156 0.226562 0.414062 0.226562 0.441406 0.230469 0.441406 0.234375 0.445312 0.234375 0.449219 0.253906 0.449219 0.257812 0.453125 0.281250 0.453125 0.281250 0.449219 0.285156 0.445312 0.285156 0.417969 0.289062 0.414062 0.292969 0.414062 0.292969 0.410156 0.296875 0.406250 0.300781 0.406250 0.300781 0.394531 0.304688 0.390625 0.312500 0.390625 0.316406 0.386719 0.316406 0.378906 0.320312 0.375000 0.324219 0.375000 0.324219 0.363281 0.328125 0.359375 0.335938 0.359375 0.339844 0.355469 0.347656 0.355469 0.347656 0.328125
4 0.542969 0.324219 0.542969 0.339844 0.539062 0.343750 0.527344 0.343750 0.527344 0.351562 0.523438 0.355469 0.511719 0.355469 0.511719 0.363281 0.500000 0.375000 0.500000 0.386719 0.503906 0.386719 0.507812 0.390625 0.539062 0.390625 0.542969 0.394531 0.542969 0.421875 0.550781 0.421875 0.550781 0.394531 0.554688 0.390625 0.562500 0.390625 0.562500 0.378906 0.558594 0.375000 0.558594 0.359375 0.562500 0.355469 0.562500 0.343750 0.566406 0.339844 0.566406 0.335938 0.570312 0.332031 0.570312 0.324219
4 0.367188 0.300781 0.367188 0.308594 0.378906 0.308594 0.378906 0.300781
4 0.414062 0.253906 0.410156 0.257812 0.410156 0.265625 0.406250 0.269531 0.398438 0.269531 0.398438 0.285156 0.406250 0.285156 0.410156 0.289062 0.417969 0.289062 0.417969 0.277344 0.421875 0.273438 0.429688 0.273438 0.429688 0.257812 0.425781 0.253906
4 0.441406 0.136719 0.437500 0.140625 0.433594 0.140625 0.425781 0.148438 0.394531 0.148438 0.394531 0.152344 0.390625 0.156250 0.367188 0.156250 0.367188 0.164062 0.375000 0.164062 0.378906 0.160156 0.402344 0.160156 0.410156 0.167969 0.417969 0.167969 0.417969 0.164062 0.421875 0.160156 0.433594 0.160156 0.437500 0.156250 0.441406 0.156250 0.445312 0.152344 0.449219 0.152344 0.449219 0.136719
4 0.535156 0.132812 0.527344 0.140625 0.527344 0.156250 0.523438 0.160156 0.515625 0.160156 0.515625 0.171875 0.519531 0.175781 0.519531 0.179688 0.527344 0.179688 0.527344 0.160156 0.531250 0.156250 0.554688 0.156250 0.558594 0.160156 0.558594 0.187500 0.554688 0.191406 0.554688 0.199219 0.550781 0.203125 0.531250 0.203125 0.531250 0.214844 0.542969 0.214844 0.546875 0.218750 0.546875 0.222656 0.550781 0.222656 0.554688 0.226562 0.562500 0.226562 0.562500 0.210938 0.566406 0.207031 0.582031 0.207031 0.582031 0.187500 0.589844 0.179688 0.621094 0.179688 0.625000 0.183594 0.625000 0.187500 0.628906 0.187500 0.632812 0.191406 0.648438 0.191406 0.652344 0.195312 0.652344 0.199219 0.656250 0.203125 0.656250 0.210938 0.675781 0.210938 0.679688 0.214844 0.679688 0.230469 0.687500 0.230469 0.687500 0.218750 0.691406 0.214844 0.707031 0.214844 0.710938 0.218750 0.710938 0.238281 0.718750 0.238281 0.722656 0.242188 0.730469 0.242188 0.730469 0.238281 0.734375 0.234375 0.750000 0.234375 0.757812 0.242188 0.757812 0.285156 0.753906 0.289062 0.750000 0.289062 0.750000 0.296875 0.757812 0.296875 0.757812 0.285156 0.761719 0.281250 0.777344 0.281250 0.777344 0.261719 0.773438 0.261719 0.769531 0.257812 0.769531 0.253906 0.765625 0.250000 0.765625 0.230469 0.753906 0.218750 0.746094 0.218750 0.746094 0.222656 0.742188 0.226562 0.722656 0.226562 0.718750 0.222656 0.718750 0.199219 0.714844 0.195312 0.703125 0.195312 0.699219 0.191406 0.699219 0.183594 0.675781 0.183594 0.671875 0.187500 0.664062 0.187500 0.660156 0.191406 0.644531 0.191406 0.640625 0.187500 0.640625 0.183594 0.636719 0.183594 0.632812 0.179688 0.628906 0.179688 0.625000 0.175781 0.625000 0.167969 0.621094 0.164062 0.617188 0.164062 0.613281 0.160156 0.605469 0.160156 0.601562 0.164062 0.597656 0.164062 0.593750 0.167969 0.566406 0.167969 0.562500 0.164062 0.562500 0.148438 0.558594 0.144531 0.558594 0.136719 0.554688 0.132812
