4 0.695312 0.890625 0.695312 0.894531 0.691406 0.898438 0.683594 0.898438 0.679688 0.902344 0.671875 0.902344 0.667969 0.906250 0.664062 0.906250 0.664062 0.914062 0.687500 0.914062 0.691406 0.917969 0.695312 0.917969 0.699219 0.921875 0.714844 0.921875 0.722656 0.914062 0.722656 0.902344 0.710938 0.890625
4 0.699219 0.781250 0.695312 0.785156 0.695312 0.792969 0.699219 0.796875 0.699219 0.804688 0.703125 0.804688 0.707031 0.808594 0.707031 0.820312 0.710938 0.824219 0.710938 0.832031 0.722656 0.832031 0.726562 0.828125 0.726562 0.824219 0.730469 0.820312 0.730469 0.812500 0.718750 0.800781 0.718750 0.792969 0.714844 0.789062 0.714844 0.781250
4 0.585938 0.753906 0.582031 0.757812 0.582031 0.765625 0.593750 0.765625 0.593750 0.753906
4 0.632812 0.718750 0.632812 0.750000 0.628906 0.753906 0.628906 0.765625 0.648438 0.765625 0.652344 0.769531 0.652344 0.781250 0.660156 0.781250 0.660156 0.757812 0.656250 0.753906 0.656250 0.750000 0.652344 0.746094 0.644531 0.746094 0.640625 0.742188 0.640625 0.718750
4 0.519531 0.714844 0.519531 0.722656 0.515625 0.726562 0.511719 0.726562 0.511719 0.742188 0.519531 0.742188 0.523438 0.738281 0.523438 0.726562 0.527344 0.722656 0.527344 0.714844
4 0.484375 0.437500 0.484375 0.484375 0.480469 0.488281 0.476562 0.488281 0.468750 0.496094 0.425781 0.496094 0.425781 0.519531 0.429688 0.519531 0.433594 0.523438 0.433594 0.546875 0.421875 0.558594 0.421875 0.566406 0.429688 0.574219 0.429688 0.582031 0.449219 0.582031 0.449219 0.578125 0.453125 0.574219 0.457031 0.574219 0.460938 0.570312 0.480469 0.570312 0.484375 0.574219 0.492188 0.574219 0.496094 0.578125 0.496094 0.582031 0.503906 0.582031 0.507812 0.585938 0.507812 0.589844 0.535156 0.589844 0.542969 0.597656 0.546875 0.597656 0.558594 0.609375 0.558594 0.613281 0.562500 0.617188 0.570312 0.617188 0.570312 0.613281 0.574219 0.609375 0.589844 0.609375 0.593750 0.613281 0.593750 0.632812 0.597656 0.636719 0.597656 0.644531 0.601562 0.648438 0.601562 0.656250 0.605469 0.660156 0.605469 0.671875 0.609375 0.675781 0.609375 0.679688 0.671875 0.679688 0.675781 0.683594 0.675781 0.691406 0.679688 0.691406 0.683594 0.695312 0.683594 0.718750 0.687500 0.718750 0.691406 0.722656 0.707031 0.722656 0.710938 0.726562 0.710938 0.730469 0.714844 0.734375 0.718750 0.734375 0.722656 0.738281 0.722656 0.757812 0.718750 0.761719 0.718750 0.769531 0.738281 0.769531 0.742188 0.773438 0.750000 0.773438 0.757812 0.781250 0.757812 0.785156 0.761719 0.789062 0.761719 0.820312 0.777344 0.820312 0.781250 0.824219 0.781250 0.847656 0.769531 0.859375 0.765625 0.859375 0.765625 0.871094 0.777344 0.871094 0.785156 0.863281 0.785156 0.859375 0.789062 0.855469 0.789062 0.851562 0.796875 0.843750 0.808594 0.843750 0.812500 0.839844 0.812500 0.828125 0.808594 0.824219 0.808594 0.820312 0.800781 0.812500 0.800781 0.792969 0.792969 0.785156 0.792969 0.777344 0.789062 0.773438 0.781250 0.773438 0.773438 0.765625 0.773438 0.761719 0.769531 0.757812 0.769531 0.738281 0.773438 0.734375 0.781250 0.734375 0.789062 0.726562 0.789062 0.714844 0.792969 0.710938 0.792969 0.703125 0.769531 0.703125 0.765625 0.699219 0.742188 0.699219 0.738281 0.695312 0.738281 0.671875 0.734375 0.671875 0.730469 0.667969 0.730469 0.652344 0.722656 0.652344 0.722656 0.660156 0.718750 0.664062 0.695312 0.664062 0.691406 0.660156 0.691406 0.644531 0.687500 0.644531 0.683594 0.640625 0.683594 0.621094 0.671875 0.621094 0.667969 0.625000 0.664062 0.625000 0.660156 0.628906 0.632812 0.628906 0.628906 0.625000 0.617188 0.625000 0.605469 0.613281 0.597656 0.613281 0.593750 0.609375 0.593750 0.601562 0.585938 0.593750 0.585938 0.562500 0.582031 0.558594 0.582031 0.535156 0.585938 0.531250 0.613281 0.531250 0.613281 0.523438 0.609375 0.523438 0.605469 0.519531 0.605469 0.503906 0.613281 0.496094 0.613281 0.484375 0.605469 0.484375 0.605469 0.488281 0.601562 0.492188 0.597656 0.492188 0.593750 0.496094 0.578125 0.496094 0.570312 0.488281 0.570312 0.480469 0.566406 0.480469 0.562500 0.476562 0.562500 0.453125 0.554688 0.453125 0.554688 0.457031 0.550781 0.460938 0.550781 0.500000 0.546875 0.503906 0.531250 0.503906 0.527344 0.500000 0.519531 0.500000 0.515625 0.496094 0.515625 0.476562 0.523438 0.468750 0.523438 0.460938 0.519531 0.457031 0.507812 0.457031 0.503906 0.453125 0.503906 0.445312 0.496094 0.445312 0.492188 0.441406 0.492188 0.437500
4 0.640625 0.425781 0.640625 0.429688 0.636719 0.433594 0.636719 0.441406 0.648438 0.441406 0.648438 0.425781
4 0.679688 0.378906 0.679688 0.386719 0.675781 0.390625 0.660156 0.390625 0.660156 0.398438 0.664062 0.398438 0.667969 0.402344 0.675781 0.402344 0.679688 0.406250 0.679688 0.421875 0.675781 0.425781 0.671875 0.425781 0.671875 0.449219 0.675781 0.453125 0.687500 0.453125 0.691406 0.449219 0.695312 0.449219 0.695312 0.445312 0.710938 0.429688 0.710938 0.421875 0.714844 0.417969 0.722656 0.417969 0.722656 0.414062 0.726562 0.410156 0.730469 0.410156 0.730469 0.398438 0.726562 0.394531 0.703125 0.394531 0.699219 0.390625 0.699219 0.386719 0.695312 0.386719 0.691406 0.382812 0.691406 0.378906
4 0.078125 0.312500 0.078125 0.316406 0.074219 0.320312 0.066406 0.320312 0.066406 0.335938 0.085938 0.335938 0.085938 0.312500
4 0.085938 0.250000 0.085938 0.289062 0.109375 0.289062 0.109375 0.281250 0.113281 0.277344 0.113281 0.273438 0.117188 0.269531 0.125000 0.269531 0.125000 0.261719 0.097656 0.261719 0.093750 0.257812 0.093750 0.250000
4 0.230469 0.187500 0.226562 0.191406 0.218750 0.191406 0.214844 0.195312 0.210938 0.195312 0.207031 0.199219 0.179688 0.199219 0.179688 0.210938 0.175781 0.214844 0.175781 0.218750 0.171875 0.222656 0.167969 0.222656 0.167969 0.230469 0.187500 0.230469 0.195312 0.222656 0.195312 0.214844 0.199219 0.210938 0.210938 0.210938 0.214844 0.207031 0.218750 0.207031 0.222656 0.203125 0.289062 0.203125 0.292969 0.199219 0.296875 0.199219 0.296875 0.191406 0.273438 0.191406 0.269531 0.187500
4 0.550781 0.164062 0.550781 0.175781 0.554688 0.179688 0.554688 0.183594 0.562500 0.183594 0.566406 0.187500 0.566406 0.191406 0.574219 0.199219 0.574219 0.203125 0.605469 0.203125 0.609375 0.199219 0.613281 0.199219 0.613281 0.187500 0.609375 0.187500 0.605469 0.183594 0.601562 0.183594 0.597656 0.179688 0.582031 0.179688 0.578125 0.175781 0.578125 0.167969 0.562500 0.167969 0.558594 0.164062
4 0.460938 0.148438 0.449219 0.160156 0.441406 0.160156 0.437500 0.164062 0.433594 0.164062 0.433594 0.171875 0.464844 0.171875 0.468750 0.175781 0.476562 0.175781 0.484375 0.167969 0.500000 0.167969 0.503906 0.171875 0.507812 0.171875 0.511719 0.175781 0.523438 0.175781 0.523438 0.156250 0.500000 0.156250 0.496094 0.152344 0.472656 0.152344 0.468750 0.148438
4 0.105469 0.117188 0.105469 0.121094 0.101562 0.125000 0.085938 0.125000 0.082031 0.128906 0.062500 0.128906 0.058594 0.132812 0.058594 0.144531 0.066406 0.152344 0.066406 0.156250 0.078125 0.167969 0.097656 0.167969 0.101562 0.171875 0.105469 0.171875 0.109375 0.175781 0.109375 0.179688 0.113281 0.183594 0.121094 0.183594 0.121094 0.175781 0.125000 0.171875 0.128906 0.171875 0.128906 0.164062 0.125000 0.160156 0.125000 0.136719 0.117188 0.128906 0.117188 0.117188
