4 0.593750 0.941406 0.593750 0.957031 0.597656 0.957031 0.605469 0.964844 0.613281 0.964844 0.613281 0.957031 0.605469 0.949219 0.605469 0.941406
4 0.625000 0.898438 0.621094 0.902344 0.621094 0.906250 0.617188 0.910156 0.617188 0.925781 0.628906 0.925781 0.628906 0.914062 0.632812 0.910156 0.632812 0.898438
4 0.167969 0.722656 0.167969 0.730469 0.175781 0.730469 0.175781 0.722656
4 0.117188 0.667969 0.117188 0.679688 0.121094 0.683594 0.125000 0.683594 0.128906 0.687500 0.128906 0.691406 0.132812 0.695312 0.132812 0.699219 0.136719 0.703125 0.136719 0.707031 0.144531 0.714844 0.152344 0.714844 0.152344 0.703125 0.148438 0.699219 0.148438 0.691406 0.144531 0.687500 0.144531 0.683594 0.140625 0.683594 0.132812 0.675781 0.132812 0.671875 0.128906 0.671875 0.125000 0.667969
4 0.082031 0.500000 0.078125 0.503906 0.078125 0.593750 0.085938 0.593750 0.085938 0.562500 0.089844 0.558594 0.089844 0.511719 0.093750 0.507812 0.093750 0.500000
4 0.468750 0.441406 0.468750 0.484375 0.464844 0.488281 0.464844 0.519531 0.460938 0.523438 0.460938 0.531250 0.457031 0.535156 0.457031 0.542969 0.453125 0.546875 0.453125 0.617188 0.449219 0.621094 0.449219 0.636719 0.453125 0.640625 0.453125 0.667969 0.449219 0.671875 0.445312 0.671875 0.441406 0.675781 0.441406 0.687500 0.445312 0.691406 0.445312 0.699219 0.453125 0.699219 0.453125 0.691406 0.457031 0.687500 0.457031 0.671875 0.460938 0.667969 0.460938 0.636719 0.464844 0.632812 0.464844 0.574219 0.468750 0.570312 0.468750 0.558594 0.472656 0.554688 0.472656 0.519531 0.476562 0.515625 0.476562 0.476562 0.480469 0.472656 0.480469 0.468750 0.484375 0.464844 0.484375 0.453125 0.480469 0.449219 0.480469 0.445312 0.476562 0.441406
4 0.089844 0.285156 0.089844 0.289062 0.085938 0.292969 0.085938 0.335938 0.082031 0.339844 0.082031 0.347656 0.078125 0.351562 0.078125 0.367188 0.082031 0.371094 0.089844 0.371094 0.089844 0.328125 0.093750 0.324219 0.093750 0.320312 0.097656 0.316406 0.097656 0.285156
4 0.781250 0.253906 0.781250 0.265625 0.777344 0.269531 0.777344 0.285156 0.785156 0.285156 0.785156 0.269531 0.789062 0.265625 0.789062 0.253906
4 0.816406 0.218750 0.816406 0.226562 0.824219 0.226562 0.824219 0.218750
4 0.843750 0.191406 0.843750 0.199219 0.851562 0.199219 0.851562 0.191406
4 0.871094 0.160156 0.867188 0.164062 0.867188 0.171875 0.875000 0.171875 0.878906 0.167969 0.878906 0.160156
