4 0.664062 0.800781 0.664062 0.808594 0.660156 0.812500 0.660156 0.816406 0.656250 0.820312 0.652344 0.820312 0.652344 0.835938 0.648438 0.839844 0.632812 0.839844 0.632812 0.843750 0.628906 0.847656 0.628906 0.855469 0.632812 0.859375 0.632812 0.863281 0.636719 0.863281 0.640625 0.867188 0.648438 0.867188 0.652344 0.863281 0.652344 0.835938 0.656250 0.832031 0.675781 0.832031 0.675781 0.820312 0.671875 0.816406 0.671875 0.800781
4 0.687500 0.769531 0.687500 0.781250 0.695312 0.781250 0.699219 0.777344 0.699219 0.769531
4 0.726562 0.746094 0.726562 0.753906 0.734375 0.753906 0.734375 0.746094
4 0.460938 0.601562 0.460938 0.609375 0.457031 0.613281 0.457031 0.621094 0.453125 0.625000 0.437500 0.625000 0.433594 0.628906 0.421875 0.628906 0.421875 0.644531 0.425781 0.648438 0.425781 0.656250 0.437500 0.656250 0.441406 0.652344 0.453125 0.652344 0.453125 0.625000 0.457031 0.621094 0.464844 0.621094 0.464844 0.613281 0.468750 0.609375 0.472656 0.609375 0.472656 0.601562
4 0.542969 0.472656 0.542969 0.480469 0.546875 0.484375 0.546875 0.488281 0.566406 0.488281 0.570312 0.484375 0.585938 0.484375 0.585938 0.472656
4 0.500000 0.472656 0.496094 0.476562 0.464844 0.476562 0.464844 0.488281 0.460938 0.492188 0.460938 0.496094 0.457031 0.500000 0.445312 0.500000 0.445312 0.507812 0.449219 0.511719 0.460938 0.511719 0.460938 0.503906 0.464844 0.500000 0.468750 0.500000 0.472656 0.496094 0.472656 0.492188 0.476562 0.488281 0.492188 0.488281 0.496094 0.492188 0.496094 0.496094 0.507812 0.496094 0.507812 0.484375 0.511719 0.480469 0.511719 0.472656
4 0.195312 0.445312 0.195312 0.453125 0.191406 0.457031 0.160156 0.457031 0.160156 0.464844 0.164062 0.468750 0.183594 0.468750 0.187500 0.472656 0.187500 0.476562 0.207031 0.476562 0.210938 0.480469 0.214844 0.480469 0.218750 0.484375 0.230469 0.484375 0.234375 0.488281 0.246094 0.488281 0.246094 0.472656 0.222656 0.472656 0.218750 0.468750 0.218750 0.464844 0.210938 0.464844 0.207031 0.460938 0.207031 0.445312
4 0.058594 0.406250 0.058594 0.414062 0.062500 0.417969 0.062500 0.421875 0.074219 0.433594 0.074219 0.445312 0.078125 0.449219 0.089844 0.449219 0.097656 0.441406 0.105469 0.441406 0.105469 0.429688 0.097656 0.421875 0.097656 0.414062 0.089844 0.406250
4 0.921875 0.398438 0.921875 0.410156 0.929688 0.417969 0.929688 0.437500 0.925781 0.441406 0.902344 0.441406 0.898438 0.437500 0.894531 0.437500 0.890625 0.433594 0.882812 0.433594 0.882812 0.457031 0.878906 0.460938 0.851562 0.460938 0.847656 0.464844 0.816406 0.464844 0.812500 0.468750 0.699219 0.468750 0.695312 0.464844 0.660156 0.464844 0.656250 0.460938 0.648438 0.460938 0.644531 0.457031 0.644531 0.453125 0.640625 0.449219 0.632812 0.449219 0.632812 0.460938 0.628906 0.464844 0.609375 0.464844 0.609375 0.476562 0.613281 0.480469 0.613281 0.496094 0.617188 0.496094 0.621094 0.500000 0.621094 0.519531 0.625000 0.523438 0.625000 0.527344 0.640625 0.527344 0.640625 0.496094 0.644531 0.492188 0.656250 0.492188 0.656250 0.476562 0.660156 0.472656 0.675781 0.472656 0.679688 0.476562 0.703125 0.476562 0.707031 0.480469 0.707031 0.484375 0.714844 0.484375 0.718750 0.480469 0.742188 0.480469 0.746094 0.476562 0.800781 0.476562 0.804688 0.472656 0.832031 0.472656 0.835938 0.476562 0.890625 0.476562 0.894531 0.472656 0.925781 0.472656 0.929688 0.476562 0.929688 0.484375 0.933594 0.484375 0.937500 0.488281 0.937500 0.503906 0.933594 0.507812 0.929688 0.507812 0.929688 0.511719 0.925781 0.515625 0.925781 0.550781 0.933594 0.550781 0.933594 0.542969 0.937500 0.539062 0.937500 0.531250 0.941406 0.527344 0.941406 0.519531 0.949219 0.511719 0.949219 0.507812 0.953125 0.503906 0.953125 0.492188 0.957031 0.488281 0.968750 0.488281 0.972656 0.484375 0.972656 0.468750 0.976562 0.464844 0.976562 0.457031 0.964844 0.445312 0.964844 0.441406 0.960938 0.441406 0.957031 0.437500 0.957031 0.433594 0.953125 0.429688 0.953125 0.421875 0.949219 0.417969 0.945312 0.417969 0.941406 0.414062 0.941406 0.406250 0.933594 0.398438
4 0.843750 0.378906 0.843750 0.390625 0.851562 0.390625 0.851562 0.378906
4 0.820312 0.359375 0.820312 0.371094 0.828125 0.371094 0.828125 0.359375
4 0.195312 0.359375 0.195312 0.367188 0.191406 0.371094 0.187500 0.371094 0.187500 0.386719 0.199219 0.386719 0.199219 0.371094 0.203125 0.367188 0.207031 0.367188 0.207031 0.359375
4 0.570312 0.351562 0.570312 0.359375 0.578125 0.359375 0.578125 0.351562
4 0.792969 0.335938 0.792969 0.347656 0.808594 0.347656 0.808594 0.339844 0.804688 0.335938
4 0.515625 0.304688 0.515625 0.320312 0.531250 0.320312 0.535156 0.324219 0.535156 0.328125 0.539062 0.332031 0.546875 0.332031 0.550781 0.335938 0.558594 0.335938 0.558594 0.328125 0.554688 0.324219 0.554688 0.316406 0.550781 0.316406 0.546875 0.312500 0.527344 0.312500 0.523438 0.308594 0.523438 0.304688
4 0.726562 0.281250 0.722656 0.285156 0.714844 0.285156 0.714844 0.292969 0.718750 0.292969 0.726562 0.300781 0.726562 0.304688 0.742188 0.304688 0.750000 0.312500 0.750000 0.316406 0.769531 0.316406 0.769531 0.308594 0.765625 0.304688 0.757812 0.304688 0.746094 0.292969 0.746094 0.289062 0.742188 0.285156 0.742188 0.281250
4 0.679688 0.257812 0.679688 0.269531 0.683594 0.269531 0.691406 0.277344 0.699219 0.277344 0.699219 0.269531 0.687500 0.257812
4 0.480469 0.093750 0.472656 0.101562 0.437500 0.101562 0.433594 0.105469 0.429688 0.105469 0.425781 0.109375 0.425781 0.121094 0.445312 0.121094 0.445312 0.117188 0.453125 0.109375 0.476562 0.109375 0.480469 0.113281 0.500000 0.113281 0.503906 0.109375 0.503906 0.097656 0.500000 0.097656 0.496094 0.093750
