4 0.816406 0.792969 0.816406 0.808594 0.812500 0.812500 0.808594 0.812500 0.808594 0.820312 0.804688 0.824219 0.796875 0.824219 0.796875 0.843750 0.800781 0.847656 0.800781 0.855469 0.804688 0.859375 0.812500 0.859375 0.820312 0.867188 0.820312 0.871094 0.828125 0.878906 0.828125 0.894531 0.824219 0.898438 0.820312 0.898438 0.820312 0.914062 0.832031 0.914062 0.832031 0.910156 0.835938 0.906250 0.855469 0.906250 0.855469 0.898438 0.859375 0.894531 0.859375 0.851562 0.863281 0.847656 0.863281 0.839844 0.855469 0.839844 0.855469 0.843750 0.851562 0.847656 0.835938 0.847656 0.832031 0.843750 0.832031 0.839844 0.828125 0.835938 0.828125 0.808594 0.832031 0.804688 0.835938 0.804688 0.835938 0.796875 0.832031 0.792969
4 0.750000 0.785156 0.750000 0.792969 0.757812 0.792969 0.757812 0.785156
4 0.718750 0.753906 0.718750 0.761719 0.722656 0.761719 0.726562 0.765625 0.726562 0.777344 0.742188 0.777344 0.742188 0.769531 0.734375 0.761719 0.730469 0.761719 0.726562 0.757812 0.726562 0.753906
4 0.855469 0.683594 0.855469 0.710938 0.851562 0.714844 0.851562 0.718750 0.847656 0.722656 0.843750 0.722656 0.843750 0.734375 0.851562 0.734375 0.855469 0.738281 0.867188 0.738281 0.871094 0.734375 0.875000 0.734375 0.875000 0.710938 0.867188 0.703125 0.867188 0.699219 0.863281 0.695312 0.863281 0.683594
4 0.656250 0.675781 0.652344 0.679688 0.648438 0.679688 0.648438 0.683594 0.644531 0.687500 0.640625 0.687500 0.636719 0.691406 0.632812 0.691406 0.625000 0.699219 0.617188 0.699219 0.617188 0.703125 0.605469 0.714844 0.601562 0.714844 0.601562 0.738281 0.597656 0.742188 0.593750 0.742188 0.593750 0.750000 0.597656 0.753906 0.597656 0.761719 0.613281 0.761719 0.613281 0.757812 0.617188 0.753906 0.640625 0.753906 0.648438 0.761719 0.648438 0.765625 0.652344 0.769531 0.656250 0.769531 0.660156 0.773438 0.679688 0.773438 0.679688 0.765625 0.675781 0.761719 0.675781 0.753906 0.671875 0.753906 0.667969 0.750000 0.667969 0.746094 0.664062 0.742188 0.664062 0.726562 0.667969 0.722656 0.683594 0.722656 0.683594 0.714844 0.679688 0.710938 0.679688 0.695312 0.667969 0.683594 0.667969 0.679688 0.664062 0.675781
4 0.851562 0.640625 0.851562 0.648438 0.859375 0.648438 0.859375 0.640625
4 0.207031 0.628906 0.207031 0.632812 0.203125 0.636719 0.203125 0.640625 0.199219 0.644531 0.199219 0.652344 0.203125 0.656250 0.222656 0.656250 0.226562 0.660156 0.234375 0.660156 0.238281 0.664062 0.238281 0.675781 0.246094 0.675781 0.250000 0.679688 0.269531 0.679688 0.273438 0.683594 0.273438 0.695312 0.277344 0.699219 0.277344 0.707031 0.281250 0.707031 0.285156 0.710938 0.285156 0.722656 0.300781 0.722656 0.304688 0.726562 0.316406 0.726562 0.320312 0.730469 0.320312 0.742188 0.328125 0.742188 0.328125 0.726562 0.316406 0.726562 0.312500 0.722656 0.312500 0.718750 0.308594 0.718750 0.304688 0.714844 0.304688 0.703125 0.300781 0.703125 0.292969 0.695312 0.292969 0.664062 0.296875 0.660156 0.304688 0.660156 0.304688 0.648438 0.285156 0.648438 0.281250 0.652344 0.250000 0.652344 0.242188 0.644531 0.230469 0.644531 0.214844 0.628906
4 0.398438 0.605469 0.394531 0.609375 0.390625 0.609375 0.386719 0.613281 0.382812 0.613281 0.382812 0.621094 0.378906 0.625000 0.378906 0.632812 0.386719 0.640625 0.386719 0.644531 0.410156 0.644531 0.414062 0.648438 0.414062 0.652344 0.421875 0.652344 0.425781 0.656250 0.429688 0.656250 0.437500 0.664062 0.445312 0.664062 0.445312 0.660156 0.449219 0.656250 0.464844 0.656250 0.468750 0.660156 0.468750 0.679688 0.476562 0.679688 0.480469 0.683594 0.480469 0.687500 0.488281 0.687500 0.496094 0.695312 0.496094 0.714844 0.492188 0.718750 0.488281 0.718750 0.488281 0.722656 0.484375 0.726562 0.480469 0.726562 0.480469 0.738281 0.488281 0.746094 0.488281 0.769531 0.484375 0.773438 0.480469 0.773438 0.476562 0.777344 0.472656 0.777344 0.472656 0.781250 0.468750 0.785156 0.464844 0.785156 0.464844 0.796875 0.457031 0.804688 0.453125 0.804688 0.449219 0.808594 0.445312 0.808594 0.445312 0.824219 0.464844 0.824219 0.468750 0.828125 0.468750 0.847656 0.492188 0.847656 0.496094 0.851562 0.496094 0.859375 0.500000 0.863281 0.507812 0.863281 0.511719 0.859375 0.515625 0.859375 0.519531 0.855469 0.535156 0.855469 0.539062 0.859375 0.558594 0.859375 0.562500 0.863281 0.562500 0.867188 0.578125 0.867188 0.578125 0.851562 0.570312 0.851562 0.570312 0.855469 0.566406 0.859375 0.550781 0.859375 0.546875 0.855469 0.546875 0.832031 0.554688 0.824219 0.554688 0.820312 0.558594 0.816406 0.558594 0.804688 0.562500 0.800781 0.566406 0.800781 0.566406 0.789062 0.570312 0.785156 0.570312 0.777344 0.554688 0.777344 0.550781 0.773438 0.550781 0.765625 0.546875 0.761719 0.546875 0.757812 0.542969 0.757812 0.535156 0.750000 0.535156 0.746094 0.527344 0.738281 0.527344 0.730469 0.523438 0.726562 0.523438 0.710938 0.531250 0.703125 0.546875 0.703125 0.550781 0.707031 0.550781 0.710938 0.562500 0.710938 0.570312 0.703125 0.570312 0.699219 0.574219 0.695312 0.574219 0.675781 0.562500 0.675781 0.558594 0.671875 0.550781 0.671875 0.542969 0.664062 0.523438 0.664062 0.519531 0.660156 0.507812 0.660156 0.503906 0.656250 0.503906 0.652344 0.476562 0.652344 0.472656 0.648438 0.457031 0.648438 0.453125 0.644531 0.453125 0.636719 0.445312 0.628906 0.425781 0.628906 0.421875 0.625000 0.421875 0.621094 0.417969 0.617188 0.417969 0.613281 0.414062 0.609375 0.410156 0.609375 0.406250 0.605469
4 0.453125 0.601562 0.453125 0.609375 0.460938 0.609375 0.460938 0.601562
4 0.675781 0.562500 0.675781 0.566406 0.664062 0.578125 0.664062 0.585938 0.675781 0.585938 0.683594 0.578125 0.683594 0.562500
4 0.468750 0.562500 0.468750 0.570312 0.480469 0.570312 0.480469 0.562500
4 0.750000 0.449219 0.750000 0.457031 0.753906 0.460938 0.753906 0.468750 0.757812 0.468750 0.765625 0.476562 0.765625 0.480469 0.781250 0.496094 0.781250 0.503906 0.785156 0.503906 0.792969 0.511719 0.792969 0.562500 0.804688 0.562500 0.808594 0.558594 0.808594 0.542969 0.812500 0.539062 0.816406 0.539062 0.816406 0.515625 0.812500 0.511719 0.812500 0.507812 0.808594 0.507812 0.804688 0.503906 0.804688 0.500000 0.785156 0.480469 0.785156 0.472656 0.777344 0.464844 0.773438 0.464844 0.757812 0.449219
4 0.734375 0.437500 0.734375 0.445312 0.742188 0.445312 0.742188 0.437500
4 0.195312 0.390625 0.191406 0.394531 0.191406 0.410156 0.195312 0.410156 0.199219 0.414062 0.199219 0.417969 0.207031 0.425781 0.222656 0.425781 0.226562 0.429688 0.226562 0.445312 0.222656 0.449219 0.222656 0.464844 0.214844 0.472656 0.214844 0.488281 0.222656 0.496094 0.253906 0.496094 0.257812 0.492188 0.257812 0.484375 0.261719 0.480469 0.265625 0.480469 0.265625 0.468750 0.269531 0.464844 0.269531 0.417969 0.265625 0.414062 0.265625 0.410156 0.253906 0.410156 0.250000 0.414062 0.234375 0.414062 0.230469 0.410156 0.230469 0.402344 0.222656 0.394531 0.218750 0.394531 0.214844 0.390625
4 0.511719 0.375000 0.511719 0.386719 0.507812 0.390625 0.500000 0.390625 0.500000 0.402344 0.496094 0.406250 0.496094 0.421875 0.492188 0.425781 0.476562 0.425781 0.476562 0.445312 0.472656 0.449219 0.472656 0.460938 0.480469 0.460938 0.484375 0.464844 0.496094 0.464844 0.500000 0.460938 0.507812 0.460938 0.507812 0.453125 0.515625 0.445312 0.519531 0.445312 0.519531 0.437500 0.511719 0.429688 0.511719 0.398438 0.515625 0.394531 0.531250 0.394531 0.539062 0.402344 0.539062 0.414062 0.550781 0.414062 0.550781 0.390625 0.535156 0.390625 0.531250 0.386719 0.531250 0.375000
4 0.496094 0.355469 0.496094 0.367188 0.507812 0.367188 0.507812 0.355469
4 0.109375 0.292969 0.105469 0.296875 0.105469 0.304688 0.113281 0.304688 0.117188 0.308594 0.144531 0.308594 0.152344 0.316406 0.164062 0.316406 0.164062 0.304688 0.160156 0.300781 0.152344 0.300781 0.148438 0.296875 0.148438 0.292969
4 0.207031 0.246094 0.207031 0.257812 0.203125 0.261719 0.199219 0.261719 0.195312 0.265625 0.195312 0.277344 0.203125 0.285156 0.203125 0.316406 0.199219 0.320312 0.199219 0.324219 0.195312 0.328125 0.187500 0.328125 0.187500 0.335938 0.183594 0.339844 0.183594 0.355469 0.191406 0.355469 0.195312 0.351562 0.203125 0.351562 0.203125 0.347656 0.207031 0.343750 0.214844 0.343750 0.218750 0.339844 0.218750 0.335938 0.222656 0.332031 0.222656 0.328125 0.230469 0.320312 0.265625 0.320312 0.269531 0.324219 0.269531 0.328125 0.273438 0.328125 0.281250 0.335938 0.281250 0.343750 0.285156 0.347656 0.285156 0.351562 0.289062 0.355469 0.289062 0.359375 0.296875 0.359375 0.300781 0.363281 0.304688 0.363281 0.312500 0.371094 0.316406 0.371094 0.320312 0.375000 0.320312 0.378906 0.324219 0.378906 0.328125 0.382812 0.328125 0.386719 0.332031 0.386719 0.335938 0.390625 0.335938 0.398438 0.343750 0.398438 0.351562 0.406250 0.351562 0.421875 0.343750 0.429688 0.335938 0.429688 0.335938 0.437500 0.332031 0.441406 0.312500 0.441406 0.308594 0.445312 0.308594 0.457031 0.316406 0.457031 0.324219 0.464844 0.324219 0.476562 0.328125 0.476562 0.332031 0.480469 0.332031 0.496094 0.335938 0.496094 0.339844 0.500000 0.343750 0.500000 0.347656 0.503906 0.347656 0.507812 0.351562 0.511719 0.351562 0.527344 0.355469 0.527344 0.359375 0.531250 0.367188 0.531250 0.367188 0.527344 0.371094 0.523438 0.378906 0.523438 0.378906 0.511719 0.382812 0.507812 0.394531 0.507812 0.398438 0.503906 0.417969 0.503906 0.421875 0.507812 0.425781 0.507812 0.429688 0.511719 0.429688 0.527344 0.421875 0.535156 0.421875 0.542969 0.417969 0.546875 0.398438 0.546875 0.398438 0.558594 0.394531 0.562500 0.390625 0.562500 0.390625 0.570312 0.398438 0.578125 0.414062 0.578125 0.417969 0.574219 0.421875 0.574219 0.421875 0.570312 0.429688 0.562500 0.433594 0.562500 0.433594 0.550781 0.437500 0.546875 0.437500 0.542969 0.441406 0.539062 0.445312 0.539062 0.445312 0.523438 0.449219 0.519531 0.468750 0.519531 0.472656 0.523438 0.472656 0.527344 0.476562 0.527344 0.480469 0.531250 0.484375 0.531250 0.488281 0.535156 0.488281 0.558594 0.500000 0.558594 0.500000 0.550781 0.503906 0.546875 0.531250 0.546875 0.535156 0.550781 0.535156 0.617188 0.531250 0.621094 0.531250 0.632812 0.550781 0.632812 0.554688 0.628906 0.582031 0.628906 0.589844 0.636719 0.597656 0.636719 0.597656 0.625000 0.601562 0.621094 0.617188 0.621094 0.621094 0.625000 0.628906 0.625000 0.632812 0.628906 0.632812 0.632812 0.640625 0.640625 0.640625 0.644531 0.648438 0.644531 0.648438 0.625000 0.652344 0.621094 0.660156 0.621094 0.660156 0.597656 0.644531 0.597656 0.644531 0.601562 0.640625 0.605469 0.628906 0.605469 0.625000 0.609375 0.609375 0.609375 0.609375 0.613281 0.605469 0.617188 0.585938 0.617188 0.578125 0.609375 0.578125 0.605469 0.574219 0.605469 0.570312 0.601562 0.570312 0.597656 0.554688 0.582031 0.554688 0.578125 0.550781 0.578125 0.546875 0.574219 0.546875 0.554688 0.550781 0.550781 0.558594 0.550781 0.558594 0.539062 0.539062 0.539062 0.535156 0.535156 0.535156 0.523438 0.531250 0.519531 0.527344 0.519531 0.523438 0.515625 0.515625 0.515625 0.511719 0.511719 0.511719 0.503906 0.507812 0.500000 0.468750 0.500000 0.464844 0.496094 0.460938 0.496094 0.457031 0.492188 0.453125 0.492188 0.445312 0.484375 0.445312 0.480469 0.441406 0.476562 0.437500 0.476562 0.417969 0.457031 0.417969 0.453125 0.410156 0.445312 0.406250 0.445312 0.398438 0.437500 0.398438 0.414062 0.402344 0.410156 0.402344 0.394531 0.394531 0.394531 0.390625 0.398438 0.390625 0.406250 0.386719 0.410156 0.371094 0.410156 0.367188 0.406250 0.367188 0.402344 0.359375 0.394531 0.359375 0.386719 0.351562 0.386719 0.343750 0.378906 0.343750 0.343750 0.335938 0.343750 0.332031 0.347656 0.312500 0.347656 0.308594 0.343750 0.308594 0.339844 0.304688 0.339844 0.300781 0.335938 0.300781 0.324219 0.296875 0.320312 0.296875 0.308594 0.285156 0.308594 0.281250 0.304688 0.277344 0.304688 0.273438 0.300781 0.273438 0.296875 0.261719 0.296875 0.257812 0.292969 0.238281 0.292969 0.230469 0.285156 0.230469 0.265625 0.226562 0.265625 0.222656 0.261719 0.222656 0.250000 0.218750 0.250000 0.214844 0.246094
4 0.089844 0.152344 0.089844 0.164062 0.082031 0.171875 0.082031 0.179688 0.089844 0.179688 0.097656 0.171875 0.121094 0.171875 0.125000 0.175781 0.128906 0.175781 0.136719 0.183594 0.140625 0.183594 0.144531 0.187500 0.144531 0.191406 0.148438 0.195312 0.152344 0.195312 0.156250 0.199219 0.156250 0.203125 0.164062 0.210938 0.171875 0.210938 0.171875 0.203125 0.167969 0.199219 0.167969 0.195312 0.156250 0.183594 0.148438 0.183594 0.144531 0.179688 0.144531 0.175781 0.125000 0.156250 0.109375 0.156250 0.105469 0.152344
4 0.167969 0.136719 0.164062 0.140625 0.164062 0.160156 0.191406 0.160156 0.195312 0.164062 0.195312 0.167969 0.214844 0.167969 0.218750 0.171875 0.226562 0.171875 0.226562 0.152344 0.218750 0.144531 0.183594 0.144531 0.175781 0.136719
