4 0.324219 0.738281 0.324219 0.757812 0.328125 0.761719 0.332031 0.761719 0.335938 0.765625 0.335938 0.781250 0.332031 0.785156 0.324219 0.785156 0.324219 0.800781 0.332031 0.800781 0.335938 0.796875 0.335938 0.777344 0.339844 0.773438 0.343750 0.773438 0.343750 0.765625 0.339844 0.765625 0.335938 0.761719 0.335938 0.742188 0.332031 0.738281
4 0.359375 0.644531 0.355469 0.648438 0.351562 0.648438 0.351562 0.660156 0.359375 0.667969 0.359375 0.683594 0.355469 0.687500 0.351562 0.687500 0.351562 0.691406 0.347656 0.695312 0.347656 0.699219 0.343750 0.703125 0.343750 0.710938 0.351562 0.710938 0.355469 0.714844 0.355469 0.718750 0.359375 0.722656 0.359375 0.742188 0.363281 0.746094 0.371094 0.746094 0.375000 0.742188 0.402344 0.742188 0.402344 0.738281 0.406250 0.734375 0.406250 0.726562 0.402344 0.726562 0.398438 0.722656 0.398438 0.714844 0.390625 0.707031 0.386719 0.707031 0.382812 0.703125 0.382812 0.691406 0.375000 0.691406 0.371094 0.687500 0.371094 0.667969 0.375000 0.664062 0.378906 0.664062 0.382812 0.660156 0.386719 0.660156 0.386719 0.652344 0.378906 0.652344 0.375000 0.648438 0.375000 0.644531
4 0.371094 0.539062 0.371094 0.550781 0.382812 0.550781 0.386719 0.554688 0.386719 0.574219 0.382812 0.578125 0.367188 0.578125 0.363281 0.574219 0.363281 0.558594 0.347656 0.558594 0.343750 0.562500 0.339844 0.562500 0.339844 0.566406 0.335938 0.570312 0.335938 0.578125 0.343750 0.578125 0.347656 0.582031 0.347656 0.609375 0.359375 0.609375 0.359375 0.605469 0.363281 0.601562 0.382812 0.601562 0.386719 0.597656 0.390625 0.597656 0.390625 0.589844 0.394531 0.585938 0.394531 0.578125 0.398438 0.574219 0.414062 0.574219 0.414062 0.562500 0.390625 0.562500 0.386719 0.558594 0.386719 0.539062
4 0.433594 0.468750 0.429688 0.472656 0.429688 0.476562 0.425781 0.480469 0.414062 0.480469 0.410156 0.484375 0.410156 0.488281 0.406250 0.492188 0.406250 0.515625 0.414062 0.515625 0.414062 0.496094 0.417969 0.492188 0.457031 0.492188 0.457031 0.484375 0.445312 0.484375 0.441406 0.480469 0.441406 0.468750
4 0.453125 0.425781 0.453125 0.437500 0.457031 0.441406 0.457031 0.449219 0.464844 0.449219 0.464844 0.425781
4 0.375000 0.359375 0.371094 0.363281 0.355469 0.363281 0.355469 0.367188 0.351562 0.371094 0.347656 0.371094 0.347656 0.390625 0.351562 0.390625 0.359375 0.398438 0.363281 0.398438 0.367188 0.402344 0.371094 0.402344 0.375000 0.406250 0.375000 0.437500 0.386719 0.437500 0.390625 0.433594 0.394531 0.433594 0.394531 0.425781 0.390625 0.425781 0.386719 0.421875 0.382812 0.421875 0.378906 0.417969 0.378906 0.386719 0.382812 0.382812 0.394531 0.382812 0.398438 0.378906 0.398438 0.363281 0.386719 0.363281 0.382812 0.359375
4 0.664062 0.355469 0.664062 0.363281 0.660156 0.367188 0.660156 0.378906 0.667969 0.378906 0.671875 0.375000 0.671875 0.355469
4 0.683594 0.332031 0.683594 0.343750 0.707031 0.343750 0.710938 0.347656 0.710938 0.355469 0.718750 0.355469 0.718750 0.343750 0.699219 0.343750 0.695312 0.339844 0.695312 0.332031
4 0.433594 0.328125 0.433594 0.335938 0.429688 0.339844 0.425781 0.339844 0.425781 0.347656 0.429688 0.347656 0.433594 0.351562 0.433594 0.355469 0.441406 0.355469 0.445312 0.351562 0.457031 0.351562 0.460938 0.347656 0.460938 0.335938 0.453125 0.335938 0.449219 0.332031 0.449219 0.328125
4 0.300781 0.324219 0.300781 0.332031 0.308594 0.332031 0.308594 0.324219
4 0.351562 0.316406 0.351562 0.324219 0.359375 0.324219 0.359375 0.316406
4 0.476562 0.218750 0.472656 0.222656 0.472656 0.230469 0.484375 0.230469 0.484375 0.218750
4 0.679688 0.203125 0.679688 0.207031 0.667969 0.218750 0.652344 0.218750 0.648438 0.214844 0.636719 0.214844 0.636719 0.222656 0.632812 0.226562 0.632812 0.238281 0.636719 0.242188 0.644531 0.242188 0.644531 0.238281 0.648438 0.234375 0.656250 0.234375 0.660156 0.230469 0.675781 0.230469 0.683594 0.238281 0.695312 0.238281 0.695312 0.226562 0.687500 0.218750 0.687500 0.203125
4 0.476562 0.179688 0.476562 0.187500 0.480469 0.187500 0.484375 0.191406 0.484375 0.195312 0.500000 0.195312 0.503906 0.199219 0.503906 0.203125 0.515625 0.203125 0.519531 0.199219 0.531250 0.199219 0.531250 0.191406 0.523438 0.191406 0.519531 0.187500 0.519531 0.183594 0.507812 0.183594 0.503906 0.187500 0.488281 0.187500 0.484375 0.183594 0.484375 0.179688
4 0.507812 0.105469 0.507812 0.109375 0.500000 0.117188 0.488281 0.117188 0.488281 0.144531 0.492188 0.144531 0.496094 0.148438 0.500000 0.148438 0.507812 0.156250 0.515625 0.156250 0.515625 0.148438 0.519531 0.144531 0.519531 0.128906 0.515625 0.125000 0.515625 0.105469
4 0.402344 0.093750 0.402344 0.136719 0.406250 0.136719 0.410156 0.140625 0.410156 0.152344 0.414062 0.156250 0.425781 0.156250 0.425781 0.148438 0.429688 0.144531 0.445312 0.144531 0.449219 0.140625 0.449219 0.136719 0.453125 0.132812 0.453125 0.113281 0.433594 0.113281 0.425781 0.105469 0.421875 0.105469 0.414062 0.097656 0.414062 0.093750
4 0.410156 0.058594 0.410156 0.062500 0.406250 0.066406 0.386719 0.066406 0.382812 0.070312 0.382812 0.078125 0.378906 0.082031 0.378906 0.089844 0.394531 0.089844 0.394531 0.070312 0.398438 0.066406 0.417969 0.066406 0.417969 0.058594
