4 0.238281 0.902344 0.238281 0.906250 0.234375 0.910156 0.234375 0.914062 0.230469 0.917969 0.230469 0.929688 0.226562 0.933594 0.218750 0.933594 0.214844 0.937500 0.210938 0.937500 0.210938 0.949219 0.214844 0.949219 0.218750 0.953125 0.218750 0.984375 0.214844 0.988281 0.207031 0.988281 0.207031 0.996094 0.234375 0.996094 0.234375 0.980469 0.238281 0.976562 0.238281 0.960938 0.242188 0.957031 0.242188 0.953125 0.246094 0.949219 0.250000 0.949219 0.253906 0.945312 0.253906 0.941406 0.257812 0.937500 0.257812 0.902344
4 0.214844 0.792969 0.214844 0.800781 0.210938 0.804688 0.207031 0.804688 0.183594 0.828125 0.183594 0.835938 0.179688 0.839844 0.179688 0.843750 0.175781 0.847656 0.175781 0.867188 0.171875 0.871094 0.167969 0.871094 0.167969 0.882812 0.183594 0.882812 0.183594 0.878906 0.187500 0.875000 0.191406 0.875000 0.195312 0.871094 0.203125 0.871094 0.203125 0.863281 0.199219 0.859375 0.199219 0.835938 0.203125 0.832031 0.210938 0.832031 0.214844 0.828125 0.214844 0.816406 0.218750 0.812500 0.230469 0.812500 0.230469 0.804688 0.226562 0.804688 0.222656 0.800781 0.222656 0.792969
4 0.660156 0.785156 0.652344 0.792969 0.648438 0.792969 0.644531 0.796875 0.632812 0.796875 0.625000 0.804688 0.609375 0.804688 0.609375 0.820312 0.625000 0.820312 0.628906 0.824219 0.636719 0.824219 0.640625 0.828125 0.644531 0.828125 0.648438 0.832031 0.648438 0.835938 0.656250 0.835938 0.660156 0.839844 0.664062 0.839844 0.667969 0.843750 0.667969 0.847656 0.671875 0.847656 0.675781 0.851562 0.683594 0.851562 0.687500 0.847656 0.691406 0.847656 0.691406 0.839844 0.683594 0.839844 0.679688 0.835938 0.679688 0.800781 0.683594 0.796875 0.691406 0.796875 0.691406 0.789062 0.683594 0.789062 0.679688 0.785156
4 0.281250 0.730469 0.281250 0.738281 0.277344 0.742188 0.277344 0.753906 0.273438 0.757812 0.273438 0.765625 0.269531 0.769531 0.269531 0.796875 0.273438 0.796875 0.277344 0.800781 0.277344 0.820312 0.285156 0.820312 0.285156 0.816406 0.289062 0.812500 0.292969 0.812500 0.292969 0.804688 0.296875 0.800781 0.296875 0.777344 0.292969 0.773438 0.292969 0.769531 0.289062 0.765625 0.289062 0.730469
4 0.898438 0.726562 0.894531 0.730469 0.894531 0.761719 0.890625 0.765625 0.890625 0.773438 0.894531 0.777344 0.902344 0.777344 0.902344 0.738281 0.906250 0.734375 0.906250 0.726562
4 0.691406 0.718750 0.683594 0.726562 0.675781 0.726562 0.675781 0.730469 0.671875 0.734375 0.671875 0.742188 0.695312 0.742188 0.699219 0.746094 0.710938 0.746094 0.710938 0.742188 0.714844 0.738281 0.714844 0.726562 0.707031 0.726562 0.699219 0.718750
4 0.921875 0.652344 0.914062 0.660156 0.914062 0.671875 0.917969 0.675781 0.917969 0.683594 0.925781 0.683594 0.925781 0.671875 0.929688 0.667969 0.929688 0.652344
4 0.859375 0.621094 0.859375 0.640625 0.855469 0.644531 0.847656 0.644531 0.843750 0.648438 0.843750 0.656250 0.839844 0.660156 0.832031 0.660156 0.832031 0.691406 0.828125 0.695312 0.820312 0.695312 0.816406 0.699219 0.812500 0.699219 0.812500 0.703125 0.804688 0.710938 0.785156 0.710938 0.785156 0.718750 0.789062 0.722656 0.789062 0.726562 0.800781 0.726562 0.804688 0.730469 0.804688 0.746094 0.808594 0.750000 0.812500 0.750000 0.816406 0.753906 0.816406 0.785156 0.820312 0.789062 0.824219 0.789062 0.828125 0.792969 0.835938 0.792969 0.839844 0.789062 0.839844 0.781250 0.828125 0.769531 0.820312 0.769531 0.816406 0.765625 0.816406 0.738281 0.812500 0.734375 0.812500 0.718750 0.820312 0.710938 0.820312 0.707031 0.824219 0.703125 0.832031 0.703125 0.835938 0.699219 0.843750 0.699219 0.847656 0.695312 0.847656 0.679688 0.851562 0.675781 0.875000 0.675781 0.875000 0.671875 0.882812 0.664062 0.890625 0.664062 0.890625 0.656250 0.882812 0.656250 0.878906 0.652344 0.867188 0.652344 0.863281 0.648438 0.863281 0.632812 0.867188 0.628906 0.867188 0.621094
4 0.726562 0.585938 0.726562 0.597656 0.718750 0.605469 0.710938 0.605469 0.710938 0.613281 0.707031 0.617188 0.703125 0.617188 0.699219 0.621094 0.695312 0.621094 0.695312 0.628906 0.691406 0.632812 0.691406 0.648438 0.699219 0.648438 0.703125 0.652344 0.726562 0.652344 0.730469 0.648438 0.734375 0.648438 0.734375 0.628906 0.738281 0.625000 0.738281 0.617188 0.742188 0.613281 0.742188 0.585938
4 0.441406 0.578125 0.441406 0.597656 0.449219 0.597656 0.449219 0.578125
4 0.914062 0.566406 0.914062 0.574219 0.917969 0.574219 0.921875 0.578125 0.921875 0.585938 0.925781 0.589844 0.925781 0.621094 0.933594 0.621094 0.937500 0.617188 0.937500 0.585938 0.933594 0.582031 0.933594 0.570312 0.929688 0.566406
4 0.167969 0.511719 0.167969 0.527344 0.171875 0.527344 0.175781 0.531250 0.175781 0.554688 0.179688 0.558594 0.179688 0.562500 0.187500 0.562500 0.187500 0.558594 0.195312 0.550781 0.199219 0.550781 0.199219 0.542969 0.195312 0.542969 0.191406 0.539062 0.191406 0.515625 0.187500 0.511719
4 0.386719 0.476562 0.386719 0.484375 0.382812 0.488281 0.355469 0.488281 0.351562 0.492188 0.351562 0.496094 0.347656 0.500000 0.328125 0.500000 0.328125 0.503906 0.324219 0.507812 0.324219 0.535156 0.332031 0.535156 0.335938 0.539062 0.335938 0.554688 0.332031 0.558594 0.332031 0.585938 0.328125 0.589844 0.328125 0.593750 0.320312 0.601562 0.320312 0.609375 0.308594 0.621094 0.308594 0.640625 0.304688 0.644531 0.289062 0.644531 0.289062 0.652344 0.292969 0.652344 0.296875 0.656250 0.296875 0.683594 0.292969 0.687500 0.292969 0.707031 0.308594 0.707031 0.308594 0.703125 0.316406 0.695312 0.316406 0.671875 0.320312 0.667969 0.332031 0.667969 0.335938 0.664062 0.335938 0.656250 0.324219 0.656250 0.320312 0.652344 0.320312 0.636719 0.324219 0.632812 0.339844 0.632812 0.343750 0.636719 0.343750 0.640625 0.367188 0.640625 0.371094 0.644531 0.371094 0.664062 0.375000 0.664062 0.378906 0.667969 0.390625 0.667969 0.394531 0.671875 0.410156 0.671875 0.414062 0.675781 0.414062 0.699219 0.406250 0.707031 0.406250 0.714844 0.417969 0.714844 0.421875 0.710938 0.464844 0.710938 0.468750 0.714844 0.468750 0.738281 0.464844 0.742188 0.460938 0.742188 0.457031 0.746094 0.457031 0.769531 0.460938 0.773438 0.472656 0.773438 0.476562 0.777344 0.484375 0.777344 0.484375 0.773438 0.488281 0.769531 0.500000 0.769531 0.500000 0.761719 0.488281 0.761719 0.484375 0.757812 0.484375 0.742188 0.488281 0.738281 0.488281 0.691406 0.492188 0.687500 0.496094 0.687500 0.500000 0.683594 0.503906 0.683594 0.503906 0.656250 0.507812 0.652344 0.546875 0.652344 0.550781 0.656250 0.550781 0.671875 0.566406 0.671875 0.570312 0.675781 0.570312 0.683594 0.605469 0.683594 0.609375 0.679688 0.613281 0.679688 0.613281 0.671875 0.621094 0.664062 0.636719 0.664062 0.640625 0.667969 0.648438 0.667969 0.648438 0.664062 0.652344 0.660156 0.656250 0.660156 0.660156 0.656250 0.664062 0.656250 0.664062 0.640625 0.652344 0.640625 0.648438 0.644531 0.648438 0.648438 0.644531 0.652344 0.625000 0.652344 0.621094 0.648438 0.609375 0.648438 0.605469 0.644531 0.605469 0.625000 0.597656 0.625000 0.593750 0.621094 0.593750 0.605469 0.585938 0.605469 0.585938 0.609375 0.582031 0.613281 0.542969 0.613281 0.539062 0.609375 0.539062 0.597656 0.531250 0.597656 0.531250 0.605469 0.535156 0.605469 0.539062 0.609375 0.539062 0.625000 0.535156 0.628906 0.527344 0.628906 0.527344 0.632812 0.523438 0.636719 0.515625 0.636719 0.515625 0.644531 0.511719 0.648438 0.496094 0.648438 0.492188 0.644531 0.492188 0.628906 0.496094 0.625000 0.496094 0.609375 0.492188 0.605469 0.492188 0.601562 0.484375 0.601562 0.476562 0.609375 0.457031 0.609375 0.457031 0.621094 0.453125 0.625000 0.425781 0.625000 0.425781 0.648438 0.417969 0.656250 0.394531 0.656250 0.390625 0.652344 0.390625 0.644531 0.382812 0.644531 0.378906 0.640625 0.359375 0.640625 0.355469 0.636719 0.355469 0.609375 0.359375 0.605469 0.367188 0.605469 0.375000 0.597656 0.375000 0.585938 0.378906 0.582031 0.386719 0.582031 0.386719 0.570312 0.382812 0.566406 0.382812 0.550781 0.375000 0.542969 0.375000 0.523438 0.382812 0.515625 0.382812 0.488281 0.386719 0.484375 0.394531 0.484375 0.394531 0.476562
4 0.707031 0.457031 0.707031 0.464844 0.703125 0.468750 0.679688 0.468750 0.675781 0.464844 0.664062 0.464844 0.664062 0.472656 0.667969 0.476562 0.667969 0.500000 0.679688 0.500000 0.679688 0.488281 0.683594 0.484375 0.687500 0.484375 0.687500 0.472656 0.691406 0.468750 0.707031 0.468750 0.710938 0.472656 0.710938 0.476562 0.722656 0.476562 0.722656 0.457031
4 0.816406 0.453125 0.816406 0.472656 0.820312 0.476562 0.820312 0.480469 0.824219 0.484375 0.824219 0.488281 0.832031 0.496094 0.835938 0.496094 0.843750 0.503906 0.847656 0.503906 0.851562 0.507812 0.851562 0.515625 0.855469 0.515625 0.859375 0.519531 0.859375 0.523438 0.863281 0.523438 0.867188 0.527344 0.875000 0.527344 0.878906 0.523438 0.878906 0.515625 0.890625 0.503906 0.890625 0.496094 0.894531 0.492188 0.894531 0.484375 0.890625 0.480469 0.882812 0.480469 0.878906 0.484375 0.855469 0.484375 0.851562 0.480469 0.851562 0.460938 0.832031 0.460938 0.828125 0.457031 0.828125 0.453125
4 0.847656 0.335938 0.847656 0.355469 0.839844 0.363281 0.839844 0.367188 0.835938 0.371094 0.828125 0.371094 0.828125 0.382812 0.832031 0.386719 0.832031 0.406250 0.851562 0.406250 0.855469 0.410156 0.890625 0.410156 0.902344 0.421875 0.902344 0.425781 0.906250 0.429688 0.917969 0.429688 0.917969 0.417969 0.914062 0.414062 0.914062 0.410156 0.906250 0.410156 0.902344 0.406250 0.890625 0.406250 0.886719 0.402344 0.886719 0.394531 0.882812 0.390625 0.882812 0.367188 0.886719 0.363281 0.890625 0.363281 0.894531 0.359375 0.894531 0.351562 0.867188 0.351562 0.863281 0.347656 0.863281 0.343750 0.855469 0.335938
4 0.378906 0.281250 0.378906 0.285156 0.375000 0.289062 0.375000 0.308594 0.367188 0.316406 0.367188 0.320312 0.359375 0.328125 0.339844 0.328125 0.339844 0.339844 0.343750 0.339844 0.347656 0.343750 0.347656 0.363281 0.351562 0.363281 0.355469 0.367188 0.355469 0.386719 0.363281 0.386719 0.371094 0.378906 0.371094 0.375000 0.378906 0.367188 0.378906 0.359375 0.382812 0.355469 0.382812 0.351562 0.386719 0.347656 0.386719 0.339844 0.390625 0.335938 0.390625 0.332031 0.398438 0.324219 0.398438 0.312500 0.402344 0.308594 0.402344 0.304688 0.406250 0.300781 0.406250 0.296875 0.410156 0.292969 0.410156 0.281250
4 0.898438 0.132812 0.898438 0.144531 0.910156 0.156250 0.910156 0.171875 0.914062 0.175781 0.914062 0.179688 0.917969 0.183594 0.917969 0.191406 0.921875 0.195312 0.921875 0.214844 0.933594 0.214844 0.933594 0.203125 0.937500 0.199219 0.964844 0.199219 0.964844 0.191406 0.941406 0.191406 0.937500 0.187500 0.937500 0.179688 0.933594 0.175781 0.933594 0.156250 0.937500 0.152344 0.941406 0.152344 0.941406 0.144531 0.917969 0.144531 0.914062 0.140625 0.914062 0.136719 0.910156 0.132812
4 0.558594 0.070312 0.554688 0.074219 0.527344 0.074219 0.523438 0.078125 0.515625 0.078125 0.515625 0.093750 0.550781 0.093750 0.550781 0.089844 0.554688 0.085938 0.558594 0.085938 0.558594 0.082031 0.562500 0.078125 0.566406 0.078125 0.566406 0.070312
