4 0.816406 0.750000 0.812500 0.753906 0.800781 0.753906 0.800781 0.761719 0.804688 0.761719 0.808594 0.765625 0.808594 0.769531 0.816406 0.769531 0.820312 0.765625 0.820312 0.761719 0.824219 0.757812 0.824219 0.750000
4 0.863281 0.625000 0.863281 0.632812 0.855469 0.640625 0.847656 0.640625 0.847656 0.644531 0.843750 0.648438 0.843750 0.683594 0.835938 0.691406 0.832031 0.691406 0.832031 0.718750 0.843750 0.718750 0.843750 0.707031 0.847656 0.703125 0.847656 0.695312 0.851562 0.691406 0.851562 0.687500 0.855469 0.683594 0.855469 0.675781 0.859375 0.671875 0.859375 0.667969 0.863281 0.664062 0.863281 0.656250 0.867188 0.652344 0.867188 0.648438 0.871094 0.644531 0.871094 0.636719 0.875000 0.632812 0.875000 0.625000
4 0.468750 0.414062 0.468750 0.429688 0.476562 0.437500 0.476562 0.441406 0.484375 0.441406 0.488281 0.437500 0.500000 0.437500 0.500000 0.425781 0.492188 0.417969 0.484375 0.417969 0.480469 0.414062
4 0.914062 0.406250 0.910156 0.410156 0.910156 0.417969 0.906250 0.421875 0.906250 0.453125 0.902344 0.457031 0.898438 0.457031 0.898438 0.515625 0.894531 0.519531 0.894531 0.539062 0.902344 0.539062 0.902344 0.527344 0.906250 0.523438 0.906250 0.519531 0.910156 0.515625 0.910156 0.484375 0.914062 0.480469 0.914062 0.453125 0.917969 0.449219 0.917969 0.429688 0.921875 0.425781 0.921875 0.406250
4 0.761719 0.386719 0.761719 0.402344 0.757812 0.406250 0.753906 0.406250 0.753906 0.414062 0.750000 0.417969 0.726562 0.417969 0.722656 0.414062 0.722656 0.410156 0.703125 0.410156 0.703125 0.417969 0.707031 0.417969 0.710938 0.421875 0.710938 0.460938 0.714844 0.464844 0.714844 0.472656 0.718750 0.476562 0.718750 0.511719 0.726562 0.511719 0.726562 0.464844 0.730469 0.460938 0.750000 0.460938 0.750000 0.441406 0.753906 0.437500 0.773438 0.437500 0.773438 0.414062 0.777344 0.410156 0.777344 0.394531 0.773438 0.390625 0.773438 0.386719
4 0.445312 0.386719 0.445312 0.398438 0.453125 0.406250 0.464844 0.406250 0.464844 0.394531 0.460938 0.394531 0.453125 0.386719
4 0.132812 0.367188 0.132812 0.378906 0.140625 0.386719 0.140625 0.390625 0.148438 0.398438 0.148438 0.414062 0.152344 0.414062 0.156250 0.417969 0.156250 0.425781 0.160156 0.425781 0.164062 0.429688 0.164062 0.441406 0.171875 0.449219 0.171875 0.453125 0.175781 0.457031 0.175781 0.460938 0.179688 0.464844 0.191406 0.464844 0.191406 0.453125 0.187500 0.449219 0.183594 0.449219 0.179688 0.445312 0.179688 0.441406 0.171875 0.433594 0.167969 0.433594 0.164062 0.429688 0.164062 0.417969 0.160156 0.417969 0.156250 0.414062 0.156250 0.386719 0.160156 0.382812 0.160156 0.371094 0.152344 0.371094 0.148438 0.367188
4 0.523438 0.304688 0.523438 0.320312 0.527344 0.324219 0.527344 0.339844 0.523438 0.343750 0.523438 0.351562 0.527344 0.355469 0.527344 0.371094 0.531250 0.375000 0.531250 0.382812 0.535156 0.386719 0.535156 0.417969 0.539062 0.417969 0.542969 0.421875 0.542969 0.437500 0.546875 0.441406 0.546875 0.468750 0.550781 0.472656 0.550781 0.476562 0.554688 0.476562 0.558594 0.480469 0.558594 0.496094 0.566406 0.496094 0.566406 0.480469 0.562500 0.480469 0.558594 0.476562 0.558594 0.433594 0.554688 0.429688 0.554688 0.417969 0.550781 0.414062 0.550781 0.398438 0.546875 0.394531 0.546875 0.375000 0.542969 0.371094 0.542969 0.359375 0.539062 0.355469 0.539062 0.332031 0.542969 0.328125 0.550781 0.328125 0.550781 0.308594 0.535156 0.308594 0.531250 0.304688
4 0.558594 0.285156 0.558594 0.296875 0.566406 0.296875 0.570312 0.292969 0.570312 0.285156
4 0.453125 0.214844 0.453125 0.246094 0.449219 0.250000 0.449219 0.261719 0.453125 0.261719 0.457031 0.265625 0.460938 0.265625 0.464844 0.269531 0.464844 0.273438 0.472656 0.281250 0.472656 0.285156 0.480469 0.285156 0.484375 0.281250 0.484375 0.273438 0.476562 0.265625 0.476562 0.253906 0.472656 0.250000 0.472656 0.230469 0.468750 0.226562 0.468750 0.214844
4 0.359375 0.214844 0.359375 0.218750 0.355469 0.222656 0.355469 0.234375 0.375000 0.234375 0.375000 0.214844
4 0.589844 0.187500 0.589844 0.191406 0.585938 0.195312 0.585938 0.203125 0.593750 0.210938 0.605469 0.210938 0.605469 0.187500
4 0.910156 0.171875 0.910156 0.179688 0.917969 0.179688 0.917969 0.171875
4 0.578125 0.164062 0.578125 0.171875 0.585938 0.171875 0.585938 0.164062
4 0.558594 0.125000 0.558594 0.136719 0.570312 0.136719 0.570312 0.128906 0.566406 0.125000
4 0.363281 0.066406 0.363281 0.078125 0.359375 0.082031 0.351562 0.082031 0.351562 0.089844 0.355469 0.089844 0.359375 0.093750 0.359375 0.113281 0.355469 0.117188 0.355469 0.125000 0.363281 0.132812 0.363281 0.140625 0.367188 0.140625 0.371094 0.144531 0.371094 0.156250 0.375000 0.156250 0.378906 0.160156 0.378906 0.175781 0.382812 0.179688 0.382812 0.210938 0.394531 0.210938 0.394531 0.187500 0.398438 0.183594 0.414062 0.183594 0.414062 0.156250 0.410156 0.152344 0.410156 0.144531 0.402344 0.136719 0.402344 0.128906 0.398438 0.128906 0.394531 0.125000 0.394531 0.117188 0.390625 0.113281 0.390625 0.093750 0.394531 0.089844 0.394531 0.070312 0.375000 0.070312 0.371094 0.066406
4 0.910156 0.054688 0.910156 0.109375 0.906250 0.113281 0.906250 0.140625 0.914062 0.140625 0.917969 0.136719 0.917969 0.113281 0.921875 0.109375 0.925781 0.109375 0.925781 0.097656 0.921875 0.097656 0.917969 0.093750 0.917969 0.054688
4 0.523438 0.046875 0.523438 0.066406 0.527344 0.066406 0.531250 0.070312 0.531250 0.074219 0.535156 0.078125 0.535156 0.082031 0.539062 0.085938 0.539062 0.089844 0.542969 0.089844 0.546875 0.093750 0.546875 0.101562 0.554688 0.101562 0.554688 0.093750 0.550781 0.093750 0.546875 0.089844 0.546875 0.078125 0.542969 0.074219 0.542969 0.070312 0.539062 0.066406 0.539062 0.062500 0.535156 0.058594 0.535156 0.046875
4 0.500000 0.000000 0.500000 0.011719 0.507812 0.011719 0.507812 0.000000
