4 0.972656 0.781250 0.972656 0.789062 0.980469 0.789062 0.984375 0.792969 0.984375 0.804688 0.996094 0.804688 0.996094 0.789062 0.988281 0.789062 0.984375 0.785156 0.984375 0.781250
4 0.910156 0.687500 0.906250 0.691406 0.894531 0.691406 0.894531 0.703125 0.902344 0.710938 0.902344 0.714844 0.906250 0.714844 0.914062 0.722656 0.914062 0.726562 0.925781 0.738281 0.925781 0.742188 0.929688 0.746094 0.929688 0.753906 0.933594 0.757812 0.933594 0.789062 0.929688 0.792969 0.929688 0.796875 0.925781 0.800781 0.925781 0.812500 0.929688 0.816406 0.933594 0.816406 0.937500 0.820312 0.949219 0.820312 0.949219 0.808594 0.945312 0.804688 0.945312 0.777344 0.953125 0.769531 0.964844 0.769531 0.964844 0.761719 0.960938 0.757812 0.960938 0.746094 0.957031 0.746094 0.953125 0.742188 0.953125 0.722656 0.937500 0.722656 0.933594 0.718750 0.933594 0.703125 0.929688 0.703125 0.925781 0.699219 0.925781 0.695312 0.921875 0.695312 0.917969 0.691406 0.917969 0.687500
4 0.121094 0.636719 0.121094 0.644531 0.125000 0.648438 0.125000 0.656250 0.128906 0.656250 0.136719 0.664062 0.136719 0.667969 0.140625 0.671875 0.164062 0.671875 0.171875 0.664062 0.203125 0.664062 0.207031 0.667969 0.222656 0.667969 0.222656 0.660156 0.199219 0.660156 0.195312 0.656250 0.195312 0.648438 0.164062 0.648438 0.164062 0.652344 0.160156 0.656250 0.144531 0.656250 0.140625 0.652344 0.140625 0.636719
4 0.148438 0.613281 0.144531 0.617188 0.144531 0.628906 0.156250 0.628906 0.156250 0.613281
4 0.695312 0.601562 0.695312 0.617188 0.683594 0.628906 0.679688 0.628906 0.675781 0.632812 0.656250 0.632812 0.656250 0.640625 0.675781 0.640625 0.683594 0.648438 0.683594 0.652344 0.703125 0.652344 0.703125 0.625000 0.707031 0.621094 0.718750 0.621094 0.718750 0.617188 0.722656 0.613281 0.726562 0.613281 0.726562 0.601562
4 0.191406 0.582031 0.191406 0.601562 0.207031 0.601562 0.210938 0.605469 0.210938 0.613281 0.218750 0.613281 0.218750 0.609375 0.222656 0.605469 0.222656 0.597656 0.218750 0.593750 0.203125 0.593750 0.199219 0.589844 0.199219 0.582031
4 0.800781 0.417969 0.800781 0.437500 0.796875 0.441406 0.796875 0.449219 0.800781 0.453125 0.820312 0.453125 0.824219 0.457031 0.824219 0.468750 0.828125 0.472656 0.828125 0.488281 0.820312 0.496094 0.820312 0.507812 0.816406 0.511719 0.796875 0.511719 0.792969 0.515625 0.785156 0.515625 0.781250 0.519531 0.777344 0.519531 0.773438 0.523438 0.773438 0.531250 0.781250 0.531250 0.785156 0.535156 0.800781 0.535156 0.804688 0.539062 0.804688 0.542969 0.816406 0.554688 0.828125 0.554688 0.832031 0.550781 0.835938 0.550781 0.835938 0.523438 0.839844 0.519531 0.839844 0.476562 0.843750 0.472656 0.843750 0.464844 0.839844 0.460938 0.839844 0.453125 0.835938 0.449219 0.835938 0.445312 0.812500 0.445312 0.808594 0.441406 0.808594 0.417969
4 0.203125 0.414062 0.195312 0.421875 0.191406 0.421875 0.191406 0.429688 0.218750 0.429688 0.222656 0.433594 0.222656 0.437500 0.234375 0.437500 0.238281 0.433594 0.242188 0.433594 0.246094 0.429688 0.257812 0.429688 0.257812 0.421875 0.250000 0.421875 0.246094 0.417969 0.222656 0.417969 0.218750 0.414062
4 0.359375 0.406250 0.359375 0.425781 0.355469 0.429688 0.339844 0.429688 0.335938 0.433594 0.320312 0.433594 0.320312 0.441406 0.316406 0.445312 0.296875 0.445312 0.289062 0.437500 0.289062 0.433594 0.265625 0.433594 0.265625 0.449219 0.261719 0.453125 0.261719 0.472656 0.246094 0.488281 0.242188 0.488281 0.226562 0.503906 0.214844 0.503906 0.214844 0.511719 0.210938 0.515625 0.207031 0.515625 0.203125 0.519531 0.191406 0.519531 0.191406 0.535156 0.210938 0.535156 0.218750 0.542969 0.218750 0.558594 0.214844 0.562500 0.214844 0.570312 0.222656 0.570312 0.226562 0.566406 0.230469 0.566406 0.234375 0.562500 0.242188 0.562500 0.242188 0.558594 0.246094 0.554688 0.269531 0.554688 0.273438 0.558594 0.281250 0.558594 0.285156 0.562500 0.285156 0.582031 0.277344 0.589844 0.277344 0.605469 0.285156 0.605469 0.292969 0.597656 0.292969 0.593750 0.296875 0.589844 0.300781 0.589844 0.304688 0.585938 0.304688 0.582031 0.312500 0.574219 0.312500 0.566406 0.296875 0.566406 0.292969 0.562500 0.292969 0.527344 0.289062 0.523438 0.289062 0.507812 0.292969 0.503906 0.296875 0.503906 0.296875 0.488281 0.300781 0.484375 0.320312 0.484375 0.328125 0.492188 0.335938 0.492188 0.339844 0.488281 0.343750 0.488281 0.343750 0.480469 0.339844 0.480469 0.335938 0.476562 0.335938 0.445312 0.339844 0.441406 0.363281 0.441406 0.363281 0.437500 0.367188 0.433594 0.371094 0.433594 0.375000 0.429688 0.382812 0.429688 0.382812 0.421875 0.375000 0.414062 0.375000 0.410156 0.371094 0.406250
4 0.417969 0.394531 0.410156 0.402344 0.410156 0.410156 0.406250 0.414062 0.406250 0.433594 0.402344 0.437500 0.402344 0.453125 0.410156 0.453125 0.417969 0.445312 0.417969 0.441406 0.421875 0.437500 0.429688 0.437500 0.437500 0.429688 0.437500 0.410156 0.441406 0.406250 0.460938 0.406250 0.460938 0.398438 0.457031 0.394531 0.449219 0.394531 0.445312 0.398438 0.429688 0.398438 0.425781 0.394531
4 0.574219 0.378906 0.574219 0.382812 0.570312 0.386719 0.570312 0.394531 0.562500 0.402344 0.535156 0.402344 0.531250 0.398438 0.531250 0.390625 0.519531 0.390625 0.515625 0.394531 0.496094 0.394531 0.496094 0.398438 0.488281 0.406250 0.488281 0.410156 0.484375 0.414062 0.476562 0.414062 0.476562 0.425781 0.484375 0.425781 0.488281 0.429688 0.488281 0.445312 0.492188 0.445312 0.500000 0.453125 0.515625 0.453125 0.519531 0.457031 0.523438 0.457031 0.527344 0.460938 0.535156 0.460938 0.542969 0.468750 0.542969 0.472656 0.550781 0.480469 0.574219 0.480469 0.578125 0.484375 0.578125 0.503906 0.597656 0.523438 0.605469 0.523438 0.605469 0.515625 0.601562 0.511719 0.601562 0.507812 0.597656 0.507812 0.593750 0.503906 0.593750 0.500000 0.585938 0.492188 0.585938 0.472656 0.589844 0.468750 0.593750 0.468750 0.601562 0.460938 0.632812 0.460938 0.636719 0.457031 0.675781 0.457031 0.679688 0.460938 0.699219 0.460938 0.703125 0.464844 0.703125 0.468750 0.714844 0.468750 0.718750 0.472656 0.718750 0.480469 0.730469 0.480469 0.734375 0.484375 0.734375 0.503906 0.730469 0.507812 0.710938 0.507812 0.707031 0.511719 0.707031 0.519531 0.695312 0.531250 0.695312 0.546875 0.703125 0.546875 0.703125 0.539062 0.707031 0.535156 0.742188 0.535156 0.746094 0.539062 0.746094 0.542969 0.753906 0.542969 0.753906 0.535156 0.750000 0.531250 0.750000 0.507812 0.746094 0.503906 0.746094 0.476562 0.742188 0.476562 0.734375 0.468750 0.722656 0.468750 0.718750 0.464844 0.718750 0.449219 0.710938 0.441406 0.703125 0.441406 0.699219 0.437500 0.699219 0.417969 0.675781 0.417969 0.675781 0.421875 0.671875 0.425781 0.656250 0.425781 0.652344 0.429688 0.617188 0.429688 0.613281 0.425781 0.589844 0.425781 0.585938 0.421875 0.585938 0.417969 0.578125 0.410156 0.578125 0.390625 0.582031 0.386719 0.582031 0.378906
4 0.117188 0.371094 0.117188 0.375000 0.113281 0.378906 0.113281 0.394531 0.109375 0.398438 0.105469 0.398438 0.105469 0.414062 0.097656 0.421875 0.097656 0.441406 0.105469 0.441406 0.109375 0.445312 0.109375 0.449219 0.117188 0.449219 0.121094 0.453125 0.121094 0.472656 0.117188 0.476562 0.113281 0.476562 0.113281 0.492188 0.128906 0.492188 0.132812 0.496094 0.132812 0.507812 0.136719 0.511719 0.136719 0.515625 0.144531 0.515625 0.144531 0.480469 0.148438 0.476562 0.148438 0.460938 0.152344 0.457031 0.167969 0.457031 0.167969 0.453125 0.171875 0.449219 0.171875 0.441406 0.148438 0.441406 0.144531 0.437500 0.144531 0.429688 0.140625 0.429688 0.136719 0.425781 0.128906 0.425781 0.125000 0.421875 0.125000 0.414062 0.121094 0.410156 0.121094 0.390625 0.125000 0.386719 0.125000 0.371094
4 0.703125 0.347656 0.699219 0.351562 0.695312 0.351562 0.695312 0.359375 0.699219 0.363281 0.703125 0.363281 0.707031 0.367188 0.707031 0.386719 0.710938 0.386719 0.714844 0.390625 0.714844 0.410156 0.730469 0.410156 0.734375 0.406250 0.734375 0.390625 0.730469 0.386719 0.730469 0.378906 0.722656 0.378906 0.718750 0.375000 0.718750 0.355469 0.714844 0.351562 0.714844 0.347656
4 0.753906 0.281250 0.753906 0.300781 0.757812 0.304688 0.757812 0.308594 0.761719 0.312500 0.761719 0.355469 0.777344 0.355469 0.777344 0.312500 0.773438 0.312500 0.769531 0.308594 0.769531 0.292969 0.765625 0.289062 0.765625 0.281250
4 0.332031 0.257812 0.332031 0.261719 0.328125 0.265625 0.328125 0.269531 0.324219 0.273438 0.308594 0.273438 0.308594 0.300781 0.312500 0.304688 0.312500 0.308594 0.316406 0.312500 0.316406 0.328125 0.328125 0.328125 0.328125 0.312500 0.335938 0.304688 0.335938 0.300781 0.339844 0.296875 0.359375 0.296875 0.363281 0.292969 0.363281 0.285156 0.347656 0.285156 0.343750 0.281250 0.343750 0.261719 0.339844 0.257812
4 0.191406 0.253906 0.191406 0.261719 0.187500 0.265625 0.187500 0.269531 0.183594 0.273438 0.179688 0.273438 0.179688 0.285156 0.175781 0.289062 0.164062 0.289062 0.164062 0.292969 0.144531 0.312500 0.144531 0.320312 0.152344 0.320312 0.156250 0.316406 0.164062 0.316406 0.164062 0.308594 0.167969 0.304688 0.183594 0.304688 0.187500 0.308594 0.187500 0.312500 0.191406 0.312500 0.195312 0.316406 0.195312 0.332031 0.210938 0.332031 0.214844 0.328125 0.226562 0.328125 0.230469 0.324219 0.253906 0.324219 0.253906 0.320312 0.257812 0.316406 0.257812 0.312500 0.261719 0.308594 0.265625 0.308594 0.269531 0.304688 0.273438 0.304688 0.277344 0.300781 0.285156 0.300781 0.285156 0.285156 0.253906 0.285156 0.246094 0.292969 0.238281 0.292969 0.234375 0.296875 0.199219 0.296875 0.195312 0.292969 0.195312 0.269531 0.199219 0.265625 0.203125 0.265625 0.203125 0.253906
4 0.601562 0.238281 0.601562 0.250000 0.609375 0.250000 0.613281 0.246094 0.613281 0.238281
4 0.500000 0.230469 0.496094 0.234375 0.464844 0.234375 0.464844 0.257812 0.476562 0.257812 0.484375 0.265625 0.484375 0.269531 0.492188 0.277344 0.492188 0.285156 0.496094 0.289062 0.496094 0.292969 0.519531 0.292969 0.519531 0.265625 0.523438 0.261719 0.531250 0.261719 0.531250 0.253906 0.527344 0.250000 0.519531 0.250000 0.515625 0.246094 0.515625 0.238281 0.511719 0.238281 0.507812 0.234375 0.507812 0.230469
4 0.730469 0.226562 0.730469 0.257812 0.734375 0.257812 0.738281 0.261719 0.750000 0.261719 0.750000 0.257812 0.753906 0.253906 0.753906 0.242188 0.750000 0.242188 0.746094 0.238281 0.746094 0.234375 0.742188 0.230469 0.742188 0.226562
4 0.425781 0.207031 0.425781 0.214844 0.429688 0.218750 0.441406 0.218750 0.441406 0.207031
4 0.613281 0.128906 0.609375 0.132812 0.593750 0.132812 0.593750 0.160156 0.597656 0.164062 0.597656 0.187500 0.593750 0.191406 0.593750 0.203125 0.597656 0.207031 0.597656 0.210938 0.605469 0.210938 0.605469 0.152344 0.613281 0.144531 0.632812 0.144531 0.636719 0.148438 0.640625 0.148438 0.656250 0.164062 0.664062 0.164062 0.671875 0.171875 0.679688 0.171875 0.683594 0.175781 0.683594 0.183594 0.691406 0.183594 0.691406 0.175781 0.687500 0.171875 0.687500 0.160156 0.683594 0.160156 0.679688 0.156250 0.671875 0.156250 0.656250 0.140625 0.640625 0.140625 0.636719 0.136719 0.628906 0.136719 0.625000 0.132812 0.625000 0.128906
4 0.476562 0.097656 0.476562 0.105469 0.472656 0.109375 0.457031 0.109375 0.453125 0.105469 0.441406 0.105469 0.441406 0.113281 0.437500 0.117188 0.421875 0.117188 0.417969 0.113281 0.417969 0.105469 0.410156 0.105469 0.406250 0.109375 0.406250 0.117188 0.402344 0.121094 0.394531 0.121094 0.390625 0.125000 0.390625 0.128906 0.386719 0.132812 0.378906 0.132812 0.375000 0.136719 0.375000 0.152344 0.371094 0.156250 0.355469 0.156250 0.347656 0.148438 0.339844 0.148438 0.339844 0.152344 0.328125 0.164062 0.328125 0.167969 0.324219 0.171875 0.316406 0.171875 0.316406 0.179688 0.335938 0.179688 0.339844 0.183594 0.339844 0.191406 0.343750 0.195312 0.347656 0.195312 0.351562 0.199219 0.371094 0.199219 0.375000 0.203125 0.375000 0.207031 0.386719 0.207031 0.386719 0.203125 0.390625 0.199219 0.398438 0.199219 0.398438 0.195312 0.402344 0.191406 0.410156 0.191406 0.410156 0.175781 0.402344 0.175781 0.398438 0.171875 0.386719 0.171875 0.382812 0.167969 0.378906 0.167969 0.375000 0.164062 0.375000 0.148438 0.378906 0.144531 0.398438 0.144531 0.402344 0.140625 0.414062 0.140625 0.414062 0.136719 0.421875 0.128906 0.457031 0.128906 0.460938 0.125000 0.464844 0.125000 0.472656 0.117188 0.484375 0.117188 0.488281 0.113281 0.511719 0.113281 0.515625 0.117188 0.515625 0.121094 0.519531 0.125000 0.519531 0.148438 0.515625 0.152344 0.515625 0.156250 0.511719 0.160156 0.500000 0.160156 0.500000 0.171875 0.511719 0.171875 0.515625 0.167969 0.523438 0.167969 0.523438 0.160156 0.531250 0.152344 0.539062 0.152344 0.550781 0.140625 0.550781 0.109375 0.542969 0.109375 0.539062 0.105469 0.539062 0.101562 0.500000 0.101562 0.496094 0.097656
