4 0.949219 0.906250 0.949219 0.925781 0.957031 0.925781 0.957031 0.906250
4 0.441406 0.894531 0.441406 0.906250 0.445312 0.910156 0.445312 0.929688 0.441406 0.933594 0.417969 0.933594 0.417969 0.945312 0.414062 0.949219 0.414062 0.964844 0.421875 0.964844 0.421875 0.957031 0.437500 0.941406 0.464844 0.941406 0.464844 0.933594 0.460938 0.933594 0.457031 0.929688 0.457031 0.917969 0.453125 0.914062 0.453125 0.894531
4 0.507812 0.886719 0.503906 0.890625 0.503906 0.933594 0.500000 0.937500 0.500000 0.945312 0.507812 0.953125 0.507812 0.964844 0.511719 0.968750 0.511719 0.996094 0.527344 0.996094 0.527344 0.968750 0.523438 0.964844 0.523438 0.937500 0.527344 0.933594 0.527344 0.917969 0.523438 0.914062 0.523438 0.906250 0.519531 0.902344 0.519531 0.886719
4 0.707031 0.871094 0.699219 0.878906 0.699219 0.882812 0.695312 0.886719 0.691406 0.886719 0.691406 0.894531 0.687500 0.898438 0.687500 0.933594 0.691406 0.937500 0.703125 0.937500 0.710938 0.929688 0.714844 0.929688 0.714844 0.921875 0.718750 0.917969 0.718750 0.914062 0.722656 0.910156 0.722656 0.898438 0.726562 0.894531 0.738281 0.894531 0.738281 0.890625 0.742188 0.886719 0.742188 0.875000 0.718750 0.875000 0.714844 0.871094
4 0.437500 0.828125 0.437500 0.839844 0.445312 0.839844 0.449219 0.835938 0.449219 0.828125
4 0.941406 0.820312 0.937500 0.824219 0.937500 0.828125 0.933594 0.832031 0.933594 0.835938 0.929688 0.839844 0.929688 0.847656 0.925781 0.851562 0.910156 0.851562 0.910156 0.863281 0.906250 0.867188 0.906250 0.875000 0.902344 0.878906 0.902344 0.882812 0.898438 0.886719 0.882812 0.886719 0.882812 0.890625 0.878906 0.894531 0.875000 0.894531 0.875000 0.902344 0.871094 0.906250 0.859375 0.906250 0.851562 0.914062 0.851562 0.929688 0.847656 0.933594 0.847656 0.941406 0.843750 0.945312 0.839844 0.945312 0.839844 0.957031 0.847656 0.957031 0.851562 0.960938 0.851562 0.976562 0.867188 0.976562 0.871094 0.980469 0.871094 0.984375 0.878906 0.984375 0.878906 0.976562 0.875000 0.972656 0.875000 0.957031 0.878906 0.953125 0.878906 0.929688 0.882812 0.925781 0.898438 0.925781 0.898438 0.917969 0.902344 0.914062 0.921875 0.914062 0.925781 0.910156 0.925781 0.906250 0.929688 0.902344 0.937500 0.902344 0.937500 0.882812 0.941406 0.878906 0.941406 0.863281 0.945312 0.859375 0.964844 0.859375 0.968750 0.855469 0.996094 0.855469 0.996094 0.843750 0.992188 0.843750 0.988281 0.847656 0.960938 0.847656 0.957031 0.843750 0.957031 0.820312
4 0.636719 0.769531 0.636719 0.777344 0.632812 0.781250 0.632812 0.789062 0.656250 0.789062 0.660156 0.792969 0.660156 0.804688 0.667969 0.804688 0.675781 0.796875 0.695312 0.796875 0.695312 0.792969 0.699219 0.789062 0.699219 0.781250 0.660156 0.781250 0.656250 0.777344 0.656250 0.773438 0.652344 0.769531
4 0.140625 0.757812 0.140625 0.765625 0.144531 0.769531 0.144531 0.773438 0.152344 0.781250 0.152344 0.785156 0.160156 0.792969 0.160156 0.800781 0.164062 0.804688 0.164062 0.816406 0.183594 0.816406 0.187500 0.812500 0.191406 0.812500 0.191406 0.804688 0.187500 0.800781 0.187500 0.796875 0.183594 0.792969 0.175781 0.792969 0.171875 0.789062 0.171875 0.777344 0.164062 0.769531 0.160156 0.769531 0.148438 0.757812
4 0.449219 0.746094 0.449219 0.753906 0.445312 0.757812 0.429688 0.757812 0.429688 0.773438 0.441406 0.773438 0.445312 0.769531 0.464844 0.769531 0.476562 0.781250 0.476562 0.808594 0.472656 0.812500 0.453125 0.812500 0.453125 0.820312 0.468750 0.820312 0.472656 0.824219 0.472656 0.832031 0.476562 0.835938 0.476562 0.839844 0.484375 0.839844 0.488281 0.835938 0.496094 0.835938 0.496094 0.824219 0.492188 0.820312 0.492188 0.785156 0.484375 0.777344 0.484375 0.761719 0.472656 0.761719 0.464844 0.753906 0.464844 0.746094
4 0.000000 0.687500 0.000000 0.714844 0.023438 0.714844 0.027344 0.718750 0.027344 0.726562 0.035156 0.734375 0.035156 0.738281 0.039062 0.742188 0.039062 0.750000 0.042969 0.750000 0.046875 0.753906 0.046875 0.757812 0.050781 0.761719 0.050781 0.765625 0.054688 0.769531 0.054688 0.773438 0.062500 0.781250 0.062500 0.789062 0.066406 0.792969 0.066406 0.804688 0.070312 0.808594 0.070312 0.828125 0.074219 0.832031 0.074219 0.843750 0.078125 0.847656 0.078125 0.859375 0.085938 0.859375 0.089844 0.855469 0.089844 0.832031 0.085938 0.832031 0.078125 0.824219 0.078125 0.804688 0.082031 0.800781 0.085938 0.800781 0.085938 0.789062 0.082031 0.785156 0.082031 0.777344 0.078125 0.777344 0.074219 0.773438 0.074219 0.769531 0.070312 0.769531 0.066406 0.765625 0.066406 0.757812 0.062500 0.757812 0.058594 0.753906 0.058594 0.750000 0.054688 0.746094 0.054688 0.734375 0.050781 0.734375 0.046875 0.730469 0.046875 0.726562 0.042969 0.726562 0.039062 0.722656 0.039062 0.714844 0.015625 0.714844 0.011719 0.710938 0.011719 0.703125 0.007812 0.699219 0.007812 0.691406 0.003906 0.687500
4 0.367188 0.628906 0.367188 0.632812 0.363281 0.636719 0.363281 0.644531 0.375000 0.644531 0.378906 0.648438 0.378906 0.667969 0.375000 0.671875 0.375000 0.679688 0.378906 0.683594 0.378906 0.707031 0.386719 0.707031 0.386719 0.699219 0.390625 0.695312 0.414062 0.695312 0.417969 0.699219 0.417969 0.703125 0.425781 0.703125 0.425781 0.691406 0.421875 0.691406 0.417969 0.687500 0.414062 0.687500 0.410156 0.683594 0.390625 0.683594 0.386719 0.679688 0.386719 0.644531 0.382812 0.644531 0.378906 0.640625 0.378906 0.628906
4 0.925781 0.585938 0.917969 0.593750 0.902344 0.593750 0.902344 0.605469 0.906250 0.605469 0.910156 0.609375 0.910156 0.632812 0.914062 0.636719 0.914062 0.640625 0.917969 0.644531 0.917969 0.664062 0.914062 0.667969 0.914062 0.671875 0.910156 0.675781 0.910156 0.683594 0.917969 0.683594 0.917969 0.679688 0.921875 0.675781 0.937500 0.675781 0.941406 0.679688 0.941406 0.683594 0.945312 0.687500 0.945312 0.691406 0.949219 0.695312 0.949219 0.703125 0.953125 0.703125 0.957031 0.707031 0.957031 0.714844 0.960938 0.718750 0.960938 0.734375 0.968750 0.734375 0.976562 0.742188 0.976562 0.750000 0.980469 0.753906 0.996094 0.753906 0.996094 0.726562 0.988281 0.726562 0.976562 0.714844 0.976562 0.710938 0.972656 0.707031 0.972656 0.703125 0.968750 0.699219 0.968750 0.695312 0.964844 0.691406 0.964844 0.687500 0.949219 0.671875 0.941406 0.671875 0.937500 0.667969 0.937500 0.652344 0.933594 0.648438 0.933594 0.644531 0.929688 0.640625 0.929688 0.632812 0.925781 0.628906 0.925781 0.613281 0.929688 0.609375 0.929688 0.601562 0.933594 0.597656 0.933594 0.585938
4 0.492188 0.585938 0.492188 0.621094 0.503906 0.621094 0.503906 0.617188 0.507812 0.613281 0.507812 0.585938
4 0.015625 0.574219 0.015625 0.593750 0.007812 0.601562 0.000000 0.601562 0.000000 0.632812 0.019531 0.632812 0.019531 0.628906 0.023438 0.625000 0.039062 0.625000 0.046875 0.632812 0.046875 0.636719 0.062500 0.636719 0.070312 0.628906 0.074219 0.628906 0.074219 0.617188 0.070312 0.617188 0.066406 0.613281 0.066406 0.597656 0.070312 0.593750 0.070312 0.585938 0.066406 0.582031 0.054688 0.582031 0.050781 0.585938 0.031250 0.585938 0.023438 0.578125 0.023438 0.574219
4 0.125000 0.566406 0.125000 0.570312 0.121094 0.574219 0.121094 0.585938 0.136719 0.585938 0.140625 0.589844 0.140625 0.609375 0.136719 0.613281 0.132812 0.613281 0.132812 0.636719 0.156250 0.636719 0.160156 0.640625 0.160156 0.644531 0.171875 0.644531 0.175781 0.640625 0.179688 0.640625 0.179688 0.628906 0.175781 0.625000 0.175781 0.609375 0.164062 0.609375 0.160156 0.605469 0.160156 0.578125 0.152344 0.578125 0.148438 0.574219 0.148438 0.570312 0.140625 0.570312 0.136719 0.566406
4 0.558594 0.558594 0.558594 0.562500 0.554688 0.566406 0.546875 0.566406 0.546875 0.574219 0.550781 0.578125 0.550781 0.585938 0.554688 0.589844 0.554688 0.605469 0.574219 0.605469 0.578125 0.609375 0.585938 0.609375 0.589844 0.605469 0.597656 0.605469 0.597656 0.597656 0.589844 0.597656 0.585938 0.593750 0.574219 0.593750 0.566406 0.585938 0.566406 0.558594
4 0.476562 0.558594 0.476562 0.578125 0.484375 0.578125 0.484375 0.558594
4 0.949219 0.554688 0.945312 0.558594 0.945312 0.570312 0.953125 0.570312 0.953125 0.566406 0.957031 0.562500 0.957031 0.554688
4 0.328125 0.519531 0.328125 0.523438 0.324219 0.527344 0.324219 0.539062 0.320312 0.542969 0.300781 0.542969 0.300781 0.570312 0.296875 0.574219 0.281250 0.574219 0.281250 0.582031 0.285156 0.582031 0.289062 0.585938 0.308594 0.585938 0.308594 0.566406 0.312500 0.562500 0.312500 0.554688 0.316406 0.550781 0.335938 0.550781 0.339844 0.546875 0.339844 0.519531
4 0.085938 0.519531 0.085938 0.527344 0.093750 0.527344 0.093750 0.519531
4 0.285156 0.492188 0.285156 0.503906 0.281250 0.507812 0.281250 0.539062 0.289062 0.539062 0.289062 0.503906 0.292969 0.500000 0.296875 0.500000 0.296875 0.492188
4 0.496094 0.328125 0.496094 0.359375 0.492188 0.363281 0.492188 0.386719 0.488281 0.390625 0.488281 0.398438 0.484375 0.402344 0.484375 0.414062 0.488281 0.417969 0.488281 0.445312 0.484375 0.449219 0.484375 0.476562 0.480469 0.480469 0.472656 0.480469 0.472656 0.492188 0.468750 0.496094 0.429688 0.496094 0.429688 0.542969 0.433594 0.546875 0.433594 0.570312 0.441406 0.570312 0.441406 0.515625 0.445312 0.511719 0.445312 0.507812 0.449219 0.503906 0.472656 0.503906 0.476562 0.500000 0.492188 0.500000 0.496094 0.503906 0.496094 0.527344 0.503906 0.527344 0.503906 0.507812 0.507812 0.503906 0.507812 0.492188 0.503906 0.488281 0.503906 0.437500 0.500000 0.433594 0.500000 0.382812 0.503906 0.378906 0.503906 0.375000 0.507812 0.371094 0.507812 0.351562 0.511719 0.347656 0.511719 0.339844 0.507812 0.335938 0.507812 0.328125
4 0.066406 0.160156 0.066406 0.203125 0.074219 0.203125 0.078125 0.207031 0.078125 0.230469 0.082031 0.230469 0.085938 0.234375 0.085938 0.246094 0.093750 0.253906 0.093750 0.257812 0.101562 0.265625 0.101562 0.269531 0.109375 0.277344 0.109375 0.281250 0.117188 0.289062 0.117188 0.292969 0.121094 0.296875 0.121094 0.300781 0.132812 0.312500 0.132812 0.316406 0.136719 0.320312 0.136719 0.324219 0.140625 0.328125 0.140625 0.332031 0.144531 0.335938 0.144531 0.371094 0.140625 0.375000 0.140625 0.382812 0.136719 0.386719 0.136719 0.390625 0.132812 0.394531 0.132812 0.398438 0.128906 0.402344 0.128906 0.414062 0.125000 0.417969 0.121094 0.417969 0.113281 0.425781 0.113281 0.429688 0.089844 0.453125 0.085938 0.453125 0.066406 0.472656 0.066406 0.484375 0.074219 0.484375 0.078125 0.480469 0.082031 0.480469 0.085938 0.476562 0.101562 0.476562 0.101562 0.468750 0.105469 0.464844 0.109375 0.464844 0.109375 0.460938 0.117188 0.453125 0.121094 0.453125 0.125000 0.449219 0.132812 0.449219 0.136719 0.445312 0.144531 0.445312 0.144531 0.433594 0.156250 0.421875 0.156250 0.417969 0.160156 0.414062 0.164062 0.414062 0.171875 0.406250 0.171875 0.398438 0.167969 0.394531 0.167969 0.390625 0.164062 0.390625 0.160156 0.386719 0.160156 0.371094 0.164062 0.367188 0.164062 0.343750 0.167969 0.339844 0.167969 0.328125 0.152344 0.312500 0.152344 0.308594 0.144531 0.308594 0.140625 0.304688 0.140625 0.300781 0.128906 0.289062 0.128906 0.285156 0.121094 0.277344 0.121094 0.273438 0.117188 0.269531 0.117188 0.265625 0.113281 0.261719 0.113281 0.257812 0.105469 0.250000 0.105469 0.246094 0.093750 0.234375 0.089844 0.234375 0.085938 0.230469 0.085938 0.222656 0.082031 0.222656 0.078125 0.218750 0.078125 0.164062 0.074219 0.160156
4 0.164062 0.109375 0.156250 0.117188 0.136719 0.117188 0.136719 0.136719 0.140625 0.140625 0.140625 0.144531 0.144531 0.148438 0.144531 0.152344 0.152344 0.152344 0.156250 0.148438 0.164062 0.148438 0.164062 0.144531 0.167969 0.140625 0.167969 0.136719 0.171875 0.132812 0.175781 0.132812 0.179688 0.128906 0.179688 0.113281 0.175781 0.109375
4 0.148438 0.011719 0.148438 0.019531 0.144531 0.023438 0.121094 0.023438 0.121094 0.031250 0.117188 0.035156 0.117188 0.039062 0.113281 0.042969 0.113281 0.046875 0.109375 0.050781 0.109375 0.054688 0.105469 0.058594 0.105469 0.062500 0.097656 0.070312 0.097656 0.074219 0.089844 0.082031 0.089844 0.085938 0.085938 0.089844 0.085938 0.097656 0.093750 0.097656 0.093750 0.093750 0.097656 0.089844 0.101562 0.089844 0.105469 0.085938 0.105469 0.078125 0.109375 0.074219 0.113281 0.074219 0.113281 0.070312 0.117188 0.066406 0.117188 0.062500 0.128906 0.050781 0.128906 0.027344 0.132812 0.023438 0.160156 0.023438 0.160156 0.011719
