4 0.214844 0.945312 0.210938 0.949219 0.210938 0.953125 0.207031 0.957031 0.203125 0.957031 0.203125 0.964844 0.210938 0.972656 0.210938 0.996094 0.230469 0.996094 0.230469 0.972656 0.234375 0.968750 0.234375 0.949219 0.230469 0.949219 0.226562 0.945312
4 0.812500 0.941406 0.812500 0.949219 0.804688 0.957031 0.796875 0.957031 0.792969 0.960938 0.792969 0.968750 0.812500 0.968750 0.816406 0.972656 0.828125 0.972656 0.828125 0.957031 0.824219 0.953125 0.824219 0.941406
4 0.660156 0.867188 0.660156 0.871094 0.656250 0.875000 0.640625 0.875000 0.640625 0.902344 0.664062 0.902344 0.667969 0.906250 0.667969 0.953125 0.664062 0.957031 0.648438 0.957031 0.648438 0.964844 0.656250 0.964844 0.660156 0.960938 0.683594 0.960938 0.683594 0.953125 0.687500 0.949219 0.691406 0.949219 0.691406 0.937500 0.687500 0.933594 0.687500 0.910156 0.683594 0.906250 0.683594 0.878906 0.679688 0.878906 0.675781 0.875000 0.675781 0.871094 0.671875 0.871094 0.667969 0.867188
4 0.300781 0.859375 0.300781 0.875000 0.304688 0.878906 0.304688 0.894531 0.300781 0.898438 0.296875 0.898438 0.296875 0.910156 0.292969 0.914062 0.292969 0.953125 0.304688 0.953125 0.308594 0.949219 0.312500 0.949219 0.312500 0.941406 0.316406 0.937500 0.335938 0.937500 0.339844 0.933594 0.343750 0.933594 0.343750 0.921875 0.328125 0.921875 0.324219 0.917969 0.320312 0.917969 0.312500 0.910156 0.312500 0.859375
4 0.769531 0.835938 0.769531 0.847656 0.773438 0.851562 0.773438 0.871094 0.781250 0.871094 0.789062 0.878906 0.800781 0.878906 0.804688 0.882812 0.804688 0.898438 0.812500 0.906250 0.812500 0.914062 0.820312 0.914062 0.820312 0.898438 0.812500 0.890625 0.812500 0.882812 0.804688 0.882812 0.800781 0.878906 0.800781 0.859375 0.796875 0.859375 0.792969 0.855469 0.792969 0.843750 0.785156 0.835938
4 0.375000 0.816406 0.371094 0.820312 0.343750 0.820312 0.343750 0.828125 0.347656 0.832031 0.347656 0.855469 0.343750 0.859375 0.343750 0.871094 0.347656 0.875000 0.347656 0.910156 0.359375 0.910156 0.363281 0.906250 0.402344 0.906250 0.406250 0.910156 0.406250 0.945312 0.410156 0.949219 0.410156 0.960938 0.414062 0.964844 0.421875 0.964844 0.421875 0.851562 0.414062 0.851562 0.414062 0.855469 0.410156 0.859375 0.394531 0.859375 0.390625 0.855469 0.390625 0.839844 0.394531 0.835938 0.394531 0.824219 0.390625 0.820312 0.390625 0.816406
4 0.429688 0.796875 0.429688 0.808594 0.425781 0.812500 0.425781 0.835938 0.437500 0.835938 0.441406 0.832031 0.468750 0.832031 0.468750 0.824219 0.445312 0.824219 0.441406 0.820312 0.441406 0.796875
4 0.500000 0.773438 0.500000 0.789062 0.488281 0.800781 0.488281 0.808594 0.500000 0.808594 0.500000 0.804688 0.503906 0.800781 0.503906 0.785156 0.507812 0.781250 0.507812 0.773438
4 0.914062 0.765625 0.914062 0.769531 0.910156 0.773438 0.878906 0.773438 0.878906 0.785156 0.875000 0.789062 0.871094 0.789062 0.871094 0.800781 0.867188 0.804688 0.867188 0.808594 0.863281 0.812500 0.863281 0.816406 0.859375 0.820312 0.851562 0.820312 0.847656 0.824219 0.843750 0.824219 0.839844 0.828125 0.835938 0.828125 0.832031 0.832031 0.832031 0.847656 0.843750 0.847656 0.843750 0.843750 0.847656 0.839844 0.863281 0.839844 0.867188 0.843750 0.867188 0.859375 0.863281 0.863281 0.863281 0.871094 0.867188 0.875000 0.867188 0.890625 0.871094 0.894531 0.871094 0.898438 0.875000 0.898438 0.878906 0.902344 0.878906 0.906250 0.882812 0.910156 0.882812 0.921875 0.890625 0.921875 0.890625 0.917969 0.894531 0.914062 0.894531 0.902344 0.886719 0.894531 0.886719 0.863281 0.890625 0.859375 0.890625 0.847656 0.894531 0.843750 0.910156 0.843750 0.914062 0.847656 0.921875 0.847656 0.925781 0.851562 0.929688 0.851562 0.933594 0.855469 0.933594 0.878906 0.937500 0.882812 0.937500 0.886719 0.941406 0.890625 0.941406 0.894531 0.945312 0.898438 0.945312 0.906250 0.949219 0.906250 0.960938 0.917969 0.960938 0.921875 0.968750 0.929688 0.968750 0.933594 0.976562 0.933594 0.976562 0.929688 0.980469 0.925781 0.996094 0.925781 0.996094 0.917969 0.988281 0.917969 0.984375 0.914062 0.980469 0.914062 0.949219 0.882812 0.949219 0.878906 0.941406 0.871094 0.941406 0.867188 0.937500 0.867188 0.933594 0.863281 0.933594 0.843750 0.925781 0.843750 0.921875 0.839844 0.921875 0.828125 0.917969 0.824219 0.917969 0.796875 0.921875 0.792969 0.921875 0.765625
4 0.792969 0.722656 0.792969 0.734375 0.789062 0.738281 0.789062 0.742188 0.785156 0.746094 0.785156 0.757812 0.781250 0.761719 0.765625 0.761719 0.765625 0.789062 0.777344 0.789062 0.785156 0.796875 0.785156 0.800781 0.792969 0.800781 0.796875 0.796875 0.812500 0.796875 0.816406 0.792969 0.828125 0.792969 0.828125 0.785156 0.820312 0.785156 0.816406 0.781250 0.816406 0.757812 0.808594 0.750000 0.808594 0.734375 0.804688 0.730469 0.804688 0.722656
4 0.250000 0.664062 0.246094 0.667969 0.246094 0.671875 0.242188 0.675781 0.242188 0.683594 0.246094 0.687500 0.253906 0.687500 0.257812 0.683594 0.257812 0.664062
4 0.871094 0.585938 0.871094 0.613281 0.875000 0.617188 0.875000 0.625000 0.886719 0.625000 0.886719 0.613281 0.882812 0.609375 0.882812 0.585938
4 0.550781 0.421875 0.550781 0.449219 0.546875 0.453125 0.546875 0.468750 0.542969 0.472656 0.542969 0.480469 0.546875 0.480469 0.550781 0.484375 0.550781 0.503906 0.546875 0.507812 0.546875 0.515625 0.542969 0.519531 0.542969 0.531250 0.546875 0.535156 0.546875 0.539062 0.550781 0.542969 0.550781 0.597656 0.546875 0.601562 0.523438 0.601562 0.519531 0.597656 0.507812 0.597656 0.503906 0.593750 0.488281 0.593750 0.484375 0.589844 0.476562 0.589844 0.476562 0.593750 0.472656 0.597656 0.441406 0.597656 0.437500 0.593750 0.437500 0.578125 0.441406 0.574219 0.441406 0.566406 0.437500 0.562500 0.437500 0.539062 0.441406 0.535156 0.457031 0.535156 0.460938 0.539062 0.460938 0.562500 0.468750 0.562500 0.472656 0.566406 0.480469 0.566406 0.480469 0.562500 0.484375 0.558594 0.488281 0.558594 0.488281 0.535156 0.496094 0.527344 0.500000 0.527344 0.500000 0.523438 0.503906 0.519531 0.507812 0.519531 0.507812 0.511719 0.500000 0.511719 0.496094 0.515625 0.492188 0.515625 0.488281 0.519531 0.453125 0.519531 0.449219 0.515625 0.449219 0.503906 0.433594 0.503906 0.429688 0.500000 0.429688 0.460938 0.425781 0.457031 0.421875 0.457031 0.417969 0.453125 0.410156 0.453125 0.406250 0.457031 0.394531 0.457031 0.394531 0.476562 0.390625 0.480469 0.390625 0.492188 0.386719 0.496094 0.382812 0.496094 0.375000 0.503906 0.375000 0.519531 0.378906 0.523438 0.378906 0.539062 0.394531 0.539062 0.398438 0.542969 0.398438 0.558594 0.390625 0.566406 0.382812 0.566406 0.375000 0.574219 0.371094 0.574219 0.367188 0.578125 0.367188 0.585938 0.363281 0.589844 0.363281 0.593750 0.359375 0.597656 0.359375 0.605469 0.351562 0.613281 0.351562 0.632812 0.355469 0.636719 0.355469 0.652344 0.351562 0.656250 0.351562 0.679688 0.347656 0.683594 0.332031 0.683594 0.328125 0.679688 0.328125 0.664062 0.324219 0.660156 0.316406 0.660156 0.312500 0.664062 0.308594 0.664062 0.304688 0.667969 0.296875 0.667969 0.292969 0.671875 0.285156 0.671875 0.285156 0.679688 0.289062 0.683594 0.289062 0.691406 0.292969 0.695312 0.296875 0.695312 0.300781 0.699219 0.300781 0.718750 0.296875 0.722656 0.296875 0.726562 0.292969 0.730469 0.285156 0.730469 0.285156 0.738281 0.281250 0.742188 0.281250 0.746094 0.277344 0.750000 0.273438 0.750000 0.269531 0.753906 0.269531 0.757812 0.261719 0.765625 0.261719 0.773438 0.265625 0.773438 0.269531 0.777344 0.269531 0.816406 0.265625 0.820312 0.261719 0.820312 0.261719 0.828125 0.265625 0.832031 0.265625 0.839844 0.269531 0.843750 0.292969 0.843750 0.292969 0.835938 0.289062 0.832031 0.281250 0.832031 0.277344 0.828125 0.277344 0.808594 0.281250 0.804688 0.292969 0.804688 0.292969 0.796875 0.296875 0.792969 0.335938 0.792969 0.339844 0.789062 0.339844 0.781250 0.335938 0.777344 0.335938 0.757812 0.339844 0.753906 0.347656 0.753906 0.347656 0.750000 0.351562 0.746094 0.355469 0.746094 0.355469 0.730469 0.359375 0.726562 0.359375 0.722656 0.363281 0.718750 0.390625 0.718750 0.390625 0.707031 0.378906 0.707031 0.375000 0.703125 0.375000 0.683594 0.378906 0.679688 0.394531 0.679688 0.398438 0.683594 0.398438 0.695312 0.414062 0.695312 0.414062 0.667969 0.402344 0.667969 0.398438 0.664062 0.398438 0.648438 0.402344 0.644531 0.421875 0.644531 0.425781 0.648438 0.425781 0.660156 0.445312 0.660156 0.449219 0.664062 0.449219 0.667969 0.457031 0.667969 0.460938 0.664062 0.460938 0.656250 0.464844 0.652344 0.472656 0.652344 0.472656 0.644531 0.453125 0.644531 0.449219 0.640625 0.414062 0.640625 0.410156 0.636719 0.410156 0.621094 0.414062 0.617188 0.433594 0.617188 0.437500 0.613281 0.437500 0.609375 0.441406 0.605469 0.457031 0.605469 0.457031 0.601562 0.460938 0.597656 0.492188 0.597656 0.496094 0.601562 0.496094 0.605469 0.503906 0.605469 0.507812 0.609375 0.519531 0.609375 0.523438 0.613281 0.523438 0.617188 0.531250 0.617188 0.535156 0.613281 0.550781 0.613281 0.554688 0.617188 0.554688 0.648438 0.550781 0.652344 0.527344 0.652344 0.523438 0.648438 0.515625 0.648438 0.515625 0.660156 0.511719 0.664062 0.488281 0.664062 0.488281 0.687500 0.484375 0.691406 0.476562 0.691406 0.476562 0.707031 0.472656 0.710938 0.472656 0.730469 0.468750 0.734375 0.445312 0.734375 0.445312 0.746094 0.449219 0.746094 0.457031 0.753906 0.457031 0.769531 0.453125 0.773438 0.453125 0.781250 0.464844 0.781250 0.464844 0.769531 0.468750 0.765625 0.468750 0.757812 0.472656 0.753906 0.472656 0.726562 0.476562 0.722656 0.480469 0.722656 0.480469 0.718750 0.488281 0.710938 0.488281 0.707031 0.496094 0.699219 0.507812 0.699219 0.507812 0.695312 0.511719 0.691406 0.511719 0.667969 0.515625 0.664062 0.550781 0.664062 0.554688 0.667969 0.554688 0.683594 0.550781 0.687500 0.535156 0.687500 0.535156 0.703125 0.550781 0.703125 0.554688 0.707031 0.554688 0.742188 0.550781 0.746094 0.539062 0.746094 0.539062 0.773438 0.542969 0.777344 0.542969 0.785156 0.546875 0.789062 0.546875 0.812500 0.554688 0.812500 0.558594 0.816406 0.558594 0.832031 0.562500 0.835938 0.562500 0.855469 0.558594 0.859375 0.558594 0.863281 0.554688 0.867188 0.550781 0.867188 0.550781 0.882812 0.558594 0.882812 0.562500 0.886719 0.562500 0.910156 0.558594 0.914062 0.550781 0.914062 0.550781 0.925781 0.554688 0.929688 0.566406 0.929688 0.574219 0.937500 0.574219 0.996094 0.585938 0.996094 0.585938 0.976562 0.589844 0.972656 0.589844 0.964844 0.582031 0.957031 0.582031 0.910156 0.578125 0.906250 0.578125 0.867188 0.574219 0.863281 0.574219 0.832031 0.570312 0.828125 0.570312 0.820312 0.566406 0.816406 0.566406 0.703125 0.570312 0.699219 0.589844 0.699219 0.589844 0.691406 0.566406 0.691406 0.562500 0.687500 0.562500 0.625000 0.566406 0.621094 0.566406 0.605469 0.562500 0.601562 0.562500 0.566406 0.558594 0.562500 0.558594 0.484375 0.554688 0.480469 0.554688 0.449219 0.558594 0.445312 0.558594 0.421875
4 0.800781 0.414062 0.800781 0.417969 0.796875 0.421875 0.792969 0.421875 0.792969 0.429688 0.796875 0.433594 0.812500 0.433594 0.816406 0.437500 0.816406 0.457031 0.820312 0.457031 0.824219 0.460938 0.828125 0.460938 0.832031 0.464844 0.832031 0.480469 0.828125 0.484375 0.816406 0.484375 0.816406 0.492188 0.820312 0.496094 0.820312 0.503906 0.824219 0.503906 0.828125 0.507812 0.828125 0.515625 0.832031 0.519531 0.832031 0.523438 0.835938 0.527344 0.835938 0.539062 0.851562 0.539062 0.855469 0.542969 0.855469 0.554688 0.859375 0.558594 0.859375 0.566406 0.867188 0.566406 0.867188 0.539062 0.863281 0.535156 0.863281 0.527344 0.859375 0.523438 0.859375 0.457031 0.839844 0.457031 0.835938 0.453125 0.835938 0.433594 0.816406 0.433594 0.812500 0.429688 0.812500 0.417969 0.808594 0.414062
4 0.378906 0.398438 0.378906 0.410156 0.375000 0.414062 0.375000 0.421875 0.367188 0.429688 0.367188 0.441406 0.375000 0.441406 0.378906 0.445312 0.378906 0.449219 0.386719 0.449219 0.386719 0.441406 0.382812 0.437500 0.382812 0.410156 0.386719 0.406250 0.386719 0.398438
4 0.328125 0.242188 0.324219 0.246094 0.320312 0.246094 0.320312 0.250000 0.316406 0.253906 0.316406 0.273438 0.312500 0.277344 0.312500 0.339844 0.308594 0.343750 0.281250 0.343750 0.277344 0.339844 0.269531 0.339844 0.269531 0.355469 0.281250 0.355469 0.285156 0.359375 0.285156 0.367188 0.289062 0.371094 0.289062 0.375000 0.292969 0.375000 0.296875 0.378906 0.296875 0.382812 0.312500 0.382812 0.312500 0.347656 0.316406 0.343750 0.324219 0.343750 0.324219 0.292969 0.328125 0.289062 0.328125 0.261719 0.332031 0.257812 0.335938 0.257812 0.335938 0.242188
4 0.648438 0.230469 0.648438 0.238281 0.644531 0.242188 0.640625 0.242188 0.640625 0.277344 0.644531 0.281250 0.644531 0.285156 0.664062 0.285156 0.664062 0.277344 0.660156 0.273438 0.660156 0.257812 0.664062 0.253906 0.667969 0.253906 0.667969 0.230469
4 0.464844 0.156250 0.464844 0.160156 0.460938 0.164062 0.429688 0.164062 0.429688 0.167969 0.425781 0.171875 0.421875 0.171875 0.421875 0.207031 0.417969 0.210938 0.417969 0.222656 0.421875 0.226562 0.421875 0.230469 0.425781 0.234375 0.425781 0.242188 0.441406 0.242188 0.445312 0.246094 0.445312 0.261719 0.441406 0.265625 0.433594 0.265625 0.429688 0.269531 0.429688 0.289062 0.425781 0.292969 0.425781 0.296875 0.421875 0.300781 0.382812 0.300781 0.382812 0.320312 0.386719 0.324219 0.386719 0.347656 0.390625 0.351562 0.390625 0.355469 0.402344 0.355469 0.402344 0.343750 0.406250 0.339844 0.441406 0.339844 0.445312 0.343750 0.445312 0.363281 0.441406 0.367188 0.414062 0.367188 0.414062 0.378906 0.410156 0.382812 0.410156 0.394531 0.414062 0.398438 0.414062 0.406250 0.429688 0.406250 0.429688 0.394531 0.433594 0.390625 0.449219 0.390625 0.453125 0.394531 0.453125 0.402344 0.464844 0.402344 0.464844 0.382812 0.468750 0.378906 0.476562 0.378906 0.476562 0.367188 0.468750 0.367188 0.464844 0.363281 0.464844 0.335938 0.468750 0.332031 0.488281 0.332031 0.492188 0.335938 0.503906 0.335938 0.507812 0.332031 0.539062 0.332031 0.542969 0.335938 0.542969 0.339844 0.550781 0.339844 0.550781 0.335938 0.554688 0.332031 0.554688 0.316406 0.562500 0.308594 0.562500 0.289062 0.558594 0.289062 0.554688 0.285156 0.554688 0.246094 0.558594 0.242188 0.558594 0.218750 0.562500 0.214844 0.566406 0.214844 0.566406 0.203125 0.558594 0.203125 0.554688 0.199219 0.554688 0.179688 0.546875 0.179688 0.542969 0.183594 0.542969 0.222656 0.539062 0.226562 0.539062 0.246094 0.542969 0.250000 0.542969 0.265625 0.539062 0.269531 0.539062 0.277344 0.542969 0.281250 0.542969 0.300781 0.539062 0.304688 0.523438 0.304688 0.519531 0.300781 0.507812 0.300781 0.503906 0.296875 0.500000 0.296875 0.496094 0.292969 0.496094 0.253906 0.484375 0.253906 0.480469 0.250000 0.480469 0.238281 0.464844 0.238281 0.460938 0.234375 0.460938 0.230469 0.441406 0.230469 0.437500 0.226562 0.433594 0.226562 0.429688 0.222656 0.429688 0.195312 0.433594 0.191406 0.433594 0.179688 0.437500 0.175781 0.453125 0.175781 0.453125 0.171875 0.457031 0.167969 0.472656 0.167969 0.476562 0.171875 0.476562 0.187500 0.472656 0.191406 0.460938 0.191406 0.460938 0.203125 0.464844 0.207031 0.480469 0.207031 0.484375 0.210938 0.484375 0.230469 0.492188 0.230469 0.492188 0.214844 0.496094 0.210938 0.503906 0.210938 0.503906 0.203125 0.500000 0.199219 0.496094 0.199219 0.492188 0.195312 0.492188 0.167969 0.488281 0.164062 0.484375 0.164062 0.476562 0.156250
4 0.761719 0.136719 0.761719 0.144531 0.753906 0.152344 0.750000 0.152344 0.746094 0.156250 0.742188 0.156250 0.742188 0.183594 0.753906 0.183594 0.761719 0.191406 0.773438 0.191406 0.789062 0.207031 0.789062 0.210938 0.796875 0.210938 0.800781 0.207031 0.800781 0.203125 0.804688 0.199219 0.820312 0.199219 0.820312 0.191406 0.800781 0.191406 0.796875 0.187500 0.796875 0.175781 0.785156 0.175781 0.781250 0.171875 0.781250 0.156250 0.785156 0.152344 0.789062 0.152344 0.789062 0.140625 0.781250 0.140625 0.777344 0.136719
4 0.710938 0.097656 0.707031 0.101562 0.699219 0.101562 0.699219 0.105469 0.695312 0.109375 0.695312 0.113281 0.691406 0.117188 0.691406 0.140625 0.687500 0.144531 0.664062 0.144531 0.660156 0.148438 0.660156 0.160156 0.675781 0.160156 0.679688 0.164062 0.679688 0.179688 0.675781 0.183594 0.652344 0.183594 0.648438 0.187500 0.640625 0.187500 0.640625 0.199219 0.644531 0.203125 0.671875 0.203125 0.675781 0.207031 0.675781 0.222656 0.699219 0.222656 0.703125 0.226562 0.703125 0.246094 0.707031 0.250000 0.707031 0.265625 0.703125 0.269531 0.703125 0.277344 0.710938 0.277344 0.718750 0.285156 0.718750 0.308594 0.722656 0.308594 0.726562 0.312500 0.730469 0.312500 0.734375 0.316406 0.734375 0.332031 0.730469 0.335938 0.718750 0.335938 0.718750 0.343750 0.734375 0.343750 0.738281 0.347656 0.738281 0.351562 0.746094 0.351562 0.746094 0.308594 0.750000 0.304688 0.765625 0.304688 0.765625 0.296875 0.738281 0.296875 0.734375 0.292969 0.734375 0.277344 0.742188 0.269531 0.753906 0.269531 0.757812 0.265625 0.781250 0.265625 0.789062 0.257812 0.792969 0.257812 0.792969 0.242188 0.785156 0.242188 0.781250 0.238281 0.769531 0.238281 0.765625 0.234375 0.765625 0.222656 0.714844 0.222656 0.710938 0.218750 0.710938 0.203125 0.707031 0.199219 0.707031 0.191406 0.703125 0.191406 0.699219 0.187500 0.699219 0.175781 0.695312 0.171875 0.695312 0.148438 0.699219 0.144531 0.699219 0.136719 0.707031 0.128906 0.707031 0.125000 0.710938 0.121094 0.710938 0.113281 0.718750 0.105469 0.718750 0.097656
4 0.882812 0.070312 0.882812 0.085938 0.875000 0.093750 0.875000 0.097656 0.871094 0.101562 0.847656 0.101562 0.843750 0.097656 0.843750 0.082031 0.835938 0.082031 0.835938 0.085938 0.828125 0.093750 0.828125 0.101562 0.835938 0.109375 0.847656 0.109375 0.851562 0.113281 0.851562 0.136719 0.847656 0.140625 0.843750 0.140625 0.843750 0.144531 0.839844 0.148438 0.839844 0.156250 0.859375 0.156250 0.863281 0.160156 0.863281 0.167969 0.867188 0.171875 0.867188 0.183594 0.871094 0.183594 0.875000 0.187500 0.875000 0.199219 0.878906 0.203125 0.890625 0.203125 0.890625 0.191406 0.886719 0.187500 0.886719 0.183594 0.882812 0.179688 0.882812 0.160156 0.878906 0.160156 0.875000 0.156250 0.875000 0.125000 0.882812 0.117188 0.882812 0.109375 0.886719 0.105469 0.914062 0.105469 0.914062 0.089844 0.910156 0.085938 0.910156 0.082031 0.906250 0.082031 0.898438 0.074219 0.898438 0.070312
4 0.386719 0.035156 0.382812 0.039062 0.378906 0.039062 0.378906 0.050781 0.382812 0.054688 0.382812 0.082031 0.378906 0.085938 0.378906 0.093750 0.394531 0.093750 0.398438 0.089844 0.402344 0.089844 0.402344 0.046875 0.398438 0.042969 0.398438 0.039062 0.394531 0.035156
4 0.050781 0.023438 0.050781 0.039062 0.046875 0.042969 0.046875 0.066406 0.050781 0.066406 0.054688 0.070312 0.058594 0.070312 0.062500 0.074219 0.070312 0.074219 0.070312 0.035156 0.066406 0.035156 0.058594 0.027344 0.058594 0.023438
