4 0.261719 0.832031 0.257812 0.835938 0.253906 0.835938 0.250000 0.839844 0.242188 0.839844 0.242188 0.847656 0.246094 0.851562 0.246094 0.855469 0.253906 0.855469 0.257812 0.859375 0.265625 0.859375 0.269531 0.855469 0.285156 0.855469 0.289062 0.859375 0.312500 0.859375 0.316406 0.863281 0.316406 0.875000 0.320312 0.878906 0.320312 0.894531 0.316406 0.898438 0.316406 0.902344 0.312500 0.906250 0.308594 0.906250 0.308594 0.917969 0.316406 0.917969 0.316406 0.914062 0.320312 0.910156 0.324219 0.910156 0.324219 0.906250 0.328125 0.902344 0.332031 0.902344 0.332031 0.898438 0.335938 0.894531 0.335938 0.890625 0.343750 0.882812 0.347656 0.882812 0.355469 0.875000 0.359375 0.875000 0.367188 0.867188 0.371094 0.867188 0.371094 0.859375 0.367188 0.859375 0.363281 0.855469 0.363281 0.843750 0.355469 0.843750 0.351562 0.847656 0.343750 0.847656 0.339844 0.851562 0.328125 0.851562 0.328125 0.855469 0.324219 0.859375 0.308594 0.859375 0.304688 0.855469 0.304688 0.851562 0.300781 0.847656 0.300781 0.843750 0.281250 0.843750 0.277344 0.839844 0.277344 0.835938 0.273438 0.835938 0.269531 0.832031
4 0.644531 0.761719 0.644531 0.769531 0.656250 0.769531 0.656250 0.761719
4 0.585938 0.753906 0.582031 0.757812 0.550781 0.757812 0.550781 0.765625 0.546875 0.769531 0.523438 0.769531 0.523438 0.781250 0.546875 0.781250 0.550781 0.785156 0.558594 0.785156 0.558594 0.781250 0.562500 0.777344 0.578125 0.777344 0.582031 0.781250 0.593750 0.781250 0.597656 0.785156 0.597656 0.789062 0.605469 0.789062 0.605469 0.781250 0.609375 0.777344 0.609375 0.757812 0.601562 0.757812 0.597656 0.753906
4 0.507812 0.628906 0.503906 0.632812 0.503906 0.652344 0.500000 0.656250 0.484375 0.656250 0.480469 0.660156 0.480469 0.675781 0.484375 0.679688 0.511719 0.679688 0.515625 0.683594 0.523438 0.683594 0.523438 0.679688 0.527344 0.675781 0.527344 0.667969 0.531250 0.664062 0.539062 0.664062 0.539062 0.656250 0.523438 0.656250 0.519531 0.652344 0.519531 0.632812 0.515625 0.628906
4 0.285156 0.628906 0.285156 0.640625 0.300781 0.640625 0.304688 0.644531 0.304688 0.664062 0.300781 0.667969 0.300781 0.671875 0.296875 0.675781 0.281250 0.675781 0.277344 0.679688 0.246094 0.679688 0.242188 0.675781 0.242188 0.660156 0.234375 0.660156 0.234375 0.667969 0.230469 0.671875 0.230469 0.679688 0.257812 0.679688 0.261719 0.683594 0.261719 0.695312 0.269531 0.695312 0.269531 0.691406 0.273438 0.687500 0.285156 0.687500 0.289062 0.683594 0.289062 0.679688 0.292969 0.675781 0.308594 0.675781 0.312500 0.671875 0.312500 0.660156 0.316406 0.656250 0.320312 0.656250 0.320312 0.648438 0.324219 0.644531 0.324219 0.636719 0.320312 0.632812 0.296875 0.632812 0.292969 0.628906
4 0.746094 0.625000 0.746094 0.632812 0.761719 0.632812 0.765625 0.636719 0.765625 0.648438 0.773438 0.648438 0.777344 0.644531 0.777344 0.628906 0.757812 0.628906 0.753906 0.625000
4 0.054688 0.574219 0.054688 0.578125 0.046875 0.585938 0.046875 0.593750 0.042969 0.597656 0.042969 0.601562 0.039062 0.605469 0.039062 0.621094 0.035156 0.625000 0.035156 0.644531 0.031250 0.648438 0.031250 0.679688 0.039062 0.679688 0.042969 0.675781 0.046875 0.675781 0.046875 0.671875 0.050781 0.667969 0.050781 0.660156 0.054688 0.656250 0.054688 0.609375 0.058594 0.605469 0.058594 0.593750 0.066406 0.585938 0.066406 0.574219
4 0.554688 0.566406 0.550781 0.570312 0.550781 0.578125 0.554688 0.582031 0.554688 0.589844 0.574219 0.589844 0.578125 0.593750 0.585938 0.593750 0.589844 0.597656 0.589844 0.609375 0.597656 0.609375 0.601562 0.605469 0.609375 0.605469 0.609375 0.601562 0.613281 0.597656 0.613281 0.585938 0.609375 0.582031 0.582031 0.582031 0.570312 0.570312 0.566406 0.570312 0.562500 0.566406
4 0.820312 0.550781 0.820312 0.582031 0.828125 0.582031 0.828125 0.578125 0.847656 0.558594 0.847656 0.550781
4 0.468750 0.464844 0.460938 0.472656 0.460938 0.476562 0.457031 0.480469 0.457031 0.496094 0.453125 0.500000 0.453125 0.507812 0.457031 0.511719 0.457031 0.515625 0.460938 0.519531 0.460938 0.546875 0.453125 0.554688 0.441406 0.554688 0.433594 0.562500 0.429688 0.562500 0.429688 0.585938 0.425781 0.589844 0.425781 0.601562 0.429688 0.605469 0.429688 0.632812 0.425781 0.636719 0.425781 0.644531 0.417969 0.652344 0.398438 0.652344 0.398438 0.664062 0.410156 0.664062 0.414062 0.667969 0.414062 0.683594 0.410156 0.687500 0.402344 0.687500 0.394531 0.695312 0.394531 0.699219 0.390625 0.703125 0.390625 0.730469 0.386719 0.734375 0.386719 0.750000 0.382812 0.753906 0.363281 0.753906 0.359375 0.757812 0.355469 0.757812 0.351562 0.761719 0.343750 0.761719 0.343750 0.781250 0.339844 0.785156 0.339844 0.792969 0.343750 0.796875 0.355469 0.796875 0.355469 0.789062 0.359375 0.785156 0.386719 0.785156 0.386719 0.765625 0.394531 0.757812 0.394531 0.750000 0.398438 0.746094 0.398438 0.742188 0.402344 0.738281 0.402344 0.734375 0.410156 0.726562 0.425781 0.726562 0.425781 0.718750 0.417969 0.718750 0.414062 0.714844 0.414062 0.699219 0.417969 0.695312 0.417969 0.691406 0.421875 0.687500 0.421875 0.679688 0.425781 0.675781 0.425781 0.667969 0.429688 0.664062 0.429688 0.656250 0.437500 0.648438 0.437500 0.628906 0.445312 0.621094 0.445312 0.605469 0.449219 0.601562 0.453125 0.601562 0.453125 0.597656 0.457031 0.593750 0.457031 0.589844 0.460938 0.585938 0.460938 0.574219 0.464844 0.570312 0.464844 0.550781 0.468750 0.546875 0.468750 0.542969 0.472656 0.539062 0.472656 0.527344 0.476562 0.523438 0.476562 0.507812 0.480469 0.503906 0.480469 0.492188 0.484375 0.488281 0.484375 0.472656 0.480469 0.468750 0.480469 0.464844
4 0.550781 0.437500 0.550781 0.445312 0.546875 0.449219 0.542969 0.449219 0.535156 0.457031 0.535156 0.460938 0.531250 0.464844 0.531250 0.480469 0.527344 0.484375 0.527344 0.496094 0.519531 0.503906 0.515625 0.503906 0.515625 0.531250 0.511719 0.535156 0.507812 0.535156 0.507812 0.550781 0.503906 0.554688 0.496094 0.554688 0.496094 0.566406 0.492188 0.570312 0.492188 0.578125 0.507812 0.578125 0.507812 0.550781 0.511719 0.546875 0.523438 0.546875 0.523438 0.531250 0.527344 0.527344 0.554688 0.527344 0.554688 0.511719 0.546875 0.511719 0.542969 0.507812 0.542969 0.468750 0.550781 0.460938 0.550781 0.449219 0.554688 0.445312 0.558594 0.445312 0.558594 0.437500
4 0.425781 0.410156 0.425781 0.425781 0.421875 0.429688 0.421875 0.437500 0.429688 0.437500 0.429688 0.421875 0.433594 0.417969 0.433594 0.410156
4 0.894531 0.378906 0.894531 0.386719 0.898438 0.390625 0.906250 0.390625 0.906250 0.382812 0.902344 0.378906
4 0.757812 0.378906 0.757812 0.386719 0.773438 0.386719 0.773438 0.378906
4 0.410156 0.367188 0.410156 0.386719 0.441406 0.386719 0.441406 0.382812 0.445312 0.378906 0.445312 0.371094 0.425781 0.371094 0.421875 0.367188
4 0.867188 0.332031 0.867188 0.347656 0.871094 0.351562 0.871094 0.359375 0.882812 0.359375 0.882812 0.351562 0.878906 0.347656 0.878906 0.343750 0.875000 0.339844 0.875000 0.332031
4 0.187500 0.320312 0.183594 0.324219 0.175781 0.324219 0.171875 0.328125 0.167969 0.328125 0.167969 0.339844 0.210938 0.339844 0.210938 0.332031 0.207031 0.328125 0.207031 0.320312
4 0.226562 0.285156 0.226562 0.292969 0.234375 0.292969 0.234375 0.285156
4 0.265625 0.273438 0.265625 0.285156 0.269531 0.289062 0.269531 0.296875 0.273438 0.296875 0.277344 0.300781 0.277344 0.324219 0.281250 0.324219 0.289062 0.332031 0.289062 0.335938 0.304688 0.335938 0.308594 0.332031 0.308594 0.324219 0.312500 0.320312 0.312500 0.312500 0.308594 0.312500 0.304688 0.308594 0.304688 0.281250 0.277344 0.281250 0.273438 0.277344 0.273438 0.273438
4 0.617188 0.265625 0.617188 0.273438 0.625000 0.273438 0.625000 0.265625
4 0.847656 0.253906 0.843750 0.257812 0.839844 0.257812 0.835938 0.261719 0.832031 0.261719 0.832031 0.277344 0.855469 0.277344 0.855469 0.253906
4 0.636719 0.238281 0.636719 0.257812 0.656250 0.257812 0.660156 0.261719 0.660156 0.292969 0.664062 0.296875 0.664062 0.316406 0.660156 0.320312 0.660156 0.328125 0.656250 0.332031 0.652344 0.332031 0.652344 0.335938 0.648438 0.339844 0.648438 0.347656 0.675781 0.347656 0.679688 0.351562 0.703125 0.351562 0.707031 0.355469 0.707031 0.394531 0.718750 0.394531 0.722656 0.390625 0.734375 0.390625 0.734375 0.378906 0.726562 0.371094 0.726562 0.339844 0.722656 0.339844 0.718750 0.335938 0.695312 0.335938 0.683594 0.324219 0.683594 0.316406 0.679688 0.316406 0.671875 0.308594 0.671875 0.277344 0.679688 0.269531 0.683594 0.269531 0.683594 0.250000 0.667969 0.250000 0.664062 0.246094 0.664062 0.242188 0.660156 0.242188 0.656250 0.238281
4 0.535156 0.230469 0.531250 0.234375 0.531250 0.250000 0.527344 0.253906 0.527344 0.261719 0.531250 0.265625 0.531250 0.269531 0.535156 0.273438 0.535156 0.292969 0.531250 0.296875 0.531250 0.300781 0.527344 0.304688 0.527344 0.351562 0.523438 0.355469 0.523438 0.363281 0.519531 0.367188 0.511719 0.367188 0.507812 0.371094 0.503906 0.371094 0.503906 0.375000 0.500000 0.378906 0.500000 0.386719 0.496094 0.390625 0.496094 0.417969 0.492188 0.421875 0.492188 0.429688 0.488281 0.433594 0.488281 0.441406 0.492188 0.445312 0.492188 0.449219 0.500000 0.449219 0.503906 0.445312 0.503906 0.437500 0.507812 0.433594 0.507812 0.414062 0.511719 0.410156 0.527344 0.410156 0.535156 0.417969 0.542969 0.417969 0.546875 0.414062 0.546875 0.394531 0.542969 0.390625 0.531250 0.390625 0.527344 0.386719 0.527344 0.367188 0.531250 0.363281 0.531250 0.351562 0.535156 0.347656 0.535156 0.328125 0.539062 0.324219 0.539062 0.316406 0.542969 0.312500 0.542969 0.304688 0.550781 0.296875 0.550781 0.285156 0.554688 0.281250 0.554688 0.273438 0.558594 0.269531 0.558594 0.253906 0.554688 0.250000 0.554688 0.238281 0.550781 0.238281 0.546875 0.234375 0.546875 0.230469
4 0.625000 0.175781 0.621094 0.179688 0.605469 0.179688 0.605469 0.187500 0.601562 0.191406 0.601562 0.207031 0.597656 0.210938 0.597656 0.218750 0.609375 0.218750 0.609375 0.214844 0.613281 0.210938 0.613281 0.203125 0.617188 0.199219 0.632812 0.199219 0.636719 0.195312 0.640625 0.195312 0.640625 0.179688 0.636719 0.175781
4 0.445312 0.167969 0.445312 0.179688 0.441406 0.183594 0.398438 0.183594 0.394531 0.179688 0.394531 0.175781 0.386719 0.175781 0.386719 0.183594 0.402344 0.183594 0.406250 0.187500 0.406250 0.210938 0.398438 0.218750 0.390625 0.218750 0.386719 0.222656 0.378906 0.222656 0.378906 0.230469 0.390625 0.230469 0.394531 0.234375 0.394531 0.250000 0.390625 0.253906 0.378906 0.253906 0.378906 0.273438 0.375000 0.277344 0.371094 0.277344 0.371094 0.289062 0.367188 0.292969 0.355469 0.292969 0.355469 0.300781 0.359375 0.304688 0.371094 0.304688 0.375000 0.308594 0.398438 0.308594 0.402344 0.312500 0.402344 0.316406 0.429688 0.316406 0.437500 0.308594 0.457031 0.308594 0.460938 0.304688 0.460938 0.277344 0.457031 0.273438 0.453125 0.273438 0.449219 0.269531 0.449219 0.253906 0.457031 0.246094 0.464844 0.246094 0.468750 0.242188 0.476562 0.242188 0.476562 0.238281 0.480469 0.234375 0.480469 0.230469 0.484375 0.226562 0.488281 0.226562 0.488281 0.214844 0.492188 0.210938 0.492188 0.203125 0.496094 0.199219 0.496094 0.191406 0.484375 0.191406 0.484375 0.195312 0.480469 0.199219 0.464844 0.199219 0.460938 0.195312 0.460938 0.179688 0.457031 0.179688 0.453125 0.175781 0.453125 0.167969
4 0.929688 0.117188 0.929688 0.125000 0.937500 0.125000 0.937500 0.117188
4 0.925781 0.000000 0.925781 0.023438 0.921875 0.027344 0.917969 0.027344 0.917969 0.039062 0.914062 0.042969 0.906250 0.042969 0.906250 0.054688 0.910156 0.058594 0.910156 0.062500 0.914062 0.066406 0.917969 0.066406 0.921875 0.070312 0.921875 0.078125 0.933594 0.078125 0.937500 0.074219 0.941406 0.074219 0.949219 0.066406 0.949219 0.046875 0.953125 0.042969 0.953125 0.023438 0.937500 0.023438 0.933594 0.019531 0.933594 0.000000
