4 0.535156 0.855469 0.535156 0.875000 0.531250 0.878906 0.527344 0.878906 0.527344 0.894531 0.531250 0.898438 0.535156 0.898438 0.539062 0.902344 0.539062 0.910156 0.542969 0.914062 0.542969 0.921875 0.546875 0.925781 0.546875 0.933594 0.550781 0.937500 0.550781 0.941406 0.554688 0.945312 0.554688 0.949219 0.570312 0.964844 0.570312 0.968750 0.574219 0.972656 0.574219 0.980469 0.578125 0.984375 0.578125 0.996094 0.585938 0.996094 0.585938 0.964844 0.582031 0.960938 0.582031 0.957031 0.578125 0.953125 0.578125 0.945312 0.574219 0.941406 0.574219 0.937500 0.570312 0.933594 0.570312 0.917969 0.578125 0.910156 0.578125 0.902344 0.570312 0.894531 0.562500 0.894531 0.558594 0.890625 0.558594 0.859375 0.554688 0.859375 0.550781 0.855469
4 0.921875 0.804688 0.921875 0.816406 0.925781 0.820312 0.925781 0.828125 0.933594 0.835938 0.933594 0.839844 0.937500 0.843750 0.937500 0.851562 0.941406 0.855469 0.941406 0.867188 0.945312 0.871094 0.945312 0.878906 0.949219 0.882812 0.949219 0.890625 0.953125 0.894531 0.953125 0.902344 0.960938 0.910156 0.960938 0.914062 0.964844 0.917969 0.964844 0.921875 0.968750 0.925781 0.968750 0.949219 0.964844 0.953125 0.964844 0.957031 0.957031 0.964844 0.953125 0.964844 0.949219 0.968750 0.941406 0.968750 0.933594 0.976562 0.929688 0.976562 0.925781 0.980469 0.917969 0.980469 0.917969 0.996094 0.949219 0.996094 0.949219 0.984375 0.953125 0.980469 0.957031 0.980469 0.960938 0.976562 0.964844 0.976562 0.968750 0.972656 0.972656 0.972656 0.984375 0.960938 0.984375 0.953125 0.988281 0.949219 0.996094 0.949219 0.996094 0.937500 0.988281 0.937500 0.984375 0.933594 0.984375 0.929688 0.980469 0.925781 0.980469 0.914062 0.976562 0.910156 0.976562 0.906250 0.972656 0.902344 0.972656 0.898438 0.968750 0.894531 0.968750 0.886719 0.960938 0.878906 0.960938 0.875000 0.957031 0.871094 0.957031 0.867188 0.953125 0.863281 0.953125 0.859375 0.949219 0.855469 0.949219 0.851562 0.945312 0.847656 0.945312 0.839844 0.941406 0.835938 0.941406 0.828125 0.933594 0.820312 0.933594 0.816406 0.929688 0.812500 0.929688 0.804688
4 0.875000 0.746094 0.875000 0.757812 0.882812 0.765625 0.882812 0.769531 0.890625 0.777344 0.894531 0.777344 0.902344 0.785156 0.902344 0.789062 0.906250 0.789062 0.910156 0.792969 0.917969 0.792969 0.917969 0.785156 0.906250 0.773438 0.906250 0.769531 0.882812 0.746094
4 0.792969 0.675781 0.792969 0.683594 0.800781 0.683594 0.800781 0.675781
4 0.417969 0.492188 0.417969 0.503906 0.414062 0.507812 0.402344 0.507812 0.402344 0.523438 0.406250 0.527344 0.417969 0.527344 0.421875 0.531250 0.421875 0.554688 0.425781 0.558594 0.425781 0.593750 0.421875 0.597656 0.417969 0.597656 0.417969 0.609375 0.429688 0.609375 0.429688 0.597656 0.433594 0.593750 0.433594 0.582031 0.437500 0.578125 0.457031 0.578125 0.457031 0.570312 0.437500 0.570312 0.433594 0.566406 0.433594 0.558594 0.429688 0.554688 0.429688 0.535156 0.425781 0.535156 0.421875 0.531250 0.421875 0.503906 0.425781 0.500000 0.425781 0.492188
4 0.378906 0.410156 0.378906 0.421875 0.382812 0.425781 0.402344 0.425781 0.406250 0.429688 0.406250 0.437500 0.414062 0.437500 0.414062 0.433594 0.417969 0.429688 0.421875 0.429688 0.421875 0.421875 0.406250 0.421875 0.402344 0.417969 0.402344 0.414062 0.398438 0.410156
4 0.367188 0.367188 0.367188 0.375000 0.386719 0.375000 0.390625 0.378906 0.390625 0.382812 0.398438 0.382812 0.398438 0.375000 0.378906 0.375000 0.375000 0.371094 0.375000 0.367188
4 0.433594 0.363281 0.433594 0.390625 0.425781 0.398438 0.425781 0.410156 0.437500 0.410156 0.437500 0.382812 0.441406 0.378906 0.453125 0.378906 0.453125 0.371094 0.449219 0.371094 0.445312 0.367188 0.445312 0.363281
4 0.402344 0.347656 0.402344 0.359375 0.410156 0.359375 0.410156 0.347656
4 0.378906 0.308594 0.378906 0.328125 0.375000 0.332031 0.359375 0.332031 0.359375 0.339844 0.363281 0.343750 0.371094 0.343750 0.371094 0.339844 0.375000 0.335938 0.390625 0.335938 0.390625 0.320312 0.386719 0.316406 0.386719 0.308594
4 0.414062 0.289062 0.414062 0.296875 0.421875 0.296875 0.421875 0.289062
4 0.707031 0.183594 0.707031 0.191406 0.703125 0.195312 0.703125 0.203125 0.699219 0.207031 0.699219 0.222656 0.703125 0.226562 0.703125 0.238281 0.710938 0.238281 0.710938 0.222656 0.714844 0.218750 0.714844 0.183594
