4 0.464844 0.941406 0.457031 0.949219 0.453125 0.949219 0.453125 0.953125 0.445312 0.960938 0.437500 0.960938 0.437500 0.968750 0.433594 0.972656 0.425781 0.972656 0.425781 0.976562 0.421875 0.980469 0.417969 0.980469 0.410156 0.988281 0.410156 0.996094 0.437500 0.996094 0.437500 0.988281 0.441406 0.984375 0.441406 0.980469 0.445312 0.976562 0.449219 0.976562 0.460938 0.964844 0.464844 0.964844 0.472656 0.957031 0.476562 0.957031 0.480469 0.953125 0.480469 0.945312 0.476562 0.945312 0.472656 0.941406
4 0.425781 0.691406 0.414062 0.703125 0.410156 0.703125 0.410156 0.714844 0.421875 0.714844 0.425781 0.718750 0.425781 0.722656 0.429688 0.722656 0.433594 0.726562 0.437500 0.726562 0.441406 0.730469 0.441406 0.742188 0.449219 0.742188 0.449219 0.734375 0.445312 0.734375 0.441406 0.730469 0.441406 0.710938 0.437500 0.710938 0.433594 0.707031 0.433594 0.691406
4 0.457031 0.679688 0.457031 0.699219 0.464844 0.699219 0.464844 0.691406 0.468750 0.687500 0.472656 0.687500 0.472656 0.679688
4 0.539062 0.585938 0.539062 0.621094 0.550781 0.621094 0.550781 0.585938
4 0.718750 0.550781 0.718750 0.570312 0.714844 0.574219 0.699219 0.574219 0.699219 0.589844 0.695312 0.593750 0.695312 0.601562 0.710938 0.601562 0.710938 0.585938 0.718750 0.578125 0.738281 0.578125 0.742188 0.574219 0.750000 0.574219 0.750000 0.562500 0.746094 0.558594 0.734375 0.558594 0.730469 0.554688 0.730469 0.550781
4 0.515625 0.527344 0.515625 0.535156 0.511719 0.539062 0.511719 0.546875 0.503906 0.554688 0.488281 0.554688 0.484375 0.550781 0.472656 0.550781 0.468750 0.554688 0.468750 0.574219 0.464844 0.578125 0.460938 0.578125 0.457031 0.582031 0.453125 0.582031 0.453125 0.589844 0.460938 0.589844 0.468750 0.597656 0.468750 0.601562 0.484375 0.601562 0.488281 0.605469 0.488281 0.621094 0.484375 0.625000 0.484375 0.640625 0.503906 0.640625 0.507812 0.644531 0.507812 0.652344 0.519531 0.652344 0.531250 0.640625 0.531250 0.625000 0.507812 0.625000 0.503906 0.621094 0.503906 0.593750 0.507812 0.589844 0.515625 0.589844 0.515625 0.585938 0.519531 0.582031 0.527344 0.582031 0.527344 0.566406 0.535156 0.558594 0.535156 0.535156 0.531250 0.531250 0.531250 0.527344
4 0.414062 0.484375 0.410156 0.488281 0.410156 0.511719 0.414062 0.515625 0.417969 0.515625 0.421875 0.519531 0.421875 0.527344 0.425781 0.527344 0.429688 0.531250 0.429688 0.546875 0.437500 0.546875 0.437500 0.539062 0.433594 0.535156 0.433594 0.507812 0.425781 0.507812 0.421875 0.503906 0.421875 0.484375
4 0.453125 0.480469 0.453125 0.484375 0.449219 0.488281 0.449219 0.496094 0.460938 0.496094 0.464844 0.492188 0.468750 0.492188 0.468750 0.480469
4 0.148438 0.406250 0.148438 0.414062 0.144531 0.417969 0.144531 0.425781 0.148438 0.429688 0.148438 0.449219 0.144531 0.453125 0.144531 0.464844 0.140625 0.468750 0.140625 0.472656 0.136719 0.476562 0.136719 0.480469 0.132812 0.484375 0.132812 0.492188 0.136719 0.496094 0.136719 0.500000 0.144531 0.500000 0.144531 0.496094 0.148438 0.492188 0.152344 0.492188 0.156250 0.488281 0.156250 0.484375 0.160156 0.480469 0.160156 0.464844 0.167969 0.457031 0.167969 0.429688 0.171875 0.425781 0.171875 0.414062 0.164062 0.406250
4 0.687500 0.222656 0.687500 0.226562 0.683594 0.230469 0.679688 0.230469 0.679688 0.269531 0.683594 0.269531 0.687500 0.273438 0.687500 0.281250 0.695312 0.281250 0.695312 0.265625 0.691406 0.261719 0.691406 0.246094 0.695312 0.242188 0.695312 0.222656
4 0.699219 0.179688 0.699219 0.187500 0.707031 0.187500 0.707031 0.179688
