4 0.906250 0.882812 0.906250 0.906250 0.902344 0.910156 0.902344 0.917969 0.914062 0.917969 0.917969 0.914062 0.917969 0.898438 0.914062 0.894531 0.914062 0.882812
4 0.433594 0.769531 0.433594 0.773438 0.429688 0.777344 0.429688 0.792969 0.433594 0.796875 0.437500 0.796875 0.441406 0.800781 0.453125 0.800781 0.457031 0.796875 0.464844 0.796875 0.464844 0.789062 0.460938 0.789062 0.457031 0.785156 0.453125 0.785156 0.449219 0.781250 0.449219 0.777344 0.445312 0.777344 0.441406 0.773438 0.441406 0.769531
4 0.902344 0.726562 0.902344 0.730469 0.898438 0.734375 0.898438 0.738281 0.894531 0.742188 0.894531 0.757812 0.890625 0.761719 0.890625 0.765625 0.886719 0.769531 0.886719 0.777344 0.875000 0.789062 0.875000 0.792969 0.871094 0.796875 0.871094 0.800781 0.867188 0.804688 0.867188 0.828125 0.875000 0.828125 0.875000 0.812500 0.878906 0.808594 0.878906 0.804688 0.882812 0.800781 0.882812 0.796875 0.890625 0.789062 0.890625 0.785156 0.894531 0.781250 0.894531 0.777344 0.898438 0.773438 0.898438 0.765625 0.902344 0.761719 0.906250 0.761719 0.906250 0.757812 0.910156 0.753906 0.910156 0.726562
4 0.707031 0.722656 0.703125 0.726562 0.687500 0.726562 0.687500 0.750000 0.683594 0.753906 0.671875 0.753906 0.671875 0.761719 0.675781 0.765625 0.691406 0.765625 0.695312 0.769531 0.703125 0.769531 0.707031 0.773438 0.707031 0.789062 0.703125 0.792969 0.687500 0.792969 0.687500 0.812500 0.707031 0.812500 0.710938 0.816406 0.726562 0.816406 0.730469 0.812500 0.730469 0.808594 0.734375 0.804688 0.734375 0.792969 0.726562 0.792969 0.722656 0.789062 0.722656 0.773438 0.726562 0.769531 0.742188 0.769531 0.742188 0.765625 0.746094 0.761719 0.746094 0.753906 0.742188 0.750000 0.742188 0.742188 0.730469 0.742188 0.722656 0.734375 0.722656 0.726562 0.718750 0.726562 0.714844 0.722656
4 0.562500 0.710938 0.562500 0.726562 0.554688 0.734375 0.535156 0.734375 0.531250 0.730469 0.523438 0.730469 0.519531 0.734375 0.503906 0.734375 0.503906 0.742188 0.500000 0.746094 0.500000 0.777344 0.503906 0.777344 0.507812 0.781250 0.507812 0.796875 0.503906 0.800781 0.488281 0.800781 0.488281 0.804688 0.484375 0.808594 0.484375 0.828125 0.488281 0.832031 0.500000 0.832031 0.503906 0.835938 0.507812 0.835938 0.511719 0.839844 0.519531 0.839844 0.519531 0.832031 0.511719 0.824219 0.511719 0.804688 0.515625 0.800781 0.535156 0.800781 0.535156 0.792969 0.531250 0.789062 0.531250 0.757812 0.542969 0.746094 0.558594 0.746094 0.562500 0.742188 0.566406 0.742188 0.570312 0.738281 0.578125 0.738281 0.578125 0.730469 0.582031 0.726562 0.589844 0.726562 0.589844 0.718750 0.585938 0.718750 0.578125 0.710938
4 0.359375 0.710938 0.359375 0.726562 0.367188 0.734375 0.375000 0.734375 0.378906 0.738281 0.378906 0.746094 0.382812 0.746094 0.390625 0.753906 0.402344 0.753906 0.410156 0.746094 0.414062 0.746094 0.414062 0.738281 0.410156 0.734375 0.398438 0.734375 0.394531 0.730469 0.390625 0.730469 0.386719 0.726562 0.382812 0.726562 0.378906 0.722656 0.378906 0.718750 0.371094 0.710938
4 0.328125 0.671875 0.328125 0.679688 0.332031 0.683594 0.332031 0.699219 0.335938 0.703125 0.351562 0.703125 0.351562 0.691406 0.347656 0.691406 0.343750 0.687500 0.343750 0.683594 0.339844 0.683594 0.335938 0.679688 0.335938 0.671875
4 0.492188 0.667969 0.492188 0.675781 0.496094 0.679688 0.496094 0.699219 0.492188 0.703125 0.488281 0.703125 0.484375 0.707031 0.484375 0.718750 0.496094 0.718750 0.496094 0.695312 0.500000 0.691406 0.515625 0.691406 0.527344 0.703125 0.539062 0.703125 0.539062 0.687500 0.531250 0.687500 0.527344 0.683594 0.527344 0.675781 0.523438 0.671875 0.503906 0.671875 0.500000 0.667969
4 0.300781 0.636719 0.300781 0.644531 0.304688 0.648438 0.312500 0.648438 0.312500 0.636719
4 0.437500 0.593750 0.429688 0.601562 0.402344 0.601562 0.398438 0.597656 0.390625 0.597656 0.390625 0.601562 0.386719 0.605469 0.386719 0.617188 0.382812 0.621094 0.382812 0.628906 0.394531 0.628906 0.398438 0.625000 0.429688 0.625000 0.433594 0.628906 0.437500 0.628906 0.441406 0.632812 0.441406 0.652344 0.468750 0.652344 0.472656 0.648438 0.476562 0.648438 0.476562 0.617188 0.472656 0.617188 0.464844 0.609375 0.453125 0.609375 0.449219 0.605469 0.449219 0.593750
4 0.902344 0.566406 0.902344 0.585938 0.906250 0.589844 0.906250 0.613281 0.910156 0.613281 0.914062 0.617188 0.914062 0.625000 0.925781 0.625000 0.925781 0.613281 0.921875 0.609375 0.921875 0.601562 0.917969 0.597656 0.917969 0.585938 0.914062 0.582031 0.914062 0.566406
4 0.796875 0.535156 0.789062 0.542969 0.785156 0.542969 0.785156 0.562500 0.789062 0.566406 0.789062 0.585938 0.804688 0.585938 0.804688 0.554688 0.812500 0.546875 0.812500 0.539062 0.808594 0.535156
4 0.867188 0.527344 0.867188 0.535156 0.871094 0.539062 0.871094 0.550781 0.890625 0.550781 0.890625 0.542969 0.886719 0.539062 0.878906 0.539062 0.875000 0.535156 0.875000 0.527344
4 0.410156 0.429688 0.406250 0.433594 0.402344 0.433594 0.398438 0.437500 0.394531 0.437500 0.394531 0.457031 0.390625 0.460938 0.390625 0.464844 0.386719 0.468750 0.386719 0.480469 0.390625 0.484375 0.402344 0.484375 0.402344 0.476562 0.406250 0.472656 0.406250 0.464844 0.410156 0.460938 0.417969 0.460938 0.421875 0.457031 0.437500 0.457031 0.441406 0.460938 0.441406 0.468750 0.445312 0.468750 0.449219 0.472656 0.449219 0.476562 0.460938 0.476562 0.472656 0.488281 0.480469 0.488281 0.480469 0.476562 0.484375 0.472656 0.484375 0.464844 0.480469 0.464844 0.476562 0.460938 0.468750 0.460938 0.464844 0.457031 0.453125 0.457031 0.449219 0.453125 0.445312 0.453125 0.441406 0.449219 0.441406 0.445312 0.437500 0.441406 0.437500 0.437500 0.429688 0.429688
4 0.222656 0.386719 0.222656 0.390625 0.218750 0.394531 0.218750 0.406250 0.222656 0.410156 0.222656 0.417969 0.226562 0.421875 0.226562 0.433594 0.230469 0.433594 0.234375 0.437500 0.234375 0.480469 0.246094 0.492188 0.246094 0.496094 0.250000 0.500000 0.250000 0.507812 0.253906 0.511719 0.253906 0.519531 0.257812 0.523438 0.257812 0.527344 0.261719 0.531250 0.261719 0.539062 0.265625 0.542969 0.265625 0.550781 0.269531 0.554688 0.269531 0.558594 0.277344 0.566406 0.277344 0.578125 0.281250 0.578125 0.289062 0.585938 0.289062 0.589844 0.296875 0.589844 0.300781 0.585938 0.300781 0.578125 0.296875 0.574219 0.296875 0.570312 0.292969 0.566406 0.292969 0.562500 0.289062 0.558594 0.289062 0.539062 0.292969 0.535156 0.308594 0.535156 0.316406 0.527344 0.316406 0.515625 0.312500 0.511719 0.281250 0.511719 0.277344 0.507812 0.273438 0.507812 0.269531 0.503906 0.265625 0.503906 0.261719 0.500000 0.261719 0.492188 0.257812 0.488281 0.257812 0.472656 0.253906 0.468750 0.253906 0.460938 0.250000 0.460938 0.246094 0.457031 0.246094 0.453125 0.242188 0.449219 0.242188 0.429688 0.250000 0.421875 0.250000 0.414062 0.246094 0.414062 0.242188 0.410156 0.238281 0.410156 0.234375 0.406250 0.234375 0.386719
4 0.546875 0.378906 0.546875 0.410156 0.542969 0.414062 0.523438 0.414062 0.523438 0.433594 0.527344 0.433594 0.531250 0.437500 0.531250 0.441406 0.535156 0.445312 0.535156 0.449219 0.542969 0.457031 0.542969 0.460938 0.546875 0.464844 0.546875 0.484375 0.542969 0.488281 0.531250 0.488281 0.531250 0.496094 0.550781 0.496094 0.554688 0.500000 0.562500 0.500000 0.566406 0.503906 0.566406 0.507812 0.574219 0.515625 0.574219 0.523438 0.578125 0.527344 0.585938 0.527344 0.589844 0.531250 0.589844 0.535156 0.593750 0.539062 0.593750 0.542969 0.597656 0.542969 0.605469 0.550781 0.605469 0.558594 0.613281 0.558594 0.617188 0.562500 0.617188 0.578125 0.621094 0.578125 0.625000 0.582031 0.625000 0.585938 0.632812 0.593750 0.632812 0.617188 0.628906 0.621094 0.625000 0.621094 0.625000 0.628906 0.648438 0.628906 0.652344 0.632812 0.652344 0.648438 0.656250 0.652344 0.656250 0.667969 0.660156 0.671875 0.660156 0.679688 0.664062 0.683594 0.664062 0.687500 0.671875 0.695312 0.675781 0.695312 0.679688 0.699219 0.679688 0.703125 0.691406 0.703125 0.691406 0.687500 0.683594 0.679688 0.683594 0.664062 0.687500 0.660156 0.718750 0.660156 0.718750 0.648438 0.695312 0.648438 0.691406 0.644531 0.691406 0.628906 0.695312 0.625000 0.695312 0.617188 0.699219 0.613281 0.699219 0.601562 0.683594 0.601562 0.675781 0.593750 0.675781 0.578125 0.679688 0.574219 0.683594 0.574219 0.683594 0.566406 0.687500 0.562500 0.691406 0.562500 0.691406 0.550781 0.687500 0.546875 0.687500 0.523438 0.671875 0.523438 0.667969 0.527344 0.648438 0.527344 0.644531 0.523438 0.644531 0.507812 0.632812 0.507812 0.628906 0.503906 0.628906 0.484375 0.621094 0.484375 0.617188 0.480469 0.617188 0.464844 0.621094 0.460938 0.621094 0.453125 0.601562 0.453125 0.597656 0.449219 0.597656 0.441406 0.593750 0.437500 0.585938 0.437500 0.585938 0.441406 0.582031 0.445312 0.574219 0.445312 0.570312 0.449219 0.554688 0.449219 0.542969 0.437500 0.542969 0.421875 0.546875 0.417969 0.558594 0.417969 0.558594 0.410156 0.562500 0.406250 0.582031 0.406250 0.582031 0.390625 0.574219 0.390625 0.570312 0.386719 0.566406 0.386719 0.562500 0.382812 0.558594 0.382812 0.554688 0.378906
4 0.484375 0.335938 0.480469 0.339844 0.476562 0.339844 0.476562 0.355469 0.484375 0.363281 0.484375 0.367188 0.488281 0.371094 0.488281 0.378906 0.500000 0.390625 0.500000 0.394531 0.503906 0.398438 0.515625 0.398438 0.515625 0.386719 0.503906 0.375000 0.503906 0.339844 0.500000 0.335938
4 0.457031 0.292969 0.457031 0.304688 0.453125 0.308594 0.441406 0.308594 0.441406 0.316406 0.445312 0.320312 0.445312 0.324219 0.449219 0.324219 0.453125 0.328125 0.460938 0.328125 0.460938 0.312500 0.464844 0.308594 0.472656 0.308594 0.472656 0.296875 0.468750 0.292969
4 0.417969 0.273438 0.417969 0.281250 0.425781 0.281250 0.425781 0.273438
4 0.222656 0.230469 0.222656 0.246094 0.218750 0.250000 0.214844 0.250000 0.214844 0.269531 0.210938 0.273438 0.210938 0.292969 0.207031 0.296875 0.207031 0.316406 0.210938 0.320312 0.210938 0.335938 0.222656 0.335938 0.226562 0.332031 0.261719 0.332031 0.261719 0.320312 0.250000 0.320312 0.246094 0.316406 0.246094 0.300781 0.234375 0.300781 0.230469 0.296875 0.230469 0.265625 0.234375 0.261719 0.234375 0.257812 0.238281 0.253906 0.238281 0.242188 0.234375 0.238281 0.234375 0.234375 0.230469 0.230469
4 0.234375 0.175781 0.230469 0.179688 0.230469 0.187500 0.226562 0.191406 0.226562 0.203125 0.238281 0.203125 0.238281 0.195312 0.242188 0.191406 0.242188 0.175781
4 0.261719 0.152344 0.253906 0.160156 0.250000 0.160156 0.250000 0.167969 0.265625 0.167969 0.269531 0.171875 0.269531 0.175781 0.273438 0.179688 0.281250 0.179688 0.281250 0.175781 0.285156 0.171875 0.285156 0.156250 0.273438 0.156250 0.269531 0.152344
4 0.304688 0.113281 0.300781 0.117188 0.300781 0.125000 0.320312 0.125000 0.324219 0.128906 0.324219 0.132812 0.328125 0.136719 0.332031 0.136719 0.335938 0.140625 0.355469 0.140625 0.359375 0.144531 0.359375 0.152344 0.367188 0.152344 0.367188 0.140625 0.359375 0.140625 0.355469 0.136719 0.355469 0.113281
