4 0.742188 0.906250 0.742188 0.917969 0.750000 0.917969 0.753906 0.914062 0.757812 0.914062 0.757812 0.906250
4 0.585938 0.886719 0.585938 0.890625 0.582031 0.894531 0.578125 0.894531 0.578125 0.910156 0.582031 0.914062 0.582031 0.921875 0.585938 0.921875 0.589844 0.925781 0.589844 0.968750 0.597656 0.968750 0.597656 0.949219 0.601562 0.945312 0.601562 0.937500 0.605469 0.933594 0.605469 0.929688 0.609375 0.925781 0.609375 0.917969 0.605469 0.917969 0.601562 0.914062 0.597656 0.914062 0.593750 0.910156 0.593750 0.886719
4 0.421875 0.863281 0.421875 0.878906 0.417969 0.882812 0.417969 0.894531 0.414062 0.898438 0.414062 0.902344 0.410156 0.906250 0.394531 0.906250 0.390625 0.902344 0.390625 0.898438 0.386719 0.894531 0.378906 0.894531 0.378906 0.902344 0.382812 0.906250 0.386719 0.906250 0.390625 0.910156 0.390625 0.914062 0.410156 0.914062 0.414062 0.917969 0.414062 0.921875 0.417969 0.925781 0.429688 0.925781 0.429688 0.886719 0.433594 0.882812 0.433594 0.871094 0.429688 0.867188 0.429688 0.863281
4 0.820312 0.828125 0.816406 0.832031 0.812500 0.832031 0.812500 0.839844 0.820312 0.847656 0.828125 0.847656 0.832031 0.851562 0.832031 0.867188 0.824219 0.875000 0.820312 0.875000 0.820312 0.890625 0.828125 0.890625 0.839844 0.878906 0.839844 0.863281 0.843750 0.859375 0.851562 0.859375 0.851562 0.843750 0.847656 0.843750 0.843750 0.839844 0.832031 0.839844 0.828125 0.835938 0.828125 0.828125
4 0.625000 0.769531 0.625000 0.777344 0.621094 0.781250 0.621094 0.785156 0.617188 0.789062 0.617188 0.808594 0.613281 0.812500 0.597656 0.812500 0.593750 0.808594 0.593750 0.796875 0.585938 0.796875 0.585938 0.816406 0.589844 0.816406 0.593750 0.820312 0.593750 0.839844 0.589844 0.843750 0.585938 0.843750 0.582031 0.847656 0.582031 0.855469 0.593750 0.855469 0.593750 0.832031 0.597656 0.828125 0.601562 0.828125 0.605469 0.824219 0.628906 0.824219 0.628906 0.820312 0.632812 0.816406 0.632812 0.812500 0.636719 0.808594 0.636719 0.769531
4 0.734375 0.753906 0.734375 0.761719 0.742188 0.761719 0.742188 0.753906
4 0.644531 0.718750 0.644531 0.726562 0.648438 0.730469 0.648438 0.734375 0.652344 0.734375 0.656250 0.738281 0.656250 0.742188 0.664062 0.750000 0.664062 0.753906 0.667969 0.757812 0.671875 0.757812 0.675781 0.761719 0.683594 0.761719 0.683594 0.753906 0.687500 0.750000 0.703125 0.750000 0.703125 0.746094 0.707031 0.742188 0.714844 0.742188 0.714844 0.734375 0.683594 0.734375 0.679688 0.730469 0.671875 0.730469 0.667969 0.726562 0.664062 0.726562 0.656250 0.718750
4 0.882812 0.714844 0.882812 0.722656 0.886719 0.726562 0.886719 0.773438 0.894531 0.773438 0.898438 0.769531 0.898438 0.738281 0.902344 0.734375 0.902344 0.726562 0.906250 0.722656 0.906250 0.714844
4 0.574219 0.683594 0.574219 0.718750 0.593750 0.718750 0.601562 0.726562 0.609375 0.726562 0.609375 0.710938 0.605469 0.707031 0.589844 0.707031 0.585938 0.703125 0.585938 0.687500 0.582031 0.683594
4 0.609375 0.671875 0.609375 0.679688 0.617188 0.679688 0.617188 0.671875
4 0.925781 0.652344 0.925781 0.656250 0.921875 0.660156 0.921875 0.664062 0.914062 0.671875 0.906250 0.671875 0.906250 0.679688 0.914062 0.679688 0.917969 0.683594 0.917969 0.695312 0.925781 0.695312 0.929688 0.691406 0.929688 0.687500 0.933594 0.683594 0.933594 0.679688 0.937500 0.675781 0.937500 0.656250 0.933594 0.652344
4 0.343750 0.613281 0.343750 0.621094 0.339844 0.625000 0.332031 0.625000 0.332031 0.648438 0.343750 0.648438 0.347656 0.652344 0.347656 0.664062 0.355469 0.671875 0.355469 0.699219 0.359375 0.703125 0.359375 0.707031 0.367188 0.707031 0.367188 0.660156 0.359375 0.652344 0.359375 0.632812 0.351562 0.625000 0.351562 0.613281
4 0.226562 0.605469 0.226562 0.613281 0.230469 0.617188 0.230469 0.621094 0.234375 0.625000 0.234375 0.628906 0.238281 0.632812 0.238281 0.640625 0.242188 0.644531 0.242188 0.652344 0.246094 0.656250 0.246094 0.664062 0.250000 0.667969 0.250000 0.679688 0.253906 0.683594 0.253906 0.691406 0.261719 0.699219 0.261719 0.703125 0.265625 0.707031 0.265625 0.710938 0.273438 0.718750 0.273438 0.726562 0.277344 0.730469 0.277344 0.734375 0.281250 0.738281 0.281250 0.750000 0.285156 0.753906 0.285156 0.761719 0.289062 0.765625 0.289062 0.773438 0.292969 0.777344 0.292969 0.785156 0.304688 0.796875 0.304688 0.804688 0.312500 0.812500 0.312500 0.816406 0.328125 0.832031 0.328125 0.835938 0.339844 0.847656 0.339844 0.851562 0.347656 0.851562 0.347656 0.835938 0.339844 0.828125 0.339844 0.824219 0.335938 0.820312 0.332031 0.820312 0.328125 0.816406 0.328125 0.812500 0.324219 0.808594 0.320312 0.808594 0.316406 0.804688 0.316406 0.800781 0.312500 0.796875 0.312500 0.777344 0.308594 0.773438 0.308594 0.769531 0.304688 0.765625 0.304688 0.761719 0.296875 0.761719 0.292969 0.757812 0.292969 0.750000 0.289062 0.746094 0.289062 0.734375 0.285156 0.730469 0.285156 0.687500 0.281250 0.687500 0.273438 0.679688 0.269531 0.679688 0.265625 0.675781 0.265625 0.648438 0.269531 0.644531 0.269531 0.636719 0.257812 0.636719 0.250000 0.628906 0.250000 0.617188 0.246094 0.613281 0.246094 0.605469
4 0.425781 0.523438 0.425781 0.539062 0.429688 0.542969 0.429688 0.546875 0.433594 0.546875 0.437500 0.550781 0.437500 0.578125 0.445312 0.585938 0.445312 0.593750 0.453125 0.593750 0.457031 0.597656 0.457031 0.609375 0.460938 0.609375 0.464844 0.613281 0.464844 0.632812 0.460938 0.636719 0.460938 0.656250 0.457031 0.660156 0.445312 0.660156 0.441406 0.664062 0.437500 0.664062 0.437500 0.675781 0.445312 0.675781 0.449219 0.679688 0.496094 0.679688 0.500000 0.683594 0.500000 0.726562 0.503906 0.730469 0.503906 0.750000 0.500000 0.753906 0.500000 0.761719 0.519531 0.761719 0.519531 0.753906 0.515625 0.753906 0.511719 0.750000 0.511719 0.730469 0.515625 0.726562 0.519531 0.726562 0.519531 0.699219 0.523438 0.695312 0.527344 0.695312 0.535156 0.687500 0.550781 0.687500 0.550781 0.683594 0.554688 0.679688 0.554688 0.671875 0.546875 0.671875 0.542969 0.667969 0.542969 0.664062 0.539062 0.660156 0.539062 0.644531 0.542969 0.640625 0.546875 0.640625 0.546875 0.632812 0.531250 0.632812 0.531250 0.644531 0.527344 0.648438 0.523438 0.648438 0.523438 0.656250 0.519531 0.660156 0.484375 0.660156 0.480469 0.656250 0.480469 0.640625 0.472656 0.632812 0.472656 0.589844 0.476562 0.585938 0.488281 0.585938 0.492188 0.582031 0.492188 0.562500 0.484375 0.562500 0.480469 0.558594 0.472656 0.558594 0.468750 0.562500 0.445312 0.562500 0.441406 0.558594 0.441406 0.535156 0.437500 0.535156 0.433594 0.531250 0.433594 0.523438
4 0.796875 0.488281 0.796875 0.496094 0.792969 0.500000 0.769531 0.500000 0.769531 0.507812 0.777344 0.507812 0.781250 0.511719 0.785156 0.511719 0.789062 0.515625 0.800781 0.515625 0.808594 0.523438 0.808594 0.550781 0.828125 0.550781 0.828125 0.542969 0.824219 0.539062 0.824219 0.523438 0.828125 0.519531 0.828125 0.503906 0.824219 0.500000 0.812500 0.500000 0.808594 0.496094 0.808594 0.492188 0.804688 0.488281
4 0.750000 0.484375 0.750000 0.492188 0.765625 0.492188 0.765625 0.484375
4 0.343750 0.449219 0.343750 0.464844 0.351562 0.472656 0.351562 0.480469 0.363281 0.492188 0.363281 0.496094 0.375000 0.496094 0.375000 0.492188 0.378906 0.488281 0.378906 0.464844 0.375000 0.460938 0.375000 0.457031 0.363281 0.457031 0.359375 0.453125 0.355469 0.453125 0.351562 0.449219
4 0.636719 0.386719 0.636719 0.394531 0.640625 0.398438 0.648438 0.398438 0.648438 0.386719
4 0.546875 0.355469 0.546875 0.375000 0.550781 0.378906 0.550781 0.421875 0.554688 0.425781 0.554688 0.472656 0.562500 0.472656 0.566406 0.468750 0.585938 0.468750 0.589844 0.472656 0.589844 0.476562 0.593750 0.480469 0.593750 0.500000 0.589844 0.503906 0.585938 0.503906 0.585938 0.511719 0.593750 0.511719 0.593750 0.492188 0.597656 0.488281 0.605469 0.488281 0.609375 0.484375 0.625000 0.484375 0.628906 0.488281 0.628906 0.492188 0.636719 0.492188 0.640625 0.496094 0.640625 0.511719 0.644531 0.515625 0.644531 0.542969 0.664062 0.542969 0.667969 0.546875 0.667969 0.566406 0.664062 0.570312 0.625000 0.570312 0.621094 0.566406 0.621094 0.558594 0.617188 0.554688 0.601562 0.554688 0.597656 0.550781 0.597656 0.542969 0.593750 0.542969 0.589844 0.539062 0.574219 0.539062 0.570312 0.535156 0.570312 0.527344 0.550781 0.527344 0.550781 0.574219 0.542969 0.582031 0.515625 0.582031 0.515625 0.597656 0.523438 0.605469 0.531250 0.605469 0.535156 0.601562 0.562500 0.601562 0.566406 0.605469 0.566406 0.609375 0.570312 0.613281 0.570312 0.628906 0.578125 0.628906 0.578125 0.617188 0.574219 0.613281 0.574219 0.597656 0.578125 0.593750 0.578125 0.562500 0.582031 0.558594 0.597656 0.558594 0.601562 0.562500 0.601562 0.578125 0.605469 0.582031 0.605469 0.601562 0.609375 0.605469 0.609375 0.609375 0.617188 0.617188 0.617188 0.625000 0.632812 0.625000 0.636719 0.628906 0.636719 0.632812 0.667969 0.632812 0.671875 0.636719 0.675781 0.636719 0.679688 0.640625 0.683594 0.640625 0.687500 0.644531 0.687500 0.656250 0.699219 0.656250 0.703125 0.660156 0.703125 0.664062 0.718750 0.664062 0.718750 0.660156 0.722656 0.656250 0.722656 0.644531 0.718750 0.644531 0.714844 0.640625 0.699219 0.640625 0.695312 0.636719 0.695312 0.617188 0.699219 0.613281 0.718750 0.613281 0.722656 0.609375 0.742188 0.609375 0.742188 0.601562 0.734375 0.601562 0.730469 0.605469 0.707031 0.605469 0.703125 0.609375 0.683594 0.609375 0.679688 0.605469 0.679688 0.589844 0.675781 0.585938 0.675781 0.546875 0.671875 0.546875 0.667969 0.542969 0.667969 0.515625 0.671875 0.511719 0.671875 0.500000 0.667969 0.496094 0.667969 0.457031 0.664062 0.453125 0.664062 0.445312 0.660156 0.441406 0.660156 0.437500 0.656250 0.433594 0.656250 0.421875 0.640625 0.421875 0.640625 0.429688 0.636719 0.433594 0.636719 0.441406 0.640625 0.441406 0.644531 0.445312 0.644531 0.464844 0.640625 0.468750 0.609375 0.468750 0.605469 0.464844 0.605469 0.453125 0.601562 0.449219 0.593750 0.449219 0.593750 0.464844 0.589844 0.468750 0.574219 0.468750 0.570312 0.464844 0.570312 0.390625 0.566406 0.386719 0.566406 0.355469
4 0.425781 0.335938 0.425781 0.343750 0.421875 0.347656 0.417969 0.347656 0.414062 0.351562 0.410156 0.351562 0.402344 0.359375 0.394531 0.359375 0.390625 0.363281 0.382812 0.363281 0.382812 0.367188 0.371094 0.378906 0.371094 0.386719 0.386719 0.386719 0.390625 0.390625 0.390625 0.394531 0.410156 0.394531 0.414062 0.390625 0.417969 0.390625 0.417969 0.386719 0.425781 0.378906 0.445312 0.378906 0.445312 0.367188 0.441406 0.367188 0.437500 0.363281 0.437500 0.335938
4 0.546875 0.312500 0.546875 0.328125 0.554688 0.328125 0.554688 0.312500
4 0.398438 0.273438 0.398438 0.277344 0.394531 0.281250 0.394531 0.292969 0.390625 0.296875 0.371094 0.296875 0.371094 0.312500 0.375000 0.312500 0.378906 0.316406 0.390625 0.316406 0.390625 0.304688 0.394531 0.300781 0.406250 0.300781 0.410156 0.296875 0.410156 0.292969 0.414062 0.289062 0.414062 0.277344 0.410156 0.277344 0.406250 0.273438
4 0.542969 0.250000 0.542969 0.253906 0.539062 0.257812 0.523438 0.257812 0.523438 0.265625 0.539062 0.265625 0.542969 0.269531 0.542969 0.281250 0.554688 0.281250 0.554688 0.250000
4 0.398438 0.222656 0.398438 0.234375 0.410156 0.234375 0.410156 0.222656
4 0.421875 0.207031 0.421875 0.214844 0.429688 0.214844 0.429688 0.207031
4 0.687500 0.199219 0.687500 0.214844 0.699219 0.214844 0.699219 0.199219
4 0.558594 0.164062 0.554688 0.167969 0.554688 0.179688 0.558594 0.183594 0.558594 0.187500 0.566406 0.187500 0.566406 0.164062
4 0.457031 0.160156 0.457031 0.164062 0.453125 0.167969 0.433594 0.167969 0.433594 0.199219 0.457031 0.199219 0.457031 0.183594 0.464844 0.175781 0.464844 0.160156
4 0.687500 0.156250 0.687500 0.160156 0.683594 0.164062 0.679688 0.164062 0.679688 0.175781 0.699219 0.175781 0.699219 0.156250
4 0.367188 0.144531 0.367188 0.148438 0.363281 0.152344 0.363281 0.156250 0.355469 0.164062 0.355469 0.179688 0.359375 0.179688 0.363281 0.183594 0.363281 0.199219 0.367188 0.203125 0.367188 0.207031 0.371094 0.210938 0.386719 0.210938 0.386719 0.199219 0.390625 0.195312 0.390625 0.187500 0.386719 0.187500 0.382812 0.183594 0.382812 0.152344 0.378906 0.148438 0.378906 0.144531
4 0.503906 0.121094 0.500000 0.125000 0.496094 0.125000 0.496094 0.128906 0.492188 0.132812 0.472656 0.132812 0.472656 0.156250 0.480469 0.156250 0.484375 0.152344 0.503906 0.152344 0.507812 0.148438 0.531250 0.148438 0.531250 0.140625 0.523438 0.140625 0.519531 0.136719 0.515625 0.136719 0.511719 0.132812 0.511719 0.121094
4 0.718750 0.101562 0.718750 0.109375 0.714844 0.113281 0.707031 0.113281 0.703125 0.117188 0.703125 0.132812 0.707031 0.132812 0.710938 0.136719 0.718750 0.136719 0.718750 0.128906 0.722656 0.125000 0.730469 0.125000 0.730469 0.117188 0.726562 0.113281 0.726562 0.101562
4 0.261719 0.101562 0.261719 0.105469 0.253906 0.113281 0.253906 0.117188 0.242188 0.128906 0.226562 0.128906 0.226562 0.132812 0.222656 0.136719 0.214844 0.136719 0.214844 0.140625 0.210938 0.144531 0.203125 0.144531 0.203125 0.148438 0.199219 0.152344 0.199219 0.160156 0.203125 0.164062 0.210938 0.164062 0.210938 0.160156 0.218750 0.152344 0.234375 0.152344 0.238281 0.156250 0.238281 0.164062 0.246094 0.171875 0.246094 0.195312 0.242188 0.199219 0.242188 0.207031 0.250000 0.207031 0.250000 0.191406 0.253906 0.187500 0.253906 0.179688 0.257812 0.175781 0.257812 0.167969 0.261719 0.164062 0.261719 0.160156 0.265625 0.156250 0.265625 0.125000 0.269531 0.121094 0.273438 0.121094 0.273438 0.101562
4 0.339844 0.000000 0.339844 0.027344 0.335938 0.031250 0.332031 0.031250 0.332031 0.035156 0.328125 0.039062 0.324219 0.039062 0.320312 0.042969 0.320312 0.054688 0.324219 0.054688 0.332031 0.062500 0.339844 0.062500 0.347656 0.054688 0.363281 0.054688 0.367188 0.058594 0.367188 0.074219 0.375000 0.074219 0.375000 0.066406 0.378906 0.062500 0.406250 0.062500 0.410156 0.058594 0.417969 0.058594 0.417969 0.050781 0.421875 0.046875 0.421875 0.035156 0.417969 0.031250 0.417969 0.027344 0.414062 0.023438 0.414062 0.019531 0.410156 0.015625 0.402344 0.015625 0.398438 0.019531 0.378906 0.019531 0.375000 0.015625 0.375000 0.011719 0.371094 0.007812 0.371094 0.000000
4 0.191406 0.000000 0.191406 0.019531 0.187500 0.023438 0.183594 0.023438 0.183594 0.035156 0.218750 0.035156 0.222656 0.031250 0.222656 0.023438 0.210938 0.023438 0.207031 0.019531 0.207031 0.000000
4 0.101562 0.000000 0.101562 0.011719 0.097656 0.015625 0.074219 0.015625 0.074219 0.031250 0.089844 0.031250 0.093750 0.035156 0.097656 0.035156 0.101562 0.039062 0.105469 0.039062 0.113281 0.046875 0.113281 0.050781 0.117188 0.050781 0.121094 0.054688 0.121094 0.066406 0.136719 0.066406 0.140625 0.070312 0.152344 0.070312 0.156250 0.074219 0.156250 0.085938 0.160156 0.085938 0.164062 0.089844 0.164062 0.093750 0.171875 0.093750 0.171875 0.058594 0.175781 0.054688 0.175781 0.046875 0.152344 0.046875 0.148438 0.042969 0.148438 0.035156 0.140625 0.027344 0.140625 0.023438 0.136719 0.019531 0.136719 0.000000
