4 0.714844 0.644531 0.707031 0.652344 0.683594 0.652344 0.679688 0.656250 0.675781 0.656250 0.671875 0.660156 0.671875 0.671875 0.667969 0.675781 0.667969 0.687500 0.664062 0.691406 0.652344 0.691406 0.644531 0.699219 0.628906 0.699219 0.628906 0.703125 0.617188 0.714844 0.609375 0.714844 0.609375 0.722656 0.605469 0.726562 0.605469 0.734375 0.613281 0.734375 0.617188 0.730469 0.621094 0.730469 0.632812 0.718750 0.632812 0.714844 0.636719 0.710938 0.667969 0.710938 0.667969 0.707031 0.671875 0.703125 0.671875 0.695312 0.675781 0.691406 0.675781 0.687500 0.679688 0.683594 0.679688 0.675781 0.691406 0.664062 0.718750 0.664062 0.722656 0.660156 0.722656 0.644531
4 0.343750 0.640625 0.343750 0.648438 0.335938 0.656250 0.335938 0.664062 0.332031 0.667969 0.328125 0.667969 0.328125 0.671875 0.324219 0.675781 0.324219 0.714844 0.347656 0.714844 0.351562 0.718750 0.355469 0.718750 0.359375 0.722656 0.359375 0.726562 0.375000 0.726562 0.375000 0.695312 0.378906 0.691406 0.398438 0.691406 0.398438 0.675781 0.394531 0.671875 0.394531 0.652344 0.390625 0.652344 0.378906 0.640625
4 0.187500 0.640625 0.187500 0.648438 0.195312 0.648438 0.199219 0.652344 0.199219 0.664062 0.207031 0.664062 0.210938 0.667969 0.210938 0.675781 0.246094 0.675781 0.246094 0.671875 0.250000 0.667969 0.261719 0.667969 0.261719 0.660156 0.257812 0.656250 0.250000 0.656250 0.250000 0.660156 0.246094 0.664062 0.222656 0.664062 0.218750 0.660156 0.214844 0.660156 0.207031 0.652344 0.199219 0.652344 0.195312 0.648438 0.195312 0.640625
4 0.867188 0.605469 0.867188 0.609375 0.863281 0.613281 0.863281 0.621094 0.871094 0.621094 0.875000 0.617188 0.875000 0.605469
4 0.316406 0.578125 0.316406 0.582031 0.312500 0.585938 0.312500 0.589844 0.308594 0.593750 0.308594 0.621094 0.320312 0.621094 0.328125 0.628906 0.335938 0.628906 0.335938 0.601562 0.324219 0.589844 0.324219 0.578125
4 0.734375 0.574219 0.734375 0.582031 0.738281 0.585938 0.738281 0.589844 0.746094 0.589844 0.750000 0.585938 0.750000 0.578125 0.746094 0.574219
4 0.902344 0.503906 0.902344 0.535156 0.898438 0.539062 0.894531 0.539062 0.890625 0.542969 0.890625 0.546875 0.886719 0.550781 0.886719 0.558594 0.882812 0.562500 0.878906 0.562500 0.878906 0.582031 0.890625 0.582031 0.894531 0.578125 0.894531 0.574219 0.898438 0.570312 0.902344 0.570312 0.902344 0.566406 0.906250 0.562500 0.906250 0.535156 0.910156 0.531250 0.914062 0.531250 0.914062 0.507812 0.910156 0.503906
4 0.105469 0.464844 0.101562 0.468750 0.101562 0.488281 0.109375 0.496094 0.109375 0.511719 0.113281 0.515625 0.113281 0.519531 0.117188 0.523438 0.117188 0.527344 0.121094 0.531250 0.121094 0.554688 0.125000 0.554688 0.132812 0.562500 0.132812 0.566406 0.136719 0.570312 0.136719 0.582031 0.140625 0.585938 0.140625 0.589844 0.152344 0.601562 0.152344 0.605469 0.156250 0.605469 0.160156 0.609375 0.160156 0.621094 0.167969 0.621094 0.171875 0.617188 0.175781 0.617188 0.175781 0.613281 0.179688 0.609375 0.179688 0.601562 0.171875 0.593750 0.171875 0.570312 0.164062 0.570312 0.160156 0.566406 0.160156 0.562500 0.156250 0.558594 0.156250 0.550781 0.140625 0.550781 0.136719 0.546875 0.132812 0.546875 0.128906 0.542969 0.128906 0.527344 0.132812 0.523438 0.136719 0.523438 0.136719 0.507812 0.132812 0.503906 0.132812 0.500000 0.128906 0.500000 0.125000 0.496094 0.125000 0.480469 0.128906 0.476562 0.128906 0.464844
4 0.417969 0.460938 0.414062 0.464844 0.410156 0.464844 0.410156 0.476562 0.402344 0.484375 0.378906 0.484375 0.378906 0.492188 0.375000 0.496094 0.363281 0.496094 0.363281 0.507812 0.378906 0.507812 0.382812 0.503906 0.386719 0.503906 0.386719 0.500000 0.390625 0.496094 0.398438 0.496094 0.398438 0.492188 0.402344 0.488281 0.414062 0.488281 0.417969 0.484375 0.441406 0.484375 0.441406 0.464844 0.429688 0.464844 0.425781 0.460938
4 0.773438 0.437500 0.769531 0.441406 0.667969 0.441406 0.664062 0.445312 0.664062 0.449219 0.660156 0.453125 0.648438 0.453125 0.648438 0.464844 0.644531 0.468750 0.640625 0.468750 0.640625 0.472656 0.636719 0.476562 0.636719 0.496094 0.640625 0.496094 0.648438 0.503906 0.648438 0.523438 0.644531 0.527344 0.644531 0.535156 0.640625 0.539062 0.628906 0.539062 0.628906 0.546875 0.625000 0.550781 0.621094 0.550781 0.621094 0.554688 0.617188 0.558594 0.601562 0.558594 0.601562 0.566406 0.640625 0.566406 0.640625 0.558594 0.644531 0.554688 0.644531 0.550781 0.648438 0.546875 0.664062 0.546875 0.667969 0.550781 0.679688 0.550781 0.679688 0.535156 0.675781 0.531250 0.675781 0.484375 0.687500 0.472656 0.687500 0.464844 0.691406 0.460938 0.710938 0.460938 0.710938 0.457031 0.714844 0.453125 0.730469 0.453125 0.734375 0.457031 0.734375 0.484375 0.730469 0.488281 0.730469 0.496094 0.734375 0.500000 0.734375 0.503906 0.738281 0.503906 0.742188 0.507812 0.742188 0.515625 0.750000 0.523438 0.753906 0.523438 0.757812 0.527344 0.757812 0.539062 0.765625 0.539062 0.765625 0.531250 0.769531 0.527344 0.777344 0.527344 0.781250 0.523438 0.785156 0.523438 0.785156 0.515625 0.781250 0.511719 0.781250 0.488281 0.785156 0.484375 0.785156 0.476562 0.777344 0.476562 0.773438 0.472656 0.773438 0.457031 0.777344 0.453125 0.785156 0.453125 0.785156 0.441406 0.781250 0.437500
4 0.546875 0.437500 0.546875 0.445312 0.550781 0.449219 0.550781 0.464844 0.546875 0.468750 0.527344 0.468750 0.527344 0.484375 0.523438 0.488281 0.519531 0.488281 0.519531 0.492188 0.515625 0.496094 0.507812 0.496094 0.507812 0.503906 0.511719 0.507812 0.523438 0.507812 0.527344 0.511719 0.527344 0.546875 0.535156 0.546875 0.539062 0.542969 0.542969 0.542969 0.542969 0.527344 0.539062 0.523438 0.539062 0.496094 0.546875 0.488281 0.550781 0.488281 0.550781 0.484375 0.554688 0.480469 0.554688 0.472656 0.558594 0.468750 0.558594 0.464844 0.562500 0.460938 0.562500 0.457031 0.566406 0.453125 0.566406 0.441406 0.562500 0.441406 0.558594 0.437500
4 0.058594 0.417969 0.058594 0.421875 0.054688 0.425781 0.050781 0.425781 0.050781 0.433594 0.054688 0.437500 0.058594 0.437500 0.062500 0.441406 0.074219 0.441406 0.078125 0.437500 0.082031 0.437500 0.082031 0.425781 0.074219 0.425781 0.070312 0.421875 0.070312 0.417969
4 0.882812 0.406250 0.882812 0.410156 0.878906 0.414062 0.878906 0.417969 0.875000 0.421875 0.871094 0.421875 0.867188 0.425781 0.835938 0.425781 0.835938 0.433594 0.875000 0.433594 0.878906 0.429688 0.894531 0.429688 0.902344 0.437500 0.902344 0.445312 0.906250 0.449219 0.906250 0.453125 0.910156 0.457031 0.910156 0.476562 0.921875 0.476562 0.921875 0.449219 0.925781 0.445312 0.925781 0.441406 0.929688 0.437500 0.929688 0.429688 0.925781 0.425781 0.925781 0.421875 0.921875 0.421875 0.917969 0.417969 0.914062 0.417969 0.910156 0.414062 0.910156 0.406250
4 0.226562 0.402344 0.222656 0.406250 0.222656 0.410156 0.218750 0.414062 0.218750 0.421875 0.222656 0.425781 0.222656 0.441406 0.218750 0.445312 0.214844 0.445312 0.214844 0.457031 0.230469 0.457031 0.234375 0.453125 0.269531 0.453125 0.273438 0.449219 0.277344 0.449219 0.281250 0.445312 0.281250 0.429688 0.285156 0.425781 0.285156 0.421875 0.289062 0.417969 0.312500 0.417969 0.316406 0.421875 0.316406 0.425781 0.324219 0.425781 0.324219 0.417969 0.328125 0.414062 0.335938 0.414062 0.335938 0.406250 0.332031 0.402344 0.324219 0.402344 0.324219 0.406250 0.320312 0.410156 0.300781 0.410156 0.296875 0.414062 0.261719 0.414062 0.253906 0.406250 0.238281 0.406250 0.234375 0.402344
4 0.445312 0.386719 0.445312 0.394531 0.441406 0.398438 0.433594 0.398438 0.433594 0.402344 0.429688 0.406250 0.425781 0.406250 0.421875 0.410156 0.386719 0.410156 0.382812 0.406250 0.363281 0.406250 0.359375 0.410156 0.359375 0.417969 0.410156 0.417969 0.414062 0.421875 0.414062 0.425781 0.453125 0.425781 0.453125 0.402344 0.460938 0.394531 0.460938 0.386719
4 0.089844 0.308594 0.085938 0.312500 0.085938 0.316406 0.082031 0.320312 0.082031 0.328125 0.078125 0.332031 0.078125 0.390625 0.074219 0.394531 0.074219 0.402344 0.089844 0.402344 0.093750 0.398438 0.093750 0.390625 0.097656 0.386719 0.097656 0.343750 0.101562 0.339844 0.101562 0.335938 0.105469 0.332031 0.109375 0.332031 0.109375 0.312500 0.101562 0.312500 0.097656 0.308594
4 0.296875 0.273438 0.296875 0.285156 0.304688 0.285156 0.304688 0.273438
4 0.789062 0.242188 0.789062 0.246094 0.785156 0.250000 0.785156 0.257812 0.781250 0.261719 0.781250 0.281250 0.785156 0.285156 0.785156 0.308594 0.792969 0.308594 0.792969 0.285156 0.796875 0.281250 0.796875 0.269531 0.800781 0.265625 0.804688 0.265625 0.804688 0.261719 0.808594 0.257812 0.808594 0.250000 0.800781 0.242188
4 0.625000 0.210938 0.625000 0.214844 0.621094 0.218750 0.621094 0.226562 0.625000 0.230469 0.625000 0.265625 0.628906 0.269531 0.628906 0.292969 0.625000 0.296875 0.625000 0.304688 0.628906 0.308594 0.628906 0.328125 0.632812 0.328125 0.636719 0.332031 0.636719 0.367188 0.640625 0.371094 0.640625 0.378906 0.644531 0.378906 0.648438 0.382812 0.648438 0.402344 0.656250 0.402344 0.656250 0.378906 0.660156 0.375000 0.660156 0.355469 0.656250 0.351562 0.656250 0.335938 0.660156 0.332031 0.660156 0.324219 0.656250 0.324219 0.652344 0.320312 0.652344 0.285156 0.648438 0.285156 0.644531 0.281250 0.644531 0.242188 0.640625 0.238281 0.640625 0.210938
4 0.269531 0.207031 0.269531 0.218750 0.273438 0.222656 0.273438 0.230469 0.292969 0.230469 0.292969 0.226562 0.296875 0.222656 0.296875 0.207031
4 0.421875 0.160156 0.421875 0.164062 0.417969 0.167969 0.398438 0.167969 0.394531 0.164062 0.371094 0.164062 0.371094 0.183594 0.367188 0.187500 0.363281 0.187500 0.363281 0.203125 0.359375 0.207031 0.359375 0.214844 0.371094 0.214844 0.371094 0.207031 0.375000 0.203125 0.375000 0.195312 0.378906 0.191406 0.386719 0.191406 0.390625 0.187500 0.417969 0.187500 0.417969 0.175781 0.421875 0.171875 0.429688 0.171875 0.429688 0.160156
4 0.675781 0.128906 0.675781 0.132812 0.671875 0.136719 0.667969 0.136719 0.664062 0.140625 0.664062 0.152344 0.660156 0.156250 0.648438 0.156250 0.648438 0.167969 0.652344 0.171875 0.652344 0.175781 0.664062 0.175781 0.667969 0.179688 0.667969 0.183594 0.687500 0.183594 0.691406 0.187500 0.691406 0.203125 0.699219 0.203125 0.699219 0.183594 0.703125 0.179688 0.718750 0.179688 0.722656 0.183594 0.722656 0.187500 0.730469 0.195312 0.730469 0.199219 0.750000 0.199219 0.750000 0.179688 0.746094 0.175781 0.734375 0.175781 0.730469 0.171875 0.730469 0.167969 0.722656 0.160156 0.710938 0.160156 0.707031 0.156250 0.707031 0.152344 0.695312 0.152344 0.687500 0.144531 0.687500 0.136719 0.683594 0.132812 0.683594 0.128906
4 0.453125 0.109375 0.449219 0.113281 0.433594 0.113281 0.433594 0.128906 0.449219 0.128906 0.449219 0.125000 0.453125 0.121094 0.484375 0.121094 0.488281 0.125000 0.496094 0.125000 0.500000 0.121094 0.500000 0.113281 0.464844 0.113281 0.460938 0.109375
4 0.312500 0.109375 0.308594 0.113281 0.304688 0.113281 0.300781 0.117188 0.296875 0.117188 0.292969 0.121094 0.285156 0.121094 0.281250 0.125000 0.269531 0.125000 0.265625 0.128906 0.261719 0.128906 0.257812 0.132812 0.253906 0.132812 0.242188 0.144531 0.242188 0.164062 0.238281 0.167969 0.218750 0.167969 0.218750 0.171875 0.214844 0.175781 0.207031 0.175781 0.203125 0.179688 0.199219 0.179688 0.195312 0.183594 0.195312 0.187500 0.187500 0.195312 0.187500 0.207031 0.183594 0.210938 0.183594 0.230469 0.179688 0.234375 0.167969 0.234375 0.164062 0.238281 0.160156 0.238281 0.152344 0.246094 0.152344 0.257812 0.167969 0.257812 0.167969 0.253906 0.171875 0.250000 0.187500 0.250000 0.187500 0.222656 0.191406 0.218750 0.191406 0.214844 0.199219 0.207031 0.199219 0.203125 0.214844 0.187500 0.230469 0.187500 0.234375 0.191406 0.242188 0.191406 0.242188 0.175781 0.246094 0.171875 0.261719 0.171875 0.261719 0.167969 0.273438 0.156250 0.273438 0.144531 0.277344 0.140625 0.277344 0.136719 0.281250 0.132812 0.289062 0.132812 0.292969 0.128906 0.304688 0.128906 0.308594 0.125000 0.324219 0.125000 0.328125 0.121094 0.347656 0.121094 0.351562 0.117188 0.351562 0.109375
4 0.382812 0.105469 0.382812 0.113281 0.386719 0.117188 0.394531 0.117188 0.394531 0.105469
