4 0.183594 0.968750 0.183594 0.976562 0.191406 0.976562 0.191406 0.968750
4 0.171875 0.949219 0.171875 0.957031 0.179688 0.957031 0.179688 0.949219
4 0.140625 0.867188 0.140625 0.878906 0.148438 0.886719 0.148438 0.894531 0.152344 0.898438 0.152344 0.902344 0.156250 0.906250 0.164062 0.906250 0.164062 0.902344 0.171875 0.894531 0.171875 0.886719 0.164062 0.886719 0.148438 0.871094 0.148438 0.867188
4 0.464844 0.789062 0.464844 0.828125 0.468750 0.832031 0.468750 0.859375 0.472656 0.863281 0.472656 0.898438 0.476562 0.902344 0.476562 0.949219 0.480469 0.953125 0.480469 0.976562 0.484375 0.980469 0.484375 0.996094 0.523438 0.996094 0.523438 0.980469 0.519531 0.976562 0.519531 0.953125 0.515625 0.949219 0.515625 0.945312 0.507812 0.937500 0.507812 0.925781 0.496094 0.925781 0.488281 0.917969 0.488281 0.867188 0.484375 0.863281 0.484375 0.847656 0.480469 0.843750 0.480469 0.812500 0.476562 0.808594 0.476562 0.800781 0.472656 0.796875 0.472656 0.789062
4 0.480469 0.656250 0.476562 0.660156 0.476562 0.675781 0.472656 0.679688 0.457031 0.679688 0.457031 0.730469 0.460938 0.734375 0.460938 0.738281 0.468750 0.738281 0.468750 0.722656 0.472656 0.718750 0.476562 0.718750 0.476562 0.703125 0.480469 0.699219 0.488281 0.699219 0.488281 0.679688 0.492188 0.675781 0.492188 0.660156 0.488281 0.656250
4 0.453125 0.570312 0.453125 0.621094 0.460938 0.621094 0.460938 0.609375 0.464844 0.605469 0.464844 0.593750 0.460938 0.589844 0.460938 0.570312
4 0.792969 0.425781 0.785156 0.433594 0.765625 0.433594 0.765625 0.437500 0.761719 0.441406 0.750000 0.441406 0.746094 0.445312 0.738281 0.445312 0.738281 0.449219 0.734375 0.453125 0.734375 0.460938 0.730469 0.464844 0.730469 0.472656 0.726562 0.476562 0.710938 0.476562 0.710938 0.484375 0.707031 0.488281 0.699219 0.488281 0.699219 0.492188 0.695312 0.496094 0.695312 0.519531 0.687500 0.527344 0.687500 0.531250 0.683594 0.535156 0.679688 0.535156 0.679688 0.542969 0.691406 0.542969 0.695312 0.546875 0.703125 0.546875 0.703125 0.527344 0.707031 0.523438 0.730469 0.523438 0.730469 0.503906 0.738281 0.496094 0.761719 0.496094 0.761719 0.464844 0.765625 0.460938 0.773438 0.460938 0.777344 0.457031 0.781250 0.457031 0.789062 0.449219 0.792969 0.449219 0.796875 0.445312 0.796875 0.441406 0.804688 0.433594 0.804688 0.425781
4 0.644531 0.359375 0.644531 0.363281 0.640625 0.367188 0.617188 0.367188 0.617188 0.375000 0.632812 0.375000 0.636719 0.378906 0.636719 0.386719 0.640625 0.386719 0.644531 0.390625 0.644531 0.394531 0.656250 0.394531 0.660156 0.390625 0.660156 0.375000 0.656250 0.375000 0.652344 0.371094 0.652344 0.359375
4 0.542969 0.320312 0.542969 0.324219 0.539062 0.328125 0.515625 0.328125 0.515625 0.363281 0.511719 0.367188 0.511719 0.378906 0.515625 0.382812 0.515625 0.386719 0.523438 0.386719 0.523438 0.378906 0.527344 0.375000 0.527344 0.363281 0.531250 0.359375 0.550781 0.359375 0.550781 0.351562 0.554688 0.347656 0.574219 0.347656 0.574219 0.332031 0.570312 0.328125 0.554688 0.328125 0.550781 0.324219 0.550781 0.320312
4 0.714844 0.054688 0.710938 0.058594 0.628906 0.058594 0.628906 0.066406 0.652344 0.066406 0.656250 0.070312 0.707031 0.070312 0.710938 0.066406 0.773438 0.066406 0.777344 0.070312 0.785156 0.070312 0.789062 0.066406 0.808594 0.066406 0.812500 0.062500 0.851562 0.062500 0.851562 0.054688
