4 0.687500 0.738281 0.687500 0.746094 0.691406 0.746094 0.695312 0.750000 0.695312 0.765625 0.699219 0.769531 0.707031 0.769531 0.707031 0.738281
4 0.664062 0.703125 0.664062 0.710938 0.667969 0.710938 0.671875 0.714844 0.671875 0.722656 0.679688 0.722656 0.679688 0.703125
4 0.843750 0.687500 0.839844 0.691406 0.835938 0.691406 0.824219 0.703125 0.820312 0.703125 0.816406 0.707031 0.812500 0.707031 0.808594 0.710938 0.792969 0.710938 0.789062 0.714844 0.789062 0.730469 0.785156 0.734375 0.781250 0.734375 0.781250 0.773438 0.773438 0.781250 0.769531 0.781250 0.765625 0.785156 0.765625 0.792969 0.769531 0.796875 0.769531 0.800781 0.773438 0.800781 0.777344 0.804688 0.789062 0.804688 0.792969 0.800781 0.792969 0.781250 0.789062 0.777344 0.789062 0.761719 0.800781 0.750000 0.800781 0.746094 0.808594 0.738281 0.812500 0.738281 0.812500 0.734375 0.824219 0.722656 0.828125 0.722656 0.835938 0.714844 0.839844 0.714844 0.843750 0.710938 0.843750 0.707031 0.851562 0.699219 0.863281 0.699219 0.863281 0.691406 0.859375 0.691406 0.855469 0.687500
4 0.691406 0.656250 0.687500 0.660156 0.683594 0.660156 0.683594 0.671875 0.687500 0.671875 0.691406 0.675781 0.691406 0.679688 0.699219 0.679688 0.699219 0.675781 0.707031 0.667969 0.718750 0.667969 0.718750 0.660156 0.714844 0.656250
4 0.519531 0.648438 0.519531 0.664062 0.539062 0.664062 0.542969 0.667969 0.542969 0.679688 0.546875 0.679688 0.554688 0.687500 0.554688 0.703125 0.550781 0.707031 0.546875 0.707031 0.542969 0.710938 0.527344 0.710938 0.523438 0.707031 0.523438 0.699219 0.515625 0.699219 0.511719 0.695312 0.511719 0.687500 0.503906 0.687500 0.496094 0.695312 0.484375 0.695312 0.484375 0.703125 0.496094 0.714844 0.496094 0.730469 0.492188 0.734375 0.488281 0.734375 0.488281 0.746094 0.484375 0.750000 0.472656 0.750000 0.464844 0.757812 0.457031 0.757812 0.453125 0.761719 0.453125 0.777344 0.460938 0.777344 0.464844 0.773438 0.468750 0.773438 0.468750 0.769531 0.480469 0.757812 0.503906 0.757812 0.507812 0.761719 0.515625 0.761719 0.515625 0.757812 0.523438 0.750000 0.539062 0.750000 0.539062 0.746094 0.542969 0.742188 0.546875 0.742188 0.550781 0.738281 0.593750 0.738281 0.593750 0.707031 0.597656 0.703125 0.609375 0.703125 0.613281 0.699219 0.613281 0.691406 0.609375 0.687500 0.609375 0.675781 0.582031 0.675781 0.578125 0.671875 0.578125 0.667969 0.574219 0.667969 0.570312 0.664062 0.566406 0.664062 0.562500 0.660156 0.558594 0.660156 0.554688 0.656250 0.542969 0.656250 0.539062 0.652344 0.531250 0.652344 0.527344 0.648438
4 0.632812 0.636719 0.628906 0.640625 0.617188 0.640625 0.617188 0.664062 0.640625 0.664062 0.640625 0.660156 0.644531 0.656250 0.667969 0.656250 0.667969 0.644531 0.648438 0.644531 0.644531 0.640625 0.644531 0.636719
4 0.589844 0.605469 0.589844 0.613281 0.597656 0.613281 0.597656 0.605469
4 0.808594 0.597656 0.804688 0.601562 0.773438 0.601562 0.769531 0.605469 0.769531 0.613281 0.757812 0.625000 0.757812 0.632812 0.777344 0.632812 0.785156 0.625000 0.785156 0.617188 0.789062 0.613281 0.789062 0.609375 0.792969 0.605469 0.824219 0.605469 0.824219 0.597656
4 0.566406 0.578125 0.566406 0.585938 0.574219 0.585938 0.574219 0.578125
4 0.296875 0.562500 0.292969 0.566406 0.281250 0.566406 0.269531 0.578125 0.250000 0.578125 0.250000 0.585938 0.261719 0.585938 0.265625 0.589844 0.320312 0.589844 0.320312 0.582031 0.316406 0.578125 0.316406 0.574219 0.304688 0.562500
4 0.660156 0.554688 0.660156 0.566406 0.664062 0.566406 0.667969 0.570312 0.667969 0.574219 0.675781 0.574219 0.679688 0.578125 0.683594 0.578125 0.687500 0.582031 0.691406 0.582031 0.695312 0.585938 0.695312 0.609375 0.699219 0.613281 0.710938 0.613281 0.714844 0.609375 0.730469 0.609375 0.730469 0.601562 0.726562 0.597656 0.703125 0.597656 0.699219 0.593750 0.699219 0.570312 0.703125 0.566406 0.703125 0.558594 0.699219 0.554688
4 0.773438 0.527344 0.765625 0.535156 0.761719 0.535156 0.761719 0.542969 0.765625 0.546875 0.765625 0.550781 0.777344 0.550781 0.781250 0.554688 0.781250 0.558594 0.785156 0.558594 0.789062 0.562500 0.789062 0.566406 0.796875 0.566406 0.796875 0.562500 0.800781 0.558594 0.800781 0.542969 0.804688 0.539062 0.804688 0.531250 0.796875 0.531250 0.792969 0.527344
4 0.507812 0.496094 0.507812 0.503906 0.511719 0.507812 0.515625 0.507812 0.519531 0.511719 0.519531 0.519531 0.531250 0.531250 0.562500 0.531250 0.562500 0.527344 0.566406 0.523438 0.566406 0.515625 0.531250 0.515625 0.527344 0.511719 0.527344 0.507812 0.523438 0.507812 0.519531 0.503906 0.519531 0.496094
4 0.605469 0.488281 0.605469 0.492188 0.601562 0.496094 0.597656 0.496094 0.597656 0.500000 0.593750 0.503906 0.589844 0.503906 0.589844 0.511719 0.593750 0.511719 0.597656 0.515625 0.597656 0.519531 0.609375 0.519531 0.609375 0.515625 0.613281 0.511719 0.617188 0.511719 0.617188 0.507812 0.621094 0.503906 0.621094 0.492188 0.617188 0.492188 0.613281 0.488281
4 0.464844 0.460938 0.464844 0.472656 0.472656 0.472656 0.472656 0.460938
4 0.425781 0.406250 0.425781 0.421875 0.433594 0.421875 0.437500 0.425781 0.437500 0.437500 0.445312 0.437500 0.449219 0.441406 0.449219 0.453125 0.457031 0.453125 0.457031 0.433594 0.449219 0.425781 0.437500 0.425781 0.433594 0.421875 0.433594 0.406250
4 0.535156 0.402344 0.535156 0.410156 0.539062 0.410156 0.542969 0.414062 0.542969 0.437500 0.539062 0.441406 0.535156 0.441406 0.535156 0.453125 0.531250 0.457031 0.523438 0.457031 0.523438 0.464844 0.535156 0.464844 0.539062 0.468750 0.539062 0.476562 0.554688 0.476562 0.554688 0.445312 0.562500 0.437500 0.562500 0.429688 0.558594 0.425781 0.558594 0.414062 0.546875 0.414062 0.542969 0.410156 0.542969 0.402344
4 0.511719 0.386719 0.511719 0.394531 0.519531 0.394531 0.519531 0.386719
4 0.777344 0.343750 0.761719 0.359375 0.734375 0.359375 0.734375 0.367188 0.742188 0.367188 0.750000 0.375000 0.750000 0.382812 0.753906 0.382812 0.757812 0.386719 0.769531 0.386719 0.769531 0.378906 0.773438 0.375000 0.792969 0.375000 0.792969 0.355469 0.789062 0.351562 0.789062 0.343750
4 0.628906 0.308594 0.625000 0.312500 0.597656 0.312500 0.597656 0.324219 0.593750 0.328125 0.582031 0.328125 0.582031 0.335938 0.589844 0.335938 0.589844 0.332031 0.593750 0.328125 0.617188 0.328125 0.621094 0.332031 0.652344 0.332031 0.656250 0.335938 0.656250 0.355469 0.664062 0.355469 0.664062 0.351562 0.667969 0.347656 0.687500 0.347656 0.691406 0.351562 0.691406 0.355469 0.699219 0.355469 0.699219 0.347656 0.687500 0.347656 0.683594 0.343750 0.683594 0.324219 0.675781 0.324219 0.667969 0.316406 0.664062 0.316406 0.660156 0.312500 0.648438 0.312500 0.644531 0.308594
4 0.558594 0.281250 0.554688 0.285156 0.554688 0.292969 0.558594 0.292969 0.562500 0.296875 0.578125 0.296875 0.578125 0.289062 0.574219 0.289062 0.566406 0.281250
4 0.464844 0.234375 0.460938 0.238281 0.449219 0.238281 0.449219 0.246094 0.453125 0.246094 0.464844 0.257812 0.464844 0.261719 0.484375 0.261719 0.488281 0.265625 0.500000 0.265625 0.500000 0.257812 0.496094 0.257812 0.472656 0.234375
4 0.289062 0.226562 0.289062 0.230469 0.285156 0.234375 0.285156 0.242188 0.292969 0.242188 0.296875 0.246094 0.296875 0.261719 0.300781 0.265625 0.300781 0.285156 0.296875 0.289062 0.296875 0.292969 0.292969 0.296875 0.289062 0.296875 0.289062 0.304688 0.285156 0.308594 0.265625 0.308594 0.265625 0.324219 0.269531 0.324219 0.273438 0.328125 0.277344 0.328125 0.281250 0.332031 0.304688 0.332031 0.308594 0.335938 0.308594 0.339844 0.312500 0.339844 0.316406 0.343750 0.355469 0.343750 0.359375 0.347656 0.371094 0.347656 0.371094 0.343750 0.375000 0.339844 0.375000 0.332031 0.363281 0.332031 0.359375 0.328125 0.359375 0.324219 0.343750 0.324219 0.339844 0.320312 0.339844 0.285156 0.335938 0.281250 0.335938 0.265625 0.339844 0.261719 0.351562 0.261719 0.351562 0.250000 0.347656 0.250000 0.343750 0.246094 0.343750 0.242188 0.316406 0.242188 0.312500 0.238281 0.308594 0.238281 0.304688 0.234375 0.304688 0.226562
4 0.417969 0.222656 0.417969 0.234375 0.433594 0.234375 0.433594 0.222656
4 0.316406 0.187500 0.316406 0.207031 0.328125 0.207031 0.332031 0.210938 0.332031 0.214844 0.351562 0.214844 0.355469 0.218750 0.355469 0.222656 0.363281 0.222656 0.367188 0.226562 0.367188 0.238281 0.371094 0.238281 0.375000 0.242188 0.382812 0.242188 0.386719 0.238281 0.390625 0.238281 0.390625 0.230469 0.382812 0.222656 0.371094 0.222656 0.367188 0.218750 0.367188 0.214844 0.363281 0.210938 0.355469 0.210938 0.347656 0.203125 0.347656 0.199219 0.343750 0.195312 0.332031 0.195312 0.324219 0.187500
