4 0.261719 0.910156 0.261719 0.917969 0.269531 0.925781 0.269531 0.933594 0.277344 0.933594 0.285156 0.925781 0.285156 0.914062 0.281250 0.914062 0.277344 0.910156
4 0.195312 0.910156 0.195312 0.917969 0.199219 0.917969 0.203125 0.921875 0.203125 0.925781 0.207031 0.929688 0.218750 0.929688 0.218750 0.921875 0.214844 0.921875 0.210938 0.917969 0.207031 0.917969 0.203125 0.914062 0.203125 0.910156
4 0.230469 0.871094 0.230469 0.878906 0.234375 0.882812 0.234375 0.898438 0.238281 0.898438 0.242188 0.902344 0.242188 0.906250 0.253906 0.906250 0.253906 0.894531 0.250000 0.894531 0.246094 0.890625 0.246094 0.886719 0.242188 0.886719 0.238281 0.882812 0.238281 0.871094
4 0.527344 0.777344 0.523438 0.781250 0.500000 0.781250 0.496094 0.785156 0.496094 0.792969 0.500000 0.796875 0.500000 0.835938 0.496094 0.839844 0.492188 0.839844 0.488281 0.843750 0.445312 0.843750 0.445312 0.851562 0.441406 0.855469 0.441406 0.871094 0.445312 0.875000 0.445312 0.957031 0.441406 0.960938 0.429688 0.960938 0.429688 0.968750 0.453125 0.968750 0.457031 0.972656 0.457031 0.980469 0.476562 0.980469 0.476562 0.972656 0.472656 0.968750 0.460938 0.968750 0.457031 0.964844 0.457031 0.945312 0.453125 0.941406 0.453125 0.910156 0.457031 0.906250 0.476562 0.906250 0.476562 0.894531 0.468750 0.894531 0.464844 0.890625 0.464844 0.875000 0.468750 0.871094 0.484375 0.871094 0.488281 0.875000 0.488281 0.886719 0.500000 0.886719 0.500000 0.875000 0.503906 0.871094 0.511719 0.871094 0.511719 0.851562 0.519531 0.843750 0.523438 0.843750 0.527344 0.839844 0.558594 0.839844 0.558594 0.832031 0.554688 0.828125 0.554688 0.808594 0.550781 0.804688 0.550781 0.777344
4 0.675781 0.695312 0.675781 0.703125 0.671875 0.707031 0.671875 0.718750 0.667969 0.722656 0.644531 0.722656 0.644531 0.726562 0.640625 0.730469 0.640625 0.734375 0.636719 0.738281 0.636719 0.742188 0.632812 0.746094 0.625000 0.746094 0.625000 0.750000 0.621094 0.753906 0.593750 0.753906 0.589844 0.750000 0.562500 0.750000 0.562500 0.769531 0.613281 0.769531 0.617188 0.773438 0.628906 0.773438 0.632812 0.777344 0.656250 0.777344 0.660156 0.781250 0.667969 0.781250 0.671875 0.777344 0.671875 0.773438 0.675781 0.769531 0.691406 0.769531 0.699219 0.777344 0.707031 0.777344 0.707031 0.750000 0.710938 0.746094 0.710938 0.730469 0.714844 0.726562 0.734375 0.726562 0.738281 0.730469 0.738281 0.753906 0.742188 0.753906 0.750000 0.761719 0.750000 0.765625 0.757812 0.765625 0.757812 0.761719 0.769531 0.750000 0.769531 0.738281 0.765625 0.734375 0.765625 0.710938 0.761719 0.707031 0.757812 0.707031 0.753906 0.703125 0.753906 0.699219 0.750000 0.695312 0.742188 0.695312 0.742188 0.699219 0.738281 0.703125 0.734375 0.703125 0.730469 0.707031 0.718750 0.707031 0.714844 0.710938 0.699219 0.710938 0.695312 0.707031 0.687500 0.707031 0.683594 0.703125 0.683594 0.695312
4 0.527344 0.679688 0.523438 0.683594 0.511719 0.683594 0.511719 0.687500 0.507812 0.691406 0.488281 0.691406 0.488281 0.703125 0.492188 0.707031 0.519531 0.707031 0.523438 0.710938 0.523438 0.718750 0.546875 0.718750 0.546875 0.710938 0.542969 0.707031 0.542969 0.703125 0.539062 0.699219 0.539062 0.679688
4 0.433594 0.667969 0.433594 0.687500 0.429688 0.691406 0.429688 0.714844 0.425781 0.718750 0.425781 0.726562 0.421875 0.730469 0.414062 0.730469 0.410156 0.734375 0.382812 0.734375 0.382812 0.765625 0.378906 0.769531 0.367188 0.769531 0.367188 0.777344 0.363281 0.781250 0.359375 0.781250 0.359375 0.789062 0.363281 0.792969 0.371094 0.792969 0.371094 0.789062 0.375000 0.785156 0.375000 0.773438 0.378906 0.769531 0.421875 0.769531 0.425781 0.773438 0.425781 0.796875 0.429688 0.800781 0.429688 0.808594 0.433594 0.812500 0.433594 0.816406 0.445312 0.816406 0.445312 0.800781 0.449219 0.796875 0.464844 0.796875 0.464844 0.773438 0.460938 0.769531 0.460938 0.765625 0.457031 0.761719 0.457031 0.746094 0.460938 0.742188 0.468750 0.742188 0.468750 0.734375 0.449219 0.734375 0.445312 0.730469 0.445312 0.703125 0.449219 0.699219 0.449219 0.667969
4 0.554688 0.640625 0.554688 0.656250 0.562500 0.656250 0.562500 0.640625
4 0.437500 0.585938 0.437500 0.593750 0.441406 0.593750 0.449219 0.601562 0.457031 0.601562 0.460938 0.597656 0.460938 0.589844 0.449219 0.589844 0.445312 0.585938
4 0.160156 0.578125 0.160156 0.589844 0.156250 0.593750 0.125000 0.593750 0.125000 0.613281 0.128906 0.617188 0.128906 0.621094 0.136719 0.628906 0.140625 0.628906 0.144531 0.632812 0.152344 0.632812 0.160156 0.625000 0.179688 0.625000 0.179688 0.613281 0.175781 0.609375 0.175781 0.593750 0.171875 0.593750 0.167969 0.589844 0.167969 0.578125
4 0.375000 0.542969 0.371094 0.546875 0.363281 0.546875 0.363281 0.558594 0.375000 0.558594 0.378906 0.554688 0.398438 0.554688 0.398438 0.546875 0.390625 0.546875 0.386719 0.542969
4 0.636719 0.496094 0.636719 0.500000 0.632812 0.503906 0.621094 0.503906 0.621094 0.507812 0.617188 0.511719 0.617188 0.531250 0.601562 0.546875 0.597656 0.546875 0.597656 0.554688 0.589844 0.562500 0.589844 0.578125 0.593750 0.578125 0.597656 0.582031 0.597656 0.601562 0.593750 0.605469 0.589844 0.605469 0.585938 0.609375 0.578125 0.609375 0.578125 0.621094 0.597656 0.621094 0.597656 0.609375 0.601562 0.605469 0.617188 0.605469 0.621094 0.609375 0.621094 0.617188 0.644531 0.617188 0.648438 0.621094 0.660156 0.621094 0.664062 0.625000 0.664062 0.644531 0.667969 0.648438 0.667969 0.660156 0.671875 0.660156 0.675781 0.664062 0.675781 0.667969 0.683594 0.667969 0.683594 0.660156 0.679688 0.656250 0.679688 0.640625 0.683594 0.636719 0.687500 0.636719 0.691406 0.632812 0.699219 0.632812 0.699219 0.621094 0.691406 0.613281 0.691406 0.609375 0.687500 0.605469 0.687500 0.597656 0.679688 0.589844 0.679688 0.574219 0.675781 0.570312 0.675781 0.558594 0.671875 0.554688 0.671875 0.535156 0.667969 0.535156 0.660156 0.527344 0.660156 0.515625 0.656250 0.511719 0.656250 0.507812 0.652344 0.507812 0.644531 0.500000 0.644531 0.496094
4 0.281250 0.476562 0.273438 0.484375 0.273438 0.488281 0.269531 0.492188 0.250000 0.492188 0.246094 0.496094 0.242188 0.496094 0.238281 0.500000 0.238281 0.507812 0.234375 0.511719 0.230469 0.511719 0.226562 0.515625 0.203125 0.515625 0.199219 0.519531 0.199219 0.535156 0.203125 0.535156 0.207031 0.539062 0.265625 0.539062 0.269531 0.542969 0.289062 0.542969 0.289062 0.535156 0.281250 0.535156 0.277344 0.531250 0.277344 0.496094 0.281250 0.492188 0.289062 0.492188 0.289062 0.476562
4 0.675781 0.460938 0.675781 0.468750 0.683594 0.468750 0.683594 0.460938
4 0.292969 0.445312 0.292969 0.464844 0.304688 0.464844 0.304688 0.445312
4 0.093750 0.421875 0.093750 0.433594 0.105469 0.433594 0.109375 0.437500 0.109375 0.457031 0.097656 0.468750 0.097656 0.472656 0.093750 0.476562 0.089844 0.476562 0.085938 0.480469 0.085938 0.488281 0.097656 0.488281 0.097656 0.480469 0.101562 0.476562 0.109375 0.476562 0.109375 0.472656 0.121094 0.460938 0.125000 0.460938 0.125000 0.441406 0.128906 0.437500 0.128906 0.429688 0.125000 0.425781 0.105469 0.425781 0.101562 0.421875
4 0.257812 0.332031 0.257812 0.382812 0.261719 0.386719 0.261719 0.390625 0.269531 0.390625 0.269531 0.355469 0.273438 0.351562 0.273438 0.339844 0.269531 0.339844 0.265625 0.335938 0.265625 0.332031
4 0.312500 0.285156 0.304688 0.292969 0.281250 0.292969 0.277344 0.289062 0.269531 0.289062 0.265625 0.292969 0.265625 0.304688 0.269531 0.308594 0.269531 0.312500 0.285156 0.312500 0.289062 0.316406 0.289062 0.328125 0.308594 0.328125 0.312500 0.332031 0.324219 0.332031 0.328125 0.335938 0.328125 0.339844 0.343750 0.339844 0.347656 0.335938 0.359375 0.335938 0.359375 0.312500 0.363281 0.308594 0.367188 0.308594 0.367188 0.300781 0.359375 0.300781 0.355469 0.304688 0.339844 0.304688 0.335938 0.300781 0.335938 0.296875 0.328125 0.296875 0.324219 0.292969 0.324219 0.289062 0.320312 0.285156
4 0.816406 0.265625 0.816406 0.269531 0.812500 0.273438 0.804688 0.273438 0.804688 0.281250 0.796875 0.289062 0.781250 0.289062 0.777344 0.285156 0.769531 0.285156 0.769531 0.300781 0.765625 0.304688 0.742188 0.304688 0.742188 0.339844 0.738281 0.343750 0.730469 0.343750 0.730469 0.347656 0.726562 0.351562 0.726562 0.367188 0.714844 0.378906 0.714844 0.390625 0.710938 0.394531 0.710938 0.402344 0.714844 0.406250 0.714844 0.414062 0.722656 0.414062 0.726562 0.410156 0.730469 0.410156 0.734375 0.406250 0.734375 0.398438 0.730469 0.394531 0.730469 0.367188 0.734375 0.363281 0.753906 0.363281 0.765625 0.375000 0.773438 0.375000 0.777344 0.371094 0.781250 0.371094 0.781250 0.367188 0.789062 0.359375 0.792969 0.359375 0.796875 0.355469 0.796875 0.324219 0.800781 0.320312 0.824219 0.320312 0.828125 0.316406 0.847656 0.316406 0.847656 0.304688 0.851562 0.300781 0.851562 0.292969 0.847656 0.289062 0.847656 0.285156 0.828125 0.265625
4 0.554688 0.250000 0.554688 0.257812 0.542969 0.269531 0.539062 0.269531 0.539062 0.277344 0.542969 0.281250 0.578125 0.281250 0.582031 0.285156 0.582031 0.300781 0.585938 0.300781 0.589844 0.304688 0.589844 0.316406 0.621094 0.316406 0.621094 0.296875 0.609375 0.296875 0.605469 0.292969 0.605469 0.285156 0.601562 0.285156 0.597656 0.281250 0.597656 0.261719 0.570312 0.261719 0.566406 0.257812 0.566406 0.250000
4 0.636719 0.218750 0.636719 0.234375 0.652344 0.234375 0.656250 0.238281 0.656250 0.246094 0.667969 0.246094 0.671875 0.250000 0.671875 0.257812 0.675781 0.261719 0.675781 0.265625 0.679688 0.265625 0.683594 0.269531 0.683594 0.285156 0.699219 0.285156 0.703125 0.281250 0.707031 0.281250 0.707031 0.277344 0.710938 0.273438 0.710938 0.253906 0.714844 0.250000 0.714844 0.226562 0.660156 0.226562 0.656250 0.222656 0.656250 0.218750
4 0.738281 0.140625 0.738281 0.164062 0.734375 0.167969 0.734375 0.179688 0.738281 0.179688 0.742188 0.183594 0.742188 0.195312 0.753906 0.195312 0.757812 0.199219 0.757812 0.207031 0.761719 0.210938 0.765625 0.210938 0.769531 0.214844 0.769531 0.218750 0.773438 0.222656 0.773438 0.226562 0.781250 0.234375 0.781250 0.242188 0.789062 0.242188 0.789062 0.226562 0.777344 0.214844 0.777344 0.207031 0.773438 0.203125 0.773438 0.199219 0.765625 0.191406 0.765625 0.144531 0.750000 0.144531 0.746094 0.140625
4 0.441406 0.132812 0.441406 0.144531 0.449219 0.152344 0.449219 0.156250 0.453125 0.160156 0.464844 0.160156 0.468750 0.164062 0.468750 0.171875 0.472656 0.175781 0.472656 0.187500 0.476562 0.187500 0.480469 0.191406 0.480469 0.218750 0.476562 0.222656 0.476562 0.250000 0.480469 0.253906 0.480469 0.304688 0.476562 0.308594 0.476562 0.320312 0.484375 0.328125 0.484375 0.378906 0.480469 0.382812 0.480469 0.394531 0.476562 0.398438 0.460938 0.398438 0.457031 0.402344 0.457031 0.406250 0.453125 0.410156 0.449219 0.410156 0.449219 0.453125 0.445312 0.457031 0.421875 0.457031 0.421875 0.464844 0.425781 0.468750 0.429688 0.468750 0.445312 0.484375 0.449219 0.484375 0.453125 0.488281 0.453125 0.492188 0.464844 0.492188 0.468750 0.496094 0.468750 0.515625 0.464844 0.519531 0.464844 0.527344 0.472656 0.527344 0.472656 0.515625 0.476562 0.511719 0.476562 0.503906 0.480469 0.500000 0.480469 0.453125 0.496094 0.437500 0.500000 0.437500 0.500000 0.429688 0.496094 0.429688 0.492188 0.425781 0.492188 0.410156 0.496094 0.406250 0.496094 0.402344 0.500000 0.398438 0.500000 0.378906 0.496094 0.375000 0.496094 0.332031 0.503906 0.324219 0.503906 0.316406 0.496094 0.308594 0.496094 0.289062 0.500000 0.285156 0.515625 0.285156 0.515625 0.273438 0.496094 0.273438 0.492188 0.269531 0.492188 0.250000 0.488281 0.246094 0.488281 0.203125 0.492188 0.199219 0.496094 0.199219 0.496094 0.171875 0.492188 0.167969 0.492188 0.164062 0.480469 0.152344 0.480469 0.140625 0.476562 0.136719 0.476562 0.132812
