4 0.652344 0.980469 0.652344 0.996094 0.660156 0.996094 0.660156 0.980469
4 0.761719 0.863281 0.761719 0.871094 0.765625 0.871094 0.769531 0.875000 0.773438 0.875000 0.777344 0.878906 0.781250 0.878906 0.792969 0.890625 0.800781 0.890625 0.800781 0.886719 0.804688 0.882812 0.820312 0.882812 0.820312 0.871094 0.804688 0.871094 0.800781 0.867188 0.777344 0.867188 0.773438 0.863281
4 0.625000 0.851562 0.625000 0.867188 0.628906 0.871094 0.628906 0.878906 0.632812 0.882812 0.632812 0.898438 0.628906 0.902344 0.628906 0.914062 0.632812 0.917969 0.632812 0.929688 0.636719 0.933594 0.636719 0.960938 0.632812 0.964844 0.632812 0.972656 0.640625 0.972656 0.640625 0.957031 0.644531 0.953125 0.644531 0.941406 0.640625 0.937500 0.640625 0.871094 0.636719 0.867188 0.636719 0.851562
4 0.289062 0.769531 0.289062 0.781250 0.285156 0.785156 0.250000 0.785156 0.250000 0.796875 0.253906 0.800781 0.281250 0.800781 0.285156 0.804688 0.285156 0.816406 0.292969 0.816406 0.300781 0.808594 0.300781 0.800781 0.296875 0.796875 0.296875 0.769531
4 0.277344 0.742188 0.277344 0.750000 0.285156 0.750000 0.285156 0.742188
4 0.781250 0.707031 0.777344 0.710938 0.769531 0.710938 0.769531 0.730469 0.777344 0.730469 0.781250 0.726562 0.785156 0.726562 0.785156 0.722656 0.789062 0.718750 0.792969 0.718750 0.792969 0.707031
4 0.816406 0.699219 0.816406 0.707031 0.824219 0.707031 0.824219 0.699219
4 0.933594 0.695312 0.933594 0.707031 0.941406 0.707031 0.941406 0.695312
4 0.300781 0.695312 0.300781 0.718750 0.312500 0.718750 0.312500 0.703125 0.308594 0.699219 0.308594 0.695312
4 0.867188 0.605469 0.863281 0.609375 0.863281 0.613281 0.859375 0.617188 0.835938 0.617188 0.835938 0.621094 0.832031 0.625000 0.828125 0.625000 0.828125 0.636719 0.832031 0.640625 0.832031 0.656250 0.839844 0.656250 0.839844 0.644531 0.843750 0.640625 0.859375 0.640625 0.863281 0.644531 0.863281 0.660156 0.859375 0.664062 0.859375 0.699219 0.863281 0.703125 0.863281 0.742188 0.859375 0.746094 0.859375 0.769531 0.855469 0.773438 0.855469 0.785156 0.867188 0.785156 0.871094 0.781250 0.871094 0.777344 0.875000 0.773438 0.875000 0.742188 0.878906 0.738281 0.882812 0.738281 0.882812 0.726562 0.875000 0.718750 0.875000 0.699219 0.878906 0.695312 0.898438 0.695312 0.906250 0.687500 0.910156 0.687500 0.914062 0.683594 0.925781 0.683594 0.925781 0.671875 0.910156 0.671875 0.906250 0.667969 0.906250 0.664062 0.902344 0.664062 0.898438 0.660156 0.898438 0.656250 0.886719 0.656250 0.882812 0.652344 0.882812 0.636719 0.878906 0.632812 0.878906 0.613281 0.875000 0.609375 0.875000 0.605469
4 0.480469 0.605469 0.480469 0.613281 0.476562 0.617188 0.472656 0.617188 0.472656 0.625000 0.468750 0.628906 0.464844 0.628906 0.464844 0.636719 0.460938 0.640625 0.449219 0.640625 0.445312 0.644531 0.445312 0.652344 0.472656 0.652344 0.476562 0.656250 0.476562 0.660156 0.484375 0.660156 0.484375 0.644531 0.488281 0.640625 0.503906 0.640625 0.503906 0.632812 0.507812 0.628906 0.507812 0.609375 0.500000 0.609375 0.496094 0.605469
4 0.281250 0.582031 0.277344 0.585938 0.253906 0.585938 0.253906 0.609375 0.250000 0.613281 0.250000 0.621094 0.257812 0.628906 0.285156 0.628906 0.289062 0.632812 0.289062 0.644531 0.292969 0.648438 0.292969 0.664062 0.308594 0.664062 0.312500 0.667969 0.312500 0.679688 0.328125 0.679688 0.328125 0.675781 0.332031 0.671875 0.332031 0.664062 0.308594 0.664062 0.304688 0.660156 0.304688 0.644531 0.308594 0.640625 0.312500 0.640625 0.312500 0.632812 0.316406 0.628906 0.320312 0.628906 0.320312 0.625000 0.324219 0.621094 0.328125 0.621094 0.328125 0.605469 0.324219 0.601562 0.324219 0.585938 0.316406 0.585938 0.312500 0.582031
4 0.699219 0.542969 0.699219 0.554688 0.718750 0.554688 0.722656 0.550781 0.726562 0.550781 0.726562 0.542969
4 0.140625 0.511719 0.140625 0.519531 0.148438 0.519531 0.148438 0.511719
4 0.082031 0.386719 0.082031 0.394531 0.078125 0.398438 0.078125 0.406250 0.085938 0.406250 0.089844 0.402344 0.097656 0.402344 0.097656 0.398438 0.101562 0.394531 0.101562 0.386719
4 0.878906 0.300781 0.875000 0.304688 0.875000 0.312500 0.886719 0.312500 0.886719 0.300781
4 0.914062 0.273438 0.910156 0.277344 0.898438 0.277344 0.898438 0.289062 0.914062 0.289062 0.914062 0.285156 0.917969 0.281250 0.929688 0.281250 0.929688 0.273438
4 0.121094 0.242188 0.121094 0.300781 0.117188 0.304688 0.097656 0.304688 0.097656 0.328125 0.105469 0.328125 0.109375 0.332031 0.109375 0.359375 0.113281 0.363281 0.121094 0.363281 0.125000 0.359375 0.132812 0.359375 0.132812 0.339844 0.140625 0.332031 0.156250 0.332031 0.156250 0.324219 0.160156 0.320312 0.160156 0.312500 0.140625 0.312500 0.136719 0.308594 0.136719 0.292969 0.140625 0.289062 0.144531 0.289062 0.148438 0.285156 0.160156 0.285156 0.164062 0.281250 0.164062 0.261719 0.144531 0.261719 0.140625 0.257812 0.140625 0.250000 0.136719 0.250000 0.132812 0.246094 0.132812 0.242188
4 0.199219 0.207031 0.195312 0.210938 0.171875 0.210938 0.171875 0.214844 0.167969 0.218750 0.167969 0.230469 0.171875 0.230469 0.175781 0.234375 0.175781 0.257812 0.187500 0.257812 0.195312 0.265625 0.195312 0.292969 0.187500 0.300781 0.183594 0.300781 0.183594 0.312500 0.187500 0.316406 0.187500 0.335938 0.179688 0.343750 0.160156 0.343750 0.160156 0.351562 0.164062 0.351562 0.167969 0.355469 0.183594 0.355469 0.187500 0.359375 0.187500 0.410156 0.175781 0.421875 0.175781 0.425781 0.167969 0.433594 0.164062 0.433594 0.164062 0.441406 0.160156 0.445312 0.160156 0.488281 0.156250 0.492188 0.156250 0.507812 0.167969 0.507812 0.171875 0.511719 0.171875 0.519531 0.175781 0.519531 0.179688 0.523438 0.179688 0.531250 0.187500 0.531250 0.191406 0.535156 0.195312 0.535156 0.210938 0.550781 0.210938 0.566406 0.218750 0.574219 0.218750 0.585938 0.230469 0.585938 0.230469 0.582031 0.234375 0.578125 0.246094 0.578125 0.246094 0.558594 0.253906 0.550781 0.261719 0.550781 0.265625 0.546875 0.273438 0.546875 0.273438 0.531250 0.269531 0.527344 0.269531 0.523438 0.265625 0.519531 0.261719 0.519531 0.257812 0.515625 0.257812 0.496094 0.253906 0.496094 0.250000 0.492188 0.250000 0.453125 0.253906 0.449219 0.273438 0.449219 0.277344 0.453125 0.300781 0.453125 0.304688 0.457031 0.304688 0.460938 0.316406 0.460938 0.324219 0.468750 0.324219 0.472656 0.332031 0.480469 0.332031 0.488281 0.335938 0.492188 0.335938 0.496094 0.339844 0.500000 0.339844 0.523438 0.335938 0.527344 0.335938 0.546875 0.347656 0.546875 0.347656 0.535156 0.351562 0.531250 0.363281 0.531250 0.363281 0.519531 0.359375 0.515625 0.359375 0.503906 0.351562 0.496094 0.351562 0.492188 0.347656 0.488281 0.347656 0.468750 0.339844 0.460938 0.339844 0.457031 0.335938 0.453125 0.335938 0.425781 0.343750 0.417969 0.343750 0.410156 0.339844 0.410156 0.335938 0.406250 0.335938 0.375000 0.312500 0.375000 0.308594 0.371094 0.304688 0.371094 0.300781 0.367188 0.300781 0.351562 0.304688 0.347656 0.304688 0.339844 0.308594 0.335938 0.324219 0.335938 0.328125 0.339844 0.339844 0.339844 0.347656 0.332031 0.382812 0.332031 0.386719 0.335938 0.394531 0.335938 0.394531 0.328125 0.386719 0.328125 0.382812 0.324219 0.382812 0.296875 0.378906 0.292969 0.351562 0.292969 0.347656 0.289062 0.343750 0.289062 0.339844 0.285156 0.339844 0.273438 0.332031 0.273438 0.328125 0.269531 0.328125 0.253906 0.335938 0.246094 0.343750 0.246094 0.343750 0.234375 0.332031 0.234375 0.328125 0.238281 0.312500 0.238281 0.308594 0.234375 0.296875 0.234375 0.292969 0.230469 0.281250 0.230469 0.273438 0.238281 0.242188 0.238281 0.242188 0.250000 0.238281 0.253906 0.238281 0.269531 0.230469 0.277344 0.214844 0.277344 0.210938 0.273438 0.210938 0.269531 0.207031 0.265625 0.207031 0.238281 0.210938 0.234375 0.218750 0.234375 0.218750 0.218750 0.210938 0.210938 0.210938 0.207031
4 0.261719 0.167969 0.261719 0.179688 0.257812 0.183594 0.242188 0.183594 0.238281 0.187500 0.238281 0.195312 0.246094 0.203125 0.246094 0.207031 0.257812 0.207031 0.257812 0.187500 0.261719 0.183594 0.273438 0.183594 0.273438 0.171875 0.269531 0.167969
4 0.433594 0.136719 0.433594 0.140625 0.429688 0.144531 0.410156 0.144531 0.410156 0.164062 0.414062 0.167969 0.414062 0.191406 0.410156 0.195312 0.398438 0.195312 0.398438 0.207031 0.402344 0.210938 0.425781 0.210938 0.429688 0.214844 0.429688 0.230469 0.437500 0.238281 0.445312 0.238281 0.449219 0.242188 0.449219 0.261719 0.453125 0.261719 0.457031 0.265625 0.457031 0.281250 0.453125 0.285156 0.453125 0.292969 0.464844 0.292969 0.472656 0.300781 0.472656 0.316406 0.468750 0.320312 0.468750 0.347656 0.484375 0.347656 0.488281 0.351562 0.488281 0.355469 0.492188 0.355469 0.496094 0.359375 0.496094 0.367188 0.500000 0.371094 0.500000 0.378906 0.503906 0.382812 0.503906 0.386719 0.507812 0.390625 0.507812 0.417969 0.511719 0.421875 0.511719 0.441406 0.515625 0.445312 0.515625 0.460938 0.519531 0.464844 0.519531 0.472656 0.523438 0.476562 0.523438 0.507812 0.527344 0.511719 0.527344 0.531250 0.523438 0.535156 0.503906 0.535156 0.500000 0.531250 0.500000 0.527344 0.496094 0.523438 0.492188 0.523438 0.488281 0.519531 0.488281 0.515625 0.472656 0.515625 0.472656 0.523438 0.476562 0.527344 0.476562 0.531250 0.484375 0.531250 0.488281 0.535156 0.488281 0.574219 0.492188 0.578125 0.507812 0.578125 0.511719 0.582031 0.519531 0.582031 0.523438 0.578125 0.558594 0.578125 0.562500 0.582031 0.562500 0.617188 0.558594 0.621094 0.558594 0.632812 0.562500 0.632812 0.566406 0.636719 0.566406 0.671875 0.570312 0.675781 0.570312 0.769531 0.574219 0.773438 0.574219 0.777344 0.578125 0.781250 0.578125 0.804688 0.574219 0.808594 0.574219 0.878906 0.578125 0.882812 0.578125 0.960938 0.589844 0.960938 0.589844 0.949219 0.585938 0.945312 0.585938 0.785156 0.589844 0.781250 0.589844 0.761719 0.585938 0.761719 0.582031 0.757812 0.582031 0.730469 0.585938 0.726562 0.585938 0.656250 0.582031 0.656250 0.578125 0.652344 0.578125 0.625000 0.582031 0.621094 0.582031 0.597656 0.578125 0.593750 0.578125 0.582031 0.574219 0.578125 0.574219 0.562500 0.578125 0.558594 0.578125 0.546875 0.574219 0.546875 0.570312 0.542969 0.570312 0.539062 0.566406 0.535156 0.566406 0.519531 0.570312 0.515625 0.585938 0.515625 0.585938 0.492188 0.589844 0.488281 0.597656 0.488281 0.597656 0.480469 0.593750 0.476562 0.589844 0.476562 0.582031 0.468750 0.582031 0.453125 0.578125 0.453125 0.566406 0.441406 0.566406 0.429688 0.562500 0.429688 0.558594 0.425781 0.558594 0.421875 0.546875 0.421875 0.542969 0.417969 0.542969 0.406250 0.535156 0.398438 0.535156 0.394531 0.531250 0.390625 0.531250 0.367188 0.539062 0.359375 0.554688 0.359375 0.558594 0.363281 0.558594 0.375000 0.566406 0.375000 0.566406 0.363281 0.562500 0.359375 0.562500 0.332031 0.554688 0.332031 0.554688 0.343750 0.550781 0.347656 0.523438 0.347656 0.515625 0.339844 0.515625 0.324219 0.519531 0.320312 0.527344 0.320312 0.527344 0.308594 0.523438 0.304688 0.523438 0.300781 0.515625 0.292969 0.515625 0.285156 0.511719 0.285156 0.507812 0.281250 0.500000 0.281250 0.496094 0.277344 0.496094 0.265625 0.488281 0.265625 0.484375 0.261719 0.484375 0.253906 0.476562 0.246094 0.476562 0.238281 0.472656 0.234375 0.472656 0.226562 0.468750 0.222656 0.468750 0.214844 0.464844 0.210938 0.464844 0.187500 0.468750 0.183594 0.468750 0.164062 0.464844 0.160156 0.457031 0.160156 0.449219 0.152344 0.449219 0.144531 0.445312 0.140625 0.445312 0.136719
4 0.718750 0.128906 0.714844 0.132812 0.707031 0.132812 0.699219 0.140625 0.699219 0.152344 0.718750 0.152344 0.718750 0.148438 0.722656 0.144531 0.734375 0.144531 0.738281 0.140625 0.757812 0.140625 0.757812 0.132812 0.730469 0.132812 0.726562 0.128906
4 0.144531 0.121094 0.140625 0.125000 0.132812 0.125000 0.132812 0.128906 0.128906 0.132812 0.117188 0.132812 0.109375 0.140625 0.097656 0.140625 0.093750 0.144531 0.085938 0.144531 0.082031 0.148438 0.074219 0.148438 0.070312 0.152344 0.066406 0.152344 0.062500 0.156250 0.058594 0.156250 0.050781 0.164062 0.035156 0.164062 0.031250 0.167969 0.027344 0.167969 0.019531 0.175781 0.000000 0.175781 0.000000 0.183594 0.003906 0.183594 0.007812 0.179688 0.031250 0.179688 0.035156 0.175781 0.039062 0.175781 0.042969 0.171875 0.066406 0.171875 0.082031 0.156250 0.105469 0.156250 0.109375 0.160156 0.117188 0.160156 0.117188 0.152344 0.128906 0.140625 0.128906 0.136719 0.132812 0.132812 0.144531 0.132812 0.148438 0.128906 0.152344 0.128906 0.152344 0.121094
4 0.792969 0.113281 0.792969 0.132812 0.789062 0.136719 0.789062 0.140625 0.785156 0.144531 0.785156 0.148438 0.781250 0.152344 0.765625 0.152344 0.765625 0.183594 0.761719 0.187500 0.753906 0.187500 0.753906 0.195312 0.765625 0.195312 0.769531 0.199219 0.769531 0.218750 0.765625 0.222656 0.765625 0.234375 0.757812 0.242188 0.757812 0.285156 0.753906 0.289062 0.753906 0.300781 0.750000 0.304688 0.730469 0.304688 0.726562 0.300781 0.726562 0.296875 0.722656 0.292969 0.722656 0.257812 0.726562 0.253906 0.726562 0.242188 0.714844 0.242188 0.710938 0.238281 0.710938 0.234375 0.707031 0.230469 0.707031 0.218750 0.683594 0.218750 0.683594 0.222656 0.679688 0.226562 0.667969 0.226562 0.667969 0.234375 0.679688 0.234375 0.683594 0.238281 0.683594 0.261719 0.699219 0.261719 0.703125 0.265625 0.703125 0.289062 0.699219 0.292969 0.699219 0.300781 0.695312 0.304688 0.687500 0.304688 0.687500 0.312500 0.683594 0.316406 0.683594 0.324219 0.687500 0.328125 0.687500 0.332031 0.691406 0.335938 0.691406 0.355469 0.687500 0.359375 0.671875 0.359375 0.667969 0.363281 0.667969 0.375000 0.671875 0.378906 0.671875 0.394531 0.667969 0.398438 0.667969 0.406250 0.671875 0.410156 0.671875 0.414062 0.675781 0.417969 0.683594 0.417969 0.687500 0.414062 0.687500 0.406250 0.691406 0.402344 0.691406 0.398438 0.695312 0.394531 0.699219 0.394531 0.699219 0.378906 0.703125 0.375000 0.707031 0.375000 0.710938 0.371094 0.722656 0.371094 0.726562 0.367188 0.734375 0.367188 0.738281 0.363281 0.738281 0.351562 0.742188 0.347656 0.761719 0.347656 0.765625 0.351562 0.765625 0.378906 0.761719 0.382812 0.761719 0.386719 0.757812 0.390625 0.757812 0.394531 0.753906 0.398438 0.734375 0.398438 0.734375 0.406250 0.738281 0.410156 0.738281 0.414062 0.742188 0.414062 0.746094 0.417969 0.773438 0.417969 0.777344 0.421875 0.777344 0.441406 0.781250 0.445312 0.785156 0.445312 0.789062 0.449219 0.789062 0.464844 0.785156 0.468750 0.777344 0.468750 0.777344 0.480469 0.796875 0.480469 0.800781 0.484375 0.800781 0.523438 0.796875 0.527344 0.792969 0.527344 0.789062 0.531250 0.781250 0.531250 0.781250 0.535156 0.777344 0.539062 0.777344 0.566406 0.773438 0.570312 0.750000 0.570312 0.750000 0.578125 0.753906 0.582031 0.757812 0.582031 0.761719 0.585938 0.773438 0.585938 0.777344 0.589844 0.777344 0.621094 0.773438 0.625000 0.773438 0.640625 0.777344 0.644531 0.777344 0.671875 0.773438 0.675781 0.773438 0.683594 0.785156 0.683594 0.785156 0.671875 0.789062 0.667969 0.789062 0.660156 0.792969 0.656250 0.792969 0.652344 0.796875 0.648438 0.796875 0.644531 0.800781 0.640625 0.800781 0.605469 0.796875 0.605469 0.792969 0.601562 0.792969 0.597656 0.789062 0.593750 0.789062 0.578125 0.796875 0.570312 0.796875 0.566406 0.800781 0.562500 0.808594 0.562500 0.808594 0.558594 0.812500 0.554688 0.812500 0.527344 0.816406 0.523438 0.835938 0.523438 0.839844 0.527344 0.851562 0.527344 0.867188 0.542969 0.867188 0.574219 0.875000 0.582031 0.882812 0.582031 0.882812 0.542969 0.886719 0.539062 0.902344 0.539062 0.902344 0.527344 0.906250 0.523438 0.921875 0.523438 0.925781 0.527344 0.925781 0.531250 0.929688 0.535156 0.929688 0.542969 0.945312 0.542969 0.949219 0.546875 0.957031 0.546875 0.960938 0.550781 0.960938 0.570312 0.976562 0.570312 0.976562 0.562500 0.964844 0.562500 0.960938 0.558594 0.960938 0.535156 0.964844 0.531250 0.968750 0.531250 0.968750 0.519531 0.964844 0.519531 0.960938 0.515625 0.960938 0.511719 0.957031 0.511719 0.953125 0.507812 0.953125 0.488281 0.957031 0.484375 0.957031 0.480469 0.960938 0.476562 0.964844 0.476562 0.964844 0.468750 0.957031 0.460938 0.957031 0.441406 0.960938 0.437500 0.964844 0.437500 0.964844 0.414062 0.960938 0.410156 0.960938 0.406250 0.957031 0.402344 0.957031 0.398438 0.953125 0.394531 0.953125 0.390625 0.941406 0.390625 0.941406 0.410156 0.937500 0.414062 0.937500 0.417969 0.933594 0.421875 0.933594 0.429688 0.937500 0.429688 0.941406 0.433594 0.941406 0.437500 0.949219 0.445312 0.949219 0.476562 0.945312 0.480469 0.941406 0.480469 0.941406 0.488281 0.937500 0.492188 0.921875 0.492188 0.914062 0.484375 0.906250 0.484375 0.902344 0.480469 0.902344 0.476562 0.898438 0.472656 0.898438 0.468750 0.875000 0.468750 0.871094 0.464844 0.871094 0.441406 0.875000 0.437500 0.875000 0.425781 0.878906 0.421875 0.886719 0.421875 0.886719 0.414062 0.882812 0.414062 0.878906 0.410156 0.878906 0.386719 0.882812 0.382812 0.894531 0.382812 0.894531 0.367188 0.882812 0.367188 0.878906 0.363281 0.878906 0.359375 0.871094 0.359375 0.867188 0.363281 0.835938 0.363281 0.828125 0.355469 0.828125 0.332031 0.824219 0.332031 0.820312 0.328125 0.820312 0.292969 0.832031 0.281250 0.839844 0.281250 0.839844 0.261719 0.843750 0.257812 0.847656 0.257812 0.851562 0.253906 0.851562 0.246094 0.843750 0.238281 0.843750 0.210938 0.847656 0.207031 0.851562 0.207031 0.851562 0.191406 0.855469 0.187500 0.855469 0.179688 0.843750 0.179688 0.839844 0.175781 0.839844 0.160156 0.828125 0.160156 0.824219 0.156250 0.824219 0.144531 0.816406 0.136719 0.816406 0.125000 0.812500 0.121094 0.812500 0.117188 0.808594 0.113281
4 0.640625 0.101562 0.636719 0.105469 0.613281 0.105469 0.613281 0.117188 0.617188 0.121094 0.617188 0.125000 0.632812 0.125000 0.636719 0.128906 0.636719 0.140625 0.640625 0.140625 0.644531 0.144531 0.644531 0.148438 0.648438 0.152344 0.648438 0.156250 0.652344 0.160156 0.660156 0.160156 0.664062 0.164062 0.664062 0.167969 0.667969 0.171875 0.667969 0.183594 0.679688 0.183594 0.683594 0.187500 0.683594 0.195312 0.691406 0.195312 0.691406 0.156250 0.671875 0.156250 0.667969 0.152344 0.667969 0.113281 0.664062 0.109375 0.656250 0.109375 0.652344 0.105469 0.652344 0.101562
4 0.582031 0.015625 0.578125 0.019531 0.570312 0.019531 0.566406 0.023438 0.539062 0.023438 0.535156 0.027344 0.519531 0.027344 0.519531 0.039062 0.550781 0.039062 0.554688 0.035156 0.558594 0.035156 0.562500 0.031250 0.578125 0.031250 0.582031 0.027344 0.585938 0.027344 0.589844 0.023438 0.593750 0.023438 0.593750 0.015625
4 0.625000 0.000000 0.625000 0.011719 0.648438 0.011719 0.652344 0.007812 0.652344 0.000000
