4 0.562500 0.761719 0.562500 0.773438 0.578125 0.773438 0.578125 0.761719
4 0.605469 0.757812 0.605469 0.765625 0.613281 0.773438 0.625000 0.773438 0.628906 0.777344 0.628906 0.781250 0.632812 0.785156 0.640625 0.785156 0.648438 0.792969 0.648438 0.796875 0.652344 0.800781 0.660156 0.800781 0.664062 0.804688 0.667969 0.804688 0.671875 0.808594 0.679688 0.808594 0.679688 0.789062 0.667969 0.789062 0.664062 0.785156 0.664062 0.781250 0.644531 0.781250 0.640625 0.777344 0.640625 0.773438 0.632812 0.773438 0.628906 0.769531 0.628906 0.765625 0.625000 0.765625 0.621094 0.761719 0.621094 0.757812
4 0.496094 0.730469 0.496094 0.738281 0.500000 0.738281 0.523438 0.761719 0.531250 0.761719 0.535156 0.757812 0.546875 0.757812 0.546875 0.750000 0.542969 0.750000 0.539062 0.746094 0.539062 0.742188 0.535156 0.742188 0.531250 0.738281 0.519531 0.738281 0.511719 0.730469
4 0.417969 0.699219 0.417969 0.707031 0.421875 0.707031 0.429688 0.714844 0.437500 0.714844 0.441406 0.710938 0.441406 0.703125 0.437500 0.703125 0.433594 0.699219
4 0.625000 0.648438 0.625000 0.652344 0.621094 0.656250 0.621094 0.664062 0.632812 0.664062 0.636719 0.667969 0.636719 0.671875 0.652344 0.671875 0.656250 0.675781 0.656250 0.710938 0.660156 0.714844 0.660156 0.730469 0.656250 0.734375 0.644531 0.734375 0.644531 0.742188 0.652344 0.750000 0.652344 0.753906 0.679688 0.753906 0.683594 0.757812 0.687500 0.757812 0.691406 0.761719 0.691406 0.769531 0.707031 0.769531 0.707031 0.765625 0.710938 0.761719 0.710938 0.753906 0.703125 0.753906 0.699219 0.750000 0.699219 0.730469 0.695312 0.726562 0.695312 0.710938 0.699219 0.707031 0.699219 0.703125 0.703125 0.699219 0.707031 0.699219 0.707031 0.691406 0.710938 0.687500 0.730469 0.687500 0.730469 0.671875 0.726562 0.671875 0.722656 0.667969 0.718750 0.667969 0.714844 0.664062 0.691406 0.664062 0.687500 0.660156 0.687500 0.656250 0.683594 0.652344 0.640625 0.652344 0.636719 0.648438
4 0.296875 0.636719 0.296875 0.648438 0.308594 0.648438 0.312500 0.652344 0.312500 0.671875 0.320312 0.671875 0.328125 0.679688 0.343750 0.679688 0.351562 0.687500 0.367188 0.687500 0.371094 0.683594 0.398438 0.683594 0.398438 0.671875 0.402344 0.667969 0.414062 0.667969 0.414062 0.660156 0.406250 0.660156 0.406250 0.664062 0.402344 0.667969 0.382812 0.667969 0.378906 0.664062 0.343750 0.664062 0.339844 0.660156 0.339844 0.640625 0.332031 0.640625 0.332031 0.644531 0.328125 0.648438 0.308594 0.648438 0.304688 0.644531 0.304688 0.636719
4 0.226562 0.609375 0.226562 0.617188 0.222656 0.621094 0.203125 0.621094 0.203125 0.625000 0.199219 0.628906 0.195312 0.628906 0.195312 0.636719 0.199219 0.636719 0.203125 0.640625 0.203125 0.648438 0.207031 0.648438 0.210938 0.652344 0.218750 0.652344 0.234375 0.636719 0.261719 0.636719 0.261719 0.628906 0.253906 0.628906 0.246094 0.621094 0.246094 0.613281 0.242188 0.613281 0.238281 0.609375
4 0.476562 0.601562 0.476562 0.609375 0.484375 0.609375 0.484375 0.601562
4 0.714844 0.554688 0.714844 0.558594 0.710938 0.562500 0.699219 0.562500 0.699219 0.574219 0.714844 0.574219 0.718750 0.578125 0.742188 0.578125 0.742188 0.570312 0.734375 0.562500 0.734375 0.554688
4 0.539062 0.550781 0.539062 0.566406 0.542969 0.566406 0.546875 0.570312 0.558594 0.570312 0.562500 0.574219 0.562500 0.589844 0.570312 0.589844 0.570312 0.574219 0.562500 0.574219 0.558594 0.570312 0.558594 0.558594 0.550781 0.558594 0.546875 0.554688 0.546875 0.550781
4 0.441406 0.519531 0.441406 0.523438 0.437500 0.527344 0.437500 0.554688 0.433594 0.558594 0.433594 0.566406 0.437500 0.570312 0.437500 0.582031 0.449219 0.582031 0.453125 0.585938 0.453125 0.593750 0.460938 0.593750 0.460938 0.585938 0.457031 0.582031 0.457031 0.566406 0.464844 0.558594 0.468750 0.558594 0.468750 0.550781 0.472656 0.546875 0.472656 0.531250 0.460938 0.531250 0.457031 0.527344 0.457031 0.519531
4 0.386719 0.476562 0.386719 0.480469 0.382812 0.484375 0.378906 0.484375 0.378906 0.488281 0.375000 0.492188 0.375000 0.503906 0.378906 0.503906 0.382812 0.507812 0.390625 0.507812 0.390625 0.503906 0.394531 0.500000 0.398438 0.500000 0.402344 0.496094 0.414062 0.496094 0.414062 0.488281 0.410156 0.488281 0.406250 0.484375 0.402344 0.484375 0.398438 0.480469 0.398438 0.476562
4 0.433594 0.464844 0.433594 0.468750 0.429688 0.472656 0.429688 0.480469 0.464844 0.480469 0.468750 0.484375 0.468750 0.488281 0.472656 0.488281 0.476562 0.492188 0.476562 0.500000 0.488281 0.500000 0.488281 0.492188 0.484375 0.488281 0.480469 0.488281 0.476562 0.484375 0.476562 0.476562 0.464844 0.464844
4 0.199219 0.429688 0.199219 0.433594 0.195312 0.437500 0.195312 0.453125 0.191406 0.457031 0.191406 0.464844 0.199219 0.464844 0.203125 0.468750 0.222656 0.468750 0.230469 0.460938 0.234375 0.460938 0.234375 0.453125 0.230469 0.449219 0.230469 0.445312 0.218750 0.445312 0.214844 0.441406 0.214844 0.437500 0.210938 0.437500 0.207031 0.433594 0.207031 0.429688
4 0.421875 0.410156 0.421875 0.417969 0.429688 0.417969 0.429688 0.410156
4 0.675781 0.406250 0.675781 0.414062 0.679688 0.417969 0.679688 0.421875 0.691406 0.433594 0.699219 0.433594 0.703125 0.429688 0.714844 0.429688 0.726562 0.417969 0.746094 0.417969 0.746094 0.410156 0.734375 0.410156 0.730469 0.406250
4 0.398438 0.382812 0.398438 0.390625 0.406250 0.390625 0.406250 0.382812
4 0.285156 0.382812 0.281250 0.386719 0.265625 0.386719 0.265625 0.394531 0.269531 0.398438 0.292969 0.398438 0.296875 0.402344 0.296875 0.425781 0.292969 0.429688 0.292969 0.437500 0.296875 0.441406 0.335938 0.441406 0.335938 0.429688 0.332031 0.429688 0.328125 0.425781 0.328125 0.421875 0.320312 0.421875 0.316406 0.417969 0.308594 0.417969 0.300781 0.410156 0.300781 0.386719 0.296875 0.382812
4 0.355469 0.332031 0.355469 0.335938 0.351562 0.339844 0.328125 0.339844 0.328125 0.351562 0.347656 0.351562 0.351562 0.355469 0.351562 0.359375 0.363281 0.359375 0.367188 0.355469 0.378906 0.355469 0.378906 0.332031
4 0.296875 0.316406 0.296875 0.320312 0.289062 0.328125 0.277344 0.328125 0.277344 0.339844 0.304688 0.339844 0.308594 0.335938 0.316406 0.335938 0.316406 0.324219 0.308594 0.324219 0.304688 0.320312 0.304688 0.316406
4 0.316406 0.273438 0.316406 0.292969 0.328125 0.292969 0.328125 0.285156 0.324219 0.281250 0.324219 0.273438
4 0.203125 0.238281 0.195312 0.246094 0.195312 0.250000 0.187500 0.257812 0.183594 0.257812 0.183594 0.261719 0.171875 0.273438 0.167969 0.273438 0.160156 0.281250 0.156250 0.281250 0.148438 0.289062 0.148438 0.292969 0.144531 0.296875 0.132812 0.296875 0.132812 0.304688 0.136719 0.304688 0.140625 0.308594 0.152344 0.308594 0.156250 0.304688 0.160156 0.304688 0.167969 0.296875 0.175781 0.296875 0.175781 0.292969 0.179688 0.289062 0.183594 0.289062 0.187500 0.285156 0.207031 0.285156 0.207031 0.265625 0.210938 0.261719 0.214844 0.261719 0.214844 0.238281
4 0.289062 0.226562 0.289062 0.246094 0.285156 0.250000 0.285156 0.257812 0.308594 0.257812 0.308594 0.250000 0.304688 0.250000 0.300781 0.246094 0.300781 0.230469 0.296875 0.226562
4 0.535156 0.218750 0.531250 0.222656 0.527344 0.222656 0.527344 0.226562 0.515625 0.238281 0.492188 0.238281 0.488281 0.234375 0.480469 0.234375 0.476562 0.238281 0.476562 0.242188 0.472656 0.246094 0.457031 0.246094 0.457031 0.250000 0.453125 0.253906 0.449219 0.253906 0.445312 0.257812 0.402344 0.257812 0.402344 0.289062 0.398438 0.292969 0.386719 0.292969 0.386719 0.320312 0.417969 0.320312 0.421875 0.324219 0.421875 0.328125 0.425781 0.332031 0.429688 0.332031 0.433594 0.335938 0.437500 0.335938 0.441406 0.339844 0.453125 0.339844 0.457031 0.343750 0.464844 0.343750 0.468750 0.347656 0.476562 0.347656 0.476562 0.332031 0.457031 0.332031 0.453125 0.328125 0.453125 0.316406 0.449219 0.316406 0.441406 0.308594 0.441406 0.292969 0.449219 0.285156 0.468750 0.285156 0.472656 0.289062 0.472656 0.292969 0.476562 0.296875 0.480469 0.296875 0.484375 0.300781 0.484375 0.308594 0.492188 0.308594 0.500000 0.300781 0.511719 0.300781 0.511719 0.292969 0.503906 0.285156 0.503906 0.269531 0.507812 0.265625 0.511719 0.265625 0.511719 0.250000 0.515625 0.246094 0.523438 0.246094 0.531250 0.238281 0.535156 0.238281 0.539062 0.234375 0.542969 0.234375 0.542969 0.218750
