4 0.394531 0.808594 0.394531 0.828125 0.390625 0.832031 0.390625 0.839844 0.382812 0.847656 0.363281 0.847656 0.363281 0.855469 0.367188 0.859375 0.390625 0.859375 0.402344 0.847656 0.402344 0.843750 0.406250 0.839844 0.406250 0.820312 0.410156 0.816406 0.414062 0.816406 0.414062 0.808594
4 0.886719 0.777344 0.886719 0.808594 0.890625 0.812500 0.914062 0.812500 0.914062 0.796875 0.910156 0.792969 0.910156 0.777344
4 0.191406 0.773438 0.191406 0.777344 0.187500 0.781250 0.183594 0.781250 0.183594 0.796875 0.179688 0.800781 0.167969 0.800781 0.167969 0.808594 0.183594 0.808594 0.187500 0.812500 0.187500 0.820312 0.195312 0.820312 0.195312 0.816406 0.199219 0.812500 0.207031 0.812500 0.207031 0.808594 0.210938 0.804688 0.210938 0.789062 0.207031 0.785156 0.207031 0.781250 0.203125 0.781250 0.199219 0.777344 0.199219 0.773438
4 0.718750 0.761719 0.718750 0.773438 0.726562 0.773438 0.730469 0.769531 0.730469 0.761719
4 0.699219 0.742188 0.699219 0.753906 0.703125 0.757812 0.710938 0.757812 0.710938 0.742188
4 0.335938 0.710938 0.335938 0.718750 0.343750 0.718750 0.343750 0.710938
4 0.632812 0.703125 0.632812 0.710938 0.648438 0.710938 0.648438 0.703125
4 0.714844 0.687500 0.714844 0.699219 0.722656 0.699219 0.726562 0.703125 0.726562 0.734375 0.738281 0.734375 0.738281 0.710938 0.742188 0.707031 0.742188 0.687500
4 0.585938 0.675781 0.585938 0.691406 0.589844 0.695312 0.589844 0.699219 0.593750 0.703125 0.605469 0.703125 0.605469 0.695312 0.601562 0.695312 0.593750 0.687500 0.593750 0.675781
4 0.203125 0.656250 0.203125 0.667969 0.199219 0.671875 0.183594 0.671875 0.179688 0.667969 0.179688 0.664062 0.167969 0.664062 0.167969 0.679688 0.171875 0.683594 0.171875 0.722656 0.175781 0.722656 0.179688 0.726562 0.179688 0.734375 0.195312 0.734375 0.199219 0.738281 0.199219 0.750000 0.210938 0.750000 0.214844 0.746094 0.214844 0.734375 0.218750 0.730469 0.218750 0.691406 0.222656 0.687500 0.234375 0.687500 0.238281 0.683594 0.238281 0.671875 0.230469 0.664062 0.230469 0.660156 0.226562 0.656250
4 0.699219 0.648438 0.699219 0.664062 0.710938 0.664062 0.710938 0.648438
4 0.644531 0.632812 0.644531 0.660156 0.667969 0.660156 0.667969 0.652344 0.656250 0.652344 0.652344 0.648438 0.652344 0.632812
4 0.250000 0.609375 0.250000 0.621094 0.253906 0.625000 0.253906 0.640625 0.273438 0.640625 0.277344 0.644531 0.277344 0.671875 0.296875 0.671875 0.296875 0.667969 0.300781 0.664062 0.300781 0.660156 0.304688 0.656250 0.304688 0.644531 0.300781 0.644531 0.296875 0.640625 0.277344 0.640625 0.273438 0.636719 0.273438 0.617188 0.261719 0.617188 0.257812 0.613281 0.257812 0.609375
4 0.687500 0.601562 0.687500 0.609375 0.703125 0.609375 0.703125 0.601562
4 0.433594 0.597656 0.433594 0.621094 0.429688 0.625000 0.402344 0.625000 0.398438 0.621094 0.398438 0.613281 0.382812 0.613281 0.382812 0.628906 0.402344 0.628906 0.406250 0.632812 0.406250 0.648438 0.414062 0.656250 0.414062 0.660156 0.433594 0.660156 0.437500 0.664062 0.437500 0.667969 0.460938 0.667969 0.464844 0.671875 0.464844 0.687500 0.460938 0.691406 0.445312 0.691406 0.445312 0.714844 0.460938 0.714844 0.464844 0.718750 0.464844 0.839844 0.460938 0.843750 0.457031 0.843750 0.449219 0.851562 0.445312 0.851562 0.445312 0.859375 0.449219 0.863281 0.449219 0.867188 0.453125 0.867188 0.457031 0.871094 0.457031 0.878906 0.464844 0.878906 0.468750 0.882812 0.468750 0.894531 0.472656 0.898438 0.472656 0.902344 0.476562 0.902344 0.480469 0.906250 0.480469 0.976562 0.476562 0.980469 0.476562 0.996094 0.500000 0.996094 0.500000 0.941406 0.507812 0.933594 0.507812 0.921875 0.511719 0.917969 0.511719 0.898438 0.507812 0.894531 0.507812 0.878906 0.511719 0.875000 0.511719 0.828125 0.515625 0.824219 0.539062 0.824219 0.542969 0.828125 0.542969 0.832031 0.550781 0.832031 0.550781 0.828125 0.554688 0.824219 0.554688 0.816406 0.539062 0.816406 0.531250 0.808594 0.531250 0.804688 0.527344 0.800781 0.527344 0.785156 0.531250 0.781250 0.535156 0.781250 0.539062 0.777344 0.539062 0.769531 0.527344 0.757812 0.527344 0.750000 0.523438 0.746094 0.523438 0.707031 0.527344 0.703125 0.531250 0.703125 0.531250 0.687500 0.527344 0.683594 0.515625 0.683594 0.511719 0.679688 0.511719 0.664062 0.500000 0.664062 0.500000 0.675781 0.496094 0.679688 0.480469 0.679688 0.476562 0.675781 0.476562 0.632812 0.449219 0.632812 0.445312 0.628906 0.445312 0.605469 0.441406 0.601562 0.441406 0.597656
4 0.363281 0.582031 0.363281 0.597656 0.371094 0.597656 0.371094 0.582031
4 0.902344 0.523438 0.902344 0.531250 0.894531 0.539062 0.894531 0.554688 0.890625 0.558594 0.886719 0.558594 0.878906 0.566406 0.871094 0.566406 0.871094 0.585938 0.867188 0.589844 0.843750 0.589844 0.839844 0.593750 0.832031 0.593750 0.828125 0.597656 0.808594 0.597656 0.800781 0.589844 0.800781 0.585938 0.792969 0.585938 0.781250 0.597656 0.769531 0.597656 0.769531 0.605469 0.789062 0.605469 0.796875 0.613281 0.796875 0.621094 0.820312 0.621094 0.824219 0.625000 0.824219 0.632812 0.828125 0.636719 0.843750 0.636719 0.847656 0.640625 0.847656 0.648438 0.851562 0.652344 0.859375 0.652344 0.859375 0.636719 0.851562 0.628906 0.851562 0.609375 0.855469 0.605469 0.859375 0.605469 0.859375 0.597656 0.863281 0.593750 0.886719 0.593750 0.890625 0.597656 0.890625 0.625000 0.894531 0.628906 0.894531 0.636719 0.898438 0.640625 0.898438 0.644531 0.910156 0.644531 0.914062 0.648438 0.917969 0.648438 0.921875 0.652344 0.921875 0.656250 0.933594 0.656250 0.933594 0.640625 0.925781 0.632812 0.925781 0.613281 0.929688 0.609375 0.953125 0.609375 0.953125 0.582031 0.957031 0.578125 0.957031 0.570312 0.929688 0.570312 0.925781 0.566406 0.921875 0.566406 0.917969 0.562500 0.917969 0.546875 0.914062 0.542969 0.914062 0.531250 0.910156 0.527344 0.910156 0.523438
4 0.281250 0.488281 0.281250 0.496094 0.277344 0.500000 0.277344 0.511719 0.289062 0.511719 0.292969 0.515625 0.292969 0.539062 0.289062 0.542969 0.289062 0.550781 0.292969 0.554688 0.292969 0.562500 0.296875 0.566406 0.296875 0.574219 0.300781 0.578125 0.300781 0.585938 0.308594 0.585938 0.312500 0.589844 0.320312 0.589844 0.320312 0.582031 0.324219 0.578125 0.324219 0.558594 0.320312 0.554688 0.320312 0.542969 0.316406 0.542969 0.312500 0.539062 0.312500 0.535156 0.308594 0.531250 0.308594 0.519531 0.304688 0.515625 0.304688 0.503906 0.292969 0.503906 0.289062 0.500000 0.289062 0.488281
4 0.136719 0.484375 0.132812 0.488281 0.132812 0.496094 0.128906 0.500000 0.113281 0.500000 0.109375 0.503906 0.105469 0.503906 0.105469 0.527344 0.109375 0.531250 0.109375 0.535156 0.121094 0.535156 0.125000 0.539062 0.125000 0.566406 0.121094 0.570312 0.117188 0.570312 0.117188 0.589844 0.132812 0.589844 0.136719 0.585938 0.140625 0.585938 0.140625 0.570312 0.144531 0.566406 0.148438 0.566406 0.148438 0.558594 0.156250 0.550781 0.160156 0.550781 0.160156 0.535156 0.152344 0.535156 0.148438 0.531250 0.148438 0.519531 0.144531 0.515625 0.144531 0.484375
4 0.437500 0.453125 0.429688 0.460938 0.417969 0.460938 0.414062 0.464844 0.414062 0.496094 0.410156 0.500000 0.410156 0.527344 0.414062 0.531250 0.414062 0.558594 0.425781 0.558594 0.433594 0.566406 0.433594 0.574219 0.441406 0.574219 0.441406 0.566406 0.445312 0.562500 0.445312 0.554688 0.449219 0.550781 0.449219 0.488281 0.445312 0.484375 0.445312 0.453125
4 0.648438 0.406250 0.648438 0.410156 0.640625 0.417969 0.636719 0.417969 0.636719 0.421875 0.632812 0.425781 0.632812 0.437500 0.628906 0.441406 0.613281 0.441406 0.609375 0.437500 0.601562 0.437500 0.601562 0.445312 0.617188 0.445312 0.621094 0.449219 0.621094 0.453125 0.644531 0.453125 0.644531 0.441406 0.648438 0.437500 0.664062 0.437500 0.667969 0.433594 0.671875 0.433594 0.671875 0.417969 0.664062 0.410156 0.664062 0.406250
4 0.742188 0.371094 0.738281 0.375000 0.738281 0.382812 0.742188 0.382812 0.746094 0.386719 0.746094 0.406250 0.742188 0.410156 0.726562 0.410156 0.726562 0.425781 0.730469 0.429688 0.730469 0.433594 0.750000 0.433594 0.750000 0.410156 0.753906 0.406250 0.761719 0.406250 0.761719 0.394531 0.757812 0.390625 0.757812 0.386719 0.753906 0.382812 0.753906 0.378906 0.750000 0.375000 0.750000 0.371094
4 0.496094 0.351562 0.492188 0.355469 0.492188 0.371094 0.488281 0.375000 0.488281 0.406250 0.492188 0.410156 0.492188 0.460938 0.496094 0.464844 0.496094 0.527344 0.507812 0.527344 0.511719 0.531250 0.511719 0.554688 0.535156 0.554688 0.539062 0.558594 0.546875 0.558594 0.550781 0.562500 0.550781 0.578125 0.546875 0.582031 0.523438 0.582031 0.519531 0.585938 0.519531 0.605469 0.527344 0.605469 0.531250 0.609375 0.531250 0.621094 0.535156 0.625000 0.535156 0.628906 0.539062 0.632812 0.554688 0.632812 0.558594 0.636719 0.570312 0.636719 0.574219 0.632812 0.585938 0.632812 0.589844 0.628906 0.597656 0.628906 0.597656 0.621094 0.578125 0.621094 0.578125 0.625000 0.574219 0.628906 0.558594 0.628906 0.554688 0.625000 0.554688 0.597656 0.562500 0.589844 0.566406 0.589844 0.570312 0.585938 0.574219 0.585938 0.574219 0.578125 0.570312 0.574219 0.570312 0.554688 0.554688 0.554688 0.550781 0.550781 0.527344 0.550781 0.523438 0.546875 0.523438 0.542969 0.515625 0.542969 0.511719 0.539062 0.511719 0.503906 0.515625 0.500000 0.523438 0.500000 0.523438 0.492188 0.519531 0.492188 0.515625 0.488281 0.515625 0.453125 0.519531 0.449219 0.539062 0.449219 0.542969 0.453125 0.542969 0.476562 0.546875 0.476562 0.550781 0.480469 0.550781 0.484375 0.554688 0.484375 0.558594 0.488281 0.558594 0.515625 0.566406 0.515625 0.570312 0.511719 0.578125 0.511719 0.578125 0.500000 0.574219 0.496094 0.574219 0.476562 0.578125 0.472656 0.582031 0.472656 0.582031 0.453125 0.578125 0.449219 0.578125 0.414062 0.582031 0.410156 0.582031 0.375000 0.578125 0.371094 0.578125 0.367188 0.574219 0.367188 0.570312 0.363281 0.562500 0.363281 0.562500 0.371094 0.566406 0.375000 0.566406 0.425781 0.562500 0.429688 0.562500 0.433594 0.558594 0.437500 0.531250 0.437500 0.527344 0.433594 0.527344 0.429688 0.523438 0.425781 0.523438 0.414062 0.519531 0.414062 0.515625 0.410156 0.515625 0.406250 0.511719 0.406250 0.503906 0.398438 0.503906 0.351562
4 0.773438 0.312500 0.773438 0.324219 0.777344 0.324219 0.781250 0.328125 0.781250 0.343750 0.804688 0.343750 0.808594 0.347656 0.828125 0.347656 0.832031 0.351562 0.835938 0.351562 0.843750 0.359375 0.851562 0.359375 0.851562 0.347656 0.847656 0.347656 0.824219 0.324219 0.824219 0.320312 0.820312 0.316406 0.820312 0.312500 0.804688 0.312500 0.800781 0.316406 0.785156 0.316406 0.781250 0.312500
4 0.507812 0.292969 0.507812 0.308594 0.515625 0.308594 0.515625 0.292969
4 0.726562 0.269531 0.726562 0.281250 0.738281 0.292969 0.746094 0.292969 0.750000 0.289062 0.753906 0.289062 0.753906 0.277344 0.750000 0.273438 0.750000 0.269531
4 0.171875 0.000000 0.171875 0.007812 0.156250 0.023438 0.152344 0.023438 0.152344 0.031250 0.148438 0.035156 0.148438 0.042969 0.156250 0.042969 0.160156 0.039062 0.191406 0.039062 0.195312 0.042969 0.195312 0.046875 0.207031 0.046875 0.210938 0.050781 0.218750 0.050781 0.218750 0.042969 0.214844 0.042969 0.210938 0.039062 0.210938 0.035156 0.191406 0.015625 0.183594 0.015625 0.179688 0.011719 0.179688 0.000000
