4 0.398438 0.710938 0.398438 0.718750 0.410156 0.718750 0.410156 0.710938
4 0.070312 0.699219 0.070312 0.703125 0.066406 0.707031 0.062500 0.707031 0.062500 0.722656 0.066406 0.726562 0.066406 0.734375 0.074219 0.734375 0.078125 0.730469 0.101562 0.730469 0.105469 0.734375 0.105469 0.746094 0.113281 0.746094 0.117188 0.742188 0.117188 0.730469 0.113281 0.730469 0.109375 0.726562 0.109375 0.722656 0.105469 0.718750 0.097656 0.718750 0.093750 0.714844 0.093750 0.703125 0.082031 0.703125 0.078125 0.699219
4 0.691406 0.695312 0.691406 0.703125 0.699219 0.703125 0.699219 0.695312
4 0.925781 0.675781 0.925781 0.687500 0.921875 0.691406 0.910156 0.691406 0.906250 0.695312 0.882812 0.695312 0.878906 0.691406 0.867188 0.691406 0.863281 0.687500 0.855469 0.687500 0.851562 0.683594 0.851562 0.679688 0.843750 0.679688 0.839844 0.683594 0.839844 0.687500 0.835938 0.691406 0.835938 0.695312 0.832031 0.699219 0.832031 0.707031 0.835938 0.710938 0.835938 0.726562 0.832031 0.730469 0.832031 0.753906 0.828125 0.757812 0.808594 0.757812 0.808594 0.765625 0.804688 0.769531 0.792969 0.769531 0.792969 0.773438 0.789062 0.777344 0.781250 0.777344 0.777344 0.781250 0.773438 0.781250 0.773438 0.808594 0.761719 0.820312 0.726562 0.820312 0.722656 0.816406 0.703125 0.816406 0.703125 0.824219 0.699219 0.828125 0.699219 0.843750 0.703125 0.847656 0.714844 0.847656 0.718750 0.851562 0.718750 0.863281 0.742188 0.863281 0.742188 0.835938 0.746094 0.832031 0.761719 0.832031 0.765625 0.835938 0.765625 0.839844 0.769531 0.843750 0.769531 0.855469 0.777344 0.855469 0.777344 0.843750 0.785156 0.835938 0.812500 0.835938 0.816406 0.839844 0.832031 0.839844 0.835938 0.835938 0.839844 0.835938 0.843750 0.832031 0.855469 0.832031 0.859375 0.828125 0.859375 0.812500 0.839844 0.812500 0.832031 0.804688 0.832031 0.750000 0.835938 0.746094 0.847656 0.746094 0.847656 0.738281 0.851562 0.734375 0.855469 0.734375 0.855469 0.730469 0.859375 0.726562 0.859375 0.722656 0.863281 0.718750 0.867188 0.718750 0.871094 0.714844 0.875000 0.714844 0.875000 0.710938 0.878906 0.707031 0.894531 0.707031 0.898438 0.710938 0.898438 0.714844 0.906250 0.714844 0.910156 0.710938 0.929688 0.710938 0.929688 0.703125 0.933594 0.699219 0.937500 0.699219 0.937500 0.683594 0.933594 0.679688 0.933594 0.675781
4 0.714844 0.656250 0.714844 0.664062 0.718750 0.664062 0.722656 0.667969 0.722656 0.679688 0.726562 0.679688 0.742188 0.695312 0.750000 0.695312 0.750000 0.671875 0.746094 0.667969 0.746094 0.660156 0.726562 0.660156 0.722656 0.656250
4 0.636719 0.644531 0.636719 0.660156 0.644531 0.660156 0.644531 0.644531
4 0.941406 0.625000 0.941406 0.644531 0.937500 0.648438 0.937500 0.656250 0.949219 0.656250 0.949219 0.652344 0.957031 0.644531 0.960938 0.644531 0.960938 0.628906 0.957031 0.628906 0.953125 0.625000
4 0.546875 0.625000 0.546875 0.636719 0.542969 0.640625 0.542969 0.656250 0.558594 0.656250 0.558594 0.625000
4 0.328125 0.609375 0.320312 0.617188 0.320312 0.632812 0.316406 0.636719 0.296875 0.636719 0.292969 0.632812 0.292969 0.628906 0.277344 0.628906 0.273438 0.625000 0.257812 0.625000 0.257812 0.636719 0.253906 0.640625 0.250000 0.640625 0.250000 0.652344 0.261719 0.652344 0.265625 0.656250 0.265625 0.660156 0.269531 0.660156 0.273438 0.664062 0.273438 0.671875 0.285156 0.671875 0.289062 0.667969 0.292969 0.667969 0.292969 0.664062 0.296875 0.660156 0.324219 0.660156 0.324219 0.636719 0.328125 0.632812 0.335938 0.632812 0.335938 0.628906 0.339844 0.625000 0.347656 0.625000 0.347656 0.613281 0.339844 0.613281 0.335938 0.609375
4 0.812500 0.558594 0.812500 0.570312 0.808594 0.574219 0.808594 0.597656 0.820312 0.597656 0.820312 0.585938 0.824219 0.582031 0.824219 0.574219 0.828125 0.570312 0.828125 0.562500 0.824219 0.562500 0.820312 0.558594
4 0.195312 0.554688 0.195312 0.558594 0.191406 0.562500 0.183594 0.562500 0.183594 0.578125 0.187500 0.582031 0.187500 0.585938 0.199219 0.585938 0.203125 0.582031 0.218750 0.582031 0.218750 0.570312 0.214844 0.566406 0.214844 0.554688
4 0.464844 0.535156 0.464844 0.562500 0.460938 0.566406 0.457031 0.566406 0.449219 0.574219 0.433594 0.574219 0.425781 0.566406 0.425781 0.562500 0.421875 0.558594 0.421875 0.554688 0.414062 0.554688 0.414062 0.570312 0.410156 0.574219 0.410156 0.617188 0.406250 0.621094 0.390625 0.621094 0.386719 0.617188 0.382812 0.617188 0.378906 0.613281 0.378906 0.609375 0.371094 0.609375 0.371094 0.644531 0.378906 0.652344 0.378906 0.656250 0.398438 0.656250 0.398438 0.648438 0.402344 0.644531 0.425781 0.644531 0.429688 0.648438 0.429688 0.664062 0.421875 0.671875 0.410156 0.671875 0.410156 0.679688 0.414062 0.683594 0.417969 0.683594 0.421875 0.687500 0.429688 0.687500 0.433594 0.691406 0.441406 0.691406 0.445312 0.687500 0.464844 0.687500 0.464844 0.683594 0.472656 0.675781 0.476562 0.675781 0.480469 0.671875 0.480469 0.664062 0.457031 0.664062 0.453125 0.660156 0.453125 0.628906 0.429688 0.628906 0.421875 0.621094 0.421875 0.582031 0.425781 0.578125 0.441406 0.578125 0.449219 0.585938 0.449219 0.589844 0.457031 0.589844 0.457031 0.585938 0.464844 0.578125 0.464844 0.550781 0.468750 0.546875 0.472656 0.546875 0.476562 0.542969 0.476562 0.535156
4 0.953125 0.523438 0.949219 0.527344 0.949219 0.531250 0.945312 0.535156 0.929688 0.535156 0.929688 0.542969 0.925781 0.546875 0.925781 0.558594 0.921875 0.562500 0.906250 0.562500 0.902344 0.558594 0.902344 0.554688 0.894531 0.554688 0.890625 0.558594 0.886719 0.558594 0.878906 0.566406 0.878906 0.585938 0.890625 0.585938 0.890625 0.578125 0.894531 0.574219 0.910156 0.574219 0.910156 0.566406 0.914062 0.562500 0.941406 0.562500 0.945312 0.566406 0.945312 0.574219 0.953125 0.574219 0.953125 0.546875 0.957031 0.542969 0.957031 0.535156 0.960938 0.531250 0.960938 0.523438
4 0.363281 0.519531 0.363281 0.554688 0.367188 0.554688 0.371094 0.558594 0.371094 0.562500 0.378906 0.562500 0.378906 0.539062 0.382812 0.535156 0.394531 0.535156 0.398438 0.531250 0.398438 0.519531
4 0.804688 0.484375 0.800781 0.488281 0.800781 0.500000 0.804688 0.500000 0.808594 0.503906 0.808594 0.507812 0.812500 0.511719 0.812500 0.519531 0.816406 0.523438 0.816406 0.535156 0.832031 0.535156 0.832031 0.507812 0.835938 0.503906 0.839844 0.503906 0.839844 0.492188 0.835938 0.492188 0.832031 0.488281 0.832031 0.484375
4 0.957031 0.472656 0.957031 0.484375 0.964844 0.484375 0.964844 0.472656
4 0.468750 0.468750 0.468750 0.476562 0.484375 0.476562 0.488281 0.480469 0.488281 0.488281 0.492188 0.488281 0.496094 0.492188 0.496094 0.500000 0.503906 0.500000 0.503906 0.488281 0.500000 0.488281 0.496094 0.484375 0.496094 0.472656 0.492188 0.468750
4 0.679688 0.460938 0.675781 0.464844 0.664062 0.464844 0.664062 0.492188 0.660156 0.496094 0.656250 0.496094 0.656250 0.511719 0.652344 0.515625 0.636719 0.515625 0.636719 0.519531 0.632812 0.523438 0.632812 0.531250 0.628906 0.535156 0.628906 0.554688 0.625000 0.558594 0.625000 0.593750 0.617188 0.601562 0.617188 0.628906 0.628906 0.628906 0.628906 0.625000 0.632812 0.621094 0.632812 0.597656 0.636719 0.593750 0.640625 0.593750 0.640625 0.574219 0.644531 0.570312 0.644531 0.562500 0.640625 0.558594 0.640625 0.527344 0.648438 0.519531 0.667969 0.519531 0.667969 0.515625 0.675781 0.507812 0.675781 0.492188 0.679688 0.488281 0.679688 0.472656 0.683594 0.468750 0.687500 0.468750 0.687500 0.460938
4 0.367188 0.410156 0.363281 0.414062 0.363281 0.425781 0.371094 0.425781 0.375000 0.429688 0.375000 0.453125 0.382812 0.453125 0.386719 0.457031 0.386719 0.460938 0.390625 0.464844 0.390625 0.484375 0.398438 0.484375 0.398438 0.437500 0.378906 0.437500 0.375000 0.433594 0.375000 0.410156
4 0.867188 0.386719 0.867188 0.417969 0.863281 0.421875 0.847656 0.421875 0.843750 0.425781 0.839844 0.425781 0.839844 0.437500 0.859375 0.437500 0.863281 0.441406 0.878906 0.441406 0.878906 0.386719
4 0.144531 0.355469 0.140625 0.359375 0.136719 0.359375 0.136719 0.375000 0.140625 0.378906 0.140625 0.398438 0.152344 0.398438 0.156250 0.402344 0.156250 0.417969 0.148438 0.425781 0.148438 0.449219 0.160156 0.449219 0.160156 0.433594 0.167969 0.425781 0.199219 0.425781 0.203125 0.429688 0.203125 0.457031 0.199219 0.460938 0.171875 0.460938 0.171875 0.468750 0.167969 0.472656 0.164062 0.472656 0.164062 0.484375 0.152344 0.496094 0.152344 0.519531 0.148438 0.523438 0.140625 0.523438 0.140625 0.527344 0.136719 0.531250 0.136719 0.554688 0.132812 0.558594 0.128906 0.558594 0.125000 0.562500 0.121094 0.562500 0.121094 0.578125 0.148438 0.578125 0.148438 0.562500 0.152344 0.558594 0.171875 0.558594 0.171875 0.527344 0.175781 0.523438 0.207031 0.523438 0.210938 0.527344 0.210938 0.531250 0.222656 0.531250 0.222656 0.527344 0.226562 0.523438 0.257812 0.523438 0.261719 0.527344 0.261719 0.535156 0.265625 0.539062 0.265625 0.542969 0.277344 0.554688 0.277344 0.578125 0.269531 0.585938 0.253906 0.585938 0.253906 0.593750 0.281250 0.593750 0.285156 0.597656 0.285156 0.601562 0.292969 0.601562 0.296875 0.597656 0.296875 0.570312 0.300781 0.566406 0.316406 0.566406 0.320312 0.570312 0.320312 0.585938 0.343750 0.585938 0.343750 0.574219 0.339844 0.570312 0.339844 0.562500 0.335938 0.558594 0.335938 0.550781 0.332031 0.550781 0.328125 0.546875 0.328125 0.523438 0.332031 0.519531 0.335938 0.519531 0.335938 0.511719 0.328125 0.511719 0.328125 0.523438 0.324219 0.527344 0.304688 0.527344 0.300781 0.523438 0.300781 0.503906 0.304688 0.500000 0.320312 0.500000 0.320312 0.480469 0.316406 0.480469 0.312500 0.476562 0.312500 0.472656 0.308594 0.472656 0.304688 0.468750 0.304688 0.457031 0.296875 0.457031 0.292969 0.453125 0.292969 0.421875 0.285156 0.421875 0.281250 0.425781 0.281250 0.433594 0.277344 0.437500 0.265625 0.437500 0.261719 0.441406 0.242188 0.441406 0.234375 0.433594 0.234375 0.429688 0.230469 0.429688 0.226562 0.425781 0.218750 0.425781 0.214844 0.421875 0.214844 0.402344 0.218750 0.398438 0.222656 0.398438 0.222656 0.386719 0.218750 0.386719 0.210938 0.378906 0.210938 0.375000 0.191406 0.375000 0.191406 0.386719 0.187500 0.390625 0.167969 0.390625 0.164062 0.386719 0.164062 0.371094 0.160156 0.367188 0.160156 0.359375 0.156250 0.359375 0.152344 0.355469
4 0.691406 0.335938 0.691406 0.339844 0.687500 0.343750 0.687500 0.351562 0.691406 0.355469 0.691406 0.363281 0.703125 0.363281 0.707031 0.367188 0.718750 0.367188 0.718750 0.351562 0.714844 0.351562 0.710938 0.347656 0.710938 0.343750 0.707031 0.339844 0.707031 0.335938
4 0.699219 0.289062 0.695312 0.292969 0.695312 0.296875 0.691406 0.300781 0.691406 0.308594 0.695312 0.312500 0.703125 0.312500 0.703125 0.304688 0.710938 0.296875 0.718750 0.296875 0.718750 0.289062
4 0.972656 0.273438 0.972656 0.296875 0.968750 0.300781 0.964844 0.300781 0.964844 0.343750 0.960938 0.347656 0.960938 0.421875 0.976562 0.421875 0.984375 0.414062 0.984375 0.406250 0.976562 0.406250 0.972656 0.402344 0.972656 0.351562 0.976562 0.347656 0.984375 0.347656 0.984375 0.296875 0.980469 0.292969 0.980469 0.273438
4 0.222656 0.078125 0.218750 0.082031 0.218750 0.085938 0.214844 0.089844 0.214844 0.097656 0.222656 0.105469 0.226562 0.105469 0.230469 0.109375 0.230469 0.144531 0.226562 0.148438 0.222656 0.148438 0.222656 0.156250 0.218750 0.160156 0.160156 0.160156 0.160156 0.171875 0.164062 0.175781 0.164062 0.210938 0.160156 0.214844 0.160156 0.226562 0.156250 0.230469 0.156250 0.246094 0.167969 0.246094 0.167969 0.242188 0.171875 0.238281 0.171875 0.226562 0.175781 0.222656 0.183594 0.222656 0.187500 0.218750 0.195312 0.218750 0.195312 0.214844 0.199219 0.210938 0.222656 0.210938 0.222656 0.203125 0.226562 0.199219 0.230469 0.199219 0.230469 0.187500 0.234375 0.183594 0.238281 0.183594 0.238281 0.175781 0.242188 0.171875 0.253906 0.171875 0.253906 0.160156 0.242188 0.148438 0.242188 0.128906 0.238281 0.125000 0.238281 0.105469 0.234375 0.101562 0.234375 0.078125
4 0.160156 0.050781 0.160156 0.058594 0.156250 0.062500 0.140625 0.062500 0.140625 0.070312 0.136719 0.074219 0.136719 0.097656 0.144531 0.097656 0.144531 0.089844 0.152344 0.082031 0.152344 0.078125 0.156250 0.074219 0.187500 0.074219 0.187500 0.062500 0.183594 0.062500 0.179688 0.058594 0.179688 0.050781
4 0.625000 0.000000 0.625000 0.007812 0.609375 0.023438 0.609375 0.066406 0.605469 0.070312 0.605469 0.082031 0.601562 0.085938 0.593750 0.085938 0.593750 0.097656 0.597656 0.101562 0.597656 0.117188 0.593750 0.121094 0.570312 0.121094 0.570312 0.125000 0.558594 0.136719 0.542969 0.136719 0.539062 0.140625 0.539062 0.148438 0.542969 0.152344 0.542969 0.179688 0.554688 0.179688 0.558594 0.183594 0.558594 0.210938 0.562500 0.214844 0.562500 0.242188 0.554688 0.250000 0.550781 0.250000 0.550781 0.269531 0.554688 0.273438 0.554688 0.289062 0.550781 0.292969 0.550781 0.324219 0.554688 0.324219 0.558594 0.328125 0.558594 0.359375 0.550781 0.367188 0.535156 0.367188 0.535156 0.371094 0.531250 0.375000 0.531250 0.382812 0.535156 0.386719 0.535156 0.406250 0.531250 0.410156 0.531250 0.417969 0.523438 0.425781 0.519531 0.425781 0.519531 0.433594 0.523438 0.433594 0.527344 0.437500 0.527344 0.457031 0.523438 0.460938 0.523438 0.472656 0.527344 0.472656 0.531250 0.476562 0.531250 0.480469 0.535156 0.480469 0.539062 0.484375 0.539062 0.500000 0.535156 0.503906 0.535156 0.550781 0.527344 0.558594 0.515625 0.558594 0.515625 0.566406 0.519531 0.566406 0.527344 0.574219 0.527344 0.585938 0.539062 0.585938 0.542969 0.582031 0.554688 0.582031 0.554688 0.570312 0.558594 0.566406 0.558594 0.546875 0.562500 0.542969 0.562500 0.531250 0.566406 0.527344 0.570312 0.527344 0.570312 0.500000 0.574219 0.496094 0.574219 0.480469 0.570312 0.476562 0.570312 0.460938 0.574219 0.457031 0.582031 0.457031 0.582031 0.433594 0.578125 0.429688 0.578125 0.410156 0.582031 0.406250 0.582031 0.394531 0.585938 0.390625 0.585938 0.375000 0.589844 0.371094 0.605469 0.371094 0.609375 0.375000 0.609375 0.394531 0.617188 0.394531 0.621094 0.390625 0.621094 0.378906 0.628906 0.371094 0.644531 0.371094 0.648438 0.367188 0.648438 0.359375 0.628906 0.359375 0.621094 0.351562 0.621094 0.328125 0.625000 0.324219 0.625000 0.316406 0.605469 0.316406 0.601562 0.312500 0.601562 0.292969 0.605469 0.289062 0.605469 0.261719 0.613281 0.253906 0.636719 0.253906 0.636719 0.246094 0.632812 0.246094 0.628906 0.242188 0.628906 0.222656 0.632812 0.218750 0.632812 0.214844 0.636719 0.210938 0.652344 0.210938 0.652344 0.199219 0.648438 0.199219 0.644531 0.195312 0.644531 0.191406 0.640625 0.187500 0.640625 0.183594 0.636719 0.179688 0.636719 0.175781 0.632812 0.171875 0.632812 0.156250 0.628906 0.152344 0.628906 0.117188 0.632812 0.113281 0.632812 0.109375 0.636719 0.105469 0.636719 0.097656 0.640625 0.093750 0.640625 0.089844 0.644531 0.085938 0.644531 0.074219 0.640625 0.070312 0.640625 0.046875 0.648438 0.039062 0.656250 0.039062 0.656250 0.031250 0.652344 0.027344 0.652344 0.019531 0.648438 0.019531 0.644531 0.015625 0.644531 0.000000
