4 0.636719 0.804688 0.636719 0.812500 0.644531 0.812500 0.644531 0.804688
4 0.632812 0.664062 0.628906 0.667969 0.625000 0.667969 0.625000 0.683594 0.644531 0.683594 0.652344 0.691406 0.652344 0.746094 0.679688 0.746094 0.683594 0.750000 0.683594 0.765625 0.695312 0.765625 0.703125 0.757812 0.703125 0.750000 0.699219 0.750000 0.695312 0.746094 0.667969 0.746094 0.664062 0.742188 0.664062 0.722656 0.667969 0.718750 0.695312 0.718750 0.695312 0.699219 0.699219 0.695312 0.722656 0.695312 0.722656 0.687500 0.714844 0.687500 0.710938 0.683594 0.707031 0.683594 0.703125 0.679688 0.703125 0.671875 0.699219 0.667969 0.660156 0.667969 0.656250 0.664062
4 0.496094 0.621094 0.496094 0.628906 0.503906 0.628906 0.503906 0.621094
4 0.652344 0.597656 0.648438 0.601562 0.628906 0.601562 0.628906 0.621094 0.625000 0.625000 0.625000 0.628906 0.621094 0.632812 0.597656 0.632812 0.597656 0.648438 0.609375 0.648438 0.609375 0.640625 0.613281 0.636719 0.648438 0.636719 0.652344 0.640625 0.667969 0.640625 0.667969 0.617188 0.671875 0.613281 0.679688 0.613281 0.679688 0.601562 0.664062 0.601562 0.660156 0.597656
4 0.773438 0.593750 0.769531 0.597656 0.769531 0.609375 0.765625 0.613281 0.746094 0.613281 0.742188 0.609375 0.742188 0.605469 0.738281 0.601562 0.730469 0.601562 0.730469 0.609375 0.734375 0.613281 0.738281 0.613281 0.742188 0.617188 0.742188 0.644531 0.738281 0.648438 0.734375 0.648438 0.730469 0.652344 0.730469 0.660156 0.734375 0.664062 0.734375 0.675781 0.742188 0.675781 0.746094 0.671875 0.746094 0.660156 0.750000 0.656250 0.750000 0.652344 0.753906 0.648438 0.773438 0.648438 0.773438 0.613281 0.777344 0.609375 0.777344 0.605469 0.781250 0.601562 0.781250 0.593750
4 0.433594 0.562500 0.433594 0.574219 0.437500 0.578125 0.437500 0.582031 0.445312 0.582031 0.445312 0.578125 0.449219 0.574219 0.449219 0.562500
4 0.800781 0.546875 0.800781 0.558594 0.808594 0.558594 0.808594 0.546875
4 0.585938 0.488281 0.585938 0.492188 0.582031 0.496094 0.570312 0.496094 0.570312 0.511719 0.566406 0.515625 0.562500 0.515625 0.562500 0.523438 0.593750 0.523438 0.597656 0.527344 0.601562 0.527344 0.605469 0.531250 0.613281 0.531250 0.617188 0.535156 0.617188 0.554688 0.613281 0.558594 0.609375 0.558594 0.609375 0.562500 0.605469 0.566406 0.601562 0.566406 0.601562 0.574219 0.597656 0.578125 0.597656 0.585938 0.605469 0.585938 0.605469 0.582031 0.613281 0.574219 0.621094 0.574219 0.621094 0.562500 0.625000 0.558594 0.625000 0.535156 0.628906 0.531250 0.632812 0.531250 0.632812 0.523438 0.628906 0.523438 0.625000 0.519531 0.613281 0.519531 0.609375 0.515625 0.609375 0.511719 0.597656 0.511719 0.593750 0.507812 0.593750 0.488281
4 0.363281 0.457031 0.363281 0.460938 0.359375 0.464844 0.359375 0.468750 0.355469 0.472656 0.347656 0.472656 0.339844 0.480469 0.324219 0.480469 0.324219 0.492188 0.320312 0.496094 0.320312 0.507812 0.316406 0.511719 0.316406 0.519531 0.320312 0.519531 0.324219 0.523438 0.332031 0.523438 0.335938 0.527344 0.335938 0.542969 0.332031 0.546875 0.332031 0.550781 0.328125 0.554688 0.328125 0.558594 0.324219 0.562500 0.300781 0.562500 0.296875 0.566406 0.281250 0.566406 0.281250 0.574219 0.285156 0.578125 0.292969 0.578125 0.296875 0.582031 0.296875 0.597656 0.292969 0.601562 0.277344 0.601562 0.269531 0.609375 0.265625 0.609375 0.265625 0.613281 0.261719 0.617188 0.261719 0.628906 0.269531 0.628906 0.273438 0.632812 0.285156 0.632812 0.289062 0.628906 0.296875 0.628906 0.300781 0.625000 0.308594 0.625000 0.312500 0.621094 0.320312 0.621094 0.324219 0.617188 0.339844 0.617188 0.343750 0.621094 0.343750 0.625000 0.347656 0.628906 0.347656 0.648438 0.359375 0.648438 0.359375 0.632812 0.363281 0.628906 0.371094 0.628906 0.371094 0.625000 0.375000 0.621094 0.375000 0.609375 0.378906 0.605469 0.378906 0.589844 0.382812 0.585938 0.394531 0.585938 0.394531 0.570312 0.398438 0.566406 0.410156 0.566406 0.410156 0.562500 0.414062 0.558594 0.425781 0.558594 0.425781 0.535156 0.421875 0.531250 0.386719 0.531250 0.386719 0.539062 0.378906 0.546875 0.378906 0.550781 0.375000 0.554688 0.355469 0.554688 0.351562 0.550781 0.347656 0.550781 0.343750 0.546875 0.343750 0.527344 0.351562 0.519531 0.351562 0.503906 0.355469 0.500000 0.378906 0.500000 0.382812 0.503906 0.394531 0.503906 0.398438 0.500000 0.398438 0.492188 0.382812 0.492188 0.378906 0.488281 0.378906 0.472656 0.375000 0.472656 0.371094 0.468750 0.371094 0.457031
4 0.789062 0.398438 0.785156 0.402344 0.785156 0.406250 0.773438 0.417969 0.773438 0.425781 0.777344 0.429688 0.789062 0.429688 0.792969 0.433594 0.792969 0.453125 0.785156 0.460938 0.785156 0.468750 0.796875 0.468750 0.800781 0.472656 0.800781 0.492188 0.808594 0.492188 0.808594 0.460938 0.816406 0.453125 0.816406 0.433594 0.820312 0.429688 0.824219 0.429688 0.824219 0.414062 0.820312 0.410156 0.804688 0.410156 0.800781 0.406250 0.800781 0.402344 0.796875 0.398438
4 0.644531 0.390625 0.640625 0.394531 0.640625 0.425781 0.636719 0.429688 0.632812 0.429688 0.632812 0.437500 0.636719 0.441406 0.636719 0.445312 0.640625 0.449219 0.648438 0.449219 0.652344 0.453125 0.660156 0.453125 0.664062 0.457031 0.664062 0.460938 0.667969 0.460938 0.671875 0.464844 0.671875 0.480469 0.710938 0.480469 0.714844 0.484375 0.714844 0.507812 0.710938 0.511719 0.710938 0.531250 0.714844 0.531250 0.718750 0.535156 0.718750 0.542969 0.726562 0.542969 0.726562 0.503906 0.730469 0.500000 0.734375 0.500000 0.734375 0.488281 0.738281 0.484375 0.746094 0.484375 0.746094 0.476562 0.738281 0.476562 0.734375 0.472656 0.710938 0.472656 0.707031 0.468750 0.687500 0.468750 0.683594 0.464844 0.683594 0.429688 0.671875 0.417969 0.671875 0.410156 0.667969 0.410156 0.660156 0.402344 0.660156 0.398438 0.652344 0.390625
4 0.562500 0.386719 0.562500 0.398438 0.558594 0.402344 0.542969 0.402344 0.542969 0.410156 0.550781 0.417969 0.578125 0.417969 0.582031 0.421875 0.589844 0.421875 0.593750 0.417969 0.601562 0.417969 0.601562 0.406250 0.578125 0.406250 0.574219 0.402344 0.574219 0.386719
4 0.484375 0.375000 0.480469 0.378906 0.480469 0.382812 0.476562 0.386719 0.476562 0.394531 0.472656 0.398438 0.472656 0.406250 0.468750 0.410156 0.468750 0.425781 0.464844 0.429688 0.441406 0.429688 0.437500 0.425781 0.437500 0.410156 0.433594 0.410156 0.429688 0.406250 0.421875 0.406250 0.414062 0.398438 0.414062 0.394531 0.406250 0.394531 0.406250 0.429688 0.402344 0.433594 0.402344 0.437500 0.398438 0.441406 0.398438 0.449219 0.402344 0.453125 0.410156 0.453125 0.414062 0.449219 0.453125 0.449219 0.457031 0.453125 0.457031 0.464844 0.460938 0.468750 0.460938 0.476562 0.464844 0.480469 0.464844 0.507812 0.457031 0.515625 0.453125 0.515625 0.453125 0.527344 0.457031 0.531250 0.464844 0.531250 0.468750 0.527344 0.472656 0.527344 0.472656 0.523438 0.476562 0.519531 0.496094 0.519531 0.500000 0.523438 0.500000 0.531250 0.511719 0.542969 0.511719 0.546875 0.515625 0.550781 0.519531 0.550781 0.523438 0.554688 0.523438 0.566406 0.527344 0.570312 0.527344 0.585938 0.531250 0.589844 0.531250 0.625000 0.539062 0.625000 0.542969 0.628906 0.542969 0.632812 0.546875 0.632812 0.550781 0.636719 0.550781 0.652344 0.546875 0.656250 0.531250 0.656250 0.527344 0.660156 0.500000 0.660156 0.496094 0.656250 0.480469 0.656250 0.476562 0.652344 0.476562 0.648438 0.468750 0.648438 0.468750 0.652344 0.464844 0.656250 0.460938 0.656250 0.457031 0.660156 0.453125 0.660156 0.453125 0.667969 0.449219 0.671875 0.441406 0.671875 0.437500 0.675781 0.433594 0.675781 0.421875 0.687500 0.414062 0.687500 0.414062 0.699219 0.417969 0.703125 0.417969 0.718750 0.414062 0.722656 0.398438 0.722656 0.394531 0.718750 0.394531 0.710938 0.386719 0.710938 0.382812 0.714844 0.355469 0.714844 0.351562 0.710938 0.335938 0.710938 0.335938 0.726562 0.339844 0.730469 0.343750 0.730469 0.347656 0.734375 0.347656 0.738281 0.351562 0.742188 0.355469 0.742188 0.359375 0.746094 0.375000 0.746094 0.378906 0.750000 0.378906 0.765625 0.375000 0.769531 0.371094 0.769531 0.367188 0.773438 0.359375 0.773438 0.359375 0.781250 0.371094 0.781250 0.375000 0.785156 0.375000 0.792969 0.378906 0.796875 0.378906 0.804688 0.382812 0.804688 0.386719 0.808594 0.398438 0.808594 0.402344 0.812500 0.402344 0.820312 0.406250 0.824219 0.406250 0.839844 0.410156 0.843750 0.414062 0.843750 0.417969 0.847656 0.417969 0.855469 0.429688 0.855469 0.433594 0.859375 0.433594 0.878906 0.437500 0.882812 0.445312 0.882812 0.449219 0.886719 0.449219 0.890625 0.457031 0.898438 0.457031 0.902344 0.464844 0.902344 0.468750 0.906250 0.468750 0.929688 0.464844 0.933594 0.457031 0.933594 0.457031 0.937500 0.453125 0.941406 0.453125 0.949219 0.449219 0.953125 0.449219 0.960938 0.464844 0.960938 0.464844 0.957031 0.468750 0.953125 0.484375 0.953125 0.484375 0.949219 0.488281 0.945312 0.492188 0.945312 0.500000 0.937500 0.503906 0.937500 0.503906 0.933594 0.507812 0.929688 0.511719 0.929688 0.515625 0.925781 0.515625 0.921875 0.523438 0.914062 0.531250 0.914062 0.535156 0.910156 0.550781 0.910156 0.554688 0.906250 0.562500 0.906250 0.570312 0.898438 0.570312 0.882812 0.562500 0.882812 0.558594 0.878906 0.535156 0.878906 0.531250 0.875000 0.531250 0.859375 0.535156 0.855469 0.539062 0.855469 0.539062 0.851562 0.542969 0.847656 0.542969 0.839844 0.535156 0.832031 0.527344 0.832031 0.527344 0.835938 0.523438 0.839844 0.523438 0.867188 0.519531 0.871094 0.519531 0.878906 0.515625 0.882812 0.500000 0.882812 0.496094 0.878906 0.476562 0.878906 0.472656 0.875000 0.468750 0.875000 0.464844 0.871094 0.464844 0.859375 0.460938 0.855469 0.460938 0.851562 0.457031 0.847656 0.457031 0.832031 0.460938 0.828125 0.464844 0.828125 0.468750 0.824219 0.468750 0.820312 0.480469 0.808594 0.496094 0.808594 0.500000 0.812500 0.507812 0.812500 0.507812 0.808594 0.511719 0.804688 0.519531 0.804688 0.519531 0.796875 0.523438 0.792969 0.554688 0.792969 0.566406 0.804688 0.566406 0.808594 0.570312 0.812500 0.574219 0.812500 0.578125 0.816406 0.578125 0.839844 0.582031 0.843750 0.582031 0.871094 0.589844 0.871094 0.593750 0.867188 0.593750 0.851562 0.597656 0.847656 0.613281 0.847656 0.613281 0.843750 0.617188 0.839844 0.625000 0.839844 0.625000 0.828125 0.617188 0.828125 0.613281 0.832031 0.593750 0.832031 0.589844 0.828125 0.589844 0.824219 0.585938 0.820312 0.585938 0.785156 0.589844 0.781250 0.597656 0.781250 0.597656 0.773438 0.601562 0.769531 0.625000 0.769531 0.625000 0.757812 0.628906 0.753906 0.628906 0.742188 0.621094 0.742188 0.621094 0.746094 0.617188 0.750000 0.609375 0.750000 0.609375 0.757812 0.605469 0.761719 0.578125 0.761719 0.574219 0.757812 0.574219 0.750000 0.570312 0.750000 0.562500 0.742188 0.562500 0.730469 0.558594 0.726562 0.558594 0.687500 0.562500 0.683594 0.570312 0.683594 0.574219 0.679688 0.578125 0.679688 0.578125 0.664062 0.582031 0.660156 0.585938 0.660156 0.585938 0.652344 0.574219 0.652344 0.570312 0.648438 0.570312 0.621094 0.550781 0.621094 0.542969 0.613281 0.542969 0.597656 0.546875 0.593750 0.546875 0.554688 0.527344 0.554688 0.523438 0.550781 0.523438 0.519531 0.527344 0.515625 0.531250 0.515625 0.535156 0.511719 0.535156 0.496094 0.542969 0.488281 0.546875 0.488281 0.546875 0.480469 0.550781 0.476562 0.550781 0.464844 0.531250 0.464844 0.527344 0.460938 0.527344 0.457031 0.511719 0.457031 0.507812 0.453125 0.507812 0.429688 0.515625 0.421875 0.515625 0.410156 0.503906 0.410156 0.492188 0.398438 0.492188 0.375000
4 0.566406 0.328125 0.566406 0.335938 0.570312 0.335938 0.574219 0.339844 0.582031 0.339844 0.582031 0.328125
4 0.761719 0.257812 0.757812 0.261719 0.757812 0.265625 0.753906 0.269531 0.753906 0.273438 0.746094 0.281250 0.730469 0.281250 0.730469 0.289062 0.722656 0.296875 0.718750 0.296875 0.714844 0.300781 0.656250 0.300781 0.652344 0.296875 0.652344 0.292969 0.640625 0.292969 0.640625 0.300781 0.636719 0.304688 0.625000 0.304688 0.625000 0.324219 0.621094 0.328125 0.609375 0.328125 0.605469 0.332031 0.605469 0.339844 0.609375 0.343750 0.609375 0.347656 0.621094 0.347656 0.625000 0.343750 0.628906 0.343750 0.632812 0.339844 0.636719 0.339844 0.636719 0.324219 0.640625 0.320312 0.664062 0.320312 0.667969 0.324219 0.667969 0.332031 0.687500 0.332031 0.695312 0.324219 0.734375 0.324219 0.738281 0.328125 0.750000 0.328125 0.753906 0.324219 0.769531 0.324219 0.777344 0.332031 0.777344 0.335938 0.785156 0.343750 0.785156 0.347656 0.792969 0.347656 0.792969 0.300781 0.773438 0.300781 0.769531 0.296875 0.769531 0.257812
4 0.296875 0.242188 0.296875 0.246094 0.292969 0.250000 0.292969 0.257812 0.289062 0.261719 0.289062 0.304688 0.285156 0.308594 0.281250 0.308594 0.281250 0.316406 0.292969 0.316406 0.296875 0.312500 0.300781 0.312500 0.300781 0.308594 0.304688 0.304688 0.320312 0.304688 0.324219 0.308594 0.324219 0.339844 0.320312 0.343750 0.304688 0.343750 0.304688 0.351562 0.308594 0.351562 0.312500 0.355469 0.312500 0.375000 0.308594 0.378906 0.296875 0.378906 0.296875 0.382812 0.292969 0.386719 0.292969 0.410156 0.289062 0.414062 0.269531 0.414062 0.269531 0.445312 0.265625 0.449219 0.261719 0.449219 0.261719 0.460938 0.265625 0.464844 0.265625 0.480469 0.261719 0.484375 0.261719 0.500000 0.257812 0.503906 0.253906 0.503906 0.253906 0.511719 0.257812 0.515625 0.285156 0.515625 0.285156 0.511719 0.289062 0.507812 0.292969 0.507812 0.292969 0.500000 0.285156 0.500000 0.281250 0.496094 0.281250 0.476562 0.285156 0.472656 0.285156 0.457031 0.289062 0.453125 0.308594 0.453125 0.308594 0.433594 0.296875 0.433594 0.292969 0.429688 0.292969 0.402344 0.296875 0.398438 0.300781 0.398438 0.304688 0.394531 0.308594 0.394531 0.312500 0.390625 0.312500 0.382812 0.316406 0.378906 0.324219 0.378906 0.328125 0.375000 0.332031 0.375000 0.332031 0.367188 0.335938 0.363281 0.339844 0.363281 0.339844 0.351562 0.343750 0.347656 0.367188 0.347656 0.367188 0.312500 0.347656 0.312500 0.343750 0.308594 0.343750 0.296875 0.332031 0.296875 0.332031 0.300781 0.328125 0.304688 0.312500 0.304688 0.308594 0.300781 0.308594 0.277344 0.316406 0.269531 0.320312 0.269531 0.324219 0.265625 0.332031 0.265625 0.335938 0.261719 0.335938 0.253906 0.328125 0.253906 0.324219 0.250000 0.308594 0.250000 0.304688 0.246094 0.304688 0.242188
4 0.437500 0.136719 0.437500 0.140625 0.433594 0.144531 0.429688 0.144531 0.425781 0.148438 0.425781 0.160156 0.429688 0.160156 0.433594 0.164062 0.433594 0.179688 0.429688 0.183594 0.425781 0.183594 0.421875 0.187500 0.414062 0.187500 0.414062 0.203125 0.410156 0.207031 0.386719 0.207031 0.378906 0.214844 0.378906 0.222656 0.382812 0.222656 0.386719 0.226562 0.386719 0.230469 0.394531 0.238281 0.394531 0.250000 0.410156 0.250000 0.414062 0.246094 0.425781 0.246094 0.425781 0.234375 0.433594 0.226562 0.453125 0.226562 0.457031 0.230469 0.457031 0.246094 0.453125 0.250000 0.453125 0.253906 0.449219 0.257812 0.445312 0.257812 0.445312 0.285156 0.441406 0.289062 0.441406 0.316406 0.437500 0.320312 0.406250 0.320312 0.406250 0.335938 0.410156 0.339844 0.417969 0.339844 0.421875 0.343750 0.433594 0.343750 0.437500 0.347656 0.437500 0.351562 0.449219 0.351562 0.453125 0.347656 0.453125 0.343750 0.460938 0.335938 0.464844 0.335938 0.464844 0.332031 0.468750 0.328125 0.484375 0.328125 0.484375 0.320312 0.492188 0.312500 0.492188 0.296875 0.488281 0.292969 0.488281 0.273438 0.492188 0.269531 0.515625 0.269531 0.519531 0.265625 0.554688 0.265625 0.554688 0.253906 0.546875 0.253906 0.542969 0.250000 0.527344 0.250000 0.523438 0.246094 0.523438 0.230469 0.511719 0.230469 0.507812 0.226562 0.492188 0.226562 0.488281 0.222656 0.488281 0.218750 0.484375 0.214844 0.468750 0.214844 0.464844 0.210938 0.464844 0.203125 0.460938 0.199219 0.460938 0.187500 0.457031 0.183594 0.457031 0.171875 0.453125 0.167969 0.453125 0.156250 0.449219 0.152344 0.449219 0.136719
4 0.457031 0.039062 0.457031 0.062500 0.453125 0.066406 0.437500 0.066406 0.437500 0.074219 0.445312 0.074219 0.449219 0.070312 0.468750 0.070312 0.468750 0.058594 0.464844 0.054688 0.464844 0.039062
