4 0.542969 0.753906 0.542969 0.757812 0.539062 0.761719 0.531250 0.761719 0.531250 0.765625 0.511719 0.785156 0.511719 0.792969 0.523438 0.792969 0.531250 0.800781 0.542969 0.800781 0.542969 0.792969 0.550781 0.785156 0.550781 0.769531 0.554688 0.765625 0.554688 0.753906
4 0.613281 0.750000 0.609375 0.753906 0.609375 0.757812 0.605469 0.761719 0.582031 0.761719 0.582031 0.789062 0.578125 0.792969 0.578125 0.796875 0.574219 0.800781 0.574219 0.808594 0.578125 0.812500 0.578125 0.820312 0.585938 0.828125 0.605469 0.828125 0.605469 0.820312 0.601562 0.820312 0.597656 0.816406 0.597656 0.800781 0.601562 0.796875 0.601562 0.777344 0.605469 0.773438 0.617188 0.773438 0.632812 0.757812 0.636719 0.757812 0.636719 0.750000
4 0.324219 0.699219 0.324219 0.707031 0.320312 0.710938 0.320312 0.726562 0.351562 0.726562 0.359375 0.718750 0.363281 0.718750 0.363281 0.699219
4 0.480469 0.664062 0.480469 0.675781 0.476562 0.679688 0.476562 0.695312 0.472656 0.699219 0.472656 0.703125 0.468750 0.707031 0.468750 0.714844 0.476562 0.722656 0.476562 0.742188 0.472656 0.746094 0.472656 0.757812 0.468750 0.761719 0.468750 0.769531 0.472656 0.773438 0.472656 0.824219 0.468750 0.828125 0.468750 0.839844 0.472656 0.843750 0.472656 0.851562 0.480469 0.851562 0.480469 0.828125 0.484375 0.824219 0.484375 0.769531 0.488281 0.765625 0.488281 0.730469 0.484375 0.726562 0.484375 0.707031 0.488281 0.703125 0.488281 0.699219 0.492188 0.695312 0.496094 0.695312 0.496094 0.667969 0.492188 0.667969 0.488281 0.664062
4 0.449219 0.632812 0.449219 0.640625 0.460938 0.640625 0.460938 0.632812
4 0.164062 0.585938 0.164062 0.593750 0.179688 0.593750 0.179688 0.585938
4 0.488281 0.558594 0.488281 0.582031 0.484375 0.585938 0.476562 0.585938 0.476562 0.605469 0.472656 0.609375 0.472656 0.628906 0.488281 0.628906 0.488281 0.609375 0.492188 0.605469 0.492188 0.582031 0.496094 0.578125 0.496094 0.574219 0.500000 0.570312 0.500000 0.558594
4 0.136719 0.527344 0.132812 0.531250 0.132812 0.535156 0.128906 0.539062 0.128906 0.558594 0.132812 0.562500 0.132812 0.566406 0.136719 0.570312 0.156250 0.570312 0.156250 0.562500 0.152344 0.558594 0.152344 0.539062 0.148438 0.539062 0.144531 0.535156 0.144531 0.527344
4 0.230469 0.476562 0.230469 0.480469 0.222656 0.488281 0.222656 0.496094 0.214844 0.503906 0.191406 0.503906 0.191406 0.511719 0.199219 0.511719 0.203125 0.507812 0.218750 0.507812 0.222656 0.511719 0.222656 0.519531 0.226562 0.523438 0.226562 0.527344 0.238281 0.527344 0.242188 0.523438 0.242188 0.503906 0.250000 0.496094 0.250000 0.488281 0.242188 0.488281 0.238281 0.484375 0.238281 0.476562
4 0.496094 0.453125 0.496094 0.480469 0.492188 0.484375 0.492188 0.496094 0.488281 0.500000 0.480469 0.500000 0.480469 0.507812 0.484375 0.511719 0.488281 0.511719 0.492188 0.515625 0.492188 0.519531 0.500000 0.519531 0.500000 0.492188 0.503906 0.488281 0.503906 0.484375 0.507812 0.480469 0.507812 0.460938 0.503906 0.457031 0.503906 0.453125
4 0.644531 0.445312 0.644531 0.453125 0.652344 0.460938 0.652344 0.476562 0.667969 0.476562 0.671875 0.480469 0.675781 0.480469 0.679688 0.484375 0.679688 0.488281 0.683594 0.492188 0.683594 0.496094 0.691406 0.496094 0.691406 0.480469 0.683594 0.480469 0.679688 0.476562 0.679688 0.472656 0.675781 0.472656 0.667969 0.464844 0.667969 0.460938 0.664062 0.460938 0.660156 0.457031 0.660156 0.449219 0.656250 0.449219 0.652344 0.445312
4 0.617188 0.414062 0.617188 0.421875 0.625000 0.421875 0.625000 0.414062
4 0.187500 0.406250 0.187500 0.410156 0.179688 0.417969 0.179688 0.433594 0.195312 0.433594 0.199219 0.437500 0.203125 0.437500 0.207031 0.441406 0.214844 0.441406 0.218750 0.437500 0.234375 0.437500 0.238281 0.441406 0.253906 0.441406 0.253906 0.433594 0.257812 0.429688 0.277344 0.429688 0.281250 0.425781 0.281250 0.417969 0.285156 0.414062 0.285156 0.406250 0.265625 0.406250 0.265625 0.417969 0.261719 0.421875 0.246094 0.421875 0.246094 0.429688 0.242188 0.433594 0.222656 0.433594 0.218750 0.429688 0.218750 0.425781 0.214844 0.425781 0.210938 0.421875 0.199219 0.421875 0.195312 0.417969 0.195312 0.406250
4 0.597656 0.398438 0.597656 0.406250 0.605469 0.406250 0.605469 0.398438
4 0.253906 0.390625 0.253906 0.398438 0.261719 0.398438 0.261719 0.390625
4 0.386719 0.343750 0.382812 0.347656 0.378906 0.347656 0.378906 0.375000 0.375000 0.378906 0.371094 0.378906 0.371094 0.386719 0.382812 0.386719 0.382812 0.382812 0.390625 0.375000 0.410156 0.375000 0.410156 0.367188 0.406250 0.367188 0.402344 0.363281 0.402344 0.351562 0.398438 0.351562 0.394531 0.347656 0.394531 0.343750
4 0.433594 0.328125 0.433594 0.335938 0.441406 0.335938 0.441406 0.328125
4 0.253906 0.316406 0.253906 0.328125 0.257812 0.332031 0.257812 0.339844 0.265625 0.339844 0.269531 0.343750 0.269531 0.359375 0.265625 0.363281 0.265625 0.375000 0.285156 0.375000 0.285156 0.355469 0.289062 0.351562 0.296875 0.351562 0.296875 0.339844 0.281250 0.339844 0.277344 0.335938 0.277344 0.324219 0.269531 0.324219 0.265625 0.320312 0.265625 0.316406
4 0.515625 0.281250 0.515625 0.289062 0.511719 0.292969 0.511719 0.308594 0.515625 0.312500 0.515625 0.328125 0.511719 0.332031 0.503906 0.332031 0.503906 0.339844 0.507812 0.343750 0.507812 0.351562 0.523438 0.351562 0.527344 0.347656 0.542969 0.347656 0.542969 0.339844 0.527344 0.339844 0.523438 0.335938 0.523438 0.281250
4 0.277344 0.156250 0.277344 0.175781 0.273438 0.179688 0.269531 0.179688 0.265625 0.183594 0.265625 0.214844 0.289062 0.214844 0.292969 0.210938 0.300781 0.210938 0.300781 0.203125 0.304688 0.199219 0.304688 0.187500 0.300781 0.183594 0.300781 0.179688 0.289062 0.179688 0.285156 0.175781 0.285156 0.156250
4 0.535156 0.132812 0.535156 0.171875 0.542969 0.171875 0.542969 0.132812
4 0.542969 0.031250 0.539062 0.035156 0.535156 0.035156 0.535156 0.039062 0.527344 0.046875 0.523438 0.046875 0.519531 0.050781 0.519531 0.058594 0.523438 0.058594 0.527344 0.062500 0.535156 0.062500 0.539062 0.066406 0.539062 0.101562 0.546875 0.101562 0.546875 0.097656 0.550781 0.093750 0.550781 0.082031 0.554688 0.078125 0.554688 0.070312 0.558594 0.066406 0.558594 0.062500 0.562500 0.058594 0.566406 0.058594 0.570312 0.054688 0.578125 0.054688 0.582031 0.050781 0.585938 0.050781 0.593750 0.042969 0.593750 0.035156 0.578125 0.035156 0.574219 0.031250
