4 0.484375 0.964844 0.480469 0.968750 0.476562 0.968750 0.476562 0.976562 0.480469 0.980469 0.496094 0.980469 0.500000 0.976562 0.503906 0.976562 0.503906 0.968750 0.500000 0.968750 0.496094 0.964844
4 0.503906 0.910156 0.503906 0.925781 0.519531 0.925781 0.519531 0.910156
4 0.742188 0.902344 0.742188 0.910156 0.746094 0.914062 0.746094 0.917969 0.757812 0.929688 0.757812 0.945312 0.753906 0.949219 0.746094 0.949219 0.746094 0.964844 0.753906 0.964844 0.761719 0.957031 0.761719 0.953125 0.765625 0.949219 0.769531 0.949219 0.773438 0.945312 0.777344 0.945312 0.777344 0.929688 0.773438 0.929688 0.769531 0.925781 0.765625 0.925781 0.761719 0.921875 0.761719 0.917969 0.757812 0.914062 0.757812 0.906250 0.753906 0.906250 0.750000 0.902344
4 0.429688 0.875000 0.429688 0.890625 0.433594 0.890625 0.441406 0.898438 0.441406 0.906250 0.449219 0.906250 0.453125 0.902344 0.453125 0.894531 0.445312 0.886719 0.445312 0.882812 0.437500 0.875000
4 0.636719 0.871094 0.636719 0.882812 0.632812 0.886719 0.625000 0.886719 0.625000 0.906250 0.621094 0.910156 0.613281 0.910156 0.613281 0.917969 0.609375 0.921875 0.609375 0.960938 0.613281 0.960938 0.617188 0.964844 0.617188 0.972656 0.621094 0.972656 0.625000 0.976562 0.625000 0.980469 0.632812 0.980469 0.632812 0.976562 0.636719 0.972656 0.652344 0.972656 0.652344 0.964844 0.636719 0.964844 0.632812 0.960938 0.632812 0.945312 0.636719 0.941406 0.652344 0.941406 0.656250 0.945312 0.656250 0.953125 0.664062 0.953125 0.664062 0.921875 0.667969 0.917969 0.667969 0.890625 0.671875 0.886719 0.671875 0.878906 0.660156 0.878906 0.656250 0.875000 0.648438 0.875000 0.644531 0.871094
4 0.601562 0.867188 0.601562 0.878906 0.605469 0.882812 0.613281 0.882812 0.613281 0.871094 0.609375 0.867188
4 0.492188 0.843750 0.492188 0.855469 0.496094 0.855469 0.503906 0.863281 0.527344 0.863281 0.531250 0.867188 0.531250 0.875000 0.546875 0.875000 0.550781 0.871094 0.550781 0.867188 0.554688 0.863281 0.558594 0.863281 0.558594 0.855469 0.542969 0.855469 0.542969 0.859375 0.539062 0.863281 0.519531 0.863281 0.515625 0.859375 0.515625 0.847656 0.503906 0.847656 0.500000 0.843750
4 0.738281 0.839844 0.738281 0.855469 0.742188 0.859375 0.750000 0.859375 0.753906 0.863281 0.753906 0.867188 0.761719 0.867188 0.761719 0.859375 0.757812 0.855469 0.757812 0.851562 0.746094 0.839844
4 0.597656 0.832031 0.597656 0.839844 0.605469 0.839844 0.605469 0.832031
4 0.378906 0.828125 0.378906 0.843750 0.375000 0.847656 0.347656 0.847656 0.343750 0.843750 0.343750 0.832031 0.335938 0.832031 0.332031 0.835938 0.328125 0.835938 0.328125 0.847656 0.339844 0.847656 0.343750 0.851562 0.343750 0.867188 0.347656 0.871094 0.347656 0.886719 0.343750 0.890625 0.343750 0.898438 0.339844 0.902344 0.316406 0.902344 0.316406 0.910156 0.324219 0.910156 0.328125 0.914062 0.347656 0.914062 0.347656 0.910156 0.355469 0.902344 0.386719 0.902344 0.386719 0.894531 0.378906 0.894531 0.375000 0.890625 0.375000 0.875000 0.378906 0.871094 0.417969 0.871094 0.417969 0.855469 0.421875 0.851562 0.421875 0.832031 0.410156 0.832031 0.406250 0.828125
4 0.542969 0.820312 0.539062 0.824219 0.539062 0.832031 0.550781 0.832031 0.550781 0.820312
4 0.359375 0.808594 0.359375 0.820312 0.375000 0.820312 0.375000 0.812500 0.371094 0.808594
4 0.878906 0.804688 0.878906 0.812500 0.875000 0.816406 0.859375 0.816406 0.859375 0.824219 0.863281 0.828125 0.871094 0.828125 0.875000 0.824219 0.890625 0.824219 0.890625 0.812500 0.886719 0.808594 0.886719 0.804688
4 0.628906 0.785156 0.625000 0.789062 0.613281 0.789062 0.613281 0.800781 0.617188 0.800781 0.621094 0.804688 0.625000 0.804688 0.628906 0.808594 0.640625 0.808594 0.644531 0.804688 0.644531 0.796875 0.640625 0.792969 0.640625 0.789062 0.636719 0.785156
4 0.191406 0.746094 0.191406 0.792969 0.207031 0.792969 0.207031 0.773438 0.203125 0.773438 0.199219 0.769531 0.199219 0.746094
4 0.953125 0.738281 0.949219 0.742188 0.933594 0.742188 0.933594 0.761719 0.949219 0.761719 0.953125 0.765625 0.953125 0.769531 0.957031 0.773438 0.972656 0.773438 0.972656 0.753906 0.964844 0.746094 0.964844 0.738281
4 0.226562 0.703125 0.226562 0.726562 0.222656 0.730469 0.218750 0.730469 0.218750 0.738281 0.226562 0.738281 0.226562 0.730469 0.230469 0.726562 0.234375 0.726562 0.234375 0.718750 0.238281 0.714844 0.238281 0.703125
4 0.835938 0.695312 0.835938 0.714844 0.839844 0.718750 0.839844 0.742188 0.843750 0.746094 0.843750 0.750000 0.851562 0.757812 0.851562 0.765625 0.855469 0.769531 0.855469 0.773438 0.875000 0.773438 0.878906 0.769531 0.878906 0.761719 0.882812 0.757812 0.898438 0.757812 0.898438 0.753906 0.906250 0.746094 0.906250 0.722656 0.894531 0.722656 0.886719 0.730469 0.847656 0.730469 0.843750 0.726562 0.843750 0.695312
4 0.433594 0.671875 0.429688 0.675781 0.429688 0.691406 0.425781 0.695312 0.410156 0.695312 0.410156 0.699219 0.406250 0.703125 0.406250 0.718750 0.410156 0.722656 0.414062 0.722656 0.417969 0.726562 0.417969 0.753906 0.414062 0.757812 0.406250 0.757812 0.406250 0.769531 0.410156 0.769531 0.414062 0.773438 0.414062 0.777344 0.421875 0.777344 0.421875 0.773438 0.425781 0.769531 0.429688 0.769531 0.429688 0.710938 0.433594 0.707031 0.457031 0.707031 0.457031 0.695312 0.449219 0.687500 0.449219 0.683594 0.441406 0.675781 0.441406 0.671875
4 0.179688 0.660156 0.179688 0.667969 0.175781 0.671875 0.175781 0.675781 0.171875 0.679688 0.160156 0.679688 0.160156 0.691406 0.187500 0.691406 0.187500 0.687500 0.191406 0.683594 0.191406 0.675781 0.195312 0.671875 0.195312 0.664062 0.191406 0.660156
4 0.699219 0.652344 0.699219 0.675781 0.703125 0.679688 0.703125 0.695312 0.699219 0.699219 0.695312 0.699219 0.691406 0.703125 0.683594 0.703125 0.679688 0.707031 0.664062 0.707031 0.660156 0.703125 0.660156 0.691406 0.656250 0.687500 0.656250 0.679688 0.640625 0.679688 0.640625 0.683594 0.636719 0.687500 0.636719 0.695312 0.632812 0.699219 0.628906 0.699219 0.621094 0.707031 0.621094 0.734375 0.636719 0.734375 0.640625 0.730469 0.656250 0.730469 0.660156 0.734375 0.660156 0.753906 0.679688 0.753906 0.683594 0.757812 0.683594 0.761719 0.687500 0.765625 0.687500 0.769531 0.691406 0.773438 0.691406 0.785156 0.699219 0.792969 0.699219 0.808594 0.703125 0.808594 0.707031 0.812500 0.707031 0.820312 0.714844 0.820312 0.714844 0.812500 0.718750 0.808594 0.718750 0.800781 0.714844 0.796875 0.714844 0.792969 0.710938 0.789062 0.710938 0.785156 0.707031 0.781250 0.707031 0.773438 0.699219 0.765625 0.699219 0.738281 0.703125 0.734375 0.707031 0.734375 0.710938 0.730469 0.742188 0.730469 0.746094 0.734375 0.746094 0.738281 0.757812 0.738281 0.765625 0.730469 0.781250 0.730469 0.785156 0.726562 0.792969 0.726562 0.792969 0.710938 0.785156 0.703125 0.785156 0.687500 0.773438 0.687500 0.773438 0.699219 0.769531 0.703125 0.769531 0.707031 0.765625 0.710938 0.765625 0.718750 0.761719 0.722656 0.757812 0.722656 0.753906 0.726562 0.734375 0.726562 0.730469 0.722656 0.707031 0.722656 0.703125 0.718750 0.703125 0.691406 0.707031 0.687500 0.710938 0.687500 0.710938 0.660156 0.707031 0.656250 0.707031 0.652344
4 0.308594 0.609375 0.308594 0.636719 0.304688 0.640625 0.281250 0.640625 0.281250 0.648438 0.300781 0.648438 0.304688 0.652344 0.304688 0.667969 0.300781 0.671875 0.281250 0.671875 0.281250 0.679688 0.292969 0.679688 0.300781 0.687500 0.300781 0.703125 0.296875 0.707031 0.289062 0.707031 0.289062 0.718750 0.292969 0.718750 0.296875 0.722656 0.296875 0.726562 0.300781 0.726562 0.304688 0.730469 0.304688 0.753906 0.300781 0.757812 0.296875 0.757812 0.296875 0.773438 0.304688 0.773438 0.308594 0.777344 0.308594 0.789062 0.316406 0.796875 0.316406 0.800781 0.320312 0.804688 0.328125 0.804688 0.328125 0.792969 0.332031 0.789062 0.335938 0.789062 0.335938 0.781250 0.339844 0.777344 0.339844 0.761719 0.332031 0.753906 0.332031 0.738281 0.335938 0.734375 0.335938 0.710938 0.339844 0.707031 0.347656 0.707031 0.351562 0.703125 0.371094 0.703125 0.378906 0.695312 0.378906 0.687500 0.375000 0.687500 0.367188 0.679688 0.367188 0.675781 0.363281 0.671875 0.359375 0.671875 0.355469 0.667969 0.355469 0.664062 0.335938 0.664062 0.332031 0.660156 0.328125 0.660156 0.324219 0.656250 0.324219 0.628906 0.320312 0.625000 0.320312 0.617188 0.316406 0.613281 0.316406 0.609375
4 0.574219 0.605469 0.574219 0.609375 0.570312 0.613281 0.570312 0.621094 0.578125 0.628906 0.578125 0.640625 0.582031 0.640625 0.585938 0.644531 0.585938 0.664062 0.589844 0.664062 0.593750 0.667969 0.601562 0.667969 0.601562 0.664062 0.605469 0.660156 0.621094 0.660156 0.625000 0.656250 0.628906 0.656250 0.628906 0.648438 0.632812 0.644531 0.652344 0.644531 0.656250 0.640625 0.660156 0.640625 0.664062 0.636719 0.664062 0.632812 0.667969 0.628906 0.667969 0.621094 0.664062 0.617188 0.664062 0.613281 0.656250 0.613281 0.656250 0.617188 0.652344 0.621094 0.605469 0.621094 0.601562 0.617188 0.597656 0.617188 0.589844 0.609375 0.585938 0.609375 0.582031 0.605469
4 0.140625 0.554688 0.140625 0.558594 0.136719 0.562500 0.128906 0.562500 0.128906 0.566406 0.121094 0.574219 0.097656 0.574219 0.097656 0.585938 0.109375 0.585938 0.109375 0.582031 0.113281 0.578125 0.128906 0.578125 0.136719 0.585938 0.156250 0.585938 0.160156 0.589844 0.160156 0.601562 0.171875 0.601562 0.175781 0.605469 0.175781 0.617188 0.183594 0.617188 0.183594 0.609375 0.187500 0.605469 0.210938 0.605469 0.210938 0.601562 0.214844 0.597656 0.214844 0.589844 0.210938 0.589844 0.207031 0.585938 0.207031 0.582031 0.183594 0.582031 0.179688 0.578125 0.179688 0.566406 0.171875 0.566406 0.167969 0.562500 0.167969 0.558594 0.156250 0.558594 0.152344 0.554688
4 0.312500 0.546875 0.312500 0.558594 0.320312 0.558594 0.320312 0.546875
4 0.652344 0.542969 0.652344 0.550781 0.648438 0.554688 0.628906 0.554688 0.625000 0.558594 0.617188 0.558594 0.613281 0.562500 0.609375 0.562500 0.609375 0.578125 0.613281 0.582031 0.625000 0.582031 0.625000 0.578125 0.628906 0.574219 0.648438 0.574219 0.652344 0.578125 0.652344 0.585938 0.656250 0.585938 0.660156 0.589844 0.667969 0.589844 0.671875 0.593750 0.679688 0.593750 0.679688 0.585938 0.675781 0.585938 0.671875 0.582031 0.664062 0.582031 0.660156 0.578125 0.660156 0.542969
4 0.964844 0.527344 0.964844 0.546875 0.968750 0.550781 0.976562 0.550781 0.976562 0.531250 0.972656 0.527344
4 0.679688 0.527344 0.679688 0.535156 0.687500 0.535156 0.687500 0.527344
4 0.417969 0.527344 0.414062 0.531250 0.414062 0.554688 0.417969 0.554688 0.421875 0.558594 0.421875 0.562500 0.429688 0.562500 0.437500 0.554688 0.464844 0.554688 0.468750 0.550781 0.468750 0.542969 0.449219 0.542969 0.445312 0.539062 0.445312 0.531250 0.429688 0.531250 0.425781 0.527344
4 0.875000 0.523438 0.871094 0.527344 0.847656 0.527344 0.847656 0.546875 0.843750 0.550781 0.843750 0.566406 0.855469 0.566406 0.859375 0.562500 0.867188 0.562500 0.871094 0.558594 0.871094 0.546875 0.875000 0.542969 0.882812 0.542969 0.882812 0.539062 0.886719 0.535156 0.886719 0.527344 0.882812 0.523438
4 0.910156 0.484375 0.910156 0.500000 0.917969 0.507812 0.917969 0.550781 0.914062 0.554688 0.906250 0.554688 0.906250 0.566406 0.914062 0.566406 0.917969 0.562500 0.917969 0.550781 0.921875 0.546875 0.941406 0.546875 0.941406 0.527344 0.945312 0.523438 0.957031 0.523438 0.957031 0.515625 0.953125 0.511719 0.937500 0.511719 0.933594 0.507812 0.933594 0.500000 0.917969 0.484375
4 0.718750 0.480469 0.718750 0.488281 0.730469 0.488281 0.730469 0.480469
4 0.281250 0.468750 0.281250 0.472656 0.277344 0.476562 0.273438 0.476562 0.273438 0.480469 0.269531 0.484375 0.269531 0.488281 0.265625 0.492188 0.265625 0.496094 0.257812 0.503906 0.257812 0.519531 0.261719 0.519531 0.269531 0.527344 0.269531 0.550781 0.265625 0.554688 0.261719 0.554688 0.261719 0.578125 0.257812 0.582031 0.257812 0.593750 0.253906 0.597656 0.246094 0.597656 0.246094 0.617188 0.242188 0.621094 0.238281 0.621094 0.238281 0.628906 0.253906 0.628906 0.257812 0.632812 0.273438 0.632812 0.273438 0.621094 0.281250 0.613281 0.281250 0.605469 0.277344 0.601562 0.277344 0.582031 0.285156 0.574219 0.292969 0.574219 0.292969 0.562500 0.289062 0.558594 0.289062 0.539062 0.292969 0.535156 0.308594 0.535156 0.308594 0.519531 0.312500 0.515625 0.332031 0.515625 0.332031 0.507812 0.320312 0.507812 0.316406 0.503906 0.316406 0.488281 0.320312 0.484375 0.335938 0.484375 0.335938 0.476562 0.328125 0.476562 0.328125 0.480469 0.324219 0.484375 0.308594 0.484375 0.300781 0.476562 0.296875 0.476562 0.292969 0.472656 0.292969 0.468750
4 0.570312 0.457031 0.570312 0.488281 0.574219 0.488281 0.578125 0.492188 0.578125 0.500000 0.582031 0.500000 0.585938 0.503906 0.585938 0.531250 0.582031 0.535156 0.562500 0.535156 0.562500 0.546875 0.578125 0.546875 0.582031 0.550781 0.582031 0.554688 0.585938 0.558594 0.593750 0.558594 0.593750 0.546875 0.589844 0.546875 0.585938 0.542969 0.585938 0.527344 0.589844 0.523438 0.593750 0.523438 0.593750 0.519531 0.597656 0.515625 0.597656 0.503906 0.593750 0.500000 0.589844 0.500000 0.585938 0.496094 0.585938 0.464844 0.582031 0.464844 0.578125 0.460938 0.578125 0.457031
4 0.218750 0.437500 0.218750 0.445312 0.226562 0.445312 0.226562 0.437500
4 0.562500 0.410156 0.562500 0.417969 0.570312 0.417969 0.570312 0.410156
4 0.269531 0.382812 0.265625 0.386719 0.257812 0.386719 0.246094 0.398438 0.246094 0.433594 0.253906 0.433594 0.253906 0.425781 0.257812 0.421875 0.269531 0.421875 0.273438 0.417969 0.273438 0.414062 0.277344 0.410156 0.277344 0.382812
4 0.625000 0.371094 0.625000 0.378906 0.632812 0.378906 0.632812 0.371094
4 0.765625 0.320312 0.765625 0.324219 0.761719 0.328125 0.761719 0.332031 0.753906 0.339844 0.753906 0.347656 0.750000 0.351562 0.726562 0.351562 0.722656 0.355469 0.707031 0.355469 0.703125 0.359375 0.687500 0.359375 0.683594 0.355469 0.675781 0.355469 0.675781 0.394531 0.671875 0.398438 0.636719 0.398438 0.636719 0.406250 0.660156 0.406250 0.660156 0.402344 0.664062 0.398438 0.691406 0.398438 0.695312 0.394531 0.707031 0.394531 0.710938 0.390625 0.714844 0.390625 0.718750 0.386719 0.750000 0.386719 0.753906 0.382812 0.757812 0.382812 0.757812 0.378906 0.761719 0.375000 0.761719 0.351562 0.765625 0.347656 0.765625 0.343750 0.769531 0.339844 0.777344 0.339844 0.777344 0.335938 0.781250 0.332031 0.781250 0.320312
4 0.886719 0.300781 0.886719 0.308594 0.894531 0.308594 0.894531 0.300781
4 0.851562 0.273438 0.851562 0.277344 0.847656 0.281250 0.843750 0.281250 0.843750 0.289062 0.863281 0.289062 0.863281 0.277344 0.859375 0.273438
4 0.800781 0.226562 0.800781 0.234375 0.804688 0.234375 0.808594 0.238281 0.808594 0.246094 0.820312 0.246094 0.820312 0.238281 0.816406 0.234375 0.812500 0.234375 0.808594 0.230469 0.808594 0.226562
