4 0.480469 0.816406 0.480469 0.828125 0.472656 0.835938 0.453125 0.835938 0.453125 0.851562 0.480469 0.851562 0.484375 0.855469 0.484375 0.863281 0.511719 0.863281 0.515625 0.867188 0.515625 0.871094 0.539062 0.871094 0.542969 0.875000 0.542969 0.882812 0.554688 0.882812 0.558594 0.878906 0.585938 0.878906 0.585938 0.875000 0.589844 0.871094 0.605469 0.871094 0.605469 0.867188 0.609375 0.863281 0.609375 0.855469 0.582031 0.855469 0.578125 0.851562 0.562500 0.851562 0.562500 0.855469 0.558594 0.859375 0.558594 0.863281 0.554688 0.867188 0.527344 0.867188 0.523438 0.863281 0.500000 0.863281 0.496094 0.859375 0.496094 0.855469 0.492188 0.851562 0.492188 0.835938 0.496094 0.832031 0.496094 0.816406
4 0.632812 0.804688 0.632812 0.808594 0.628906 0.812500 0.625000 0.812500 0.625000 0.839844 0.640625 0.839844 0.644531 0.835938 0.648438 0.835938 0.652344 0.832031 0.652344 0.820312 0.648438 0.816406 0.648438 0.804688
4 0.378906 0.773438 0.378906 0.777344 0.375000 0.781250 0.371094 0.781250 0.371094 0.785156 0.367188 0.789062 0.343750 0.789062 0.335938 0.796875 0.320312 0.796875 0.316406 0.800781 0.316406 0.816406 0.320312 0.820312 0.320312 0.824219 0.328125 0.824219 0.332031 0.820312 0.347656 0.820312 0.351562 0.816406 0.351562 0.812500 0.355469 0.808594 0.355469 0.804688 0.359375 0.800781 0.367188 0.800781 0.371094 0.796875 0.382812 0.796875 0.386719 0.792969 0.386719 0.773438
4 0.664062 0.765625 0.660156 0.769531 0.660156 0.796875 0.667969 0.796875 0.671875 0.792969 0.671875 0.781250 0.675781 0.777344 0.675781 0.765625
4 0.687500 0.738281 0.683594 0.742188 0.683594 0.753906 0.695312 0.753906 0.695312 0.738281
4 0.187500 0.730469 0.187500 0.746094 0.191406 0.746094 0.203125 0.757812 0.203125 0.761719 0.207031 0.765625 0.210938 0.765625 0.214844 0.769531 0.226562 0.769531 0.230469 0.773438 0.238281 0.773438 0.238281 0.765625 0.234375 0.761719 0.230469 0.761719 0.226562 0.757812 0.226562 0.753906 0.218750 0.746094 0.218750 0.742188 0.214844 0.738281 0.214844 0.730469
4 0.558594 0.671875 0.554688 0.675781 0.550781 0.675781 0.550781 0.679688 0.546875 0.683594 0.542969 0.683594 0.542969 0.687500 0.539062 0.691406 0.535156 0.691406 0.535156 0.699219 0.531250 0.703125 0.531250 0.710938 0.539062 0.710938 0.546875 0.703125 0.550781 0.703125 0.558594 0.695312 0.566406 0.695312 0.566406 0.671875
4 0.187500 0.667969 0.179688 0.675781 0.175781 0.675781 0.175781 0.679688 0.167969 0.687500 0.152344 0.687500 0.144531 0.679688 0.136719 0.679688 0.136719 0.687500 0.148438 0.699219 0.148438 0.703125 0.156250 0.703125 0.156250 0.695312 0.160156 0.691406 0.183594 0.691406 0.187500 0.687500 0.187500 0.683594 0.195312 0.675781 0.195312 0.667969
4 0.730469 0.656250 0.730469 0.660156 0.726562 0.664062 0.726562 0.667969 0.722656 0.671875 0.718750 0.671875 0.718750 0.679688 0.714844 0.683594 0.714844 0.703125 0.710938 0.707031 0.710938 0.714844 0.726562 0.714844 0.726562 0.710938 0.730469 0.707031 0.730469 0.703125 0.734375 0.699219 0.734375 0.667969 0.738281 0.664062 0.738281 0.656250
4 0.546875 0.636719 0.546875 0.644531 0.550781 0.648438 0.562500 0.648438 0.562500 0.636719
4 0.226562 0.632812 0.222656 0.636719 0.218750 0.636719 0.218750 0.644531 0.210938 0.652344 0.210938 0.660156 0.218750 0.660156 0.222656 0.664062 0.238281 0.664062 0.238281 0.644531 0.234375 0.640625 0.234375 0.632812
4 0.453125 0.617188 0.445312 0.625000 0.437500 0.625000 0.429688 0.632812 0.421875 0.632812 0.417969 0.636719 0.398438 0.636719 0.398438 0.648438 0.414062 0.648438 0.417969 0.644531 0.437500 0.644531 0.441406 0.640625 0.441406 0.636719 0.449219 0.628906 0.457031 0.628906 0.460938 0.625000 0.460938 0.617188
4 0.472656 0.601562 0.472656 0.609375 0.484375 0.609375 0.484375 0.601562
4 0.097656 0.597656 0.097656 0.621094 0.101562 0.625000 0.101562 0.632812 0.109375 0.640625 0.109375 0.644531 0.121094 0.656250 0.121094 0.660156 0.128906 0.660156 0.128906 0.636719 0.125000 0.632812 0.121094 0.632812 0.113281 0.625000 0.113281 0.617188 0.109375 0.613281 0.109375 0.597656
4 0.761719 0.589844 0.761719 0.605469 0.757812 0.609375 0.746094 0.609375 0.746094 0.632812 0.742188 0.636719 0.742188 0.648438 0.757812 0.648438 0.761719 0.644531 0.761719 0.640625 0.765625 0.636719 0.765625 0.605469 0.773438 0.597656 0.773438 0.589844
4 0.945312 0.582031 0.937500 0.589844 0.937500 0.609375 0.933594 0.613281 0.933594 0.617188 0.929688 0.621094 0.929688 0.632812 0.945312 0.632812 0.945312 0.628906 0.953125 0.621094 0.957031 0.621094 0.957031 0.609375 0.953125 0.605469 0.953125 0.582031
4 0.777344 0.574219 0.777344 0.582031 0.789062 0.582031 0.789062 0.574219
4 0.554688 0.566406 0.554688 0.574219 0.562500 0.574219 0.562500 0.566406
4 0.941406 0.527344 0.941406 0.535156 0.945312 0.539062 0.945312 0.550781 0.949219 0.554688 0.949219 0.558594 0.957031 0.558594 0.957031 0.535156 0.949219 0.527344
4 0.515625 0.527344 0.515625 0.531250 0.511719 0.535156 0.511719 0.570312 0.519531 0.570312 0.519531 0.562500 0.523438 0.558594 0.550781 0.558594 0.550781 0.550781 0.546875 0.546875 0.546875 0.542969 0.542969 0.539062 0.542969 0.535156 0.531250 0.535156 0.527344 0.531250 0.527344 0.527344
4 0.066406 0.484375 0.066406 0.503906 0.070312 0.507812 0.070312 0.511719 0.074219 0.515625 0.074219 0.566406 0.070312 0.570312 0.070312 0.582031 0.074219 0.585938 0.074219 0.589844 0.078125 0.593750 0.089844 0.593750 0.089844 0.582031 0.085938 0.578125 0.085938 0.550781 0.089844 0.546875 0.089844 0.539062 0.085938 0.535156 0.085938 0.500000 0.082031 0.500000 0.078125 0.496094 0.078125 0.488281 0.074219 0.484375
4 0.226562 0.464844 0.226562 0.476562 0.230469 0.476562 0.234375 0.480469 0.242188 0.480469 0.246094 0.476562 0.246094 0.468750 0.242188 0.464844
4 0.152344 0.445312 0.152344 0.453125 0.160156 0.453125 0.160156 0.445312
4 0.187500 0.441406 0.187500 0.453125 0.199219 0.453125 0.199219 0.441406
4 0.261719 0.421875 0.261719 0.429688 0.269531 0.429688 0.269531 0.421875
4 0.214844 0.421875 0.214844 0.433594 0.222656 0.433594 0.222656 0.421875
4 0.371094 0.402344 0.371094 0.417969 0.375000 0.421875 0.382812 0.421875 0.382812 0.402344
4 0.613281 0.390625 0.613281 0.402344 0.609375 0.406250 0.609375 0.414062 0.632812 0.414062 0.632812 0.402344 0.628906 0.398438 0.628906 0.390625
4 0.445312 0.390625 0.445312 0.398438 0.453125 0.398438 0.457031 0.402344 0.457031 0.410156 0.460938 0.410156 0.468750 0.417969 0.468750 0.425781 0.472656 0.425781 0.476562 0.429688 0.476562 0.445312 0.472656 0.449219 0.472656 0.457031 0.468750 0.460938 0.468750 0.468750 0.460938 0.476562 0.398438 0.476562 0.394531 0.480469 0.363281 0.480469 0.359375 0.476562 0.359375 0.472656 0.351562 0.472656 0.347656 0.468750 0.339844 0.468750 0.335938 0.464844 0.324219 0.464844 0.312500 0.453125 0.312500 0.449219 0.308594 0.445312 0.289062 0.445312 0.289062 0.453125 0.285156 0.457031 0.281250 0.457031 0.281250 0.460938 0.277344 0.464844 0.269531 0.464844 0.269531 0.472656 0.273438 0.476562 0.285156 0.476562 0.289062 0.472656 0.292969 0.472656 0.296875 0.468750 0.312500 0.468750 0.316406 0.472656 0.320312 0.472656 0.328125 0.480469 0.328125 0.484375 0.332031 0.488281 0.332031 0.503906 0.328125 0.507812 0.328125 0.527344 0.332031 0.531250 0.332031 0.535156 0.335938 0.539062 0.335938 0.558594 0.332031 0.562500 0.316406 0.562500 0.316406 0.570312 0.312500 0.574219 0.304688 0.574219 0.296875 0.582031 0.296875 0.589844 0.292969 0.593750 0.285156 0.593750 0.285156 0.597656 0.281250 0.601562 0.277344 0.601562 0.277344 0.609375 0.269531 0.617188 0.269531 0.628906 0.277344 0.628906 0.281250 0.625000 0.285156 0.625000 0.285156 0.613281 0.292969 0.605469 0.292969 0.593750 0.296875 0.589844 0.312500 0.589844 0.312500 0.574219 0.316406 0.570312 0.324219 0.570312 0.324219 0.566406 0.328125 0.562500 0.347656 0.562500 0.347656 0.558594 0.351562 0.554688 0.351562 0.546875 0.355469 0.542969 0.355469 0.535156 0.359375 0.531250 0.378906 0.531250 0.378906 0.527344 0.382812 0.523438 0.382812 0.515625 0.386719 0.511719 0.386719 0.503906 0.390625 0.500000 0.441406 0.500000 0.445312 0.503906 0.445312 0.511719 0.460938 0.511719 0.468750 0.503906 0.476562 0.503906 0.480469 0.500000 0.496094 0.500000 0.500000 0.503906 0.562500 0.503906 0.566406 0.507812 0.566406 0.515625 0.570312 0.519531 0.582031 0.519531 0.585938 0.523438 0.589844 0.523438 0.593750 0.527344 0.632812 0.527344 0.640625 0.519531 0.640625 0.515625 0.644531 0.511719 0.667969 0.511719 0.671875 0.515625 0.671875 0.523438 0.675781 0.527344 0.679688 0.527344 0.683594 0.531250 0.683594 0.535156 0.703125 0.535156 0.710938 0.542969 0.710938 0.546875 0.722656 0.546875 0.722656 0.542969 0.726562 0.539062 0.730469 0.539062 0.730469 0.527344 0.734375 0.523438 0.742188 0.523438 0.746094 0.519531 0.753906 0.519531 0.753906 0.507812 0.750000 0.503906 0.750000 0.484375 0.753906 0.480469 0.753906 0.472656 0.750000 0.472656 0.746094 0.468750 0.746094 0.464844 0.742188 0.460938 0.742188 0.453125 0.738281 0.449219 0.738281 0.445312 0.730469 0.445312 0.730469 0.464844 0.734375 0.464844 0.738281 0.468750 0.738281 0.492188 0.734375 0.496094 0.734375 0.500000 0.726562 0.507812 0.726562 0.511719 0.722656 0.515625 0.695312 0.515625 0.687500 0.507812 0.675781 0.507812 0.671875 0.503906 0.671875 0.476562 0.667969 0.472656 0.667969 0.437500 0.652344 0.437500 0.652344 0.441406 0.648438 0.445312 0.640625 0.445312 0.640625 0.457031 0.648438 0.457031 0.652344 0.460938 0.652344 0.464844 0.656250 0.464844 0.660156 0.468750 0.660156 0.496094 0.656250 0.500000 0.609375 0.500000 0.605469 0.496094 0.601562 0.496094 0.597656 0.492188 0.585938 0.492188 0.578125 0.484375 0.558594 0.484375 0.554688 0.480469 0.554688 0.476562 0.535156 0.476562 0.531250 0.472656 0.531250 0.449219 0.523438 0.449219 0.523438 0.457031 0.519531 0.460938 0.488281 0.460938 0.484375 0.457031 0.484375 0.433594 0.480469 0.433594 0.476562 0.429688 0.476562 0.406250 0.472656 0.402344 0.457031 0.402344 0.453125 0.398438 0.453125 0.390625
4 0.332031 0.351562 0.332031 0.363281 0.335938 0.367188 0.343750 0.367188 0.347656 0.371094 0.347656 0.386719 0.359375 0.386719 0.359375 0.378906 0.355469 0.375000 0.351562 0.375000 0.347656 0.371094 0.347656 0.351562
4 0.312500 0.332031 0.312500 0.339844 0.316406 0.339844 0.320312 0.343750 0.328125 0.343750 0.328125 0.335938 0.324219 0.335938 0.320312 0.332031
4 0.070312 0.324219 0.066406 0.328125 0.066406 0.371094 0.062500 0.375000 0.054688 0.375000 0.046875 0.382812 0.046875 0.390625 0.042969 0.394531 0.042969 0.410156 0.039062 0.414062 0.039062 0.417969 0.035156 0.421875 0.027344 0.421875 0.027344 0.425781 0.023438 0.429688 0.023438 0.468750 0.046875 0.468750 0.054688 0.476562 0.062500 0.476562 0.062500 0.457031 0.058594 0.453125 0.058594 0.445312 0.054688 0.445312 0.050781 0.441406 0.050781 0.425781 0.054688 0.421875 0.078125 0.421875 0.078125 0.398438 0.082031 0.394531 0.093750 0.394531 0.093750 0.363281 0.101562 0.355469 0.105469 0.355469 0.105469 0.347656 0.097656 0.347656 0.093750 0.343750 0.085938 0.343750 0.082031 0.339844 0.082031 0.324219
4 0.562500 0.312500 0.562500 0.320312 0.566406 0.324219 0.566406 0.332031 0.570312 0.335938 0.570312 0.339844 0.585938 0.339844 0.585938 0.332031 0.578125 0.324219 0.578125 0.320312 0.574219 0.320312 0.570312 0.316406 0.570312 0.312500
4 0.351562 0.234375 0.351562 0.253906 0.355469 0.257812 0.355469 0.265625 0.367188 0.265625 0.371094 0.269531 0.371094 0.273438 0.375000 0.273438 0.378906 0.277344 0.378906 0.285156 0.386719 0.285156 0.390625 0.289062 0.390625 0.292969 0.398438 0.300781 0.398438 0.304688 0.402344 0.304688 0.406250 0.308594 0.406250 0.312500 0.410156 0.316406 0.410156 0.324219 0.414062 0.324219 0.421875 0.332031 0.421875 0.339844 0.425781 0.343750 0.425781 0.347656 0.433594 0.355469 0.433594 0.359375 0.445312 0.359375 0.445312 0.339844 0.449219 0.335938 0.449219 0.320312 0.425781 0.320312 0.414062 0.308594 0.414062 0.265625 0.406250 0.265625 0.398438 0.257812 0.398438 0.238281 0.390625 0.238281 0.390625 0.253906 0.386719 0.257812 0.371094 0.257812 0.367188 0.253906 0.367188 0.242188 0.363281 0.242188 0.359375 0.238281 0.359375 0.234375
4 0.320312 0.214844 0.316406 0.218750 0.312500 0.218750 0.312500 0.226562 0.316406 0.230469 0.339844 0.230469 0.339844 0.218750 0.332031 0.218750 0.328125 0.214844
