4 0.523438 0.875000 0.519531 0.878906 0.515625 0.878906 0.515625 0.886719 0.519531 0.890625 0.519531 0.906250 0.515625 0.910156 0.492188 0.910156 0.488281 0.906250 0.480469 0.906250 0.480469 0.910156 0.476562 0.914062 0.476562 0.917969 0.468750 0.925781 0.468750 0.937500 0.496094 0.937500 0.503906 0.945312 0.519531 0.945312 0.519531 0.941406 0.523438 0.937500 0.527344 0.937500 0.527344 0.921875 0.531250 0.917969 0.535156 0.917969 0.535156 0.890625 0.531250 0.886719 0.531250 0.875000
4 0.308594 0.667969 0.308594 0.675781 0.316406 0.675781 0.316406 0.667969
4 0.640625 0.605469 0.640625 0.613281 0.636719 0.617188 0.632812 0.617188 0.628906 0.621094 0.621094 0.621094 0.621094 0.625000 0.617188 0.628906 0.609375 0.628906 0.609375 0.636719 0.617188 0.636719 0.621094 0.640625 0.621094 0.671875 0.632812 0.671875 0.636719 0.675781 0.636719 0.691406 0.632812 0.695312 0.621094 0.695312 0.617188 0.699219 0.617188 0.707031 0.636719 0.707031 0.640625 0.703125 0.652344 0.703125 0.656250 0.699219 0.683594 0.699219 0.687500 0.695312 0.695312 0.695312 0.699219 0.691406 0.703125 0.691406 0.703125 0.683594 0.699219 0.683594 0.695312 0.679688 0.695312 0.675781 0.687500 0.675781 0.683594 0.671875 0.683594 0.656250 0.660156 0.656250 0.656250 0.652344 0.656250 0.621094 0.660156 0.617188 0.660156 0.605469
4 0.203125 0.582031 0.203125 0.593750 0.214844 0.593750 0.218750 0.597656 0.218750 0.617188 0.222656 0.621094 0.226562 0.621094 0.230469 0.625000 0.230469 0.628906 0.242188 0.628906 0.242188 0.621094 0.238281 0.617188 0.238281 0.601562 0.230469 0.601562 0.226562 0.597656 0.226562 0.593750 0.214844 0.593750 0.210938 0.589844 0.210938 0.582031
4 0.703125 0.566406 0.703125 0.578125 0.699219 0.582031 0.691406 0.582031 0.687500 0.585938 0.687500 0.589844 0.683594 0.593750 0.667969 0.593750 0.667969 0.601562 0.679688 0.601562 0.679688 0.597656 0.683594 0.593750 0.699219 0.593750 0.699219 0.582031 0.703125 0.578125 0.710938 0.578125 0.710938 0.566406
4 0.726562 0.554688 0.726562 0.562500 0.734375 0.562500 0.734375 0.554688
4 0.394531 0.542969 0.390625 0.546875 0.386719 0.546875 0.386719 0.550781 0.382812 0.554688 0.363281 0.554688 0.363281 0.562500 0.386719 0.562500 0.390625 0.566406 0.390625 0.578125 0.398438 0.578125 0.402344 0.582031 0.402344 0.593750 0.406250 0.597656 0.410156 0.597656 0.414062 0.601562 0.414062 0.621094 0.421875 0.621094 0.425781 0.617188 0.441406 0.617188 0.441406 0.609375 0.437500 0.609375 0.433594 0.605469 0.433594 0.601562 0.429688 0.597656 0.429688 0.593750 0.425781 0.593750 0.417969 0.585938 0.417969 0.570312 0.406250 0.570312 0.402344 0.566406 0.402344 0.542969
4 0.765625 0.523438 0.765625 0.527344 0.761719 0.531250 0.757812 0.531250 0.753906 0.535156 0.753906 0.539062 0.750000 0.542969 0.750000 0.550781 0.757812 0.550781 0.761719 0.554688 0.761719 0.558594 0.765625 0.558594 0.769531 0.562500 0.769531 0.570312 0.777344 0.570312 0.781250 0.574219 0.781250 0.578125 0.796875 0.578125 0.796875 0.570312 0.792969 0.570312 0.785156 0.562500 0.785156 0.535156 0.781250 0.535156 0.773438 0.527344 0.773438 0.523438
4 0.503906 0.484375 0.503906 0.500000 0.507812 0.503906 0.507812 0.535156 0.503906 0.539062 0.496094 0.539062 0.496094 0.558594 0.500000 0.562500 0.500000 0.589844 0.496094 0.593750 0.496094 0.695312 0.492188 0.699219 0.492188 0.707031 0.472656 0.726562 0.445312 0.726562 0.437500 0.718750 0.437500 0.714844 0.433594 0.714844 0.429688 0.710938 0.429688 0.707031 0.425781 0.707031 0.421875 0.703125 0.421875 0.683594 0.417969 0.683594 0.414062 0.679688 0.414062 0.675781 0.410156 0.675781 0.406250 0.671875 0.406250 0.664062 0.398438 0.664062 0.394531 0.660156 0.386719 0.660156 0.378906 0.652344 0.378906 0.648438 0.359375 0.648438 0.355469 0.644531 0.343750 0.644531 0.339844 0.648438 0.335938 0.648438 0.335938 0.656250 0.347656 0.656250 0.351562 0.660156 0.351562 0.675781 0.347656 0.679688 0.339844 0.679688 0.339844 0.687500 0.351562 0.699219 0.355469 0.699219 0.363281 0.707031 0.363281 0.710938 0.402344 0.710938 0.406250 0.714844 0.406250 0.726562 0.414062 0.726562 0.417969 0.730469 0.417969 0.734375 0.441406 0.734375 0.445312 0.738281 0.449219 0.738281 0.453125 0.742188 0.453125 0.746094 0.484375 0.746094 0.488281 0.750000 0.488281 0.789062 0.496094 0.789062 0.496094 0.750000 0.500000 0.746094 0.500000 0.738281 0.503906 0.734375 0.511719 0.734375 0.515625 0.730469 0.519531 0.730469 0.519531 0.726562 0.523438 0.722656 0.523438 0.703125 0.527344 0.699219 0.527344 0.679688 0.523438 0.675781 0.523438 0.671875 0.519531 0.671875 0.515625 0.667969 0.515625 0.644531 0.511719 0.640625 0.511719 0.613281 0.519531 0.605469 0.519531 0.601562 0.523438 0.597656 0.527344 0.597656 0.527344 0.593750 0.531250 0.589844 0.535156 0.589844 0.535156 0.550781 0.531250 0.546875 0.531250 0.523438 0.542969 0.511719 0.546875 0.511719 0.546875 0.503906 0.527344 0.503906 0.523438 0.500000 0.523438 0.484375
4 0.417969 0.433594 0.417969 0.441406 0.429688 0.441406 0.429688 0.433594
4 0.648438 0.425781 0.640625 0.433594 0.636719 0.433594 0.636719 0.445312 0.632812 0.449219 0.628906 0.449219 0.621094 0.457031 0.605469 0.457031 0.601562 0.460938 0.554688 0.460938 0.554688 0.468750 0.558594 0.472656 0.585938 0.472656 0.593750 0.480469 0.656250 0.480469 0.660156 0.484375 0.667969 0.484375 0.671875 0.488281 0.687500 0.488281 0.691406 0.492188 0.699219 0.492188 0.699219 0.480469 0.695312 0.476562 0.695312 0.472656 0.691406 0.468750 0.683594 0.468750 0.679688 0.464844 0.671875 0.464844 0.667969 0.460938 0.664062 0.460938 0.660156 0.457031 0.660156 0.441406 0.664062 0.437500 0.664062 0.425781
4 0.792969 0.371094 0.792969 0.382812 0.796875 0.386719 0.804688 0.386719 0.804688 0.378906 0.800781 0.375000 0.800781 0.371094
4 0.773438 0.281250 0.773438 0.308594 0.769531 0.312500 0.769531 0.351562 0.765625 0.355469 0.765625 0.367188 0.785156 0.367188 0.785156 0.312500 0.789062 0.308594 0.789062 0.304688 0.792969 0.300781 0.792969 0.292969 0.789062 0.292969 0.781250 0.285156 0.781250 0.281250
4 0.660156 0.281250 0.660156 0.285156 0.652344 0.292969 0.652344 0.296875 0.648438 0.300781 0.648438 0.304688 0.644531 0.308594 0.636719 0.308594 0.632812 0.312500 0.621094 0.312500 0.617188 0.316406 0.617188 0.320312 0.613281 0.324219 0.601562 0.324219 0.597656 0.328125 0.597656 0.335938 0.636719 0.335938 0.644531 0.328125 0.644531 0.312500 0.648438 0.308594 0.660156 0.308594 0.664062 0.304688 0.664062 0.300781 0.671875 0.292969 0.671875 0.281250
4 0.261719 0.281250 0.257812 0.285156 0.250000 0.285156 0.250000 0.292969 0.265625 0.292969 0.269531 0.296875 0.269531 0.300781 0.289062 0.300781 0.292969 0.304688 0.292969 0.324219 0.296875 0.324219 0.300781 0.328125 0.300781 0.335938 0.304688 0.335938 0.308594 0.339844 0.316406 0.339844 0.320312 0.343750 0.320312 0.367188 0.328125 0.367188 0.332031 0.371094 0.332031 0.402344 0.328125 0.406250 0.312500 0.406250 0.308594 0.402344 0.292969 0.402344 0.289062 0.406250 0.269531 0.406250 0.265625 0.402344 0.242188 0.402344 0.238281 0.406250 0.238281 0.414062 0.242188 0.417969 0.246094 0.417969 0.250000 0.421875 0.250000 0.425781 0.253906 0.425781 0.257812 0.429688 0.257812 0.437500 0.261719 0.441406 0.261719 0.453125 0.265625 0.453125 0.269531 0.457031 0.273438 0.457031 0.277344 0.460938 0.277344 0.468750 0.281250 0.472656 0.281250 0.476562 0.292969 0.476562 0.296875 0.480469 0.296875 0.496094 0.304688 0.503906 0.308594 0.503906 0.312500 0.507812 0.312500 0.511719 0.316406 0.515625 0.320312 0.515625 0.332031 0.527344 0.332031 0.531250 0.343750 0.531250 0.351562 0.523438 0.382812 0.523438 0.386719 0.519531 0.386719 0.511719 0.355469 0.511719 0.351562 0.507812 0.332031 0.507812 0.328125 0.503906 0.320312 0.503906 0.316406 0.500000 0.316406 0.496094 0.308594 0.488281 0.308594 0.457031 0.281250 0.457031 0.277344 0.453125 0.277344 0.433594 0.281250 0.429688 0.285156 0.429688 0.285156 0.421875 0.289062 0.417969 0.296875 0.417969 0.304688 0.410156 0.324219 0.410156 0.328125 0.414062 0.367188 0.414062 0.371094 0.417969 0.378906 0.417969 0.382812 0.421875 0.390625 0.421875 0.394531 0.417969 0.394531 0.410156 0.398438 0.406250 0.402344 0.406250 0.402344 0.398438 0.398438 0.394531 0.378906 0.394531 0.375000 0.390625 0.375000 0.382812 0.371094 0.378906 0.359375 0.378906 0.347656 0.367188 0.347656 0.359375 0.339844 0.359375 0.335938 0.355469 0.332031 0.355469 0.328125 0.351562 0.324219 0.351562 0.320312 0.347656 0.320312 0.332031 0.312500 0.332031 0.308594 0.328125 0.308594 0.312500 0.304688 0.308594 0.304688 0.289062 0.285156 0.289062 0.281250 0.285156 0.273438 0.285156 0.269531 0.281250
4 0.363281 0.261719 0.363281 0.269531 0.371094 0.269531 0.375000 0.273438 0.375000 0.292969 0.390625 0.292969 0.394531 0.296875 0.394531 0.300781 0.398438 0.300781 0.402344 0.304688 0.402344 0.308594 0.414062 0.308594 0.417969 0.312500 0.417969 0.320312 0.421875 0.324219 0.425781 0.324219 0.429688 0.328125 0.437500 0.328125 0.445312 0.335938 0.453125 0.335938 0.453125 0.328125 0.457031 0.324219 0.460938 0.324219 0.460938 0.285156 0.437500 0.285156 0.433594 0.289062 0.402344 0.289062 0.386719 0.273438 0.382812 0.273438 0.378906 0.269531 0.378906 0.261719
4 0.347656 0.246094 0.347656 0.257812 0.355469 0.257812 0.355469 0.246094
4 0.613281 0.222656 0.609375 0.226562 0.601562 0.226562 0.597656 0.230469 0.597656 0.238281 0.613281 0.238281 0.617188 0.234375 0.621094 0.234375 0.621094 0.222656
4 0.539062 0.199219 0.539062 0.207031 0.535156 0.210938 0.535156 0.214844 0.531250 0.218750 0.511719 0.218750 0.511719 0.253906 0.503906 0.261719 0.488281 0.261719 0.476562 0.250000 0.476562 0.242188 0.468750 0.242188 0.468750 0.273438 0.480469 0.273438 0.484375 0.277344 0.484375 0.281250 0.507812 0.281250 0.511719 0.285156 0.511719 0.320312 0.507812 0.324219 0.507812 0.343750 0.503906 0.347656 0.484375 0.347656 0.484375 0.355469 0.488281 0.359375 0.492188 0.359375 0.496094 0.363281 0.496094 0.378906 0.492188 0.382812 0.488281 0.382812 0.484375 0.386719 0.476562 0.386719 0.476562 0.394531 0.507812 0.394531 0.511719 0.398438 0.511719 0.410156 0.515625 0.414062 0.519531 0.414062 0.523438 0.417969 0.523438 0.429688 0.531250 0.429688 0.539062 0.421875 0.539062 0.398438 0.535156 0.394531 0.535156 0.343750 0.542969 0.335938 0.546875 0.335938 0.554688 0.328125 0.562500 0.328125 0.562500 0.320312 0.554688 0.320312 0.550781 0.316406 0.550781 0.312500 0.546875 0.308594 0.546875 0.281250 0.550781 0.277344 0.550781 0.238281 0.546875 0.234375 0.546875 0.199219
4 0.472656 0.187500 0.472656 0.199219 0.476562 0.199219 0.480469 0.203125 0.484375 0.203125 0.488281 0.207031 0.488281 0.210938 0.507812 0.210938 0.507812 0.195312 0.492188 0.195312 0.488281 0.191406 0.488281 0.187500
4 0.597656 0.164062 0.589844 0.171875 0.589844 0.179688 0.609375 0.179688 0.609375 0.167969 0.605469 0.164062
4 0.753906 0.160156 0.750000 0.164062 0.746094 0.164062 0.746094 0.191406 0.742188 0.195312 0.726562 0.195312 0.722656 0.199219 0.718750 0.199219 0.718750 0.207031 0.714844 0.210938 0.714844 0.226562 0.710938 0.230469 0.699219 0.230469 0.699219 0.238281 0.703125 0.242188 0.714844 0.242188 0.714844 0.230469 0.718750 0.226562 0.738281 0.226562 0.738281 0.222656 0.742188 0.218750 0.746094 0.218750 0.746094 0.199219 0.750000 0.195312 0.777344 0.195312 0.781250 0.199219 0.789062 0.199219 0.792969 0.203125 0.792969 0.210938 0.804688 0.210938 0.808594 0.214844 0.808594 0.222656 0.816406 0.222656 0.820312 0.226562 0.820312 0.246094 0.824219 0.250000 0.839844 0.250000 0.843750 0.246094 0.843750 0.234375 0.847656 0.230469 0.847656 0.218750 0.839844 0.210938 0.835938 0.210938 0.828125 0.203125 0.820312 0.203125 0.816406 0.199219 0.812500 0.199219 0.808594 0.195312 0.804688 0.195312 0.800781 0.191406 0.796875 0.191406 0.789062 0.183594 0.789062 0.179688 0.785156 0.175781 0.781250 0.175781 0.777344 0.171875 0.777344 0.164062 0.765625 0.164062 0.761719 0.160156
4 0.667969 0.136719 0.667969 0.171875 0.664062 0.175781 0.664062 0.191406 0.660156 0.195312 0.648438 0.195312 0.648438 0.203125 0.656250 0.203125 0.656250 0.199219 0.660156 0.195312 0.675781 0.195312 0.675781 0.164062 0.679688 0.160156 0.679688 0.152344 0.675781 0.148438 0.675781 0.136719
