4 0.441406 0.820312 0.441406 0.824219 0.437500 0.828125 0.429688 0.828125 0.429688 0.835938 0.453125 0.859375 0.457031 0.859375 0.460938 0.863281 0.468750 0.863281 0.468750 0.851562 0.464844 0.851562 0.460938 0.847656 0.460938 0.843750 0.453125 0.843750 0.449219 0.839844 0.449219 0.820312
4 0.648438 0.792969 0.648438 0.816406 0.644531 0.820312 0.644531 0.835938 0.652344 0.835938 0.660156 0.843750 0.679688 0.843750 0.683594 0.839844 0.687500 0.839844 0.691406 0.835938 0.699219 0.835938 0.707031 0.828125 0.710938 0.828125 0.714844 0.824219 0.714844 0.816406 0.707031 0.816406 0.703125 0.812500 0.699219 0.812500 0.695312 0.808594 0.695312 0.804688 0.687500 0.804688 0.683594 0.808594 0.667969 0.808594 0.660156 0.800781 0.660156 0.796875 0.656250 0.792969
4 0.523438 0.761719 0.523438 0.796875 0.519531 0.800781 0.519531 0.812500 0.515625 0.816406 0.515625 0.824219 0.519531 0.824219 0.523438 0.828125 0.523438 0.839844 0.539062 0.839844 0.539062 0.804688 0.535156 0.800781 0.535156 0.785156 0.539062 0.781250 0.554688 0.781250 0.558594 0.785156 0.558594 0.792969 0.585938 0.792969 0.589844 0.796875 0.589844 0.828125 0.593750 0.828125 0.597656 0.832031 0.597656 0.835938 0.601562 0.839844 0.601562 0.843750 0.609375 0.843750 0.609375 0.839844 0.613281 0.835938 0.621094 0.835938 0.621094 0.828125 0.617188 0.828125 0.609375 0.820312 0.609375 0.789062 0.597656 0.789062 0.593750 0.792969 0.574219 0.792969 0.570312 0.789062 0.570312 0.781250 0.566406 0.777344 0.566406 0.769531 0.562500 0.765625 0.539062 0.765625 0.535156 0.761719
4 0.230469 0.710938 0.222656 0.718750 0.214844 0.718750 0.214844 0.726562 0.218750 0.730469 0.230469 0.730469 0.234375 0.734375 0.234375 0.738281 0.238281 0.742188 0.242188 0.742188 0.246094 0.746094 0.246094 0.750000 0.253906 0.750000 0.253906 0.746094 0.257812 0.742188 0.257812 0.734375 0.261719 0.730469 0.261719 0.718750 0.242188 0.718750 0.238281 0.714844 0.238281 0.710938
4 0.859375 0.703125 0.859375 0.710938 0.855469 0.714844 0.843750 0.714844 0.843750 0.734375 0.851562 0.734375 0.855469 0.730469 0.855469 0.726562 0.859375 0.722656 0.859375 0.718750 0.863281 0.714844 0.867188 0.714844 0.867188 0.703125
4 0.593750 0.703125 0.593750 0.707031 0.589844 0.710938 0.589844 0.718750 0.597656 0.718750 0.597656 0.714844 0.601562 0.710938 0.605469 0.710938 0.605469 0.703125
4 0.878906 0.679688 0.878906 0.687500 0.875000 0.691406 0.875000 0.699219 0.886719 0.699219 0.886719 0.679688
4 0.238281 0.656250 0.238281 0.667969 0.250000 0.667969 0.257812 0.675781 0.257812 0.679688 0.261719 0.679688 0.265625 0.683594 0.265625 0.695312 0.273438 0.695312 0.277344 0.691406 0.277344 0.683594 0.281250 0.679688 0.285156 0.679688 0.285156 0.675781 0.289062 0.671875 0.292969 0.671875 0.292969 0.667969 0.296875 0.664062 0.312500 0.664062 0.312500 0.656250 0.285156 0.656250 0.277344 0.664062 0.261719 0.664062 0.257812 0.660156 0.253906 0.660156 0.250000 0.656250
4 0.746094 0.605469 0.746094 0.644531 0.753906 0.652344 0.753906 0.656250 0.761719 0.656250 0.761719 0.648438 0.769531 0.640625 0.773438 0.640625 0.773438 0.625000 0.769531 0.621094 0.769531 0.617188 0.765625 0.613281 0.761719 0.613281 0.753906 0.605469
4 0.347656 0.562500 0.347656 0.566406 0.343750 0.570312 0.339844 0.570312 0.335938 0.574219 0.335938 0.582031 0.339844 0.585938 0.347656 0.585938 0.351562 0.589844 0.351562 0.621094 0.359375 0.621094 0.363281 0.625000 0.363281 0.644531 0.371094 0.644531 0.371094 0.636719 0.375000 0.632812 0.382812 0.632812 0.386719 0.628906 0.386719 0.617188 0.371094 0.617188 0.367188 0.613281 0.367188 0.605469 0.359375 0.597656 0.359375 0.593750 0.355469 0.589844 0.355469 0.562500
4 0.183594 0.496094 0.183594 0.500000 0.179688 0.503906 0.175781 0.503906 0.175781 0.515625 0.179688 0.515625 0.183594 0.519531 0.183594 0.527344 0.191406 0.527344 0.191406 0.519531 0.195312 0.515625 0.222656 0.515625 0.230469 0.507812 0.234375 0.507812 0.234375 0.500000 0.230469 0.500000 0.226562 0.496094 0.218750 0.496094 0.214844 0.500000 0.195312 0.500000 0.191406 0.496094
4 0.531250 0.488281 0.531250 0.492188 0.527344 0.496094 0.496094 0.496094 0.492188 0.500000 0.492188 0.523438 0.503906 0.523438 0.507812 0.519531 0.507812 0.515625 0.511719 0.511719 0.515625 0.511719 0.523438 0.503906 0.535156 0.503906 0.535156 0.500000 0.539062 0.496094 0.539062 0.488281
4 0.855469 0.476562 0.851562 0.480469 0.843750 0.480469 0.839844 0.484375 0.835938 0.484375 0.835938 0.492188 0.867188 0.492188 0.871094 0.496094 0.886719 0.496094 0.890625 0.500000 0.890625 0.503906 0.894531 0.503906 0.898438 0.507812 0.898438 0.515625 0.902344 0.515625 0.910156 0.523438 0.910156 0.546875 0.914062 0.550781 0.914062 0.558594 0.917969 0.562500 0.917969 0.574219 0.925781 0.582031 0.937500 0.582031 0.937500 0.574219 0.941406 0.570312 0.941406 0.550781 0.937500 0.550781 0.933594 0.546875 0.933594 0.542969 0.921875 0.542969 0.917969 0.539062 0.917969 0.511719 0.921875 0.507812 0.941406 0.507812 0.949219 0.515625 0.949219 0.527344 0.953125 0.527344 0.957031 0.531250 0.957031 0.535156 0.968750 0.535156 0.972656 0.531250 0.976562 0.531250 0.980469 0.527344 0.996094 0.527344 0.996094 0.519531 0.976562 0.519531 0.960938 0.503906 0.960938 0.492188 0.910156 0.492188 0.906250 0.488281 0.902344 0.488281 0.898438 0.484375 0.878906 0.484375 0.871094 0.476562
4 0.382812 0.429688 0.382812 0.437500 0.390625 0.445312 0.390625 0.449219 0.394531 0.453125 0.394531 0.460938 0.398438 0.464844 0.398438 0.468750 0.417969 0.468750 0.421875 0.472656 0.421875 0.476562 0.437500 0.492188 0.437500 0.496094 0.449219 0.496094 0.449219 0.488281 0.445312 0.488281 0.441406 0.484375 0.441406 0.468750 0.429688 0.457031 0.429688 0.453125 0.425781 0.449219 0.421875 0.449219 0.417969 0.445312 0.417969 0.441406 0.410156 0.441406 0.406250 0.437500 0.402344 0.437500 0.398438 0.433594 0.398438 0.429688
4 0.359375 0.410156 0.359375 0.417969 0.367188 0.417969 0.367188 0.410156
4 0.921875 0.402344 0.921875 0.410156 0.925781 0.414062 0.925781 0.437500 0.929688 0.441406 0.929688 0.453125 0.933594 0.453125 0.937500 0.457031 0.949219 0.457031 0.949219 0.433594 0.945312 0.429688 0.945312 0.406250 0.941406 0.406250 0.937500 0.402344
4 0.585938 0.386719 0.585938 0.394531 0.589844 0.398438 0.589844 0.402344 0.593750 0.402344 0.597656 0.406250 0.597656 0.425781 0.593750 0.429688 0.582031 0.429688 0.578125 0.433594 0.566406 0.433594 0.562500 0.437500 0.562500 0.449219 0.578125 0.449219 0.578125 0.445312 0.582031 0.441406 0.589844 0.441406 0.593750 0.437500 0.593750 0.433594 0.597656 0.429688 0.613281 0.429688 0.625000 0.441406 0.628906 0.441406 0.632812 0.445312 0.632812 0.449219 0.636719 0.453125 0.636719 0.468750 0.640625 0.468750 0.644531 0.472656 0.656250 0.472656 0.660156 0.476562 0.667969 0.476562 0.667969 0.457031 0.671875 0.453125 0.687500 0.453125 0.691406 0.457031 0.691406 0.464844 0.695312 0.464844 0.699219 0.468750 0.699219 0.492188 0.703125 0.492188 0.710938 0.500000 0.718750 0.500000 0.722656 0.503906 0.722656 0.519531 0.734375 0.519531 0.734375 0.515625 0.738281 0.511719 0.785156 0.511719 0.785156 0.507812 0.789062 0.503906 0.789062 0.492188 0.781250 0.484375 0.777344 0.484375 0.769531 0.476562 0.761719 0.476562 0.761719 0.480469 0.757812 0.484375 0.734375 0.484375 0.726562 0.476562 0.714844 0.476562 0.710938 0.472656 0.710938 0.453125 0.707031 0.449219 0.707031 0.445312 0.703125 0.445312 0.699219 0.441406 0.699219 0.421875 0.695312 0.417969 0.695312 0.414062 0.687500 0.414062 0.687500 0.429688 0.683594 0.433594 0.644531 0.433594 0.640625 0.429688 0.640625 0.425781 0.632812 0.417969 0.632812 0.414062 0.628906 0.410156 0.628906 0.406250 0.621094 0.406250 0.617188 0.402344 0.617188 0.398438 0.613281 0.394531 0.601562 0.394531 0.593750 0.386719
4 0.238281 0.347656 0.234375 0.351562 0.218750 0.351562 0.218750 0.367188 0.234375 0.367188 0.234375 0.363281 0.238281 0.359375 0.269531 0.359375 0.273438 0.363281 0.273438 0.378906 0.277344 0.382812 0.316406 0.382812 0.316406 0.371094 0.296875 0.371094 0.292969 0.367188 0.292969 0.359375 0.285156 0.359375 0.281250 0.355469 0.281250 0.351562 0.277344 0.351562 0.273438 0.347656
4 0.914062 0.335938 0.910156 0.339844 0.906250 0.339844 0.902344 0.343750 0.898438 0.343750 0.898438 0.351562 0.902344 0.351562 0.910156 0.359375 0.910156 0.371094 0.914062 0.375000 0.914062 0.378906 0.921875 0.378906 0.921875 0.375000 0.925781 0.371094 0.925781 0.343750 0.921875 0.339844 0.921875 0.335938
4 0.789062 0.312500 0.789062 0.339844 0.785156 0.343750 0.777344 0.343750 0.777344 0.355469 0.785156 0.363281 0.785156 0.375000 0.789062 0.375000 0.796875 0.382812 0.796875 0.394531 0.804688 0.402344 0.804688 0.425781 0.808594 0.429688 0.808594 0.433594 0.828125 0.433594 0.832031 0.437500 0.832031 0.445312 0.839844 0.445312 0.839844 0.437500 0.832031 0.437500 0.828125 0.433594 0.828125 0.406250 0.824219 0.402344 0.824219 0.390625 0.820312 0.386719 0.816406 0.386719 0.812500 0.382812 0.812500 0.375000 0.808594 0.371094 0.804688 0.371094 0.800781 0.367188 0.800781 0.347656 0.804688 0.343750 0.816406 0.343750 0.820312 0.339844 0.820312 0.328125 0.800781 0.328125 0.796875 0.324219 0.796875 0.312500
4 0.437500 0.097656 0.433594 0.101562 0.433594 0.105469 0.425781 0.113281 0.417969 0.113281 0.414062 0.117188 0.414062 0.121094 0.406250 0.128906 0.406250 0.140625 0.414062 0.140625 0.417969 0.144531 0.429688 0.144531 0.433594 0.140625 0.433594 0.125000 0.437500 0.121094 0.441406 0.121094 0.441406 0.117188 0.453125 0.105469 0.460938 0.105469 0.460938 0.097656
4 0.500000 0.074219 0.500000 0.082031 0.507812 0.082031 0.507812 0.074219
