4 0.515625 0.984375 0.515625 0.996094 0.527344 0.996094 0.527344 0.984375
4 0.000000 0.980469 0.000000 0.996094 0.011719 0.996094 0.011719 0.980469
4 0.890625 0.976562 0.890625 0.984375 0.906250 0.984375 0.906250 0.976562
4 0.511719 0.949219 0.511719 0.957031 0.519531 0.957031 0.519531 0.949219
4 0.156250 0.937500 0.152344 0.941406 0.152344 0.953125 0.148438 0.957031 0.140625 0.957031 0.140625 0.964844 0.156250 0.964844 0.156250 0.960938 0.160156 0.957031 0.164062 0.957031 0.164062 0.937500
4 0.300781 0.914062 0.300781 0.925781 0.316406 0.925781 0.320312 0.929688 0.328125 0.929688 0.328125 0.917969 0.324219 0.914062
4 0.183594 0.910156 0.179688 0.914062 0.179688 0.925781 0.187500 0.925781 0.187500 0.921875 0.191406 0.917969 0.191406 0.910156
4 0.367188 0.898438 0.367188 0.902344 0.355469 0.914062 0.355469 0.921875 0.359375 0.921875 0.367188 0.929688 0.375000 0.929688 0.378906 0.933594 0.378906 0.949219 0.382812 0.953125 0.394531 0.953125 0.394531 0.937500 0.390625 0.933594 0.382812 0.933594 0.378906 0.929688 0.378906 0.898438
4 0.910156 0.867188 0.910156 0.875000 0.906250 0.878906 0.871094 0.878906 0.867188 0.875000 0.859375 0.875000 0.859375 0.878906 0.851562 0.886719 0.843750 0.886719 0.843750 0.894531 0.882812 0.894531 0.886719 0.898438 0.886719 0.902344 0.902344 0.902344 0.906250 0.906250 0.906250 0.910156 0.910156 0.914062 0.910156 0.929688 0.906250 0.933594 0.906250 0.953125 0.910156 0.957031 0.925781 0.957031 0.925781 0.941406 0.929688 0.937500 0.933594 0.937500 0.937500 0.933594 0.945312 0.933594 0.945312 0.925781 0.941406 0.925781 0.937500 0.921875 0.937500 0.917969 0.929688 0.917969 0.925781 0.914062 0.925781 0.910156 0.921875 0.910156 0.917969 0.906250 0.917969 0.886719 0.921875 0.882812 0.921875 0.867188
4 0.156250 0.796875 0.148438 0.804688 0.144531 0.804688 0.144531 0.808594 0.140625 0.812500 0.140625 0.820312 0.136719 0.824219 0.125000 0.824219 0.125000 0.835938 0.132812 0.835938 0.132812 0.828125 0.136719 0.824219 0.156250 0.824219 0.164062 0.816406 0.164062 0.812500 0.167969 0.808594 0.167969 0.796875
4 0.011719 0.792969 0.011719 0.812500 0.007812 0.816406 0.000000 0.816406 0.000000 0.832031 0.007812 0.832031 0.011719 0.835938 0.015625 0.835938 0.019531 0.839844 0.023438 0.839844 0.027344 0.843750 0.027344 0.847656 0.039062 0.847656 0.042969 0.851562 0.042969 0.867188 0.039062 0.871094 0.023438 0.871094 0.019531 0.867188 0.019531 0.863281 0.007812 0.863281 0.003906 0.859375 0.000000 0.859375 0.000000 0.878906 0.007812 0.878906 0.011719 0.882812 0.015625 0.882812 0.019531 0.886719 0.027344 0.886719 0.031250 0.890625 0.039062 0.890625 0.042969 0.894531 0.058594 0.894531 0.062500 0.898438 0.062500 0.914062 0.066406 0.917969 0.066406 0.941406 0.058594 0.949219 0.058594 0.960938 0.054688 0.964844 0.046875 0.964844 0.042969 0.968750 0.039062 0.968750 0.039062 0.976562 0.050781 0.976562 0.054688 0.972656 0.054688 0.968750 0.058594 0.964844 0.070312 0.964844 0.070312 0.960938 0.074219 0.957031 0.082031 0.957031 0.082031 0.949219 0.085938 0.945312 0.109375 0.945312 0.109375 0.937500 0.097656 0.937500 0.093750 0.933594 0.093750 0.898438 0.097656 0.894531 0.097656 0.890625 0.101562 0.886719 0.109375 0.886719 0.109375 0.878906 0.105469 0.875000 0.105469 0.863281 0.097656 0.855469 0.097656 0.832031 0.093750 0.832031 0.089844 0.828125 0.070312 0.828125 0.066406 0.824219 0.062500 0.824219 0.054688 0.816406 0.050781 0.816406 0.039062 0.804688 0.035156 0.804688 0.027344 0.796875 0.023438 0.796875 0.019531 0.792969
4 0.140625 0.769531 0.140625 0.777344 0.148438 0.777344 0.148438 0.769531
4 0.851562 0.742188 0.851562 0.773438 0.847656 0.777344 0.839844 0.777344 0.839844 0.800781 0.843750 0.804688 0.855469 0.804688 0.855469 0.777344 0.863281 0.769531 0.863281 0.765625 0.867188 0.761719 0.871094 0.761719 0.875000 0.757812 0.878906 0.757812 0.882812 0.753906 0.882812 0.746094 0.863281 0.746094 0.859375 0.742188
4 0.570312 0.734375 0.570312 0.742188 0.578125 0.742188 0.578125 0.734375
4 0.941406 0.671875 0.937500 0.675781 0.937500 0.683594 0.941406 0.687500 0.941406 0.699219 0.945312 0.703125 0.945312 0.707031 0.953125 0.707031 0.957031 0.710938 0.957031 0.726562 0.953125 0.730469 0.949219 0.730469 0.945312 0.734375 0.945312 0.742188 0.949219 0.746094 0.953125 0.746094 0.957031 0.750000 0.968750 0.750000 0.972656 0.753906 0.996094 0.753906 0.996094 0.707031 0.984375 0.707031 0.980469 0.703125 0.980469 0.695312 0.976562 0.691406 0.976562 0.679688 0.972656 0.675781 0.968750 0.675781 0.964844 0.671875
4 0.554688 0.617188 0.554688 0.652344 0.550781 0.656250 0.550781 0.687500 0.546875 0.691406 0.523438 0.691406 0.519531 0.687500 0.519531 0.679688 0.503906 0.679688 0.500000 0.683594 0.496094 0.683594 0.496094 0.687500 0.492188 0.691406 0.492188 0.703125 0.507812 0.703125 0.515625 0.695312 0.531250 0.695312 0.535156 0.699219 0.535156 0.750000 0.531250 0.753906 0.531250 0.769531 0.535156 0.773438 0.535156 0.812500 0.539062 0.816406 0.539062 0.847656 0.531250 0.855469 0.531250 0.875000 0.527344 0.878906 0.527344 0.890625 0.535156 0.898438 0.535156 0.921875 0.531250 0.925781 0.531250 0.937500 0.539062 0.937500 0.542969 0.941406 0.542969 0.945312 0.550781 0.945312 0.554688 0.949219 0.554688 0.996094 0.570312 0.996094 0.570312 0.992188 0.566406 0.988281 0.566406 0.964844 0.558594 0.964844 0.554688 0.960938 0.554688 0.894531 0.542969 0.894531 0.539062 0.890625 0.539062 0.875000 0.542969 0.871094 0.546875 0.871094 0.546875 0.847656 0.550781 0.843750 0.550781 0.746094 0.546875 0.742188 0.546875 0.726562 0.542969 0.722656 0.542969 0.695312 0.546875 0.691406 0.574219 0.691406 0.574219 0.675781 0.566406 0.675781 0.562500 0.671875 0.562500 0.648438 0.566406 0.644531 0.566406 0.625000 0.562500 0.621094 0.562500 0.617188
4 0.203125 0.613281 0.203125 0.621094 0.199219 0.625000 0.199219 0.628906 0.195312 0.632812 0.195312 0.640625 0.191406 0.644531 0.191406 0.660156 0.187500 0.664062 0.179688 0.664062 0.179688 0.683594 0.191406 0.695312 0.203125 0.695312 0.203125 0.691406 0.207031 0.687500 0.207031 0.664062 0.214844 0.656250 0.230469 0.656250 0.234375 0.660156 0.234375 0.664062 0.242188 0.664062 0.242188 0.652344 0.218750 0.652344 0.214844 0.648438 0.214844 0.613281
4 0.984375 0.605469 0.984375 0.628906 0.996094 0.628906 0.996094 0.605469
4 0.812500 0.601562 0.808594 0.605469 0.785156 0.605469 0.785156 0.625000 0.804688 0.625000 0.808594 0.628906 0.808594 0.660156 0.800781 0.667969 0.796875 0.667969 0.796875 0.683594 0.800781 0.687500 0.816406 0.687500 0.820312 0.683594 0.820312 0.675781 0.816406 0.671875 0.816406 0.656250 0.820312 0.652344 0.820312 0.648438 0.824219 0.644531 0.824219 0.640625 0.828125 0.636719 0.828125 0.621094 0.832031 0.617188 0.843750 0.617188 0.843750 0.609375 0.824219 0.609375 0.820312 0.605469 0.820312 0.601562
4 0.867188 0.582031 0.863281 0.585938 0.855469 0.585938 0.851562 0.589844 0.851562 0.597656 0.871094 0.597656 0.878906 0.589844 0.878906 0.582031
4 0.449219 0.566406 0.445312 0.570312 0.445312 0.605469 0.441406 0.609375 0.437500 0.609375 0.437500 0.625000 0.433594 0.628906 0.433594 0.648438 0.429688 0.652344 0.421875 0.652344 0.417969 0.656250 0.394531 0.656250 0.394531 0.667969 0.398438 0.671875 0.414062 0.671875 0.417969 0.675781 0.421875 0.675781 0.425781 0.679688 0.425781 0.687500 0.429688 0.691406 0.429688 0.703125 0.449219 0.703125 0.449219 0.695312 0.445312 0.691406 0.445312 0.683594 0.441406 0.679688 0.441406 0.648438 0.445312 0.644531 0.445312 0.640625 0.449219 0.636719 0.460938 0.636719 0.464844 0.632812 0.464844 0.625000 0.460938 0.621094 0.460938 0.605469 0.464844 0.601562 0.464844 0.589844 0.468750 0.585938 0.468750 0.566406
4 0.320312 0.566406 0.320312 0.582031 0.324219 0.582031 0.328125 0.585938 0.339844 0.585938 0.343750 0.589844 0.343750 0.621094 0.339844 0.625000 0.339844 0.632812 0.343750 0.632812 0.351562 0.640625 0.351562 0.660156 0.347656 0.664062 0.347656 0.675781 0.359375 0.675781 0.359375 0.671875 0.363281 0.667969 0.367188 0.667969 0.367188 0.656250 0.363281 0.656250 0.359375 0.652344 0.359375 0.632812 0.363281 0.628906 0.378906 0.628906 0.382812 0.625000 0.382812 0.617188 0.386719 0.613281 0.386719 0.601562 0.390625 0.597656 0.390625 0.585938 0.394531 0.582031 0.402344 0.582031 0.402344 0.574219 0.390625 0.574219 0.386719 0.570312 0.386719 0.566406 0.371094 0.566406 0.367188 0.570312 0.335938 0.570312 0.332031 0.566406
4 0.414062 0.554688 0.414062 0.566406 0.421875 0.566406 0.421875 0.554688
4 0.910156 0.480469 0.910156 0.500000 0.906250 0.503906 0.894531 0.503906 0.894531 0.507812 0.890625 0.511719 0.890625 0.527344 0.894531 0.531250 0.902344 0.531250 0.906250 0.535156 0.917969 0.535156 0.921875 0.539062 0.929688 0.539062 0.929688 0.527344 0.933594 0.523438 0.945312 0.523438 0.949219 0.519531 0.949219 0.515625 0.953125 0.511719 0.953125 0.503906 0.941406 0.492188 0.933594 0.492188 0.925781 0.484375 0.921875 0.484375 0.917969 0.480469
4 0.398438 0.441406 0.394531 0.445312 0.386719 0.445312 0.386719 0.457031 0.382812 0.460938 0.382812 0.464844 0.375000 0.472656 0.375000 0.480469 0.390625 0.480469 0.390625 0.464844 0.394531 0.460938 0.410156 0.460938 0.414062 0.464844 0.414062 0.476562 0.425781 0.476562 0.429688 0.472656 0.433594 0.472656 0.433594 0.457031 0.417969 0.457031 0.414062 0.453125 0.414062 0.445312 0.410156 0.441406
4 0.773438 0.386719 0.773438 0.390625 0.765625 0.398438 0.761719 0.398438 0.757812 0.402344 0.753906 0.402344 0.753906 0.410156 0.761719 0.410156 0.769531 0.417969 0.769531 0.441406 0.773438 0.441406 0.785156 0.453125 0.785156 0.464844 0.808594 0.464844 0.812500 0.468750 0.812500 0.507812 0.808594 0.511719 0.804688 0.511719 0.800781 0.515625 0.800781 0.527344 0.804688 0.531250 0.816406 0.531250 0.820312 0.527344 0.824219 0.527344 0.824219 0.503906 0.828125 0.500000 0.843750 0.500000 0.843750 0.468750 0.839844 0.468750 0.835938 0.464844 0.835938 0.453125 0.832031 0.453125 0.828125 0.449219 0.820312 0.449219 0.816406 0.445312 0.804688 0.445312 0.800781 0.441406 0.800781 0.425781 0.804688 0.421875 0.816406 0.421875 0.816406 0.410156 0.812500 0.406250 0.812500 0.390625 0.789062 0.390625 0.785156 0.386719
4 0.757812 0.335938 0.757812 0.343750 0.765625 0.343750 0.765625 0.335938
4 0.531250 0.324219 0.531250 0.332031 0.527344 0.335938 0.527344 0.343750 0.523438 0.347656 0.523438 0.367188 0.519531 0.371094 0.519531 0.390625 0.515625 0.394531 0.515625 0.414062 0.511719 0.417969 0.511719 0.433594 0.507812 0.437500 0.507812 0.464844 0.511719 0.464844 0.515625 0.468750 0.527344 0.468750 0.531250 0.464844 0.531250 0.457031 0.527344 0.457031 0.523438 0.453125 0.523438 0.421875 0.527344 0.417969 0.527344 0.414062 0.531250 0.410156 0.531250 0.382812 0.535156 0.378906 0.535156 0.363281 0.539062 0.359375 0.539062 0.324219
4 0.285156 0.308594 0.281250 0.312500 0.277344 0.312500 0.277344 0.316406 0.273438 0.320312 0.273438 0.324219 0.269531 0.328125 0.269531 0.332031 0.265625 0.335938 0.265625 0.339844 0.261719 0.343750 0.261719 0.359375 0.273438 0.359375 0.277344 0.355469 0.277344 0.351562 0.281250 0.347656 0.281250 0.324219 0.285156 0.320312 0.292969 0.320312 0.292969 0.308594
4 0.976562 0.292969 0.968750 0.300781 0.968750 0.312500 0.964844 0.316406 0.957031 0.316406 0.957031 0.320312 0.953125 0.324219 0.953125 0.335938 0.957031 0.339844 0.980469 0.339844 0.988281 0.347656 0.996094 0.347656 0.996094 0.296875 0.988281 0.296875 0.984375 0.292969
4 0.675781 0.289062 0.675781 0.308594 0.671875 0.312500 0.671875 0.316406 0.667969 0.320312 0.667969 0.343750 0.664062 0.347656 0.664062 0.359375 0.660156 0.363281 0.660156 0.375000 0.667969 0.382812 0.675781 0.382812 0.675781 0.378906 0.679688 0.375000 0.703125 0.375000 0.707031 0.378906 0.707031 0.382812 0.714844 0.390625 0.714844 0.394531 0.722656 0.394531 0.722656 0.382812 0.718750 0.378906 0.718750 0.351562 0.722656 0.347656 0.726562 0.347656 0.730469 0.343750 0.734375 0.343750 0.734375 0.328125 0.726562 0.328125 0.722656 0.332031 0.718750 0.332031 0.714844 0.335938 0.714844 0.339844 0.710938 0.343750 0.691406 0.343750 0.687500 0.339844 0.687500 0.316406 0.691406 0.312500 0.695312 0.312500 0.695312 0.304688 0.691406 0.304688 0.683594 0.296875 0.683594 0.289062
4 0.222656 0.246094 0.218750 0.250000 0.218750 0.261719 0.222656 0.265625 0.226562 0.265625 0.246094 0.285156 0.261719 0.285156 0.265625 0.281250 0.273438 0.281250 0.273438 0.269531 0.269531 0.265625 0.257812 0.265625 0.253906 0.261719 0.250000 0.261719 0.242188 0.253906 0.242188 0.250000 0.238281 0.250000 0.234375 0.246094
4 0.312500 0.222656 0.308594 0.226562 0.308594 0.246094 0.304688 0.250000 0.304688 0.261719 0.312500 0.269531 0.312500 0.273438 0.347656 0.273438 0.351562 0.269531 0.351562 0.257812 0.347656 0.253906 0.347656 0.250000 0.335938 0.238281 0.335938 0.234375 0.332031 0.230469 0.332031 0.226562 0.328125 0.226562 0.324219 0.222656
4 0.558594 0.218750 0.554688 0.222656 0.554688 0.238281 0.550781 0.242188 0.550781 0.250000 0.546875 0.253906 0.546875 0.261719 0.542969 0.265625 0.542969 0.273438 0.539062 0.277344 0.535156 0.277344 0.535156 0.285156 0.539062 0.289062 0.546875 0.289062 0.546875 0.281250 0.550781 0.277344 0.554688 0.277344 0.554688 0.273438 0.558594 0.269531 0.558594 0.261719 0.562500 0.257812 0.562500 0.238281 0.566406 0.234375 0.566406 0.218750
4 0.792969 0.191406 0.792969 0.218750 0.796875 0.218750 0.800781 0.222656 0.800781 0.281250 0.804688 0.285156 0.804688 0.320312 0.812500 0.320312 0.820312 0.328125 0.820312 0.335938 0.824219 0.339844 0.843750 0.339844 0.843750 0.332031 0.828125 0.316406 0.828125 0.308594 0.820312 0.308594 0.816406 0.304688 0.816406 0.289062 0.820312 0.285156 0.824219 0.285156 0.828125 0.281250 0.832031 0.281250 0.835938 0.277344 0.835938 0.269531 0.832031 0.265625 0.816406 0.265625 0.812500 0.261719 0.812500 0.234375 0.808594 0.230469 0.808594 0.214844 0.812500 0.210938 0.812500 0.199219 0.808594 0.195312 0.804688 0.195312 0.800781 0.191406
4 0.664062 0.121094 0.660156 0.125000 0.656250 0.125000 0.652344 0.128906 0.625000 0.128906 0.625000 0.132812 0.617188 0.140625 0.617188 0.156250 0.636719 0.156250 0.636719 0.152344 0.648438 0.140625 0.660156 0.140625 0.667969 0.132812 0.671875 0.132812 0.675781 0.128906 0.675781 0.121094
4 0.496094 0.074219 0.492188 0.078125 0.492188 0.082031 0.488281 0.085938 0.476562 0.085938 0.472656 0.089844 0.468750 0.089844 0.468750 0.101562 0.464844 0.105469 0.464844 0.109375 0.460938 0.113281 0.457031 0.113281 0.457031 0.121094 0.488281 0.121094 0.488281 0.113281 0.492188 0.109375 0.507812 0.109375 0.507812 0.074219
4 0.339844 0.046875 0.335938 0.050781 0.328125 0.050781 0.328125 0.054688 0.324219 0.058594 0.289062 0.058594 0.289062 0.078125 0.285156 0.082031 0.281250 0.082031 0.281250 0.089844 0.289062 0.089844 0.289062 0.085938 0.292969 0.082031 0.324219 0.082031 0.332031 0.089844 0.332031 0.093750 0.335938 0.097656 0.335938 0.113281 0.339844 0.117188 0.339844 0.121094 0.347656 0.121094 0.347656 0.105469 0.355469 0.097656 0.355469 0.078125 0.351562 0.074219 0.351562 0.050781 0.347656 0.046875
4 0.695312 0.011719 0.691406 0.015625 0.687500 0.015625 0.687500 0.023438 0.683594 0.027344 0.683594 0.035156 0.691406 0.042969 0.691406 0.054688 0.695312 0.058594 0.699219 0.058594 0.703125 0.062500 0.703125 0.066406 0.718750 0.066406 0.718750 0.058594 0.714844 0.054688 0.714844 0.046875 0.707031 0.039062 0.707031 0.011719
4 0.011719 0.000000 0.011719 0.011719 0.015625 0.015625 0.015625 0.070312 0.031250 0.070312 0.035156 0.066406 0.035156 0.050781 0.039062 0.046875 0.054688 0.046875 0.058594 0.042969 0.058594 0.031250 0.039062 0.011719 0.035156 0.011719 0.031250 0.007812 0.031250 0.000000
