4 0.675781 0.929688 0.675781 0.933594 0.671875 0.937500 0.671875 0.945312 0.675781 0.949219 0.675781 0.957031 0.679688 0.960938 0.683594 0.960938 0.687500 0.964844 0.687500 0.972656 0.691406 0.972656 0.695312 0.976562 0.695312 0.980469 0.703125 0.980469 0.707031 0.976562 0.726562 0.976562 0.730469 0.972656 0.730469 0.957031 0.714844 0.957031 0.707031 0.949219 0.707031 0.937500 0.703125 0.933594 0.703125 0.929688
4 0.171875 0.867188 0.167969 0.871094 0.160156 0.871094 0.156250 0.875000 0.136719 0.875000 0.125000 0.886719 0.125000 0.898438 0.136719 0.898438 0.140625 0.894531 0.152344 0.894531 0.156250 0.890625 0.175781 0.890625 0.175781 0.886719 0.183594 0.878906 0.183594 0.867188
4 0.203125 0.785156 0.199219 0.789062 0.199219 0.792969 0.195312 0.796875 0.195312 0.816406 0.191406 0.820312 0.191406 0.835938 0.199219 0.835938 0.199219 0.824219 0.203125 0.820312 0.203125 0.812500 0.207031 0.808594 0.218750 0.808594 0.218750 0.800781 0.222656 0.796875 0.222656 0.789062 0.218750 0.785156
4 0.464844 0.769531 0.464844 0.785156 0.460938 0.789062 0.445312 0.789062 0.445312 0.792969 0.441406 0.796875 0.425781 0.796875 0.421875 0.800781 0.421875 0.808594 0.445312 0.808594 0.449219 0.812500 0.449219 0.835938 0.445312 0.839844 0.445312 0.859375 0.449219 0.863281 0.457031 0.863281 0.460938 0.859375 0.460938 0.828125 0.464844 0.824219 0.468750 0.824219 0.472656 0.820312 0.488281 0.820312 0.492188 0.824219 0.519531 0.824219 0.523438 0.828125 0.523438 0.839844 0.527344 0.839844 0.531250 0.843750 0.593750 0.843750 0.597656 0.839844 0.597656 0.832031 0.605469 0.824219 0.621094 0.824219 0.621094 0.816406 0.609375 0.804688 0.609375 0.800781 0.605469 0.796875 0.593750 0.796875 0.593750 0.808594 0.589844 0.812500 0.585938 0.812500 0.585938 0.820312 0.582031 0.824219 0.582031 0.828125 0.578125 0.832031 0.539062 0.832031 0.535156 0.828125 0.531250 0.828125 0.527344 0.824219 0.527344 0.808594 0.503906 0.808594 0.496094 0.800781 0.496094 0.773438 0.480469 0.773438 0.476562 0.769531
4 0.632812 0.750000 0.632812 0.761719 0.636719 0.765625 0.648438 0.765625 0.648438 0.757812 0.640625 0.750000
4 0.445312 0.746094 0.445312 0.753906 0.449219 0.753906 0.453125 0.757812 0.453125 0.761719 0.460938 0.761719 0.460938 0.753906 0.457031 0.753906 0.453125 0.750000 0.453125 0.746094
4 0.312500 0.746094 0.312500 0.753906 0.308594 0.757812 0.308594 0.773438 0.304688 0.777344 0.304688 0.792969 0.300781 0.796875 0.300781 0.808594 0.308594 0.808594 0.308594 0.789062 0.312500 0.785156 0.312500 0.773438 0.316406 0.769531 0.316406 0.761719 0.320312 0.757812 0.320312 0.746094
4 0.531250 0.703125 0.527344 0.707031 0.527344 0.742188 0.542969 0.742188 0.546875 0.746094 0.578125 0.746094 0.582031 0.750000 0.582031 0.773438 0.578125 0.777344 0.578125 0.789062 0.589844 0.789062 0.589844 0.769531 0.593750 0.765625 0.605469 0.765625 0.605469 0.742188 0.609375 0.738281 0.621094 0.738281 0.621094 0.730469 0.570312 0.730469 0.566406 0.726562 0.550781 0.726562 0.546875 0.722656 0.546875 0.718750 0.539062 0.710938 0.539062 0.703125
4 0.593750 0.625000 0.593750 0.632812 0.597656 0.636719 0.597656 0.652344 0.625000 0.652344 0.625000 0.648438 0.628906 0.644531 0.628906 0.636719 0.625000 0.636719 0.621094 0.632812 0.605469 0.632812 0.601562 0.628906 0.601562 0.625000
4 0.492188 0.589844 0.492188 0.593750 0.488281 0.597656 0.488281 0.628906 0.496094 0.628906 0.496094 0.621094 0.500000 0.617188 0.515625 0.617188 0.515625 0.613281 0.523438 0.605469 0.523438 0.597656 0.511719 0.597656 0.507812 0.593750 0.503906 0.593750 0.500000 0.589844
4 0.265625 0.589844 0.265625 0.597656 0.261719 0.601562 0.261719 0.609375 0.269531 0.609375 0.273438 0.613281 0.281250 0.613281 0.289062 0.605469 0.289062 0.597656 0.281250 0.589844
4 0.906250 0.558594 0.906250 0.562500 0.902344 0.566406 0.902344 0.636719 0.898438 0.640625 0.898438 0.652344 0.894531 0.656250 0.894531 0.671875 0.890625 0.675781 0.890625 0.726562 0.886719 0.730469 0.886719 0.734375 0.878906 0.742188 0.878906 0.750000 0.875000 0.753906 0.875000 0.765625 0.871094 0.769531 0.871094 0.796875 0.863281 0.804688 0.863281 0.808594 0.855469 0.816406 0.843750 0.816406 0.843750 0.820312 0.835938 0.828125 0.835938 0.835938 0.828125 0.843750 0.828125 0.863281 0.824219 0.867188 0.824219 0.875000 0.820312 0.878906 0.820312 0.898438 0.816406 0.902344 0.816406 0.906250 0.812500 0.910156 0.800781 0.910156 0.800781 0.914062 0.796875 0.917969 0.785156 0.917969 0.785156 0.925781 0.789062 0.929688 0.796875 0.929688 0.800781 0.933594 0.800781 0.949219 0.796875 0.953125 0.796875 0.960938 0.804688 0.960938 0.804688 0.953125 0.808594 0.949219 0.812500 0.949219 0.812500 0.945312 0.816406 0.941406 0.816406 0.914062 0.820312 0.910156 0.824219 0.910156 0.824219 0.902344 0.828125 0.898438 0.832031 0.898438 0.835938 0.894531 0.835938 0.890625 0.855469 0.871094 0.855469 0.867188 0.859375 0.863281 0.859375 0.859375 0.863281 0.855469 0.863281 0.851562 0.867188 0.847656 0.867188 0.843750 0.871094 0.839844 0.871094 0.832031 0.875000 0.828125 0.875000 0.816406 0.878906 0.812500 0.878906 0.804688 0.882812 0.800781 0.882812 0.792969 0.886719 0.789062 0.886719 0.781250 0.890625 0.777344 0.890625 0.757812 0.894531 0.753906 0.894531 0.746094 0.898438 0.742188 0.898438 0.730469 0.902344 0.726562 0.902344 0.707031 0.906250 0.703125 0.906250 0.691406 0.910156 0.687500 0.910156 0.660156 0.914062 0.656250 0.914062 0.648438 0.917969 0.644531 0.917969 0.578125 0.914062 0.574219 0.914062 0.558594
4 0.402344 0.550781 0.402344 0.574219 0.398438 0.578125 0.398438 0.585938 0.394531 0.589844 0.394531 0.605469 0.390625 0.609375 0.390625 0.640625 0.386719 0.644531 0.386719 0.648438 0.382812 0.652344 0.382812 0.664062 0.378906 0.667969 0.378906 0.679688 0.386719 0.679688 0.386719 0.667969 0.394531 0.660156 0.394531 0.632812 0.398438 0.628906 0.398438 0.621094 0.402344 0.617188 0.406250 0.617188 0.406250 0.562500 0.410156 0.558594 0.410156 0.550781
4 0.582031 0.546875 0.578125 0.550781 0.531250 0.550781 0.531250 0.562500 0.539062 0.570312 0.539062 0.574219 0.542969 0.578125 0.574219 0.578125 0.582031 0.585938 0.585938 0.585938 0.589844 0.589844 0.589844 0.597656 0.597656 0.597656 0.597656 0.578125 0.601562 0.574219 0.605469 0.574219 0.605469 0.566406 0.593750 0.566406 0.589844 0.562500 0.589844 0.546875
4 0.347656 0.539062 0.347656 0.542969 0.343750 0.546875 0.343750 0.550781 0.335938 0.558594 0.332031 0.558594 0.332031 0.562500 0.328125 0.566406 0.320312 0.566406 0.320312 0.578125 0.316406 0.582031 0.316406 0.605469 0.312500 0.609375 0.312500 0.628906 0.304688 0.636719 0.300781 0.636719 0.296875 0.640625 0.296875 0.652344 0.292969 0.656250 0.289062 0.656250 0.285156 0.660156 0.265625 0.660156 0.261719 0.664062 0.261719 0.675781 0.277344 0.675781 0.281250 0.679688 0.289062 0.679688 0.292969 0.683594 0.292969 0.703125 0.289062 0.707031 0.289062 0.714844 0.324219 0.714844 0.324219 0.695312 0.339844 0.679688 0.339844 0.671875 0.332031 0.664062 0.332031 0.648438 0.335938 0.644531 0.335938 0.632812 0.339844 0.628906 0.339844 0.625000 0.343750 0.621094 0.343750 0.609375 0.347656 0.605469 0.347656 0.597656 0.351562 0.593750 0.351562 0.585938 0.355469 0.582031 0.355469 0.558594 0.359375 0.554688 0.359375 0.539062
4 0.683594 0.503906 0.683594 0.511719 0.679688 0.515625 0.675781 0.515625 0.675781 0.531250 0.671875 0.535156 0.667969 0.535156 0.667969 0.542969 0.675781 0.542969 0.675781 0.535156 0.679688 0.531250 0.683594 0.531250 0.687500 0.527344 0.691406 0.527344 0.691406 0.515625 0.695312 0.511719 0.695312 0.503906
4 0.792969 0.484375 0.792969 0.511719 0.789062 0.515625 0.789062 0.523438 0.792969 0.523438 0.796875 0.527344 0.804688 0.527344 0.808594 0.531250 0.816406 0.531250 0.824219 0.523438 0.828125 0.523438 0.828125 0.507812 0.824219 0.503906 0.824219 0.496094 0.820312 0.492188 0.820312 0.488281 0.804688 0.488281 0.800781 0.484375
4 0.242188 0.480469 0.238281 0.484375 0.238281 0.492188 0.242188 0.496094 0.242188 0.503906 0.250000 0.503906 0.250000 0.480469
4 0.652344 0.460938 0.652344 0.468750 0.656250 0.468750 0.660156 0.472656 0.660156 0.488281 0.667969 0.488281 0.667969 0.464844 0.664062 0.464844 0.660156 0.460938
4 0.042969 0.457031 0.042969 0.464844 0.046875 0.468750 0.046875 0.476562 0.054688 0.484375 0.054688 0.492188 0.058594 0.496094 0.058594 0.500000 0.062500 0.503906 0.062500 0.511719 0.066406 0.515625 0.066406 0.519531 0.074219 0.519531 0.074219 0.511719 0.070312 0.507812 0.070312 0.472656 0.066406 0.468750 0.066406 0.460938 0.058594 0.460938 0.054688 0.457031
4 0.015625 0.390625 0.015625 0.402344 0.027344 0.402344 0.027344 0.394531 0.023438 0.390625
4 0.335938 0.347656 0.335938 0.378906 0.343750 0.386719 0.351562 0.386719 0.355469 0.382812 0.355469 0.378906 0.359375 0.375000 0.363281 0.375000 0.363281 0.371094 0.371094 0.363281 0.371094 0.355469 0.347656 0.355469 0.343750 0.351562 0.343750 0.347656
4 0.019531 0.347656 0.019531 0.355469 0.023438 0.359375 0.031250 0.359375 0.031250 0.347656
4 0.738281 0.343750 0.734375 0.347656 0.734375 0.367188 0.738281 0.371094 0.746094 0.371094 0.746094 0.367188 0.753906 0.359375 0.757812 0.359375 0.761719 0.355469 0.769531 0.355469 0.773438 0.351562 0.785156 0.351562 0.785156 0.343750 0.777344 0.343750 0.773438 0.347656 0.750000 0.347656 0.746094 0.343750
4 0.843750 0.308594 0.839844 0.312500 0.824219 0.312500 0.824219 0.320312 0.820312 0.324219 0.808594 0.324219 0.800781 0.332031 0.800781 0.339844 0.812500 0.339844 0.816406 0.343750 0.828125 0.343750 0.828125 0.339844 0.832031 0.335938 0.832031 0.328125 0.843750 0.316406 0.855469 0.316406 0.855469 0.308594
4 0.355469 0.308594 0.355469 0.320312 0.367188 0.320312 0.367188 0.308594
4 0.234375 0.296875 0.234375 0.316406 0.230469 0.320312 0.226562 0.320312 0.226562 0.332031 0.222656 0.335938 0.218750 0.335938 0.214844 0.339844 0.210938 0.339844 0.207031 0.343750 0.207031 0.355469 0.226562 0.355469 0.230469 0.359375 0.238281 0.359375 0.242188 0.363281 0.242188 0.378906 0.265625 0.378906 0.269531 0.382812 0.269531 0.406250 0.265625 0.410156 0.230469 0.410156 0.230469 0.417969 0.234375 0.421875 0.234375 0.441406 0.230469 0.445312 0.230469 0.457031 0.238281 0.457031 0.238281 0.453125 0.242188 0.449219 0.246094 0.449219 0.250000 0.445312 0.261719 0.445312 0.261719 0.433594 0.265625 0.429688 0.285156 0.429688 0.285156 0.417969 0.281250 0.414062 0.281250 0.406250 0.277344 0.402344 0.277344 0.382812 0.285156 0.375000 0.285156 0.359375 0.289062 0.355469 0.292969 0.355469 0.292969 0.328125 0.289062 0.324219 0.289062 0.320312 0.281250 0.320312 0.281250 0.328125 0.277344 0.332031 0.261719 0.332031 0.257812 0.328125 0.257812 0.324219 0.253906 0.320312 0.246094 0.320312 0.242188 0.316406 0.242188 0.296875
4 0.375000 0.250000 0.375000 0.261719 0.378906 0.265625 0.378906 0.289062 0.390625 0.289062 0.390625 0.281250 0.394531 0.277344 0.394531 0.265625 0.390625 0.261719 0.386719 0.261719 0.382812 0.257812 0.382812 0.250000
4 0.308594 0.140625 0.304688 0.144531 0.285156 0.144531 0.281250 0.148438 0.207031 0.148438 0.203125 0.152344 0.203125 0.160156 0.234375 0.160156 0.238281 0.164062 0.250000 0.164062 0.257812 0.156250 0.292969 0.156250 0.296875 0.152344 0.312500 0.152344 0.316406 0.148438 0.316406 0.140625
4 0.832031 0.109375 0.832031 0.113281 0.828125 0.117188 0.808594 0.117188 0.808594 0.152344 0.824219 0.167969 0.824219 0.175781 0.828125 0.179688 0.839844 0.179688 0.839844 0.160156 0.832031 0.152344 0.832031 0.148438 0.828125 0.148438 0.820312 0.140625 0.820312 0.121094 0.824219 0.117188 0.839844 0.117188 0.839844 0.109375
