4 0.367188 0.632812 0.367188 0.648438 0.382812 0.648438 0.386719 0.644531 0.386719 0.632812
4 0.406250 0.585938 0.406250 0.593750 0.414062 0.593750 0.414062 0.585938
4 0.324219 0.535156 0.320312 0.539062 0.304688 0.539062 0.304688 0.550781 0.308594 0.550781 0.312500 0.554688 0.312500 0.570312 0.316406 0.570312 0.320312 0.574219 0.328125 0.574219 0.328125 0.570312 0.335938 0.562500 0.335938 0.539062 0.332031 0.535156
4 0.558594 0.500000 0.558594 0.507812 0.582031 0.507812 0.585938 0.511719 0.585938 0.519531 0.609375 0.519531 0.617188 0.511719 0.621094 0.511719 0.625000 0.507812 0.625000 0.500000 0.613281 0.500000 0.605469 0.507812 0.570312 0.507812 0.566406 0.503906 0.566406 0.500000
4 0.738281 0.488281 0.738281 0.492188 0.734375 0.496094 0.726562 0.496094 0.726562 0.503906 0.722656 0.507812 0.722656 0.515625 0.726562 0.515625 0.730469 0.519531 0.730469 0.523438 0.734375 0.527344 0.734375 0.535156 0.750000 0.535156 0.757812 0.527344 0.765625 0.527344 0.773438 0.519531 0.773438 0.515625 0.777344 0.511719 0.792969 0.511719 0.796875 0.507812 0.800781 0.507812 0.800781 0.500000 0.796875 0.500000 0.792969 0.496094 0.792969 0.492188 0.781250 0.492188 0.777344 0.496094 0.757812 0.496094 0.753906 0.492188 0.753906 0.488281
4 0.664062 0.464844 0.664062 0.484375 0.660156 0.488281 0.644531 0.488281 0.640625 0.484375 0.640625 0.472656 0.632812 0.472656 0.632812 0.496094 0.664062 0.496094 0.667969 0.500000 0.667969 0.507812 0.675781 0.515625 0.675781 0.519531 0.683594 0.519531 0.687500 0.515625 0.687500 0.511719 0.699219 0.500000 0.703125 0.500000 0.703125 0.492188 0.683594 0.492188 0.679688 0.488281 0.679688 0.468750 0.675781 0.468750 0.671875 0.464844
4 0.226562 0.437500 0.218750 0.445312 0.218750 0.457031 0.222656 0.457031 0.234375 0.468750 0.242188 0.468750 0.246094 0.464844 0.265625 0.464844 0.265625 0.449219 0.250000 0.449219 0.246094 0.445312 0.246094 0.441406 0.242188 0.437500
4 0.792969 0.371094 0.792969 0.375000 0.781250 0.386719 0.781250 0.390625 0.761719 0.410156 0.761719 0.425781 0.769531 0.425781 0.769531 0.421875 0.773438 0.417969 0.781250 0.417969 0.781250 0.410156 0.789062 0.402344 0.792969 0.402344 0.800781 0.394531 0.800781 0.371094
4 0.125000 0.332031 0.125000 0.347656 0.128906 0.351562 0.160156 0.351562 0.167969 0.359375 0.167969 0.363281 0.179688 0.363281 0.179688 0.359375 0.183594 0.355469 0.183594 0.351562 0.187500 0.347656 0.203125 0.347656 0.207031 0.351562 0.214844 0.351562 0.214844 0.339844 0.199219 0.339844 0.195312 0.335938 0.175781 0.335938 0.171875 0.339844 0.156250 0.339844 0.152344 0.335938 0.136719 0.335938 0.132812 0.332031
4 0.484375 0.281250 0.484375 0.289062 0.488281 0.289062 0.492188 0.292969 0.492188 0.320312 0.496094 0.324219 0.496094 0.339844 0.492188 0.343750 0.492188 0.390625 0.496094 0.394531 0.496094 0.417969 0.500000 0.421875 0.500000 0.437500 0.507812 0.437500 0.511719 0.441406 0.511719 0.488281 0.515625 0.492188 0.515625 0.519531 0.511719 0.523438 0.500000 0.523438 0.500000 0.531250 0.503906 0.535156 0.503906 0.570312 0.507812 0.574219 0.507812 0.585938 0.511719 0.589844 0.511719 0.593750 0.519531 0.593750 0.523438 0.597656 0.523438 0.613281 0.515625 0.621094 0.507812 0.621094 0.507812 0.632812 0.503906 0.636719 0.496094 0.636719 0.492188 0.640625 0.472656 0.640625 0.468750 0.644531 0.460938 0.644531 0.457031 0.648438 0.453125 0.648438 0.453125 0.671875 0.449219 0.675781 0.445312 0.675781 0.437500 0.683594 0.433594 0.683594 0.429688 0.687500 0.429688 0.695312 0.437500 0.695312 0.441406 0.691406 0.457031 0.691406 0.464844 0.699219 0.464844 0.714844 0.460938 0.718750 0.441406 0.718750 0.441406 0.722656 0.437500 0.726562 0.421875 0.726562 0.417969 0.722656 0.414062 0.722656 0.410156 0.718750 0.410156 0.714844 0.406250 0.714844 0.394531 0.703125 0.394531 0.699219 0.367188 0.699219 0.363281 0.695312 0.363281 0.671875 0.359375 0.667969 0.359375 0.660156 0.351562 0.660156 0.347656 0.664062 0.308594 0.664062 0.308594 0.671875 0.316406 0.679688 0.320312 0.679688 0.324219 0.683594 0.324219 0.707031 0.328125 0.710938 0.343750 0.710938 0.347656 0.714844 0.347656 0.718750 0.371094 0.718750 0.375000 0.722656 0.375000 0.726562 0.394531 0.726562 0.398438 0.730469 0.433594 0.730469 0.441406 0.738281 0.445312 0.738281 0.464844 0.757812 0.464844 0.789062 0.472656 0.789062 0.476562 0.785156 0.496094 0.785156 0.500000 0.781250 0.503906 0.781250 0.503906 0.777344 0.507812 0.773438 0.507812 0.765625 0.511719 0.761719 0.523438 0.761719 0.523438 0.757812 0.527344 0.753906 0.527344 0.750000 0.535156 0.742188 0.535156 0.734375 0.539062 0.730469 0.546875 0.730469 0.550781 0.726562 0.550781 0.707031 0.554688 0.703125 0.554688 0.687500 0.562500 0.679688 0.578125 0.679688 0.582031 0.683594 0.582031 0.699219 0.589844 0.699219 0.593750 0.695312 0.601562 0.695312 0.609375 0.687500 0.632812 0.687500 0.648438 0.671875 0.660156 0.671875 0.660156 0.667969 0.664062 0.664062 0.679688 0.664062 0.679688 0.656250 0.667969 0.656250 0.667969 0.660156 0.664062 0.664062 0.644531 0.664062 0.640625 0.667969 0.621094 0.667969 0.617188 0.664062 0.617188 0.656250 0.613281 0.652344 0.613281 0.648438 0.609375 0.648438 0.605469 0.644531 0.605469 0.640625 0.566406 0.640625 0.562500 0.636719 0.562500 0.621094 0.566406 0.617188 0.570312 0.617188 0.570312 0.605469 0.566406 0.601562 0.558594 0.601562 0.554688 0.597656 0.554688 0.593750 0.539062 0.593750 0.535156 0.589844 0.535156 0.582031 0.531250 0.578125 0.531250 0.554688 0.535156 0.550781 0.554688 0.550781 0.554688 0.539062 0.550781 0.539062 0.539062 0.527344 0.539062 0.519531 0.535156 0.515625 0.535156 0.398438 0.531250 0.398438 0.527344 0.394531 0.527344 0.390625 0.523438 0.386719 0.523438 0.363281 0.527344 0.359375 0.527344 0.351562 0.523438 0.347656 0.523438 0.339844 0.519531 0.335938 0.519531 0.316406 0.515625 0.312500 0.515625 0.292969 0.511719 0.289062 0.496094 0.289062 0.492188 0.285156 0.492188 0.281250
4 0.890625 0.257812 0.890625 0.269531 0.902344 0.281250 0.910156 0.281250 0.910156 0.273438 0.906250 0.269531 0.906250 0.257812
4 0.187500 0.164062 0.183594 0.167969 0.175781 0.167969 0.171875 0.171875 0.171875 0.183594 0.175781 0.183594 0.179688 0.187500 0.195312 0.187500 0.195312 0.183594 0.203125 0.175781 0.203125 0.167969 0.199219 0.164062
4 0.445312 0.050781 0.445312 0.054688 0.441406 0.058594 0.437500 0.058594 0.425781 0.070312 0.414062 0.070312 0.410156 0.074219 0.406250 0.074219 0.406250 0.085938 0.402344 0.089844 0.398438 0.089844 0.394531 0.093750 0.367188 0.093750 0.367188 0.105469 0.375000 0.105469 0.378906 0.101562 0.394531 0.101562 0.398438 0.105469 0.402344 0.105469 0.406250 0.109375 0.406250 0.113281 0.414062 0.113281 0.417969 0.109375 0.421875 0.109375 0.421875 0.082031 0.425781 0.078125 0.437500 0.078125 0.449219 0.066406 0.453125 0.066406 0.457031 0.062500 0.472656 0.062500 0.472656 0.050781
