4 0.519531 0.828125 0.515625 0.832031 0.511719 0.832031 0.511719 0.843750 0.507812 0.847656 0.507812 0.855469 0.496094 0.867188 0.492188 0.867188 0.488281 0.871094 0.488281 0.878906 0.507812 0.878906 0.507812 0.871094 0.511719 0.867188 0.511719 0.863281 0.515625 0.859375 0.531250 0.859375 0.531250 0.851562 0.527344 0.847656 0.527344 0.828125
4 0.667969 0.792969 0.667969 0.796875 0.660156 0.804688 0.644531 0.804688 0.640625 0.808594 0.621094 0.808594 0.617188 0.804688 0.605469 0.804688 0.605469 0.816406 0.609375 0.820312 0.617188 0.820312 0.625000 0.828125 0.640625 0.828125 0.644531 0.824219 0.652344 0.824219 0.656250 0.820312 0.660156 0.820312 0.667969 0.812500 0.671875 0.812500 0.671875 0.808594 0.675781 0.804688 0.679688 0.804688 0.679688 0.792969
4 0.707031 0.742188 0.707031 0.750000 0.703125 0.753906 0.695312 0.753906 0.695312 0.757812 0.691406 0.761719 0.691406 0.773438 0.699219 0.773438 0.703125 0.769531 0.714844 0.769531 0.718750 0.765625 0.722656 0.765625 0.726562 0.761719 0.734375 0.761719 0.734375 0.757812 0.738281 0.753906 0.738281 0.742188
4 0.238281 0.718750 0.238281 0.753906 0.234375 0.757812 0.234375 0.777344 0.242188 0.777344 0.246094 0.773438 0.246094 0.769531 0.250000 0.765625 0.250000 0.750000 0.253906 0.746094 0.253906 0.726562 0.250000 0.722656 0.250000 0.718750
4 0.449219 0.714844 0.445312 0.718750 0.441406 0.718750 0.441406 0.734375 0.437500 0.738281 0.417969 0.738281 0.417969 0.742188 0.414062 0.746094 0.414062 0.750000 0.410156 0.753906 0.410156 0.773438 0.406250 0.777344 0.406250 0.808594 0.410156 0.812500 0.421875 0.812500 0.421875 0.800781 0.425781 0.796875 0.429688 0.796875 0.429688 0.785156 0.437500 0.777344 0.441406 0.777344 0.441406 0.757812 0.445312 0.753906 0.449219 0.753906 0.449219 0.742188 0.453125 0.738281 0.457031 0.738281 0.457031 0.714844
4 0.218750 0.703125 0.218750 0.714844 0.230469 0.714844 0.230469 0.703125
4 0.449219 0.664062 0.449219 0.675781 0.457031 0.675781 0.457031 0.664062
4 0.511719 0.628906 0.507812 0.632812 0.507812 0.644531 0.503906 0.648438 0.503906 0.664062 0.511719 0.671875 0.511719 0.675781 0.519531 0.675781 0.523438 0.679688 0.523438 0.691406 0.542969 0.691406 0.542969 0.687500 0.546875 0.683594 0.546875 0.671875 0.542969 0.671875 0.539062 0.667969 0.539062 0.652344 0.546875 0.644531 0.554688 0.644531 0.554688 0.636719 0.550781 0.632812 0.550781 0.628906
4 0.671875 0.621094 0.671875 0.628906 0.664062 0.636719 0.664062 0.648438 0.675781 0.648438 0.675781 0.644531 0.679688 0.640625 0.679688 0.621094
4 0.687500 0.562500 0.687500 0.585938 0.691406 0.589844 0.691406 0.593750 0.699219 0.593750 0.703125 0.589844 0.710938 0.589844 0.714844 0.585938 0.738281 0.585938 0.742188 0.582031 0.742188 0.566406 0.738281 0.566406 0.734375 0.562500 0.726562 0.562500 0.718750 0.570312 0.703125 0.570312 0.695312 0.562500
4 0.187500 0.562500 0.183594 0.566406 0.160156 0.566406 0.160156 0.609375 0.175781 0.609375 0.175781 0.601562 0.179688 0.597656 0.179688 0.585938 0.183594 0.582031 0.203125 0.582031 0.203125 0.574219 0.199219 0.574219 0.195312 0.570312 0.195312 0.562500
4 0.320312 0.468750 0.320312 0.480469 0.312500 0.488281 0.312500 0.503906 0.304688 0.511719 0.289062 0.511719 0.289062 0.519531 0.292969 0.523438 0.324219 0.523438 0.324219 0.519531 0.328125 0.515625 0.328125 0.500000 0.332031 0.496094 0.351562 0.496094 0.355469 0.500000 0.355469 0.507812 0.367188 0.507812 0.371094 0.503906 0.398438 0.503906 0.402344 0.507812 0.414062 0.507812 0.417969 0.503906 0.433594 0.503906 0.433594 0.500000 0.437500 0.496094 0.441406 0.496094 0.441406 0.492188 0.445312 0.488281 0.445312 0.476562 0.437500 0.476562 0.429688 0.484375 0.429688 0.488281 0.425781 0.492188 0.367188 0.492188 0.363281 0.488281 0.363281 0.484375 0.359375 0.480469 0.359375 0.476562 0.355469 0.476562 0.351562 0.472656 0.339844 0.472656 0.335938 0.468750
4 0.464844 0.445312 0.460938 0.449219 0.460938 0.468750 0.480469 0.468750 0.484375 0.472656 0.484375 0.476562 0.511719 0.476562 0.511719 0.468750 0.503906 0.460938 0.484375 0.460938 0.480469 0.457031 0.476562 0.457031 0.472656 0.453125 0.472656 0.445312
4 0.910156 0.437500 0.902344 0.445312 0.890625 0.445312 0.890625 0.464844 0.898438 0.464844 0.902344 0.468750 0.902344 0.472656 0.906250 0.476562 0.917969 0.476562 0.921875 0.480469 0.921875 0.484375 0.925781 0.484375 0.929688 0.488281 0.929688 0.492188 0.937500 0.492188 0.937500 0.484375 0.945312 0.476562 0.949219 0.476562 0.949219 0.464844 0.945312 0.460938 0.921875 0.460938 0.917969 0.457031 0.917969 0.437500
4 0.402344 0.410156 0.402344 0.421875 0.417969 0.421875 0.417969 0.414062 0.414062 0.410156
4 0.386719 0.398438 0.386719 0.406250 0.394531 0.406250 0.394531 0.398438
4 0.347656 0.359375 0.347656 0.367188 0.343750 0.371094 0.343750 0.382812 0.347656 0.386719 0.347656 0.390625 0.363281 0.390625 0.367188 0.386719 0.371094 0.386719 0.371094 0.375000 0.367188 0.371094 0.367188 0.359375
4 0.605469 0.347656 0.605469 0.363281 0.613281 0.363281 0.617188 0.367188 0.617188 0.398438 0.609375 0.406250 0.605469 0.406250 0.605469 0.410156 0.601562 0.414062 0.597656 0.414062 0.593750 0.417969 0.593750 0.453125 0.585938 0.460938 0.585938 0.464844 0.582031 0.468750 0.574219 0.468750 0.570312 0.472656 0.542969 0.472656 0.542969 0.480469 0.546875 0.480469 0.550781 0.484375 0.566406 0.484375 0.570312 0.480469 0.589844 0.480469 0.593750 0.476562 0.695312 0.476562 0.699219 0.472656 0.730469 0.472656 0.734375 0.468750 0.734375 0.460938 0.714844 0.460938 0.710938 0.457031 0.710938 0.441406 0.703125 0.433594 0.703125 0.429688 0.691406 0.417969 0.683594 0.417969 0.683594 0.429688 0.687500 0.429688 0.691406 0.433594 0.691406 0.449219 0.687500 0.453125 0.683594 0.453125 0.683594 0.457031 0.679688 0.460938 0.628906 0.460938 0.625000 0.457031 0.625000 0.421875 0.628906 0.417969 0.652344 0.417969 0.652344 0.406250 0.656250 0.402344 0.675781 0.402344 0.675781 0.394531 0.671875 0.390625 0.671875 0.375000 0.664062 0.375000 0.660156 0.378906 0.640625 0.378906 0.636719 0.375000 0.636719 0.351562 0.621094 0.351562 0.617188 0.347656
