4 0.347656 0.964844 0.347656 0.972656 0.359375 0.972656 0.359375 0.964844
4 0.707031 0.855469 0.703125 0.859375 0.703125 0.867188 0.718750 0.867188 0.718750 0.855469
4 0.363281 0.828125 0.363281 0.835938 0.359375 0.839844 0.359375 0.843750 0.355469 0.847656 0.355469 0.863281 0.351562 0.867188 0.332031 0.867188 0.332031 0.875000 0.335938 0.875000 0.339844 0.878906 0.339844 0.882812 0.343750 0.886719 0.343750 0.914062 0.339844 0.917969 0.339844 0.929688 0.335938 0.933594 0.316406 0.933594 0.316406 0.949219 0.328125 0.949219 0.328125 0.937500 0.332031 0.933594 0.347656 0.933594 0.351562 0.929688 0.355469 0.929688 0.355469 0.914062 0.359375 0.910156 0.375000 0.910156 0.375000 0.902344 0.378906 0.898438 0.382812 0.898438 0.386719 0.894531 0.386719 0.871094 0.367188 0.871094 0.363281 0.867188 0.363281 0.851562 0.367188 0.847656 0.367188 0.839844 0.371094 0.835938 0.371094 0.828125
4 0.609375 0.796875 0.609375 0.816406 0.605469 0.820312 0.589844 0.820312 0.589844 0.828125 0.601562 0.828125 0.605469 0.832031 0.605469 0.847656 0.601562 0.851562 0.597656 0.851562 0.597656 0.859375 0.605469 0.859375 0.605469 0.839844 0.609375 0.835938 0.617188 0.835938 0.617188 0.828125 0.613281 0.824219 0.613281 0.808594 0.617188 0.804688 0.617188 0.796875
4 0.531250 0.796875 0.523438 0.804688 0.523438 0.820312 0.531250 0.820312 0.535156 0.824219 0.535156 0.843750 0.531250 0.847656 0.531250 0.871094 0.523438 0.878906 0.519531 0.878906 0.519531 0.890625 0.527344 0.898438 0.527344 0.925781 0.539062 0.925781 0.542969 0.929688 0.542969 0.933594 0.546875 0.937500 0.546875 0.964844 0.535156 0.976562 0.535156 0.996094 0.605469 0.996094 0.605469 0.984375 0.593750 0.984375 0.589844 0.980469 0.589844 0.960938 0.593750 0.957031 0.605469 0.957031 0.605469 0.933594 0.601562 0.929688 0.601562 0.914062 0.582031 0.914062 0.578125 0.910156 0.558594 0.910156 0.554688 0.906250 0.554688 0.898438 0.550781 0.894531 0.550781 0.871094 0.554688 0.867188 0.570312 0.867188 0.570312 0.859375 0.566406 0.859375 0.562500 0.855469 0.562500 0.843750 0.558594 0.839844 0.558594 0.835938 0.550781 0.835938 0.546875 0.832031 0.546875 0.796875
4 0.722656 0.761719 0.722656 0.765625 0.718750 0.769531 0.714844 0.769531 0.714844 0.796875 0.710938 0.800781 0.707031 0.800781 0.707031 0.820312 0.722656 0.820312 0.726562 0.824219 0.726562 0.847656 0.734375 0.847656 0.738281 0.843750 0.753906 0.843750 0.757812 0.847656 0.757812 0.851562 0.761719 0.855469 0.761719 0.859375 0.769531 0.859375 0.773438 0.855469 0.773438 0.847656 0.769531 0.843750 0.769531 0.824219 0.746094 0.824219 0.742188 0.820312 0.722656 0.820312 0.718750 0.816406 0.718750 0.792969 0.722656 0.789062 0.753906 0.789062 0.753906 0.781250 0.750000 0.777344 0.738281 0.777344 0.734375 0.773438 0.734375 0.761719
4 0.644531 0.722656 0.640625 0.726562 0.632812 0.726562 0.632812 0.750000 0.628906 0.753906 0.609375 0.753906 0.609375 0.765625 0.625000 0.765625 0.628906 0.769531 0.628906 0.785156 0.644531 0.785156 0.648438 0.781250 0.648438 0.773438 0.644531 0.769531 0.644531 0.742188 0.648438 0.738281 0.664062 0.738281 0.664062 0.722656
4 0.476562 0.683594 0.468750 0.691406 0.464844 0.691406 0.460938 0.695312 0.449219 0.695312 0.449219 0.718750 0.445312 0.722656 0.433594 0.722656 0.433594 0.742188 0.429688 0.746094 0.421875 0.746094 0.417969 0.750000 0.398438 0.750000 0.394531 0.746094 0.386719 0.746094 0.386719 0.753906 0.382812 0.757812 0.382812 0.765625 0.406250 0.765625 0.406250 0.757812 0.410156 0.753906 0.433594 0.753906 0.437500 0.757812 0.437500 0.781250 0.433594 0.785156 0.433594 0.789062 0.429688 0.792969 0.425781 0.792969 0.425781 0.824219 0.421875 0.828125 0.406250 0.828125 0.406250 0.835938 0.410156 0.835938 0.414062 0.839844 0.433594 0.839844 0.437500 0.843750 0.437500 0.878906 0.449219 0.878906 0.449219 0.855469 0.457031 0.847656 0.457031 0.835938 0.453125 0.832031 0.453125 0.816406 0.457031 0.812500 0.460938 0.812500 0.460938 0.773438 0.464844 0.769531 0.468750 0.769531 0.476562 0.761719 0.480469 0.761719 0.484375 0.757812 0.488281 0.757812 0.488281 0.750000 0.492188 0.746094 0.492188 0.738281 0.496094 0.734375 0.496094 0.726562 0.492188 0.726562 0.488281 0.722656 0.488281 0.687500 0.484375 0.683594
4 0.394531 0.667969 0.394531 0.687500 0.390625 0.691406 0.390625 0.695312 0.378906 0.707031 0.378906 0.710938 0.375000 0.714844 0.375000 0.722656 0.394531 0.722656 0.394531 0.714844 0.398438 0.710938 0.402344 0.710938 0.402344 0.703125 0.406250 0.699219 0.410156 0.699219 0.410156 0.687500 0.402344 0.679688 0.402344 0.667969
4 0.445312 0.636719 0.445312 0.648438 0.457031 0.648438 0.457031 0.636719
4 0.792969 0.621094 0.792969 0.628906 0.800781 0.628906 0.800781 0.621094
4 0.460938 0.574219 0.457031 0.578125 0.453125 0.578125 0.453125 0.585938 0.472656 0.585938 0.472656 0.574219
4 0.648438 0.554688 0.648438 0.558594 0.644531 0.562500 0.644531 0.574219 0.660156 0.574219 0.660156 0.554688
4 0.816406 0.535156 0.816406 0.554688 0.812500 0.558594 0.812500 0.562500 0.808594 0.566406 0.789062 0.566406 0.785156 0.570312 0.781250 0.570312 0.781250 0.578125 0.789062 0.585938 0.796875 0.585938 0.796875 0.578125 0.800781 0.574219 0.816406 0.574219 0.820312 0.570312 0.828125 0.570312 0.832031 0.566406 0.832031 0.558594 0.828125 0.554688 0.828125 0.550781 0.824219 0.546875 0.824219 0.535156
4 0.667969 0.507812 0.667969 0.519531 0.675781 0.519531 0.679688 0.523438 0.679688 0.546875 0.683594 0.550781 0.683594 0.558594 0.703125 0.558594 0.707031 0.562500 0.707031 0.585938 0.718750 0.585938 0.718750 0.574219 0.710938 0.574219 0.707031 0.570312 0.707031 0.546875 0.703125 0.542969 0.703125 0.535156 0.699219 0.535156 0.695312 0.531250 0.683594 0.531250 0.679688 0.527344 0.679688 0.511719 0.675781 0.507812
4 0.449219 0.503906 0.445312 0.507812 0.441406 0.507812 0.441406 0.519531 0.449219 0.527344 0.464844 0.527344 0.464844 0.519531 0.460938 0.515625 0.460938 0.511719 0.457031 0.507812 0.457031 0.503906
4 0.289062 0.429688 0.289062 0.441406 0.296875 0.449219 0.296875 0.519531 0.304688 0.519531 0.304688 0.472656 0.308594 0.468750 0.312500 0.468750 0.312500 0.449219 0.308594 0.445312 0.308594 0.437500 0.304688 0.433594 0.300781 0.433594 0.296875 0.429688
4 0.441406 0.378906 0.437500 0.382812 0.437500 0.390625 0.445312 0.398438 0.445312 0.421875 0.460938 0.421875 0.460938 0.410156 0.464844 0.406250 0.488281 0.406250 0.492188 0.402344 0.492188 0.394531 0.488281 0.394531 0.484375 0.390625 0.484375 0.382812 0.453125 0.382812 0.449219 0.378906
4 0.242188 0.156250 0.238281 0.160156 0.234375 0.160156 0.234375 0.195312 0.242188 0.195312 0.246094 0.199219 0.246094 0.210938 0.250000 0.214844 0.250000 0.218750 0.269531 0.218750 0.273438 0.222656 0.281250 0.222656 0.281250 0.218750 0.285156 0.214844 0.292969 0.214844 0.292969 0.207031 0.296875 0.203125 0.296875 0.191406 0.289062 0.191406 0.285156 0.195312 0.285156 0.199219 0.281250 0.203125 0.261719 0.203125 0.257812 0.199219 0.257812 0.179688 0.253906 0.175781 0.253906 0.160156 0.250000 0.156250
4 0.687500 0.144531 0.683594 0.148438 0.679688 0.148438 0.679688 0.156250 0.675781 0.160156 0.671875 0.160156 0.671875 0.164062 0.667969 0.167969 0.656250 0.167969 0.656250 0.195312 0.652344 0.199219 0.652344 0.210938 0.648438 0.214844 0.644531 0.214844 0.644531 0.230469 0.652344 0.230469 0.652344 0.210938 0.656250 0.207031 0.660156 0.207031 0.660156 0.199219 0.664062 0.195312 0.664062 0.191406 0.667969 0.187500 0.679688 0.187500 0.679688 0.175781 0.683594 0.171875 0.687500 0.171875 0.687500 0.167969 0.691406 0.164062 0.695312 0.164062 0.695312 0.144531
4 0.363281 0.097656 0.363281 0.105469 0.355469 0.113281 0.351562 0.113281 0.351562 0.128906 0.359375 0.128906 0.367188 0.136719 0.375000 0.136719 0.378906 0.132812 0.378906 0.113281 0.382812 0.109375 0.382812 0.101562 0.375000 0.101562 0.371094 0.097656
4 0.343750 0.070312 0.343750 0.082031 0.351562 0.082031 0.351562 0.070312
4 0.398438 0.042969 0.398438 0.050781 0.406250 0.050781 0.406250 0.042969
