4 0.527344 0.992188 0.527344 0.996094 0.535156 0.996094 0.535156 0.992188
4 0.117188 0.960938 0.117188 0.980469 0.113281 0.984375 0.113281 0.996094 0.125000 0.996094 0.125000 0.976562 0.128906 0.972656 0.128906 0.960938
4 0.449219 0.917969 0.445312 0.921875 0.445312 0.929688 0.460938 0.929688 0.464844 0.933594 0.464844 0.949219 0.468750 0.953125 0.468750 0.968750 0.472656 0.968750 0.476562 0.972656 0.476562 0.988281 0.472656 0.992188 0.468750 0.992188 0.468750 0.996094 0.496094 0.996094 0.496094 0.988281 0.500000 0.984375 0.519531 0.984375 0.519531 0.976562 0.511719 0.968750 0.511719 0.941406 0.500000 0.941406 0.496094 0.937500 0.496094 0.933594 0.492188 0.929688 0.492188 0.921875 0.460938 0.921875 0.457031 0.917969
4 0.257812 0.914062 0.257812 0.917969 0.250000 0.925781 0.234375 0.925781 0.230469 0.921875 0.230469 0.917969 0.222656 0.917969 0.222656 0.921875 0.218750 0.925781 0.218750 0.937500 0.226562 0.945312 0.226562 0.949219 0.230469 0.953125 0.234375 0.953125 0.238281 0.957031 0.238281 0.964844 0.253906 0.964844 0.253906 0.949219 0.257812 0.945312 0.285156 0.945312 0.289062 0.949219 0.289062 0.960938 0.292969 0.964844 0.300781 0.964844 0.308594 0.972656 0.308594 0.980469 0.312500 0.980469 0.316406 0.984375 0.324219 0.984375 0.324219 0.976562 0.316406 0.968750 0.316406 0.953125 0.308594 0.953125 0.304688 0.949219 0.304688 0.945312 0.296875 0.945312 0.292969 0.941406 0.292969 0.917969 0.269531 0.917969 0.265625 0.914062
4 0.039062 0.910156 0.039062 0.917969 0.050781 0.929688 0.050781 0.933594 0.058594 0.933594 0.058594 0.917969 0.054688 0.917969 0.050781 0.914062 0.050781 0.910156
4 0.582031 0.890625 0.578125 0.894531 0.578125 0.914062 0.593750 0.914062 0.597656 0.917969 0.597656 0.941406 0.605469 0.941406 0.609375 0.945312 0.609375 0.968750 0.605469 0.972656 0.582031 0.972656 0.582031 0.980469 0.613281 0.980469 0.617188 0.984375 0.625000 0.984375 0.628906 0.980469 0.648438 0.980469 0.652344 0.976562 0.652344 0.964844 0.644531 0.964844 0.640625 0.968750 0.625000 0.968750 0.621094 0.964844 0.621094 0.949219 0.628906 0.941406 0.628906 0.933594 0.617188 0.933594 0.613281 0.929688 0.613281 0.910156 0.605469 0.902344 0.597656 0.902344 0.593750 0.898438 0.593750 0.894531 0.589844 0.890625
4 0.488281 0.886719 0.488281 0.898438 0.492188 0.898438 0.496094 0.902344 0.503906 0.902344 0.503906 0.886719
4 0.019531 0.886719 0.019531 0.894531 0.027344 0.894531 0.027344 0.886719
4 0.000000 0.867188 0.000000 0.882812 0.011719 0.882812 0.011719 0.875000 0.007812 0.875000 0.003906 0.871094 0.003906 0.867188
4 0.222656 0.832031 0.222656 0.843750 0.226562 0.843750 0.230469 0.847656 0.230469 0.851562 0.234375 0.855469 0.238281 0.855469 0.242188 0.859375 0.242188 0.886719 0.253906 0.886719 0.253906 0.878906 0.257812 0.875000 0.257812 0.867188 0.250000 0.859375 0.246094 0.859375 0.242188 0.855469 0.242188 0.847656 0.234375 0.839844 0.234375 0.832031
4 0.296875 0.816406 0.296875 0.824219 0.292969 0.828125 0.292969 0.843750 0.308594 0.859375 0.308594 0.863281 0.312500 0.867188 0.328125 0.867188 0.328125 0.828125 0.320312 0.828125 0.316406 0.824219 0.316406 0.820312 0.312500 0.816406
4 0.250000 0.726562 0.250000 0.746094 0.253906 0.746094 0.257812 0.750000 0.257812 0.773438 0.273438 0.773438 0.273438 0.765625 0.261719 0.765625 0.257812 0.761719 0.257812 0.726562
4 0.542969 0.679688 0.539062 0.683594 0.527344 0.683594 0.527344 0.691406 0.531250 0.695312 0.531250 0.703125 0.539062 0.703125 0.542969 0.707031 0.542969 0.726562 0.578125 0.726562 0.578125 0.703125 0.574219 0.703125 0.566406 0.695312 0.562500 0.695312 0.558594 0.691406 0.558594 0.687500 0.554688 0.687500 0.550781 0.683594 0.550781 0.679688
4 0.667969 0.628906 0.664062 0.632812 0.660156 0.632812 0.660156 0.640625 0.667969 0.648438 0.667969 0.667969 0.683594 0.667969 0.687500 0.664062 0.707031 0.664062 0.707031 0.652344 0.703125 0.648438 0.703125 0.644531 0.699219 0.644531 0.695312 0.640625 0.695312 0.628906
4 0.457031 0.625000 0.457031 0.636719 0.453125 0.640625 0.445312 0.640625 0.445312 0.644531 0.441406 0.648438 0.441406 0.660156 0.445312 0.660156 0.449219 0.664062 0.449219 0.683594 0.445312 0.687500 0.445312 0.714844 0.449219 0.718750 0.449219 0.773438 0.460938 0.785156 0.472656 0.785156 0.476562 0.789062 0.476562 0.808594 0.468750 0.816406 0.468750 0.824219 0.480469 0.824219 0.484375 0.820312 0.488281 0.820312 0.492188 0.816406 0.496094 0.816406 0.496094 0.796875 0.503906 0.789062 0.519531 0.789062 0.519531 0.781250 0.500000 0.781250 0.496094 0.777344 0.496094 0.765625 0.492188 0.761719 0.492188 0.757812 0.468750 0.757812 0.464844 0.753906 0.464844 0.726562 0.468750 0.722656 0.476562 0.722656 0.476562 0.707031 0.472656 0.703125 0.472656 0.687500 0.464844 0.687500 0.460938 0.683594 0.460938 0.675781 0.453125 0.675781 0.449219 0.671875 0.449219 0.656250 0.457031 0.648438 0.464844 0.648438 0.464844 0.640625 0.468750 0.636719 0.468750 0.625000
4 0.269531 0.621094 0.265625 0.625000 0.246094 0.625000 0.246094 0.644531 0.242188 0.648438 0.226562 0.648438 0.226562 0.675781 0.230469 0.679688 0.230469 0.695312 0.226562 0.699219 0.226562 0.707031 0.230469 0.707031 0.234375 0.710938 0.242188 0.710938 0.242188 0.707031 0.246094 0.703125 0.269531 0.703125 0.273438 0.699219 0.273438 0.679688 0.277344 0.675781 0.285156 0.675781 0.285156 0.664062 0.289062 0.660156 0.289062 0.652344 0.292969 0.648438 0.316406 0.648438 0.316406 0.640625 0.289062 0.640625 0.285156 0.636719 0.285156 0.632812 0.281250 0.632812 0.277344 0.628906 0.277344 0.621094
4 0.718750 0.597656 0.718750 0.621094 0.722656 0.625000 0.726562 0.625000 0.730469 0.628906 0.730469 0.640625 0.734375 0.640625 0.738281 0.644531 0.738281 0.648438 0.750000 0.648438 0.753906 0.644531 0.757812 0.644531 0.757812 0.632812 0.750000 0.632812 0.746094 0.628906 0.746094 0.621094 0.742188 0.617188 0.742188 0.613281 0.738281 0.613281 0.734375 0.609375 0.734375 0.601562 0.730469 0.601562 0.726562 0.597656
4 0.828125 0.539062 0.824219 0.542969 0.824219 0.578125 0.820312 0.582031 0.816406 0.582031 0.816406 0.585938 0.812500 0.589844 0.812500 0.597656 0.824219 0.597656 0.824219 0.574219 0.828125 0.570312 0.847656 0.570312 0.851562 0.566406 0.851562 0.558594 0.847656 0.558594 0.843750 0.554688 0.839844 0.554688 0.835938 0.550781 0.835938 0.539062
4 0.484375 0.523438 0.480469 0.527344 0.480469 0.542969 0.496094 0.542969 0.496094 0.523438
4 0.535156 0.476562 0.535156 0.480469 0.531250 0.484375 0.523438 0.484375 0.523438 0.496094 0.531250 0.496094 0.535156 0.500000 0.546875 0.500000 0.550781 0.503906 0.550781 0.511719 0.554688 0.515625 0.554688 0.523438 0.562500 0.523438 0.566406 0.527344 0.570312 0.527344 0.578125 0.535156 0.578125 0.542969 0.582031 0.546875 0.585938 0.546875 0.589844 0.550781 0.601562 0.550781 0.601562 0.539062 0.597656 0.539062 0.593750 0.535156 0.593750 0.503906 0.566406 0.503906 0.562500 0.500000 0.562500 0.496094 0.550781 0.496094 0.542969 0.488281 0.542969 0.476562
4 0.679688 0.472656 0.679688 0.480469 0.691406 0.480469 0.691406 0.472656
4 0.468750 0.449219 0.468750 0.457031 0.480469 0.457031 0.480469 0.449219
4 0.964844 0.414062 0.964844 0.449219 0.968750 0.453125 0.968750 0.464844 0.972656 0.468750 0.972656 0.484375 0.980469 0.484375 0.980469 0.414062
4 0.269531 0.410156 0.269531 0.425781 0.273438 0.425781 0.277344 0.429688 0.277344 0.460938 0.285156 0.460938 0.289062 0.464844 0.289062 0.488281 0.285156 0.492188 0.273438 0.492188 0.273438 0.515625 0.269531 0.519531 0.265625 0.519531 0.265625 0.535156 0.261719 0.539062 0.261719 0.546875 0.285156 0.546875 0.292969 0.554688 0.308594 0.554688 0.308594 0.542969 0.316406 0.535156 0.332031 0.535156 0.332031 0.507812 0.335938 0.503906 0.343750 0.503906 0.343750 0.492188 0.339844 0.488281 0.339844 0.480469 0.332031 0.472656 0.332031 0.464844 0.320312 0.464844 0.312500 0.457031 0.312500 0.453125 0.300781 0.453125 0.296875 0.449219 0.296875 0.429688 0.285156 0.429688 0.281250 0.425781 0.281250 0.410156
4 0.609375 0.398438 0.609375 0.406250 0.613281 0.410156 0.613281 0.429688 0.617188 0.433594 0.617188 0.460938 0.621094 0.464844 0.621094 0.496094 0.625000 0.500000 0.632812 0.500000 0.640625 0.492188 0.644531 0.492188 0.644531 0.472656 0.656250 0.460938 0.656250 0.445312 0.648438 0.445312 0.644531 0.441406 0.644531 0.417969 0.628906 0.417969 0.625000 0.414062 0.621094 0.414062 0.617188 0.410156 0.617188 0.398438
4 0.531250 0.394531 0.531250 0.406250 0.539062 0.414062 0.539062 0.437500 0.535156 0.441406 0.527344 0.441406 0.527344 0.449219 0.531250 0.453125 0.542969 0.453125 0.542969 0.441406 0.546875 0.437500 0.554688 0.437500 0.554688 0.433594 0.558594 0.429688 0.558594 0.421875 0.554688 0.417969 0.554688 0.410156 0.550781 0.410156 0.546875 0.406250 0.546875 0.398438 0.542969 0.394531
4 0.964844 0.363281 0.964844 0.382812 0.980469 0.382812 0.980469 0.371094 0.976562 0.367188 0.976562 0.363281
4 0.378906 0.156250 0.363281 0.171875 0.363281 0.183594 0.371094 0.183594 0.375000 0.179688 0.378906 0.179688 0.382812 0.175781 0.382812 0.171875 0.386719 0.167969 0.386719 0.156250
4 0.417969 0.074219 0.417969 0.082031 0.425781 0.082031 0.425781 0.074219
