4 0.636719 0.929688 0.632812 0.933594 0.632812 0.941406 0.628906 0.945312 0.621094 0.945312 0.609375 0.957031 0.601562 0.957031 0.597656 0.960938 0.593750 0.960938 0.593750 0.964844 0.585938 0.972656 0.578125 0.972656 0.578125 0.976562 0.574219 0.980469 0.574219 0.996094 0.597656 0.996094 0.597656 0.988281 0.601562 0.984375 0.601562 0.980469 0.613281 0.968750 0.613281 0.964844 0.617188 0.960938 0.621094 0.960938 0.628906 0.953125 0.628906 0.945312 0.632812 0.941406 0.640625 0.941406 0.644531 0.937500 0.644531 0.929688
4 0.425781 0.843750 0.425781 0.855469 0.421875 0.859375 0.390625 0.859375 0.386719 0.863281 0.386719 0.878906 0.398438 0.878906 0.402344 0.882812 0.437500 0.882812 0.441406 0.886719 0.449219 0.886719 0.449219 0.875000 0.453125 0.871094 0.453125 0.867188 0.457031 0.863281 0.457031 0.851562 0.437500 0.851562 0.433594 0.847656 0.433594 0.843750
4 0.750000 0.804688 0.738281 0.816406 0.738281 0.820312 0.734375 0.824219 0.734375 0.828125 0.726562 0.835938 0.726562 0.839844 0.722656 0.843750 0.718750 0.843750 0.718750 0.851562 0.714844 0.855469 0.710938 0.855469 0.707031 0.859375 0.707031 0.863281 0.699219 0.871094 0.699219 0.878906 0.707031 0.878906 0.722656 0.863281 0.722656 0.859375 0.738281 0.843750 0.738281 0.839844 0.746094 0.832031 0.746094 0.828125 0.753906 0.820312 0.753906 0.816406 0.757812 0.812500 0.757812 0.804688
4 0.769531 0.773438 0.769531 0.781250 0.765625 0.785156 0.761719 0.785156 0.761719 0.792969 0.769531 0.792969 0.769531 0.785156 0.773438 0.781250 0.777344 0.781250 0.777344 0.773438
4 0.796875 0.714844 0.796875 0.726562 0.804688 0.726562 0.804688 0.714844
4 0.550781 0.703125 0.550781 0.710938 0.546875 0.714844 0.546875 0.722656 0.542969 0.726562 0.542969 0.730469 0.539062 0.734375 0.539062 0.738281 0.535156 0.742188 0.535156 0.750000 0.539062 0.753906 0.539062 0.769531 0.531250 0.777344 0.527344 0.777344 0.527344 0.781250 0.523438 0.785156 0.523438 0.824219 0.519531 0.828125 0.511719 0.828125 0.511719 0.832031 0.507812 0.835938 0.507812 0.859375 0.519531 0.859375 0.519531 0.855469 0.523438 0.851562 0.523438 0.839844 0.527344 0.835938 0.531250 0.835938 0.535156 0.832031 0.535156 0.828125 0.542969 0.820312 0.542969 0.804688 0.546875 0.800781 0.546875 0.789062 0.550781 0.785156 0.550781 0.769531 0.554688 0.765625 0.558594 0.765625 0.558594 0.757812 0.562500 0.753906 0.562500 0.746094 0.574219 0.734375 0.574219 0.718750 0.566406 0.710938 0.566406 0.703125
4 0.125000 0.675781 0.121094 0.679688 0.121094 0.683594 0.117188 0.687500 0.117188 0.707031 0.113281 0.710938 0.113281 0.718750 0.136719 0.718750 0.140625 0.722656 0.144531 0.722656 0.148438 0.726562 0.160156 0.726562 0.160156 0.707031 0.140625 0.707031 0.136719 0.703125 0.136719 0.683594 0.132812 0.679688 0.132812 0.675781
4 0.835938 0.589844 0.832031 0.593750 0.832031 0.601562 0.828125 0.605469 0.828125 0.617188 0.824219 0.621094 0.824219 0.628906 0.820312 0.632812 0.820312 0.644531 0.816406 0.648438 0.812500 0.648438 0.812500 0.656250 0.808594 0.660156 0.808594 0.664062 0.804688 0.667969 0.804688 0.691406 0.816406 0.691406 0.816406 0.683594 0.820312 0.679688 0.820312 0.667969 0.824219 0.664062 0.824219 0.652344 0.828125 0.648438 0.828125 0.636719 0.832031 0.632812 0.832031 0.628906 0.835938 0.625000 0.835938 0.617188 0.839844 0.613281 0.839844 0.609375 0.843750 0.605469 0.843750 0.589844
4 0.812500 0.542969 0.808594 0.546875 0.792969 0.546875 0.792969 0.558594 0.816406 0.558594 0.820312 0.554688 0.820312 0.542969
4 0.742188 0.542969 0.738281 0.546875 0.738281 0.585938 0.730469 0.593750 0.730469 0.625000 0.726562 0.628906 0.722656 0.628906 0.718750 0.632812 0.718750 0.640625 0.714844 0.644531 0.695312 0.644531 0.695312 0.660156 0.707031 0.660156 0.710938 0.656250 0.726562 0.656250 0.738281 0.667969 0.750000 0.667969 0.750000 0.632812 0.753906 0.628906 0.761719 0.628906 0.765625 0.625000 0.769531 0.625000 0.769531 0.597656 0.773438 0.593750 0.785156 0.593750 0.789062 0.589844 0.789062 0.582031 0.785156 0.578125 0.785156 0.566406 0.761719 0.566406 0.757812 0.562500 0.757812 0.542969
4 0.765625 0.515625 0.765625 0.539062 0.785156 0.539062 0.785156 0.523438 0.781250 0.519531 0.777344 0.519531 0.773438 0.515625
4 0.386719 0.492188 0.386719 0.500000 0.382812 0.503906 0.347656 0.503906 0.343750 0.507812 0.339844 0.507812 0.339844 0.511719 0.335938 0.515625 0.312500 0.515625 0.312500 0.527344 0.316406 0.531250 0.367188 0.531250 0.371094 0.535156 0.386719 0.535156 0.386719 0.531250 0.390625 0.527344 0.390625 0.503906 0.394531 0.500000 0.394531 0.492188
4 0.492188 0.468750 0.484375 0.476562 0.472656 0.476562 0.472656 0.496094 0.468750 0.500000 0.468750 0.503906 0.464844 0.507812 0.460938 0.507812 0.460938 0.511719 0.453125 0.519531 0.453125 0.523438 0.445312 0.531250 0.445312 0.535156 0.437500 0.542969 0.437500 0.546875 0.433594 0.550781 0.433594 0.554688 0.425781 0.562500 0.425781 0.566406 0.421875 0.570312 0.421875 0.574219 0.414062 0.582031 0.414062 0.585938 0.410156 0.589844 0.410156 0.593750 0.402344 0.601562 0.402344 0.613281 0.398438 0.617188 0.371094 0.617188 0.371094 0.644531 0.363281 0.652344 0.363281 0.656250 0.359375 0.660156 0.343750 0.660156 0.343750 0.671875 0.347656 0.675781 0.347656 0.718750 0.343750 0.722656 0.343750 0.730469 0.347656 0.730469 0.351562 0.734375 0.351562 0.761719 0.347656 0.765625 0.347656 0.777344 0.339844 0.785156 0.339844 0.789062 0.335938 0.792969 0.332031 0.792969 0.332031 0.808594 0.328125 0.812500 0.328125 0.820312 0.324219 0.824219 0.324219 0.828125 0.320312 0.832031 0.320312 0.843750 0.316406 0.847656 0.316406 0.855469 0.312500 0.859375 0.312500 0.894531 0.308594 0.898438 0.308594 0.906250 0.300781 0.914062 0.300781 0.929688 0.304688 0.933594 0.304688 0.949219 0.300781 0.953125 0.300781 0.980469 0.308594 0.980469 0.308594 0.968750 0.312500 0.964844 0.312500 0.929688 0.316406 0.925781 0.316406 0.906250 0.320312 0.902344 0.320312 0.886719 0.324219 0.882812 0.324219 0.867188 0.328125 0.863281 0.328125 0.851562 0.332031 0.847656 0.332031 0.832031 0.335938 0.828125 0.335938 0.824219 0.339844 0.820312 0.339844 0.804688 0.343750 0.800781 0.351562 0.800781 0.351562 0.785156 0.355469 0.781250 0.359375 0.781250 0.363281 0.777344 0.363281 0.753906 0.367188 0.750000 0.367188 0.742188 0.371094 0.738281 0.371094 0.734375 0.378906 0.726562 0.382812 0.726562 0.382812 0.710938 0.386719 0.707031 0.386719 0.695312 0.394531 0.687500 0.394531 0.679688 0.398438 0.675781 0.398438 0.671875 0.406250 0.664062 0.410156 0.664062 0.410156 0.660156 0.414062 0.656250 0.414062 0.621094 0.417969 0.617188 0.429688 0.617188 0.429688 0.613281 0.433594 0.609375 0.437500 0.609375 0.437500 0.605469 0.441406 0.601562 0.445312 0.601562 0.445312 0.593750 0.453125 0.585938 0.457031 0.585938 0.457031 0.578125 0.460938 0.574219 0.460938 0.570312 0.464844 0.566406 0.464844 0.535156 0.472656 0.527344 0.472656 0.523438 0.476562 0.519531 0.476562 0.515625 0.484375 0.507812 0.503906 0.507812 0.503906 0.496094 0.511719 0.488281 0.511719 0.476562 0.507812 0.476562 0.503906 0.472656 0.503906 0.468750
4 0.171875 0.449219 0.171875 0.453125 0.167969 0.457031 0.167969 0.460938 0.164062 0.464844 0.156250 0.464844 0.156250 0.476562 0.183594 0.476562 0.187500 0.472656 0.191406 0.472656 0.191406 0.460938 0.187500 0.457031 0.187500 0.453125 0.183594 0.449219
4 0.890625 0.414062 0.886719 0.417969 0.886719 0.457031 0.882812 0.460938 0.878906 0.460938 0.878906 0.492188 0.875000 0.496094 0.875000 0.503906 0.871094 0.507812 0.867188 0.507812 0.863281 0.511719 0.863281 0.539062 0.859375 0.542969 0.859375 0.546875 0.855469 0.550781 0.851562 0.550781 0.851562 0.566406 0.847656 0.570312 0.847656 0.578125 0.855469 0.578125 0.855469 0.574219 0.859375 0.570312 0.859375 0.566406 0.863281 0.562500 0.863281 0.558594 0.867188 0.554688 0.867188 0.550781 0.871094 0.546875 0.871094 0.542969 0.875000 0.539062 0.875000 0.535156 0.878906 0.531250 0.878906 0.523438 0.882812 0.519531 0.882812 0.515625 0.890625 0.507812 0.890625 0.500000 0.894531 0.496094 0.894531 0.476562 0.898438 0.472656 0.898438 0.414062
4 0.171875 0.402344 0.171875 0.414062 0.179688 0.414062 0.179688 0.402344
4 0.921875 0.378906 0.917969 0.382812 0.910156 0.382812 0.910156 0.386719 0.906250 0.390625 0.906250 0.398438 0.914062 0.398438 0.925781 0.386719 0.929688 0.386719 0.929688 0.378906
4 0.824219 0.367188 0.824219 0.375000 0.828125 0.378906 0.828125 0.382812 0.835938 0.382812 0.835938 0.378906 0.839844 0.375000 0.847656 0.375000 0.847656 0.367188
4 0.597656 0.367188 0.593750 0.371094 0.593750 0.386719 0.589844 0.390625 0.589844 0.398438 0.605469 0.398438 0.605469 0.367188
4 0.632812 0.324219 0.628906 0.328125 0.628906 0.332031 0.625000 0.335938 0.621094 0.335938 0.621094 0.343750 0.628906 0.343750 0.628906 0.339844 0.632812 0.335938 0.636719 0.335938 0.640625 0.332031 0.640625 0.324219
4 0.675781 0.277344 0.671875 0.281250 0.671875 0.285156 0.667969 0.289062 0.664062 0.289062 0.664062 0.292969 0.660156 0.296875 0.656250 0.296875 0.648438 0.304688 0.648438 0.312500 0.656250 0.312500 0.664062 0.304688 0.664062 0.300781 0.667969 0.296875 0.671875 0.296875 0.671875 0.292969 0.675781 0.289062 0.679688 0.289062 0.683594 0.285156 0.683594 0.277344
4 0.945312 0.207031 0.941406 0.210938 0.941406 0.218750 0.945312 0.222656 0.945312 0.242188 0.937500 0.250000 0.937500 0.257812 0.933594 0.261719 0.933594 0.269531 0.941406 0.269531 0.945312 0.273438 0.945312 0.289062 0.941406 0.292969 0.925781 0.292969 0.921875 0.289062 0.921875 0.281250 0.902344 0.281250 0.898438 0.277344 0.898438 0.273438 0.882812 0.273438 0.878906 0.277344 0.878906 0.281250 0.875000 0.285156 0.863281 0.285156 0.855469 0.292969 0.855469 0.308594 0.867188 0.308594 0.871094 0.312500 0.871094 0.339844 0.867188 0.343750 0.867188 0.351562 0.878906 0.351562 0.878906 0.343750 0.882812 0.339844 0.894531 0.339844 0.914062 0.320312 0.921875 0.320312 0.925781 0.316406 0.925781 0.312500 0.929688 0.308594 0.933594 0.308594 0.937500 0.304688 0.949219 0.304688 0.949219 0.296875 0.953125 0.292969 0.960938 0.292969 0.960938 0.289062 0.964844 0.285156 0.968750 0.285156 0.968750 0.281250 0.972656 0.277344 0.980469 0.277344 0.988281 0.269531 0.996094 0.269531 0.996094 0.253906 0.988281 0.253906 0.984375 0.257812 0.980469 0.257812 0.976562 0.261719 0.976562 0.265625 0.972656 0.269531 0.972656 0.273438 0.968750 0.277344 0.949219 0.277344 0.945312 0.273438 0.945312 0.257812 0.953125 0.250000 0.953125 0.238281 0.960938 0.230469 0.964844 0.230469 0.968750 0.226562 0.976562 0.226562 0.976562 0.210938 0.972656 0.207031
4 0.589844 0.195312 0.589844 0.207031 0.582031 0.214844 0.582031 0.226562 0.578125 0.230469 0.574219 0.230469 0.562500 0.242188 0.562500 0.246094 0.546875 0.261719 0.546875 0.265625 0.519531 0.292969 0.519531 0.300781 0.515625 0.304688 0.511719 0.304688 0.511719 0.312500 0.527344 0.312500 0.531250 0.316406 0.531250 0.332031 0.527344 0.335938 0.527344 0.339844 0.523438 0.343750 0.519531 0.343750 0.519531 0.355469 0.507812 0.367188 0.503906 0.367188 0.503906 0.371094 0.500000 0.375000 0.500000 0.378906 0.496094 0.382812 0.496094 0.386719 0.488281 0.394531 0.460938 0.394531 0.460938 0.402344 0.464844 0.406250 0.464844 0.433594 0.460938 0.437500 0.445312 0.437500 0.441406 0.433594 0.441406 0.425781 0.437500 0.421875 0.433594 0.421875 0.429688 0.417969 0.429688 0.394531 0.433594 0.390625 0.437500 0.390625 0.437500 0.378906 0.445312 0.371094 0.445312 0.367188 0.449219 0.363281 0.453125 0.363281 0.457031 0.359375 0.457031 0.355469 0.460938 0.351562 0.460938 0.339844 0.453125 0.339844 0.449219 0.343750 0.449219 0.347656 0.445312 0.351562 0.441406 0.351562 0.441406 0.355469 0.425781 0.371094 0.425781 0.375000 0.410156 0.390625 0.410156 0.398438 0.414062 0.402344 0.425781 0.402344 0.429688 0.406250 0.429688 0.437500 0.445312 0.437500 0.449219 0.441406 0.449219 0.460938 0.445312 0.464844 0.425781 0.464844 0.421875 0.460938 0.421875 0.457031 0.406250 0.457031 0.406250 0.464844 0.429688 0.464844 0.433594 0.468750 0.433594 0.484375 0.445312 0.484375 0.445312 0.480469 0.453125 0.472656 0.464844 0.472656 0.464844 0.457031 0.468750 0.453125 0.468750 0.445312 0.472656 0.441406 0.472656 0.437500 0.476562 0.433594 0.480469 0.433594 0.480469 0.425781 0.484375 0.421875 0.492188 0.421875 0.492188 0.417969 0.496094 0.414062 0.496094 0.410156 0.500000 0.406250 0.503906 0.406250 0.503906 0.390625 0.507812 0.386719 0.515625 0.386719 0.515625 0.378906 0.519531 0.375000 0.519531 0.371094 0.539062 0.351562 0.542969 0.351562 0.542969 0.343750 0.546875 0.339844 0.550781 0.339844 0.550781 0.335938 0.554688 0.332031 0.558594 0.332031 0.562500 0.328125 0.562500 0.324219 0.566406 0.320312 0.570312 0.320312 0.570312 0.257812 0.574219 0.253906 0.582031 0.253906 0.582031 0.246094 0.585938 0.242188 0.585938 0.238281 0.597656 0.226562 0.617188 0.226562 0.621094 0.222656 0.632812 0.222656 0.632812 0.210938 0.621094 0.210938 0.613281 0.203125 0.613281 0.199219 0.601562 0.199219 0.597656 0.195312
4 0.398438 0.195312 0.398438 0.214844 0.390625 0.222656 0.390625 0.226562 0.382812 0.234375 0.382812 0.246094 0.390625 0.246094 0.394531 0.242188 0.398438 0.242188 0.398438 0.234375 0.402344 0.230469 0.417969 0.230469 0.421875 0.234375 0.421875 0.238281 0.429688 0.238281 0.429688 0.226562 0.433594 0.222656 0.437500 0.222656 0.437500 0.207031 0.433594 0.203125 0.421875 0.203125 0.414062 0.195312
4 0.792969 0.179688 0.792969 0.183594 0.789062 0.187500 0.785156 0.187500 0.785156 0.199219 0.781250 0.203125 0.777344 0.203125 0.773438 0.207031 0.769531 0.207031 0.769531 0.214844 0.765625 0.218750 0.761719 0.218750 0.750000 0.230469 0.750000 0.242188 0.746094 0.246094 0.746094 0.253906 0.753906 0.253906 0.753906 0.250000 0.757812 0.246094 0.757812 0.242188 0.761719 0.238281 0.777344 0.238281 0.781250 0.242188 0.804688 0.242188 0.804688 0.230469 0.808594 0.226562 0.812500 0.226562 0.816406 0.222656 0.816406 0.218750 0.820312 0.214844 0.824219 0.214844 0.828125 0.210938 0.832031 0.210938 0.832031 0.203125 0.824219 0.203125 0.820312 0.199219 0.808594 0.199219 0.804688 0.195312 0.804688 0.179688
4 0.519531 0.132812 0.519531 0.136719 0.511719 0.144531 0.503906 0.144531 0.503906 0.148438 0.492188 0.160156 0.492188 0.171875 0.515625 0.171875 0.519531 0.167969 0.523438 0.167969 0.523438 0.164062 0.527344 0.160156 0.531250 0.160156 0.531250 0.156250 0.535156 0.152344 0.535156 0.144531 0.531250 0.144531 0.527344 0.140625 0.527344 0.132812
4 0.875000 0.019531 0.875000 0.023438 0.871094 0.027344 0.867188 0.027344 0.859375 0.035156 0.843750 0.035156 0.839844 0.031250 0.839844 0.023438 0.824219 0.023438 0.824219 0.027344 0.820312 0.031250 0.816406 0.031250 0.812500 0.035156 0.812500 0.042969 0.828125 0.042969 0.832031 0.046875 0.832031 0.062500 0.828125 0.066406 0.804688 0.066406 0.800781 0.070312 0.800781 0.109375 0.808594 0.109375 0.820312 0.097656 0.820312 0.089844 0.824219 0.085938 0.832031 0.085938 0.832031 0.082031 0.835938 0.078125 0.839844 0.078125 0.839844 0.074219 0.863281 0.050781 0.867188 0.050781 0.867188 0.046875 0.871094 0.042969 0.875000 0.042969 0.882812 0.035156 0.882812 0.019531
