4 0.390625 0.812500 0.390625 0.824219 0.398438 0.824219 0.402344 0.820312 0.406250 0.820312 0.406250 0.812500
4 0.136719 0.773438 0.125000 0.785156 0.105469 0.785156 0.101562 0.781250 0.089844 0.781250 0.089844 0.792969 0.085938 0.796875 0.085938 0.808594 0.089844 0.812500 0.089844 0.816406 0.093750 0.820312 0.093750 0.843750 0.089844 0.847656 0.089844 0.851562 0.085938 0.855469 0.085938 0.863281 0.082031 0.867188 0.074219 0.867188 0.074219 0.890625 0.078125 0.894531 0.078125 0.898438 0.101562 0.898438 0.105469 0.894531 0.109375 0.894531 0.109375 0.890625 0.117188 0.882812 0.117188 0.847656 0.121094 0.843750 0.148438 0.843750 0.152344 0.839844 0.167969 0.839844 0.171875 0.843750 0.171875 0.847656 0.183594 0.847656 0.183594 0.832031 0.187500 0.828125 0.191406 0.828125 0.191406 0.816406 0.179688 0.816406 0.175781 0.812500 0.167969 0.812500 0.167969 0.820312 0.164062 0.824219 0.148438 0.824219 0.144531 0.820312 0.140625 0.820312 0.136719 0.816406 0.128906 0.816406 0.121094 0.808594 0.121094 0.792969 0.125000 0.789062 0.136719 0.789062 0.144531 0.781250 0.144531 0.773438
4 0.449219 0.757812 0.449219 0.761719 0.445312 0.765625 0.445312 0.769531 0.441406 0.773438 0.441406 0.789062 0.449219 0.789062 0.453125 0.785156 0.453125 0.769531 0.457031 0.765625 0.457031 0.757812
4 0.648438 0.738281 0.648438 0.746094 0.644531 0.750000 0.644531 0.753906 0.640625 0.757812 0.605469 0.757812 0.605469 0.765625 0.613281 0.773438 0.613281 0.777344 0.628906 0.777344 0.640625 0.765625 0.644531 0.765625 0.644531 0.761719 0.648438 0.757812 0.652344 0.757812 0.656250 0.753906 0.656250 0.738281
4 0.484375 0.734375 0.484375 0.769531 0.488281 0.773438 0.492188 0.773438 0.496094 0.777344 0.496094 0.781250 0.531250 0.781250 0.535156 0.777344 0.539062 0.777344 0.542969 0.773438 0.546875 0.773438 0.546875 0.765625 0.535156 0.753906 0.535156 0.746094 0.511719 0.746094 0.503906 0.738281 0.500000 0.738281 0.496094 0.734375
4 0.218750 0.703125 0.218750 0.707031 0.214844 0.710938 0.199219 0.710938 0.195312 0.707031 0.179688 0.707031 0.175781 0.710938 0.175781 0.714844 0.171875 0.718750 0.171875 0.726562 0.167969 0.730469 0.167969 0.746094 0.164062 0.750000 0.160156 0.750000 0.156250 0.753906 0.156250 0.757812 0.152344 0.761719 0.152344 0.769531 0.175781 0.769531 0.183594 0.761719 0.183594 0.753906 0.187500 0.750000 0.195312 0.750000 0.203125 0.742188 0.203125 0.734375 0.222656 0.714844 0.226562 0.714844 0.230469 0.710938 0.230469 0.703125
4 0.304688 0.632812 0.304688 0.636719 0.300781 0.640625 0.292969 0.640625 0.289062 0.644531 0.289062 0.648438 0.281250 0.656250 0.261719 0.656250 0.253906 0.664062 0.253906 0.671875 0.257812 0.675781 0.257812 0.679688 0.269531 0.691406 0.273438 0.691406 0.277344 0.695312 0.277344 0.703125 0.285156 0.703125 0.289062 0.699219 0.292969 0.699219 0.292969 0.695312 0.296875 0.691406 0.296875 0.683594 0.292969 0.683594 0.289062 0.679688 0.289062 0.664062 0.292969 0.660156 0.292969 0.656250 0.296875 0.652344 0.324219 0.652344 0.324219 0.632812
4 0.691406 0.542969 0.687500 0.546875 0.687500 0.562500 0.683594 0.566406 0.683594 0.582031 0.687500 0.585938 0.687500 0.597656 0.691406 0.601562 0.691406 0.628906 0.707031 0.628906 0.710938 0.625000 0.710938 0.605469 0.707031 0.601562 0.707031 0.578125 0.710938 0.574219 0.714844 0.574219 0.714844 0.566406 0.710938 0.566406 0.707031 0.562500 0.707031 0.546875 0.703125 0.546875 0.699219 0.542969
4 0.785156 0.468750 0.785156 0.472656 0.781250 0.476562 0.781250 0.484375 0.789062 0.484375 0.792969 0.480469 0.792969 0.468750
4 0.808594 0.425781 0.808594 0.429688 0.804688 0.433594 0.804688 0.445312 0.812500 0.445312 0.816406 0.441406 0.816406 0.437500 0.820312 0.433594 0.820312 0.425781
4 0.578125 0.410156 0.578125 0.414062 0.574219 0.417969 0.574219 0.421875 0.570312 0.425781 0.562500 0.425781 0.562500 0.437500 0.558594 0.441406 0.554688 0.441406 0.554688 0.445312 0.550781 0.449219 0.546875 0.449219 0.542969 0.453125 0.535156 0.453125 0.531250 0.457031 0.527344 0.457031 0.523438 0.460938 0.519531 0.460938 0.511719 0.468750 0.507812 0.468750 0.507812 0.480469 0.503906 0.484375 0.488281 0.484375 0.484375 0.480469 0.484375 0.460938 0.488281 0.457031 0.488281 0.433594 0.472656 0.433594 0.472656 0.464844 0.476562 0.468750 0.476562 0.488281 0.468750 0.496094 0.468750 0.500000 0.464844 0.503906 0.449219 0.503906 0.445312 0.500000 0.445312 0.488281 0.441406 0.488281 0.437500 0.484375 0.437500 0.480469 0.417969 0.480469 0.414062 0.476562 0.414062 0.472656 0.406250 0.472656 0.406250 0.480469 0.402344 0.484375 0.402344 0.492188 0.417969 0.492188 0.421875 0.496094 0.421875 0.511719 0.429688 0.519531 0.429688 0.542969 0.425781 0.546875 0.410156 0.546875 0.406250 0.542969 0.406250 0.539062 0.402344 0.535156 0.394531 0.535156 0.394531 0.546875 0.386719 0.554688 0.351562 0.554688 0.347656 0.550781 0.347656 0.546875 0.332031 0.546875 0.332031 0.570312 0.335938 0.570312 0.339844 0.574219 0.339844 0.589844 0.332031 0.597656 0.328125 0.597656 0.328125 0.625000 0.339844 0.625000 0.339844 0.621094 0.343750 0.617188 0.347656 0.617188 0.347656 0.589844 0.351562 0.585938 0.351562 0.582031 0.355469 0.578125 0.378906 0.578125 0.382812 0.582031 0.382812 0.589844 0.390625 0.589844 0.394531 0.593750 0.394531 0.597656 0.402344 0.605469 0.406250 0.605469 0.410156 0.609375 0.421875 0.609375 0.429688 0.601562 0.429688 0.593750 0.433594 0.589844 0.433594 0.578125 0.429688 0.574219 0.429688 0.558594 0.437500 0.550781 0.457031 0.550781 0.457031 0.546875 0.460938 0.542969 0.460938 0.539062 0.464844 0.535156 0.480469 0.535156 0.480469 0.531250 0.484375 0.527344 0.488281 0.527344 0.492188 0.523438 0.507812 0.523438 0.515625 0.515625 0.515625 0.492188 0.519531 0.488281 0.527344 0.488281 0.527344 0.480469 0.535156 0.472656 0.539062 0.472656 0.539062 0.468750 0.542969 0.464844 0.550781 0.464844 0.550781 0.460938 0.558594 0.453125 0.574219 0.453125 0.578125 0.457031 0.578125 0.460938 0.582031 0.464844 0.582031 0.468750 0.597656 0.468750 0.601562 0.464844 0.605469 0.464844 0.609375 0.460938 0.617188 0.460938 0.617188 0.449219 0.613281 0.445312 0.609375 0.445312 0.605469 0.441406 0.605469 0.437500 0.597656 0.429688 0.593750 0.429688 0.589844 0.425781 0.589844 0.410156
4 0.355469 0.371094 0.351562 0.375000 0.347656 0.375000 0.347656 0.378906 0.339844 0.386719 0.339844 0.390625 0.335938 0.394531 0.335938 0.402344 0.328125 0.410156 0.324219 0.410156 0.324219 0.421875 0.332031 0.421875 0.343750 0.410156 0.355469 0.410156 0.355469 0.406250 0.367188 0.394531 0.367188 0.386719 0.363281 0.382812 0.363281 0.371094
4 0.726562 0.296875 0.726562 0.300781 0.722656 0.304688 0.710938 0.304688 0.707031 0.308594 0.707031 0.324219 0.710938 0.328125 0.710938 0.332031 0.714844 0.335938 0.722656 0.335938 0.722656 0.320312 0.726562 0.316406 0.726562 0.308594 0.730469 0.304688 0.734375 0.304688 0.734375 0.296875
4 0.847656 0.261719 0.847656 0.265625 0.843750 0.269531 0.839844 0.269531 0.839844 0.312500 0.832031 0.320312 0.832031 0.347656 0.835938 0.347656 0.839844 0.351562 0.839844 0.367188 0.835938 0.371094 0.824219 0.371094 0.820312 0.375000 0.820312 0.382812 0.824219 0.382812 0.828125 0.386719 0.835938 0.386719 0.835938 0.382812 0.839844 0.378906 0.839844 0.355469 0.843750 0.351562 0.851562 0.351562 0.851562 0.347656 0.855469 0.343750 0.855469 0.292969 0.859375 0.289062 0.859375 0.281250 0.855469 0.277344 0.855469 0.261719
4 0.640625 0.257812 0.640625 0.261719 0.632812 0.269531 0.632812 0.277344 0.628906 0.281250 0.628906 0.304688 0.625000 0.308594 0.625000 0.324219 0.628906 0.328125 0.628906 0.332031 0.648438 0.332031 0.652344 0.335938 0.652344 0.355469 0.664062 0.355469 0.667969 0.351562 0.679688 0.351562 0.679688 0.324219 0.675781 0.324219 0.671875 0.320312 0.667969 0.320312 0.664062 0.316406 0.664062 0.300781 0.667969 0.296875 0.667969 0.289062 0.671875 0.285156 0.671875 0.273438 0.675781 0.269531 0.675781 0.257812
4 0.605469 0.238281 0.601562 0.242188 0.601562 0.253906 0.597656 0.257812 0.582031 0.257812 0.582031 0.281250 0.585938 0.285156 0.589844 0.285156 0.593750 0.289062 0.605469 0.289062 0.605469 0.269531 0.609375 0.265625 0.609375 0.250000 0.613281 0.246094 0.613281 0.238281
4 0.753906 0.230469 0.750000 0.234375 0.746094 0.234375 0.742188 0.238281 0.742188 0.250000 0.738281 0.253906 0.726562 0.253906 0.722656 0.257812 0.718750 0.257812 0.718750 0.265625 0.722656 0.269531 0.726562 0.269531 0.730469 0.273438 0.742188 0.273438 0.742188 0.265625 0.746094 0.261719 0.757812 0.261719 0.757812 0.257812 0.765625 0.250000 0.765625 0.238281 0.761719 0.234375 0.761719 0.230469
4 0.796875 0.128906 0.792969 0.132812 0.792969 0.136719 0.789062 0.140625 0.777344 0.140625 0.777344 0.152344 0.773438 0.156250 0.773438 0.164062 0.781250 0.171875 0.785156 0.171875 0.789062 0.175781 0.789062 0.179688 0.800781 0.179688 0.800781 0.175781 0.804688 0.171875 0.804688 0.156250 0.808594 0.152344 0.816406 0.152344 0.816406 0.140625 0.812500 0.136719 0.812500 0.128906
