4 0.457031 0.804688 0.457031 0.812500 0.468750 0.812500 0.476562 0.820312 0.484375 0.820312 0.488281 0.824219 0.496094 0.824219 0.496094 0.812500 0.492188 0.808594 0.488281 0.808594 0.484375 0.804688
4 0.523438 0.718750 0.523438 0.722656 0.519531 0.726562 0.515625 0.726562 0.515625 0.738281 0.527344 0.738281 0.531250 0.742188 0.531250 0.750000 0.535156 0.753906 0.535156 0.769531 0.539062 0.773438 0.539062 0.796875 0.535156 0.800781 0.523438 0.800781 0.523438 0.812500 0.539062 0.812500 0.542969 0.816406 0.542969 0.835938 0.539062 0.839844 0.523438 0.839844 0.519531 0.835938 0.519531 0.832031 0.507812 0.832031 0.507812 0.839844 0.515625 0.839844 0.519531 0.843750 0.519531 0.847656 0.523438 0.847656 0.527344 0.851562 0.527344 0.859375 0.531250 0.863281 0.535156 0.863281 0.539062 0.867188 0.542969 0.867188 0.546875 0.871094 0.546875 0.910156 0.550781 0.914062 0.550781 0.937500 0.554688 0.941406 0.554688 0.976562 0.558594 0.980469 0.558594 0.996094 0.566406 0.996094 0.566406 0.976562 0.570312 0.972656 0.570312 0.925781 0.566406 0.921875 0.566406 0.894531 0.562500 0.890625 0.562500 0.886719 0.554688 0.886719 0.550781 0.882812 0.550781 0.855469 0.554688 0.851562 0.589844 0.851562 0.593750 0.847656 0.593750 0.843750 0.597656 0.839844 0.609375 0.839844 0.609375 0.832031 0.601562 0.832031 0.597656 0.835938 0.582031 0.835938 0.578125 0.832031 0.574219 0.832031 0.562500 0.820312 0.562500 0.816406 0.558594 0.812500 0.558594 0.789062 0.550781 0.781250 0.550781 0.738281 0.546875 0.734375 0.542969 0.734375 0.539062 0.730469 0.539062 0.718750
4 0.410156 0.707031 0.410156 0.714844 0.414062 0.714844 0.417969 0.718750 0.417969 0.726562 0.425781 0.726562 0.425781 0.718750 0.421875 0.718750 0.417969 0.714844 0.417969 0.707031
4 0.515625 0.664062 0.515625 0.671875 0.519531 0.671875 0.523438 0.675781 0.523438 0.683594 0.535156 0.683594 0.535156 0.667969 0.531250 0.667969 0.527344 0.664062
4 0.578125 0.613281 0.578125 0.617188 0.570312 0.625000 0.570312 0.632812 0.562500 0.640625 0.562500 0.648438 0.566406 0.652344 0.597656 0.652344 0.601562 0.656250 0.601562 0.667969 0.605469 0.667969 0.609375 0.671875 0.609375 0.679688 0.613281 0.679688 0.617188 0.683594 0.625000 0.683594 0.625000 0.679688 0.628906 0.675781 0.632812 0.675781 0.636719 0.671875 0.652344 0.671875 0.652344 0.660156 0.644531 0.660156 0.640625 0.656250 0.640625 0.636719 0.625000 0.636719 0.625000 0.644531 0.621094 0.648438 0.597656 0.648438 0.593750 0.644531 0.593750 0.621094 0.589844 0.617188 0.589844 0.613281
4 0.507812 0.609375 0.507812 0.617188 0.511719 0.621094 0.511719 0.625000 0.519531 0.625000 0.519531 0.617188 0.515625 0.613281 0.515625 0.609375
4 0.390625 0.605469 0.390625 0.617188 0.386719 0.621094 0.367188 0.621094 0.359375 0.613281 0.343750 0.613281 0.343750 0.621094 0.339844 0.625000 0.335938 0.625000 0.335938 0.628906 0.332031 0.632812 0.316406 0.632812 0.316406 0.640625 0.312500 0.644531 0.312500 0.652344 0.332031 0.652344 0.335938 0.648438 0.351562 0.648438 0.355469 0.652344 0.355469 0.687500 0.347656 0.695312 0.332031 0.695312 0.328125 0.691406 0.328125 0.687500 0.316406 0.687500 0.312500 0.691406 0.312500 0.699219 0.324219 0.710938 0.328125 0.710938 0.332031 0.714844 0.332031 0.718750 0.339844 0.726562 0.339844 0.734375 0.343750 0.738281 0.351562 0.738281 0.351562 0.726562 0.355469 0.722656 0.355469 0.718750 0.359375 0.714844 0.367188 0.714844 0.371094 0.710938 0.375000 0.710938 0.375000 0.687500 0.382812 0.679688 0.382812 0.671875 0.390625 0.664062 0.390625 0.656250 0.394531 0.652344 0.398438 0.652344 0.402344 0.648438 0.406250 0.648438 0.406250 0.640625 0.410156 0.636719 0.429688 0.636719 0.429688 0.628906 0.425781 0.628906 0.421875 0.625000 0.406250 0.625000 0.402344 0.621094 0.402344 0.609375 0.398438 0.605469
4 0.687500 0.562500 0.683594 0.566406 0.683594 0.570312 0.679688 0.574219 0.675781 0.574219 0.671875 0.578125 0.664062 0.578125 0.664062 0.593750 0.667969 0.597656 0.691406 0.597656 0.695312 0.601562 0.695312 0.605469 0.703125 0.605469 0.703125 0.574219 0.699219 0.574219 0.695312 0.570312 0.695312 0.562500
4 0.261719 0.496094 0.261719 0.500000 0.257812 0.503906 0.257812 0.507812 0.253906 0.511719 0.234375 0.511719 0.234375 0.515625 0.230469 0.519531 0.218750 0.519531 0.218750 0.523438 0.214844 0.527344 0.195312 0.527344 0.191406 0.523438 0.167969 0.523438 0.167969 0.535156 0.187500 0.535156 0.191406 0.539062 0.199219 0.539062 0.203125 0.542969 0.210938 0.542969 0.210938 0.535156 0.214844 0.531250 0.238281 0.531250 0.242188 0.535156 0.242188 0.558594 0.246094 0.558594 0.253906 0.566406 0.257812 0.566406 0.261719 0.570312 0.265625 0.570312 0.269531 0.574219 0.269531 0.578125 0.281250 0.589844 0.281250 0.593750 0.285156 0.597656 0.292969 0.597656 0.292969 0.578125 0.296875 0.574219 0.328125 0.574219 0.332031 0.578125 0.339844 0.578125 0.339844 0.566406 0.312500 0.566406 0.308594 0.570312 0.292969 0.570312 0.289062 0.566406 0.277344 0.566406 0.273438 0.562500 0.273438 0.558594 0.269531 0.554688 0.253906 0.554688 0.250000 0.550781 0.246094 0.550781 0.242188 0.546875 0.242188 0.523438 0.246094 0.519531 0.285156 0.519531 0.289062 0.515625 0.296875 0.515625 0.300781 0.511719 0.304688 0.511719 0.304688 0.500000 0.292969 0.500000 0.289062 0.496094
4 0.148438 0.480469 0.148438 0.519531 0.156250 0.519531 0.156250 0.503906 0.160156 0.500000 0.167969 0.500000 0.167969 0.492188 0.164062 0.488281 0.164062 0.480469
4 0.535156 0.437500 0.535156 0.445312 0.539062 0.445312 0.542969 0.449219 0.542969 0.468750 0.539062 0.472656 0.535156 0.472656 0.535156 0.484375 0.550781 0.484375 0.558594 0.476562 0.566406 0.476562 0.570312 0.472656 0.570312 0.441406 0.546875 0.441406 0.542969 0.437500
4 0.675781 0.433594 0.675781 0.437500 0.667969 0.445312 0.667969 0.488281 0.664062 0.492188 0.664062 0.496094 0.660156 0.500000 0.660156 0.503906 0.656250 0.507812 0.648438 0.507812 0.648438 0.515625 0.644531 0.519531 0.640625 0.519531 0.636719 0.523438 0.601562 0.523438 0.601562 0.531250 0.605469 0.535156 0.621094 0.535156 0.625000 0.539062 0.625000 0.546875 0.636719 0.546875 0.640625 0.542969 0.644531 0.542969 0.656250 0.531250 0.667969 0.531250 0.667969 0.519531 0.671875 0.515625 0.675781 0.515625 0.683594 0.507812 0.683594 0.496094 0.679688 0.496094 0.675781 0.492188 0.675781 0.464844 0.683594 0.457031 0.683594 0.433594
4 0.187500 0.433594 0.187500 0.437500 0.183594 0.441406 0.183594 0.449219 0.179688 0.453125 0.179688 0.457031 0.175781 0.460938 0.175781 0.468750 0.183594 0.468750 0.187500 0.464844 0.195312 0.464844 0.195312 0.460938 0.199219 0.457031 0.199219 0.449219 0.203125 0.445312 0.203125 0.437500 0.199219 0.433594
4 0.250000 0.425781 0.250000 0.433594 0.253906 0.433594 0.257812 0.437500 0.257812 0.453125 0.253906 0.457031 0.253906 0.464844 0.265625 0.464844 0.265625 0.460938 0.269531 0.457031 0.269531 0.449219 0.261719 0.449219 0.257812 0.445312 0.257812 0.425781
4 0.324219 0.328125 0.324219 0.339844 0.320312 0.343750 0.312500 0.343750 0.308594 0.347656 0.304688 0.347656 0.304688 0.355469 0.320312 0.355469 0.324219 0.359375 0.324219 0.367188 0.328125 0.371094 0.328125 0.375000 0.332031 0.378906 0.332031 0.386719 0.335938 0.390625 0.343750 0.390625 0.343750 0.382812 0.335938 0.375000 0.335938 0.347656 0.339844 0.343750 0.347656 0.343750 0.347656 0.335938 0.339844 0.335938 0.335938 0.332031 0.335938 0.328125
4 0.250000 0.312500 0.250000 0.335938 0.246094 0.339844 0.222656 0.339844 0.218750 0.335938 0.218750 0.328125 0.203125 0.328125 0.203125 0.335938 0.207031 0.339844 0.207031 0.363281 0.203125 0.367188 0.203125 0.375000 0.199219 0.378906 0.195312 0.378906 0.195312 0.390625 0.191406 0.394531 0.187500 0.394531 0.187500 0.410156 0.195312 0.410156 0.195312 0.390625 0.199219 0.386719 0.203125 0.386719 0.207031 0.382812 0.210938 0.382812 0.210938 0.375000 0.214844 0.371094 0.250000 0.371094 0.253906 0.375000 0.253906 0.390625 0.269531 0.390625 0.269531 0.375000 0.253906 0.375000 0.250000 0.371094 0.250000 0.328125 0.253906 0.324219 0.257812 0.324219 0.261719 0.320312 0.269531 0.320312 0.269531 0.312500
4 0.398438 0.218750 0.398438 0.234375 0.406250 0.242188 0.406250 0.257812 0.417969 0.257812 0.421875 0.261719 0.421875 0.281250 0.429688 0.289062 0.441406 0.289062 0.445312 0.292969 0.445312 0.316406 0.449219 0.320312 0.449219 0.335938 0.453125 0.335938 0.457031 0.339844 0.457031 0.367188 0.453125 0.371094 0.441406 0.371094 0.437500 0.375000 0.433594 0.375000 0.433594 0.402344 0.457031 0.402344 0.460938 0.406250 0.460938 0.410156 0.464844 0.414062 0.464844 0.441406 0.460938 0.445312 0.445312 0.445312 0.445312 0.460938 0.453125 0.460938 0.460938 0.468750 0.460938 0.488281 0.457031 0.492188 0.453125 0.492188 0.449219 0.496094 0.449219 0.507812 0.476562 0.507812 0.488281 0.519531 0.488281 0.562500 0.492188 0.566406 0.492188 0.574219 0.496094 0.578125 0.496094 0.585938 0.507812 0.585938 0.507812 0.582031 0.511719 0.578125 0.523438 0.578125 0.523438 0.562500 0.507812 0.562500 0.503906 0.558594 0.503906 0.542969 0.507812 0.539062 0.527344 0.539062 0.527344 0.531250 0.519531 0.531250 0.515625 0.527344 0.515625 0.511719 0.519531 0.507812 0.527344 0.507812 0.527344 0.488281 0.507812 0.488281 0.503906 0.484375 0.503906 0.460938 0.507812 0.457031 0.507812 0.445312 0.492188 0.445312 0.488281 0.441406 0.488281 0.429688 0.484375 0.429688 0.476562 0.421875 0.472656 0.421875 0.468750 0.417969 0.468750 0.394531 0.464844 0.390625 0.464844 0.347656 0.460938 0.347656 0.457031 0.343750 0.457031 0.300781 0.453125 0.296875 0.453125 0.281250 0.449219 0.277344 0.449219 0.261719 0.437500 0.261719 0.433594 0.257812 0.433594 0.222656 0.410156 0.222656 0.406250 0.218750
4 0.296875 0.210938 0.292969 0.214844 0.273438 0.214844 0.269531 0.218750 0.269531 0.222656 0.265625 0.226562 0.265625 0.246094 0.261719 0.250000 0.261719 0.257812 0.265625 0.257812 0.269531 0.261719 0.269531 0.269531 0.285156 0.269531 0.289062 0.273438 0.289062 0.277344 0.296875 0.285156 0.296875 0.289062 0.308594 0.289062 0.312500 0.292969 0.312500 0.296875 0.316406 0.300781 0.316406 0.304688 0.324219 0.304688 0.324219 0.300781 0.328125 0.296875 0.328125 0.269531 0.332031 0.265625 0.332031 0.257812 0.335938 0.253906 0.335938 0.250000 0.339844 0.246094 0.339844 0.238281 0.332031 0.238281 0.328125 0.234375 0.328125 0.230469 0.324219 0.230469 0.316406 0.222656 0.316406 0.218750 0.312500 0.218750 0.304688 0.210938
4 0.351562 0.113281 0.351562 0.132812 0.355469 0.136719 0.355469 0.140625 0.359375 0.144531 0.359375 0.148438 0.363281 0.152344 0.363281 0.179688 0.359375 0.183594 0.355469 0.183594 0.355469 0.187500 0.351562 0.191406 0.351562 0.195312 0.347656 0.199219 0.343750 0.199219 0.343750 0.214844 0.359375 0.214844 0.363281 0.218750 0.363281 0.222656 0.371094 0.222656 0.371094 0.203125 0.367188 0.199219 0.367188 0.183594 0.371094 0.179688 0.371094 0.113281
4 0.355469 0.062500 0.355469 0.070312 0.367188 0.082031 0.367188 0.085938 0.371094 0.085938 0.375000 0.089844 0.375000 0.105469 0.390625 0.105469 0.398438 0.097656 0.398438 0.089844 0.394531 0.085938 0.394531 0.082031 0.382812 0.082031 0.378906 0.078125 0.378906 0.070312 0.371094 0.070312 0.363281 0.062500
