4 0.609375 0.812500 0.605469 0.816406 0.605469 0.820312 0.589844 0.835938 0.589844 0.839844 0.585938 0.843750 0.585938 0.847656 0.582031 0.851562 0.582031 0.855469 0.578125 0.859375 0.574219 0.859375 0.570312 0.863281 0.554688 0.863281 0.554688 0.871094 0.558594 0.875000 0.558594 0.914062 0.554688 0.917969 0.550781 0.917969 0.542969 0.925781 0.542969 0.933594 0.558594 0.933594 0.562500 0.929688 0.566406 0.929688 0.570312 0.925781 0.578125 0.925781 0.578125 0.906250 0.582031 0.902344 0.582031 0.875000 0.585938 0.871094 0.585938 0.867188 0.593750 0.859375 0.597656 0.859375 0.601562 0.855469 0.605469 0.855469 0.609375 0.851562 0.613281 0.851562 0.613281 0.835938 0.617188 0.832031 0.617188 0.812500
4 0.250000 0.781250 0.246094 0.785156 0.238281 0.785156 0.234375 0.789062 0.222656 0.789062 0.222656 0.796875 0.226562 0.800781 0.265625 0.800781 0.265625 0.796875 0.269531 0.792969 0.277344 0.792969 0.277344 0.781250
4 0.453125 0.714844 0.449219 0.718750 0.449219 0.730469 0.457031 0.738281 0.457031 0.742188 0.460938 0.746094 0.460938 0.773438 0.464844 0.777344 0.464844 0.792969 0.460938 0.796875 0.460938 0.808594 0.468750 0.816406 0.468750 0.867188 0.464844 0.871094 0.460938 0.871094 0.457031 0.875000 0.437500 0.875000 0.433594 0.871094 0.433594 0.863281 0.429688 0.859375 0.429688 0.851562 0.414062 0.851562 0.410156 0.847656 0.410156 0.835938 0.406250 0.832031 0.406250 0.828125 0.402344 0.828125 0.398438 0.824219 0.398438 0.812500 0.390625 0.812500 0.386719 0.816406 0.363281 0.816406 0.359375 0.812500 0.359375 0.800781 0.355469 0.800781 0.351562 0.796875 0.351562 0.789062 0.347656 0.789062 0.343750 0.785156 0.343750 0.769531 0.347656 0.765625 0.347656 0.757812 0.359375 0.746094 0.367188 0.746094 0.371094 0.742188 0.375000 0.742188 0.375000 0.730469 0.343750 0.730469 0.343750 0.734375 0.339844 0.738281 0.324219 0.738281 0.320312 0.734375 0.320312 0.726562 0.316406 0.726562 0.312500 0.722656 0.312500 0.718750 0.300781 0.718750 0.296875 0.722656 0.277344 0.722656 0.277344 0.742188 0.281250 0.746094 0.281250 0.769531 0.296875 0.769531 0.304688 0.777344 0.328125 0.777344 0.332031 0.781250 0.332031 0.796875 0.328125 0.800781 0.316406 0.800781 0.312500 0.804688 0.308594 0.804688 0.308594 0.812500 0.312500 0.816406 0.324219 0.816406 0.328125 0.820312 0.367188 0.820312 0.375000 0.828125 0.378906 0.828125 0.382812 0.832031 0.386719 0.832031 0.390625 0.835938 0.394531 0.835938 0.398438 0.839844 0.398438 0.843750 0.402344 0.847656 0.402344 0.851562 0.410156 0.851562 0.414062 0.855469 0.414062 0.875000 0.417969 0.878906 0.417969 0.882812 0.425781 0.890625 0.425781 0.894531 0.429688 0.898438 0.429688 0.906250 0.437500 0.914062 0.449219 0.914062 0.453125 0.917969 0.453125 0.933594 0.449219 0.937500 0.449219 0.945312 0.445312 0.949219 0.441406 0.949219 0.441406 0.960938 0.457031 0.960938 0.457031 0.957031 0.460938 0.953125 0.468750 0.953125 0.472656 0.949219 0.488281 0.949219 0.492188 0.945312 0.496094 0.945312 0.496094 0.937500 0.480469 0.921875 0.480469 0.890625 0.484375 0.886719 0.484375 0.875000 0.488281 0.871094 0.488281 0.859375 0.484375 0.855469 0.484375 0.835938 0.488281 0.832031 0.488281 0.820312 0.476562 0.820312 0.472656 0.816406 0.472656 0.792969 0.468750 0.789062 0.468750 0.714844
4 0.753906 0.675781 0.750000 0.679688 0.746094 0.679688 0.742188 0.683594 0.738281 0.683594 0.734375 0.687500 0.730469 0.687500 0.726562 0.691406 0.714844 0.691406 0.710938 0.695312 0.707031 0.695312 0.703125 0.699219 0.699219 0.699219 0.695312 0.703125 0.691406 0.703125 0.687500 0.707031 0.687500 0.714844 0.710938 0.714844 0.714844 0.710938 0.734375 0.710938 0.734375 0.707031 0.750000 0.691406 0.753906 0.691406 0.761719 0.683594 0.761719 0.675781
4 0.664062 0.632812 0.664062 0.648438 0.667969 0.648438 0.671875 0.652344 0.703125 0.652344 0.703125 0.636719 0.683594 0.636719 0.679688 0.632812
4 0.386719 0.628906 0.378906 0.636719 0.375000 0.636719 0.371094 0.640625 0.363281 0.640625 0.359375 0.644531 0.351562 0.644531 0.351562 0.652344 0.359375 0.660156 0.359375 0.664062 0.363281 0.667969 0.363281 0.687500 0.386719 0.687500 0.390625 0.691406 0.390625 0.707031 0.398438 0.707031 0.402344 0.703125 0.402344 0.695312 0.394531 0.695312 0.390625 0.691406 0.390625 0.664062 0.386719 0.664062 0.382812 0.660156 0.382812 0.644531 0.386719 0.640625 0.390625 0.640625 0.394531 0.636719 0.394531 0.628906
4 0.316406 0.609375 0.316406 0.617188 0.320312 0.617188 0.324219 0.621094 0.324219 0.625000 0.332031 0.625000 0.332031 0.613281 0.328125 0.613281 0.324219 0.609375
4 0.832031 0.605469 0.832031 0.613281 0.835938 0.613281 0.839844 0.617188 0.839844 0.640625 0.832031 0.648438 0.832031 0.652344 0.828125 0.656250 0.824219 0.656250 0.820312 0.660156 0.816406 0.660156 0.812500 0.664062 0.800781 0.664062 0.800781 0.671875 0.804688 0.671875 0.812500 0.679688 0.820312 0.679688 0.824219 0.675781 0.824219 0.667969 0.828125 0.664062 0.832031 0.664062 0.832031 0.660156 0.835938 0.656250 0.843750 0.656250 0.843750 0.648438 0.847656 0.644531 0.847656 0.632812 0.851562 0.628906 0.863281 0.628906 0.863281 0.613281 0.855469 0.605469
4 0.265625 0.523438 0.265625 0.535156 0.269531 0.535156 0.273438 0.539062 0.273438 0.546875 0.277344 0.550781 0.277344 0.566406 0.281250 0.570312 0.281250 0.578125 0.289062 0.578125 0.292969 0.582031 0.292969 0.585938 0.296875 0.585938 0.304688 0.593750 0.304688 0.601562 0.312500 0.601562 0.312500 0.582031 0.308594 0.582031 0.304688 0.578125 0.304688 0.562500 0.308594 0.558594 0.312500 0.558594 0.312500 0.550781 0.308594 0.550781 0.300781 0.542969 0.300781 0.523438
4 0.578125 0.515625 0.570312 0.523438 0.570312 0.546875 0.582031 0.546875 0.585938 0.542969 0.585938 0.535156 0.589844 0.531250 0.589844 0.515625
4 0.660156 0.460938 0.660156 0.468750 0.667969 0.468750 0.667969 0.460938
4 0.527344 0.386719 0.527344 0.402344 0.523438 0.406250 0.523438 0.417969 0.519531 0.421875 0.519531 0.425781 0.511719 0.433594 0.507812 0.433594 0.507812 0.445312 0.503906 0.449219 0.503906 0.453125 0.496094 0.460938 0.496094 0.464844 0.492188 0.468750 0.492188 0.503906 0.488281 0.507812 0.472656 0.507812 0.468750 0.503906 0.457031 0.503906 0.457031 0.515625 0.453125 0.519531 0.433594 0.519531 0.429688 0.515625 0.429688 0.484375 0.414062 0.484375 0.410156 0.480469 0.410156 0.457031 0.406250 0.457031 0.402344 0.453125 0.402344 0.449219 0.394531 0.449219 0.390625 0.445312 0.390625 0.433594 0.378906 0.433594 0.375000 0.429688 0.375000 0.425781 0.367188 0.425781 0.367188 0.433594 0.371094 0.437500 0.371094 0.453125 0.367188 0.457031 0.367188 0.464844 0.363281 0.468750 0.363281 0.492188 0.359375 0.496094 0.351562 0.496094 0.343750 0.503906 0.324219 0.503906 0.324219 0.515625 0.328125 0.515625 0.332031 0.519531 0.343750 0.519531 0.347656 0.523438 0.363281 0.523438 0.367188 0.519531 0.367188 0.492188 0.371094 0.488281 0.390625 0.488281 0.394531 0.492188 0.394531 0.496094 0.398438 0.500000 0.402344 0.500000 0.406250 0.503906 0.406250 0.507812 0.414062 0.507812 0.417969 0.511719 0.417969 0.527344 0.421875 0.527344 0.425781 0.531250 0.433594 0.531250 0.437500 0.535156 0.437500 0.539062 0.441406 0.542969 0.445312 0.542969 0.449219 0.546875 0.449219 0.562500 0.445312 0.566406 0.437500 0.566406 0.437500 0.574219 0.433594 0.578125 0.429688 0.578125 0.429688 0.585938 0.433594 0.585938 0.437500 0.589844 0.437500 0.593750 0.441406 0.597656 0.441406 0.617188 0.437500 0.621094 0.437500 0.632812 0.449219 0.644531 0.449219 0.652344 0.457031 0.652344 0.460938 0.656250 0.460938 0.671875 0.472656 0.671875 0.476562 0.667969 0.476562 0.664062 0.480469 0.660156 0.480469 0.652344 0.492188 0.640625 0.507812 0.640625 0.511719 0.644531 0.511719 0.652344 0.515625 0.656250 0.515625 0.679688 0.519531 0.679688 0.523438 0.683594 0.523438 0.687500 0.527344 0.691406 0.527344 0.726562 0.535156 0.726562 0.535156 0.703125 0.539062 0.699219 0.542969 0.699219 0.546875 0.695312 0.597656 0.695312 0.601562 0.699219 0.601562 0.714844 0.613281 0.714844 0.613281 0.710938 0.625000 0.699219 0.625000 0.691406 0.597656 0.691406 0.593750 0.687500 0.593750 0.683594 0.589844 0.683594 0.585938 0.679688 0.585938 0.675781 0.574219 0.675781 0.570312 0.671875 0.570312 0.648438 0.578125 0.640625 0.578125 0.628906 0.574219 0.625000 0.574219 0.609375 0.578125 0.605469 0.597656 0.605469 0.601562 0.601562 0.632812 0.601562 0.636719 0.597656 0.636719 0.582031 0.628906 0.582031 0.625000 0.585938 0.617188 0.585938 0.613281 0.589844 0.589844 0.589844 0.585938 0.585938 0.585938 0.570312 0.562500 0.570312 0.558594 0.566406 0.550781 0.566406 0.550781 0.585938 0.546875 0.589844 0.546875 0.621094 0.542969 0.625000 0.535156 0.625000 0.531250 0.628906 0.515625 0.628906 0.511719 0.625000 0.511719 0.613281 0.507812 0.609375 0.507812 0.578125 0.503906 0.574219 0.503906 0.566406 0.500000 0.562500 0.500000 0.507812 0.503906 0.503906 0.503906 0.496094 0.507812 0.492188 0.507812 0.488281 0.515625 0.480469 0.515625 0.476562 0.519531 0.472656 0.519531 0.468750 0.523438 0.464844 0.539062 0.464844 0.542969 0.460938 0.558594 0.460938 0.562500 0.464844 0.562500 0.468750 0.566406 0.468750 0.570312 0.472656 0.570312 0.484375 0.578125 0.484375 0.578125 0.480469 0.582031 0.476562 0.613281 0.476562 0.613281 0.468750 0.617188 0.464844 0.621094 0.464844 0.628906 0.457031 0.652344 0.457031 0.652344 0.441406 0.640625 0.441406 0.640625 0.449219 0.636719 0.453125 0.617188 0.453125 0.613281 0.457031 0.597656 0.457031 0.593750 0.453125 0.593750 0.445312 0.589844 0.441406 0.589844 0.429688 0.582031 0.429688 0.578125 0.425781 0.562500 0.425781 0.558594 0.429688 0.542969 0.429688 0.539062 0.425781 0.535156 0.425781 0.531250 0.421875 0.531250 0.402344 0.539062 0.394531 0.539062 0.386719
4 0.378906 0.300781 0.378906 0.308594 0.386719 0.308594 0.386719 0.300781
4 0.695312 0.285156 0.691406 0.289062 0.691406 0.296875 0.687500 0.300781 0.687500 0.304688 0.683594 0.308594 0.683594 0.316406 0.679688 0.320312 0.679688 0.347656 0.675781 0.351562 0.675781 0.421875 0.679688 0.421875 0.683594 0.425781 0.683594 0.445312 0.687500 0.445312 0.695312 0.453125 0.695312 0.476562 0.699219 0.480469 0.707031 0.480469 0.710938 0.484375 0.710938 0.492188 0.718750 0.492188 0.718750 0.484375 0.714844 0.484375 0.710938 0.480469 0.710938 0.472656 0.707031 0.468750 0.707031 0.460938 0.703125 0.457031 0.703125 0.437500 0.699219 0.433594 0.699219 0.414062 0.695312 0.410156 0.695312 0.394531 0.699219 0.390625 0.703125 0.390625 0.714844 0.378906 0.714844 0.375000 0.718750 0.371094 0.718750 0.367188 0.722656 0.363281 0.722656 0.308594 0.726562 0.304688 0.726562 0.289062 0.707031 0.289062 0.703125 0.285156
4 0.578125 0.109375 0.578125 0.113281 0.574219 0.117188 0.574219 0.125000 0.566406 0.132812 0.566406 0.144531 0.562500 0.148438 0.554688 0.148438 0.546875 0.156250 0.542969 0.156250 0.535156 0.164062 0.531250 0.164062 0.527344 0.167969 0.527344 0.171875 0.511719 0.187500 0.507812 0.187500 0.503906 0.191406 0.488281 0.191406 0.484375 0.195312 0.480469 0.195312 0.472656 0.203125 0.468750 0.203125 0.464844 0.207031 0.457031 0.207031 0.457031 0.226562 0.453125 0.230469 0.449219 0.230469 0.449219 0.234375 0.445312 0.238281 0.441406 0.238281 0.437500 0.242188 0.429688 0.242188 0.425781 0.246094 0.425781 0.277344 0.421875 0.281250 0.402344 0.281250 0.398438 0.277344 0.398438 0.273438 0.390625 0.273438 0.390625 0.292969 0.433594 0.292969 0.437500 0.296875 0.449219 0.296875 0.453125 0.300781 0.457031 0.300781 0.464844 0.308594 0.464844 0.316406 0.468750 0.320312 0.468750 0.324219 0.472656 0.328125 0.472656 0.335938 0.484375 0.335938 0.488281 0.332031 0.492188 0.332031 0.492188 0.320312 0.484375 0.320312 0.480469 0.316406 0.480469 0.296875 0.484375 0.292969 0.527344 0.292969 0.527344 0.277344 0.531250 0.273438 0.535156 0.273438 0.535156 0.269531 0.546875 0.257812 0.554688 0.257812 0.554688 0.250000 0.558594 0.246094 0.562500 0.246094 0.562500 0.238281 0.566406 0.234375 0.582031 0.234375 0.585938 0.230469 0.589844 0.230469 0.589844 0.226562 0.593750 0.222656 0.613281 0.222656 0.617188 0.226562 0.617188 0.230469 0.625000 0.230469 0.628906 0.226562 0.640625 0.226562 0.644531 0.222656 0.644531 0.210938 0.632812 0.210938 0.628906 0.207031 0.628906 0.203125 0.621094 0.195312 0.617188 0.195312 0.613281 0.191406 0.613281 0.171875 0.609375 0.167969 0.609375 0.156250 0.605469 0.152344 0.605469 0.144531 0.601562 0.140625 0.601562 0.136719 0.597656 0.132812 0.597656 0.117188 0.589844 0.109375
