4 0.488281 0.785156 0.484375 0.789062 0.484375 0.796875 0.472656 0.808594 0.468750 0.808594 0.468750 0.824219 0.480469 0.824219 0.480469 0.820312 0.488281 0.812500 0.503906 0.812500 0.503906 0.785156
4 0.238281 0.777344 0.238281 0.785156 0.253906 0.785156 0.257812 0.789062 0.257812 0.800781 0.273438 0.800781 0.277344 0.804688 0.277344 0.808594 0.281250 0.812500 0.289062 0.812500 0.296875 0.820312 0.308594 0.820312 0.312500 0.816406 0.312500 0.804688 0.304688 0.796875 0.304688 0.789062 0.300781 0.785156 0.292969 0.785156 0.289062 0.781250 0.285156 0.781250 0.281250 0.777344
4 0.722656 0.769531 0.722656 0.792969 0.718750 0.796875 0.718750 0.800781 0.714844 0.804688 0.714844 0.808594 0.710938 0.812500 0.710938 0.816406 0.695312 0.832031 0.695312 0.839844 0.683594 0.851562 0.683594 0.855469 0.679688 0.859375 0.679688 0.890625 0.687500 0.890625 0.687500 0.886719 0.691406 0.882812 0.691406 0.871094 0.695312 0.867188 0.695312 0.859375 0.699219 0.855469 0.699219 0.851562 0.714844 0.835938 0.714844 0.828125 0.726562 0.816406 0.726562 0.812500 0.734375 0.804688 0.738281 0.804688 0.750000 0.792969 0.753906 0.792969 0.757812 0.789062 0.757812 0.781250 0.753906 0.777344 0.734375 0.777344 0.730469 0.773438 0.730469 0.769531
4 0.203125 0.714844 0.199219 0.718750 0.195312 0.718750 0.195312 0.734375 0.207031 0.734375 0.210938 0.738281 0.210938 0.750000 0.218750 0.750000 0.218750 0.726562 0.214844 0.722656 0.214844 0.714844
4 0.542969 0.679688 0.542969 0.687500 0.546875 0.691406 0.546875 0.710938 0.542969 0.714844 0.539062 0.714844 0.539062 0.718750 0.535156 0.722656 0.531250 0.722656 0.531250 0.734375 0.535156 0.734375 0.562500 0.761719 0.562500 0.785156 0.558594 0.789062 0.558594 0.804688 0.554688 0.808594 0.535156 0.808594 0.535156 0.816406 0.542969 0.816406 0.550781 0.824219 0.570312 0.824219 0.574219 0.828125 0.574219 0.851562 0.597656 0.851562 0.605469 0.843750 0.605469 0.832031 0.601562 0.832031 0.597656 0.828125 0.597656 0.824219 0.593750 0.824219 0.589844 0.820312 0.589844 0.773438 0.585938 0.769531 0.585938 0.746094 0.582031 0.742188 0.574219 0.742188 0.570312 0.738281 0.566406 0.738281 0.562500 0.734375 0.562500 0.718750 0.558594 0.718750 0.554688 0.714844 0.554688 0.699219 0.550781 0.695312 0.550781 0.679688
4 0.398438 0.617188 0.394531 0.621094 0.390625 0.621094 0.386719 0.625000 0.378906 0.625000 0.378906 0.632812 0.375000 0.636719 0.351562 0.636719 0.351562 0.664062 0.347656 0.667969 0.328125 0.667969 0.324219 0.671875 0.320312 0.671875 0.320312 0.679688 0.332031 0.679688 0.339844 0.687500 0.339844 0.718750 0.335938 0.722656 0.312500 0.722656 0.312500 0.738281 0.316406 0.742188 0.316406 0.746094 0.320312 0.746094 0.324219 0.750000 0.339844 0.750000 0.343750 0.746094 0.367188 0.746094 0.371094 0.750000 0.378906 0.750000 0.378906 0.738281 0.375000 0.738281 0.371094 0.734375 0.371094 0.730469 0.367188 0.730469 0.363281 0.726562 0.363281 0.722656 0.359375 0.722656 0.355469 0.718750 0.355469 0.695312 0.359375 0.691406 0.371094 0.691406 0.375000 0.687500 0.375000 0.683594 0.378906 0.679688 0.414062 0.679688 0.417969 0.683594 0.429688 0.683594 0.429688 0.675781 0.433594 0.671875 0.433594 0.664062 0.425781 0.656250 0.425781 0.640625 0.429688 0.636719 0.441406 0.636719 0.441406 0.628906 0.433594 0.628906 0.429688 0.625000 0.425781 0.625000 0.421875 0.621094 0.421875 0.617188
4 0.332031 0.605469 0.328125 0.609375 0.324219 0.609375 0.324219 0.613281 0.316406 0.621094 0.273438 0.621094 0.273438 0.625000 0.269531 0.628906 0.261719 0.628906 0.257812 0.632812 0.246094 0.632812 0.242188 0.636719 0.242188 0.644531 0.238281 0.648438 0.238281 0.652344 0.234375 0.656250 0.230469 0.656250 0.222656 0.664062 0.210938 0.664062 0.210938 0.671875 0.222656 0.683594 0.222656 0.687500 0.226562 0.691406 0.226562 0.699219 0.253906 0.699219 0.257812 0.703125 0.257812 0.707031 0.265625 0.707031 0.273438 0.699219 0.273438 0.691406 0.257812 0.691406 0.253906 0.687500 0.253906 0.671875 0.257812 0.667969 0.273438 0.667969 0.277344 0.664062 0.289062 0.664062 0.289062 0.636719 0.292969 0.632812 0.300781 0.632812 0.304688 0.628906 0.343750 0.628906 0.343750 0.609375 0.339844 0.605469
4 0.457031 0.593750 0.457031 0.597656 0.453125 0.601562 0.453125 0.609375 0.460938 0.609375 0.464844 0.605469 0.464844 0.593750
4 0.800781 0.566406 0.800781 0.570312 0.796875 0.574219 0.796875 0.589844 0.800781 0.593750 0.800781 0.605469 0.804688 0.605469 0.808594 0.609375 0.816406 0.609375 0.820312 0.613281 0.828125 0.613281 0.828125 0.570312 0.824219 0.566406
4 0.914062 0.511719 0.914062 0.531250 0.910156 0.535156 0.906250 0.535156 0.898438 0.542969 0.898438 0.550781 0.894531 0.554688 0.886719 0.554688 0.886719 0.566406 0.898438 0.566406 0.898438 0.554688 0.902344 0.550781 0.906250 0.550781 0.910156 0.546875 0.917969 0.546875 0.925781 0.539062 0.929688 0.539062 0.937500 0.531250 0.937500 0.519531 0.933594 0.515625 0.933594 0.511719
4 0.679688 0.492188 0.675781 0.496094 0.675781 0.503906 0.671875 0.507812 0.667969 0.507812 0.667969 0.523438 0.675781 0.523438 0.679688 0.519531 0.703125 0.519531 0.707031 0.523438 0.710938 0.523438 0.714844 0.527344 0.738281 0.527344 0.742188 0.531250 0.769531 0.531250 0.773438 0.535156 0.781250 0.535156 0.781250 0.527344 0.757812 0.527344 0.753906 0.523438 0.742188 0.523438 0.738281 0.519531 0.726562 0.519531 0.722656 0.515625 0.707031 0.515625 0.703125 0.511719 0.703125 0.507812 0.695312 0.500000 0.695312 0.496094 0.691406 0.492188
4 0.195312 0.281250 0.195312 0.296875 0.187500 0.304688 0.187500 0.335938 0.183594 0.339844 0.179688 0.339844 0.179688 0.351562 0.187500 0.351562 0.187500 0.335938 0.191406 0.332031 0.199219 0.332031 0.203125 0.328125 0.218750 0.328125 0.226562 0.335938 0.238281 0.335938 0.246094 0.328125 0.246094 0.316406 0.250000 0.312500 0.292969 0.312500 0.292969 0.308594 0.296875 0.304688 0.296875 0.296875 0.285156 0.296875 0.277344 0.304688 0.261719 0.304688 0.257812 0.300781 0.250000 0.300781 0.246094 0.296875 0.222656 0.296875 0.218750 0.292969 0.218750 0.285156 0.214844 0.285156 0.210938 0.281250
4 0.750000 0.246094 0.746094 0.250000 0.746094 0.257812 0.757812 0.257812 0.765625 0.265625 0.765625 0.285156 0.773438 0.285156 0.773438 0.265625 0.777344 0.261719 0.781250 0.261719 0.785156 0.257812 0.800781 0.257812 0.800781 0.250000 0.796875 0.246094
4 0.332031 0.167969 0.324219 0.175781 0.324219 0.187500 0.320312 0.191406 0.320312 0.195312 0.316406 0.199219 0.304688 0.199219 0.304688 0.214844 0.308594 0.218750 0.320312 0.218750 0.324219 0.214844 0.328125 0.214844 0.328125 0.199219 0.332031 0.195312 0.335938 0.195312 0.351562 0.179688 0.351562 0.167969
4 0.664062 0.144531 0.664062 0.152344 0.667969 0.152344 0.671875 0.156250 0.671875 0.171875 0.703125 0.171875 0.707031 0.167969 0.710938 0.167969 0.710938 0.156250 0.707031 0.156250 0.703125 0.152344 0.683594 0.152344 0.679688 0.148438 0.679688 0.144531
4 0.484375 0.035156 0.484375 0.062500 0.480469 0.066406 0.476562 0.066406 0.476562 0.085938 0.472656 0.089844 0.472656 0.113281 0.468750 0.117188 0.441406 0.117188 0.433594 0.125000 0.433594 0.132812 0.441406 0.132812 0.445312 0.136719 0.445312 0.152344 0.453125 0.152344 0.457031 0.148438 0.457031 0.132812 0.460938 0.128906 0.476562 0.128906 0.492188 0.144531 0.492188 0.160156 0.488281 0.164062 0.488281 0.171875 0.492188 0.175781 0.492188 0.191406 0.484375 0.199219 0.484375 0.222656 0.480469 0.226562 0.480469 0.234375 0.476562 0.238281 0.464844 0.238281 0.460938 0.242188 0.457031 0.242188 0.449219 0.250000 0.445312 0.250000 0.445312 0.261719 0.492188 0.261719 0.496094 0.265625 0.496094 0.273438 0.500000 0.277344 0.500000 0.296875 0.496094 0.300781 0.496094 0.312500 0.500000 0.316406 0.500000 0.351562 0.515625 0.351562 0.519531 0.355469 0.519531 0.390625 0.523438 0.394531 0.523438 0.425781 0.519531 0.429688 0.507812 0.429688 0.507812 0.437500 0.511719 0.441406 0.523438 0.441406 0.527344 0.445312 0.527344 0.464844 0.523438 0.468750 0.511719 0.468750 0.511719 0.480469 0.515625 0.484375 0.515625 0.488281 0.519531 0.488281 0.523438 0.492188 0.523438 0.500000 0.527344 0.500000 0.531250 0.503906 0.531250 0.519531 0.542969 0.519531 0.546875 0.523438 0.546875 0.542969 0.542969 0.546875 0.539062 0.546875 0.539062 0.574219 0.531250 0.582031 0.519531 0.582031 0.519531 0.617188 0.539062 0.617188 0.542969 0.621094 0.542969 0.636719 0.539062 0.640625 0.539062 0.652344 0.546875 0.652344 0.546875 0.648438 0.550781 0.644531 0.574219 0.644531 0.578125 0.640625 0.578125 0.628906 0.570312 0.621094 0.550781 0.621094 0.546875 0.617188 0.546875 0.597656 0.554688 0.589844 0.554688 0.578125 0.558594 0.574219 0.566406 0.574219 0.566406 0.562500 0.554688 0.562500 0.550781 0.558594 0.550781 0.542969 0.558594 0.535156 0.558594 0.531250 0.562500 0.527344 0.562500 0.511719 0.542969 0.511719 0.539062 0.507812 0.539062 0.468750 0.542969 0.464844 0.542969 0.445312 0.539062 0.441406 0.539062 0.437500 0.535156 0.433594 0.535156 0.421875 0.531250 0.417969 0.531250 0.406250 0.527344 0.402344 0.527344 0.386719 0.531250 0.382812 0.531250 0.332031 0.535156 0.328125 0.542969 0.328125 0.546875 0.324219 0.546875 0.316406 0.539062 0.316406 0.535156 0.312500 0.531250 0.312500 0.527344 0.308594 0.527344 0.277344 0.531250 0.273438 0.539062 0.273438 0.539062 0.265625 0.527344 0.265625 0.523438 0.261719 0.523438 0.238281 0.519531 0.234375 0.519531 0.183594 0.523438 0.179688 0.523438 0.167969 0.527344 0.164062 0.527344 0.152344 0.523438 0.148438 0.523438 0.101562 0.519531 0.097656 0.519531 0.082031 0.523438 0.078125 0.542969 0.078125 0.546875 0.074219 0.554688 0.074219 0.554688 0.066406 0.546875 0.066406 0.542969 0.062500 0.542969 0.054688 0.535156 0.046875 0.531250 0.046875 0.527344 0.042969 0.519531 0.042969 0.515625 0.039062 0.496094 0.039062 0.492188 0.035156
