4 0.468750 0.769531 0.464844 0.773438 0.464844 0.785156 0.468750 0.789062 0.468750 0.792969 0.500000 0.792969 0.500000 0.785156 0.496094 0.785156 0.492188 0.781250 0.492188 0.777344 0.488281 0.777344 0.480469 0.769531
4 0.339844 0.753906 0.335938 0.757812 0.328125 0.757812 0.328125 0.769531 0.324219 0.773438 0.324219 0.781250 0.355469 0.781250 0.359375 0.777344 0.371094 0.777344 0.375000 0.773438 0.417969 0.773438 0.417969 0.761719 0.414062 0.757812 0.394531 0.757812 0.390625 0.761719 0.359375 0.761719 0.351562 0.753906
4 0.496094 0.671875 0.496094 0.683594 0.503906 0.683594 0.507812 0.679688 0.507812 0.671875
4 0.554688 0.664062 0.554688 0.675781 0.550781 0.679688 0.550781 0.683594 0.546875 0.687500 0.542969 0.687500 0.542969 0.691406 0.539062 0.695312 0.527344 0.695312 0.527344 0.703125 0.531250 0.707031 0.531250 0.730469 0.527344 0.734375 0.527344 0.742188 0.535156 0.742188 0.535156 0.734375 0.539062 0.730469 0.562500 0.730469 0.566406 0.726562 0.566406 0.722656 0.570312 0.718750 0.570312 0.695312 0.574219 0.691406 0.585938 0.691406 0.585938 0.683594 0.578125 0.683594 0.574219 0.679688 0.574219 0.664062
4 0.429688 0.664062 0.429688 0.675781 0.437500 0.675781 0.441406 0.671875 0.441406 0.664062
4 0.468750 0.640625 0.464844 0.644531 0.464844 0.656250 0.480469 0.656250 0.480469 0.640625
4 0.515625 0.609375 0.515625 0.621094 0.507812 0.628906 0.507812 0.636719 0.511719 0.640625 0.511719 0.648438 0.523438 0.648438 0.523438 0.621094 0.527344 0.617188 0.527344 0.609375
4 0.558594 0.574219 0.554688 0.578125 0.550781 0.578125 0.550781 0.589844 0.562500 0.589844 0.570312 0.582031 0.570312 0.574219
4 0.640625 0.570312 0.640625 0.589844 0.636719 0.593750 0.617188 0.593750 0.617188 0.621094 0.613281 0.625000 0.609375 0.625000 0.609375 0.632812 0.613281 0.636719 0.621094 0.636719 0.625000 0.640625 0.632812 0.640625 0.644531 0.628906 0.644531 0.617188 0.648438 0.613281 0.648438 0.601562 0.652344 0.597656 0.660156 0.597656 0.664062 0.593750 0.671875 0.593750 0.675781 0.589844 0.675781 0.578125 0.652344 0.578125 0.648438 0.574219 0.648438 0.570312
4 0.328125 0.515625 0.328125 0.527344 0.332031 0.527344 0.335938 0.531250 0.335938 0.554688 0.378906 0.554688 0.378906 0.535156 0.359375 0.535156 0.355469 0.531250 0.355469 0.519531 0.347656 0.519531 0.343750 0.515625
4 0.371094 0.437500 0.371094 0.445312 0.382812 0.445312 0.382812 0.437500
4 0.320312 0.402344 0.320312 0.410156 0.328125 0.410156 0.332031 0.414062 0.332031 0.417969 0.347656 0.417969 0.347656 0.410156 0.332031 0.410156 0.328125 0.406250 0.328125 0.402344
4 0.621094 0.390625 0.621094 0.410156 0.625000 0.414062 0.625000 0.417969 0.632812 0.425781 0.632812 0.429688 0.636719 0.433594 0.636719 0.437500 0.640625 0.441406 0.640625 0.453125 0.644531 0.457031 0.652344 0.457031 0.656250 0.460938 0.656250 0.480469 0.648438 0.488281 0.648438 0.500000 0.644531 0.503906 0.644531 0.507812 0.640625 0.511719 0.621094 0.511719 0.617188 0.507812 0.613281 0.507812 0.605469 0.500000 0.601562 0.500000 0.597656 0.496094 0.597656 0.484375 0.589844 0.484375 0.589844 0.492188 0.585938 0.496094 0.582031 0.496094 0.578125 0.500000 0.566406 0.500000 0.566406 0.503906 0.562500 0.507812 0.511719 0.507812 0.507812 0.511719 0.464844 0.511719 0.460938 0.507812 0.460938 0.503906 0.453125 0.496094 0.449219 0.496094 0.445312 0.492188 0.433594 0.492188 0.429688 0.488281 0.429688 0.484375 0.421875 0.484375 0.421875 0.503906 0.417969 0.507812 0.394531 0.507812 0.394531 0.515625 0.390625 0.519531 0.390625 0.527344 0.421875 0.527344 0.429688 0.519531 0.460938 0.519531 0.464844 0.523438 0.464844 0.535156 0.468750 0.539062 0.476562 0.539062 0.476562 0.531250 0.484375 0.523438 0.507812 0.523438 0.511719 0.527344 0.523438 0.527344 0.527344 0.523438 0.558594 0.523438 0.566406 0.515625 0.566406 0.511719 0.570312 0.507812 0.585938 0.507812 0.589844 0.511719 0.589844 0.515625 0.597656 0.515625 0.601562 0.519531 0.601562 0.523438 0.605469 0.527344 0.628906 0.527344 0.632812 0.523438 0.664062 0.523438 0.667969 0.527344 0.687500 0.527344 0.691406 0.531250 0.691406 0.550781 0.703125 0.550781 0.710938 0.542969 0.714844 0.542969 0.718750 0.539062 0.722656 0.539062 0.726562 0.535156 0.773438 0.535156 0.777344 0.539062 0.824219 0.539062 0.828125 0.542969 0.855469 0.542969 0.859375 0.546875 0.859375 0.558594 0.863281 0.562500 0.863281 0.570312 0.890625 0.570312 0.894531 0.566406 0.894531 0.531250 0.890625 0.527344 0.890625 0.519531 0.878906 0.519531 0.878906 0.539062 0.875000 0.542969 0.859375 0.542969 0.855469 0.539062 0.855469 0.535156 0.832031 0.535156 0.828125 0.531250 0.792969 0.531250 0.789062 0.527344 0.789062 0.515625 0.753906 0.515625 0.750000 0.511719 0.699219 0.511719 0.695312 0.507812 0.683594 0.507812 0.679688 0.503906 0.679688 0.496094 0.675781 0.492188 0.675781 0.468750 0.671875 0.464844 0.671875 0.460938 0.667969 0.457031 0.667969 0.453125 0.660156 0.445312 0.660156 0.417969 0.656250 0.414062 0.656250 0.410156 0.652344 0.410156 0.644531 0.402344 0.644531 0.398438 0.640625 0.394531 0.632812 0.394531 0.628906 0.390625
4 0.558594 0.332031 0.558594 0.351562 0.554688 0.355469 0.554688 0.363281 0.550781 0.367188 0.539062 0.367188 0.539062 0.378906 0.554688 0.378906 0.558594 0.382812 0.558594 0.406250 0.554688 0.410156 0.535156 0.410156 0.535156 0.417969 0.539062 0.417969 0.542969 0.421875 0.542969 0.445312 0.546875 0.445312 0.550781 0.449219 0.550781 0.453125 0.554688 0.453125 0.558594 0.457031 0.574219 0.457031 0.574219 0.453125 0.585938 0.441406 0.589844 0.441406 0.589844 0.433594 0.585938 0.429688 0.585938 0.414062 0.589844 0.410156 0.593750 0.410156 0.593750 0.398438 0.589844 0.394531 0.582031 0.394531 0.578125 0.390625 0.578125 0.359375 0.582031 0.355469 0.589844 0.355469 0.589844 0.343750 0.582031 0.343750 0.574219 0.335938 0.574219 0.332031
4 0.332031 0.238281 0.328125 0.242188 0.316406 0.242188 0.312500 0.246094 0.308594 0.246094 0.308594 0.250000 0.304688 0.253906 0.277344 0.253906 0.273438 0.257812 0.273438 0.269531 0.277344 0.273438 0.277344 0.277344 0.285156 0.277344 0.292969 0.285156 0.300781 0.285156 0.300781 0.273438 0.304688 0.269531 0.328125 0.269531 0.328125 0.257812 0.332031 0.253906 0.335938 0.253906 0.335938 0.250000 0.339844 0.246094 0.343750 0.246094 0.343750 0.238281
