4 0.667969 0.843750 0.667969 0.863281 0.664062 0.867188 0.656250 0.867188 0.656250 0.871094 0.652344 0.875000 0.648438 0.875000 0.644531 0.878906 0.640625 0.878906 0.640625 0.882812 0.632812 0.890625 0.625000 0.890625 0.621094 0.894531 0.621094 0.906250 0.628906 0.906250 0.636719 0.914062 0.636719 0.925781 0.644531 0.933594 0.644531 0.941406 0.648438 0.945312 0.648438 0.949219 0.652344 0.953125 0.652344 0.957031 0.664062 0.957031 0.664062 0.953125 0.667969 0.949219 0.667969 0.894531 0.671875 0.890625 0.671875 0.863281 0.675781 0.859375 0.679688 0.859375 0.679688 0.843750
4 0.515625 0.804688 0.515625 0.812500 0.523438 0.820312 0.527344 0.820312 0.535156 0.828125 0.558594 0.828125 0.562500 0.832031 0.570312 0.832031 0.570312 0.824219 0.558594 0.824219 0.554688 0.820312 0.554688 0.816406 0.546875 0.816406 0.542969 0.812500 0.535156 0.812500 0.531250 0.808594 0.527344 0.808594 0.523438 0.804688
4 0.492188 0.781250 0.488281 0.785156 0.484375 0.785156 0.484375 0.792969 0.492188 0.800781 0.500000 0.800781 0.500000 0.781250
4 0.136719 0.625000 0.136719 0.628906 0.132812 0.632812 0.132812 0.636719 0.128906 0.640625 0.128906 0.648438 0.132812 0.652344 0.132812 0.660156 0.140625 0.660156 0.144531 0.656250 0.148438 0.656250 0.152344 0.652344 0.156250 0.652344 0.164062 0.644531 0.187500 0.644531 0.187500 0.636719 0.179688 0.628906 0.164062 0.628906 0.160156 0.625000
4 0.101562 0.515625 0.101562 0.523438 0.097656 0.527344 0.097656 0.531250 0.093750 0.535156 0.089844 0.535156 0.089844 0.542969 0.097656 0.542969 0.101562 0.546875 0.101562 0.558594 0.109375 0.558594 0.109375 0.550781 0.117188 0.542969 0.117188 0.535156 0.109375 0.527344 0.109375 0.515625
4 0.105469 0.484375 0.105469 0.492188 0.113281 0.492188 0.113281 0.484375
4 0.332031 0.437500 0.332031 0.445312 0.328125 0.449219 0.312500 0.449219 0.312500 0.457031 0.324219 0.457031 0.328125 0.460938 0.328125 0.468750 0.335938 0.468750 0.339844 0.472656 0.339844 0.507812 0.347656 0.507812 0.351562 0.511719 0.378906 0.511719 0.382812 0.515625 0.382812 0.523438 0.406250 0.523438 0.406250 0.515625 0.402344 0.511719 0.386719 0.511719 0.382812 0.507812 0.382812 0.492188 0.378906 0.488281 0.359375 0.488281 0.355469 0.484375 0.355469 0.464844 0.347656 0.457031 0.343750 0.457031 0.339844 0.453125 0.339844 0.437500
4 0.523438 0.410156 0.519531 0.414062 0.519531 0.433594 0.523438 0.437500 0.523438 0.457031 0.519531 0.460938 0.515625 0.460938 0.515625 0.476562 0.523438 0.484375 0.523438 0.503906 0.527344 0.507812 0.527344 0.582031 0.535156 0.589844 0.535156 0.601562 0.539062 0.605469 0.539062 0.632812 0.535156 0.636719 0.527344 0.636719 0.527344 0.644531 0.542969 0.644531 0.546875 0.648438 0.546875 0.652344 0.550781 0.652344 0.554688 0.656250 0.554688 0.671875 0.550781 0.675781 0.531250 0.675781 0.527344 0.679688 0.527344 0.687500 0.531250 0.691406 0.542969 0.691406 0.550781 0.699219 0.558594 0.699219 0.562500 0.703125 0.562500 0.710938 0.566406 0.714844 0.566406 0.730469 0.562500 0.734375 0.550781 0.734375 0.550781 0.742188 0.562500 0.742188 0.566406 0.746094 0.570312 0.746094 0.574219 0.750000 0.574219 0.765625 0.570312 0.769531 0.566406 0.769531 0.566406 0.789062 0.570312 0.789062 0.574219 0.792969 0.574219 0.800781 0.578125 0.804688 0.593750 0.804688 0.597656 0.808594 0.597656 0.828125 0.593750 0.832031 0.593750 0.835938 0.589844 0.839844 0.589844 0.847656 0.593750 0.851562 0.601562 0.851562 0.601562 0.847656 0.605469 0.843750 0.617188 0.843750 0.617188 0.820312 0.621094 0.816406 0.621094 0.804688 0.613281 0.804688 0.605469 0.796875 0.605469 0.781250 0.609375 0.777344 0.613281 0.777344 0.613281 0.773438 0.617188 0.769531 0.621094 0.769531 0.621094 0.761719 0.605469 0.761719 0.601562 0.757812 0.597656 0.757812 0.593750 0.753906 0.593750 0.738281 0.589844 0.734375 0.589844 0.722656 0.585938 0.718750 0.585938 0.683594 0.582031 0.683594 0.578125 0.679688 0.578125 0.648438 0.574219 0.644531 0.574219 0.636719 0.570312 0.632812 0.570312 0.628906 0.558594 0.617188 0.554688 0.617188 0.550781 0.613281 0.550781 0.601562 0.546875 0.597656 0.546875 0.578125 0.542969 0.574219 0.542969 0.550781 0.546875 0.546875 0.546875 0.535156 0.542969 0.531250 0.542969 0.523438 0.535156 0.515625 0.535156 0.492188 0.531250 0.488281 0.531250 0.421875 0.535156 0.417969 0.535156 0.410156
4 0.527344 0.363281 0.527344 0.371094 0.535156 0.371094 0.535156 0.363281
4 0.753906 0.359375 0.753906 0.367188 0.750000 0.371094 0.750000 0.402344 0.753906 0.406250 0.757812 0.406250 0.765625 0.414062 0.765625 0.429688 0.761719 0.433594 0.761719 0.445312 0.765625 0.449219 0.765625 0.468750 0.773438 0.468750 0.781250 0.476562 0.781250 0.480469 0.785156 0.484375 0.785156 0.488281 0.789062 0.492188 0.792969 0.492188 0.800781 0.500000 0.800781 0.515625 0.804688 0.519531 0.804688 0.539062 0.800781 0.542969 0.769531 0.542969 0.765625 0.546875 0.757812 0.546875 0.757812 0.558594 0.761719 0.562500 0.761719 0.578125 0.757812 0.582031 0.757812 0.589844 0.753906 0.593750 0.750000 0.593750 0.750000 0.605469 0.757812 0.605469 0.761719 0.609375 0.761719 0.628906 0.765625 0.628906 0.769531 0.632812 0.777344 0.632812 0.777344 0.628906 0.785156 0.621094 0.800781 0.621094 0.800781 0.613281 0.796875 0.613281 0.792969 0.609375 0.792969 0.589844 0.796875 0.585938 0.796875 0.582031 0.800781 0.578125 0.808594 0.578125 0.808594 0.550781 0.812500 0.546875 0.816406 0.546875 0.816406 0.539062 0.820312 0.535156 0.835938 0.535156 0.835938 0.523438 0.832031 0.519531 0.832031 0.515625 0.828125 0.511719 0.812500 0.511719 0.808594 0.507812 0.808594 0.503906 0.804688 0.500000 0.804688 0.480469 0.800781 0.476562 0.796875 0.476562 0.792969 0.472656 0.792969 0.464844 0.789062 0.460938 0.789062 0.457031 0.785156 0.453125 0.785156 0.445312 0.781250 0.441406 0.781250 0.433594 0.777344 0.429688 0.777344 0.414062 0.773438 0.410156 0.773438 0.406250 0.765625 0.398438 0.765625 0.378906 0.761719 0.375000 0.761719 0.359375
4 0.539062 0.289062 0.539062 0.300781 0.546875 0.300781 0.550781 0.296875 0.550781 0.289062
4 0.765625 0.265625 0.753906 0.277344 0.753906 0.285156 0.750000 0.289062 0.750000 0.308594 0.746094 0.312500 0.746094 0.320312 0.750000 0.324219 0.750000 0.335938 0.761719 0.335938 0.761719 0.316406 0.765625 0.312500 0.765625 0.296875 0.769531 0.292969 0.769531 0.285156 0.773438 0.281250 0.773438 0.265625
4 0.195312 0.238281 0.195312 0.265625 0.191406 0.269531 0.187500 0.269531 0.179688 0.277344 0.179688 0.285156 0.191406 0.285156 0.191406 0.281250 0.195312 0.277344 0.199219 0.277344 0.199219 0.265625 0.203125 0.261719 0.210938 0.261719 0.210938 0.246094 0.203125 0.238281
4 0.238281 0.218750 0.238281 0.242188 0.242188 0.246094 0.250000 0.246094 0.250000 0.238281 0.253906 0.234375 0.269531 0.234375 0.269531 0.222656 0.253906 0.222656 0.250000 0.218750
4 0.789062 0.203125 0.789062 0.214844 0.785156 0.218750 0.777344 0.218750 0.777344 0.222656 0.769531 0.230469 0.769531 0.238281 0.789062 0.238281 0.789062 0.214844 0.792969 0.210938 0.796875 0.210938 0.796875 0.203125
4 0.328125 0.167969 0.324219 0.171875 0.316406 0.171875 0.312500 0.175781 0.312500 0.183594 0.308594 0.187500 0.300781 0.187500 0.296875 0.191406 0.296875 0.199219 0.320312 0.199219 0.324219 0.203125 0.335938 0.203125 0.335938 0.167969
4 0.410156 0.140625 0.410156 0.144531 0.406250 0.148438 0.398438 0.148438 0.398438 0.152344 0.394531 0.156250 0.375000 0.156250 0.371094 0.152344 0.371094 0.148438 0.359375 0.148438 0.355469 0.152344 0.355469 0.160156 0.363281 0.167969 0.363281 0.171875 0.367188 0.175781 0.378906 0.175781 0.378906 0.171875 0.382812 0.167969 0.382812 0.164062 0.386719 0.160156 0.410156 0.160156 0.414062 0.156250 0.421875 0.156250 0.421875 0.152344 0.425781 0.148438 0.425781 0.140625
4 0.687500 0.109375 0.683594 0.113281 0.679688 0.113281 0.675781 0.117188 0.675781 0.128906 0.683594 0.128906 0.691406 0.136719 0.710938 0.136719 0.718750 0.128906 0.722656 0.128906 0.722656 0.113281 0.707031 0.113281 0.703125 0.109375
4 0.593750 0.039062 0.593750 0.042969 0.589844 0.046875 0.589844 0.050781 0.585938 0.054688 0.558594 0.054688 0.550781 0.062500 0.550781 0.074219 0.546875 0.078125 0.546875 0.082031 0.542969 0.085938 0.527344 0.085938 0.527344 0.101562 0.535156 0.101562 0.542969 0.093750 0.550781 0.093750 0.554688 0.089844 0.566406 0.089844 0.566406 0.085938 0.570312 0.082031 0.574219 0.082031 0.574219 0.070312 0.578125 0.066406 0.578125 0.058594 0.582031 0.054688 0.613281 0.054688 0.617188 0.058594 0.625000 0.058594 0.625000 0.050781 0.621094 0.050781 0.617188 0.046875 0.609375 0.046875 0.601562 0.039062
