4 0.503906 0.582031 0.500000 0.585938 0.496094 0.585938 0.496094 0.589844 0.492188 0.593750 0.480469 0.593750 0.468750 0.605469 0.457031 0.605469 0.457031 0.628906 0.453125 0.632812 0.449219 0.632812 0.449219 0.652344 0.476562 0.652344 0.480469 0.656250 0.480469 0.660156 0.484375 0.664062 0.488281 0.664062 0.496094 0.671875 0.511719 0.671875 0.511719 0.648438 0.488281 0.648438 0.484375 0.644531 0.484375 0.628906 0.492188 0.621094 0.496094 0.621094 0.500000 0.617188 0.515625 0.617188 0.519531 0.621094 0.519531 0.636719 0.527344 0.636719 0.531250 0.632812 0.535156 0.632812 0.535156 0.628906 0.539062 0.625000 0.539062 0.613281 0.535156 0.613281 0.531250 0.609375 0.531250 0.593750 0.527344 0.593750 0.523438 0.589844 0.523438 0.585938 0.519531 0.585938 0.515625 0.582031
4 0.562500 0.542969 0.562500 0.550781 0.570312 0.550781 0.570312 0.542969
4 0.433594 0.535156 0.433594 0.542969 0.441406 0.542969 0.441406 0.535156
4 0.449219 0.507812 0.445312 0.511719 0.445312 0.519531 0.453125 0.519531 0.457031 0.515625 0.457031 0.507812
4 0.265625 0.507812 0.265625 0.566406 0.269531 0.570312 0.273438 0.570312 0.277344 0.574219 0.277344 0.609375 0.273438 0.613281 0.273438 0.628906 0.269531 0.632812 0.269531 0.636719 0.265625 0.640625 0.265625 0.648438 0.261719 0.652344 0.261719 0.671875 0.265625 0.675781 0.265625 0.683594 0.269531 0.683594 0.273438 0.687500 0.273438 0.695312 0.277344 0.699219 0.277344 0.703125 0.292969 0.703125 0.296875 0.707031 0.296875 0.722656 0.292969 0.726562 0.289062 0.726562 0.289062 0.753906 0.285156 0.757812 0.285156 0.765625 0.281250 0.769531 0.281250 0.773438 0.273438 0.781250 0.269531 0.781250 0.269531 0.785156 0.265625 0.789062 0.265625 0.792969 0.257812 0.800781 0.257812 0.804688 0.253906 0.808594 0.253906 0.820312 0.250000 0.824219 0.250000 0.832031 0.253906 0.835938 0.261719 0.835938 0.273438 0.824219 0.273438 0.820312 0.277344 0.816406 0.277344 0.812500 0.289062 0.800781 0.289062 0.796875 0.296875 0.789062 0.296875 0.781250 0.300781 0.777344 0.304688 0.777344 0.328125 0.753906 0.328125 0.734375 0.332031 0.730469 0.332031 0.699219 0.335938 0.695312 0.347656 0.695312 0.351562 0.691406 0.351562 0.675781 0.335938 0.675781 0.332031 0.671875 0.332031 0.667969 0.324219 0.667969 0.320312 0.671875 0.304688 0.671875 0.300781 0.667969 0.300781 0.644531 0.296875 0.640625 0.296875 0.636719 0.292969 0.632812 0.292969 0.617188 0.296875 0.613281 0.296875 0.578125 0.289062 0.570312 0.281250 0.570312 0.277344 0.566406 0.277344 0.542969 0.281250 0.539062 0.281250 0.531250 0.277344 0.527344 0.277344 0.519531 0.273438 0.515625 0.273438 0.507812
4 0.726562 0.503906 0.722656 0.507812 0.710938 0.507812 0.707031 0.511719 0.707031 0.515625 0.699219 0.523438 0.695312 0.523438 0.691406 0.527344 0.691406 0.535156 0.687500 0.539062 0.687500 0.558594 0.695312 0.558594 0.695312 0.554688 0.703125 0.546875 0.710938 0.546875 0.710938 0.539062 0.714844 0.535156 0.718750 0.535156 0.718750 0.531250 0.722656 0.527344 0.722656 0.515625 0.726562 0.511719 0.734375 0.511719 0.734375 0.503906
4 0.617188 0.476562 0.617188 0.484375 0.621094 0.488281 0.628906 0.488281 0.628906 0.476562
4 0.707031 0.449219 0.691406 0.464844 0.691406 0.472656 0.695312 0.476562 0.703125 0.476562 0.707031 0.472656 0.718750 0.472656 0.722656 0.468750 0.722656 0.460938 0.714844 0.453125 0.714844 0.449219
4 0.363281 0.414062 0.363281 0.421875 0.359375 0.425781 0.343750 0.425781 0.335938 0.417969 0.328125 0.417969 0.324219 0.421875 0.324219 0.429688 0.328125 0.433594 0.328125 0.441406 0.332031 0.445312 0.335938 0.445312 0.355469 0.464844 0.363281 0.464844 0.367188 0.468750 0.367188 0.500000 0.363281 0.503906 0.363281 0.535156 0.355469 0.542969 0.355469 0.550781 0.359375 0.554688 0.359375 0.574219 0.347656 0.585938 0.347656 0.593750 0.351562 0.593750 0.355469 0.597656 0.355469 0.621094 0.363281 0.628906 0.363281 0.644531 0.359375 0.648438 0.359375 0.664062 0.371094 0.664062 0.371094 0.656250 0.378906 0.648438 0.382812 0.648438 0.386719 0.644531 0.390625 0.644531 0.390625 0.632812 0.402344 0.621094 0.402344 0.605469 0.406250 0.601562 0.410156 0.601562 0.410156 0.585938 0.414062 0.582031 0.417969 0.582031 0.417969 0.574219 0.410156 0.574219 0.410156 0.589844 0.406250 0.593750 0.398438 0.593750 0.398438 0.597656 0.386719 0.609375 0.371094 0.609375 0.367188 0.605469 0.367188 0.574219 0.371094 0.570312 0.378906 0.570312 0.378906 0.554688 0.375000 0.550781 0.375000 0.531250 0.371094 0.527344 0.371094 0.496094 0.375000 0.492188 0.378906 0.492188 0.378906 0.484375 0.375000 0.480469 0.375000 0.441406 0.371094 0.437500 0.371094 0.414062
4 0.531250 0.398438 0.531250 0.417969 0.527344 0.421875 0.519531 0.421875 0.515625 0.425781 0.511719 0.425781 0.507812 0.429688 0.507812 0.433594 0.500000 0.441406 0.500000 0.445312 0.492188 0.453125 0.492188 0.460938 0.484375 0.468750 0.480469 0.468750 0.480469 0.476562 0.488281 0.476562 0.492188 0.472656 0.496094 0.472656 0.500000 0.468750 0.500000 0.464844 0.503906 0.460938 0.503906 0.453125 0.511719 0.445312 0.531250 0.445312 0.539062 0.437500 0.539062 0.429688 0.535156 0.425781 0.535156 0.410156 0.539062 0.406250 0.539062 0.398438
4 0.398438 0.304688 0.398438 0.308594 0.394531 0.312500 0.390625 0.312500 0.390625 0.316406 0.386719 0.320312 0.386719 0.328125 0.382812 0.332031 0.382812 0.351562 0.378906 0.355469 0.378906 0.371094 0.394531 0.371094 0.394531 0.332031 0.398438 0.328125 0.398438 0.320312 0.402344 0.316406 0.406250 0.316406 0.406250 0.304688
4 0.312500 0.289062 0.308594 0.292969 0.296875 0.292969 0.296875 0.308594 0.300781 0.308594 0.304688 0.312500 0.304688 0.328125 0.312500 0.328125 0.316406 0.324219 0.320312 0.324219 0.320312 0.320312 0.324219 0.316406 0.324219 0.289062
4 0.414062 0.261719 0.410156 0.265625 0.410156 0.281250 0.414062 0.285156 0.414062 0.289062 0.421875 0.289062 0.421875 0.261719
4 0.625000 0.242188 0.625000 0.246094 0.621094 0.250000 0.621094 0.253906 0.613281 0.261719 0.613281 0.265625 0.609375 0.269531 0.601562 0.269531 0.601562 0.281250 0.593750 0.289062 0.582031 0.289062 0.578125 0.292969 0.550781 0.292969 0.550781 0.312500 0.554688 0.316406 0.554688 0.351562 0.550781 0.355469 0.550781 0.363281 0.546875 0.367188 0.546875 0.375000 0.554688 0.375000 0.558594 0.371094 0.578125 0.371094 0.582031 0.367188 0.582031 0.335938 0.585938 0.332031 0.605469 0.332031 0.605469 0.328125 0.609375 0.324219 0.625000 0.324219 0.628906 0.328125 0.628906 0.335938 0.632812 0.339844 0.632812 0.355469 0.636719 0.355469 0.640625 0.359375 0.640625 0.382812 0.636719 0.386719 0.625000 0.386719 0.625000 0.390625 0.621094 0.394531 0.605469 0.394531 0.605469 0.398438 0.601562 0.402344 0.597656 0.402344 0.593750 0.406250 0.593750 0.410156 0.585938 0.417969 0.578125 0.417969 0.578125 0.425781 0.582031 0.429688 0.589844 0.429688 0.597656 0.421875 0.601562 0.421875 0.601562 0.417969 0.609375 0.410156 0.613281 0.410156 0.617188 0.406250 0.621094 0.406250 0.621094 0.402344 0.625000 0.398438 0.652344 0.398438 0.656250 0.402344 0.679688 0.402344 0.679688 0.394531 0.675781 0.394531 0.667969 0.386719 0.667969 0.371094 0.675781 0.363281 0.679688 0.363281 0.679688 0.355469 0.675781 0.351562 0.675781 0.324219 0.679688 0.320312 0.683594 0.320312 0.683594 0.312500 0.687500 0.308594 0.687500 0.300781 0.671875 0.300781 0.667969 0.296875 0.667969 0.273438 0.664062 0.269531 0.664062 0.265625 0.644531 0.265625 0.640625 0.261719 0.640625 0.246094 0.636719 0.242188
4 0.496094 0.183594 0.484375 0.195312 0.484375 0.214844 0.480469 0.218750 0.480469 0.253906 0.488281 0.261719 0.496094 0.261719 0.500000 0.257812 0.500000 0.234375 0.503906 0.230469 0.503906 0.226562 0.507812 0.222656 0.507812 0.210938 0.503906 0.207031 0.503906 0.183594
4 0.453125 0.183594 0.453125 0.191406 0.449219 0.195312 0.441406 0.195312 0.441406 0.199219 0.433594 0.207031 0.429688 0.207031 0.429688 0.246094 0.457031 0.246094 0.457031 0.195312 0.460938 0.191406 0.460938 0.183594
4 0.503906 0.152344 0.503906 0.160156 0.515625 0.160156 0.515625 0.152344
4 0.507812 0.101562 0.503906 0.105469 0.492188 0.105469 0.488281 0.109375 0.488281 0.125000 0.500000 0.125000 0.503906 0.121094 0.511719 0.121094 0.515625 0.117188 0.535156 0.117188 0.539062 0.121094 0.546875 0.121094 0.546875 0.101562
4 0.769531 0.078125 0.769531 0.082031 0.765625 0.085938 0.765625 0.093750 0.769531 0.097656 0.769531 0.105469 0.777344 0.113281 0.785156 0.113281 0.792969 0.105469 0.792969 0.085938 0.789062 0.085938 0.781250 0.078125
