4 0.550781 0.925781 0.550781 0.957031 0.554688 0.960938 0.554688 0.996094 0.574219 0.996094 0.574219 0.980469 0.570312 0.976562 0.570312 0.972656 0.566406 0.968750 0.566406 0.945312 0.562500 0.941406 0.562500 0.929688 0.558594 0.925781
4 0.324219 0.875000 0.324219 0.882812 0.328125 0.882812 0.332031 0.886719 0.332031 0.921875 0.335938 0.921875 0.339844 0.925781 0.339844 0.964844 0.335938 0.968750 0.332031 0.968750 0.332031 0.976562 0.335938 0.980469 0.335938 0.984375 0.343750 0.984375 0.343750 0.972656 0.339844 0.968750 0.339844 0.953125 0.343750 0.949219 0.347656 0.949219 0.347656 0.937500 0.351562 0.933594 0.359375 0.933594 0.359375 0.917969 0.355469 0.917969 0.351562 0.914062 0.351562 0.894531 0.355469 0.890625 0.359375 0.890625 0.359375 0.882812 0.335938 0.882812 0.332031 0.878906 0.332031 0.875000
4 0.691406 0.871094 0.691406 0.875000 0.687500 0.878906 0.687500 0.882812 0.683594 0.886719 0.683594 0.910156 0.679688 0.914062 0.671875 0.914062 0.671875 0.933594 0.687500 0.933594 0.691406 0.937500 0.707031 0.937500 0.707031 0.925781 0.699219 0.925781 0.695312 0.921875 0.695312 0.886719 0.699219 0.882812 0.699219 0.871094
4 0.910156 0.867188 0.910156 0.902344 0.914062 0.906250 0.914062 0.921875 0.917969 0.921875 0.921875 0.925781 0.921875 0.941406 0.933594 0.941406 0.933594 0.933594 0.937500 0.929688 0.941406 0.929688 0.941406 0.917969 0.945312 0.914062 0.945312 0.886719 0.937500 0.886719 0.933594 0.882812 0.933594 0.871094 0.929688 0.867188
4 0.894531 0.843750 0.890625 0.847656 0.890625 0.855469 0.894531 0.859375 0.906250 0.859375 0.906250 0.847656 0.902344 0.843750
4 0.246094 0.683594 0.246094 0.687500 0.242188 0.691406 0.222656 0.691406 0.222656 0.699219 0.234375 0.699219 0.238281 0.703125 0.238281 0.726562 0.246094 0.726562 0.246094 0.722656 0.250000 0.718750 0.250000 0.710938 0.253906 0.707031 0.289062 0.707031 0.292969 0.710938 0.292969 0.738281 0.300781 0.746094 0.300781 0.750000 0.304688 0.750000 0.312500 0.757812 0.312500 0.761719 0.320312 0.761719 0.320312 0.753906 0.316406 0.750000 0.316406 0.738281 0.312500 0.734375 0.312500 0.718750 0.308594 0.714844 0.308594 0.710938 0.304688 0.707031 0.304688 0.687500 0.296875 0.687500 0.292969 0.683594 0.281250 0.683594 0.281250 0.691406 0.273438 0.699219 0.257812 0.699219 0.253906 0.695312 0.253906 0.683594
4 0.730469 0.671875 0.726562 0.675781 0.714844 0.675781 0.714844 0.683594 0.710938 0.687500 0.710938 0.691406 0.707031 0.695312 0.707031 0.710938 0.718750 0.710938 0.722656 0.707031 0.738281 0.707031 0.742188 0.703125 0.750000 0.703125 0.750000 0.683594 0.742188 0.675781 0.742188 0.671875
4 0.816406 0.667969 0.816406 0.671875 0.812500 0.675781 0.812500 0.683594 0.808594 0.687500 0.808594 0.695312 0.804688 0.699219 0.804688 0.722656 0.820312 0.722656 0.824219 0.718750 0.828125 0.718750 0.828125 0.707031 0.832031 0.703125 0.832031 0.683594 0.835938 0.679688 0.835938 0.671875 0.832031 0.667969
4 0.914062 0.644531 0.906250 0.652344 0.894531 0.652344 0.890625 0.656250 0.882812 0.656250 0.882812 0.660156 0.878906 0.664062 0.878906 0.671875 0.882812 0.671875 0.886719 0.675781 0.886719 0.683594 0.890625 0.687500 0.910156 0.687500 0.910156 0.675781 0.914062 0.671875 0.914062 0.667969 0.921875 0.660156 0.921875 0.644531
4 0.972656 0.632812 0.968750 0.636719 0.960938 0.636719 0.960938 0.648438 0.964844 0.648438 0.968750 0.652344 0.968750 0.687500 0.976562 0.687500 0.976562 0.648438 0.980469 0.644531 0.980469 0.632812
4 0.429688 0.574219 0.425781 0.578125 0.425781 0.582031 0.421875 0.585938 0.386719 0.585938 0.378906 0.593750 0.378906 0.601562 0.375000 0.605469 0.351562 0.605469 0.351562 0.617188 0.355469 0.621094 0.363281 0.621094 0.367188 0.625000 0.375000 0.625000 0.375000 0.617188 0.378906 0.613281 0.402344 0.613281 0.406250 0.617188 0.421875 0.617188 0.429688 0.609375 0.449219 0.609375 0.453125 0.613281 0.460938 0.613281 0.460938 0.582031 0.441406 0.582031 0.437500 0.578125 0.437500 0.574219
4 0.191406 0.562500 0.191406 0.570312 0.187500 0.574219 0.183594 0.574219 0.183594 0.597656 0.187500 0.597656 0.191406 0.601562 0.191406 0.605469 0.195312 0.609375 0.207031 0.609375 0.207031 0.585938 0.214844 0.578125 0.214844 0.570312 0.210938 0.570312 0.207031 0.566406 0.207031 0.562500
4 0.992188 0.546875 0.988281 0.550781 0.988281 0.566406 0.984375 0.570312 0.980469 0.570312 0.980469 0.578125 0.996094 0.578125 0.996094 0.546875
4 0.386719 0.429688 0.386719 0.433594 0.382812 0.437500 0.359375 0.437500 0.359375 0.445312 0.367188 0.445312 0.371094 0.449219 0.371094 0.464844 0.367188 0.468750 0.363281 0.468750 0.363281 0.484375 0.367188 0.488281 0.371094 0.488281 0.378906 0.496094 0.378906 0.503906 0.386719 0.503906 0.386719 0.500000 0.390625 0.496094 0.398438 0.496094 0.398438 0.464844 0.402344 0.460938 0.402344 0.429688
4 0.796875 0.414062 0.796875 0.421875 0.804688 0.421875 0.804688 0.414062
4 0.839844 0.398438 0.835938 0.402344 0.828125 0.402344 0.828125 0.410156 0.832031 0.414062 0.832031 0.417969 0.843750 0.417969 0.843750 0.414062 0.847656 0.410156 0.847656 0.398438
4 0.773438 0.386719 0.773438 0.390625 0.769531 0.394531 0.753906 0.394531 0.750000 0.390625 0.742188 0.390625 0.742188 0.402344 0.746094 0.406250 0.746094 0.433594 0.753906 0.433594 0.757812 0.437500 0.757812 0.453125 0.750000 0.460938 0.750000 0.464844 0.742188 0.472656 0.722656 0.472656 0.718750 0.468750 0.718750 0.464844 0.714844 0.460938 0.714844 0.445312 0.718750 0.441406 0.722656 0.441406 0.722656 0.433594 0.714844 0.433594 0.714844 0.437500 0.710938 0.441406 0.683594 0.441406 0.679688 0.437500 0.679688 0.433594 0.664062 0.433594 0.660156 0.429688 0.660156 0.425781 0.656250 0.421875 0.648438 0.421875 0.648438 0.429688 0.652344 0.433594 0.652344 0.437500 0.667969 0.437500 0.671875 0.441406 0.671875 0.453125 0.687500 0.453125 0.691406 0.457031 0.691406 0.484375 0.695312 0.488281 0.699219 0.488281 0.707031 0.496094 0.707031 0.500000 0.710938 0.503906 0.734375 0.503906 0.746094 0.515625 0.746094 0.519531 0.753906 0.527344 0.753906 0.554688 0.773438 0.554688 0.777344 0.550781 0.812500 0.550781 0.816406 0.554688 0.824219 0.554688 0.828125 0.550781 0.828125 0.542969 0.824219 0.539062 0.820312 0.539062 0.812500 0.531250 0.804688 0.531250 0.800781 0.535156 0.781250 0.535156 0.777344 0.531250 0.777344 0.503906 0.781250 0.500000 0.785156 0.500000 0.785156 0.496094 0.789062 0.492188 0.796875 0.492188 0.796875 0.453125 0.789062 0.453125 0.785156 0.449219 0.785156 0.445312 0.777344 0.445312 0.773438 0.441406 0.773438 0.437500 0.769531 0.433594 0.769531 0.402344 0.773438 0.398438 0.781250 0.398438 0.781250 0.386719
4 0.273438 0.296875 0.273438 0.308594 0.269531 0.312500 0.265625 0.312500 0.265625 0.316406 0.261719 0.320312 0.261719 0.328125 0.265625 0.332031 0.265625 0.335938 0.281250 0.335938 0.285156 0.339844 0.285156 0.343750 0.296875 0.343750 0.296875 0.335938 0.292969 0.332031 0.285156 0.332031 0.281250 0.328125 0.281250 0.296875
4 0.921875 0.277344 0.921875 0.285156 0.929688 0.285156 0.929688 0.277344
4 0.988281 0.234375 0.988281 0.242188 0.984375 0.246094 0.964844 0.246094 0.964844 0.250000 0.960938 0.253906 0.941406 0.253906 0.941406 0.261719 0.949219 0.261719 0.949219 0.257812 0.953125 0.253906 0.976562 0.253906 0.980469 0.250000 0.996094 0.250000 0.996094 0.234375
4 0.921875 0.214844 0.921875 0.226562 0.933594 0.226562 0.933594 0.214844
4 0.953125 0.195312 0.953125 0.199219 0.949219 0.203125 0.945312 0.203125 0.945312 0.210938 0.960938 0.210938 0.964844 0.207031 0.964844 0.199219 0.960938 0.195312
4 0.082031 0.167969 0.082031 0.187500 0.078125 0.191406 0.074219 0.191406 0.074219 0.203125 0.078125 0.207031 0.082031 0.207031 0.085938 0.210938 0.085938 0.214844 0.089844 0.218750 0.089844 0.222656 0.093750 0.226562 0.093750 0.242188 0.109375 0.242188 0.109375 0.222656 0.113281 0.218750 0.128906 0.218750 0.128906 0.210938 0.125000 0.210938 0.121094 0.207031 0.121094 0.199219 0.105469 0.199219 0.101562 0.195312 0.101562 0.171875 0.093750 0.171875 0.089844 0.167969
4 0.390625 0.148438 0.390625 0.160156 0.406250 0.160156 0.410156 0.164062 0.410156 0.167969 0.421875 0.179688 0.445312 0.179688 0.449219 0.183594 0.449219 0.195312 0.457031 0.195312 0.460938 0.191406 0.484375 0.191406 0.488281 0.195312 0.488281 0.199219 0.492188 0.199219 0.496094 0.203125 0.496094 0.207031 0.503906 0.207031 0.503906 0.191406 0.507812 0.187500 0.523438 0.187500 0.527344 0.183594 0.531250 0.183594 0.531250 0.175781 0.527344 0.171875 0.496094 0.171875 0.492188 0.167969 0.484375 0.167969 0.480469 0.171875 0.464844 0.171875 0.464844 0.175781 0.460938 0.179688 0.441406 0.179688 0.437500 0.175781 0.437500 0.164062 0.433594 0.164062 0.429688 0.160156 0.402344 0.160156 0.398438 0.156250 0.398438 0.148438
