5 0.648438 0.917969 0.648438 0.937500 0.644531 0.941406 0.632812 0.941406 0.632812 0.960938 0.628906 0.964844 0.613281 0.964844 0.605469 0.957031 0.597656 0.957031 0.589844 0.949219 0.582031 0.949219 0.578125 0.945312 0.578125 0.941406 0.574219 0.937500 0.574219 0.933594 0.562500 0.933594 0.558594 0.937500 0.554688 0.937500 0.554688 0.945312 0.562500 0.953125 0.566406 0.953125 0.578125 0.964844 0.585938 0.964844 0.589844 0.968750 0.589844 0.976562 0.605469 0.976562 0.609375 0.972656 0.656250 0.972656 0.660156 0.976562 0.660156 0.996094 0.679688 0.996094 0.679688 0.984375 0.683594 0.980469 0.703125 0.980469 0.707031 0.984375 0.707031 0.996094 0.714844 0.996094 0.714844 0.968750 0.710938 0.968750 0.707031 0.964844 0.691406 0.964844 0.687500 0.960938 0.687500 0.949219 0.671875 0.949219 0.667969 0.945312 0.667969 0.929688 0.664062 0.929688 0.660156 0.925781 0.660156 0.917969
5 0.816406 0.898438 0.816406 0.906250 0.812500 0.910156 0.792969 0.910156 0.792969 0.917969 0.804688 0.917969 0.804688 0.914062 0.808594 0.910156 0.832031 0.910156 0.835938 0.914062 0.835938 0.917969 0.847656 0.917969 0.847656 0.910156 0.832031 0.910156 0.828125 0.906250 0.828125 0.898438
5 0.851562 0.824219 0.851562 0.832031 0.855469 0.835938 0.855469 0.843750 0.863281 0.851562 0.863281 0.855469 0.867188 0.859375 0.867188 0.878906 0.863281 0.882812 0.859375 0.882812 0.859375 0.890625 0.871094 0.890625 0.871094 0.867188 0.882812 0.855469 0.882812 0.824219
5 0.722656 0.824219 0.722656 0.835938 0.718750 0.839844 0.714844 0.839844 0.714844 0.843750 0.710938 0.847656 0.703125 0.847656 0.703125 0.851562 0.699219 0.855469 0.699219 0.863281 0.707031 0.863281 0.710938 0.859375 0.730469 0.859375 0.734375 0.863281 0.738281 0.863281 0.742188 0.867188 0.750000 0.867188 0.753906 0.871094 0.761719 0.871094 0.761719 0.859375 0.757812 0.855469 0.757812 0.839844 0.750000 0.839844 0.746094 0.835938 0.746094 0.824219
5 0.750000 0.808594 0.750000 0.816406 0.757812 0.816406 0.757812 0.808594
5 0.667969 0.777344 0.667969 0.781250 0.664062 0.785156 0.656250 0.785156 0.656250 0.800781 0.660156 0.800781 0.664062 0.804688 0.664062 0.808594 0.675781 0.808594 0.679688 0.812500 0.679688 0.816406 0.687500 0.816406 0.691406 0.812500 0.691406 0.804688 0.687500 0.804688 0.679688 0.796875 0.679688 0.789062 0.675781 0.785156 0.675781 0.777344
5 0.175781 0.632812 0.175781 0.640625 0.171875 0.644531 0.164062 0.644531 0.164062 0.656250 0.160156 0.660156 0.144531 0.660156 0.144531 0.667969 0.148438 0.671875 0.164062 0.671875 0.167969 0.675781 0.171875 0.675781 0.175781 0.679688 0.183594 0.679688 0.183594 0.671875 0.187500 0.667969 0.187500 0.632812
5 0.046875 0.632812 0.046875 0.640625 0.054688 0.640625 0.054688 0.632812
5 0.042969 0.558594 0.042969 0.589844 0.039062 0.593750 0.035156 0.593750 0.035156 0.605469 0.062500 0.605469 0.066406 0.601562 0.070312 0.601562 0.074219 0.597656 0.078125 0.597656 0.078125 0.582031 0.070312 0.574219 0.054688 0.574219 0.050781 0.570312 0.050781 0.558594
5 0.507812 0.523438 0.503906 0.527344 0.500000 0.527344 0.500000 0.539062 0.507812 0.539062 0.511719 0.535156 0.515625 0.535156 0.515625 0.523438
5 0.769531 0.480469 0.769531 0.484375 0.765625 0.488281 0.765625 0.496094 0.773438 0.503906 0.800781 0.503906 0.804688 0.500000 0.816406 0.500000 0.816406 0.492188 0.812500 0.488281 0.808594 0.488281 0.804688 0.484375 0.789062 0.484375 0.785156 0.480469
5 0.781250 0.429688 0.781250 0.437500 0.789062 0.437500 0.789062 0.429688
5 0.562500 0.429688 0.558594 0.433594 0.519531 0.433594 0.515625 0.437500 0.515625 0.472656 0.511719 0.476562 0.507812 0.476562 0.503906 0.480469 0.503906 0.500000 0.535156 0.500000 0.535156 0.496094 0.539062 0.492188 0.562500 0.492188 0.566406 0.496094 0.566406 0.515625 0.562500 0.519531 0.562500 0.523438 0.558594 0.527344 0.554688 0.527344 0.550781 0.531250 0.542969 0.531250 0.539062 0.535156 0.539062 0.542969 0.542969 0.542969 0.546875 0.546875 0.562500 0.546875 0.570312 0.539062 0.570312 0.535156 0.574219 0.531250 0.574219 0.519531 0.578125 0.515625 0.582031 0.515625 0.585938 0.511719 0.593750 0.511719 0.593750 0.503906 0.589844 0.500000 0.585938 0.500000 0.582031 0.496094 0.570312 0.496094 0.566406 0.492188 0.566406 0.457031 0.570312 0.453125 0.578125 0.453125 0.585938 0.445312 0.585938 0.437500 0.582031 0.433594 0.582031 0.429688
5 0.042969 0.425781 0.042969 0.429688 0.039062 0.433594 0.031250 0.433594 0.031250 0.449219 0.035156 0.453125 0.035156 0.472656 0.042969 0.480469 0.042969 0.503906 0.050781 0.503906 0.050781 0.488281 0.054688 0.484375 0.082031 0.484375 0.082031 0.472656 0.085938 0.468750 0.085938 0.457031 0.070312 0.457031 0.066406 0.453125 0.066406 0.433594 0.058594 0.433594 0.054688 0.429688 0.054688 0.425781
5 0.613281 0.386719 0.613281 0.394531 0.621094 0.394531 0.621094 0.386719
5 0.550781 0.351562 0.550781 0.367188 0.554688 0.371094 0.554688 0.406250 0.570312 0.406250 0.574219 0.402344 0.578125 0.402344 0.578125 0.386719 0.582031 0.382812 0.582031 0.359375 0.578125 0.355469 0.566406 0.355469 0.562500 0.351562
5 0.312500 0.300781 0.308594 0.304688 0.308594 0.320312 0.316406 0.320312 0.320312 0.316406 0.320312 0.300781
5 0.867188 0.285156 0.863281 0.289062 0.863281 0.316406 0.867188 0.320312 0.867188 0.347656 0.863281 0.351562 0.847656 0.351562 0.847656 0.367188 0.835938 0.378906 0.832031 0.378906 0.832031 0.382812 0.824219 0.390625 0.816406 0.390625 0.812500 0.394531 0.812500 0.406250 0.816406 0.410156 0.816406 0.433594 0.812500 0.437500 0.812500 0.441406 0.808594 0.445312 0.808594 0.453125 0.812500 0.457031 0.812500 0.460938 0.816406 0.460938 0.820312 0.464844 0.843750 0.464844 0.847656 0.468750 0.847656 0.484375 0.843750 0.488281 0.843750 0.496094 0.847656 0.500000 0.851562 0.500000 0.855469 0.503906 0.855469 0.527344 0.851562 0.531250 0.843750 0.531250 0.843750 0.542969 0.835938 0.550781 0.816406 0.550781 0.812500 0.554688 0.812500 0.574219 0.816406 0.574219 0.820312 0.578125 0.820312 0.597656 0.824219 0.601562 0.835938 0.601562 0.835938 0.589844 0.839844 0.585938 0.855469 0.585938 0.859375 0.589844 0.859375 0.593750 0.863281 0.593750 0.867188 0.597656 0.867188 0.605469 0.871094 0.609375 0.871094 0.648438 0.867188 0.652344 0.867188 0.699219 0.863281 0.703125 0.859375 0.703125 0.859375 0.707031 0.855469 0.710938 0.839844 0.710938 0.835938 0.707031 0.835938 0.703125 0.820312 0.703125 0.820312 0.710938 0.816406 0.714844 0.816406 0.722656 0.808594 0.730469 0.808594 0.738281 0.804688 0.742188 0.777344 0.742188 0.773438 0.738281 0.773438 0.730469 0.769531 0.730469 0.765625 0.726562 0.765625 0.695312 0.761719 0.695312 0.757812 0.691406 0.757812 0.687500 0.753906 0.683594 0.753906 0.679688 0.746094 0.679688 0.746094 0.695312 0.750000 0.699219 0.750000 0.714844 0.753906 0.718750 0.753906 0.746094 0.765625 0.746094 0.773438 0.753906 0.773438 0.761719 0.777344 0.765625 0.789062 0.765625 0.792969 0.769531 0.792969 0.777344 0.800781 0.777344 0.800781 0.773438 0.804688 0.769531 0.804688 0.765625 0.808594 0.761719 0.832031 0.761719 0.835938 0.757812 0.851562 0.757812 0.855469 0.761719 0.875000 0.761719 0.878906 0.765625 0.878906 0.785156 0.886719 0.785156 0.886719 0.769531 0.890625 0.765625 0.894531 0.765625 0.898438 0.761719 0.914062 0.761719 0.917969 0.765625 0.917969 0.773438 0.921875 0.777344 0.921875 0.796875 0.917969 0.800781 0.914062 0.800781 0.910156 0.804688 0.910156 0.839844 0.917969 0.839844 0.917969 0.835938 0.921875 0.832031 0.925781 0.832031 0.925781 0.812500 0.941406 0.796875 0.941406 0.792969 0.949219 0.785156 0.953125 0.785156 0.953125 0.773438 0.957031 0.769531 0.968750 0.769531 0.968750 0.761719 0.964844 0.761719 0.960938 0.757812 0.960938 0.753906 0.957031 0.750000 0.957031 0.703125 0.960938 0.699219 0.960938 0.695312 0.968750 0.687500 0.968750 0.632812 0.972656 0.628906 0.976562 0.628906 0.976562 0.613281 0.968750 0.613281 0.960938 0.621094 0.945312 0.621094 0.941406 0.617188 0.941406 0.597656 0.937500 0.593750 0.933594 0.593750 0.925781 0.585938 0.925781 0.570312 0.933594 0.562500 0.937500 0.562500 0.937500 0.554688 0.929688 0.554688 0.925781 0.550781 0.925781 0.519531 0.929688 0.515625 0.937500 0.515625 0.937500 0.496094 0.933594 0.492188 0.933594 0.468750 0.929688 0.464844 0.929688 0.453125 0.925781 0.453125 0.921875 0.449219 0.921875 0.429688 0.894531 0.429688 0.890625 0.425781 0.890625 0.406250 0.894531 0.402344 0.898438 0.402344 0.898438 0.398438 0.902344 0.394531 0.906250 0.394531 0.910156 0.390625 0.914062 0.390625 0.914062 0.382812 0.917969 0.378906 0.917969 0.367188 0.914062 0.363281 0.914062 0.339844 0.917969 0.335938 0.921875 0.335938 0.921875 0.328125 0.917969 0.324219 0.917969 0.308594 0.921875 0.304688 0.921875 0.292969 0.890625 0.292969 0.886719 0.289062 0.882812 0.289062 0.878906 0.285156
5 0.816406 0.281250 0.812500 0.285156 0.812500 0.289062 0.808594 0.292969 0.800781 0.292969 0.796875 0.296875 0.781250 0.296875 0.777344 0.300781 0.761719 0.300781 0.761719 0.308594 0.773438 0.308594 0.777344 0.304688 0.796875 0.304688 0.800781 0.308594 0.800781 0.316406 0.808594 0.316406 0.812500 0.312500 0.812500 0.308594 0.824219 0.296875 0.832031 0.296875 0.835938 0.292969 0.835938 0.285156 0.828125 0.285156 0.824219 0.281250
5 0.269531 0.218750 0.269531 0.222656 0.265625 0.226562 0.261719 0.226562 0.257812 0.230469 0.253906 0.230469 0.253906 0.242188 0.250000 0.246094 0.250000 0.250000 0.246094 0.253906 0.246094 0.257812 0.242188 0.261719 0.242188 0.265625 0.238281 0.269531 0.238281 0.273438 0.234375 0.277344 0.230469 0.277344 0.222656 0.285156 0.218750 0.285156 0.214844 0.289062 0.214844 0.292969 0.210938 0.296875 0.207031 0.296875 0.207031 0.300781 0.203125 0.304688 0.203125 0.308594 0.199219 0.312500 0.195312 0.312500 0.191406 0.316406 0.175781 0.316406 0.175781 0.332031 0.171875 0.335938 0.164062 0.335938 0.164062 0.343750 0.167969 0.347656 0.167969 0.355469 0.179688 0.355469 0.179688 0.339844 0.183594 0.335938 0.195312 0.335938 0.199219 0.332031 0.199219 0.328125 0.203125 0.324219 0.203125 0.316406 0.207031 0.312500 0.210938 0.312500 0.214844 0.308594 0.214844 0.300781 0.218750 0.296875 0.230469 0.296875 0.234375 0.292969 0.253906 0.292969 0.253906 0.261719 0.257812 0.257812 0.257812 0.253906 0.261719 0.250000 0.273438 0.250000 0.273438 0.242188 0.277344 0.238281 0.281250 0.238281 0.281250 0.222656 0.277344 0.218750
5 0.421875 0.050781 0.414062 0.058594 0.406250 0.058594 0.402344 0.062500 0.398438 0.062500 0.398438 0.078125 0.394531 0.082031 0.390625 0.082031 0.390625 0.085938 0.382812 0.093750 0.371094 0.093750 0.359375 0.105469 0.359375 0.109375 0.355469 0.113281 0.355469 0.117188 0.351562 0.121094 0.351562 0.136719 0.343750 0.144531 0.339844 0.144531 0.335938 0.148438 0.324219 0.148438 0.324219 0.152344 0.320312 0.156250 0.316406 0.156250 0.316406 0.160156 0.312500 0.164062 0.312500 0.171875 0.308594 0.175781 0.304688 0.175781 0.304688 0.191406 0.308594 0.195312 0.316406 0.195312 0.316406 0.183594 0.324219 0.175781 0.328125 0.175781 0.328125 0.171875 0.332031 0.167969 0.332031 0.164062 0.335938 0.160156 0.343750 0.160156 0.347656 0.156250 0.367188 0.156250 0.375000 0.164062 0.375000 0.175781 0.425781 0.175781 0.429688 0.179688 0.429688 0.199219 0.425781 0.203125 0.410156 0.203125 0.402344 0.210938 0.402344 0.230469 0.398438 0.234375 0.394531 0.234375 0.390625 0.238281 0.386719 0.238281 0.386719 0.246094 0.410156 0.246094 0.421875 0.257812 0.421875 0.285156 0.406250 0.300781 0.386719 0.300781 0.386719 0.308594 0.394531 0.316406 0.394531 0.332031 0.390625 0.335938 0.386719 0.335938 0.382812 0.339844 0.382812 0.343750 0.375000 0.351562 0.375000 0.359375 0.378906 0.363281 0.378906 0.367188 0.382812 0.367188 0.386719 0.371094 0.390625 0.371094 0.394531 0.375000 0.394531 0.378906 0.398438 0.382812 0.402344 0.382812 0.406250 0.386719 0.429688 0.386719 0.433594 0.390625 0.433594 0.445312 0.441406 0.453125 0.441406 0.464844 0.445312 0.468750 0.445312 0.484375 0.453125 0.492188 0.453125 0.523438 0.449219 0.527344 0.449219 0.531250 0.445312 0.535156 0.445312 0.539062 0.441406 0.542969 0.425781 0.542969 0.421875 0.539062 0.421875 0.535156 0.417969 0.531250 0.417969 0.527344 0.410156 0.527344 0.410156 0.558594 0.406250 0.562500 0.406250 0.566406 0.402344 0.570312 0.398438 0.570312 0.390625 0.578125 0.390625 0.585938 0.394531 0.589844 0.394531 0.605469 0.386719 0.613281 0.363281 0.613281 0.359375 0.609375 0.359375 0.589844 0.355469 0.585938 0.347656 0.585938 0.343750 0.589844 0.312500 0.589844 0.308594 0.585938 0.304688 0.585938 0.300781 0.582031 0.300781 0.578125 0.296875 0.578125 0.292969 0.574219 0.292969 0.570312 0.289062 0.570312 0.285156 0.566406 0.285156 0.562500 0.281250 0.558594 0.281250 0.542969 0.285156 0.539062 0.285156 0.527344 0.281250 0.523438 0.281250 0.511719 0.277344 0.511719 0.273438 0.507812 0.253906 0.507812 0.250000 0.503906 0.250000 0.500000 0.234375 0.500000 0.230469 0.496094 0.230469 0.460938 0.226562 0.457031 0.218750 0.457031 0.210938 0.449219 0.210938 0.441406 0.203125 0.441406 0.203125 0.457031 0.207031 0.460938 0.207031 0.472656 0.210938 0.476562 0.210938 0.519531 0.214844 0.523438 0.214844 0.554688 0.222656 0.554688 0.222656 0.546875 0.226562 0.542969 0.246094 0.542969 0.253906 0.550781 0.253906 0.582031 0.246094 0.589844 0.246094 0.605469 0.238281 0.613281 0.234375 0.613281 0.234375 0.617188 0.230469 0.621094 0.230469 0.628906 0.238281 0.636719 0.238281 0.640625 0.242188 0.644531 0.242188 0.648438 0.246094 0.652344 0.246094 0.675781 0.242188 0.679688 0.242188 0.683594 0.238281 0.687500 0.238281 0.691406 0.234375 0.695312 0.222656 0.695312 0.222656 0.722656 0.218750 0.726562 0.218750 0.738281 0.214844 0.742188 0.210938 0.742188 0.210938 0.750000 0.214844 0.753906 0.214844 0.761719 0.218750 0.761719 0.222656 0.765625 0.222656 0.769531 0.226562 0.773438 0.226562 0.777344 0.230469 0.777344 0.234375 0.781250 0.234375 0.796875 0.238281 0.800781 0.246094 0.800781 0.246094 0.796875 0.250000 0.792969 0.250000 0.789062 0.253906 0.785156 0.289062 0.785156 0.292969 0.789062 0.292969 0.792969 0.296875 0.796875 0.296875 0.828125 0.304688 0.828125 0.304688 0.824219 0.308594 0.820312 0.339844 0.820312 0.339844 0.816406 0.343750 0.812500 0.351562 0.812500 0.355469 0.808594 0.359375 0.808594 0.363281 0.804688 0.371094 0.804688 0.371094 0.796875 0.375000 0.792969 0.386719 0.792969 0.390625 0.789062 0.390625 0.785156 0.394531 0.781250 0.394531 0.761719 0.414062 0.742188 0.445312 0.742188 0.457031 0.753906 0.460938 0.753906 0.468750 0.761719 0.468750 0.789062 0.476562 0.796875 0.476562 0.800781 0.484375 0.800781 0.492188 0.792969 0.492188 0.777344 0.496094 0.773438 0.519531 0.773438 0.523438 0.777344 0.523438 0.804688 0.531250 0.804688 0.531250 0.800781 0.535156 0.796875 0.535156 0.781250 0.527344 0.781250 0.523438 0.777344 0.523438 0.761719 0.531250 0.753906 0.531250 0.746094 0.519531 0.746094 0.515625 0.742188 0.500000 0.742188 0.496094 0.738281 0.496094 0.722656 0.500000 0.718750 0.503906 0.718750 0.503906 0.699219 0.507812 0.695312 0.523438 0.695312 0.527344 0.699219 0.527344 0.703125 0.535156 0.703125 0.535156 0.695312 0.539062 0.691406 0.554688 0.691406 0.558594 0.687500 0.574219 0.687500 0.578125 0.691406 0.578125 0.699219 0.593750 0.699219 0.593750 0.691406 0.578125 0.691406 0.574219 0.687500 0.574219 0.660156 0.578125 0.656250 0.578125 0.652344 0.585938 0.644531 0.589844 0.644531 0.597656 0.636719 0.597656 0.628906 0.601562 0.625000 0.605469 0.625000 0.605469 0.621094 0.609375 0.617188 0.617188 0.617188 0.617188 0.613281 0.628906 0.601562 0.644531 0.601562 0.648438 0.605469 0.648438 0.628906 0.644531 0.632812 0.628906 0.632812 0.628906 0.648438 0.632812 0.648438 0.636719 0.652344 0.636719 0.671875 0.632812 0.675781 0.632812 0.695312 0.628906 0.699219 0.628906 0.707031 0.625000 0.710938 0.621094 0.710938 0.621094 0.730469 0.617188 0.734375 0.609375 0.734375 0.609375 0.742188 0.621094 0.742188 0.628906 0.750000 0.636719 0.750000 0.636719 0.746094 0.640625 0.742188 0.660156 0.742188 0.664062 0.746094 0.664062 0.750000 0.671875 0.750000 0.675781 0.746094 0.675781 0.738281 0.679688 0.734375 0.679688 0.722656 0.683594 0.718750 0.687500 0.718750 0.691406 0.714844 0.691406 0.699219 0.687500 0.695312 0.687500 0.664062 0.691406 0.660156 0.707031 0.660156 0.714844 0.667969 0.714844 0.671875 0.718750 0.675781 0.738281 0.675781 0.738281 0.660156 0.742188 0.656250 0.746094 0.656250 0.746094 0.648438 0.730469 0.648438 0.722656 0.640625 0.722656 0.636719 0.718750 0.636719 0.714844 0.632812 0.714844 0.628906 0.707031 0.621094 0.707031 0.605469 0.703125 0.601562 0.703125 0.585938 0.707031 0.582031 0.714844 0.582031 0.718750 0.578125 0.757812 0.578125 0.761719 0.574219 0.761719 0.562500 0.730469 0.562500 0.726562 0.558594 0.726562 0.535156 0.722656 0.535156 0.718750 0.531250 0.710938 0.531250 0.707031 0.527344 0.707031 0.507812 0.710938 0.503906 0.722656 0.503906 0.726562 0.500000 0.730469 0.500000 0.730469 0.496094 0.734375 0.492188 0.738281 0.492188 0.738281 0.488281 0.742188 0.484375 0.742188 0.453125 0.710938 0.453125 0.710938 0.476562 0.707031 0.480469 0.707031 0.484375 0.703125 0.488281 0.691406 0.488281 0.691406 0.492188 0.683594 0.500000 0.683594 0.511719 0.679688 0.515625 0.656250 0.515625 0.656250 0.531250 0.652344 0.535156 0.652344 0.539062 0.648438 0.542969 0.648438 0.554688 0.683594 0.554688 0.687500 0.558594 0.687500 0.562500 0.695312 0.570312 0.695312 0.585938 0.687500 0.593750 0.656250 0.593750 0.652344 0.589844 0.652344 0.578125 0.648438 0.578125 0.644531 0.574219 0.644531 0.566406 0.636719 0.566406 0.636719 0.589844 0.632812 0.593750 0.609375 0.593750 0.605469 0.589844 0.605469 0.578125 0.593750 0.578125 0.585938 0.585938 0.578125 0.585938 0.570312 0.593750 0.566406 0.593750 0.566406 0.601562 0.562500 0.605469 0.554688 0.605469 0.550781 0.609375 0.546875 0.609375 0.546875 0.613281 0.542969 0.617188 0.539062 0.617188 0.539062 0.621094 0.535156 0.625000 0.531250 0.625000 0.531250 0.632812 0.527344 0.636719 0.523438 0.636719 0.523438 0.644531 0.527344 0.648438 0.527344 0.675781 0.523438 0.679688 0.500000 0.679688 0.488281 0.667969 0.472656 0.667969 0.468750 0.664062 0.468750 0.660156 0.464844 0.656250 0.464844 0.617188 0.472656 0.609375 0.480469 0.609375 0.484375 0.605469 0.484375 0.597656 0.480469 0.597656 0.468750 0.585938 0.464844 0.585938 0.460938 0.582031 0.460938 0.562500 0.464844 0.558594 0.468750 0.558594 0.472656 0.554688 0.472656 0.550781 0.476562 0.546875 0.476562 0.539062 0.468750 0.531250 0.468750 0.476562 0.472656 0.472656 0.472656 0.460938 0.468750 0.457031 0.468750 0.425781 0.464844 0.425781 0.460938 0.421875 0.460938 0.406250 0.464844 0.402344 0.464844 0.386719 0.453125 0.375000 0.453125 0.343750 0.460938 0.335938 0.464844 0.335938 0.464844 0.324219 0.468750 0.320312 0.468750 0.312500 0.472656 0.308594 0.488281 0.308594 0.492188 0.312500 0.507812 0.312500 0.511719 0.316406 0.539062 0.316406 0.542969 0.320312 0.542969 0.324219 0.546875 0.328125 0.558594 0.328125 0.558594 0.300781 0.562500 0.296875 0.566406 0.296875 0.566406 0.292969 0.570312 0.289062 0.570312 0.285156 0.574219 0.281250 0.578125 0.281250 0.578125 0.277344 0.589844 0.265625 0.609375 0.265625 0.617188 0.273438 0.625000 0.273438 0.625000 0.265625 0.628906 0.261719 0.628906 0.246094 0.625000 0.242188 0.625000 0.230469 0.617188 0.230469 0.613281 0.234375 0.613281 0.242188 0.609375 0.246094 0.574219 0.246094 0.566406 0.238281 0.566406 0.234375 0.562500 0.234375 0.558594 0.230469 0.558594 0.222656 0.542969 0.222656 0.542969 0.226562 0.539062 0.230469 0.527344 0.230469 0.527344 0.253906 0.531250 0.257812 0.531250 0.273438 0.527344 0.277344 0.527344 0.285156 0.523438 0.289062 0.523438 0.292969 0.519531 0.296875 0.492188 0.296875 0.488281 0.292969 0.488281 0.285156 0.484375 0.281250 0.484375 0.265625 0.488281 0.261719 0.488281 0.257812 0.492188 0.253906 0.492188 0.250000 0.496094 0.246094 0.496094 0.242188 0.500000 0.238281 0.500000 0.234375 0.507812 0.226562 0.519531 0.226562 0.519531 0.179688 0.515625 0.175781 0.515625 0.152344 0.519531 0.148438 0.546875 0.148438 0.550781 0.152344 0.558594 0.152344 0.558594 0.148438 0.562500 0.144531 0.566406 0.144531 0.566406 0.140625 0.570312 0.136719 0.578125 0.136719 0.578125 0.117188 0.574219 0.113281 0.535156 0.113281 0.531250 0.117188 0.531250 0.121094 0.527344 0.125000 0.496094 0.125000 0.492188 0.128906 0.476562 0.128906 0.472656 0.132812 0.453125 0.132812 0.449219 0.128906 0.445312 0.128906 0.441406 0.125000 0.437500 0.125000 0.433594 0.121094 0.433594 0.117188 0.417969 0.117188 0.414062 0.113281 0.414062 0.089844 0.417969 0.085938 0.425781 0.085938 0.425781 0.074219 0.429688 0.070312 0.429688 0.050781
5 0.437500 0.031250 0.437500 0.039062 0.445312 0.039062 0.445312 0.031250
