5 0.246094 0.890625 0.242188 0.894531 0.238281 0.894531 0.234375 0.898438 0.234375 0.906250 0.246094 0.906250 0.250000 0.910156 0.253906 0.910156 0.257812 0.914062 0.285156 0.914062 0.289062 0.917969 0.289062 0.925781 0.296875 0.925781 0.296875 0.914062 0.281250 0.914062 0.277344 0.910156 0.277344 0.898438 0.265625 0.898438 0.261719 0.894531 0.261719 0.890625
5 0.183594 0.875000 0.179688 0.878906 0.179688 0.886719 0.199219 0.886719 0.199219 0.878906 0.195312 0.878906 0.191406 0.875000
5 0.359375 0.785156 0.359375 0.789062 0.355469 0.792969 0.328125 0.792969 0.328125 0.796875 0.324219 0.800781 0.316406 0.800781 0.316406 0.804688 0.312500 0.808594 0.312500 0.812500 0.308594 0.816406 0.300781 0.816406 0.300781 0.859375 0.312500 0.871094 0.332031 0.871094 0.335938 0.875000 0.343750 0.875000 0.343750 0.867188 0.339844 0.863281 0.339844 0.859375 0.335938 0.855469 0.335938 0.839844 0.343750 0.832031 0.343750 0.816406 0.347656 0.812500 0.367188 0.812500 0.371094 0.816406 0.371094 0.824219 0.382812 0.824219 0.382812 0.812500 0.378906 0.808594 0.371094 0.808594 0.367188 0.804688 0.367188 0.785156
5 0.445312 0.781250 0.445312 0.800781 0.437500 0.808594 0.437500 0.812500 0.433594 0.816406 0.433594 0.828125 0.449219 0.828125 0.449219 0.824219 0.453125 0.820312 0.457031 0.820312 0.460938 0.816406 0.460938 0.812500 0.464844 0.808594 0.464844 0.804688 0.468750 0.800781 0.468750 0.781250
5 0.437500 0.683594 0.429688 0.691406 0.421875 0.691406 0.421875 0.695312 0.417969 0.699219 0.414062 0.699219 0.410156 0.703125 0.390625 0.703125 0.390625 0.714844 0.394531 0.714844 0.398438 0.718750 0.410156 0.718750 0.414062 0.722656 0.414062 0.730469 0.421875 0.730469 0.421875 0.718750 0.425781 0.714844 0.425781 0.707031 0.437500 0.695312 0.441406 0.695312 0.445312 0.691406 0.445312 0.683594
5 0.234375 0.679688 0.234375 0.687500 0.242188 0.687500 0.242188 0.679688
5 0.652344 0.578125 0.640625 0.589844 0.636719 0.589844 0.636719 0.593750 0.632812 0.597656 0.628906 0.597656 0.628906 0.613281 0.625000 0.617188 0.609375 0.617188 0.605469 0.613281 0.605469 0.601562 0.593750 0.601562 0.593750 0.625000 0.628906 0.625000 0.632812 0.628906 0.632812 0.632812 0.636719 0.636719 0.636719 0.640625 0.640625 0.644531 0.652344 0.644531 0.652344 0.636719 0.656250 0.632812 0.687500 0.632812 0.691406 0.636719 0.710938 0.636719 0.710938 0.621094 0.707031 0.617188 0.675781 0.617188 0.671875 0.613281 0.671875 0.593750 0.667969 0.593750 0.660156 0.585938 0.660156 0.578125
5 0.679688 0.554688 0.679688 0.562500 0.687500 0.562500 0.687500 0.554688
5 0.820312 0.515625 0.820312 0.519531 0.816406 0.523438 0.816406 0.531250 0.812500 0.535156 0.812500 0.542969 0.832031 0.542969 0.832031 0.523438 0.828125 0.519531 0.828125 0.515625
5 0.804688 0.441406 0.800781 0.445312 0.781250 0.445312 0.781250 0.468750 0.777344 0.472656 0.761719 0.472656 0.761719 0.476562 0.753906 0.484375 0.753906 0.500000 0.738281 0.515625 0.734375 0.515625 0.726562 0.523438 0.718750 0.523438 0.714844 0.527344 0.707031 0.527344 0.707031 0.539062 0.710938 0.542969 0.710938 0.550781 0.714844 0.550781 0.718750 0.554688 0.718750 0.570312 0.714844 0.574219 0.714844 0.585938 0.722656 0.585938 0.726562 0.589844 0.730469 0.589844 0.734375 0.593750 0.738281 0.593750 0.742188 0.597656 0.757812 0.597656 0.761719 0.601562 0.761719 0.613281 0.781250 0.613281 0.781250 0.605469 0.777344 0.601562 0.773438 0.601562 0.769531 0.597656 0.769531 0.582031 0.777344 0.574219 0.777344 0.562500 0.769531 0.562500 0.765625 0.558594 0.765625 0.500000 0.769531 0.496094 0.773438 0.496094 0.773438 0.492188 0.777344 0.488281 0.804688 0.488281 0.804688 0.472656 0.808594 0.468750 0.820312 0.468750 0.824219 0.464844 0.824219 0.457031 0.816406 0.457031 0.812500 0.453125 0.812500 0.441406
5 0.417969 0.382812 0.417969 0.398438 0.429688 0.398438 0.433594 0.402344 0.433594 0.406250 0.441406 0.406250 0.445312 0.410156 0.445312 0.441406 0.457031 0.441406 0.464844 0.433594 0.468750 0.433594 0.468750 0.421875 0.457031 0.410156 0.457031 0.398438 0.453125 0.398438 0.449219 0.394531 0.449219 0.382812
5 0.312500 0.378906 0.312500 0.394531 0.308594 0.398438 0.296875 0.398438 0.296875 0.406250 0.292969 0.410156 0.277344 0.410156 0.273438 0.406250 0.273438 0.398438 0.238281 0.398438 0.234375 0.394531 0.234375 0.382812 0.226562 0.382812 0.214844 0.394531 0.210938 0.394531 0.210938 0.402344 0.207031 0.406250 0.203125 0.406250 0.199219 0.410156 0.199219 0.421875 0.210938 0.421875 0.214844 0.425781 0.222656 0.425781 0.222656 0.402344 0.226562 0.398438 0.246094 0.398438 0.250000 0.402344 0.250000 0.410156 0.253906 0.414062 0.265625 0.414062 0.269531 0.417969 0.269531 0.433594 0.277344 0.441406 0.277344 0.445312 0.285156 0.445312 0.289062 0.449219 0.289062 0.476562 0.277344 0.488281 0.261719 0.488281 0.246094 0.503906 0.246094 0.511719 0.253906 0.519531 0.253906 0.523438 0.257812 0.527344 0.269531 0.527344 0.269531 0.523438 0.273438 0.519531 0.300781 0.519531 0.304688 0.523438 0.304688 0.542969 0.296875 0.550781 0.289062 0.550781 0.289062 0.566406 0.285156 0.570312 0.281250 0.570312 0.277344 0.574219 0.273438 0.574219 0.269531 0.578125 0.265625 0.578125 0.257812 0.585938 0.253906 0.585938 0.246094 0.593750 0.226562 0.593750 0.218750 0.585938 0.218750 0.582031 0.207031 0.582031 0.207031 0.593750 0.203125 0.597656 0.136719 0.597656 0.132812 0.593750 0.121094 0.593750 0.117188 0.589844 0.117188 0.566406 0.109375 0.558594 0.082031 0.558594 0.078125 0.554688 0.066406 0.554688 0.066406 0.558594 0.062500 0.562500 0.062500 0.570312 0.085938 0.570312 0.089844 0.574219 0.089844 0.582031 0.097656 0.582031 0.101562 0.585938 0.101562 0.601562 0.097656 0.605469 0.085938 0.605469 0.070312 0.621094 0.062500 0.621094 0.058594 0.625000 0.054688 0.625000 0.054688 0.636719 0.062500 0.644531 0.062500 0.664062 0.082031 0.664062 0.085938 0.667969 0.085938 0.675781 0.101562 0.675781 0.105469 0.679688 0.121094 0.679688 0.128906 0.687500 0.140625 0.687500 0.140625 0.675781 0.144531 0.671875 0.148438 0.671875 0.156250 0.664062 0.179688 0.664062 0.179688 0.660156 0.183594 0.656250 0.207031 0.656250 0.210938 0.660156 0.218750 0.660156 0.218750 0.656250 0.222656 0.652344 0.222656 0.644531 0.226562 0.640625 0.242188 0.640625 0.246094 0.644531 0.246094 0.656250 0.250000 0.656250 0.253906 0.660156 0.261719 0.660156 0.265625 0.664062 0.273438 0.664062 0.277344 0.660156 0.277344 0.648438 0.285156 0.640625 0.289062 0.640625 0.289062 0.636719 0.292969 0.632812 0.296875 0.632812 0.300781 0.628906 0.300781 0.625000 0.304688 0.621094 0.328125 0.621094 0.328125 0.613281 0.312500 0.597656 0.312500 0.582031 0.320312 0.574219 0.320312 0.566406 0.324219 0.562500 0.355469 0.562500 0.359375 0.566406 0.367188 0.566406 0.371094 0.570312 0.371094 0.582031 0.394531 0.582031 0.398438 0.585938 0.402344 0.585938 0.406250 0.589844 0.406250 0.617188 0.410156 0.617188 0.417969 0.625000 0.425781 0.625000 0.433594 0.617188 0.453125 0.617188 0.457031 0.621094 0.460938 0.621094 0.464844 0.625000 0.464844 0.628906 0.472656 0.628906 0.476562 0.632812 0.476562 0.644531 0.480469 0.644531 0.484375 0.648438 0.507812 0.648438 0.507812 0.640625 0.511719 0.636719 0.531250 0.636719 0.535156 0.640625 0.535156 0.664062 0.531250 0.667969 0.527344 0.667969 0.523438 0.671875 0.519531 0.671875 0.515625 0.675781 0.515625 0.683594 0.511719 0.687500 0.503906 0.687500 0.500000 0.691406 0.496094 0.691406 0.488281 0.699219 0.468750 0.699219 0.468750 0.707031 0.472656 0.707031 0.476562 0.710938 0.476562 0.734375 0.484375 0.734375 0.484375 0.722656 0.488281 0.718750 0.503906 0.718750 0.507812 0.714844 0.511719 0.714844 0.527344 0.699219 0.535156 0.699219 0.535156 0.695312 0.539062 0.691406 0.562500 0.691406 0.562500 0.687500 0.566406 0.683594 0.566406 0.671875 0.570312 0.667969 0.593750 0.667969 0.593750 0.660156 0.582031 0.660156 0.578125 0.656250 0.578125 0.632812 0.570312 0.632812 0.566406 0.636719 0.550781 0.636719 0.546875 0.632812 0.546875 0.613281 0.542969 0.609375 0.542969 0.597656 0.539062 0.593750 0.539062 0.574219 0.542969 0.570312 0.542969 0.539062 0.546875 0.535156 0.546875 0.511719 0.550781 0.507812 0.550781 0.500000 0.554688 0.496094 0.554688 0.445312 0.550781 0.441406 0.550781 0.421875 0.542969 0.414062 0.542969 0.398438 0.535156 0.398438 0.535156 0.414062 0.531250 0.417969 0.531250 0.421875 0.527344 0.425781 0.523438 0.425781 0.523438 0.429688 0.519531 0.433594 0.519531 0.441406 0.515625 0.445312 0.511719 0.445312 0.507812 0.449219 0.507812 0.460938 0.503906 0.464844 0.468750 0.464844 0.464844 0.468750 0.464844 0.476562 0.460938 0.480469 0.460938 0.492188 0.457031 0.496094 0.453125 0.496094 0.449219 0.500000 0.441406 0.500000 0.441406 0.503906 0.437500 0.507812 0.429688 0.507812 0.429688 0.511719 0.425781 0.515625 0.406250 0.515625 0.406250 0.519531 0.398438 0.527344 0.382812 0.527344 0.378906 0.523438 0.378906 0.503906 0.371094 0.503906 0.367188 0.500000 0.359375 0.500000 0.355469 0.496094 0.355469 0.464844 0.332031 0.464844 0.328125 0.460938 0.328125 0.445312 0.320312 0.445312 0.316406 0.441406 0.316406 0.410156 0.312500 0.406250 0.312500 0.390625 0.316406 0.386719 0.320312 0.386719 0.320312 0.378906
5 0.285156 0.324219 0.281250 0.328125 0.281250 0.335938 0.289062 0.335938 0.292969 0.332031 0.292969 0.324219
5 0.160156 0.312500 0.156250 0.316406 0.156250 0.347656 0.152344 0.351562 0.152344 0.363281 0.148438 0.367188 0.132812 0.367188 0.128906 0.363281 0.128906 0.355469 0.113281 0.355469 0.109375 0.359375 0.109375 0.363281 0.101562 0.371094 0.097656 0.371094 0.097656 0.398438 0.105469 0.406250 0.105469 0.421875 0.097656 0.429688 0.089844 0.429688 0.085938 0.433594 0.082031 0.433594 0.082031 0.445312 0.078125 0.449219 0.070312 0.449219 0.070312 0.457031 0.082031 0.457031 0.085938 0.460938 0.085938 0.484375 0.113281 0.484375 0.121094 0.492188 0.121094 0.515625 0.125000 0.519531 0.125000 0.523438 0.128906 0.523438 0.132812 0.527344 0.132812 0.531250 0.136719 0.535156 0.144531 0.535156 0.148438 0.531250 0.156250 0.531250 0.156250 0.515625 0.152344 0.511719 0.152344 0.503906 0.132812 0.503906 0.128906 0.500000 0.128906 0.468750 0.132812 0.464844 0.171875 0.464844 0.171875 0.457031 0.167969 0.453125 0.164062 0.453125 0.160156 0.449219 0.156250 0.449219 0.152344 0.445312 0.136719 0.445312 0.132812 0.441406 0.132812 0.417969 0.128906 0.414062 0.128906 0.398438 0.132812 0.394531 0.144531 0.394531 0.144531 0.375000 0.148438 0.371094 0.160156 0.371094 0.164062 0.367188 0.167969 0.367188 0.167969 0.363281 0.171875 0.359375 0.175781 0.359375 0.175781 0.343750 0.179688 0.339844 0.179688 0.332031 0.175781 0.328125 0.171875 0.328125 0.167969 0.324219 0.167969 0.312500
5 0.335938 0.308594 0.335938 0.320312 0.351562 0.320312 0.351562 0.312500 0.347656 0.312500 0.343750 0.308594
5 0.480469 0.300781 0.480469 0.308594 0.476562 0.312500 0.476562 0.320312 0.480469 0.324219 0.480469 0.328125 0.492188 0.328125 0.492188 0.320312 0.496094 0.316406 0.515625 0.316406 0.515625 0.308594 0.500000 0.308594 0.496094 0.304688 0.492188 0.304688 0.488281 0.300781
5 0.449219 0.265625 0.449219 0.289062 0.468750 0.289062 0.468750 0.265625
5 0.843750 0.257812 0.843750 0.261719 0.828125 0.277344 0.824219 0.277344 0.812500 0.289062 0.800781 0.289062 0.800781 0.292969 0.796875 0.296875 0.796875 0.300781 0.792969 0.304688 0.785156 0.304688 0.781250 0.308594 0.781250 0.316406 0.785156 0.320312 0.785156 0.339844 0.781250 0.343750 0.769531 0.343750 0.765625 0.347656 0.742188 0.347656 0.738281 0.343750 0.738281 0.339844 0.726562 0.339844 0.722656 0.343750 0.718750 0.343750 0.718750 0.359375 0.714844 0.363281 0.691406 0.363281 0.691406 0.367188 0.687500 0.371094 0.683594 0.371094 0.683594 0.375000 0.671875 0.386719 0.652344 0.386719 0.648438 0.382812 0.640625 0.382812 0.640625 0.386719 0.636719 0.390625 0.636719 0.398438 0.640625 0.402344 0.640625 0.410156 0.644531 0.414062 0.656250 0.414062 0.660156 0.417969 0.660156 0.437500 0.664062 0.441406 0.667969 0.441406 0.671875 0.445312 0.671875 0.453125 0.675781 0.457031 0.683594 0.457031 0.687500 0.460938 0.703125 0.460938 0.703125 0.445312 0.710938 0.437500 0.730469 0.437500 0.730469 0.414062 0.734375 0.410156 0.742188 0.410156 0.746094 0.406250 0.777344 0.406250 0.781250 0.410156 0.792969 0.410156 0.792969 0.394531 0.796875 0.390625 0.820312 0.390625 0.820312 0.386719 0.824219 0.382812 0.828125 0.382812 0.828125 0.378906 0.832031 0.375000 0.832031 0.371094 0.835938 0.367188 0.835938 0.359375 0.832031 0.355469 0.832031 0.339844 0.835938 0.335938 0.851562 0.335938 0.859375 0.328125 0.859375 0.320312 0.863281 0.316406 0.863281 0.308594 0.867188 0.304688 0.867188 0.300781 0.871094 0.296875 0.871094 0.292969 0.875000 0.289062 0.894531 0.289062 0.898438 0.292969 0.914062 0.292969 0.914062 0.281250 0.910156 0.277344 0.898438 0.277344 0.890625 0.269531 0.882812 0.269531 0.875000 0.277344 0.859375 0.277344 0.855469 0.273438 0.855469 0.257812
5 0.316406 0.207031 0.296875 0.226562 0.292969 0.226562 0.289062 0.230469 0.289062 0.269531 0.285156 0.273438 0.277344 0.273438 0.273438 0.277344 0.269531 0.277344 0.269531 0.289062 0.273438 0.292969 0.273438 0.296875 0.277344 0.296875 0.281250 0.300781 0.312500 0.300781 0.312500 0.292969 0.308594 0.289062 0.308594 0.273438 0.312500 0.269531 0.316406 0.269531 0.316406 0.246094 0.320312 0.242188 0.324219 0.242188 0.324219 0.226562 0.328125 0.222656 0.335938 0.222656 0.339844 0.218750 0.339844 0.207031
5 0.367188 0.195312 0.367188 0.218750 0.378906 0.218750 0.382812 0.222656 0.394531 0.222656 0.402344 0.230469 0.410156 0.230469 0.414062 0.226562 0.414062 0.214844 0.410156 0.210938 0.402344 0.210938 0.398438 0.207031 0.394531 0.207031 0.386719 0.199219 0.386719 0.195312
5 0.691406 0.152344 0.691406 0.160156 0.687500 0.164062 0.687500 0.175781 0.683594 0.179688 0.679688 0.179688 0.671875 0.187500 0.671875 0.203125 0.675781 0.203125 0.679688 0.207031 0.679688 0.210938 0.683594 0.214844 0.683594 0.218750 0.687500 0.222656 0.687500 0.226562 0.695312 0.226562 0.699219 0.230469 0.699219 0.250000 0.695312 0.253906 0.675781 0.253906 0.671875 0.257812 0.671875 0.265625 0.683594 0.265625 0.691406 0.273438 0.691406 0.296875 0.687500 0.300781 0.687500 0.308594 0.699219 0.308594 0.699219 0.281250 0.703125 0.277344 0.707031 0.277344 0.707031 0.265625 0.710938 0.261719 0.722656 0.261719 0.722656 0.253906 0.726562 0.250000 0.726562 0.234375 0.730469 0.230469 0.734375 0.230469 0.734375 0.218750 0.730469 0.214844 0.730469 0.199219 0.734375 0.195312 0.742188 0.195312 0.742188 0.179688 0.738281 0.175781 0.738281 0.167969 0.726562 0.167969 0.714844 0.156250 0.710938 0.156250 0.707031 0.152344
