5 0.386719 0.828125 0.386719 0.832031 0.378906 0.839844 0.378906 0.847656 0.382812 0.851562 0.394531 0.851562 0.398438 0.847656 0.398438 0.839844 0.394531 0.835938 0.394531 0.828125
5 0.324219 0.808594 0.320312 0.812500 0.320312 0.820312 0.316406 0.824219 0.304688 0.824219 0.300781 0.828125 0.296875 0.828125 0.296875 0.843750 0.304688 0.843750 0.308594 0.839844 0.312500 0.839844 0.312500 0.835938 0.316406 0.832031 0.332031 0.832031 0.335938 0.828125 0.339844 0.828125 0.343750 0.824219 0.343750 0.816406 0.339844 0.816406 0.332031 0.808594
5 0.878906 0.757812 0.878906 0.765625 0.882812 0.769531 0.894531 0.769531 0.894531 0.757812
5 0.796875 0.757812 0.796875 0.769531 0.792969 0.773438 0.792969 0.785156 0.796875 0.785156 0.800781 0.789062 0.800781 0.808594 0.804688 0.808594 0.808594 0.812500 0.808594 0.820312 0.816406 0.820312 0.820312 0.824219 0.820312 0.832031 0.824219 0.835938 0.839844 0.835938 0.843750 0.839844 0.843750 0.855469 0.839844 0.859375 0.839844 0.867188 0.855469 0.867188 0.855469 0.863281 0.859375 0.859375 0.863281 0.859375 0.871094 0.851562 0.871094 0.835938 0.867188 0.835938 0.863281 0.832031 0.863281 0.824219 0.859375 0.820312 0.859375 0.804688 0.863281 0.800781 0.863281 0.792969 0.859375 0.789062 0.859375 0.785156 0.855469 0.785156 0.851562 0.781250 0.851562 0.777344 0.847656 0.777344 0.843750 0.773438 0.839844 0.773438 0.835938 0.769531 0.820312 0.769531 0.816406 0.765625 0.816406 0.757812
5 0.808594 0.648438 0.808594 0.660156 0.820312 0.660156 0.820312 0.648438
5 0.195312 0.589844 0.191406 0.593750 0.183594 0.593750 0.179688 0.597656 0.171875 0.597656 0.167969 0.601562 0.167969 0.609375 0.171875 0.613281 0.179688 0.613281 0.183594 0.617188 0.187500 0.617188 0.191406 0.621094 0.199219 0.621094 0.199219 0.617188 0.203125 0.613281 0.210938 0.613281 0.214844 0.609375 0.222656 0.609375 0.226562 0.605469 0.234375 0.605469 0.234375 0.593750 0.226562 0.593750 0.222656 0.589844
5 0.218750 0.449219 0.218750 0.476562 0.210938 0.484375 0.210938 0.507812 0.207031 0.511719 0.191406 0.511719 0.187500 0.507812 0.187500 0.484375 0.171875 0.484375 0.171875 0.488281 0.167969 0.492188 0.167969 0.500000 0.164062 0.503906 0.164062 0.511719 0.160156 0.515625 0.156250 0.515625 0.152344 0.519531 0.148438 0.519531 0.148438 0.531250 0.144531 0.535156 0.128906 0.535156 0.121094 0.527344 0.113281 0.527344 0.109375 0.531250 0.101562 0.531250 0.101562 0.539062 0.109375 0.539062 0.113281 0.542969 0.113281 0.546875 0.164062 0.546875 0.167969 0.550781 0.175781 0.550781 0.179688 0.546875 0.195312 0.546875 0.195312 0.531250 0.199219 0.527344 0.203125 0.527344 0.207031 0.523438 0.207031 0.511719 0.210938 0.507812 0.222656 0.507812 0.226562 0.503906 0.234375 0.503906 0.234375 0.500000 0.238281 0.496094 0.242188 0.496094 0.242188 0.476562 0.238281 0.472656 0.238281 0.453125 0.234375 0.449219
5 0.292969 0.410156 0.292969 0.417969 0.289062 0.421875 0.285156 0.421875 0.285156 0.433594 0.281250 0.437500 0.281250 0.449219 0.285156 0.453125 0.296875 0.453125 0.300781 0.457031 0.308594 0.457031 0.312500 0.460938 0.312500 0.476562 0.308594 0.480469 0.308594 0.484375 0.304688 0.488281 0.300781 0.488281 0.300781 0.515625 0.296875 0.519531 0.292969 0.519531 0.289062 0.523438 0.289062 0.531250 0.292969 0.535156 0.292969 0.542969 0.300781 0.542969 0.308594 0.550781 0.308594 0.562500 0.312500 0.562500 0.316406 0.566406 0.320312 0.566406 0.324219 0.570312 0.324219 0.585938 0.320312 0.589844 0.312500 0.589844 0.312500 0.601562 0.308594 0.605469 0.300781 0.605469 0.300781 0.632812 0.296875 0.636719 0.273438 0.636719 0.273438 0.644531 0.269531 0.648438 0.269531 0.660156 0.273438 0.660156 0.277344 0.664062 0.277344 0.675781 0.281250 0.679688 0.289062 0.679688 0.296875 0.671875 0.300781 0.671875 0.300781 0.648438 0.304688 0.644531 0.320312 0.644531 0.332031 0.656250 0.332031 0.675781 0.335938 0.679688 0.347656 0.679688 0.351562 0.683594 0.351562 0.687500 0.367188 0.687500 0.371094 0.691406 0.386719 0.691406 0.390625 0.695312 0.390625 0.699219 0.394531 0.703125 0.402344 0.703125 0.410156 0.710938 0.421875 0.710938 0.421875 0.699219 0.425781 0.695312 0.453125 0.695312 0.453125 0.687500 0.449219 0.683594 0.449219 0.679688 0.445312 0.675781 0.445312 0.652344 0.437500 0.652344 0.433594 0.648438 0.433594 0.636719 0.417969 0.636719 0.414062 0.632812 0.390625 0.632812 0.386719 0.628906 0.386719 0.609375 0.382812 0.609375 0.378906 0.605469 0.375000 0.605469 0.371094 0.601562 0.371094 0.566406 0.367188 0.562500 0.363281 0.562500 0.359375 0.558594 0.359375 0.539062 0.363281 0.535156 0.367188 0.535156 0.371094 0.531250 0.371094 0.523438 0.351562 0.523438 0.347656 0.519531 0.347656 0.488281 0.343750 0.488281 0.335938 0.480469 0.335938 0.476562 0.332031 0.472656 0.324219 0.472656 0.320312 0.468750 0.320312 0.437500 0.324219 0.433594 0.324219 0.425781 0.316406 0.425781 0.312500 0.421875 0.312500 0.414062 0.308594 0.410156
5 0.144531 0.363281 0.144531 0.367188 0.136719 0.375000 0.132812 0.375000 0.132812 0.382812 0.144531 0.382812 0.148438 0.386719 0.148438 0.402344 0.152344 0.406250 0.167969 0.406250 0.171875 0.410156 0.179688 0.410156 0.179688 0.398438 0.167969 0.398438 0.164062 0.394531 0.164062 0.375000 0.152344 0.363281
5 0.695312 0.355469 0.695312 0.367188 0.699219 0.367188 0.703125 0.371094 0.718750 0.371094 0.718750 0.359375 0.714844 0.359375 0.710938 0.355469
5 0.265625 0.347656 0.265625 0.363281 0.257812 0.371094 0.242188 0.371094 0.238281 0.367188 0.230469 0.367188 0.230469 0.371094 0.222656 0.378906 0.214844 0.378906 0.210938 0.382812 0.187500 0.382812 0.187500 0.394531 0.203125 0.394531 0.207031 0.398438 0.207031 0.406250 0.210938 0.410156 0.210938 0.414062 0.226562 0.414062 0.230469 0.410156 0.257812 0.410156 0.257812 0.398438 0.261719 0.394531 0.265625 0.394531 0.273438 0.386719 0.273438 0.363281 0.277344 0.359375 0.277344 0.347656
5 0.296875 0.328125 0.292969 0.332031 0.281250 0.332031 0.281250 0.339844 0.304688 0.339844 0.308594 0.343750 0.312500 0.343750 0.316406 0.347656 0.316406 0.355469 0.320312 0.355469 0.324219 0.359375 0.335938 0.359375 0.335938 0.351562 0.339844 0.347656 0.343750 0.347656 0.343750 0.339844 0.339844 0.339844 0.335938 0.335938 0.328125 0.335938 0.320312 0.328125
5 0.722656 0.312500 0.722656 0.320312 0.734375 0.320312 0.738281 0.324219 0.738281 0.328125 0.746094 0.328125 0.746094 0.320312 0.738281 0.320312 0.734375 0.316406 0.734375 0.312500
5 0.664062 0.285156 0.664062 0.289062 0.660156 0.292969 0.660156 0.300781 0.664062 0.304688 0.671875 0.304688 0.675781 0.308594 0.683594 0.308594 0.683594 0.296875 0.671875 0.285156
5 0.292969 0.246094 0.292969 0.250000 0.289062 0.253906 0.285156 0.253906 0.281250 0.257812 0.281250 0.265625 0.292969 0.265625 0.292969 0.257812 0.296875 0.253906 0.300781 0.253906 0.300781 0.246094
5 0.378906 0.132812 0.378906 0.136719 0.375000 0.140625 0.347656 0.140625 0.343750 0.136719 0.328125 0.136719 0.324219 0.140625 0.316406 0.140625 0.316406 0.144531 0.312500 0.148438 0.312500 0.156250 0.316406 0.156250 0.320312 0.160156 0.320312 0.175781 0.316406 0.179688 0.308594 0.179688 0.300781 0.187500 0.300781 0.195312 0.304688 0.199219 0.304688 0.214844 0.316406 0.214844 0.316406 0.210938 0.320312 0.207031 0.324219 0.207031 0.324219 0.199219 0.328125 0.195312 0.328125 0.183594 0.335938 0.175781 0.351562 0.175781 0.355469 0.179688 0.355469 0.191406 0.359375 0.195312 0.367188 0.195312 0.367188 0.167969 0.371094 0.164062 0.375000 0.164062 0.378906 0.160156 0.378906 0.144531 0.382812 0.140625 0.402344 0.140625 0.402344 0.132812
5 0.457031 0.121094 0.457031 0.132812 0.453125 0.136719 0.437500 0.136719 0.433594 0.140625 0.429688 0.140625 0.429688 0.148438 0.433594 0.152344 0.433594 0.167969 0.429688 0.171875 0.414062 0.171875 0.414062 0.183594 0.406250 0.191406 0.406250 0.199219 0.410156 0.199219 0.414062 0.203125 0.414062 0.207031 0.417969 0.210938 0.417969 0.218750 0.421875 0.218750 0.425781 0.222656 0.437500 0.222656 0.445312 0.230469 0.445312 0.250000 0.441406 0.253906 0.429688 0.253906 0.425781 0.257812 0.398438 0.257812 0.398438 0.269531 0.394531 0.273438 0.394531 0.281250 0.398438 0.281250 0.402344 0.285156 0.402344 0.308594 0.417969 0.308594 0.421875 0.312500 0.421875 0.335938 0.425781 0.339844 0.429688 0.339844 0.433594 0.343750 0.433594 0.351562 0.437500 0.355469 0.437500 0.359375 0.453125 0.359375 0.457031 0.363281 0.457031 0.378906 0.449219 0.386719 0.441406 0.386719 0.441406 0.390625 0.437500 0.394531 0.421875 0.394531 0.417969 0.390625 0.417969 0.375000 0.402344 0.375000 0.402344 0.378906 0.398438 0.382812 0.398438 0.394531 0.394531 0.398438 0.394531 0.406250 0.402344 0.406250 0.410156 0.414062 0.421875 0.414062 0.425781 0.417969 0.425781 0.445312 0.417969 0.453125 0.417969 0.457031 0.414062 0.460938 0.410156 0.460938 0.410156 0.472656 0.417969 0.472656 0.429688 0.484375 0.449219 0.484375 0.453125 0.488281 0.453125 0.511719 0.457031 0.515625 0.457031 0.527344 0.460938 0.531250 0.460938 0.535156 0.464844 0.539062 0.464844 0.542969 0.468750 0.546875 0.468750 0.554688 0.476562 0.562500 0.476562 0.574219 0.480469 0.578125 0.480469 0.597656 0.484375 0.597656 0.488281 0.601562 0.492188 0.601562 0.500000 0.609375 0.500000 0.628906 0.496094 0.632812 0.492188 0.632812 0.492188 0.644531 0.488281 0.648438 0.472656 0.648438 0.472656 0.660156 0.488281 0.660156 0.496094 0.667969 0.496094 0.683594 0.500000 0.687500 0.500000 0.703125 0.503906 0.707031 0.503906 0.757812 0.511719 0.765625 0.511719 0.781250 0.507812 0.785156 0.507812 0.792969 0.503906 0.796875 0.496094 0.796875 0.492188 0.800781 0.492188 0.808594 0.500000 0.808594 0.503906 0.804688 0.503906 0.796875 0.507812 0.792969 0.519531 0.792969 0.523438 0.789062 0.546875 0.789062 0.550781 0.792969 0.550781 0.804688 0.554688 0.808594 0.554688 0.812500 0.562500 0.812500 0.562500 0.796875 0.554688 0.796875 0.550781 0.792969 0.550781 0.777344 0.554688 0.773438 0.562500 0.773438 0.562500 0.765625 0.558594 0.761719 0.542969 0.761719 0.535156 0.753906 0.535156 0.738281 0.542969 0.730469 0.550781 0.730469 0.554688 0.726562 0.578125 0.726562 0.582031 0.722656 0.582031 0.714844 0.585938 0.710938 0.617188 0.710938 0.621094 0.714844 0.621094 0.750000 0.628906 0.750000 0.632812 0.753906 0.632812 0.773438 0.644531 0.773438 0.648438 0.777344 0.687500 0.777344 0.691406 0.781250 0.707031 0.781250 0.707031 0.773438 0.710938 0.769531 0.710938 0.750000 0.703125 0.750000 0.699219 0.753906 0.679688 0.753906 0.675781 0.750000 0.664062 0.750000 0.656250 0.742188 0.652344 0.742188 0.648438 0.738281 0.632812 0.738281 0.628906 0.734375 0.628906 0.730469 0.625000 0.726562 0.625000 0.691406 0.628906 0.687500 0.644531 0.687500 0.648438 0.691406 0.648438 0.695312 0.660156 0.695312 0.660156 0.667969 0.667969 0.660156 0.667969 0.652344 0.675781 0.644531 0.691406 0.644531 0.695312 0.648438 0.695312 0.660156 0.722656 0.660156 0.726562 0.656250 0.742188 0.656250 0.746094 0.660156 0.746094 0.664062 0.753906 0.664062 0.757812 0.660156 0.765625 0.660156 0.765625 0.652344 0.761719 0.648438 0.761719 0.632812 0.765625 0.628906 0.769531 0.628906 0.773438 0.625000 0.839844 0.625000 0.843750 0.628906 0.843750 0.656250 0.847656 0.656250 0.851562 0.660156 0.851562 0.679688 0.847656 0.683594 0.847656 0.687500 0.843750 0.691406 0.835938 0.691406 0.832031 0.695312 0.824219 0.695312 0.824219 0.699219 0.820312 0.703125 0.804688 0.703125 0.800781 0.699219 0.792969 0.699219 0.792969 0.710938 0.804688 0.710938 0.812500 0.718750 0.812500 0.730469 0.820312 0.738281 0.820312 0.746094 0.832031 0.746094 0.832031 0.734375 0.835938 0.730469 0.843750 0.730469 0.843750 0.726562 0.847656 0.722656 0.878906 0.722656 0.882812 0.718750 0.886719 0.718750 0.890625 0.714844 0.898438 0.714844 0.898438 0.710938 0.906250 0.703125 0.914062 0.703125 0.921875 0.695312 0.925781 0.695312 0.925781 0.687500 0.929688 0.683594 0.929688 0.652344 0.933594 0.648438 0.933594 0.621094 0.937500 0.617188 0.937500 0.589844 0.929688 0.589844 0.929688 0.597656 0.925781 0.601562 0.925781 0.605469 0.921875 0.609375 0.921875 0.613281 0.917969 0.617188 0.894531 0.617188 0.894531 0.621094 0.890625 0.625000 0.882812 0.625000 0.878906 0.628906 0.847656 0.628906 0.843750 0.625000 0.843750 0.597656 0.847656 0.593750 0.847656 0.585938 0.832031 0.585938 0.828125 0.582031 0.828125 0.578125 0.824219 0.578125 0.820312 0.574219 0.820312 0.566406 0.796875 0.566406 0.792969 0.562500 0.792969 0.546875 0.796875 0.542969 0.800781 0.542969 0.804688 0.539062 0.832031 0.539062 0.832031 0.535156 0.843750 0.523438 0.847656 0.523438 0.847656 0.519531 0.851562 0.515625 0.851562 0.511719 0.855469 0.507812 0.855469 0.503906 0.859375 0.500000 0.878906 0.500000 0.882812 0.503906 0.882812 0.507812 0.894531 0.507812 0.894531 0.496094 0.867188 0.496094 0.859375 0.488281 0.859375 0.472656 0.847656 0.472656 0.843750 0.468750 0.843750 0.453125 0.847656 0.449219 0.863281 0.449219 0.863281 0.441406 0.859375 0.441406 0.855469 0.437500 0.847656 0.437500 0.847656 0.441406 0.843750 0.445312 0.828125 0.445312 0.824219 0.441406 0.824219 0.437500 0.820312 0.437500 0.816406 0.433594 0.804688 0.433594 0.800781 0.429688 0.800781 0.425781 0.796875 0.421875 0.792969 0.421875 0.789062 0.417969 0.789062 0.414062 0.773438 0.414062 0.761719 0.402344 0.761719 0.394531 0.750000 0.394531 0.746094 0.398438 0.746094 0.421875 0.742188 0.425781 0.726562 0.425781 0.718750 0.417969 0.718750 0.414062 0.714844 0.410156 0.714844 0.406250 0.707031 0.398438 0.691406 0.398438 0.687500 0.394531 0.664062 0.394531 0.660156 0.390625 0.660156 0.371094 0.664062 0.367188 0.667969 0.367188 0.667969 0.355469 0.664062 0.351562 0.660156 0.351562 0.652344 0.343750 0.628906 0.343750 0.621094 0.335938 0.621094 0.332031 0.609375 0.332031 0.601562 0.324219 0.601562 0.296875 0.605469 0.292969 0.613281 0.292969 0.613281 0.285156 0.617188 0.281250 0.617188 0.269531 0.609375 0.269531 0.605469 0.265625 0.605469 0.250000 0.609375 0.246094 0.609375 0.218750 0.613281 0.214844 0.617188 0.214844 0.617188 0.207031 0.605469 0.207031 0.605469 0.226562 0.601562 0.230469 0.585938 0.230469 0.582031 0.226562 0.582031 0.222656 0.578125 0.218750 0.558594 0.218750 0.554688 0.214844 0.554688 0.199219 0.558594 0.195312 0.558594 0.179688 0.546875 0.167969 0.535156 0.167969 0.531250 0.171875 0.531250 0.183594 0.527344 0.187500 0.527344 0.199219 0.539062 0.210938 0.539062 0.222656 0.542969 0.226562 0.542969 0.238281 0.578125 0.238281 0.585938 0.246094 0.585938 0.250000 0.589844 0.253906 0.593750 0.253906 0.597656 0.257812 0.597656 0.277344 0.601562 0.281250 0.601562 0.296875 0.597656 0.300781 0.582031 0.300781 0.578125 0.304688 0.578125 0.308594 0.574219 0.312500 0.550781 0.312500 0.546875 0.308594 0.546875 0.289062 0.550781 0.285156 0.558594 0.285156 0.558594 0.265625 0.527344 0.265625 0.519531 0.257812 0.519531 0.238281 0.515625 0.234375 0.503906 0.234375 0.500000 0.230469 0.500000 0.214844 0.503906 0.210938 0.503906 0.203125 0.488281 0.203125 0.484375 0.199219 0.484375 0.183594 0.488281 0.179688 0.492188 0.179688 0.496094 0.175781 0.500000 0.175781 0.500000 0.160156 0.503906 0.156250 0.507812 0.156250 0.507812 0.148438 0.503906 0.148438 0.496094 0.140625 0.496094 0.136719 0.488281 0.136719 0.484375 0.132812 0.468750 0.132812 0.464844 0.128906 0.464844 0.121094
