5 0.617188 0.894531 0.617188 0.906250 0.632812 0.906250 0.632812 0.894531
5 0.593750 0.875000 0.593750 0.886719 0.601562 0.886719 0.601562 0.875000
5 0.566406 0.832031 0.566406 0.847656 0.574219 0.847656 0.574219 0.832031
5 0.679688 0.804688 0.679688 0.812500 0.687500 0.812500 0.691406 0.816406 0.691406 0.820312 0.695312 0.824219 0.695312 0.851562 0.691406 0.855469 0.687500 0.855469 0.687500 0.871094 0.691406 0.875000 0.691406 0.878906 0.695312 0.878906 0.699219 0.882812 0.699219 0.902344 0.695312 0.906250 0.687500 0.906250 0.683594 0.910156 0.660156 0.910156 0.660156 0.917969 0.664062 0.917969 0.667969 0.921875 0.667969 0.929688 0.679688 0.929688 0.683594 0.925781 0.722656 0.925781 0.726562 0.921875 0.742188 0.921875 0.742188 0.917969 0.746094 0.914062 0.761719 0.914062 0.765625 0.910156 0.812500 0.910156 0.812500 0.894531 0.816406 0.890625 0.839844 0.890625 0.839844 0.875000 0.816406 0.875000 0.812500 0.871094 0.812500 0.851562 0.804688 0.851562 0.800781 0.847656 0.800781 0.843750 0.796875 0.839844 0.789062 0.839844 0.785156 0.835938 0.785156 0.828125 0.781250 0.824219 0.781250 0.820312 0.777344 0.820312 0.773438 0.816406 0.773438 0.812500 0.757812 0.812500 0.757812 0.824219 0.761719 0.828125 0.761719 0.832031 0.769531 0.832031 0.773438 0.835938 0.773438 0.839844 0.785156 0.839844 0.789062 0.843750 0.789062 0.851562 0.800781 0.851562 0.804688 0.855469 0.804688 0.871094 0.800781 0.875000 0.800781 0.894531 0.796875 0.898438 0.792969 0.898438 0.789062 0.902344 0.765625 0.902344 0.753906 0.890625 0.753906 0.886719 0.750000 0.882812 0.750000 0.875000 0.742188 0.875000 0.738281 0.871094 0.734375 0.871094 0.730469 0.867188 0.730469 0.835938 0.726562 0.832031 0.722656 0.832031 0.718750 0.828125 0.718750 0.804688
5 0.355469 0.777344 0.351562 0.781250 0.347656 0.781250 0.347656 0.785156 0.343750 0.789062 0.328125 0.789062 0.324219 0.792969 0.324219 0.800781 0.332031 0.800781 0.335938 0.804688 0.335938 0.828125 0.339844 0.832031 0.347656 0.832031 0.351562 0.835938 0.351562 0.839844 0.359375 0.847656 0.359375 0.851562 0.367188 0.851562 0.371094 0.847656 0.375000 0.847656 0.375000 0.832031 0.371094 0.832031 0.359375 0.820312 0.359375 0.804688 0.363281 0.800781 0.367188 0.800781 0.375000 0.792969 0.394531 0.792969 0.394531 0.785156 0.386719 0.777344
5 0.742188 0.757812 0.742188 0.761719 0.738281 0.765625 0.722656 0.765625 0.722656 0.773438 0.730469 0.773438 0.738281 0.781250 0.750000 0.781250 0.753906 0.777344 0.757812 0.777344 0.765625 0.769531 0.781250 0.769531 0.785156 0.773438 0.796875 0.773438 0.800781 0.777344 0.804688 0.777344 0.808594 0.781250 0.808594 0.785156 0.824219 0.785156 0.828125 0.781250 0.835938 0.781250 0.835938 0.773438 0.828125 0.773438 0.824219 0.769531 0.804688 0.769531 0.800781 0.765625 0.785156 0.765625 0.781250 0.761719 0.753906 0.761719 0.750000 0.757812
5 0.660156 0.753906 0.660156 0.757812 0.656250 0.761719 0.652344 0.761719 0.652344 0.769531 0.679688 0.769531 0.683594 0.773438 0.695312 0.773438 0.695312 0.765625 0.687500 0.765625 0.683594 0.761719 0.683594 0.757812 0.679688 0.753906
5 0.148438 0.710938 0.148438 0.714844 0.144531 0.718750 0.140625 0.718750 0.140625 0.734375 0.148438 0.734375 0.152344 0.738281 0.152344 0.746094 0.160156 0.753906 0.160156 0.761719 0.164062 0.765625 0.175781 0.765625 0.179688 0.769531 0.179688 0.796875 0.199219 0.796875 0.203125 0.800781 0.203125 0.847656 0.207031 0.851562 0.207031 0.859375 0.210938 0.863281 0.210938 0.867188 0.218750 0.867188 0.222656 0.871094 0.222656 0.890625 0.226562 0.894531 0.265625 0.894531 0.269531 0.898438 0.269531 0.902344 0.273438 0.906250 0.281250 0.906250 0.285156 0.902344 0.289062 0.902344 0.289062 0.894531 0.285156 0.894531 0.281250 0.890625 0.253906 0.890625 0.246094 0.882812 0.242188 0.882812 0.238281 0.878906 0.238281 0.863281 0.234375 0.859375 0.234375 0.851562 0.230469 0.851562 0.226562 0.847656 0.226562 0.824219 0.230469 0.820312 0.234375 0.820312 0.238281 0.816406 0.238281 0.812500 0.246094 0.804688 0.246094 0.800781 0.250000 0.796875 0.269531 0.796875 0.269531 0.781250 0.273438 0.777344 0.277344 0.777344 0.281250 0.773438 0.285156 0.773438 0.285156 0.761719 0.281250 0.757812 0.281250 0.746094 0.273438 0.746094 0.273438 0.761719 0.269531 0.765625 0.269531 0.769531 0.265625 0.773438 0.250000 0.773438 0.246094 0.769531 0.246094 0.765625 0.242188 0.765625 0.238281 0.761719 0.238281 0.757812 0.234375 0.757812 0.230469 0.753906 0.203125 0.753906 0.199219 0.750000 0.199219 0.718750 0.160156 0.718750 0.156250 0.714844 0.156250 0.710938
5 0.886719 0.703125 0.886719 0.734375 0.890625 0.738281 0.890625 0.742188 0.898438 0.750000 0.898438 0.753906 0.906250 0.753906 0.906250 0.746094 0.902344 0.742188 0.902344 0.726562 0.906250 0.722656 0.906250 0.714844 0.902344 0.710938 0.902344 0.707031 0.898438 0.707031 0.894531 0.703125
5 0.253906 0.687500 0.253906 0.699219 0.261719 0.699219 0.261719 0.687500
5 0.546875 0.679688 0.542969 0.683594 0.542969 0.691406 0.535156 0.699219 0.531250 0.699219 0.531250 0.707031 0.535156 0.710938 0.539062 0.710938 0.546875 0.718750 0.546875 0.734375 0.554688 0.742188 0.554688 0.746094 0.558594 0.746094 0.562500 0.750000 0.562500 0.777344 0.566406 0.781250 0.566406 0.808594 0.574219 0.808594 0.574219 0.765625 0.566406 0.765625 0.562500 0.761719 0.562500 0.703125 0.558594 0.703125 0.554688 0.699219 0.554688 0.679688
5 0.410156 0.671875 0.410156 0.683594 0.417969 0.683594 0.421875 0.679688 0.421875 0.671875
5 0.378906 0.625000 0.378906 0.648438 0.394531 0.648438 0.394531 0.644531 0.398438 0.640625 0.402344 0.640625 0.402344 0.632812 0.390625 0.632812 0.386719 0.628906 0.386719 0.625000
5 0.667969 0.621094 0.660156 0.628906 0.656250 0.628906 0.656250 0.648438 0.652344 0.652344 0.636719 0.652344 0.632812 0.656250 0.625000 0.656250 0.625000 0.664062 0.628906 0.664062 0.636719 0.671875 0.640625 0.671875 0.644531 0.675781 0.664062 0.675781 0.667969 0.671875 0.683594 0.671875 0.683594 0.664062 0.679688 0.660156 0.679688 0.621094
5 0.777344 0.582031 0.777344 0.601562 0.800781 0.601562 0.804688 0.605469 0.804688 0.625000 0.800781 0.628906 0.800781 0.636719 0.796875 0.640625 0.789062 0.640625 0.781250 0.648438 0.769531 0.648438 0.769531 0.652344 0.761719 0.660156 0.746094 0.660156 0.742188 0.656250 0.734375 0.656250 0.730469 0.660156 0.722656 0.660156 0.722656 0.664062 0.718750 0.667969 0.714844 0.667969 0.714844 0.671875 0.707031 0.679688 0.703125 0.679688 0.703125 0.691406 0.710938 0.691406 0.714844 0.695312 0.714844 0.699219 0.722656 0.699219 0.722656 0.683594 0.726562 0.679688 0.734375 0.679688 0.734375 0.675781 0.742188 0.667969 0.746094 0.667969 0.750000 0.664062 0.777344 0.664062 0.785156 0.671875 0.785156 0.691406 0.781250 0.695312 0.769531 0.695312 0.769531 0.703125 0.792969 0.703125 0.796875 0.707031 0.812500 0.707031 0.812500 0.703125 0.816406 0.699219 0.816406 0.679688 0.824219 0.671875 0.835938 0.671875 0.839844 0.667969 0.847656 0.667969 0.851562 0.664062 0.867188 0.664062 0.867188 0.656250 0.863281 0.656250 0.859375 0.652344 0.859375 0.648438 0.855469 0.648438 0.851562 0.644531 0.851562 0.632812 0.832031 0.632812 0.828125 0.628906 0.828125 0.625000 0.824219 0.621094 0.824219 0.609375 0.820312 0.605469 0.820312 0.597656 0.816406 0.593750 0.816406 0.589844 0.804688 0.589844 0.796875 0.582031
5 0.507812 0.570312 0.507812 0.578125 0.515625 0.578125 0.515625 0.570312
5 0.714844 0.562500 0.714844 0.585938 0.718750 0.585938 0.722656 0.589844 0.722656 0.605469 0.726562 0.609375 0.726562 0.628906 0.738281 0.628906 0.742188 0.625000 0.746094 0.625000 0.746094 0.617188 0.742188 0.613281 0.742188 0.589844 0.726562 0.589844 0.722656 0.585938 0.722656 0.562500
5 0.761719 0.558594 0.757812 0.562500 0.750000 0.562500 0.750000 0.574219 0.769531 0.574219 0.769531 0.558594
5 0.675781 0.531250 0.675781 0.550781 0.671875 0.554688 0.671875 0.578125 0.667969 0.582031 0.664062 0.582031 0.664062 0.593750 0.671875 0.593750 0.675781 0.597656 0.687500 0.597656 0.687500 0.589844 0.679688 0.589844 0.675781 0.585938 0.675781 0.570312 0.679688 0.566406 0.679688 0.562500 0.683594 0.558594 0.683594 0.531250
5 0.105469 0.523438 0.105469 0.527344 0.101562 0.531250 0.078125 0.531250 0.078125 0.542969 0.093750 0.542969 0.097656 0.546875 0.132812 0.546875 0.132812 0.531250 0.128906 0.531250 0.125000 0.527344 0.125000 0.523438
5 0.867188 0.500000 0.867188 0.519531 0.863281 0.523438 0.839844 0.523438 0.835938 0.519531 0.835938 0.515625 0.828125 0.515625 0.828125 0.527344 0.843750 0.527344 0.847656 0.531250 0.847656 0.535156 0.855469 0.535156 0.859375 0.539062 0.859375 0.550781 0.867188 0.550781 0.867188 0.542969 0.875000 0.535156 0.875000 0.531250 0.878906 0.527344 0.882812 0.527344 0.882812 0.500000
5 0.906250 0.496094 0.906250 0.503906 0.910156 0.507812 0.917969 0.507812 0.917969 0.496094
5 0.082031 0.496094 0.082031 0.503906 0.085938 0.507812 0.097656 0.507812 0.097656 0.496094
5 0.820312 0.476562 0.816406 0.480469 0.808594 0.480469 0.808594 0.488281 0.812500 0.492188 0.832031 0.492188 0.832031 0.488281 0.835938 0.484375 0.839844 0.484375 0.839844 0.476562
5 0.226562 0.421875 0.226562 0.429688 0.218750 0.437500 0.203125 0.437500 0.199219 0.441406 0.199219 0.449219 0.203125 0.453125 0.203125 0.515625 0.199219 0.519531 0.187500 0.519531 0.187500 0.523438 0.183594 0.527344 0.175781 0.527344 0.171875 0.531250 0.171875 0.535156 0.167969 0.539062 0.160156 0.539062 0.156250 0.542969 0.156250 0.554688 0.164062 0.562500 0.164062 0.566406 0.167969 0.570312 0.167969 0.585938 0.164062 0.589844 0.152344 0.589844 0.152344 0.601562 0.148438 0.605469 0.144531 0.605469 0.140625 0.609375 0.136719 0.609375 0.136719 0.652344 0.132812 0.656250 0.128906 0.656250 0.128906 0.667969 0.125000 0.671875 0.125000 0.675781 0.121094 0.679688 0.121094 0.691406 0.125000 0.695312 0.136719 0.695312 0.136719 0.683594 0.140625 0.679688 0.148438 0.679688 0.148438 0.664062 0.152344 0.660156 0.152344 0.648438 0.156250 0.644531 0.167969 0.644531 0.167969 0.625000 0.171875 0.621094 0.171875 0.609375 0.175781 0.605469 0.187500 0.605469 0.187500 0.597656 0.191406 0.593750 0.207031 0.593750 0.210938 0.597656 0.210938 0.605469 0.222656 0.605469 0.226562 0.609375 0.226562 0.613281 0.234375 0.613281 0.238281 0.617188 0.261719 0.617188 0.265625 0.621094 0.277344 0.621094 0.285156 0.628906 0.285156 0.648438 0.281250 0.652344 0.269531 0.652344 0.269531 0.660156 0.273438 0.664062 0.273438 0.683594 0.281250 0.683594 0.285156 0.687500 0.285156 0.703125 0.292969 0.703125 0.296875 0.699219 0.300781 0.699219 0.300781 0.695312 0.304688 0.691406 0.304688 0.675781 0.312500 0.667969 0.316406 0.667969 0.316406 0.660156 0.320312 0.656250 0.324219 0.656250 0.324219 0.652344 0.328125 0.648438 0.328125 0.636719 0.332031 0.632812 0.335938 0.632812 0.335938 0.625000 0.339844 0.621094 0.367188 0.621094 0.367188 0.613281 0.363281 0.613281 0.359375 0.609375 0.359375 0.605469 0.355469 0.605469 0.343750 0.593750 0.343750 0.585938 0.339844 0.582031 0.328125 0.582031 0.324219 0.578125 0.324219 0.566406 0.308594 0.566406 0.304688 0.562500 0.304688 0.542969 0.292969 0.542969 0.289062 0.539062 0.289062 0.535156 0.281250 0.527344 0.281250 0.503906 0.250000 0.503906 0.246094 0.500000 0.246094 0.488281 0.242188 0.484375 0.230469 0.484375 0.226562 0.480469 0.226562 0.476562 0.222656 0.472656 0.218750 0.472656 0.214844 0.468750 0.214844 0.445312 0.218750 0.441406 0.234375 0.441406 0.234375 0.421875
5 0.722656 0.328125 0.722656 0.355469 0.718750 0.359375 0.718750 0.363281 0.714844 0.367188 0.714844 0.371094 0.710938 0.375000 0.710938 0.378906 0.707031 0.382812 0.707031 0.390625 0.703125 0.394531 0.699219 0.394531 0.699219 0.410156 0.707031 0.410156 0.710938 0.406250 0.718750 0.406250 0.718750 0.402344 0.722656 0.398438 0.722656 0.375000 0.726562 0.371094 0.734375 0.371094 0.738281 0.367188 0.742188 0.367188 0.746094 0.363281 0.746094 0.359375 0.750000 0.355469 0.750000 0.351562 0.753906 0.347656 0.781250 0.347656 0.785156 0.351562 0.789062 0.351562 0.796875 0.359375 0.796875 0.367188 0.804688 0.367188 0.808594 0.363281 0.812500 0.363281 0.816406 0.359375 0.816406 0.347656 0.812500 0.347656 0.808594 0.343750 0.800781 0.343750 0.796875 0.339844 0.753906 0.339844 0.750000 0.335938 0.738281 0.335938 0.734375 0.332031 0.734375 0.328125
5 0.207031 0.316406 0.207031 0.343750 0.210938 0.347656 0.226562 0.347656 0.226562 0.332031 0.230469 0.328125 0.242188 0.328125 0.246094 0.324219 0.246094 0.316406
5 0.281250 0.285156 0.277344 0.289062 0.269531 0.289062 0.269531 0.300781 0.285156 0.300781 0.292969 0.292969 0.292969 0.285156
5 0.628906 0.183594 0.628906 0.187500 0.625000 0.191406 0.625000 0.195312 0.621094 0.199219 0.621094 0.210938 0.617188 0.214844 0.593750 0.214844 0.593750 0.218750 0.589844 0.222656 0.582031 0.222656 0.578125 0.226562 0.574219 0.226562 0.570312 0.230469 0.570312 0.238281 0.574219 0.242188 0.574219 0.250000 0.578125 0.250000 0.585938 0.257812 0.585938 0.300781 0.582031 0.304688 0.546875 0.304688 0.542969 0.308594 0.527344 0.308594 0.523438 0.304688 0.523438 0.292969 0.496094 0.292969 0.492188 0.289062 0.476562 0.289062 0.472656 0.285156 0.472656 0.265625 0.460938 0.265625 0.460938 0.277344 0.468750 0.277344 0.472656 0.281250 0.472656 0.300781 0.476562 0.304688 0.476562 0.316406 0.500000 0.316406 0.503906 0.320312 0.503906 0.335938 0.500000 0.339844 0.484375 0.339844 0.480469 0.343750 0.457031 0.343750 0.453125 0.347656 0.437500 0.347656 0.433594 0.343750 0.425781 0.343750 0.421875 0.339844 0.417969 0.339844 0.414062 0.335938 0.414062 0.320312 0.417969 0.316406 0.425781 0.316406 0.425781 0.308594 0.421875 0.304688 0.421875 0.277344 0.417969 0.273438 0.414062 0.273438 0.410156 0.269531 0.410156 0.253906 0.394531 0.253906 0.394531 0.300781 0.390625 0.304688 0.386719 0.304688 0.386719 0.312500 0.382812 0.316406 0.382812 0.332031 0.378906 0.335938 0.378906 0.343750 0.382812 0.347656 0.382812 0.351562 0.394531 0.363281 0.394531 0.375000 0.410156 0.375000 0.410156 0.367188 0.414062 0.363281 0.441406 0.363281 0.445312 0.367188 0.445312 0.375000 0.457031 0.386719 0.457031 0.398438 0.460938 0.398438 0.464844 0.402344 0.464844 0.441406 0.468750 0.441406 0.472656 0.445312 0.472656 0.472656 0.476562 0.476562 0.488281 0.476562 0.492188 0.480469 0.492188 0.492188 0.496094 0.496094 0.496094 0.500000 0.515625 0.500000 0.519531 0.503906 0.519531 0.519531 0.523438 0.523438 0.531250 0.523438 0.539062 0.531250 0.539062 0.542969 0.542969 0.546875 0.550781 0.546875 0.554688 0.550781 0.566406 0.550781 0.570312 0.546875 0.570312 0.542969 0.574219 0.539062 0.574219 0.519531 0.578125 0.515625 0.582031 0.515625 0.593750 0.503906 0.613281 0.503906 0.617188 0.507812 0.617188 0.511719 0.621094 0.511719 0.625000 0.515625 0.632812 0.515625 0.636719 0.511719 0.644531 0.511719 0.644531 0.507812 0.648438 0.503906 0.648438 0.496094 0.652344 0.492188 0.656250 0.492188 0.660156 0.488281 0.664062 0.488281 0.664062 0.480469 0.667969 0.476562 0.687500 0.476562 0.691406 0.480469 0.691406 0.503906 0.699219 0.503906 0.703125 0.507812 0.703125 0.519531 0.710938 0.519531 0.710938 0.511719 0.707031 0.507812 0.707031 0.480469 0.714844 0.472656 0.730469 0.472656 0.730469 0.464844 0.722656 0.464844 0.718750 0.460938 0.718750 0.445312 0.710938 0.445312 0.707031 0.441406 0.699219 0.441406 0.695312 0.437500 0.695312 0.433594 0.683594 0.433594 0.679688 0.429688 0.679688 0.417969 0.675781 0.414062 0.675781 0.402344 0.667969 0.402344 0.664062 0.406250 0.640625 0.406250 0.628906 0.394531 0.628906 0.378906 0.632812 0.375000 0.656250 0.375000 0.656250 0.343750 0.660156 0.339844 0.664062 0.339844 0.664062 0.332031 0.667969 0.328125 0.671875 0.328125 0.671875 0.324219 0.679688 0.316406 0.699219 0.316406 0.703125 0.320312 0.710938 0.320312 0.710938 0.308594 0.718750 0.300781 0.718750 0.292969 0.714844 0.289062 0.714844 0.285156 0.710938 0.285156 0.707031 0.281250 0.707031 0.277344 0.695312 0.277344 0.691406 0.273438 0.679688 0.273438 0.675781 0.269531 0.675781 0.246094 0.671875 0.242188 0.664062 0.242188 0.660156 0.238281 0.660156 0.222656 0.644531 0.222656 0.640625 0.218750 0.640625 0.187500 0.636719 0.183594
5 0.480469 0.074219 0.476562 0.078125 0.472656 0.078125 0.472656 0.082031 0.468750 0.085938 0.464844 0.085938 0.464844 0.089844 0.460938 0.093750 0.457031 0.093750 0.457031 0.101562 0.453125 0.105469 0.437500 0.105469 0.433594 0.109375 0.425781 0.109375 0.425781 0.136719 0.417969 0.144531 0.417969 0.156250 0.414062 0.160156 0.398438 0.160156 0.394531 0.156250 0.386719 0.156250 0.382812 0.160156 0.382812 0.179688 0.375000 0.187500 0.363281 0.187500 0.363281 0.191406 0.359375 0.195312 0.359375 0.218750 0.347656 0.230469 0.347656 0.234375 0.343750 0.238281 0.343750 0.246094 0.339844 0.250000 0.328125 0.250000 0.328125 0.257812 0.324219 0.261719 0.320312 0.261719 0.316406 0.265625 0.316406 0.277344 0.320312 0.281250 0.320312 0.285156 0.343750 0.285156 0.343750 0.281250 0.347656 0.277344 0.371094 0.277344 0.371094 0.269531 0.363281 0.261719 0.363281 0.246094 0.367188 0.242188 0.371094 0.242188 0.371094 0.222656 0.375000 0.218750 0.394531 0.218750 0.394531 0.195312 0.398438 0.191406 0.410156 0.191406 0.414062 0.187500 0.417969 0.187500 0.421875 0.183594 0.437500 0.183594 0.441406 0.187500 0.441406 0.191406 0.449219 0.199219 0.457031 0.199219 0.460938 0.203125 0.488281 0.203125 0.496094 0.210938 0.503906 0.210938 0.503906 0.195312 0.496094 0.195312 0.492188 0.191406 0.492188 0.175781 0.488281 0.171875 0.488281 0.164062 0.480469 0.164062 0.476562 0.160156 0.476562 0.125000 0.480469 0.121094 0.484375 0.121094 0.484375 0.109375 0.488281 0.105469 0.488281 0.101562 0.492188 0.097656 0.492188 0.082031 0.488281 0.078125 0.488281 0.074219
