5 0.574219 0.867188 0.574219 0.875000 0.578125 0.875000 0.582031 0.878906 0.589844 0.878906 0.589844 0.871094 0.585938 0.867188
5 0.597656 0.792969 0.593750 0.796875 0.593750 0.804688 0.601562 0.812500 0.617188 0.812500 0.625000 0.804688 0.625000 0.792969
5 0.488281 0.757812 0.488281 0.765625 0.492188 0.765625 0.496094 0.769531 0.496094 0.777344 0.507812 0.777344 0.511719 0.781250 0.511719 0.800781 0.507812 0.804688 0.507812 0.812500 0.523438 0.812500 0.527344 0.816406 0.535156 0.816406 0.539062 0.820312 0.539062 0.828125 0.542969 0.832031 0.550781 0.832031 0.554688 0.835938 0.554688 0.843750 0.562500 0.843750 0.562500 0.835938 0.554688 0.835938 0.550781 0.832031 0.550781 0.824219 0.546875 0.820312 0.546875 0.816406 0.539062 0.816406 0.535156 0.812500 0.535156 0.804688 0.531250 0.800781 0.531250 0.796875 0.527344 0.792969 0.515625 0.792969 0.511719 0.789062 0.511719 0.769531 0.500000 0.757812
5 0.636719 0.742188 0.636719 0.746094 0.632812 0.750000 0.632812 0.757812 0.636719 0.761719 0.671875 0.761719 0.671875 0.753906 0.656250 0.753906 0.652344 0.750000 0.652344 0.742188
5 0.457031 0.710938 0.457031 0.734375 0.468750 0.734375 0.472656 0.738281 0.472656 0.746094 0.480469 0.746094 0.480469 0.734375 0.476562 0.734375 0.472656 0.730469 0.472656 0.722656 0.468750 0.718750 0.468750 0.714844 0.464844 0.710938
5 0.867188 0.652344 0.867188 0.667969 0.871094 0.667969 0.875000 0.671875 0.875000 0.695312 0.867188 0.703125 0.867188 0.710938 0.871094 0.714844 0.871094 0.722656 0.878906 0.722656 0.882812 0.718750 0.886719 0.718750 0.890625 0.714844 0.910156 0.714844 0.910156 0.707031 0.902344 0.707031 0.894531 0.699219 0.894531 0.671875 0.882812 0.671875 0.878906 0.667969 0.878906 0.656250 0.875000 0.652344
5 0.785156 0.644531 0.785156 0.652344 0.789062 0.656250 0.792969 0.656250 0.796875 0.660156 0.796875 0.664062 0.800781 0.664062 0.804688 0.667969 0.804688 0.671875 0.816406 0.671875 0.816406 0.656250 0.812500 0.656250 0.808594 0.652344 0.808594 0.644531
5 0.707031 0.632812 0.703125 0.636719 0.703125 0.648438 0.707031 0.648438 0.714844 0.656250 0.714844 0.687500 0.710938 0.691406 0.710938 0.714844 0.707031 0.718750 0.695312 0.718750 0.687500 0.726562 0.687500 0.734375 0.699219 0.734375 0.707031 0.742188 0.707031 0.750000 0.718750 0.750000 0.722656 0.746094 0.726562 0.746094 0.726562 0.718750 0.734375 0.710938 0.734375 0.691406 0.730469 0.687500 0.730469 0.671875 0.734375 0.667969 0.734375 0.652344 0.738281 0.648438 0.750000 0.648438 0.750000 0.640625 0.726562 0.640625 0.722656 0.636719 0.722656 0.632812
5 0.660156 0.542969 0.660156 0.546875 0.656250 0.550781 0.597656 0.550781 0.597656 0.562500 0.601562 0.566406 0.621094 0.566406 0.625000 0.570312 0.628906 0.570312 0.632812 0.574219 0.636719 0.574219 0.644531 0.582031 0.644531 0.609375 0.652344 0.609375 0.652344 0.601562 0.656250 0.597656 0.667969 0.597656 0.667969 0.542969
5 0.562500 0.527344 0.562500 0.531250 0.558594 0.535156 0.558594 0.539062 0.554688 0.542969 0.554688 0.546875 0.550781 0.550781 0.550781 0.562500 0.558594 0.562500 0.558594 0.558594 0.566406 0.550781 0.566406 0.542969 0.570312 0.539062 0.570312 0.527344
5 0.625000 0.472656 0.625000 0.488281 0.628906 0.492188 0.640625 0.492188 0.640625 0.484375 0.644531 0.480469 0.644531 0.472656
5 0.820312 0.468750 0.820312 0.476562 0.824219 0.480469 0.832031 0.480469 0.832031 0.468750
5 0.777344 0.394531 0.777344 0.402344 0.773438 0.406250 0.773438 0.414062 0.769531 0.417969 0.753906 0.417969 0.750000 0.414062 0.750000 0.410156 0.746094 0.406250 0.742188 0.406250 0.738281 0.402344 0.730469 0.402344 0.730469 0.410156 0.734375 0.414062 0.738281 0.414062 0.742188 0.417969 0.746094 0.417969 0.750000 0.421875 0.750000 0.437500 0.746094 0.441406 0.742188 0.441406 0.738281 0.445312 0.734375 0.445312 0.734375 0.449219 0.730469 0.453125 0.730469 0.472656 0.734375 0.472656 0.738281 0.476562 0.738281 0.480469 0.746094 0.480469 0.750000 0.484375 0.750000 0.492188 0.757812 0.492188 0.757812 0.476562 0.753906 0.476562 0.750000 0.472656 0.750000 0.457031 0.757812 0.449219 0.757812 0.445312 0.765625 0.437500 0.773438 0.437500 0.773438 0.429688 0.777344 0.425781 0.804688 0.425781 0.804688 0.406250 0.800781 0.406250 0.792969 0.398438 0.792969 0.394531
5 0.265625 0.390625 0.265625 0.402344 0.277344 0.402344 0.277344 0.390625
5 0.351562 0.382812 0.351562 0.386719 0.347656 0.390625 0.343750 0.390625 0.343750 0.417969 0.347656 0.421875 0.347656 0.441406 0.343750 0.445312 0.343750 0.449219 0.339844 0.453125 0.339844 0.464844 0.347656 0.464844 0.351562 0.468750 0.355469 0.468750 0.359375 0.472656 0.359375 0.476562 0.363281 0.480469 0.375000 0.480469 0.378906 0.484375 0.378906 0.503906 0.382812 0.507812 0.382812 0.511719 0.390625 0.511719 0.394531 0.515625 0.402344 0.515625 0.410156 0.523438 0.414062 0.523438 0.417969 0.527344 0.417969 0.531250 0.425781 0.539062 0.425781 0.542969 0.429688 0.546875 0.429688 0.550781 0.449219 0.550781 0.460938 0.562500 0.464844 0.562500 0.468750 0.566406 0.468750 0.582031 0.460938 0.589844 0.460938 0.601562 0.457031 0.605469 0.441406 0.605469 0.437500 0.609375 0.433594 0.609375 0.433594 0.617188 0.437500 0.621094 0.437500 0.648438 0.460938 0.648438 0.464844 0.652344 0.464844 0.667969 0.472656 0.667969 0.472656 0.664062 0.480469 0.656250 0.496094 0.656250 0.500000 0.652344 0.500000 0.644531 0.496094 0.640625 0.488281 0.640625 0.484375 0.636719 0.484375 0.628906 0.480469 0.625000 0.480469 0.585938 0.492188 0.574219 0.492188 0.570312 0.496094 0.566406 0.515625 0.566406 0.515625 0.558594 0.511719 0.558594 0.507812 0.554688 0.507812 0.535156 0.488281 0.535156 0.484375 0.531250 0.484375 0.527344 0.480469 0.523438 0.468750 0.523438 0.464844 0.527344 0.445312 0.527344 0.441406 0.523438 0.441406 0.511719 0.437500 0.511719 0.433594 0.507812 0.433594 0.488281 0.441406 0.480469 0.441406 0.476562 0.445312 0.472656 0.445312 0.468750 0.449219 0.464844 0.449219 0.449219 0.433594 0.449219 0.433594 0.453125 0.429688 0.457031 0.429688 0.464844 0.421875 0.472656 0.402344 0.472656 0.398438 0.476562 0.382812 0.476562 0.378906 0.472656 0.378906 0.441406 0.382812 0.437500 0.382812 0.433594 0.390625 0.425781 0.390625 0.410156 0.386719 0.406250 0.367188 0.406250 0.363281 0.402344 0.363281 0.386719 0.359375 0.382812
5 0.917969 0.343750 0.917969 0.359375 0.914062 0.363281 0.914062 0.371094 0.910156 0.375000 0.910156 0.378906 0.906250 0.382812 0.906250 0.386719 0.902344 0.390625 0.902344 0.410156 0.898438 0.414062 0.878906 0.414062 0.875000 0.417969 0.875000 0.429688 0.882812 0.437500 0.910156 0.437500 0.914062 0.441406 0.914062 0.464844 0.921875 0.472656 0.933594 0.472656 0.937500 0.468750 0.937500 0.453125 0.941406 0.449219 0.941406 0.429688 0.933594 0.421875 0.933594 0.410156 0.929688 0.406250 0.929688 0.382812 0.933594 0.378906 0.933594 0.375000 0.937500 0.371094 0.937500 0.363281 0.933594 0.359375 0.933594 0.343750
5 0.554688 0.335938 0.554688 0.343750 0.558594 0.343750 0.562500 0.347656 0.562500 0.371094 0.558594 0.375000 0.527344 0.375000 0.523438 0.378906 0.515625 0.378906 0.515625 0.394531 0.519531 0.394531 0.523438 0.398438 0.523438 0.410156 0.546875 0.410156 0.550781 0.414062 0.550781 0.441406 0.554688 0.441406 0.562500 0.449219 0.562500 0.457031 0.566406 0.457031 0.570312 0.460938 0.578125 0.460938 0.582031 0.464844 0.597656 0.464844 0.601562 0.460938 0.601562 0.449219 0.613281 0.437500 0.628906 0.437500 0.628906 0.429688 0.613281 0.429688 0.609375 0.425781 0.609375 0.398438 0.613281 0.394531 0.625000 0.394531 0.628906 0.390625 0.628906 0.386719 0.632812 0.382812 0.640625 0.382812 0.640625 0.375000 0.617188 0.375000 0.613281 0.371094 0.613281 0.367188 0.597656 0.367188 0.593750 0.363281 0.593750 0.355469 0.566406 0.355469 0.562500 0.351562 0.562500 0.335938
5 0.636719 0.332031 0.636719 0.343750 0.667969 0.343750 0.667969 0.335938 0.664062 0.335938 0.660156 0.332031
5 0.496094 0.324219 0.492188 0.328125 0.492188 0.335938 0.496094 0.339844 0.496094 0.367188 0.503906 0.367188 0.503906 0.355469 0.507812 0.351562 0.515625 0.351562 0.523438 0.343750 0.523438 0.335938 0.519531 0.332031 0.515625 0.332031 0.511719 0.328125 0.507812 0.328125 0.503906 0.324219
5 0.183594 0.308594 0.179688 0.312500 0.175781 0.312500 0.171875 0.316406 0.167969 0.316406 0.167969 0.328125 0.171875 0.332031 0.171875 0.339844 0.175781 0.343750 0.175781 0.347656 0.191406 0.347656 0.195312 0.351562 0.195312 0.359375 0.203125 0.367188 0.203125 0.371094 0.210938 0.371094 0.214844 0.375000 0.214844 0.394531 0.210938 0.398438 0.210938 0.406250 0.222656 0.406250 0.222656 0.402344 0.230469 0.394531 0.230469 0.382812 0.226562 0.382812 0.222656 0.378906 0.222656 0.371094 0.218750 0.371094 0.214844 0.367188 0.214844 0.355469 0.210938 0.351562 0.210938 0.347656 0.207031 0.343750 0.203125 0.343750 0.199219 0.339844 0.199219 0.312500 0.195312 0.312500 0.191406 0.308594
5 0.578125 0.300781 0.578125 0.320312 0.574219 0.324219 0.574219 0.332031 0.582031 0.332031 0.582031 0.328125 0.585938 0.324219 0.609375 0.324219 0.609375 0.312500 0.589844 0.312500 0.585938 0.308594 0.585938 0.300781
5 0.605469 0.187500 0.605469 0.191406 0.601562 0.195312 0.597656 0.195312 0.593750 0.199219 0.589844 0.199219 0.589844 0.222656 0.585938 0.226562 0.574219 0.226562 0.570312 0.230469 0.566406 0.230469 0.566406 0.265625 0.570312 0.269531 0.570312 0.273438 0.593750 0.273438 0.597656 0.277344 0.597656 0.281250 0.621094 0.281250 0.621094 0.273438 0.625000 0.269531 0.628906 0.269531 0.632812 0.265625 0.632812 0.250000 0.636719 0.246094 0.644531 0.246094 0.644531 0.238281 0.640625 0.234375 0.640625 0.218750 0.636719 0.214844 0.632812 0.214844 0.628906 0.210938 0.621094 0.210938 0.617188 0.207031 0.617188 0.187500
5 0.433594 0.042969 0.425781 0.050781 0.425781 0.054688 0.421875 0.058594 0.406250 0.058594 0.406250 0.093750 0.402344 0.097656 0.398438 0.097656 0.398438 0.117188 0.402344 0.117188 0.406250 0.121094 0.406250 0.136719 0.414062 0.136719 0.421875 0.144531 0.421875 0.160156 0.425781 0.160156 0.429688 0.164062 0.429688 0.175781 0.433594 0.179688 0.433594 0.195312 0.453125 0.195312 0.453125 0.187500 0.457031 0.183594 0.472656 0.183594 0.476562 0.187500 0.515625 0.187500 0.515625 0.171875 0.519531 0.167969 0.527344 0.167969 0.527344 0.160156 0.523438 0.160156 0.519531 0.156250 0.519531 0.132812 0.515625 0.128906 0.515625 0.113281 0.511719 0.109375 0.500000 0.109375 0.500000 0.117188 0.496094 0.121094 0.496094 0.128906 0.492188 0.132812 0.480469 0.132812 0.476562 0.136719 0.476562 0.152344 0.472656 0.156250 0.453125 0.156250 0.449219 0.152344 0.449219 0.136719 0.437500 0.136719 0.429688 0.128906 0.429688 0.117188 0.425781 0.113281 0.425781 0.097656 0.429688 0.093750 0.433594 0.093750 0.433594 0.058594 0.437500 0.054688 0.441406 0.054688 0.445312 0.050781 0.445312 0.042969
