5 0.609375 0.902344 0.605469 0.906250 0.601562 0.906250 0.601562 0.917969 0.597656 0.921875 0.597656 0.941406 0.640625 0.941406 0.644531 0.937500 0.644531 0.933594 0.648438 0.929688 0.648438 0.925781 0.652344 0.921875 0.652344 0.917969 0.656250 0.914062 0.671875 0.914062 0.675781 0.910156 0.679688 0.910156 0.679688 0.902344 0.671875 0.902344 0.667969 0.906250 0.621094 0.906250 0.617188 0.902344
5 0.800781 0.812500 0.781250 0.832031 0.781250 0.839844 0.792969 0.839844 0.792969 0.835938 0.808594 0.820312 0.808594 0.812500
5 0.371094 0.804688 0.371094 0.812500 0.378906 0.812500 0.382812 0.816406 0.382812 0.824219 0.390625 0.824219 0.390625 0.816406 0.382812 0.816406 0.378906 0.812500 0.378906 0.804688
5 0.699219 0.765625 0.695312 0.769531 0.667969 0.769531 0.664062 0.773438 0.664062 0.812500 0.679688 0.812500 0.683594 0.816406 0.683594 0.843750 0.691406 0.843750 0.691406 0.832031 0.695312 0.828125 0.707031 0.828125 0.714844 0.820312 0.714844 0.812500 0.710938 0.808594 0.710938 0.781250 0.714844 0.777344 0.714844 0.769531 0.710938 0.769531 0.707031 0.765625
5 0.101562 0.738281 0.101562 0.746094 0.105469 0.750000 0.105469 0.753906 0.109375 0.757812 0.117188 0.757812 0.117188 0.750000 0.109375 0.742188 0.109375 0.738281
5 0.570312 0.726562 0.562500 0.734375 0.562500 0.804688 0.570312 0.804688 0.570312 0.785156 0.578125 0.777344 0.582031 0.777344 0.589844 0.769531 0.589844 0.746094 0.582031 0.738281 0.582031 0.734375 0.578125 0.730469 0.578125 0.726562
5 0.804688 0.714844 0.804688 0.742188 0.796875 0.750000 0.796875 0.757812 0.800781 0.761719 0.800781 0.769531 0.808594 0.769531 0.812500 0.773438 0.816406 0.773438 0.820312 0.777344 0.820312 0.792969 0.816406 0.796875 0.812500 0.796875 0.812500 0.804688 0.820312 0.804688 0.820312 0.785156 0.824219 0.781250 0.835938 0.781250 0.839844 0.777344 0.851562 0.777344 0.851562 0.765625 0.839844 0.765625 0.835938 0.761719 0.835938 0.742188 0.839844 0.738281 0.855469 0.738281 0.859375 0.742188 0.859375 0.753906 0.871094 0.753906 0.875000 0.750000 0.875000 0.734375 0.867188 0.734375 0.863281 0.738281 0.843750 0.738281 0.839844 0.734375 0.839844 0.722656 0.835938 0.722656 0.832031 0.718750 0.820312 0.718750 0.816406 0.714844
5 0.582031 0.574219 0.582031 0.582031 0.589844 0.582031 0.589844 0.574219
5 0.843750 0.554688 0.843750 0.562500 0.839844 0.566406 0.816406 0.566406 0.816406 0.570312 0.812500 0.574219 0.800781 0.574219 0.796875 0.578125 0.796875 0.582031 0.792969 0.585938 0.792969 0.597656 0.789062 0.601562 0.789062 0.609375 0.792969 0.613281 0.792969 0.617188 0.796875 0.621094 0.796875 0.628906 0.800781 0.632812 0.800781 0.660156 0.796875 0.664062 0.792969 0.664062 0.792969 0.675781 0.824219 0.675781 0.828125 0.679688 0.835938 0.679688 0.839844 0.675781 0.843750 0.675781 0.847656 0.671875 0.847656 0.648438 0.851562 0.644531 0.851562 0.632812 0.855469 0.628906 0.855469 0.625000 0.863281 0.617188 0.878906 0.617188 0.882812 0.621094 0.894531 0.621094 0.894531 0.609375 0.890625 0.609375 0.882812 0.601562 0.882812 0.597656 0.878906 0.597656 0.875000 0.593750 0.867188 0.593750 0.867188 0.597656 0.863281 0.601562 0.839844 0.601562 0.835938 0.597656 0.835938 0.570312 0.839844 0.566406 0.851562 0.566406 0.851562 0.554688
5 0.878906 0.519531 0.878906 0.523438 0.871094 0.531250 0.863281 0.531250 0.863281 0.539062 0.871094 0.539062 0.875000 0.542969 0.890625 0.542969 0.890625 0.519531
5 0.792969 0.281250 0.789062 0.285156 0.789062 0.292969 0.785156 0.296875 0.777344 0.296875 0.777344 0.308594 0.789062 0.308594 0.792969 0.304688 0.812500 0.304688 0.824219 0.316406 0.832031 0.316406 0.832031 0.300781 0.828125 0.296875 0.828125 0.292969 0.812500 0.292969 0.808594 0.289062 0.808594 0.281250
5 0.371094 0.269531 0.371094 0.289062 0.367188 0.292969 0.351562 0.292969 0.347656 0.289062 0.347656 0.285156 0.339844 0.285156 0.339844 0.316406 0.335938 0.320312 0.316406 0.320312 0.312500 0.316406 0.300781 0.316406 0.292969 0.324219 0.277344 0.324219 0.273438 0.328125 0.257812 0.328125 0.253906 0.324219 0.253906 0.320312 0.246094 0.320312 0.242188 0.324219 0.226562 0.324219 0.214844 0.312500 0.214844 0.308594 0.210938 0.304688 0.199219 0.304688 0.199219 0.335938 0.203125 0.339844 0.203125 0.343750 0.214844 0.343750 0.214844 0.339844 0.218750 0.335938 0.238281 0.335938 0.242188 0.339844 0.242188 0.355469 0.238281 0.359375 0.234375 0.359375 0.234375 0.367188 0.238281 0.371094 0.238281 0.429688 0.234375 0.433594 0.226562 0.433594 0.226562 0.437500 0.222656 0.441406 0.207031 0.441406 0.203125 0.437500 0.203125 0.429688 0.191406 0.429688 0.191406 0.441406 0.187500 0.445312 0.179688 0.445312 0.175781 0.449219 0.175781 0.453125 0.171875 0.457031 0.171875 0.460938 0.167969 0.464844 0.160156 0.464844 0.156250 0.468750 0.152344 0.468750 0.152344 0.476562 0.156250 0.480469 0.156250 0.507812 0.148438 0.515625 0.140625 0.515625 0.140625 0.519531 0.136719 0.523438 0.117188 0.523438 0.117188 0.535156 0.113281 0.539062 0.113281 0.542969 0.109375 0.546875 0.109375 0.562500 0.113281 0.566406 0.113281 0.570312 0.125000 0.570312 0.125000 0.566406 0.128906 0.562500 0.140625 0.562500 0.140625 0.558594 0.144531 0.554688 0.160156 0.554688 0.164062 0.558594 0.164062 0.582031 0.175781 0.582031 0.179688 0.585938 0.179688 0.593750 0.187500 0.593750 0.191406 0.597656 0.191406 0.632812 0.183594 0.640625 0.183594 0.644531 0.175781 0.652344 0.175781 0.664062 0.171875 0.667969 0.156250 0.667969 0.148438 0.660156 0.148438 0.644531 0.136719 0.644531 0.132812 0.648438 0.132812 0.656250 0.136719 0.660156 0.136719 0.675781 0.160156 0.675781 0.164062 0.679688 0.164062 0.683594 0.171875 0.683594 0.175781 0.687500 0.175781 0.691406 0.179688 0.695312 0.183594 0.695312 0.187500 0.699219 0.187500 0.703125 0.199219 0.703125 0.203125 0.707031 0.203125 0.718750 0.230469 0.718750 0.234375 0.722656 0.234375 0.730469 0.253906 0.730469 0.257812 0.734375 0.257812 0.750000 0.265625 0.750000 0.269531 0.746094 0.269531 0.730469 0.265625 0.726562 0.265625 0.710938 0.269531 0.707031 0.277344 0.707031 0.277344 0.703125 0.281250 0.699219 0.289062 0.699219 0.292969 0.695312 0.296875 0.695312 0.296875 0.691406 0.300781 0.687500 0.300781 0.683594 0.304688 0.679688 0.316406 0.679688 0.316406 0.667969 0.320312 0.664062 0.332031 0.664062 0.335938 0.660156 0.335938 0.652344 0.332031 0.648438 0.332031 0.628906 0.335938 0.625000 0.363281 0.625000 0.367188 0.628906 0.371094 0.628906 0.375000 0.632812 0.375000 0.636719 0.382812 0.636719 0.382812 0.632812 0.386719 0.628906 0.421875 0.628906 0.425781 0.632812 0.425781 0.679688 0.421875 0.683594 0.402344 0.683594 0.402344 0.703125 0.398438 0.707031 0.398438 0.730469 0.394531 0.734375 0.394531 0.753906 0.390625 0.757812 0.390625 0.765625 0.398438 0.765625 0.398438 0.753906 0.402344 0.750000 0.417969 0.750000 0.421875 0.753906 0.421875 0.769531 0.417969 0.773438 0.414062 0.773438 0.414062 0.789062 0.417969 0.792969 0.417969 0.824219 0.414062 0.828125 0.406250 0.828125 0.406250 0.835938 0.417969 0.835938 0.421875 0.839844 0.421875 0.863281 0.414062 0.871094 0.402344 0.871094 0.402344 0.882812 0.398438 0.886719 0.382812 0.886719 0.382812 0.890625 0.378906 0.894531 0.371094 0.894531 0.367188 0.898438 0.316406 0.898438 0.312500 0.894531 0.312500 0.878906 0.285156 0.878906 0.281250 0.875000 0.281250 0.871094 0.269531 0.871094 0.265625 0.867188 0.261719 0.867188 0.257812 0.863281 0.246094 0.863281 0.242188 0.859375 0.242188 0.855469 0.238281 0.851562 0.234375 0.851562 0.230469 0.847656 0.226562 0.847656 0.222656 0.843750 0.214844 0.843750 0.210938 0.839844 0.207031 0.839844 0.199219 0.832031 0.195312 0.832031 0.191406 0.828125 0.191406 0.820312 0.187500 0.816406 0.175781 0.816406 0.167969 0.808594 0.167969 0.804688 0.160156 0.804688 0.156250 0.800781 0.156250 0.796875 0.136719 0.777344 0.136719 0.773438 0.128906 0.773438 0.128906 0.789062 0.132812 0.789062 0.136719 0.792969 0.136719 0.800781 0.144531 0.808594 0.152344 0.808594 0.156250 0.812500 0.156250 0.816406 0.160156 0.816406 0.164062 0.820312 0.167969 0.820312 0.171875 0.824219 0.175781 0.824219 0.179688 0.828125 0.187500 0.828125 0.191406 0.832031 0.191406 0.851562 0.195312 0.855469 0.195312 0.871094 0.199219 0.875000 0.207031 0.875000 0.210938 0.871094 0.226562 0.871094 0.230469 0.875000 0.250000 0.875000 0.257812 0.882812 0.265625 0.882812 0.281250 0.898438 0.281250 0.921875 0.285156 0.925781 0.289062 0.925781 0.292969 0.929688 0.292969 0.933594 0.296875 0.933594 0.300781 0.937500 0.300781 0.941406 0.312500 0.941406 0.316406 0.937500 0.324219 0.937500 0.328125 0.933594 0.328125 0.910156 0.332031 0.906250 0.363281 0.906250 0.367188 0.910156 0.378906 0.910156 0.382812 0.914062 0.382812 0.917969 0.390625 0.917969 0.390625 0.914062 0.394531 0.910156 0.398438 0.910156 0.398438 0.898438 0.402344 0.894531 0.402344 0.890625 0.406250 0.886719 0.425781 0.886719 0.425781 0.882812 0.429688 0.878906 0.433594 0.878906 0.433594 0.851562 0.437500 0.847656 0.441406 0.847656 0.441406 0.839844 0.433594 0.839844 0.429688 0.835938 0.429688 0.820312 0.433594 0.816406 0.457031 0.816406 0.457031 0.800781 0.453125 0.800781 0.445312 0.792969 0.445312 0.777344 0.453125 0.769531 0.457031 0.769531 0.457031 0.757812 0.460938 0.753906 0.460938 0.750000 0.464844 0.746094 0.464844 0.738281 0.468750 0.734375 0.476562 0.734375 0.480469 0.730469 0.500000 0.730469 0.503906 0.734375 0.515625 0.734375 0.519531 0.730469 0.519531 0.726562 0.523438 0.722656 0.523438 0.718750 0.531250 0.710938 0.542969 0.710938 0.542969 0.707031 0.546875 0.703125 0.550781 0.703125 0.554688 0.699219 0.554688 0.671875 0.558594 0.667969 0.570312 0.667969 0.570312 0.664062 0.574219 0.660156 0.582031 0.660156 0.582031 0.640625 0.585938 0.636719 0.585938 0.625000 0.589844 0.621094 0.605469 0.621094 0.621094 0.636719 0.621094 0.648438 0.625000 0.652344 0.625000 0.656250 0.636719 0.656250 0.640625 0.652344 0.640625 0.625000 0.644531 0.621094 0.660156 0.621094 0.660156 0.617188 0.664062 0.613281 0.664062 0.609375 0.667969 0.605469 0.679688 0.605469 0.679688 0.593750 0.664062 0.593750 0.660156 0.589844 0.660156 0.585938 0.656250 0.582031 0.656250 0.562500 0.660156 0.558594 0.683594 0.558594 0.691406 0.566406 0.699219 0.566406 0.699219 0.562500 0.707031 0.554688 0.722656 0.554688 0.726562 0.550781 0.781250 0.550781 0.781250 0.542969 0.750000 0.542969 0.746094 0.539062 0.746094 0.535156 0.738281 0.527344 0.738281 0.511719 0.734375 0.507812 0.734375 0.484375 0.718750 0.484375 0.718750 0.492188 0.714844 0.496094 0.714844 0.500000 0.707031 0.507812 0.703125 0.507812 0.699219 0.511719 0.687500 0.511719 0.687500 0.519531 0.683594 0.523438 0.683594 0.527344 0.675781 0.535156 0.664062 0.535156 0.660156 0.539062 0.648438 0.539062 0.648438 0.558594 0.644531 0.562500 0.625000 0.562500 0.625000 0.593750 0.621094 0.597656 0.609375 0.597656 0.609375 0.601562 0.601562 0.609375 0.582031 0.609375 0.578125 0.605469 0.578125 0.589844 0.562500 0.589844 0.562500 0.601562 0.554688 0.609375 0.539062 0.609375 0.535156 0.605469 0.535156 0.593750 0.531250 0.589844 0.531250 0.550781 0.527344 0.550781 0.523438 0.546875 0.523438 0.503906 0.519531 0.500000 0.519531 0.480469 0.523438 0.476562 0.539062 0.476562 0.539062 0.472656 0.542969 0.468750 0.558594 0.468750 0.562500 0.464844 0.589844 0.464844 0.589844 0.457031 0.582031 0.449219 0.582031 0.429688 0.585938 0.425781 0.597656 0.425781 0.597656 0.421875 0.601562 0.417969 0.648438 0.417969 0.652344 0.421875 0.671875 0.421875 0.671875 0.417969 0.683594 0.406250 0.703125 0.406250 0.703125 0.402344 0.707031 0.398438 0.707031 0.394531 0.710938 0.390625 0.718750 0.390625 0.718750 0.378906 0.722656 0.375000 0.765625 0.375000 0.765625 0.363281 0.761719 0.359375 0.761719 0.339844 0.769531 0.332031 0.769531 0.320312 0.746094 0.320312 0.742188 0.316406 0.742188 0.296875 0.726562 0.296875 0.718750 0.289062 0.691406 0.289062 0.687500 0.292969 0.683594 0.292969 0.683594 0.304688 0.679688 0.308594 0.667969 0.308594 0.664062 0.312500 0.656250 0.312500 0.656250 0.320312 0.652344 0.324219 0.640625 0.324219 0.632812 0.332031 0.625000 0.332031 0.621094 0.335938 0.613281 0.335938 0.613281 0.339844 0.609375 0.343750 0.605469 0.343750 0.605469 0.347656 0.601562 0.351562 0.597656 0.351562 0.589844 0.359375 0.589844 0.367188 0.585938 0.371094 0.562500 0.371094 0.558594 0.367188 0.558594 0.351562 0.562500 0.347656 0.566406 0.347656 0.566406 0.320312 0.570312 0.316406 0.574219 0.316406 0.578125 0.312500 0.578125 0.308594 0.582031 0.304688 0.582031 0.292969 0.566406 0.292969 0.558594 0.300781 0.554688 0.300781 0.554688 0.304688 0.546875 0.312500 0.546875 0.316406 0.542969 0.320312 0.523438 0.320312 0.519531 0.316406 0.519531 0.304688 0.511719 0.304688 0.507812 0.300781 0.507812 0.296875 0.503906 0.292969 0.503906 0.289062 0.500000 0.285156 0.488281 0.285156 0.488281 0.289062 0.484375 0.292969 0.484375 0.296875 0.480469 0.300781 0.472656 0.300781 0.464844 0.308594 0.460938 0.308594 0.460938 0.328125 0.464844 0.332031 0.464844 0.359375 0.460938 0.363281 0.457031 0.363281 0.453125 0.367188 0.437500 0.367188 0.433594 0.363281 0.433594 0.347656 0.429688 0.343750 0.429688 0.339844 0.414062 0.339844 0.410156 0.335938 0.410156 0.332031 0.390625 0.332031 0.386719 0.328125 0.386719 0.304688 0.390625 0.300781 0.402344 0.300781 0.402344 0.292969 0.398438 0.289062 0.398438 0.281250 0.394531 0.277344 0.390625 0.277344 0.386719 0.273438 0.382812 0.273438 0.378906 0.269531
5 0.734375 0.175781 0.734375 0.183594 0.742188 0.183594 0.742188 0.175781
5 0.609375 0.085938 0.609375 0.093750 0.613281 0.097656 0.617188 0.097656 0.621094 0.101562 0.621094 0.121094 0.625000 0.121094 0.628906 0.125000 0.628906 0.136719 0.632812 0.136719 0.636719 0.140625 0.636719 0.156250 0.632812 0.160156 0.628906 0.160156 0.628906 0.167969 0.625000 0.171875 0.625000 0.175781 0.621094 0.179688 0.617188 0.179688 0.617188 0.210938 0.613281 0.214844 0.585938 0.214844 0.582031 0.210938 0.582031 0.203125 0.574219 0.195312 0.574219 0.191406 0.562500 0.191406 0.562500 0.199219 0.566406 0.203125 0.566406 0.218750 0.558594 0.226562 0.542969 0.226562 0.539062 0.230469 0.531250 0.230469 0.531250 0.246094 0.539062 0.246094 0.542969 0.242188 0.558594 0.242188 0.562500 0.246094 0.562500 0.253906 0.566406 0.257812 0.566406 0.261719 0.597656 0.261719 0.597656 0.257812 0.601562 0.253906 0.613281 0.253906 0.617188 0.250000 0.621094 0.250000 0.628906 0.242188 0.628906 0.238281 0.632812 0.234375 0.644531 0.234375 0.644531 0.214844 0.648438 0.210938 0.660156 0.210938 0.660156 0.207031 0.664062 0.203125 0.664062 0.195312 0.660156 0.191406 0.660156 0.175781 0.664062 0.171875 0.679688 0.171875 0.683594 0.175781 0.683594 0.191406 0.687500 0.195312 0.687500 0.199219 0.699219 0.199219 0.699219 0.191406 0.703125 0.187500 0.703125 0.175781 0.707031 0.171875 0.726562 0.171875 0.726562 0.160156 0.722656 0.156250 0.722656 0.148438 0.710938 0.148438 0.710938 0.156250 0.707031 0.160156 0.699219 0.160156 0.699219 0.164062 0.691406 0.171875 0.675781 0.171875 0.671875 0.167969 0.671875 0.164062 0.667969 0.160156 0.667969 0.152344 0.664062 0.148438 0.664062 0.144531 0.660156 0.140625 0.660156 0.125000 0.656250 0.125000 0.652344 0.121094 0.632812 0.121094 0.628906 0.117188 0.628906 0.109375 0.625000 0.109375 0.621094 0.105469 0.621094 0.085938
