5 0.687500 0.785156 0.683594 0.789062 0.671875 0.789062 0.671875 0.808594 0.675781 0.812500 0.691406 0.812500 0.695312 0.816406 0.695312 0.820312 0.699219 0.820312 0.707031 0.828125 0.714844 0.828125 0.718750 0.824219 0.738281 0.824219 0.742188 0.828125 0.742188 0.843750 0.750000 0.851562 0.757812 0.851562 0.757812 0.847656 0.761719 0.843750 0.761719 0.835938 0.757812 0.832031 0.757812 0.812500 0.753906 0.808594 0.753906 0.804688 0.750000 0.804688 0.746094 0.800781 0.718750 0.800781 0.707031 0.789062 0.703125 0.789062 0.699219 0.785156
5 0.734375 0.726562 0.734375 0.734375 0.738281 0.738281 0.761719 0.738281 0.765625 0.742188 0.765625 0.753906 0.769531 0.757812 0.769531 0.781250 0.777344 0.789062 0.777344 0.792969 0.789062 0.792969 0.789062 0.765625 0.792969 0.761719 0.792969 0.746094 0.789062 0.742188 0.781250 0.742188 0.777344 0.738281 0.753906 0.738281 0.750000 0.734375 0.750000 0.726562
5 0.898438 0.722656 0.898438 0.734375 0.902344 0.734375 0.906250 0.738281 0.910156 0.738281 0.914062 0.742188 0.914062 0.746094 0.921875 0.746094 0.921875 0.730469 0.917969 0.726562 0.917969 0.722656
5 0.105469 0.707031 0.105469 0.714844 0.113281 0.714844 0.113281 0.707031
5 0.789062 0.703125 0.789062 0.714844 0.796875 0.714844 0.796875 0.703125
5 0.796875 0.667969 0.796875 0.675781 0.800781 0.675781 0.804688 0.679688 0.804688 0.699219 0.839844 0.699219 0.843750 0.703125 0.843750 0.710938 0.847656 0.714844 0.847656 0.718750 0.855469 0.718750 0.859375 0.722656 0.867188 0.722656 0.871094 0.718750 0.890625 0.718750 0.890625 0.699219 0.894531 0.695312 0.894531 0.687500 0.890625 0.687500 0.886719 0.683594 0.886719 0.675781 0.882812 0.671875 0.882812 0.667969 0.871094 0.667969 0.871094 0.671875 0.867188 0.675781 0.835938 0.675781 0.832031 0.671875 0.808594 0.671875 0.804688 0.667969
5 0.113281 0.660156 0.113281 0.671875 0.125000 0.671875 0.128906 0.675781 0.128906 0.699219 0.144531 0.699219 0.148438 0.703125 0.148438 0.714844 0.156250 0.722656 0.156250 0.738281 0.152344 0.742188 0.152344 0.753906 0.156250 0.757812 0.156250 0.781250 0.187500 0.781250 0.187500 0.773438 0.195312 0.765625 0.199219 0.765625 0.199219 0.761719 0.203125 0.757812 0.207031 0.757812 0.210938 0.753906 0.230469 0.753906 0.234375 0.750000 0.257812 0.750000 0.265625 0.757812 0.265625 0.761719 0.289062 0.761719 0.292969 0.765625 0.292969 0.792969 0.300781 0.800781 0.304688 0.800781 0.308594 0.804688 0.308594 0.808594 0.312500 0.812500 0.320312 0.812500 0.324219 0.808594 0.339844 0.808594 0.339844 0.804688 0.343750 0.800781 0.347656 0.800781 0.351562 0.796875 0.359375 0.796875 0.359375 0.792969 0.367188 0.785156 0.367188 0.777344 0.363281 0.777344 0.359375 0.773438 0.359375 0.753906 0.363281 0.750000 0.363281 0.746094 0.371094 0.738281 0.378906 0.738281 0.382812 0.734375 0.382812 0.722656 0.378906 0.722656 0.375000 0.718750 0.343750 0.718750 0.339844 0.714844 0.339844 0.695312 0.335938 0.691406 0.335938 0.683594 0.332031 0.683594 0.328125 0.679688 0.328125 0.675781 0.316406 0.675781 0.316406 0.683594 0.320312 0.687500 0.320312 0.691406 0.324219 0.695312 0.324219 0.718750 0.320312 0.722656 0.304688 0.722656 0.289062 0.707031 0.285156 0.707031 0.281250 0.703125 0.281250 0.683594 0.265625 0.683594 0.261719 0.679688 0.261719 0.671875 0.246094 0.671875 0.242188 0.675781 0.230469 0.675781 0.230469 0.683594 0.226562 0.687500 0.210938 0.687500 0.210938 0.691406 0.207031 0.695312 0.203125 0.695312 0.203125 0.730469 0.199219 0.734375 0.167969 0.734375 0.164062 0.730469 0.164062 0.703125 0.160156 0.699219 0.160156 0.691406 0.156250 0.691406 0.152344 0.687500 0.152344 0.679688 0.132812 0.679688 0.128906 0.675781 0.128906 0.660156
5 0.492188 0.640625 0.492188 0.660156 0.488281 0.664062 0.464844 0.664062 0.457031 0.656250 0.445312 0.656250 0.441406 0.660156 0.429688 0.660156 0.429688 0.667969 0.464844 0.667969 0.468750 0.671875 0.468750 0.695312 0.476562 0.695312 0.480469 0.691406 0.503906 0.691406 0.507812 0.695312 0.511719 0.695312 0.523438 0.707031 0.523438 0.718750 0.527344 0.722656 0.527344 0.726562 0.531250 0.730469 0.535156 0.730469 0.539062 0.734375 0.539062 0.738281 0.546875 0.738281 0.546875 0.703125 0.519531 0.675781 0.519531 0.671875 0.511719 0.664062 0.511719 0.640625
5 0.359375 0.617188 0.359375 0.625000 0.363281 0.628906 0.371094 0.628906 0.371094 0.617188
5 0.597656 0.613281 0.597656 0.621094 0.601562 0.625000 0.601562 0.644531 0.597656 0.648438 0.597656 0.660156 0.609375 0.660156 0.609375 0.652344 0.613281 0.648438 0.613281 0.613281
5 0.457031 0.609375 0.457031 0.617188 0.464844 0.617188 0.464844 0.609375
5 0.152344 0.449219 0.152344 0.457031 0.156250 0.460938 0.156250 0.476562 0.152344 0.480469 0.140625 0.480469 0.136719 0.484375 0.136719 0.488281 0.128906 0.496094 0.128906 0.503906 0.136719 0.503906 0.144531 0.511719 0.148438 0.511719 0.152344 0.515625 0.152344 0.519531 0.156250 0.523438 0.171875 0.523438 0.175781 0.527344 0.175781 0.531250 0.179688 0.535156 0.203125 0.535156 0.207031 0.539062 0.207031 0.554688 0.210938 0.558594 0.222656 0.558594 0.226562 0.562500 0.226562 0.566406 0.246094 0.566406 0.250000 0.570312 0.250000 0.589844 0.253906 0.593750 0.273438 0.593750 0.277344 0.597656 0.277344 0.601562 0.281250 0.601562 0.285156 0.605469 0.285156 0.609375 0.300781 0.609375 0.300781 0.605469 0.304688 0.601562 0.320312 0.601562 0.324219 0.605469 0.332031 0.605469 0.332031 0.597656 0.335938 0.593750 0.351562 0.593750 0.351562 0.589844 0.355469 0.585938 0.359375 0.585938 0.363281 0.582031 0.386719 0.582031 0.390625 0.585938 0.390625 0.589844 0.394531 0.593750 0.394531 0.601562 0.414062 0.601562 0.417969 0.605469 0.417969 0.609375 0.421875 0.613281 0.429688 0.613281 0.429688 0.601562 0.433594 0.597656 0.453125 0.597656 0.453125 0.585938 0.449219 0.582031 0.449219 0.558594 0.453125 0.554688 0.457031 0.554688 0.460938 0.550781 0.480469 0.550781 0.496094 0.535156 0.500000 0.535156 0.500000 0.523438 0.476562 0.523438 0.476562 0.535156 0.472656 0.539062 0.464844 0.539062 0.464844 0.542969 0.460938 0.546875 0.437500 0.546875 0.437500 0.550781 0.433594 0.554688 0.417969 0.554688 0.414062 0.550781 0.414062 0.546875 0.382812 0.546875 0.378906 0.542969 0.378906 0.539062 0.363281 0.539062 0.359375 0.535156 0.347656 0.535156 0.343750 0.531250 0.339844 0.531250 0.332031 0.523438 0.328125 0.523438 0.324219 0.519531 0.324219 0.511719 0.316406 0.511719 0.316406 0.515625 0.312500 0.519531 0.312500 0.531250 0.316406 0.535156 0.332031 0.535156 0.335938 0.539062 0.335938 0.542969 0.339844 0.546875 0.343750 0.546875 0.347656 0.550781 0.347656 0.570312 0.343750 0.574219 0.316406 0.574219 0.308594 0.566406 0.253906 0.566406 0.250000 0.562500 0.250000 0.546875 0.242188 0.546875 0.242188 0.554688 0.238281 0.558594 0.222656 0.558594 0.218750 0.554688 0.218750 0.527344 0.222656 0.523438 0.246094 0.523438 0.246094 0.507812 0.250000 0.503906 0.277344 0.503906 0.277344 0.492188 0.253906 0.492188 0.250000 0.488281 0.250000 0.480469 0.246094 0.476562 0.246094 0.472656 0.218750 0.472656 0.214844 0.476562 0.195312 0.476562 0.191406 0.472656 0.191406 0.457031 0.187500 0.453125 0.164062 0.453125 0.160156 0.449219
5 0.281250 0.433594 0.281250 0.437500 0.277344 0.441406 0.277344 0.449219 0.281250 0.453125 0.292969 0.453125 0.296875 0.457031 0.296875 0.472656 0.304688 0.472656 0.308594 0.468750 0.328125 0.468750 0.328125 0.460938 0.324219 0.457031 0.324219 0.445312 0.320312 0.445312 0.316406 0.441406 0.300781 0.441406 0.292969 0.433594
5 0.472656 0.425781 0.472656 0.429688 0.468750 0.433594 0.468750 0.437500 0.464844 0.441406 0.464844 0.449219 0.468750 0.453125 0.468750 0.468750 0.488281 0.468750 0.496094 0.476562 0.500000 0.476562 0.503906 0.480469 0.519531 0.480469 0.523438 0.484375 0.531250 0.484375 0.531250 0.468750 0.535156 0.464844 0.535156 0.457031 0.523438 0.457031 0.519531 0.453125 0.519531 0.429688 0.507812 0.429688 0.503906 0.425781
5 0.777344 0.402344 0.773438 0.406250 0.757812 0.406250 0.753906 0.410156 0.750000 0.410156 0.750000 0.421875 0.746094 0.425781 0.730469 0.425781 0.726562 0.429688 0.707031 0.429688 0.703125 0.425781 0.691406 0.425781 0.687500 0.429688 0.687500 0.437500 0.710938 0.437500 0.714844 0.441406 0.714844 0.457031 0.710938 0.460938 0.703125 0.460938 0.703125 0.464844 0.699219 0.468750 0.699219 0.472656 0.691406 0.480469 0.664062 0.480469 0.660156 0.476562 0.660156 0.464844 0.656250 0.460938 0.644531 0.460938 0.640625 0.464844 0.609375 0.464844 0.601562 0.457031 0.589844 0.457031 0.585938 0.460938 0.578125 0.460938 0.578125 0.468750 0.574219 0.472656 0.570312 0.472656 0.570312 0.476562 0.566406 0.480469 0.558594 0.480469 0.558594 0.500000 0.562500 0.500000 0.570312 0.507812 0.574219 0.507812 0.578125 0.511719 0.578125 0.515625 0.585938 0.515625 0.593750 0.523438 0.593750 0.535156 0.597656 0.535156 0.601562 0.539062 0.605469 0.539062 0.613281 0.546875 0.617188 0.546875 0.621094 0.550781 0.625000 0.550781 0.628906 0.554688 0.628906 0.558594 0.636719 0.558594 0.652344 0.574219 0.652344 0.601562 0.648438 0.605469 0.648438 0.640625 0.640625 0.648438 0.640625 0.660156 0.644531 0.664062 0.660156 0.664062 0.664062 0.667969 0.664062 0.671875 0.667969 0.675781 0.667969 0.679688 0.675781 0.687500 0.675781 0.691406 0.695312 0.691406 0.699219 0.695312 0.699219 0.707031 0.707031 0.714844 0.722656 0.714844 0.722656 0.695312 0.718750 0.691406 0.703125 0.691406 0.699219 0.687500 0.699219 0.656250 0.703125 0.652344 0.726562 0.652344 0.730469 0.648438 0.757812 0.648438 0.761719 0.644531 0.785156 0.644531 0.789062 0.640625 0.792969 0.640625 0.800781 0.632812 0.824219 0.632812 0.828125 0.628906 0.832031 0.628906 0.832031 0.625000 0.839844 0.617188 0.843750 0.617188 0.843750 0.597656 0.851562 0.589844 0.855469 0.589844 0.855469 0.562500 0.843750 0.550781 0.839844 0.550781 0.835938 0.546875 0.835938 0.535156 0.832031 0.531250 0.832031 0.515625 0.835938 0.511719 0.835938 0.500000 0.832031 0.496094 0.832031 0.488281 0.828125 0.488281 0.824219 0.484375 0.820312 0.484375 0.816406 0.480469 0.816406 0.476562 0.812500 0.472656 0.812500 0.457031 0.816406 0.453125 0.816406 0.449219 0.824219 0.441406 0.824219 0.429688 0.828125 0.425781 0.843750 0.425781 0.847656 0.429688 0.855469 0.429688 0.859375 0.425781 0.859375 0.414062 0.828125 0.414062 0.824219 0.410156 0.812500 0.410156 0.804688 0.402344
5 0.675781 0.312500 0.675781 0.343750 0.671875 0.347656 0.667969 0.347656 0.664062 0.351562 0.660156 0.351562 0.660156 0.367188 0.667969 0.367188 0.671875 0.363281 0.687500 0.363281 0.691406 0.367188 0.699219 0.367188 0.703125 0.363281 0.738281 0.363281 0.746094 0.371094 0.746094 0.375000 0.753906 0.375000 0.757812 0.371094 0.761719 0.371094 0.761719 0.359375 0.746094 0.359375 0.742188 0.355469 0.742188 0.339844 0.738281 0.335938 0.738281 0.332031 0.734375 0.328125 0.734375 0.324219 0.726562 0.324219 0.722656 0.320312 0.710938 0.320312 0.707031 0.316406 0.691406 0.316406 0.687500 0.312500
5 0.335938 0.285156 0.324219 0.296875 0.304688 0.296875 0.304688 0.304688 0.300781 0.308594 0.300781 0.316406 0.312500 0.316406 0.316406 0.320312 0.316406 0.347656 0.324219 0.347656 0.328125 0.351562 0.328125 0.355469 0.332031 0.355469 0.335938 0.359375 0.343750 0.359375 0.347656 0.363281 0.363281 0.363281 0.367188 0.367188 0.367188 0.375000 0.371094 0.378906 0.371094 0.398438 0.375000 0.402344 0.375000 0.414062 0.386719 0.414062 0.390625 0.417969 0.390625 0.425781 0.402344 0.425781 0.406250 0.421875 0.429688 0.421875 0.433594 0.417969 0.433594 0.410156 0.437500 0.406250 0.445312 0.406250 0.445312 0.398438 0.449219 0.394531 0.449219 0.386719 0.425781 0.386719 0.421875 0.382812 0.417969 0.382812 0.410156 0.375000 0.410156 0.355469 0.414062 0.351562 0.414062 0.335938 0.394531 0.335938 0.390625 0.332031 0.390625 0.316406 0.378906 0.316406 0.375000 0.312500 0.359375 0.312500 0.355469 0.308594 0.355469 0.289062 0.351562 0.289062 0.347656 0.285156
5 0.179688 0.261719 0.179688 0.273438 0.183594 0.273438 0.191406 0.281250 0.191406 0.300781 0.187500 0.304688 0.183594 0.304688 0.183594 0.308594 0.179688 0.312500 0.179688 0.320312 0.187500 0.320312 0.191406 0.316406 0.195312 0.316406 0.199219 0.312500 0.203125 0.312500 0.203125 0.292969 0.207031 0.289062 0.218750 0.289062 0.218750 0.269531 0.191406 0.269531 0.187500 0.265625 0.187500 0.261719
5 0.523438 0.210938 0.523438 0.214844 0.519531 0.218750 0.500000 0.218750 0.492188 0.226562 0.480469 0.226562 0.480469 0.238281 0.476562 0.242188 0.460938 0.242188 0.457031 0.246094 0.457031 0.253906 0.460938 0.257812 0.460938 0.261719 0.484375 0.261719 0.484375 0.257812 0.488281 0.253906 0.503906 0.253906 0.507812 0.257812 0.507812 0.273438 0.511719 0.273438 0.515625 0.277344 0.515625 0.281250 0.519531 0.285156 0.519531 0.304688 0.515625 0.308594 0.515625 0.324219 0.519531 0.328125 0.519531 0.355469 0.515625 0.359375 0.511719 0.359375 0.507812 0.363281 0.503906 0.363281 0.503906 0.367188 0.500000 0.371094 0.492188 0.371094 0.492188 0.382812 0.496094 0.382812 0.500000 0.386719 0.503906 0.386719 0.507812 0.390625 0.519531 0.390625 0.523438 0.386719 0.527344 0.386719 0.527344 0.371094 0.531250 0.367188 0.554688 0.367188 0.562500 0.375000 0.562500 0.386719 0.566406 0.390625 0.566406 0.421875 0.570312 0.425781 0.570312 0.437500 0.578125 0.437500 0.582031 0.433594 0.582031 0.421875 0.578125 0.417969 0.578125 0.414062 0.574219 0.410156 0.574219 0.406250 0.570312 0.402344 0.570312 0.378906 0.574219 0.375000 0.578125 0.375000 0.578125 0.328125 0.582031 0.324219 0.585938 0.324219 0.585938 0.308594 0.589844 0.304688 0.605469 0.304688 0.609375 0.308594 0.613281 0.308594 0.621094 0.316406 0.644531 0.316406 0.644531 0.304688 0.640625 0.304688 0.628906 0.292969 0.625000 0.292969 0.617188 0.285156 0.613281 0.285156 0.605469 0.277344 0.605469 0.261719 0.609375 0.257812 0.613281 0.257812 0.613281 0.242188 0.617188 0.238281 0.625000 0.238281 0.625000 0.234375 0.628906 0.230469 0.628906 0.222656 0.625000 0.218750 0.625000 0.214844 0.621094 0.210938 0.613281 0.210938 0.613281 0.230469 0.609375 0.234375 0.597656 0.234375 0.589844 0.242188 0.585938 0.242188 0.582031 0.246094 0.566406 0.246094 0.562500 0.242188 0.562500 0.238281 0.558594 0.234375 0.558594 0.230469 0.550781 0.230469 0.546875 0.226562 0.542969 0.226562 0.539062 0.222656 0.539062 0.210938
5 0.488281 0.175781 0.488281 0.183594 0.500000 0.183594 0.500000 0.175781
5 0.515625 0.128906 0.515625 0.144531 0.519531 0.144531 0.523438 0.148438 0.523438 0.171875 0.535156 0.171875 0.535156 0.164062 0.527344 0.164062 0.523438 0.160156 0.523438 0.140625 0.527344 0.136719 0.527344 0.128906
