5 0.785156 0.898438 0.785156 0.914062 0.792969 0.914062 0.796875 0.917969 0.796875 0.941406 0.789062 0.949219 0.785156 0.949219 0.785156 0.972656 0.804688 0.972656 0.812500 0.964844 0.812500 0.949219 0.828125 0.933594 0.828125 0.925781 0.835938 0.917969 0.835938 0.906250 0.816406 0.906250 0.812500 0.902344 0.808594 0.902344 0.804688 0.898438
5 0.511719 0.738281 0.511719 0.761719 0.507812 0.765625 0.507812 0.777344 0.503906 0.781250 0.496094 0.781250 0.496094 0.785156 0.492188 0.789062 0.488281 0.789062 0.488281 0.800781 0.484375 0.804688 0.476562 0.804688 0.472656 0.808594 0.449219 0.808594 0.445312 0.812500 0.441406 0.812500 0.441406 0.832031 0.437500 0.835938 0.406250 0.835938 0.402344 0.839844 0.390625 0.839844 0.390625 0.847656 0.398438 0.847656 0.402344 0.851562 0.410156 0.851562 0.414062 0.855469 0.414062 0.867188 0.421875 0.867188 0.429688 0.859375 0.433594 0.859375 0.433594 0.839844 0.437500 0.835938 0.453125 0.835938 0.457031 0.839844 0.457031 0.847656 0.460938 0.851562 0.460938 0.867188 0.468750 0.867188 0.472656 0.863281 0.472656 0.851562 0.476562 0.847656 0.476562 0.832031 0.480469 0.828125 0.480469 0.816406 0.484375 0.812500 0.484375 0.804688 0.488281 0.800781 0.496094 0.800781 0.503906 0.792969 0.507812 0.792969 0.511719 0.789062 0.523438 0.789062 0.531250 0.781250 0.550781 0.781250 0.550781 0.769531 0.542969 0.769531 0.539062 0.765625 0.539062 0.757812 0.527344 0.757812 0.523438 0.753906 0.523438 0.738281
5 0.246094 0.726562 0.242188 0.730469 0.238281 0.730469 0.234375 0.734375 0.218750 0.734375 0.214844 0.730469 0.207031 0.730469 0.207031 0.742188 0.203125 0.746094 0.203125 0.761719 0.199219 0.765625 0.187500 0.765625 0.183594 0.769531 0.156250 0.769531 0.152344 0.765625 0.144531 0.765625 0.140625 0.769531 0.105469 0.769531 0.101562 0.765625 0.101562 0.753906 0.097656 0.753906 0.093750 0.750000 0.085938 0.750000 0.085938 0.785156 0.082031 0.789062 0.078125 0.789062 0.074219 0.792969 0.074219 0.800781 0.082031 0.808594 0.097656 0.808594 0.101562 0.812500 0.113281 0.812500 0.113281 0.808594 0.117188 0.804688 0.136719 0.804688 0.140625 0.808594 0.140625 0.832031 0.136719 0.835938 0.125000 0.835938 0.121094 0.839844 0.117188 0.839844 0.117188 0.851562 0.132812 0.851562 0.136719 0.847656 0.144531 0.847656 0.148438 0.843750 0.152344 0.843750 0.152344 0.828125 0.156250 0.824219 0.156250 0.816406 0.160156 0.812500 0.183594 0.812500 0.183594 0.808594 0.187500 0.804688 0.195312 0.804688 0.195312 0.789062 0.199219 0.785156 0.222656 0.785156 0.222656 0.757812 0.226562 0.753906 0.250000 0.753906 0.250000 0.746094 0.253906 0.742188 0.253906 0.726562
5 0.531250 0.703125 0.531250 0.722656 0.554688 0.722656 0.558594 0.726562 0.558594 0.738281 0.566406 0.738281 0.570312 0.734375 0.578125 0.734375 0.578125 0.722656 0.546875 0.722656 0.542969 0.718750 0.542969 0.703125
5 0.398438 0.695312 0.398438 0.703125 0.406250 0.703125 0.406250 0.695312
5 0.429688 0.691406 0.429688 0.703125 0.433594 0.703125 0.437500 0.707031 0.445312 0.707031 0.449219 0.710938 0.449219 0.714844 0.453125 0.718750 0.453125 0.726562 0.457031 0.730469 0.457031 0.742188 0.464844 0.742188 0.468750 0.746094 0.476562 0.746094 0.480469 0.742188 0.480469 0.738281 0.484375 0.734375 0.484375 0.726562 0.476562 0.726562 0.464844 0.714844 0.464844 0.710938 0.460938 0.710938 0.457031 0.707031 0.453125 0.707031 0.449219 0.703125 0.449219 0.699219 0.445312 0.699219 0.441406 0.695312 0.441406 0.691406
5 0.773438 0.671875 0.773438 0.683594 0.769531 0.687500 0.769531 0.691406 0.765625 0.695312 0.765625 0.703125 0.769531 0.707031 0.769531 0.726562 0.773438 0.730469 0.773438 0.738281 0.777344 0.742188 0.808594 0.742188 0.812500 0.746094 0.812500 0.777344 0.808594 0.781250 0.804688 0.781250 0.804688 0.785156 0.800781 0.789062 0.757812 0.789062 0.750000 0.796875 0.742188 0.796875 0.742188 0.804688 0.750000 0.804688 0.753906 0.808594 0.757812 0.808594 0.761719 0.812500 0.769531 0.812500 0.773438 0.816406 0.792969 0.816406 0.796875 0.820312 0.800781 0.820312 0.812500 0.832031 0.820312 0.832031 0.824219 0.835938 0.824219 0.839844 0.828125 0.843750 0.843750 0.843750 0.843750 0.828125 0.847656 0.824219 0.847656 0.804688 0.835938 0.804688 0.832031 0.800781 0.832031 0.777344 0.835938 0.773438 0.851562 0.773438 0.851562 0.750000 0.832031 0.750000 0.828125 0.746094 0.828125 0.714844 0.824219 0.714844 0.816406 0.707031 0.816406 0.683594 0.812500 0.679688 0.808594 0.679688 0.804688 0.675781 0.796875 0.675781 0.792969 0.671875
5 0.617188 0.652344 0.613281 0.656250 0.605469 0.656250 0.601562 0.660156 0.601562 0.671875 0.593750 0.679688 0.582031 0.679688 0.582031 0.687500 0.585938 0.687500 0.589844 0.691406 0.589844 0.695312 0.593750 0.699219 0.593750 0.714844 0.601562 0.714844 0.605469 0.718750 0.605469 0.742188 0.621094 0.742188 0.625000 0.738281 0.628906 0.738281 0.628906 0.710938 0.632812 0.707031 0.648438 0.707031 0.648438 0.699219 0.644531 0.695312 0.644531 0.675781 0.640625 0.675781 0.636719 0.671875 0.636719 0.667969 0.632812 0.664062 0.632812 0.656250 0.628906 0.652344
5 0.222656 0.636719 0.222656 0.667969 0.218750 0.671875 0.218750 0.679688 0.226562 0.679688 0.230469 0.683594 0.238281 0.683594 0.238281 0.667969 0.242188 0.664062 0.257812 0.664062 0.265625 0.671875 0.265625 0.675781 0.281250 0.675781 0.281250 0.664062 0.277344 0.660156 0.277344 0.656250 0.265625 0.656250 0.261719 0.652344 0.261719 0.648438 0.257812 0.648438 0.253906 0.644531 0.250000 0.644531 0.246094 0.640625 0.238281 0.640625 0.234375 0.636719
5 0.191406 0.617188 0.191406 0.625000 0.199219 0.632812 0.207031 0.632812 0.207031 0.625000 0.203125 0.621094 0.203125 0.617188
5 0.113281 0.585938 0.109375 0.589844 0.105469 0.589844 0.097656 0.597656 0.097656 0.601562 0.089844 0.609375 0.085938 0.609375 0.085938 0.613281 0.082031 0.617188 0.082031 0.621094 0.078125 0.625000 0.078125 0.636719 0.074219 0.640625 0.074219 0.644531 0.066406 0.652344 0.066406 0.656250 0.062500 0.660156 0.062500 0.667969 0.058594 0.671875 0.058594 0.687500 0.070312 0.687500 0.074219 0.691406 0.074219 0.699219 0.101562 0.699219 0.105469 0.695312 0.128906 0.695312 0.128906 0.691406 0.132812 0.687500 0.136719 0.687500 0.136719 0.671875 0.113281 0.671875 0.105469 0.664062 0.105469 0.644531 0.109375 0.640625 0.125000 0.640625 0.128906 0.644531 0.128906 0.648438 0.136719 0.648438 0.136719 0.640625 0.121094 0.640625 0.117188 0.636719 0.117188 0.605469 0.125000 0.597656 0.128906 0.597656 0.128906 0.589844 0.125000 0.585938
5 0.187500 0.554688 0.187500 0.558594 0.183594 0.562500 0.183594 0.574219 0.187500 0.578125 0.191406 0.578125 0.195312 0.582031 0.203125 0.582031 0.207031 0.585938 0.207031 0.589844 0.222656 0.589844 0.222656 0.582031 0.226562 0.578125 0.234375 0.578125 0.234375 0.566406 0.226562 0.566406 0.222656 0.562500 0.207031 0.562500 0.199219 0.554688
5 0.324219 0.460938 0.324219 0.464844 0.320312 0.468750 0.285156 0.468750 0.285156 0.484375 0.289062 0.484375 0.292969 0.488281 0.292969 0.492188 0.296875 0.492188 0.300781 0.496094 0.316406 0.496094 0.320312 0.492188 0.320312 0.488281 0.324219 0.484375 0.324219 0.476562 0.328125 0.472656 0.347656 0.472656 0.347656 0.460938
5 0.335938 0.425781 0.335938 0.433594 0.343750 0.433594 0.343750 0.425781
5 0.378906 0.421875 0.378906 0.429688 0.386719 0.429688 0.386719 0.421875
5 0.882812 0.402344 0.882812 0.410156 0.890625 0.410156 0.890625 0.402344
5 0.406250 0.402344 0.406250 0.410156 0.410156 0.410156 0.414062 0.414062 0.421875 0.414062 0.421875 0.406250 0.417969 0.402344
5 0.375000 0.343750 0.375000 0.351562 0.371094 0.355469 0.367188 0.355469 0.367188 0.363281 0.375000 0.363281 0.375000 0.355469 0.378906 0.351562 0.386719 0.351562 0.386719 0.343750
5 0.335938 0.343750 0.335938 0.351562 0.347656 0.351562 0.347656 0.343750
5 0.125000 0.308594 0.125000 0.316406 0.121094 0.320312 0.109375 0.320312 0.105469 0.324219 0.085938 0.324219 0.082031 0.320312 0.082031 0.312500 0.070312 0.312500 0.066406 0.316406 0.066406 0.320312 0.062500 0.324219 0.062500 0.328125 0.058594 0.332031 0.058594 0.371094 0.066406 0.371094 0.066406 0.343750 0.070312 0.339844 0.085938 0.339844 0.085938 0.335938 0.089844 0.332031 0.105469 0.332031 0.109375 0.335938 0.109375 0.371094 0.105469 0.375000 0.093750 0.375000 0.093750 0.390625 0.105469 0.390625 0.109375 0.386719 0.125000 0.386719 0.128906 0.390625 0.128906 0.398438 0.132812 0.398438 0.136719 0.402344 0.144531 0.402344 0.148438 0.406250 0.160156 0.406250 0.160156 0.402344 0.164062 0.398438 0.179688 0.398438 0.187500 0.406250 0.195312 0.406250 0.199219 0.402344 0.222656 0.402344 0.222656 0.398438 0.226562 0.394531 0.226562 0.386719 0.230469 0.382812 0.238281 0.382812 0.242188 0.378906 0.242188 0.371094 0.253906 0.359375 0.253906 0.351562 0.250000 0.351562 0.238281 0.339844 0.238281 0.324219 0.234375 0.320312 0.234375 0.316406 0.214844 0.316406 0.210938 0.312500 0.207031 0.312500 0.203125 0.308594 0.183594 0.308594 0.179688 0.312500 0.175781 0.312500 0.175781 0.324219 0.171875 0.328125 0.156250 0.328125 0.152344 0.324219 0.152344 0.312500 0.140625 0.312500 0.136719 0.308594
5 0.777344 0.277344 0.777344 0.281250 0.773438 0.285156 0.773438 0.300781 0.769531 0.304688 0.769531 0.312500 0.812500 0.312500 0.816406 0.308594 0.828125 0.308594 0.828125 0.292969 0.796875 0.292969 0.792969 0.289062 0.792969 0.285156 0.785156 0.277344
5 0.289062 0.277344 0.285156 0.281250 0.281250 0.281250 0.281250 0.300781 0.277344 0.304688 0.265625 0.304688 0.265625 0.316406 0.273438 0.316406 0.281250 0.308594 0.300781 0.308594 0.304688 0.312500 0.304688 0.320312 0.312500 0.320312 0.312500 0.289062 0.308594 0.289062 0.296875 0.277344
5 0.878906 0.253906 0.867188 0.265625 0.867188 0.269531 0.855469 0.281250 0.851562 0.281250 0.851562 0.292969 0.855469 0.296875 0.859375 0.296875 0.863281 0.300781 0.863281 0.324219 0.882812 0.324219 0.882812 0.308594 0.886719 0.304688 0.890625 0.304688 0.890625 0.292969 0.898438 0.285156 0.910156 0.285156 0.914062 0.281250 0.917969 0.281250 0.921875 0.277344 0.921875 0.257812 0.914062 0.257812 0.910156 0.253906
5 0.527344 0.148438 0.527344 0.156250 0.531250 0.160156 0.539062 0.160156 0.542969 0.164062 0.550781 0.164062 0.554688 0.167969 0.554688 0.195312 0.550781 0.199219 0.531250 0.199219 0.527344 0.195312 0.519531 0.195312 0.519531 0.222656 0.515625 0.226562 0.515625 0.238281 0.511719 0.242188 0.496094 0.242188 0.488281 0.234375 0.484375 0.234375 0.480469 0.230469 0.480469 0.222656 0.476562 0.218750 0.472656 0.218750 0.464844 0.210938 0.464844 0.203125 0.460938 0.199219 0.453125 0.199219 0.453125 0.207031 0.449219 0.210938 0.441406 0.210938 0.441406 0.230469 0.437500 0.234375 0.414062 0.234375 0.414062 0.242188 0.410156 0.246094 0.402344 0.246094 0.402344 0.265625 0.398438 0.269531 0.394531 0.269531 0.394531 0.285156 0.398438 0.289062 0.398438 0.308594 0.417969 0.308594 0.421875 0.312500 0.421875 0.316406 0.425781 0.320312 0.441406 0.320312 0.445312 0.324219 0.445312 0.332031 0.464844 0.332031 0.468750 0.335938 0.468750 0.339844 0.472656 0.343750 0.472656 0.378906 0.476562 0.382812 0.492188 0.382812 0.496094 0.386719 0.496094 0.414062 0.492188 0.417969 0.472656 0.417969 0.468750 0.414062 0.453125 0.414062 0.449219 0.417969 0.449219 0.460938 0.445312 0.464844 0.437500 0.464844 0.433594 0.468750 0.414062 0.468750 0.414062 0.488281 0.417969 0.488281 0.421875 0.492188 0.421875 0.515625 0.441406 0.515625 0.445312 0.519531 0.445312 0.535156 0.441406 0.539062 0.425781 0.539062 0.417969 0.546875 0.417969 0.566406 0.425781 0.574219 0.425781 0.578125 0.433594 0.578125 0.437500 0.582031 0.437500 0.589844 0.449219 0.589844 0.453125 0.593750 0.453125 0.601562 0.457031 0.605469 0.468750 0.605469 0.476562 0.613281 0.476562 0.617188 0.480469 0.617188 0.484375 0.621094 0.488281 0.621094 0.492188 0.625000 0.492188 0.628906 0.500000 0.628906 0.507812 0.636719 0.507812 0.667969 0.519531 0.667969 0.523438 0.664062 0.531250 0.664062 0.531250 0.656250 0.535156 0.652344 0.562500 0.652344 0.562500 0.632812 0.566406 0.628906 0.585938 0.628906 0.585938 0.625000 0.589844 0.621094 0.609375 0.621094 0.609375 0.613281 0.613281 0.609375 0.652344 0.609375 0.656250 0.613281 0.656250 0.636719 0.660156 0.636719 0.667969 0.644531 0.667969 0.656250 0.675781 0.656250 0.679688 0.660156 0.679688 0.664062 0.687500 0.664062 0.695312 0.671875 0.695312 0.675781 0.710938 0.675781 0.714844 0.671875 0.714844 0.664062 0.718750 0.660156 0.718750 0.648438 0.722656 0.644531 0.734375 0.644531 0.738281 0.640625 0.738281 0.636719 0.742188 0.632812 0.742188 0.625000 0.738281 0.621094 0.738281 0.593750 0.718750 0.593750 0.710938 0.585938 0.710938 0.578125 0.707031 0.574219 0.707031 0.566406 0.703125 0.562500 0.703125 0.542969 0.695312 0.542969 0.691406 0.539062 0.683594 0.539062 0.675781 0.531250 0.664062 0.531250 0.664062 0.539062 0.660156 0.542969 0.660156 0.546875 0.656250 0.550781 0.636719 0.550781 0.632812 0.546875 0.613281 0.546875 0.613281 0.550781 0.609375 0.554688 0.609375 0.570312 0.605469 0.574219 0.593750 0.574219 0.593750 0.582031 0.597656 0.585938 0.597656 0.605469 0.593750 0.609375 0.578125 0.609375 0.578125 0.613281 0.574219 0.617188 0.574219 0.621094 0.570312 0.625000 0.550781 0.625000 0.546875 0.621094 0.546875 0.597656 0.542969 0.597656 0.539062 0.593750 0.539062 0.585938 0.527344 0.585938 0.523438 0.582031 0.523438 0.566406 0.519531 0.562500 0.519531 0.542969 0.523438 0.539062 0.539062 0.539062 0.542969 0.542969 0.550781 0.542969 0.562500 0.531250 0.562500 0.527344 0.566406 0.523438 0.566406 0.515625 0.570312 0.511719 0.570312 0.500000 0.558594 0.488281 0.558594 0.472656 0.550781 0.472656 0.546875 0.468750 0.546875 0.464844 0.531250 0.464844 0.527344 0.460938 0.527344 0.457031 0.523438 0.453125 0.523438 0.449219 0.519531 0.449219 0.515625 0.445312 0.515625 0.417969 0.519531 0.414062 0.523438 0.414062 0.523438 0.398438 0.527344 0.394531 0.535156 0.394531 0.535156 0.386719 0.531250 0.386719 0.527344 0.382812 0.527344 0.371094 0.519531 0.371094 0.511719 0.363281 0.511719 0.347656 0.515625 0.343750 0.523438 0.343750 0.523438 0.339844 0.527344 0.335938 0.582031 0.335938 0.585938 0.339844 0.585938 0.351562 0.589844 0.355469 0.601562 0.355469 0.605469 0.359375 0.605469 0.386719 0.609375 0.386719 0.613281 0.390625 0.617188 0.390625 0.621094 0.394531 0.625000 0.394531 0.628906 0.398438 0.628906 0.410156 0.636719 0.410156 0.640625 0.406250 0.660156 0.406250 0.664062 0.410156 0.664062 0.417969 0.667969 0.421875 0.667969 0.429688 0.675781 0.437500 0.687500 0.437500 0.691406 0.441406 0.691406 0.449219 0.695312 0.449219 0.699219 0.453125 0.699219 0.460938 0.707031 0.460938 0.710938 0.464844 0.710938 0.500000 0.707031 0.503906 0.707031 0.519531 0.710938 0.519531 0.714844 0.523438 0.714844 0.535156 0.726562 0.535156 0.730469 0.539062 0.730469 0.550781 0.734375 0.554688 0.742188 0.554688 0.742188 0.546875 0.753906 0.535156 0.777344 0.535156 0.781250 0.539062 0.808594 0.539062 0.812500 0.542969 0.820312 0.542969 0.824219 0.546875 0.824219 0.570312 0.828125 0.574219 0.828125 0.585938 0.832031 0.585938 0.839844 0.593750 0.847656 0.593750 0.847656 0.589844 0.851562 0.585938 0.867188 0.585938 0.871094 0.589844 0.871094 0.613281 0.878906 0.613281 0.882812 0.617188 0.886719 0.617188 0.890625 0.621094 0.890625 0.625000 0.898438 0.632812 0.917969 0.632812 0.921875 0.636719 0.921875 0.656250 0.917969 0.660156 0.910156 0.660156 0.902344 0.667969 0.898438 0.667969 0.898438 0.687500 0.902344 0.687500 0.906250 0.691406 0.906250 0.722656 0.914062 0.722656 0.917969 0.726562 0.917969 0.734375 0.925781 0.734375 0.929688 0.730469 0.929688 0.691406 0.933594 0.687500 0.933594 0.671875 0.937500 0.667969 0.937500 0.652344 0.941406 0.648438 0.941406 0.621094 0.945312 0.617188 0.945312 0.609375 0.941406 0.609375 0.937500 0.605469 0.937500 0.589844 0.941406 0.585938 0.941406 0.578125 0.937500 0.574219 0.937500 0.542969 0.933594 0.539062 0.933594 0.527344 0.929688 0.523438 0.929688 0.500000 0.933594 0.496094 0.933594 0.476562 0.937500 0.472656 0.941406 0.472656 0.941406 0.449219 0.945312 0.445312 0.945312 0.441406 0.953125 0.433594 0.957031 0.433594 0.957031 0.425781 0.941406 0.425781 0.941406 0.429688 0.937500 0.433594 0.937500 0.437500 0.933594 0.441406 0.933594 0.457031 0.929688 0.460938 0.882812 0.460938 0.878906 0.457031 0.875000 0.457031 0.871094 0.453125 0.859375 0.453125 0.855469 0.449219 0.843750 0.449219 0.843750 0.453125 0.839844 0.457031 0.820312 0.457031 0.816406 0.453125 0.816406 0.421875 0.804688 0.410156 0.804688 0.402344 0.796875 0.394531 0.792969 0.394531 0.789062 0.390625 0.789062 0.386719 0.785156 0.386719 0.781250 0.382812 0.781250 0.375000 0.761719 0.375000 0.757812 0.378906 0.734375 0.378906 0.730469 0.375000 0.730469 0.367188 0.699219 0.367188 0.691406 0.359375 0.691406 0.324219 0.695312 0.320312 0.695312 0.300781 0.699219 0.296875 0.699219 0.289062 0.695312 0.285156 0.695312 0.261719 0.699219 0.257812 0.699219 0.250000 0.683594 0.250000 0.679688 0.253906 0.679688 0.261719 0.675781 0.265625 0.652344 0.265625 0.644531 0.257812 0.621094 0.257812 0.617188 0.253906 0.617188 0.218750 0.621094 0.214844 0.628906 0.214844 0.628906 0.207031 0.632812 0.203125 0.648438 0.203125 0.652344 0.199219 0.675781 0.199219 0.683594 0.207031 0.691406 0.207031 0.695312 0.203125 0.722656 0.203125 0.726562 0.207031 0.738281 0.207031 0.738281 0.199219 0.722656 0.199219 0.718750 0.195312 0.687500 0.195312 0.683594 0.191406 0.679688 0.191406 0.675781 0.187500 0.671875 0.187500 0.667969 0.183594 0.667969 0.175781 0.656250 0.175781 0.652344 0.179688 0.652344 0.183594 0.648438 0.187500 0.632812 0.187500 0.628906 0.191406 0.582031 0.191406 0.566406 0.175781 0.566406 0.148438
5 0.363281 0.136719 0.363281 0.144531 0.359375 0.148438 0.355469 0.148438 0.355469 0.175781 0.351562 0.179688 0.351562 0.191406 0.347656 0.195312 0.324219 0.195312 0.320312 0.199219 0.312500 0.199219 0.312500 0.214844 0.328125 0.214844 0.332031 0.218750 0.339844 0.218750 0.351562 0.230469 0.351562 0.234375 0.359375 0.242188 0.359375 0.246094 0.375000 0.246094 0.378906 0.242188 0.390625 0.242188 0.390625 0.214844 0.394531 0.210938 0.394531 0.195312 0.398438 0.191406 0.402344 0.191406 0.402344 0.179688 0.398438 0.179688 0.394531 0.175781 0.394531 0.160156 0.398438 0.156250 0.402344 0.156250 0.406250 0.152344 0.406250 0.144531 0.378906 0.144531 0.371094 0.136719
5 0.519531 0.027344 0.519531 0.035156 0.515625 0.039062 0.511719 0.039062 0.511719 0.058594 0.535156 0.058594 0.539062 0.062500 0.539062 0.085938 0.546875 0.085938 0.550781 0.082031 0.550781 0.066406 0.546875 0.066406 0.542969 0.062500 0.542969 0.046875 0.539062 0.042969 0.539062 0.039062 0.527344 0.027344
