5 0.851562 0.812500 0.847656 0.816406 0.847656 0.824219 0.859375 0.824219 0.863281 0.820312 0.863281 0.812500
5 0.671875 0.792969 0.671875 0.804688 0.675781 0.804688 0.683594 0.812500 0.687500 0.812500 0.691406 0.816406 0.695312 0.816406 0.699219 0.820312 0.699219 0.824219 0.703125 0.828125 0.703125 0.832031 0.710938 0.832031 0.714844 0.835938 0.769531 0.835938 0.773438 0.832031 0.785156 0.832031 0.789062 0.828125 0.800781 0.828125 0.800781 0.816406 0.792969 0.808594 0.792969 0.800781 0.785156 0.800781 0.781250 0.804688 0.753906 0.804688 0.746094 0.796875 0.746094 0.792969 0.722656 0.792969 0.718750 0.796875 0.683594 0.796875 0.679688 0.792969
5 0.839844 0.750000 0.839844 0.757812 0.832031 0.765625 0.820312 0.765625 0.816406 0.769531 0.816406 0.777344 0.824219 0.777344 0.832031 0.785156 0.867188 0.785156 0.875000 0.792969 0.882812 0.792969 0.882812 0.789062 0.886719 0.785156 0.886719 0.777344 0.890625 0.773438 0.894531 0.773438 0.894531 0.765625 0.875000 0.765625 0.871094 0.761719 0.867188 0.761719 0.855469 0.750000
5 0.089844 0.742188 0.085938 0.746094 0.066406 0.746094 0.066406 0.765625 0.070312 0.769531 0.089844 0.769531 0.093750 0.773438 0.093750 0.781250 0.121094 0.781250 0.125000 0.785156 0.132812 0.785156 0.136719 0.789062 0.136719 0.796875 0.210938 0.796875 0.218750 0.789062 0.238281 0.789062 0.238281 0.781250 0.191406 0.781250 0.187500 0.777344 0.187500 0.769531 0.183594 0.769531 0.175781 0.761719 0.164062 0.761719 0.160156 0.757812 0.160156 0.753906 0.156250 0.750000 0.148438 0.750000 0.148438 0.765625 0.144531 0.769531 0.101562 0.769531 0.097656 0.765625 0.097656 0.742188
5 0.632812 0.730469 0.632812 0.734375 0.628906 0.738281 0.625000 0.738281 0.621094 0.742188 0.621094 0.753906 0.617188 0.757812 0.609375 0.757812 0.605469 0.761719 0.582031 0.761719 0.582031 0.777344 0.589844 0.777344 0.593750 0.781250 0.593750 0.785156 0.597656 0.785156 0.605469 0.792969 0.605469 0.796875 0.613281 0.796875 0.617188 0.792969 0.617188 0.789062 0.625000 0.781250 0.644531 0.781250 0.644531 0.777344 0.652344 0.769531 0.664062 0.769531 0.667969 0.765625 0.687500 0.765625 0.691406 0.769531 0.707031 0.769531 0.707031 0.757812 0.695312 0.757812 0.691406 0.753906 0.656250 0.753906 0.652344 0.750000 0.652344 0.730469
5 0.417969 0.687500 0.417969 0.695312 0.425781 0.695312 0.425781 0.687500
5 0.382812 0.660156 0.382812 0.667969 0.386719 0.671875 0.394531 0.671875 0.398438 0.675781 0.410156 0.675781 0.410156 0.660156
5 0.945312 0.613281 0.945312 0.621094 0.957031 0.621094 0.957031 0.613281
5 0.183594 0.613281 0.175781 0.621094 0.164062 0.621094 0.164062 0.628906 0.160156 0.632812 0.152344 0.632812 0.152344 0.636719 0.144531 0.644531 0.140625 0.644531 0.136719 0.648438 0.113281 0.648438 0.109375 0.644531 0.109375 0.632812 0.105469 0.628906 0.070312 0.628906 0.070312 0.652344 0.062500 0.660156 0.062500 0.667969 0.066406 0.671875 0.066406 0.675781 0.070312 0.679688 0.082031 0.679688 0.085938 0.683594 0.093750 0.683594 0.109375 0.667969 0.128906 0.667969 0.132812 0.671875 0.132812 0.675781 0.152344 0.675781 0.156250 0.679688 0.156250 0.683594 0.167969 0.683594 0.175781 0.691406 0.187500 0.691406 0.191406 0.695312 0.191406 0.703125 0.210938 0.703125 0.218750 0.710938 0.222656 0.710938 0.226562 0.714844 0.234375 0.714844 0.238281 0.718750 0.269531 0.718750 0.273438 0.722656 0.277344 0.722656 0.281250 0.726562 0.285156 0.726562 0.296875 0.738281 0.296875 0.742188 0.304688 0.742188 0.304688 0.738281 0.308594 0.734375 0.312500 0.734375 0.312500 0.726562 0.316406 0.722656 0.339844 0.722656 0.339844 0.714844 0.343750 0.710938 0.355469 0.710938 0.355469 0.707031 0.359375 0.703125 0.363281 0.703125 0.363281 0.691406 0.343750 0.691406 0.339844 0.687500 0.335938 0.687500 0.328125 0.679688 0.328125 0.675781 0.316406 0.675781 0.312500 0.679688 0.292969 0.679688 0.289062 0.683594 0.273438 0.683594 0.269531 0.679688 0.242188 0.679688 0.238281 0.683594 0.222656 0.683594 0.214844 0.675781 0.214844 0.667969 0.210938 0.667969 0.207031 0.664062 0.207031 0.656250 0.203125 0.656250 0.199219 0.652344 0.199219 0.632812 0.195312 0.632812 0.191406 0.628906 0.191406 0.613281
5 0.039062 0.613281 0.039062 0.621094 0.050781 0.621094 0.050781 0.613281
5 0.746094 0.597656 0.746094 0.605469 0.753906 0.605469 0.753906 0.597656
5 0.816406 0.562500 0.812500 0.566406 0.812500 0.570312 0.808594 0.574219 0.800781 0.574219 0.800781 0.582031 0.804688 0.582031 0.808594 0.585938 0.824219 0.585938 0.824219 0.582031 0.828125 0.578125 0.863281 0.578125 0.867188 0.582031 0.875000 0.582031 0.875000 0.574219 0.871094 0.574219 0.867188 0.570312 0.832031 0.570312 0.828125 0.566406 0.828125 0.562500
5 0.023438 0.480469 0.023438 0.523438 0.027344 0.527344 0.027344 0.531250 0.031250 0.535156 0.031250 0.546875 0.035156 0.550781 0.035156 0.562500 0.042969 0.570312 0.066406 0.570312 0.066406 0.566406 0.070312 0.562500 0.070312 0.546875 0.062500 0.546875 0.054688 0.539062 0.054688 0.535156 0.050781 0.535156 0.046875 0.531250 0.046875 0.515625 0.035156 0.503906 0.035156 0.492188 0.031250 0.488281 0.031250 0.480469
5 0.820312 0.363281 0.820312 0.371094 0.824219 0.375000 0.824219 0.382812 0.832031 0.390625 0.832031 0.394531 0.839844 0.394531 0.839844 0.390625 0.843750 0.386719 0.843750 0.375000 0.847656 0.371094 0.871094 0.371094 0.871094 0.363281 0.863281 0.363281 0.863281 0.367188 0.859375 0.371094 0.843750 0.371094 0.839844 0.367188 0.832031 0.367188 0.828125 0.363281
5 0.253906 0.351562 0.250000 0.355469 0.238281 0.355469 0.230469 0.363281 0.222656 0.363281 0.218750 0.367188 0.199219 0.367188 0.195312 0.363281 0.175781 0.363281 0.171875 0.367188 0.164062 0.367188 0.164062 0.375000 0.171875 0.375000 0.175781 0.378906 0.175781 0.402344 0.191406 0.402344 0.195312 0.406250 0.195312 0.425781 0.187500 0.433594 0.187500 0.437500 0.183594 0.441406 0.171875 0.441406 0.167969 0.445312 0.148438 0.445312 0.148438 0.453125 0.152344 0.457031 0.171875 0.457031 0.175781 0.460938 0.175781 0.488281 0.183594 0.488281 0.195312 0.500000 0.195312 0.503906 0.199219 0.507812 0.203125 0.507812 0.210938 0.515625 0.210938 0.523438 0.222656 0.523438 0.226562 0.527344 0.226562 0.531250 0.230469 0.531250 0.238281 0.539062 0.238281 0.550781 0.242188 0.550781 0.246094 0.554688 0.246094 0.574219 0.242188 0.578125 0.230469 0.578125 0.230469 0.585938 0.238281 0.585938 0.242188 0.589844 0.250000 0.589844 0.253906 0.585938 0.281250 0.585938 0.289062 0.593750 0.289062 0.597656 0.296875 0.597656 0.312500 0.613281 0.312500 0.617188 0.320312 0.617188 0.328125 0.625000 0.355469 0.625000 0.359375 0.621094 0.363281 0.621094 0.367188 0.617188 0.367188 0.605469 0.371094 0.601562 0.371094 0.589844 0.375000 0.585938 0.421875 0.585938 0.421875 0.582031 0.425781 0.578125 0.441406 0.578125 0.449219 0.585938 0.449219 0.589844 0.453125 0.593750 0.464844 0.593750 0.468750 0.589844 0.472656 0.589844 0.476562 0.585938 0.496094 0.585938 0.511719 0.601562 0.511719 0.621094 0.523438 0.632812 0.523438 0.652344 0.519531 0.656250 0.515625 0.656250 0.507812 0.664062 0.492188 0.664062 0.492188 0.679688 0.488281 0.683594 0.484375 0.683594 0.484375 0.691406 0.480469 0.695312 0.464844 0.695312 0.457031 0.703125 0.433594 0.703125 0.433594 0.714844 0.441406 0.714844 0.445312 0.718750 0.445312 0.722656 0.488281 0.722656 0.492188 0.726562 0.492188 0.730469 0.496094 0.730469 0.500000 0.734375 0.500000 0.738281 0.511719 0.738281 0.515625 0.742188 0.515625 0.761719 0.523438 0.761719 0.531250 0.753906 0.574219 0.753906 0.574219 0.734375 0.570312 0.730469 0.558594 0.730469 0.554688 0.726562 0.554688 0.703125 0.550781 0.699219 0.550781 0.675781 0.546875 0.671875 0.542969 0.671875 0.539062 0.667969 0.539062 0.644531 0.542969 0.640625 0.542969 0.636719 0.546875 0.632812 0.546875 0.628906 0.550781 0.625000 0.562500 0.625000 0.562500 0.617188 0.566406 0.613281 0.574219 0.613281 0.578125 0.609375 0.597656 0.609375 0.601562 0.613281 0.601562 0.625000 0.628906 0.625000 0.636719 0.632812 0.656250 0.632812 0.664062 0.640625 0.664062 0.644531 0.675781 0.644531 0.679688 0.648438 0.679688 0.664062 0.671875 0.671875 0.652344 0.671875 0.652344 0.687500 0.648438 0.691406 0.640625 0.691406 0.640625 0.699219 0.644531 0.703125 0.667969 0.703125 0.671875 0.707031 0.671875 0.718750 0.687500 0.718750 0.691406 0.714844 0.718750 0.714844 0.718750 0.710938 0.722656 0.707031 0.742188 0.707031 0.746094 0.703125 0.753906 0.703125 0.757812 0.699219 0.761719 0.699219 0.765625 0.695312 0.777344 0.695312 0.777344 0.683594 0.773438 0.683594 0.765625 0.675781 0.761719 0.675781 0.757812 0.671875 0.757812 0.656250 0.750000 0.648438 0.742188 0.648438 0.738281 0.652344 0.738281 0.671875 0.734375 0.675781 0.710938 0.675781 0.707031 0.671875 0.695312 0.671875 0.691406 0.667969 0.691406 0.652344 0.695312 0.648438 0.699219 0.648438 0.699219 0.632812 0.707031 0.625000 0.707031 0.621094 0.710938 0.617188 0.718750 0.617188 0.718750 0.605469 0.722656 0.601562 0.722656 0.597656 0.726562 0.593750 0.726562 0.582031 0.714844 0.582031 0.710938 0.578125 0.710938 0.562500 0.718750 0.554688 0.718750 0.550781 0.722656 0.546875 0.734375 0.546875 0.734375 0.539062 0.738281 0.535156 0.757812 0.535156 0.761719 0.539062 0.761719 0.542969 0.769531 0.542969 0.769531 0.535156 0.765625 0.535156 0.761719 0.531250 0.761719 0.511719 0.765625 0.507812 0.769531 0.507812 0.773438 0.503906 0.851562 0.503906 0.855469 0.507812 0.863281 0.507812 0.867188 0.511719 0.871094 0.511719 0.875000 0.515625 0.882812 0.515625 0.886719 0.511719 0.933594 0.511719 0.941406 0.519531 0.941406 0.539062 0.937500 0.542969 0.917969 0.542969 0.917969 0.546875 0.914062 0.550781 0.914062 0.558594 0.917969 0.562500 0.933594 0.562500 0.937500 0.566406 0.941406 0.566406 0.945312 0.570312 0.953125 0.570312 0.957031 0.574219 0.957031 0.578125 0.972656 0.578125 0.972656 0.562500 0.976562 0.558594 0.976562 0.542969 0.980469 0.539062 0.996094 0.539062 0.996094 0.464844 0.988281 0.464844 0.984375 0.460938 0.980469 0.460938 0.976562 0.457031 0.976562 0.445312 0.972656 0.445312 0.968750 0.441406 0.968750 0.433594 0.949219 0.433594 0.949219 0.441406 0.953125 0.441406 0.957031 0.445312 0.960938 0.445312 0.964844 0.449219 0.964844 0.453125 0.968750 0.457031 0.968750 0.464844 0.972656 0.468750 0.972656 0.484375 0.968750 0.488281 0.968750 0.492188 0.964844 0.496094 0.925781 0.496094 0.921875 0.500000 0.910156 0.500000 0.906250 0.503906 0.890625 0.503906 0.882812 0.496094 0.882812 0.492188 0.878906 0.488281 0.878906 0.468750 0.882812 0.464844 0.882812 0.437500 0.886719 0.433594 0.910156 0.433594 0.914062 0.437500 0.921875 0.437500 0.925781 0.433594 0.925781 0.425781 0.875000 0.425781 0.875000 0.429688 0.871094 0.433594 0.871094 0.453125 0.867188 0.457031 0.859375 0.457031 0.859375 0.460938 0.855469 0.464844 0.851562 0.464844 0.847656 0.468750 0.824219 0.468750 0.820312 0.464844 0.820312 0.457031 0.816406 0.453125 0.816406 0.429688 0.812500 0.429688 0.808594 0.425781 0.800781 0.425781 0.796875 0.429688 0.792969 0.429688 0.792969 0.441406 0.789062 0.445312 0.773438 0.445312 0.761719 0.433594 0.761719 0.429688 0.753906 0.429688 0.750000 0.425781 0.746094 0.425781 0.742188 0.421875 0.742188 0.414062 0.738281 0.410156 0.730469 0.410156 0.730469 0.417969 0.726562 0.421875 0.718750 0.421875 0.714844 0.425781 0.695312 0.425781 0.691406 0.421875 0.683594 0.421875 0.683594 0.425781 0.679688 0.429688 0.664062 0.429688 0.660156 0.425781 0.660156 0.421875 0.656250 0.417969 0.656250 0.414062 0.644531 0.414062 0.644531 0.421875 0.636719 0.429688 0.617188 0.429688 0.613281 0.425781 0.613281 0.417969 0.574219 0.417969 0.570312 0.414062 0.570312 0.410156 0.562500 0.410156 0.558594 0.406250 0.550781 0.406250 0.546875 0.402344 0.546875 0.398438 0.527344 0.398438 0.523438 0.394531 0.523438 0.375000 0.492188 0.375000 0.492188 0.378906 0.488281 0.382812 0.476562 0.382812 0.476562 0.414062 0.480469 0.417969 0.480469 0.433594 0.476562 0.437500 0.460938 0.437500 0.457031 0.433594 0.457031 0.429688 0.449219 0.429688 0.445312 0.425781 0.429688 0.425781 0.429688 0.429688 0.425781 0.433594 0.402344 0.433594 0.394531 0.425781 0.394531 0.421875 0.390625 0.417969 0.390625 0.398438 0.382812 0.398438 0.382812 0.414062 0.378906 0.417969 0.335938 0.417969 0.332031 0.414062 0.332031 0.402344 0.328125 0.402344 0.324219 0.398438 0.324219 0.390625 0.312500 0.390625 0.312500 0.394531 0.308594 0.398438 0.281250 0.398438 0.281250 0.406250 0.277344 0.410156 0.257812 0.410156 0.253906 0.406250 0.253906 0.386719 0.257812 0.382812 0.273438 0.382812 0.273438 0.378906 0.277344 0.375000 0.277344 0.367188 0.273438 0.367188 0.269531 0.363281 0.269531 0.359375 0.265625 0.355469 0.265625 0.351562
5 0.796875 0.335938 0.792969 0.339844 0.781250 0.339844 0.781250 0.351562 0.789062 0.359375 0.804688 0.359375 0.804688 0.335938
5 0.550781 0.257812 0.546875 0.261719 0.542969 0.261719 0.535156 0.269531 0.515625 0.269531 0.511719 0.265625 0.503906 0.265625 0.503906 0.269531 0.500000 0.273438 0.496094 0.273438 0.492188 0.277344 0.488281 0.277344 0.484375 0.281250 0.468750 0.281250 0.464844 0.277344 0.457031 0.277344 0.457031 0.285156 0.464844 0.285156 0.468750 0.289062 0.488281 0.289062 0.492188 0.292969 0.492188 0.312500 0.488281 0.316406 0.488281 0.332031 0.496094 0.332031 0.500000 0.335938 0.500000 0.339844 0.503906 0.343750 0.507812 0.343750 0.511719 0.347656 0.511719 0.351562 0.519531 0.351562 0.519531 0.343750 0.523438 0.339844 0.523438 0.335938 0.527344 0.332031 0.535156 0.332031 0.535156 0.312500 0.539062 0.308594 0.546875 0.308594 0.546875 0.304688 0.550781 0.300781 0.558594 0.300781 0.562500 0.296875 0.562500 0.281250 0.566406 0.277344 0.566406 0.265625 0.558594 0.257812
5 0.519531 0.132812 0.519531 0.152344 0.523438 0.156250 0.523438 0.175781 0.519531 0.179688 0.519531 0.191406 0.523438 0.195312 0.523438 0.199219 0.535156 0.199219 0.539062 0.203125 0.539062 0.207031 0.542969 0.210938 0.542969 0.214844 0.550781 0.214844 0.554688 0.210938 0.562500 0.210938 0.562500 0.199219 0.566406 0.195312 0.570312 0.195312 0.570312 0.179688 0.566406 0.175781 0.546875 0.175781 0.535156 0.164062 0.535156 0.156250 0.531250 0.156250 0.527344 0.152344 0.527344 0.132812
5 0.390625 0.132812 0.390625 0.136719 0.386719 0.140625 0.378906 0.140625 0.375000 0.144531 0.375000 0.148438 0.371094 0.152344 0.371094 0.171875 0.363281 0.179688 0.359375 0.179688 0.355469 0.183594 0.351562 0.183594 0.351562 0.195312 0.386719 0.195312 0.386719 0.164062 0.390625 0.160156 0.394531 0.160156 0.394531 0.148438 0.398438 0.144531 0.398438 0.132812
5 0.578125 0.097656 0.578125 0.109375 0.582031 0.109375 0.589844 0.117188 0.593750 0.117188 0.601562 0.125000 0.601562 0.140625 0.597656 0.144531 0.589844 0.144531 0.589844 0.152344 0.593750 0.156250 0.593750 0.164062 0.597656 0.167969 0.609375 0.167969 0.609375 0.164062 0.613281 0.160156 0.613281 0.140625 0.617188 0.136719 0.644531 0.136719 0.644531 0.128906 0.640625 0.128906 0.636719 0.125000 0.636719 0.121094 0.632812 0.121094 0.625000 0.113281 0.621094 0.113281 0.617188 0.109375 0.613281 0.109375 0.609375 0.105469 0.601562 0.105469 0.593750 0.097656
