5 0.636719 0.828125 0.628906 0.835938 0.609375 0.835938 0.609375 0.847656 0.617188 0.847656 0.621094 0.851562 0.621094 0.859375 0.632812 0.859375 0.636719 0.863281 0.636719 0.867188 0.648438 0.867188 0.652344 0.863281 0.652344 0.828125
5 0.703125 0.820312 0.699219 0.824219 0.699219 0.828125 0.695312 0.832031 0.687500 0.832031 0.687500 0.839844 0.703125 0.839844 0.710938 0.832031 0.710938 0.820312
5 0.445312 0.781250 0.445312 0.785156 0.441406 0.789062 0.414062 0.789062 0.410156 0.785156 0.382812 0.785156 0.382812 0.792969 0.394531 0.792969 0.402344 0.800781 0.429688 0.800781 0.429688 0.792969 0.433594 0.789062 0.449219 0.789062 0.453125 0.792969 0.464844 0.792969 0.464844 0.781250
5 0.351562 0.710938 0.347656 0.714844 0.343750 0.714844 0.343750 0.722656 0.355469 0.722656 0.359375 0.718750 0.359375 0.710938
5 0.183594 0.671875 0.171875 0.683594 0.171875 0.695312 0.175781 0.695312 0.179688 0.699219 0.222656 0.699219 0.226562 0.703125 0.230469 0.703125 0.234375 0.707031 0.246094 0.707031 0.250000 0.703125 0.269531 0.703125 0.273438 0.707031 0.281250 0.707031 0.285156 0.710938 0.285156 0.726562 0.296875 0.726562 0.300781 0.730469 0.300781 0.746094 0.308594 0.746094 0.312500 0.742188 0.316406 0.742188 0.316406 0.734375 0.312500 0.734375 0.308594 0.730469 0.300781 0.730469 0.296875 0.726562 0.296875 0.699219 0.281250 0.699219 0.277344 0.695312 0.222656 0.695312 0.218750 0.691406 0.218750 0.687500 0.214844 0.687500 0.210938 0.683594 0.210938 0.675781 0.199219 0.675781 0.195312 0.671875
5 0.113281 0.667969 0.113281 0.675781 0.117188 0.679688 0.117188 0.695312 0.113281 0.699219 0.105469 0.699219 0.101562 0.703125 0.101562 0.726562 0.109375 0.726562 0.109375 0.722656 0.113281 0.718750 0.140625 0.718750 0.140625 0.710938 0.128906 0.699219 0.128906 0.671875 0.125000 0.667969
5 0.734375 0.640625 0.734375 0.648438 0.742188 0.648438 0.742188 0.640625
5 0.738281 0.605469 0.738281 0.613281 0.753906 0.613281 0.753906 0.605469
5 0.308594 0.597656 0.308594 0.601562 0.304688 0.605469 0.300781 0.605469 0.296875 0.609375 0.292969 0.609375 0.292969 0.613281 0.289062 0.617188 0.281250 0.617188 0.277344 0.621094 0.273438 0.621094 0.265625 0.628906 0.261719 0.628906 0.261719 0.644531 0.265625 0.648438 0.265625 0.652344 0.269531 0.656250 0.289062 0.656250 0.300781 0.644531 0.304688 0.644531 0.304688 0.628906 0.308594 0.625000 0.312500 0.625000 0.316406 0.621094 0.320312 0.621094 0.320312 0.613281 0.324219 0.609375 0.324219 0.597656
5 0.792969 0.593750 0.789062 0.597656 0.781250 0.597656 0.781250 0.605469 0.789062 0.605469 0.792969 0.609375 0.792969 0.628906 0.789062 0.632812 0.789062 0.640625 0.785156 0.644531 0.781250 0.644531 0.781250 0.652344 0.785156 0.656250 0.789062 0.656250 0.792969 0.660156 0.792969 0.671875 0.796875 0.671875 0.800781 0.675781 0.800781 0.679688 0.808594 0.679688 0.812500 0.683594 0.812500 0.687500 0.820312 0.687500 0.832031 0.675781 0.832031 0.660156 0.828125 0.656250 0.824219 0.656250 0.820312 0.652344 0.820312 0.648438 0.816406 0.648438 0.812500 0.644531 0.812500 0.640625 0.808594 0.636719 0.808594 0.621094 0.804688 0.621094 0.800781 0.617188 0.800781 0.593750
5 0.363281 0.566406 0.359375 0.570312 0.359375 0.578125 0.363281 0.578125 0.367188 0.582031 0.367188 0.609375 0.382812 0.609375 0.390625 0.601562 0.390625 0.593750 0.394531 0.589844 0.394531 0.582031 0.375000 0.582031 0.371094 0.578125 0.371094 0.566406
5 0.535156 0.445312 0.535156 0.457031 0.542969 0.457031 0.542969 0.445312
5 0.914062 0.402344 0.914062 0.417969 0.921875 0.425781 0.921875 0.429688 0.925781 0.433594 0.925781 0.437500 0.937500 0.437500 0.937500 0.433594 0.941406 0.429688 0.941406 0.417969 0.937500 0.417969 0.929688 0.410156 0.925781 0.410156 0.921875 0.406250 0.921875 0.402344
5 0.906250 0.359375 0.906250 0.367188 0.917969 0.367188 0.917969 0.359375
5 0.726562 0.273438 0.726562 0.281250 0.734375 0.281250 0.738281 0.285156 0.738281 0.289062 0.750000 0.289062 0.753906 0.285156 0.757812 0.285156 0.761719 0.281250 0.761719 0.273438
5 0.546875 0.195312 0.546875 0.199219 0.539062 0.207031 0.539062 0.210938 0.531250 0.218750 0.531250 0.222656 0.527344 0.226562 0.523438 0.226562 0.523438 0.234375 0.519531 0.238281 0.511719 0.238281 0.503906 0.246094 0.500000 0.246094 0.500000 0.261719 0.496094 0.265625 0.480469 0.265625 0.476562 0.261719 0.476562 0.253906 0.472656 0.250000 0.472656 0.242188 0.457031 0.226562 0.437500 0.226562 0.437500 0.238281 0.429688 0.246094 0.421875 0.246094 0.417969 0.250000 0.417969 0.253906 0.410156 0.261719 0.410156 0.265625 0.406250 0.269531 0.386719 0.269531 0.382812 0.265625 0.382812 0.257812 0.378906 0.253906 0.378906 0.250000 0.363281 0.250000 0.359375 0.246094 0.359375 0.234375 0.316406 0.234375 0.312500 0.230469 0.312500 0.222656 0.304688 0.222656 0.300781 0.226562 0.289062 0.226562 0.285156 0.230469 0.273438 0.230469 0.273438 0.238281 0.269531 0.242188 0.253906 0.242188 0.250000 0.238281 0.242188 0.238281 0.242188 0.246094 0.234375 0.253906 0.234375 0.261719 0.230469 0.265625 0.230469 0.269531 0.226562 0.273438 0.226562 0.281250 0.250000 0.281250 0.253906 0.277344 0.273438 0.277344 0.277344 0.281250 0.277344 0.289062 0.281250 0.292969 0.285156 0.292969 0.289062 0.296875 0.289062 0.312500 0.285156 0.316406 0.281250 0.316406 0.277344 0.320312 0.269531 0.320312 0.269531 0.359375 0.265625 0.363281 0.261719 0.363281 0.261719 0.394531 0.308594 0.394531 0.312500 0.398438 0.312500 0.421875 0.308594 0.425781 0.296875 0.425781 0.292969 0.429688 0.285156 0.429688 0.277344 0.437500 0.277344 0.441406 0.273438 0.445312 0.250000 0.445312 0.246094 0.441406 0.246094 0.437500 0.242188 0.433594 0.242188 0.425781 0.238281 0.425781 0.234375 0.421875 0.218750 0.421875 0.218750 0.433594 0.222656 0.437500 0.222656 0.445312 0.226562 0.445312 0.230469 0.449219 0.230469 0.453125 0.234375 0.457031 0.242188 0.457031 0.246094 0.460938 0.246094 0.480469 0.250000 0.484375 0.250000 0.500000 0.246094 0.503906 0.210938 0.503906 0.207031 0.500000 0.207031 0.496094 0.203125 0.492188 0.183594 0.492188 0.179688 0.488281 0.179688 0.476562 0.175781 0.476562 0.171875 0.472656 0.171875 0.445312 0.156250 0.445312 0.152344 0.441406 0.144531 0.441406 0.144531 0.457031 0.152344 0.457031 0.156250 0.460938 0.156250 0.480469 0.164062 0.480469 0.171875 0.488281 0.171875 0.496094 0.175781 0.500000 0.175781 0.503906 0.191406 0.503906 0.195312 0.507812 0.207031 0.507812 0.210938 0.511719 0.214844 0.511719 0.222656 0.519531 0.222656 0.550781 0.226562 0.550781 0.230469 0.554688 0.238281 0.554688 0.238281 0.550781 0.246094 0.542969 0.265625 0.542969 0.269531 0.546875 0.281250 0.546875 0.281250 0.539062 0.285156 0.535156 0.308594 0.535156 0.312500 0.539062 0.312500 0.550781 0.324219 0.550781 0.324219 0.546875 0.328125 0.542969 0.335938 0.542969 0.335938 0.515625 0.339844 0.511719 0.359375 0.511719 0.367188 0.519531 0.367188 0.539062 0.371094 0.539062 0.375000 0.542969 0.375000 0.546875 0.382812 0.546875 0.386719 0.542969 0.398438 0.542969 0.402344 0.539062 0.417969 0.539062 0.425781 0.546875 0.425781 0.554688 0.429688 0.558594 0.445312 0.558594 0.449219 0.562500 0.449219 0.570312 0.453125 0.570312 0.468750 0.585938 0.472656 0.585938 0.476562 0.589844 0.476562 0.613281 0.468750 0.621094 0.468750 0.632812 0.464844 0.636719 0.464844 0.640625 0.457031 0.648438 0.410156 0.648438 0.406250 0.644531 0.406250 0.636719 0.394531 0.636719 0.394531 0.644531 0.406250 0.644531 0.410156 0.648438 0.410156 0.671875 0.406250 0.675781 0.406250 0.679688 0.402344 0.683594 0.378906 0.683594 0.375000 0.687500 0.375000 0.699219 0.378906 0.699219 0.382812 0.703125 0.382812 0.707031 0.398438 0.707031 0.402344 0.710938 0.402344 0.714844 0.406250 0.718750 0.406250 0.722656 0.410156 0.726562 0.417969 0.726562 0.421875 0.730469 0.425781 0.730469 0.429688 0.734375 0.449219 0.734375 0.449219 0.726562 0.453125 0.722656 0.453125 0.714844 0.460938 0.707031 0.476562 0.707031 0.480469 0.710938 0.484375 0.710938 0.488281 0.714844 0.488281 0.742188 0.484375 0.746094 0.484375 0.750000 0.480469 0.753906 0.480469 0.773438 0.488281 0.773438 0.488281 0.769531 0.492188 0.765625 0.492188 0.761719 0.503906 0.750000 0.507812 0.750000 0.511719 0.746094 0.519531 0.746094 0.523438 0.742188 0.527344 0.742188 0.531250 0.738281 0.531250 0.722656 0.535156 0.718750 0.546875 0.718750 0.550781 0.714844 0.550781 0.703125 0.554688 0.699219 0.554688 0.695312 0.558594 0.691406 0.562500 0.691406 0.566406 0.687500 0.589844 0.687500 0.593750 0.691406 0.597656 0.691406 0.601562 0.695312 0.601562 0.699219 0.609375 0.699219 0.613281 0.703125 0.613281 0.707031 0.625000 0.707031 0.628906 0.710938 0.636719 0.710938 0.640625 0.714844 0.640625 0.718750 0.664062 0.718750 0.667969 0.722656 0.675781 0.722656 0.679688 0.718750 0.691406 0.718750 0.691406 0.710938 0.683594 0.710938 0.679688 0.707031 0.679688 0.679688 0.675781 0.679688 0.671875 0.675781 0.671875 0.652344 0.675781 0.648438 0.691406 0.648438 0.691406 0.636719 0.687500 0.632812 0.687500 0.621094 0.679688 0.613281 0.675781 0.613281 0.671875 0.609375 0.671875 0.593750 0.675781 0.589844 0.675781 0.554688 0.679688 0.550781 0.699219 0.550781 0.703125 0.554688 0.703125 0.562500 0.707031 0.566406 0.707031 0.578125 0.714844 0.578125 0.718750 0.582031 0.718750 0.589844 0.722656 0.593750 0.722656 0.597656 0.734375 0.597656 0.734375 0.585938 0.730469 0.585938 0.726562 0.582031 0.726562 0.566406 0.734375 0.558594 0.738281 0.558594 0.742188 0.554688 0.773438 0.554688 0.777344 0.550781 0.777344 0.535156 0.781250 0.531250 0.785156 0.531250 0.785156 0.523438 0.781250 0.523438 0.777344 0.519531 0.777344 0.492188 0.785156 0.484375 0.828125 0.484375 0.828125 0.480469 0.832031 0.476562 0.843750 0.476562 0.843750 0.468750 0.839844 0.464844 0.839844 0.421875 0.843750 0.417969 0.843750 0.410156 0.835938 0.410156 0.832031 0.406250 0.828125 0.406250 0.824219 0.402344 0.820312 0.402344 0.816406 0.398438 0.812500 0.398438 0.808594 0.394531 0.808594 0.375000 0.816406 0.367188 0.820312 0.367188 0.824219 0.363281 0.824219 0.351562 0.828125 0.347656 0.832031 0.347656 0.843750 0.335938 0.843750 0.324219 0.832031 0.324219 0.828125 0.320312 0.816406 0.320312 0.812500 0.324219 0.796875 0.324219 0.792969 0.320312 0.792969 0.312500 0.789062 0.308594 0.785156 0.308594 0.781250 0.304688 0.773438 0.304688 0.769531 0.308594 0.765625 0.308594 0.765625 0.316406 0.777344 0.316406 0.785156 0.324219 0.800781 0.324219 0.804688 0.328125 0.804688 0.359375 0.800781 0.363281 0.800781 0.382812 0.796875 0.386719 0.773438 0.386719 0.769531 0.382812 0.769531 0.378906 0.765625 0.375000 0.757812 0.375000 0.753906 0.378906 0.753906 0.414062 0.746094 0.421875 0.742188 0.421875 0.738281 0.425781 0.730469 0.425781 0.726562 0.429688 0.718750 0.429688 0.718750 0.445312 0.714844 0.449219 0.710938 0.449219 0.707031 0.453125 0.691406 0.453125 0.687500 0.457031 0.683594 0.457031 0.683594 0.476562 0.679688 0.480469 0.679688 0.503906 0.675781 0.507812 0.667969 0.507812 0.667969 0.527344 0.664062 0.531250 0.644531 0.531250 0.636719 0.523438 0.636719 0.519531 0.632812 0.515625 0.632812 0.511719 0.625000 0.511719 0.625000 0.515625 0.621094 0.519531 0.617188 0.519531 0.613281 0.523438 0.613281 0.535156 0.609375 0.539062 0.585938 0.539062 0.582031 0.535156 0.582031 0.531250 0.578125 0.527344 0.578125 0.519531 0.546875 0.519531 0.542969 0.515625 0.523438 0.515625 0.519531 0.511719 0.519531 0.492188 0.523438 0.488281 0.523438 0.460938 0.511719 0.460938 0.507812 0.457031 0.507812 0.429688 0.503906 0.429688 0.500000 0.425781 0.500000 0.421875 0.496094 0.417969 0.496094 0.402344 0.500000 0.398438 0.531250 0.398438 0.531250 0.390625 0.511719 0.390625 0.507812 0.386719 0.507812 0.382812 0.496094 0.382812 0.488281 0.375000 0.488281 0.359375 0.500000 0.347656 0.500000 0.335938 0.503906 0.332031 0.519531 0.332031 0.523438 0.335938 0.523438 0.339844 0.527344 0.343750 0.527344 0.347656 0.531250 0.351562 0.546875 0.351562 0.546875 0.343750 0.535156 0.332031 0.535156 0.328125 0.531250 0.324219 0.527344 0.324219 0.523438 0.320312 0.523438 0.261719 0.527344 0.257812 0.531250 0.257812 0.531250 0.253906 0.539062 0.246094 0.546875 0.246094 0.546875 0.242188 0.554688 0.234375 0.570312 0.234375 0.574219 0.230469 0.605469 0.230469 0.609375 0.226562 0.609375 0.214844 0.593750 0.214844 0.589844 0.210938 0.589844 0.207031 0.582031 0.207031 0.578125 0.203125 0.570312 0.203125 0.566406 0.199219 0.562500 0.199219 0.558594 0.195312
5 0.324219 0.191406 0.320312 0.195312 0.320312 0.203125 0.332031 0.203125 0.332031 0.191406
5 0.460938 0.144531 0.460938 0.160156 0.457031 0.164062 0.457031 0.179688 0.453125 0.183594 0.453125 0.195312 0.464844 0.195312 0.464844 0.191406 0.468750 0.187500 0.472656 0.187500 0.472656 0.183594 0.476562 0.179688 0.476562 0.171875 0.480469 0.167969 0.480469 0.148438 0.472656 0.148438 0.468750 0.144531
5 0.582031 0.074219 0.582031 0.085938 0.578125 0.089844 0.574219 0.089844 0.574219 0.101562 0.578125 0.105469 0.582031 0.105469 0.585938 0.109375 0.585938 0.117188 0.589844 0.117188 0.593750 0.121094 0.593750 0.132812 0.597656 0.136719 0.601562 0.136719 0.605469 0.140625 0.605469 0.171875 0.601562 0.175781 0.593750 0.175781 0.593750 0.183594 0.597656 0.183594 0.601562 0.187500 0.613281 0.187500 0.613281 0.183594 0.617188 0.179688 0.617188 0.175781 0.621094 0.171875 0.632812 0.171875 0.632812 0.167969 0.636719 0.164062 0.640625 0.164062 0.640625 0.160156 0.644531 0.156250 0.644531 0.121094 0.640625 0.121094 0.632812 0.113281 0.632812 0.109375 0.628906 0.105469 0.628906 0.097656 0.625000 0.097656 0.617188 0.089844 0.617188 0.085938 0.605469 0.085938 0.601562 0.082031 0.601562 0.078125 0.593750 0.078125 0.589844 0.074219
