5 0.734375 0.906250 0.734375 0.921875 0.730469 0.925781 0.707031 0.925781 0.703125 0.929688 0.703125 0.937500 0.707031 0.937500 0.710938 0.941406 0.710938 0.945312 0.718750 0.945312 0.722656 0.949219 0.742188 0.949219 0.746094 0.945312 0.757812 0.945312 0.757812 0.929688 0.746094 0.929688 0.742188 0.925781 0.742188 0.906250
5 0.308594 0.871094 0.308594 0.882812 0.304688 0.886719 0.304688 0.894531 0.312500 0.894531 0.312500 0.890625 0.316406 0.886719 0.316406 0.871094
5 0.695312 0.847656 0.695312 0.855469 0.707031 0.867188 0.707031 0.875000 0.714844 0.875000 0.714844 0.863281 0.710938 0.859375 0.710938 0.851562 0.707031 0.847656
5 0.746094 0.824219 0.746094 0.839844 0.742188 0.843750 0.742188 0.851562 0.765625 0.851562 0.765625 0.835938 0.761719 0.835938 0.753906 0.828125 0.753906 0.824219
5 0.621094 0.824219 0.621094 0.832031 0.617188 0.835938 0.605469 0.835938 0.605469 0.847656 0.609375 0.847656 0.613281 0.851562 0.628906 0.851562 0.632812 0.855469 0.660156 0.855469 0.660156 0.843750 0.652344 0.843750 0.648438 0.839844 0.648438 0.824219
5 0.476562 0.773438 0.472656 0.777344 0.464844 0.777344 0.460938 0.781250 0.460938 0.816406 0.453125 0.824219 0.449219 0.824219 0.449219 0.839844 0.445312 0.843750 0.433594 0.843750 0.433594 0.851562 0.437500 0.851562 0.441406 0.855469 0.441406 0.863281 0.445312 0.863281 0.449219 0.867188 0.449219 0.871094 0.457031 0.871094 0.464844 0.878906 0.492188 0.878906 0.500000 0.886719 0.500000 0.890625 0.523438 0.890625 0.527344 0.894531 0.531250 0.894531 0.535156 0.898438 0.535156 0.902344 0.562500 0.902344 0.574219 0.914062 0.593750 0.914062 0.593750 0.902344 0.585938 0.902344 0.578125 0.894531 0.574219 0.894531 0.566406 0.886719 0.550781 0.886719 0.546875 0.882812 0.535156 0.882812 0.523438 0.871094 0.523438 0.820312 0.492188 0.820312 0.484375 0.812500 0.484375 0.808594 0.480469 0.804688 0.480469 0.785156 0.484375 0.781250 0.488281 0.781250 0.488281 0.773438
5 0.843750 0.671875 0.843750 0.683594 0.863281 0.683594 0.863281 0.675781 0.855469 0.675781 0.851562 0.671875
5 0.890625 0.527344 0.890625 0.546875 0.886719 0.550781 0.882812 0.550781 0.878906 0.554688 0.863281 0.554688 0.859375 0.550781 0.859375 0.535156 0.851562 0.535156 0.851562 0.546875 0.847656 0.550781 0.847656 0.558594 0.863281 0.558594 0.867188 0.562500 0.867188 0.578125 0.886719 0.578125 0.886719 0.574219 0.890625 0.570312 0.906250 0.570312 0.906250 0.562500 0.902344 0.558594 0.902344 0.554688 0.898438 0.550781 0.898438 0.527344
5 0.585938 0.492188 0.585938 0.503906 0.597656 0.503906 0.597656 0.492188
5 0.199219 0.492188 0.199219 0.511719 0.210938 0.511719 0.210938 0.492188
5 0.898438 0.488281 0.898438 0.500000 0.906250 0.500000 0.906250 0.488281
5 0.539062 0.488281 0.539062 0.500000 0.546875 0.500000 0.546875 0.488281
5 0.550781 0.445312 0.546875 0.449219 0.535156 0.449219 0.531250 0.453125 0.531250 0.460938 0.546875 0.460938 0.550781 0.464844 0.554688 0.464844 0.558594 0.468750 0.558594 0.480469 0.574219 0.480469 0.574219 0.472656 0.578125 0.468750 0.589844 0.468750 0.589844 0.457031 0.578125 0.457031 0.570312 0.449219 0.570312 0.445312
5 0.132812 0.394531 0.132812 0.406250 0.128906 0.410156 0.125000 0.410156 0.125000 0.414062 0.121094 0.417969 0.117188 0.417969 0.117188 0.425781 0.132812 0.425781 0.136719 0.429688 0.136719 0.437500 0.148438 0.437500 0.148438 0.414062 0.152344 0.410156 0.160156 0.410156 0.160156 0.402344 0.152344 0.394531
5 0.808594 0.203125 0.804688 0.207031 0.804688 0.210938 0.796875 0.218750 0.781250 0.218750 0.781250 0.222656 0.777344 0.226562 0.773438 0.226562 0.773438 0.230469 0.769531 0.234375 0.769531 0.257812 0.765625 0.261719 0.765625 0.277344 0.781250 0.277344 0.785156 0.273438 0.800781 0.273438 0.804688 0.277344 0.804688 0.281250 0.808594 0.285156 0.808594 0.292969 0.812500 0.296875 0.812500 0.324219 0.808594 0.328125 0.785156 0.328125 0.785156 0.335938 0.789062 0.335938 0.792969 0.339844 0.792969 0.355469 0.789062 0.359375 0.761719 0.359375 0.757812 0.363281 0.742188 0.363281 0.738281 0.359375 0.738281 0.347656 0.734375 0.343750 0.734375 0.324219 0.738281 0.320312 0.761719 0.320312 0.761719 0.292969 0.753906 0.292969 0.742188 0.304688 0.734375 0.304688 0.730469 0.308594 0.710938 0.308594 0.707031 0.312500 0.707031 0.320312 0.710938 0.324219 0.710938 0.328125 0.714844 0.332031 0.714844 0.355469 0.710938 0.359375 0.710938 0.378906 0.707031 0.382812 0.699219 0.382812 0.699219 0.390625 0.714844 0.390625 0.714844 0.371094 0.722656 0.363281 0.750000 0.363281 0.753906 0.367188 0.753906 0.375000 0.761719 0.375000 0.765625 0.378906 0.765625 0.398438 0.761719 0.402344 0.753906 0.402344 0.753906 0.414062 0.765625 0.414062 0.769531 0.417969 0.785156 0.417969 0.785156 0.382812 0.789062 0.378906 0.792969 0.378906 0.796875 0.375000 0.796875 0.363281 0.800781 0.359375 0.804688 0.359375 0.804688 0.339844 0.808594 0.335938 0.820312 0.335938 0.824219 0.332031 0.843750 0.332031 0.847656 0.328125 0.847656 0.324219 0.855469 0.316406 0.855469 0.300781 0.851562 0.296875 0.851562 0.292969 0.828125 0.292969 0.824219 0.289062 0.824219 0.285156 0.820312 0.281250 0.820312 0.273438 0.804688 0.273438 0.800781 0.269531 0.800781 0.250000 0.804688 0.246094 0.804688 0.242188 0.812500 0.234375 0.824219 0.234375 0.828125 0.230469 0.832031 0.230469 0.832031 0.226562 0.835938 0.222656 0.839844 0.222656 0.839844 0.214844 0.835938 0.210938 0.832031 0.210938 0.828125 0.207031 0.824219 0.207031 0.820312 0.203125
5 0.320312 0.187500 0.316406 0.191406 0.316406 0.207031 0.312500 0.210938 0.308594 0.210938 0.308594 0.222656 0.316406 0.222656 0.320312 0.226562 0.335938 0.226562 0.339844 0.230469 0.339844 0.234375 0.343750 0.234375 0.347656 0.238281 0.347656 0.246094 0.355469 0.246094 0.355469 0.238281 0.359375 0.234375 0.378906 0.234375 0.378906 0.226562 0.363281 0.226562 0.359375 0.222656 0.359375 0.203125 0.355469 0.199219 0.343750 0.199219 0.339844 0.195312 0.339844 0.191406 0.335938 0.187500
5 0.773438 0.136719 0.769531 0.140625 0.765625 0.140625 0.761719 0.144531 0.757812 0.144531 0.753906 0.148438 0.753906 0.164062 0.750000 0.167969 0.734375 0.167969 0.730469 0.164062 0.726562 0.164062 0.718750 0.156250 0.699219 0.156250 0.699219 0.191406 0.695312 0.195312 0.648438 0.195312 0.644531 0.191406 0.632812 0.191406 0.625000 0.183594 0.617188 0.183594 0.613281 0.187500 0.613281 0.195312 0.605469 0.203125 0.601562 0.203125 0.582031 0.222656 0.574219 0.222656 0.574219 0.226562 0.570312 0.230469 0.566406 0.230469 0.566406 0.242188 0.570312 0.246094 0.570312 0.261719 0.566406 0.265625 0.558594 0.265625 0.554688 0.269531 0.554688 0.281250 0.546875 0.289062 0.546875 0.292969 0.542969 0.296875 0.542969 0.316406 0.539062 0.320312 0.531250 0.320312 0.531250 0.332031 0.527344 0.335938 0.527344 0.343750 0.531250 0.347656 0.531250 0.367188 0.535156 0.371094 0.535156 0.386719 0.542969 0.394531 0.554688 0.394531 0.558594 0.398438 0.558594 0.410156 0.562500 0.414062 0.562500 0.417969 0.566406 0.421875 0.574219 0.421875 0.578125 0.425781 0.578125 0.429688 0.601562 0.429688 0.605469 0.433594 0.605469 0.437500 0.613281 0.437500 0.617188 0.441406 0.617188 0.449219 0.628906 0.449219 0.628906 0.441406 0.625000 0.437500 0.625000 0.406250 0.621094 0.402344 0.621094 0.382812 0.625000 0.378906 0.656250 0.378906 0.656250 0.367188 0.664062 0.359375 0.667969 0.359375 0.671875 0.355469 0.679688 0.355469 0.679688 0.347656 0.675781 0.347656 0.671875 0.343750 0.671875 0.339844 0.667969 0.335938 0.667969 0.324219 0.664062 0.320312 0.656250 0.320312 0.652344 0.316406 0.652344 0.257812 0.656250 0.253906 0.660156 0.253906 0.660156 0.250000 0.667969 0.242188 0.671875 0.242188 0.671875 0.214844 0.675781 0.210938 0.687500 0.210938 0.687500 0.199219 0.691406 0.195312 0.707031 0.195312 0.710938 0.199219 0.718750 0.199219 0.722656 0.203125 0.734375 0.203125 0.734375 0.199219 0.742188 0.191406 0.753906 0.191406 0.757812 0.187500 0.781250 0.187500 0.781250 0.183594 0.785156 0.179688 0.785156 0.171875 0.781250 0.167969 0.781250 0.152344 0.785156 0.148438 0.789062 0.148438 0.789062 0.140625 0.785156 0.136719
5 0.484375 0.117188 0.484375 0.121094 0.480469 0.125000 0.468750 0.125000 0.457031 0.136719 0.437500 0.136719 0.437500 0.164062 0.441406 0.164062 0.445312 0.167969 0.445312 0.171875 0.453125 0.179688 0.453125 0.195312 0.460938 0.203125 0.460938 0.218750 0.457031 0.222656 0.441406 0.222656 0.441406 0.234375 0.437500 0.238281 0.425781 0.238281 0.425781 0.242188 0.421875 0.246094 0.421875 0.261719 0.425781 0.265625 0.425781 0.277344 0.429688 0.277344 0.437500 0.285156 0.437500 0.332031 0.433594 0.335938 0.402344 0.335938 0.398438 0.332031 0.398438 0.324219 0.394531 0.320312 0.394531 0.292969 0.371094 0.292969 0.367188 0.289062 0.367188 0.277344 0.355469 0.277344 0.351562 0.273438 0.335938 0.273438 0.332031 0.269531 0.332031 0.261719 0.312500 0.261719 0.308594 0.257812 0.308594 0.246094 0.261719 0.246094 0.261719 0.273438 0.257812 0.277344 0.250000 0.277344 0.250000 0.296875 0.242188 0.304688 0.230469 0.304688 0.230469 0.324219 0.226562 0.328125 0.226562 0.335938 0.222656 0.339844 0.203125 0.339844 0.191406 0.351562 0.187500 0.351562 0.187500 0.355469 0.183594 0.359375 0.167969 0.359375 0.167969 0.367188 0.187500 0.367188 0.191406 0.371094 0.191406 0.386719 0.183594 0.394531 0.183594 0.402344 0.187500 0.406250 0.187500 0.410156 0.191406 0.410156 0.195312 0.414062 0.195312 0.417969 0.214844 0.417969 0.218750 0.421875 0.222656 0.421875 0.226562 0.425781 0.226562 0.449219 0.230469 0.453125 0.230469 0.457031 0.238281 0.464844 0.238281 0.480469 0.261719 0.480469 0.265625 0.484375 0.265625 0.519531 0.261719 0.523438 0.246094 0.523438 0.246094 0.531250 0.242188 0.535156 0.242188 0.539062 0.238281 0.542969 0.234375 0.542969 0.230469 0.546875 0.218750 0.546875 0.218750 0.566406 0.214844 0.570312 0.214844 0.578125 0.230469 0.578125 0.234375 0.582031 0.242188 0.582031 0.250000 0.589844 0.250000 0.601562 0.261719 0.601562 0.265625 0.605469 0.328125 0.605469 0.332031 0.601562 0.355469 0.601562 0.359375 0.605469 0.359375 0.609375 0.363281 0.613281 0.363281 0.621094 0.367188 0.621094 0.371094 0.625000 0.371094 0.644531 0.402344 0.644531 0.406250 0.648438 0.406250 0.675781 0.402344 0.679688 0.402344 0.683594 0.398438 0.687500 0.375000 0.687500 0.371094 0.683594 0.371094 0.671875 0.367188 0.667969 0.351562 0.667969 0.351562 0.671875 0.347656 0.675781 0.347656 0.683594 0.343750 0.687500 0.328125 0.687500 0.324219 0.683594 0.324219 0.667969 0.320312 0.664062 0.320312 0.660156 0.316406 0.656250 0.300781 0.656250 0.296875 0.660156 0.292969 0.660156 0.289062 0.664062 0.281250 0.664062 0.277344 0.667969 0.257812 0.667969 0.253906 0.664062 0.214844 0.664062 0.214844 0.667969 0.210938 0.671875 0.207031 0.671875 0.207031 0.675781 0.203125 0.679688 0.171875 0.679688 0.167969 0.675781 0.167969 0.664062 0.160156 0.664062 0.156250 0.667969 0.140625 0.667969 0.132812 0.660156 0.125000 0.660156 0.125000 0.667969 0.128906 0.671875 0.132812 0.671875 0.136719 0.675781 0.136719 0.703125 0.132812 0.707031 0.132812 0.714844 0.152344 0.714844 0.156250 0.718750 0.156250 0.742188 0.160156 0.742188 0.164062 0.746094 0.164062 0.769531 0.160156 0.773438 0.160156 0.785156 0.164062 0.785156 0.167969 0.789062 0.167969 0.804688 0.175781 0.812500 0.175781 0.816406 0.187500 0.816406 0.187500 0.808594 0.191406 0.804688 0.218750 0.804688 0.222656 0.808594 0.222656 0.812500 0.230469 0.812500 0.230469 0.804688 0.234375 0.800781 0.242188 0.800781 0.242188 0.792969 0.238281 0.789062 0.238281 0.761719 0.242188 0.757812 0.250000 0.757812 0.250000 0.750000 0.246094 0.746094 0.246094 0.726562 0.250000 0.722656 0.281250 0.722656 0.285156 0.718750 0.289062 0.718750 0.292969 0.714844 0.328125 0.714844 0.332031 0.718750 0.332031 0.742188 0.328125 0.746094 0.328125 0.757812 0.335938 0.765625 0.335938 0.789062 0.332031 0.792969 0.328125 0.792969 0.328125 0.800781 0.332031 0.804688 0.332031 0.820312 0.328125 0.824219 0.328125 0.832031 0.332031 0.835938 0.332031 0.855469 0.335938 0.855469 0.339844 0.859375 0.339844 0.863281 0.347656 0.863281 0.347656 0.847656 0.351562 0.843750 0.359375 0.843750 0.363281 0.839844 0.375000 0.839844 0.375000 0.835938 0.382812 0.828125 0.390625 0.828125 0.390625 0.816406 0.402344 0.804688 0.406250 0.804688 0.410156 0.800781 0.421875 0.800781 0.425781 0.796875 0.425781 0.785156 0.417969 0.777344 0.417969 0.750000 0.421875 0.746094 0.425781 0.746094 0.425781 0.734375 0.417969 0.734375 0.414062 0.730469 0.414062 0.722656 0.410156 0.722656 0.406250 0.718750 0.406250 0.710938 0.402344 0.707031 0.402344 0.691406 0.406250 0.687500 0.414062 0.687500 0.421875 0.679688 0.425781 0.679688 0.429688 0.675781 0.445312 0.675781 0.449219 0.679688 0.472656 0.679688 0.476562 0.683594 0.476562 0.687500 0.480469 0.691406 0.480469 0.699219 0.484375 0.699219 0.488281 0.703125 0.503906 0.703125 0.507812 0.707031 0.507812 0.710938 0.515625 0.710938 0.515625 0.707031 0.519531 0.703125 0.539062 0.703125 0.546875 0.710938 0.546875 0.718750 0.550781 0.722656 0.554688 0.722656 0.558594 0.726562 0.574219 0.726562 0.578125 0.730469 0.578125 0.753906 0.574219 0.757812 0.574219 0.765625 0.578125 0.765625 0.582031 0.769531 0.582031 0.785156 0.578125 0.789062 0.578125 0.800781 0.582031 0.804688 0.601562 0.804688 0.605469 0.808594 0.605469 0.812500 0.617188 0.812500 0.617188 0.777344 0.621094 0.773438 0.621094 0.765625 0.601562 0.765625 0.597656 0.761719 0.597656 0.746094 0.601562 0.742188 0.640625 0.742188 0.644531 0.738281 0.664062 0.738281 0.664062 0.730469 0.648438 0.730469 0.644531 0.726562 0.644531 0.695312 0.636719 0.687500 0.613281 0.687500 0.609375 0.691406 0.593750 0.691406 0.582031 0.679688 0.582031 0.640625 0.585938 0.636719 0.613281 0.636719 0.617188 0.640625 0.664062 0.640625 0.667969 0.644531 0.667969 0.648438 0.687500 0.648438 0.691406 0.652344 0.691406 0.687500 0.687500 0.691406 0.675781 0.691406 0.675781 0.703125 0.679688 0.703125 0.683594 0.707031 0.687500 0.707031 0.695312 0.714844 0.695312 0.726562 0.703125 0.726562 0.707031 0.730469 0.710938 0.730469 0.714844 0.734375 0.722656 0.734375 0.722656 0.730469 0.726562 0.726562 0.742188 0.726562 0.746094 0.730469 0.746094 0.734375 0.753906 0.734375 0.757812 0.738281 0.757812 0.757812 0.761719 0.761719 0.765625 0.761719 0.769531 0.765625 0.769531 0.789062 0.765625 0.792969 0.765625 0.800781 0.789062 0.800781 0.792969 0.804688 0.792969 0.812500 0.808594 0.812500 0.812500 0.816406 0.812500 0.839844 0.808594 0.843750 0.808594 0.851562 0.804688 0.855469 0.804688 0.859375 0.800781 0.863281 0.785156 0.863281 0.781250 0.859375 0.781250 0.855469 0.773438 0.855469 0.773438 0.867188 0.781250 0.867188 0.785156 0.871094 0.792969 0.871094 0.796875 0.875000 0.796875 0.894531 0.800781 0.898438 0.800781 0.914062 0.812500 0.914062 0.816406 0.910156 0.816406 0.890625 0.820312 0.886719 0.832031 0.886719 0.832031 0.871094 0.835938 0.867188 0.835938 0.863281 0.839844 0.859375 0.867188 0.859375 0.871094 0.855469 0.875000 0.855469 0.875000 0.847656 0.867188 0.847656 0.863281 0.843750 0.863281 0.820312 0.867188 0.816406 0.867188 0.808594 0.855469 0.808594 0.851562 0.804688 0.851562 0.800781 0.843750 0.800781 0.839844 0.796875 0.839844 0.792969 0.828125 0.792969 0.824219 0.789062 0.824219 0.761719 0.828125 0.757812 0.843750 0.757812 0.843750 0.734375 0.847656 0.730469 0.847656 0.718750 0.843750 0.718750 0.839844 0.714844 0.839844 0.699219 0.816406 0.699219 0.812500 0.695312 0.812500 0.675781 0.808594 0.671875 0.808594 0.664062 0.796875 0.664062 0.792969 0.667969 0.792969 0.671875 0.789062 0.675781 0.757812 0.675781 0.753906 0.671875 0.750000 0.671875 0.742188 0.664062 0.742188 0.644531 0.746094 0.640625 0.750000 0.640625 0.750000 0.625000 0.753906 0.621094 0.761719 0.621094 0.765625 0.617188 0.765625 0.601562 0.769531 0.597656 0.796875 0.597656 0.800781 0.601562 0.804688 0.601562 0.808594 0.605469 0.816406 0.605469 0.816406 0.585938 0.800781 0.585938 0.796875 0.582031 0.796875 0.562500 0.800781 0.558594 0.824219 0.558594 0.824219 0.511719 0.820312 0.507812 0.808594 0.507812 0.804688 0.503906 0.804688 0.488281 0.781250 0.488281 0.777344 0.492188 0.765625 0.492188 0.765625 0.503906 0.761719 0.507812 0.761719 0.511719 0.757812 0.515625 0.750000 0.515625 0.746094 0.519531 0.746094 0.523438 0.742188 0.527344 0.738281 0.527344 0.738281 0.546875 0.734375 0.550781 0.726562 0.550781 0.726562 0.558594 0.722656 0.562500 0.718750 0.562500 0.707031 0.574219 0.707031 0.578125 0.703125 0.582031 0.679688 0.582031 0.679688 0.585938 0.675781 0.589844 0.648438 0.589844 0.648438 0.593750 0.644531 0.597656 0.609375 0.597656 0.605469 0.601562 0.605469 0.605469 0.601562 0.609375 0.593750 0.609375 0.589844 0.613281 0.582031 0.613281 0.582031 0.621094 0.578125 0.625000 0.574219 0.625000 0.574219 0.628906 0.570312 0.632812 0.550781 0.632812 0.546875 0.628906 0.542969 0.628906 0.539062 0.625000 0.539062 0.617188 0.535156 0.617188 0.527344 0.609375 0.527344 0.589844 0.531250 0.585938 0.535156 0.585938 0.535156 0.578125 0.539062 0.574219 0.542969 0.574219 0.542969 0.566406 0.535156 0.566406 0.519531 0.550781 0.496094 0.550781 0.496094 0.554688 0.492188 0.558594 0.488281 0.558594 0.484375 0.562500 0.468750 0.562500 0.464844 0.558594 0.464844 0.554688 0.453125 0.554688 0.449219 0.550781 0.441406 0.550781 0.437500 0.554688 0.421875 0.554688 0.417969 0.550781 0.417969 0.531250 0.410156 0.523438 0.410156 0.507812 0.414062 0.503906 0.414062 0.496094 0.417969 0.492188 0.417969 0.480469 0.414062 0.476562 0.414062 0.460938 0.417969 0.457031 0.441406 0.457031 0.441406 0.449219 0.445312 0.445312 0.453125 0.445312 0.453125 0.441406 0.457031 0.437500 0.457031 0.417969 0.460938 0.414062 0.472656 0.414062 0.472656 0.410156 0.476562 0.406250 0.480469 0.406250 0.480469 0.394531 0.445312 0.394531 0.441406 0.390625 0.441406 0.367188 0.437500 0.363281 0.437500 0.343750 0.441406 0.339844 0.457031 0.339844 0.457031 0.335938 0.460938 0.332031 0.468750 0.332031 0.468750 0.328125 0.472656 0.324219 0.472656 0.269531 0.476562 0.265625 0.480469 0.265625 0.480469 0.250000 0.484375 0.246094 0.484375 0.242188 0.492188 0.234375 0.496094 0.234375 0.496094 0.230469 0.500000 0.226562 0.500000 0.218750 0.496094 0.214844 0.496094 0.179688 0.476562 0.179688 0.472656 0.175781 0.472656 0.156250 0.476562 0.152344 0.492188 0.152344 0.500000 0.160156 0.500000 0.171875 0.511719 0.171875 0.515625 0.167969 0.519531 0.167969 0.519531 0.156250 0.515625 0.152344 0.515625 0.148438 0.511719 0.148438 0.507812 0.144531 0.496094 0.144531 0.492188 0.140625 0.492188 0.117188
