5 0.218750 0.921875 0.210938 0.929688 0.183594 0.929688 0.179688 0.933594 0.171875 0.933594 0.171875 0.937500 0.167969 0.941406 0.160156 0.941406 0.160156 0.949219 0.167969 0.949219 0.167969 0.945312 0.171875 0.941406 0.191406 0.941406 0.195312 0.945312 0.195312 0.949219 0.203125 0.949219 0.203125 0.945312 0.207031 0.941406 0.226562 0.941406 0.230469 0.937500 0.230469 0.933594 0.234375 0.929688 0.234375 0.921875
5 0.105469 0.914062 0.101562 0.917969 0.101562 0.933594 0.109375 0.941406 0.125000 0.941406 0.125000 0.933594 0.121094 0.933594 0.117188 0.929688 0.117188 0.917969 0.113281 0.914062
5 0.070312 0.835938 0.070312 0.843750 0.066406 0.847656 0.066406 0.867188 0.078125 0.867188 0.078125 0.835938
5 0.925781 0.746094 0.925781 0.750000 0.921875 0.753906 0.917969 0.753906 0.917969 0.761719 0.921875 0.761719 0.925781 0.765625 0.925781 0.781250 0.917969 0.789062 0.906250 0.789062 0.906250 0.792969 0.902344 0.796875 0.902344 0.804688 0.917969 0.804688 0.921875 0.808594 0.929688 0.808594 0.929688 0.800781 0.933594 0.796875 0.933594 0.789062 0.941406 0.781250 0.941406 0.773438 0.937500 0.773438 0.933594 0.769531 0.933594 0.746094
5 0.042969 0.695312 0.039062 0.699219 0.031250 0.699219 0.031250 0.714844 0.027344 0.718750 0.023438 0.718750 0.023438 0.746094 0.031250 0.753906 0.042969 0.753906 0.042969 0.738281 0.046875 0.734375 0.054688 0.734375 0.058594 0.730469 0.062500 0.730469 0.062500 0.718750 0.066406 0.714844 0.082031 0.714844 0.085938 0.710938 0.085938 0.695312 0.078125 0.695312 0.074219 0.699219 0.058594 0.699219 0.054688 0.695312
5 0.914062 0.675781 0.914062 0.683594 0.921875 0.683594 0.921875 0.675781
5 0.941406 0.617188 0.937500 0.621094 0.925781 0.621094 0.925781 0.632812 0.921875 0.636719 0.921875 0.648438 0.933594 0.648438 0.937500 0.652344 0.937500 0.667969 0.945312 0.667969 0.949219 0.671875 0.949219 0.691406 0.953125 0.695312 0.953125 0.710938 0.949219 0.714844 0.949219 0.722656 0.945312 0.726562 0.937500 0.726562 0.937500 0.734375 0.949219 0.734375 0.949219 0.726562 0.953125 0.722656 0.957031 0.722656 0.957031 0.707031 0.964844 0.699219 0.968750 0.699219 0.968750 0.687500 0.972656 0.683594 0.972656 0.675781 0.968750 0.671875 0.968750 0.667969 0.964844 0.667969 0.957031 0.660156 0.957031 0.640625 0.960938 0.636719 0.972656 0.636719 0.972656 0.628906 0.953125 0.628906 0.949219 0.625000 0.949219 0.617188
5 0.199219 0.363281 0.199219 0.371094 0.207031 0.371094 0.207031 0.363281
5 0.140625 0.335938 0.136719 0.339844 0.136719 0.359375 0.156250 0.359375 0.160156 0.363281 0.171875 0.363281 0.175781 0.359375 0.179688 0.359375 0.179688 0.351562 0.175781 0.351562 0.167969 0.343750 0.164062 0.343750 0.160156 0.339844 0.156250 0.339844 0.152344 0.335938
5 0.457031 0.125000 0.457031 0.136719 0.453125 0.140625 0.429688 0.140625 0.425781 0.144531 0.421875 0.144531 0.421875 0.156250 0.417969 0.160156 0.417969 0.171875 0.414062 0.175781 0.414062 0.210938 0.441406 0.210938 0.445312 0.214844 0.445312 0.234375 0.453125 0.234375 0.457031 0.230469 0.472656 0.230469 0.476562 0.226562 0.507812 0.226562 0.511719 0.222656 0.527344 0.222656 0.531250 0.226562 0.531250 0.238281 0.535156 0.242188 0.542969 0.242188 0.546875 0.238281 0.546875 0.230469 0.542969 0.226562 0.542969 0.222656 0.535156 0.222656 0.531250 0.218750 0.531250 0.195312 0.535156 0.191406 0.585938 0.191406 0.589844 0.187500 0.589844 0.179688 0.585938 0.175781 0.582031 0.175781 0.578125 0.171875 0.570312 0.171875 0.566406 0.175781 0.542969 0.175781 0.539062 0.171875 0.539062 0.156250 0.527344 0.156250 0.523438 0.152344 0.511719 0.152344 0.507812 0.148438 0.500000 0.148438 0.500000 0.160156 0.503906 0.160156 0.507812 0.164062 0.515625 0.164062 0.519531 0.167969 0.519531 0.187500 0.515625 0.191406 0.503906 0.191406 0.503906 0.195312 0.500000 0.199219 0.496094 0.199219 0.492188 0.203125 0.472656 0.203125 0.472656 0.207031 0.468750 0.210938 0.449219 0.210938 0.445312 0.207031 0.445312 0.191406 0.449219 0.187500 0.453125 0.187500 0.453125 0.156250 0.457031 0.152344 0.472656 0.152344 0.476562 0.148438 0.476562 0.136719 0.472656 0.136719 0.468750 0.132812 0.468750 0.125000
