5 0.328125 0.851562 0.328125 0.859375 0.324219 0.863281 0.312500 0.863281 0.312500 0.875000 0.316406 0.875000 0.320312 0.878906 0.320312 0.882812 0.335938 0.882812 0.339844 0.886719 0.339844 0.890625 0.343750 0.894531 0.343750 0.906250 0.347656 0.910156 0.347656 0.925781 0.343750 0.929688 0.339844 0.929688 0.335938 0.933594 0.332031 0.933594 0.328125 0.937500 0.304688 0.937500 0.300781 0.933594 0.285156 0.933594 0.281250 0.929688 0.281250 0.921875 0.269531 0.910156 0.242188 0.910156 0.238281 0.906250 0.238281 0.898438 0.234375 0.894531 0.234375 0.890625 0.230469 0.886719 0.218750 0.886719 0.210938 0.878906 0.203125 0.878906 0.203125 0.886719 0.207031 0.890625 0.207031 0.898438 0.210938 0.898438 0.218750 0.906250 0.222656 0.906250 0.226562 0.910156 0.234375 0.910156 0.238281 0.914062 0.238281 0.917969 0.242188 0.921875 0.242188 0.925781 0.246094 0.929688 0.250000 0.929688 0.253906 0.933594 0.253906 0.937500 0.285156 0.937500 0.289062 0.941406 0.289062 0.945312 0.296875 0.945312 0.300781 0.949219 0.300781 0.953125 0.308594 0.953125 0.312500 0.949219 0.312500 0.945312 0.316406 0.941406 0.343750 0.941406 0.347656 0.937500 0.347656 0.921875 0.351562 0.917969 0.371094 0.917969 0.375000 0.914062 0.394531 0.914062 0.394531 0.910156 0.398438 0.906250 0.398438 0.902344 0.402344 0.898438 0.406250 0.898438 0.406250 0.886719 0.402344 0.882812 0.402344 0.878906 0.394531 0.878906 0.394531 0.882812 0.390625 0.886719 0.375000 0.886719 0.371094 0.882812 0.347656 0.882812 0.343750 0.878906 0.343750 0.851562
5 0.160156 0.824219 0.160156 0.832031 0.167969 0.832031 0.167969 0.824219
5 0.148438 0.785156 0.148438 0.796875 0.156250 0.796875 0.156250 0.785156
5 0.675781 0.781250 0.671875 0.785156 0.664062 0.785156 0.656250 0.792969 0.656250 0.800781 0.652344 0.804688 0.648438 0.804688 0.648438 0.808594 0.644531 0.812500 0.636719 0.812500 0.636719 0.816406 0.632812 0.820312 0.628906 0.820312 0.628906 0.828125 0.640625 0.828125 0.644531 0.832031 0.644531 0.835938 0.656250 0.835938 0.660156 0.839844 0.660156 0.843750 0.679688 0.843750 0.683594 0.847656 0.683594 0.855469 0.687500 0.855469 0.691406 0.859375 0.714844 0.859375 0.718750 0.863281 0.718750 0.867188 0.726562 0.867188 0.726562 0.859375 0.722656 0.855469 0.722656 0.820312 0.726562 0.816406 0.750000 0.816406 0.750000 0.804688 0.746094 0.804688 0.742188 0.800781 0.742188 0.796875 0.734375 0.796875 0.730469 0.792969 0.726562 0.792969 0.722656 0.789062 0.722656 0.781250
5 0.890625 0.777344 0.886719 0.781250 0.882812 0.781250 0.882812 0.789062 0.878906 0.792969 0.871094 0.792969 0.871094 0.800781 0.890625 0.800781 0.894531 0.796875 0.894531 0.792969 0.898438 0.789062 0.898438 0.777344
5 0.613281 0.777344 0.609375 0.781250 0.609375 0.789062 0.625000 0.789062 0.625000 0.781250 0.621094 0.777344
5 0.332031 0.773438 0.324219 0.781250 0.320312 0.781250 0.316406 0.785156 0.296875 0.785156 0.292969 0.781250 0.285156 0.781250 0.281250 0.785156 0.281250 0.789062 0.277344 0.792969 0.277344 0.804688 0.281250 0.804688 0.285156 0.808594 0.285156 0.828125 0.304688 0.828125 0.304688 0.824219 0.308594 0.820312 0.316406 0.820312 0.320312 0.816406 0.343750 0.816406 0.355469 0.828125 0.367188 0.828125 0.371094 0.824219 0.375000 0.824219 0.386719 0.812500 0.386719 0.808594 0.390625 0.804688 0.410156 0.804688 0.410156 0.789062 0.390625 0.789062 0.386719 0.785156 0.386719 0.781250 0.382812 0.781250 0.378906 0.777344 0.367188 0.777344 0.363281 0.781250 0.347656 0.781250 0.343750 0.777344 0.343750 0.773438
5 0.304688 0.710938 0.300781 0.714844 0.296875 0.714844 0.296875 0.742188 0.292969 0.746094 0.289062 0.746094 0.285156 0.750000 0.285156 0.757812 0.304688 0.757812 0.308594 0.753906 0.308594 0.730469 0.312500 0.726562 0.316406 0.726562 0.316406 0.714844 0.312500 0.710938
5 0.132812 0.703125 0.132812 0.742188 0.140625 0.742188 0.140625 0.734375 0.152344 0.722656 0.152344 0.714844 0.148438 0.714844 0.140625 0.707031 0.140625 0.703125
5 0.808594 0.675781 0.804688 0.679688 0.777344 0.679688 0.773438 0.683594 0.773438 0.687500 0.769531 0.691406 0.757812 0.691406 0.757812 0.707031 0.753906 0.710938 0.753906 0.718750 0.757812 0.718750 0.761719 0.722656 0.773438 0.722656 0.773438 0.718750 0.777344 0.714844 0.777344 0.699219 0.781250 0.695312 0.781250 0.691406 0.785156 0.687500 0.804688 0.687500 0.808594 0.691406 0.808594 0.695312 0.816406 0.695312 0.820312 0.699219 0.820312 0.714844 0.816406 0.718750 0.812500 0.718750 0.812500 0.722656 0.804688 0.730469 0.800781 0.730469 0.800781 0.734375 0.796875 0.738281 0.792969 0.738281 0.792969 0.753906 0.785156 0.761719 0.781250 0.761719 0.781250 0.769531 0.785156 0.773438 0.785156 0.789062 0.792969 0.789062 0.792969 0.781250 0.796875 0.777344 0.812500 0.777344 0.816406 0.781250 0.816406 0.789062 0.820312 0.792969 0.820312 0.796875 0.828125 0.796875 0.835938 0.804688 0.847656 0.804688 0.851562 0.808594 0.851562 0.812500 0.859375 0.812500 0.859375 0.804688 0.847656 0.804688 0.843750 0.800781 0.843750 0.781250 0.847656 0.777344 0.847656 0.761719 0.851562 0.757812 0.851562 0.726562 0.855469 0.722656 0.855469 0.718750 0.859375 0.714844 0.875000 0.714844 0.875000 0.703125 0.863281 0.703125 0.859375 0.699219 0.859375 0.695312 0.847656 0.695312 0.847656 0.699219 0.843750 0.703125 0.828125 0.703125 0.824219 0.699219 0.824219 0.687500 0.820312 0.683594 0.820312 0.675781
5 0.671875 0.605469 0.671875 0.609375 0.667969 0.613281 0.667969 0.621094 0.664062 0.625000 0.664062 0.636719 0.660156 0.640625 0.648438 0.640625 0.644531 0.644531 0.625000 0.644531 0.621094 0.648438 0.617188 0.648438 0.617188 0.664062 0.621094 0.667969 0.621094 0.675781 0.648438 0.675781 0.652344 0.679688 0.664062 0.679688 0.667969 0.683594 0.699219 0.683594 0.703125 0.687500 0.703125 0.691406 0.714844 0.691406 0.718750 0.687500 0.730469 0.687500 0.730469 0.683594 0.734375 0.679688 0.734375 0.667969 0.730469 0.667969 0.726562 0.664062 0.726562 0.660156 0.722656 0.660156 0.714844 0.652344 0.714844 0.640625 0.710938 0.636719 0.710938 0.632812 0.699219 0.632812 0.695312 0.628906 0.695312 0.613281 0.691406 0.613281 0.687500 0.609375 0.687500 0.605469
5 0.109375 0.593750 0.109375 0.632812 0.117188 0.632812 0.117188 0.621094 0.121094 0.617188 0.125000 0.617188 0.125000 0.609375 0.121094 0.605469 0.121094 0.601562 0.117188 0.597656 0.117188 0.593750
5 0.105469 0.535156 0.105469 0.539062 0.101562 0.542969 0.101562 0.570312 0.109375 0.570312 0.109375 0.562500 0.113281 0.558594 0.113281 0.554688 0.117188 0.550781 0.117188 0.539062 0.113281 0.535156
5 0.371094 0.480469 0.371094 0.500000 0.367188 0.503906 0.359375 0.503906 0.359375 0.531250 0.355469 0.535156 0.339844 0.535156 0.335938 0.531250 0.335938 0.527344 0.324219 0.527344 0.320312 0.523438 0.320312 0.519531 0.312500 0.519531 0.312500 0.523438 0.308594 0.527344 0.296875 0.527344 0.289062 0.535156 0.285156 0.535156 0.281250 0.539062 0.261719 0.539062 0.257812 0.535156 0.246094 0.535156 0.246094 0.539062 0.242188 0.542969 0.230469 0.542969 0.230469 0.558594 0.226562 0.562500 0.214844 0.562500 0.210938 0.566406 0.203125 0.566406 0.203125 0.593750 0.207031 0.593750 0.210938 0.597656 0.214844 0.597656 0.218750 0.601562 0.218750 0.605469 0.230469 0.605469 0.230469 0.601562 0.234375 0.597656 0.238281 0.597656 0.238281 0.582031 0.246094 0.574219 0.261719 0.574219 0.265625 0.578125 0.265625 0.582031 0.281250 0.582031 0.285156 0.585938 0.285156 0.605469 0.277344 0.613281 0.277344 0.628906 0.273438 0.632812 0.261719 0.632812 0.261719 0.636719 0.257812 0.640625 0.253906 0.640625 0.253906 0.652344 0.250000 0.656250 0.234375 0.656250 0.230469 0.652344 0.222656 0.652344 0.218750 0.656250 0.218750 0.667969 0.214844 0.671875 0.214844 0.679688 0.207031 0.687500 0.199219 0.687500 0.195312 0.691406 0.187500 0.691406 0.183594 0.695312 0.171875 0.695312 0.167969 0.699219 0.167969 0.710938 0.207031 0.710938 0.207031 0.703125 0.218750 0.691406 0.222656 0.691406 0.226562 0.687500 0.230469 0.687500 0.230469 0.671875 0.234375 0.667969 0.238281 0.667969 0.238281 0.660156 0.242188 0.656250 0.265625 0.656250 0.265625 0.652344 0.269531 0.648438 0.285156 0.648438 0.285156 0.644531 0.289062 0.640625 0.320312 0.640625 0.324219 0.636719 0.324219 0.628906 0.316406 0.628906 0.308594 0.621094 0.308594 0.617188 0.300781 0.609375 0.300781 0.605469 0.296875 0.605469 0.292969 0.601562 0.292969 0.593750 0.289062 0.593750 0.285156 0.589844 0.285156 0.574219 0.289062 0.570312 0.300781 0.570312 0.300781 0.562500 0.304688 0.558594 0.304688 0.539062 0.308594 0.535156 0.343750 0.535156 0.347656 0.539062 0.347656 0.542969 0.367188 0.542969 0.371094 0.546875 0.382812 0.546875 0.386719 0.550781 0.386719 0.566406 0.382812 0.570312 0.382812 0.574219 0.375000 0.582031 0.375000 0.589844 0.378906 0.593750 0.410156 0.593750 0.414062 0.597656 0.421875 0.597656 0.425781 0.601562 0.425781 0.605469 0.433594 0.613281 0.433594 0.632812 0.429688 0.636719 0.425781 0.636719 0.421875 0.640625 0.398438 0.640625 0.398438 0.648438 0.402344 0.652344 0.410156 0.652344 0.417969 0.660156 0.417969 0.664062 0.421875 0.667969 0.421875 0.683594 0.417969 0.687500 0.414062 0.687500 0.410156 0.691406 0.375000 0.691406 0.371094 0.687500 0.371094 0.679688 0.367188 0.675781 0.363281 0.675781 0.359375 0.671875 0.359375 0.667969 0.351562 0.667969 0.351562 0.671875 0.347656 0.675781 0.343750 0.675781 0.343750 0.683594 0.339844 0.687500 0.339844 0.699219 0.343750 0.699219 0.351562 0.707031 0.351562 0.730469 0.359375 0.730469 0.363281 0.734375 0.363281 0.738281 0.371094 0.738281 0.375000 0.742188 0.375000 0.750000 0.386719 0.750000 0.386719 0.726562 0.375000 0.726562 0.371094 0.722656 0.371094 0.703125 0.375000 0.699219 0.398438 0.699219 0.402344 0.703125 0.402344 0.710938 0.437500 0.710938 0.441406 0.707031 0.441406 0.675781 0.445312 0.671875 0.460938 0.671875 0.464844 0.675781 0.464844 0.679688 0.472656 0.687500 0.472656 0.691406 0.476562 0.695312 0.480469 0.695312 0.484375 0.699219 0.484375 0.707031 0.488281 0.707031 0.492188 0.710938 0.492188 0.718750 0.500000 0.726562 0.500000 0.746094 0.496094 0.750000 0.496094 0.757812 0.511719 0.757812 0.515625 0.761719 0.515625 0.765625 0.523438 0.773438 0.523438 0.777344 0.527344 0.781250 0.527344 0.785156 0.535156 0.785156 0.535156 0.773438 0.527344 0.765625 0.527344 0.753906 0.523438 0.753906 0.519531 0.750000 0.519531 0.734375 0.523438 0.730469 0.523438 0.718750 0.527344 0.714844 0.527344 0.710938 0.531250 0.707031 0.539062 0.707031 0.546875 0.699219 0.550781 0.699219 0.554688 0.695312 0.558594 0.695312 0.562500 0.691406 0.566406 0.691406 0.566406 0.683594 0.562500 0.683594 0.558594 0.679688 0.558594 0.660156 0.539062 0.660156 0.535156 0.656250 0.535156 0.625000 0.542969 0.617188 0.542969 0.601562 0.515625 0.601562 0.511719 0.605469 0.464844 0.605469 0.460938 0.601562 0.460938 0.585938 0.464844 0.582031 0.464844 0.570312 0.460938 0.566406 0.460938 0.562500 0.453125 0.562500 0.449219 0.558594 0.449219 0.546875 0.445312 0.546875 0.437500 0.539062 0.429688 0.539062 0.421875 0.531250 0.406250 0.531250 0.402344 0.527344 0.394531 0.527344 0.390625 0.523438 0.390625 0.519531 0.386719 0.515625 0.378906 0.515625 0.375000 0.511719 0.375000 0.492188 0.378906 0.488281 0.378906 0.480469
5 0.742188 0.464844 0.742188 0.468750 0.738281 0.472656 0.738281 0.480469 0.753906 0.480469 0.753906 0.464844
5 0.117188 0.453125 0.117188 0.476562 0.125000 0.476562 0.125000 0.453125
5 0.789062 0.421875 0.789062 0.437500 0.785156 0.441406 0.765625 0.441406 0.765625 0.449219 0.785156 0.449219 0.789062 0.453125 0.789062 0.464844 0.792969 0.468750 0.792969 0.492188 0.789062 0.496094 0.757812 0.496094 0.757812 0.503906 0.753906 0.507812 0.753906 0.519531 0.757812 0.523438 0.757812 0.542969 0.769531 0.542969 0.773438 0.546875 0.796875 0.546875 0.800781 0.550781 0.800781 0.554688 0.808594 0.554688 0.808594 0.546875 0.812500 0.542969 0.812500 0.535156 0.816406 0.531250 0.816406 0.503906 0.824219 0.496094 0.832031 0.496094 0.832031 0.492188 0.835938 0.488281 0.835938 0.476562 0.851562 0.460938 0.851562 0.441406 0.855469 0.437500 0.855469 0.421875 0.847656 0.421875 0.843750 0.425781 0.824219 0.425781 0.820312 0.421875
5 0.691406 0.390625 0.683594 0.398438 0.675781 0.398438 0.675781 0.410156 0.691406 0.410156 0.695312 0.406250 0.695312 0.402344 0.699219 0.398438 0.707031 0.398438 0.707031 0.390625
5 0.777344 0.363281 0.773438 0.367188 0.769531 0.367188 0.765625 0.371094 0.761719 0.371094 0.761719 0.375000 0.757812 0.378906 0.753906 0.378906 0.753906 0.386719 0.750000 0.390625 0.746094 0.390625 0.742188 0.394531 0.730469 0.394531 0.730469 0.402344 0.746094 0.402344 0.750000 0.398438 0.753906 0.398438 0.753906 0.394531 0.757812 0.390625 0.773438 0.390625 0.773438 0.386719 0.777344 0.382812 0.781250 0.382812 0.781250 0.378906 0.785156 0.375000 0.789062 0.375000 0.789062 0.363281
5 0.101562 0.332031 0.101562 0.386719 0.105469 0.390625 0.105469 0.394531 0.113281 0.394531 0.113281 0.363281 0.109375 0.359375 0.109375 0.332031
5 0.742188 0.320312 0.742188 0.328125 0.746094 0.332031 0.769531 0.332031 0.773438 0.328125 0.773438 0.320312
5 0.230469 0.316406 0.226562 0.320312 0.203125 0.320312 0.203125 0.355469 0.199219 0.359375 0.191406 0.359375 0.191406 0.363281 0.187500 0.367188 0.183594 0.367188 0.183594 0.378906 0.187500 0.382812 0.187500 0.398438 0.191406 0.402344 0.195312 0.402344 0.199219 0.406250 0.199219 0.417969 0.203125 0.417969 0.207031 0.421875 0.207031 0.425781 0.226562 0.425781 0.230469 0.429688 0.253906 0.429688 0.257812 0.433594 0.257812 0.460938 0.261719 0.464844 0.261719 0.468750 0.281250 0.468750 0.281250 0.445312 0.285156 0.441406 0.312500 0.441406 0.316406 0.445312 0.332031 0.445312 0.335938 0.449219 0.335938 0.468750 0.367188 0.468750 0.367188 0.457031 0.363281 0.453125 0.363281 0.433594 0.371094 0.425781 0.378906 0.425781 0.386719 0.417969 0.390625 0.417969 0.394531 0.414062 0.394531 0.410156 0.402344 0.402344 0.406250 0.402344 0.406250 0.390625 0.394531 0.390625 0.394531 0.394531 0.390625 0.398438 0.363281 0.398438 0.363281 0.406250 0.359375 0.410156 0.332031 0.410156 0.328125 0.406250 0.316406 0.406250 0.312500 0.402344 0.292969 0.402344 0.292969 0.410156 0.289062 0.414062 0.253906 0.414062 0.250000 0.410156 0.250000 0.402344 0.246094 0.398438 0.246094 0.386719 0.242188 0.382812 0.242188 0.378906 0.234375 0.378906 0.230469 0.375000 0.230469 0.367188 0.222656 0.367188 0.218750 0.363281 0.218750 0.343750 0.222656 0.339844 0.242188 0.339844 0.246094 0.335938 0.281250 0.335938 0.285156 0.339844 0.285156 0.343750 0.292969 0.343750 0.296875 0.347656 0.296875 0.375000 0.308594 0.375000 0.308594 0.371094 0.312500 0.367188 0.332031 0.367188 0.335938 0.371094 0.343750 0.371094 0.343750 0.359375 0.335938 0.359375 0.332031 0.355469 0.332031 0.347656 0.328125 0.347656 0.320312 0.339844 0.320312 0.320312 0.308594 0.320312 0.308594 0.328125 0.304688 0.332031 0.277344 0.332031 0.273438 0.328125 0.253906 0.328125 0.250000 0.324219 0.250000 0.316406
5 0.789062 0.292969 0.785156 0.296875 0.781250 0.296875 0.781250 0.304688 0.792969 0.304688 0.800781 0.312500 0.800781 0.316406 0.808594 0.316406 0.812500 0.312500 0.812500 0.304688 0.800781 0.292969
5 0.574219 0.269531 0.574219 0.277344 0.582031 0.277344 0.582031 0.269531
5 0.441406 0.265625 0.437500 0.269531 0.425781 0.269531 0.425781 0.277344 0.441406 0.277344 0.445312 0.281250 0.445312 0.285156 0.449219 0.285156 0.453125 0.289062 0.453125 0.304688 0.457031 0.308594 0.468750 0.308594 0.472656 0.312500 0.472656 0.328125 0.476562 0.332031 0.492188 0.332031 0.496094 0.335938 0.496094 0.347656 0.500000 0.347656 0.503906 0.351562 0.503906 0.371094 0.515625 0.371094 0.519531 0.375000 0.527344 0.375000 0.531250 0.378906 0.531250 0.382812 0.535156 0.386719 0.535156 0.402344 0.546875 0.402344 0.554688 0.410156 0.554688 0.429688 0.550781 0.433594 0.539062 0.433594 0.535156 0.437500 0.511719 0.437500 0.507812 0.441406 0.507812 0.449219 0.503906 0.453125 0.500000 0.453125 0.500000 0.460938 0.511719 0.460938 0.515625 0.464844 0.515625 0.480469 0.511719 0.484375 0.511719 0.492188 0.515625 0.496094 0.515625 0.500000 0.519531 0.503906 0.523438 0.503906 0.527344 0.507812 0.527344 0.523438 0.531250 0.523438 0.535156 0.527344 0.535156 0.546875 0.531250 0.550781 0.519531 0.550781 0.519531 0.558594 0.531250 0.558594 0.535156 0.562500 0.535156 0.566406 0.542969 0.566406 0.546875 0.562500 0.578125 0.562500 0.582031 0.566406 0.582031 0.589844 0.589844 0.589844 0.593750 0.585938 0.621094 0.585938 0.621094 0.570312 0.617188 0.566406 0.617188 0.554688 0.601562 0.554688 0.597656 0.550781 0.597656 0.531250 0.601562 0.527344 0.628906 0.527344 0.632812 0.523438 0.632812 0.511719 0.636719 0.507812 0.660156 0.507812 0.660156 0.500000 0.664062 0.496094 0.695312 0.496094 0.699219 0.500000 0.699219 0.507812 0.703125 0.511719 0.707031 0.511719 0.710938 0.515625 0.710938 0.546875 0.707031 0.550781 0.707031 0.558594 0.703125 0.562500 0.703125 0.570312 0.707031 0.574219 0.707031 0.582031 0.718750 0.582031 0.718750 0.574219 0.730469 0.562500 0.734375 0.562500 0.734375 0.554688 0.730469 0.550781 0.730469 0.535156 0.726562 0.531250 0.726562 0.507812 0.722656 0.503906 0.722656 0.492188 0.718750 0.492188 0.714844 0.488281 0.687500 0.488281 0.683594 0.484375 0.679688 0.484375 0.675781 0.480469 0.675781 0.476562 0.671875 0.476562 0.667969 0.472656 0.652344 0.472656 0.652344 0.488281 0.648438 0.492188 0.621094 0.492188 0.617188 0.488281 0.609375 0.488281 0.605469 0.492188 0.605469 0.496094 0.601562 0.500000 0.589844 0.500000 0.582031 0.507812 0.582031 0.515625 0.578125 0.519531 0.574219 0.519531 0.570312 0.523438 0.539062 0.523438 0.535156 0.519531 0.535156 0.503906 0.542969 0.496094 0.562500 0.496094 0.562500 0.484375 0.558594 0.484375 0.554688 0.480469 0.554688 0.453125 0.558594 0.449219 0.558594 0.441406 0.562500 0.437500 0.562500 0.433594 0.566406 0.429688 0.570312 0.429688 0.570312 0.421875 0.574219 0.417969 0.605469 0.417969 0.605469 0.414062 0.609375 0.410156 0.609375 0.398438 0.605469 0.394531 0.605469 0.382812 0.601562 0.378906 0.589844 0.378906 0.585938 0.375000 0.585938 0.363281 0.582031 0.359375 0.582031 0.355469 0.578125 0.351562 0.578125 0.335938 0.582031 0.332031 0.582031 0.320312 0.566406 0.320312 0.562500 0.316406 0.562500 0.289062 0.539062 0.289062 0.535156 0.292969 0.519531 0.292969 0.511719 0.285156 0.511719 0.281250 0.507812 0.277344 0.507812 0.265625 0.500000 0.265625 0.492188 0.273438 0.464844 0.273438 0.460938 0.269531 0.457031 0.269531 0.453125 0.265625
5 0.281250 0.230469 0.277344 0.234375 0.273438 0.234375 0.269531 0.238281 0.265625 0.238281 0.261719 0.242188 0.246094 0.242188 0.238281 0.234375 0.230469 0.234375 0.230469 0.246094 0.234375 0.246094 0.238281 0.250000 0.238281 0.253906 0.253906 0.253906 0.257812 0.257812 0.257812 0.261719 0.273438 0.261719 0.277344 0.265625 0.277344 0.273438 0.296875 0.273438 0.296875 0.253906 0.300781 0.250000 0.308594 0.250000 0.308594 0.234375 0.296875 0.234375 0.292969 0.230469
5 0.671875 0.195312 0.671875 0.218750 0.664062 0.226562 0.660156 0.226562 0.656250 0.230469 0.656250 0.250000 0.667969 0.250000 0.671875 0.246094 0.683594 0.246094 0.683594 0.242188 0.687500 0.238281 0.699219 0.238281 0.703125 0.234375 0.703125 0.226562 0.699219 0.226562 0.695312 0.222656 0.695312 0.195312
5 0.300781 0.187500 0.300781 0.199219 0.304688 0.199219 0.308594 0.203125 0.308594 0.207031 0.312500 0.210938 0.332031 0.210938 0.339844 0.218750 0.339844 0.222656 0.359375 0.222656 0.363281 0.226562 0.371094 0.226562 0.371094 0.214844 0.367188 0.210938 0.367188 0.207031 0.359375 0.207031 0.351562 0.199219 0.335938 0.199219 0.332031 0.195312 0.332031 0.191406 0.328125 0.191406 0.324219 0.187500
5 0.703125 0.101562 0.703125 0.121094 0.707031 0.125000 0.707031 0.132812 0.710938 0.136719 0.710938 0.148438 0.722656 0.148438 0.722656 0.136719 0.726562 0.132812 0.726562 0.125000 0.718750 0.125000 0.714844 0.121094 0.714844 0.105469 0.710938 0.101562
5 0.609375 0.074219 0.609375 0.093750 0.605469 0.097656 0.601562 0.097656 0.601562 0.105469 0.605469 0.105469 0.609375 0.109375 0.609375 0.128906 0.605469 0.132812 0.578125 0.132812 0.574219 0.128906 0.574219 0.121094 0.570312 0.117188 0.566406 0.117188 0.562500 0.113281 0.562500 0.109375 0.558594 0.109375 0.554688 0.105469 0.554688 0.097656 0.523438 0.097656 0.515625 0.105469 0.515625 0.109375 0.511719 0.113281 0.476562 0.113281 0.472656 0.117188 0.464844 0.117188 0.464844 0.125000 0.460938 0.128906 0.460938 0.136719 0.457031 0.140625 0.453125 0.140625 0.453125 0.144531 0.449219 0.148438 0.449219 0.156250 0.476562 0.156250 0.480469 0.152344 0.503906 0.152344 0.507812 0.148438 0.527344 0.148438 0.527344 0.144531 0.531250 0.140625 0.546875 0.140625 0.550781 0.144531 0.550781 0.160156 0.546875 0.164062 0.542969 0.164062 0.542969 0.167969 0.539062 0.171875 0.535156 0.171875 0.531250 0.175781 0.531250 0.191406 0.535156 0.195312 0.539062 0.195312 0.542969 0.199219 0.542969 0.210938 0.546875 0.210938 0.550781 0.214844 0.550781 0.218750 0.554688 0.218750 0.558594 0.222656 0.558594 0.226562 0.582031 0.226562 0.585938 0.222656 0.589844 0.222656 0.593750 0.218750 0.605469 0.218750 0.609375 0.214844 0.609375 0.210938 0.613281 0.207031 0.632812 0.207031 0.640625 0.199219 0.640625 0.191406 0.636719 0.187500 0.636719 0.183594 0.632812 0.179688 0.632812 0.167969 0.625000 0.160156 0.625000 0.156250 0.621094 0.156250 0.617188 0.152344 0.617188 0.136719 0.625000 0.128906 0.640625 0.128906 0.640625 0.113281 0.636719 0.113281 0.632812 0.109375 0.613281 0.109375 0.609375 0.105469 0.609375 0.085938 0.613281 0.082031 0.617188 0.082031 0.617188 0.074219
5 0.582031 0.058594 0.582031 0.066406 0.589844 0.066406 0.589844 0.058594
