5 0.207031 0.871094 0.203125 0.875000 0.199219 0.875000 0.195312 0.878906 0.183594 0.878906 0.175781 0.886719 0.160156 0.886719 0.156250 0.882812 0.144531 0.882812 0.144531 0.894531 0.148438 0.898438 0.148438 0.906250 0.171875 0.906250 0.175781 0.910156 0.175781 0.929688 0.187500 0.929688 0.191406 0.933594 0.191406 0.953125 0.210938 0.953125 0.210938 0.945312 0.207031 0.941406 0.207031 0.937500 0.199219 0.929688 0.199219 0.925781 0.195312 0.925781 0.191406 0.921875 0.191406 0.902344 0.195312 0.898438 0.203125 0.898438 0.207031 0.894531 0.222656 0.894531 0.226562 0.890625 0.226562 0.878906 0.218750 0.878906 0.214844 0.875000 0.214844 0.871094
5 0.675781 0.796875 0.675781 0.804688 0.679688 0.808594 0.679688 0.839844 0.691406 0.839844 0.691406 0.828125 0.687500 0.824219 0.687500 0.800781 0.683594 0.796875
5 0.605469 0.792969 0.605469 0.796875 0.601562 0.800781 0.597656 0.800781 0.597656 0.812500 0.601562 0.812500 0.605469 0.816406 0.613281 0.816406 0.617188 0.812500 0.617188 0.804688 0.621094 0.800781 0.640625 0.800781 0.640625 0.792969
5 0.250000 0.750000 0.250000 0.761719 0.257812 0.761719 0.257812 0.750000
5 0.726562 0.710938 0.726562 0.757812 0.722656 0.761719 0.722656 0.769531 0.730469 0.769531 0.730469 0.753906 0.734375 0.750000 0.746094 0.750000 0.746094 0.746094 0.750000 0.742188 0.761719 0.742188 0.761719 0.730469 0.757812 0.730469 0.753906 0.726562 0.753906 0.722656 0.738281 0.722656 0.734375 0.718750 0.734375 0.710938
5 0.296875 0.695312 0.296875 0.707031 0.289062 0.714844 0.273438 0.714844 0.273438 0.734375 0.281250 0.734375 0.289062 0.742188 0.289062 0.746094 0.304688 0.746094 0.312500 0.753906 0.312500 0.757812 0.320312 0.757812 0.324219 0.753906 0.328125 0.753906 0.332031 0.750000 0.351562 0.750000 0.351562 0.726562 0.355469 0.722656 0.363281 0.722656 0.367188 0.718750 0.367188 0.710938 0.355469 0.710938 0.347656 0.703125 0.343750 0.703125 0.339844 0.699219 0.316406 0.699219 0.312500 0.695312
5 0.656250 0.648438 0.652344 0.652344 0.644531 0.652344 0.640625 0.656250 0.636719 0.656250 0.632812 0.660156 0.613281 0.660156 0.605469 0.667969 0.605469 0.675781 0.601562 0.679688 0.585938 0.679688 0.585938 0.687500 0.582031 0.691406 0.578125 0.691406 0.578125 0.695312 0.574219 0.699219 0.574219 0.714844 0.570312 0.718750 0.570312 0.722656 0.566406 0.726562 0.566406 0.730469 0.562500 0.734375 0.554688 0.734375 0.550781 0.738281 0.539062 0.738281 0.539062 0.753906 0.535156 0.757812 0.500000 0.757812 0.492188 0.765625 0.480469 0.765625 0.480469 0.773438 0.488281 0.773438 0.492188 0.777344 0.492188 0.781250 0.515625 0.781250 0.519531 0.785156 0.519531 0.804688 0.523438 0.804688 0.531250 0.812500 0.531250 0.824219 0.535156 0.824219 0.539062 0.828125 0.539062 0.832031 0.542969 0.835938 0.542969 0.839844 0.550781 0.839844 0.554688 0.835938 0.558594 0.835938 0.558594 0.832031 0.562500 0.828125 0.582031 0.828125 0.582031 0.816406 0.562500 0.816406 0.558594 0.812500 0.558594 0.773438 0.562500 0.769531 0.570312 0.769531 0.574219 0.765625 0.582031 0.765625 0.582031 0.757812 0.585938 0.753906 0.589844 0.753906 0.589844 0.750000 0.593750 0.746094 0.632812 0.746094 0.640625 0.753906 0.640625 0.769531 0.656250 0.769531 0.660156 0.773438 0.660156 0.781250 0.671875 0.781250 0.671875 0.757812 0.675781 0.753906 0.675781 0.746094 0.679688 0.742188 0.699219 0.742188 0.699219 0.738281 0.703125 0.734375 0.703125 0.726562 0.695312 0.726562 0.691406 0.722656 0.671875 0.722656 0.667969 0.718750 0.667969 0.699219 0.671875 0.695312 0.675781 0.695312 0.675781 0.683594 0.667969 0.675781 0.667969 0.648438
5 0.199219 0.648438 0.199219 0.660156 0.195312 0.664062 0.179688 0.664062 0.179688 0.667969 0.175781 0.671875 0.171875 0.671875 0.171875 0.679688 0.167969 0.683594 0.156250 0.683594 0.156250 0.707031 0.152344 0.710938 0.152344 0.722656 0.156250 0.726562 0.156250 0.757812 0.203125 0.757812 0.207031 0.753906 0.222656 0.753906 0.222656 0.726562 0.226562 0.722656 0.230469 0.722656 0.230469 0.714844 0.234375 0.710938 0.257812 0.710938 0.257812 0.683594 0.242188 0.683594 0.238281 0.679688 0.238281 0.652344 0.210938 0.652344 0.207031 0.648438
5 0.691406 0.625000 0.687500 0.628906 0.687500 0.636719 0.691406 0.636719 0.695312 0.640625 0.695312 0.644531 0.699219 0.644531 0.703125 0.648438 0.703125 0.664062 0.710938 0.664062 0.710938 0.660156 0.714844 0.656250 0.722656 0.656250 0.726562 0.652344 0.726562 0.640625 0.722656 0.636719 0.707031 0.636719 0.703125 0.632812 0.703125 0.625000
5 0.933594 0.578125 0.929688 0.582031 0.917969 0.582031 0.914062 0.585938 0.910156 0.585938 0.910156 0.589844 0.906250 0.593750 0.902344 0.593750 0.902344 0.601562 0.906250 0.605469 0.906250 0.628906 0.910156 0.632812 0.917969 0.632812 0.921875 0.628906 0.933594 0.628906 0.933594 0.625000 0.937500 0.621094 0.937500 0.597656 0.941406 0.593750 0.941406 0.578125
5 0.867188 0.562500 0.863281 0.566406 0.851562 0.566406 0.851562 0.574219 0.847656 0.578125 0.847656 0.589844 0.855469 0.589844 0.855469 0.585938 0.859375 0.582031 0.871094 0.582031 0.871094 0.578125 0.875000 0.574219 0.878906 0.574219 0.878906 0.562500
5 0.792969 0.554688 0.792969 0.558594 0.789062 0.562500 0.789062 0.589844 0.785156 0.593750 0.773438 0.593750 0.773438 0.605469 0.777344 0.609375 0.777344 0.632812 0.781250 0.636719 0.781250 0.640625 0.785156 0.640625 0.789062 0.644531 0.789062 0.648438 0.828125 0.648438 0.828125 0.628906 0.835938 0.621094 0.835938 0.609375 0.828125 0.609375 0.824219 0.605469 0.820312 0.605469 0.816406 0.601562 0.816406 0.562500 0.812500 0.558594 0.808594 0.558594 0.804688 0.554688
5 0.199219 0.542969 0.199219 0.558594 0.195312 0.562500 0.195312 0.566406 0.191406 0.570312 0.187500 0.570312 0.187500 0.578125 0.183594 0.582031 0.179688 0.582031 0.179688 0.609375 0.175781 0.613281 0.171875 0.613281 0.164062 0.621094 0.160156 0.621094 0.160156 0.632812 0.167969 0.632812 0.171875 0.628906 0.187500 0.628906 0.187500 0.625000 0.191406 0.621094 0.195312 0.621094 0.195312 0.605469 0.199219 0.601562 0.199219 0.593750 0.203125 0.589844 0.207031 0.589844 0.210938 0.585938 0.210938 0.582031 0.218750 0.574219 0.218750 0.562500 0.210938 0.554688 0.210938 0.546875 0.207031 0.542969
5 0.781250 0.523438 0.781250 0.531250 0.792969 0.531250 0.792969 0.523438
5 0.265625 0.519531 0.261719 0.523438 0.261719 0.566406 0.257812 0.570312 0.257812 0.578125 0.261719 0.578125 0.265625 0.582031 0.312500 0.582031 0.316406 0.578125 0.316406 0.574219 0.320312 0.570312 0.320312 0.562500 0.312500 0.562500 0.308594 0.566406 0.292969 0.566406 0.289062 0.562500 0.289062 0.546875 0.285156 0.542969 0.281250 0.542969 0.277344 0.539062 0.277344 0.519531
5 0.246094 0.480469 0.246094 0.492188 0.257812 0.492188 0.257812 0.480469
5 0.363281 0.417969 0.363281 0.425781 0.371094 0.425781 0.375000 0.429688 0.375000 0.453125 0.382812 0.460938 0.398438 0.460938 0.402344 0.457031 0.402344 0.441406 0.390625 0.441406 0.386719 0.437500 0.378906 0.437500 0.375000 0.433594 0.375000 0.417969
5 0.300781 0.410156 0.300781 0.417969 0.296875 0.421875 0.292969 0.421875 0.292969 0.433594 0.304688 0.433594 0.308594 0.429688 0.308594 0.425781 0.312500 0.421875 0.312500 0.414062 0.308594 0.410156
5 0.343750 0.382812 0.343750 0.394531 0.355469 0.394531 0.355469 0.382812
5 0.312500 0.351562 0.312500 0.367188 0.324219 0.367188 0.324219 0.355469 0.320312 0.351562
5 0.437500 0.265625 0.437500 0.281250 0.433594 0.285156 0.425781 0.285156 0.425781 0.324219 0.433594 0.324219 0.437500 0.328125 0.437500 0.359375 0.433594 0.363281 0.414062 0.363281 0.414062 0.371094 0.410156 0.375000 0.410156 0.386719 0.406250 0.390625 0.406250 0.398438 0.414062 0.406250 0.414062 0.421875 0.437500 0.421875 0.441406 0.425781 0.441406 0.445312 0.445312 0.449219 0.445312 0.457031 0.449219 0.460938 0.449219 0.500000 0.445312 0.503906 0.437500 0.503906 0.433594 0.507812 0.433594 0.511719 0.429688 0.515625 0.421875 0.515625 0.421875 0.523438 0.417969 0.527344 0.406250 0.527344 0.406250 0.535156 0.410156 0.539062 0.417969 0.539062 0.417969 0.527344 0.421875 0.523438 0.437500 0.523438 0.441406 0.527344 0.441406 0.542969 0.437500 0.546875 0.425781 0.546875 0.425781 0.562500 0.433594 0.562500 0.437500 0.558594 0.453125 0.558594 0.457031 0.562500 0.457031 0.582031 0.460938 0.585938 0.460938 0.589844 0.464844 0.589844 0.468750 0.593750 0.488281 0.593750 0.492188 0.597656 0.492188 0.617188 0.488281 0.621094 0.464844 0.621094 0.464844 0.628906 0.468750 0.632812 0.468750 0.691406 0.464844 0.695312 0.460938 0.695312 0.460938 0.699219 0.457031 0.703125 0.445312 0.703125 0.445312 0.722656 0.437500 0.730469 0.417969 0.730469 0.414062 0.734375 0.406250 0.734375 0.406250 0.738281 0.398438 0.746094 0.386719 0.746094 0.382812 0.750000 0.378906 0.750000 0.378906 0.757812 0.382812 0.761719 0.382812 0.765625 0.386719 0.769531 0.386719 0.785156 0.375000 0.796875 0.375000 0.804688 0.367188 0.812500 0.363281 0.812500 0.363281 0.847656 0.359375 0.851562 0.355469 0.851562 0.351562 0.855469 0.335938 0.855469 0.332031 0.859375 0.312500 0.859375 0.308594 0.855469 0.300781 0.855469 0.292969 0.863281 0.289062 0.863281 0.289062 0.898438 0.296875 0.906250 0.308594 0.906250 0.312500 0.910156 0.320312 0.910156 0.320312 0.902344 0.324219 0.898438 0.324219 0.882812 0.328125 0.878906 0.343750 0.878906 0.347656 0.882812 0.347656 0.890625 0.355469 0.890625 0.355469 0.871094 0.359375 0.867188 0.367188 0.867188 0.371094 0.863281 0.371094 0.855469 0.375000 0.851562 0.375000 0.847656 0.378906 0.843750 0.386719 0.843750 0.386719 0.824219 0.390625 0.820312 0.390625 0.800781 0.394531 0.796875 0.394531 0.777344 0.398438 0.773438 0.414062 0.773438 0.417969 0.777344 0.429688 0.777344 0.433594 0.773438 0.437500 0.773438 0.441406 0.769531 0.441406 0.753906 0.449219 0.746094 0.449219 0.742188 0.453125 0.738281 0.457031 0.738281 0.457031 0.730469 0.460938 0.726562 0.464844 0.726562 0.464844 0.718750 0.468750 0.714844 0.480469 0.714844 0.484375 0.710938 0.484375 0.707031 0.488281 0.703125 0.492188 0.703125 0.519531 0.675781 0.519531 0.671875 0.531250 0.660156 0.535156 0.660156 0.539062 0.656250 0.542969 0.656250 0.542969 0.648438 0.550781 0.640625 0.554688 0.640625 0.558594 0.636719 0.570312 0.636719 0.570312 0.628906 0.574219 0.625000 0.578125 0.625000 0.578125 0.609375 0.582031 0.605469 0.582031 0.593750 0.585938 0.589844 0.593750 0.589844 0.597656 0.585938 0.621094 0.585938 0.625000 0.589844 0.636719 0.589844 0.636719 0.582031 0.632812 0.582031 0.628906 0.578125 0.628906 0.562500 0.632812 0.558594 0.636719 0.558594 0.644531 0.550781 0.660156 0.550781 0.667969 0.558594 0.667969 0.582031 0.675781 0.589844 0.691406 0.589844 0.691406 0.585938 0.695312 0.582031 0.695312 0.578125 0.699219 0.574219 0.699219 0.566406 0.695312 0.562500 0.695312 0.558594 0.679688 0.558594 0.675781 0.554688 0.675781 0.542969 0.671875 0.542969 0.667969 0.539062 0.667969 0.519531 0.652344 0.519531 0.648438 0.515625 0.648438 0.500000 0.652344 0.496094 0.656250 0.496094 0.660156 0.492188 0.671875 0.492188 0.675781 0.488281 0.679688 0.488281 0.687500 0.480469 0.699219 0.480469 0.699219 0.472656 0.679688 0.472656 0.675781 0.468750 0.675781 0.406250 0.679688 0.402344 0.683594 0.402344 0.687500 0.398438 0.703125 0.398438 0.707031 0.402344 0.707031 0.410156 0.714844 0.410156 0.714844 0.394531 0.718750 0.390625 0.726562 0.390625 0.726562 0.382812 0.714844 0.382812 0.710938 0.378906 0.710938 0.335938 0.691406 0.335938 0.691406 0.347656 0.687500 0.351562 0.683594 0.351562 0.683594 0.359375 0.675781 0.367188 0.671875 0.367188 0.667969 0.371094 0.660156 0.371094 0.660156 0.378906 0.664062 0.382812 0.664062 0.386719 0.667969 0.386719 0.675781 0.394531 0.675781 0.417969 0.671875 0.421875 0.664062 0.421875 0.664062 0.433594 0.660156 0.437500 0.636719 0.437500 0.632812 0.433594 0.609375 0.433594 0.605469 0.429688 0.605469 0.425781 0.597656 0.425781 0.597656 0.441406 0.605469 0.441406 0.609375 0.445312 0.609375 0.460938 0.605469 0.464844 0.601562 0.464844 0.597656 0.468750 0.597656 0.480469 0.593750 0.484375 0.593750 0.488281 0.589844 0.492188 0.582031 0.492188 0.582031 0.507812 0.585938 0.511719 0.593750 0.511719 0.597656 0.515625 0.597656 0.535156 0.589844 0.542969 0.566406 0.542969 0.558594 0.550781 0.554688 0.550781 0.550781 0.554688 0.535156 0.554688 0.531250 0.550781 0.531250 0.542969 0.515625 0.542969 0.515625 0.554688 0.523438 0.554688 0.527344 0.558594 0.527344 0.589844 0.523438 0.593750 0.488281 0.593750 0.484375 0.589844 0.484375 0.570312 0.480469 0.570312 0.476562 0.566406 0.476562 0.542969 0.480469 0.539062 0.480469 0.531250 0.484375 0.527344 0.507812 0.527344 0.507812 0.523438 0.511719 0.519531 0.511719 0.503906 0.507812 0.503906 0.500000 0.496094 0.496094 0.496094 0.492188 0.492188 0.492188 0.476562 0.496094 0.472656 0.500000 0.472656 0.500000 0.464844 0.496094 0.460938 0.496094 0.449219 0.480469 0.449219 0.476562 0.445312 0.476562 0.441406 0.472656 0.441406 0.468750 0.437500 0.464844 0.437500 0.460938 0.433594 0.460938 0.410156 0.464844 0.406250 0.488281 0.406250 0.488281 0.394531 0.492188 0.390625 0.500000 0.390625 0.500000 0.375000 0.503906 0.371094 0.507812 0.371094 0.507812 0.359375 0.511719 0.355469 0.535156 0.355469 0.535156 0.347656 0.539062 0.343750 0.546875 0.343750 0.546875 0.339844 0.550781 0.335938 0.558594 0.335938 0.558594 0.304688 0.562500 0.300781 0.566406 0.300781 0.566406 0.289062 0.562500 0.289062 0.558594 0.285156 0.550781 0.285156 0.546875 0.281250 0.539062 0.281250 0.539062 0.289062 0.535156 0.292969 0.515625 0.292969 0.511719 0.296875 0.484375 0.296875 0.484375 0.308594 0.480469 0.312500 0.460938 0.312500 0.457031 0.308594 0.457031 0.292969 0.460938 0.289062 0.476562 0.289062 0.476562 0.281250 0.457031 0.281250 0.453125 0.277344 0.453125 0.273438 0.449219 0.273438 0.445312 0.269531 0.445312 0.265625
5 0.218750 0.238281 0.214844 0.242188 0.210938 0.242188 0.207031 0.246094 0.207031 0.250000 0.203125 0.253906 0.187500 0.253906 0.183594 0.257812 0.148438 0.257812 0.148438 0.265625 0.164062 0.281250 0.164062 0.285156 0.167969 0.289062 0.175781 0.289062 0.179688 0.285156 0.179688 0.273438 0.183594 0.269531 0.214844 0.269531 0.214844 0.265625 0.222656 0.257812 0.222656 0.250000 0.226562 0.246094 0.230469 0.246094 0.230469 0.238281
5 0.753906 0.187500 0.750000 0.191406 0.738281 0.191406 0.738281 0.199219 0.734375 0.203125 0.714844 0.203125 0.714844 0.207031 0.710938 0.210938 0.710938 0.218750 0.714844 0.222656 0.722656 0.222656 0.722656 0.218750 0.730469 0.210938 0.730469 0.207031 0.734375 0.203125 0.750000 0.203125 0.753906 0.199219 0.761719 0.199219 0.761719 0.187500
5 0.605469 0.179688 0.605469 0.187500 0.621094 0.187500 0.628906 0.195312 0.628906 0.207031 0.632812 0.207031 0.640625 0.214844 0.640625 0.234375 0.636719 0.238281 0.636719 0.242188 0.632812 0.246094 0.632812 0.253906 0.636719 0.257812 0.636719 0.265625 0.640625 0.265625 0.644531 0.269531 0.644531 0.285156 0.652344 0.285156 0.652344 0.265625 0.656250 0.261719 0.667969 0.261719 0.671875 0.257812 0.671875 0.234375 0.667969 0.230469 0.667969 0.218750 0.664062 0.218750 0.656250 0.210938 0.656250 0.207031 0.652344 0.203125 0.652344 0.195312 0.648438 0.191406 0.648438 0.187500 0.644531 0.183594 0.636719 0.183594 0.632812 0.179688
5 0.789062 0.167969 0.785156 0.171875 0.781250 0.171875 0.777344 0.175781 0.777344 0.183594 0.804688 0.183594 0.804688 0.179688 0.808594 0.175781 0.812500 0.175781 0.812500 0.167969
5 0.371094 0.125000 0.371094 0.132812 0.382812 0.132812 0.382812 0.125000
5 0.468750 0.019531 0.468750 0.031250 0.472656 0.035156 0.472656 0.062500 0.476562 0.062500 0.480469 0.066406 0.480469 0.089844 0.476562 0.093750 0.449219 0.093750 0.445312 0.089844 0.441406 0.089844 0.437500 0.085938 0.437500 0.082031 0.433594 0.078125 0.417969 0.078125 0.417969 0.085938 0.414062 0.089844 0.414062 0.105469 0.410156 0.109375 0.410156 0.121094 0.414062 0.125000 0.441406 0.125000 0.445312 0.128906 0.445312 0.136719 0.449219 0.140625 0.449219 0.164062 0.445312 0.167969 0.441406 0.167969 0.437500 0.171875 0.429688 0.171875 0.429688 0.179688 0.425781 0.183594 0.425781 0.191406 0.433594 0.191406 0.437500 0.187500 0.445312 0.187500 0.445312 0.183594 0.449219 0.179688 0.449219 0.167969 0.453125 0.164062 0.457031 0.164062 0.464844 0.156250 0.464844 0.148438 0.468750 0.144531 0.472656 0.144531 0.472656 0.125000 0.476562 0.121094 0.476562 0.109375 0.480469 0.105469 0.480469 0.097656 0.484375 0.093750 0.492188 0.093750 0.492188 0.085938 0.496094 0.082031 0.500000 0.082031 0.503906 0.078125 0.503906 0.062500 0.507812 0.058594 0.507812 0.039062 0.503906 0.035156 0.484375 0.035156 0.480469 0.031250 0.480469 0.019531
