5 0.261719 0.808594 0.261719 0.832031 0.265625 0.832031 0.269531 0.835938 0.269531 0.847656 0.277344 0.847656 0.281250 0.843750 0.281250 0.832031 0.277344 0.832031 0.273438 0.828125 0.273438 0.812500 0.269531 0.808594
5 0.234375 0.781250 0.230469 0.785156 0.226562 0.785156 0.222656 0.789062 0.203125 0.789062 0.203125 0.796875 0.207031 0.800781 0.207031 0.804688 0.214844 0.804688 0.218750 0.800781 0.234375 0.800781 0.238281 0.804688 0.250000 0.804688 0.250000 0.781250
5 0.265625 0.761719 0.265625 0.777344 0.273438 0.777344 0.277344 0.781250 0.277344 0.785156 0.289062 0.785156 0.289062 0.773438 0.285156 0.773438 0.277344 0.765625 0.277344 0.761719
5 0.566406 0.734375 0.566406 0.742188 0.574219 0.742188 0.574219 0.734375
5 0.605469 0.718750 0.605469 0.726562 0.613281 0.726562 0.613281 0.718750
5 0.835938 0.710938 0.832031 0.714844 0.816406 0.714844 0.812500 0.718750 0.812500 0.742188 0.808594 0.746094 0.808594 0.753906 0.816406 0.753906 0.828125 0.742188 0.828125 0.730469 0.832031 0.726562 0.843750 0.726562 0.847656 0.722656 0.855469 0.722656 0.855469 0.710938
5 0.675781 0.707031 0.675781 0.722656 0.679688 0.722656 0.683594 0.726562 0.683594 0.730469 0.699219 0.730469 0.703125 0.734375 0.718750 0.734375 0.722656 0.730469 0.722656 0.714844 0.714844 0.714844 0.710938 0.710938 0.707031 0.710938 0.703125 0.707031
5 0.644531 0.683594 0.644531 0.691406 0.648438 0.691406 0.652344 0.695312 0.652344 0.699219 0.660156 0.699219 0.660156 0.683594
5 0.585938 0.562500 0.585938 0.570312 0.597656 0.570312 0.597656 0.562500
5 0.371094 0.488281 0.371094 0.500000 0.375000 0.503906 0.375000 0.531250 0.371094 0.535156 0.367188 0.535156 0.367188 0.542969 0.386719 0.542969 0.386719 0.531250 0.394531 0.523438 0.394531 0.511719 0.390625 0.511719 0.386719 0.507812 0.386719 0.492188 0.382812 0.488281
5 0.425781 0.363281 0.421875 0.367188 0.414062 0.367188 0.410156 0.371094 0.394531 0.371094 0.394531 0.378906 0.406250 0.378906 0.417969 0.390625 0.417969 0.406250 0.421875 0.410156 0.421875 0.433594 0.417969 0.437500 0.414062 0.437500 0.410156 0.441406 0.402344 0.441406 0.402344 0.464844 0.417969 0.464844 0.425781 0.472656 0.433594 0.472656 0.437500 0.468750 0.437500 0.464844 0.441406 0.460938 0.445312 0.460938 0.445312 0.441406 0.453125 0.433594 0.453125 0.410156 0.457031 0.406250 0.460938 0.406250 0.460938 0.398438 0.453125 0.398438 0.449219 0.394531 0.449219 0.375000 0.437500 0.363281
5 0.785156 0.343750 0.785156 0.355469 0.789062 0.359375 0.789062 0.375000 0.792969 0.378906 0.792969 0.398438 0.789062 0.402344 0.785156 0.402344 0.777344 0.410156 0.777344 0.417969 0.773438 0.421875 0.773438 0.425781 0.769531 0.429688 0.746094 0.429688 0.742188 0.433594 0.726562 0.433594 0.722656 0.429688 0.722656 0.425781 0.718750 0.421875 0.718750 0.417969 0.714844 0.414062 0.714844 0.398438 0.718750 0.394531 0.718750 0.386719 0.714844 0.386719 0.707031 0.378906 0.707031 0.375000 0.691406 0.375000 0.691406 0.382812 0.687500 0.386719 0.687500 0.390625 0.683594 0.394531 0.679688 0.394531 0.679688 0.398438 0.675781 0.402344 0.671875 0.402344 0.671875 0.406250 0.664062 0.414062 0.664062 0.425781 0.660156 0.429688 0.660156 0.441406 0.667969 0.449219 0.667969 0.472656 0.664062 0.476562 0.664062 0.484375 0.671875 0.492188 0.671875 0.507812 0.667969 0.511719 0.628906 0.511719 0.625000 0.507812 0.625000 0.503906 0.609375 0.503906 0.609375 0.515625 0.613281 0.519531 0.613281 0.539062 0.640625 0.539062 0.644531 0.542969 0.644531 0.558594 0.640625 0.562500 0.640625 0.570312 0.636719 0.574219 0.632812 0.574219 0.628906 0.578125 0.625000 0.578125 0.625000 0.585938 0.617188 0.593750 0.617188 0.597656 0.613281 0.601562 0.601562 0.601562 0.601562 0.617188 0.597656 0.621094 0.593750 0.621094 0.593750 0.628906 0.597656 0.632812 0.613281 0.632812 0.617188 0.628906 0.632812 0.628906 0.636719 0.625000 0.636719 0.617188 0.640625 0.613281 0.640625 0.609375 0.644531 0.605469 0.652344 0.605469 0.660156 0.597656 0.675781 0.597656 0.675781 0.570312 0.679688 0.566406 0.679688 0.562500 0.683594 0.558594 0.699219 0.558594 0.707031 0.566406 0.707031 0.570312 0.718750 0.570312 0.722656 0.574219 0.722656 0.578125 0.730469 0.578125 0.734375 0.582031 0.734375 0.597656 0.730469 0.601562 0.726562 0.601562 0.726562 0.617188 0.722656 0.621094 0.714844 0.621094 0.710938 0.625000 0.703125 0.625000 0.703125 0.640625 0.699219 0.644531 0.687500 0.644531 0.683594 0.648438 0.671875 0.648438 0.671875 0.652344 0.667969 0.656250 0.667969 0.660156 0.664062 0.664062 0.664062 0.671875 0.671875 0.671875 0.675781 0.667969 0.675781 0.664062 0.679688 0.660156 0.734375 0.660156 0.738281 0.656250 0.785156 0.656250 0.792969 0.664062 0.792969 0.671875 0.796875 0.675781 0.804688 0.675781 0.804688 0.664062 0.808594 0.660156 0.812500 0.660156 0.812500 0.648438 0.816406 0.644531 0.839844 0.644531 0.847656 0.652344 0.859375 0.652344 0.859375 0.640625 0.863281 0.636719 0.886719 0.636719 0.890625 0.640625 0.902344 0.640625 0.902344 0.625000 0.890625 0.625000 0.886719 0.621094 0.886719 0.617188 0.882812 0.613281 0.882812 0.609375 0.875000 0.609375 0.871094 0.605469 0.871094 0.589844 0.875000 0.585938 0.886719 0.585938 0.890625 0.582031 0.910156 0.582031 0.914062 0.585938 0.914062 0.605469 0.937500 0.605469 0.937500 0.601562 0.941406 0.597656 0.941406 0.589844 0.937500 0.585938 0.933594 0.585938 0.929688 0.582031 0.929688 0.562500 0.925781 0.558594 0.925781 0.542969 0.929688 0.539062 0.929688 0.531250 0.933594 0.527344 0.937500 0.527344 0.937500 0.519531 0.917969 0.519531 0.917969 0.523438 0.914062 0.527344 0.914062 0.539062 0.917969 0.542969 0.917969 0.558594 0.914062 0.562500 0.910156 0.562500 0.906250 0.566406 0.867188 0.566406 0.859375 0.558594 0.855469 0.558594 0.851562 0.554688 0.847656 0.554688 0.843750 0.550781 0.832031 0.550781 0.828125 0.546875 0.828125 0.542969 0.820312 0.542969 0.816406 0.539062 0.812500 0.539062 0.808594 0.535156 0.808594 0.531250 0.800781 0.531250 0.800781 0.539062 0.796875 0.542969 0.785156 0.542969 0.785156 0.558594 0.781250 0.562500 0.742188 0.562500 0.738281 0.558594 0.738281 0.554688 0.695312 0.554688 0.691406 0.550781 0.691406 0.546875 0.683594 0.539062 0.683594 0.523438 0.687500 0.519531 0.687500 0.515625 0.691406 0.511719 0.691406 0.507812 0.695312 0.503906 0.710938 0.503906 0.714844 0.500000 0.714844 0.488281 0.710938 0.488281 0.707031 0.484375 0.707031 0.468750 0.718750 0.457031 0.742188 0.457031 0.746094 0.453125 0.750000 0.453125 0.753906 0.449219 0.769531 0.449219 0.773438 0.445312 0.773438 0.441406 0.777344 0.437500 0.777344 0.433594 0.781250 0.429688 0.781250 0.421875 0.785156 0.417969 0.792969 0.417969 0.792969 0.386719 0.796875 0.382812 0.800781 0.382812 0.804688 0.378906 0.804688 0.351562 0.800781 0.351562 0.796875 0.347656 0.796875 0.343750
5 0.484375 0.332031 0.484375 0.347656 0.500000 0.347656 0.503906 0.351562 0.503906 0.371094 0.507812 0.375000 0.507812 0.390625 0.503906 0.394531 0.503906 0.406250 0.507812 0.410156 0.507812 0.429688 0.503906 0.433594 0.503906 0.441406 0.511719 0.441406 0.515625 0.445312 0.515625 0.457031 0.519531 0.457031 0.523438 0.460938 0.523438 0.476562 0.519531 0.480469 0.515625 0.480469 0.503906 0.492188 0.492188 0.492188 0.492188 0.519531 0.496094 0.523438 0.496094 0.539062 0.488281 0.546875 0.472656 0.546875 0.468750 0.542969 0.468750 0.531250 0.464844 0.527344 0.464844 0.519531 0.441406 0.519531 0.433594 0.511719 0.417969 0.511719 0.417969 0.519531 0.421875 0.523438 0.421875 0.539062 0.414062 0.546875 0.410156 0.546875 0.406250 0.550781 0.394531 0.550781 0.394531 0.558594 0.402344 0.566406 0.402344 0.582031 0.398438 0.585938 0.394531 0.585938 0.394531 0.621094 0.390625 0.625000 0.386719 0.625000 0.382812 0.628906 0.359375 0.628906 0.355469 0.625000 0.355469 0.593750 0.343750 0.593750 0.339844 0.589844 0.312500 0.589844 0.308594 0.585938 0.308594 0.578125 0.296875 0.578125 0.292969 0.574219 0.289062 0.574219 0.285156 0.570312 0.285156 0.554688 0.289062 0.550781 0.289062 0.542969 0.292969 0.539062 0.292969 0.519531 0.296875 0.515625 0.296875 0.492188 0.300781 0.488281 0.300781 0.480469 0.296875 0.476562 0.296875 0.468750 0.292969 0.468750 0.289062 0.464844 0.289062 0.449219 0.292969 0.445312 0.292969 0.433594 0.296875 0.429688 0.312500 0.429688 0.316406 0.433594 0.316406 0.437500 0.320312 0.441406 0.324219 0.441406 0.328125 0.445312 0.328125 0.468750 0.335938 0.468750 0.335938 0.457031 0.343750 0.449219 0.347656 0.449219 0.347656 0.433594 0.343750 0.429688 0.343750 0.421875 0.320312 0.421875 0.316406 0.417969 0.316406 0.402344 0.304688 0.402344 0.300781 0.398438 0.300781 0.390625 0.289062 0.390625 0.289062 0.394531 0.285156 0.398438 0.269531 0.398438 0.265625 0.394531 0.265625 0.382812 0.253906 0.382812 0.253906 0.386719 0.246094 0.394531 0.246094 0.414062 0.242188 0.417969 0.238281 0.417969 0.222656 0.433594 0.222656 0.437500 0.218750 0.441406 0.218750 0.453125 0.214844 0.457031 0.207031 0.457031 0.207031 0.468750 0.203125 0.472656 0.183594 0.472656 0.183594 0.503906 0.187500 0.507812 0.191406 0.507812 0.195312 0.511719 0.195312 0.535156 0.191406 0.539062 0.156250 0.539062 0.152344 0.535156 0.152344 0.531250 0.144531 0.531250 0.144531 0.539062 0.152344 0.539062 0.156250 0.542969 0.156250 0.554688 0.160156 0.558594 0.160156 0.574219 0.152344 0.582031 0.152344 0.585938 0.148438 0.589844 0.136719 0.589844 0.136719 0.593750 0.132812 0.597656 0.109375 0.597656 0.105469 0.593750 0.105469 0.578125 0.101562 0.574219 0.101562 0.546875 0.097656 0.546875 0.093750 0.542969 0.078125 0.542969 0.078125 0.546875 0.074219 0.550781 0.074219 0.558594 0.078125 0.558594 0.082031 0.562500 0.082031 0.570312 0.085938 0.574219 0.089844 0.574219 0.093750 0.578125 0.093750 0.613281 0.089844 0.617188 0.085938 0.617188 0.085938 0.625000 0.093750 0.625000 0.093750 0.617188 0.097656 0.613281 0.113281 0.613281 0.117188 0.609375 0.121094 0.609375 0.128906 0.601562 0.144531 0.601562 0.148438 0.605469 0.148438 0.648438 0.156250 0.648438 0.160156 0.652344 0.160156 0.656250 0.167969 0.664062 0.191406 0.664062 0.199219 0.671875 0.203125 0.671875 0.207031 0.675781 0.207031 0.679688 0.210938 0.679688 0.214844 0.683594 0.214844 0.699219 0.222656 0.699219 0.222656 0.679688 0.226562 0.675781 0.238281 0.675781 0.246094 0.667969 0.250000 0.667969 0.253906 0.664062 0.261719 0.664062 0.269531 0.656250 0.277344 0.656250 0.277344 0.652344 0.281250 0.648438 0.285156 0.648438 0.285156 0.640625 0.281250 0.636719 0.265625 0.636719 0.265625 0.640625 0.261719 0.644531 0.242188 0.644531 0.238281 0.640625 0.238281 0.628906 0.234375 0.628906 0.230469 0.625000 0.214844 0.625000 0.214844 0.628906 0.210938 0.632812 0.195312 0.632812 0.191406 0.628906 0.191406 0.613281 0.195312 0.609375 0.195312 0.597656 0.191406 0.593750 0.191406 0.578125 0.179688 0.578125 0.175781 0.574219 0.175781 0.558594 0.179688 0.554688 0.183594 0.554688 0.183594 0.550781 0.187500 0.546875 0.207031 0.546875 0.214844 0.554688 0.214844 0.558594 0.218750 0.562500 0.218750 0.574219 0.222656 0.574219 0.226562 0.578125 0.226562 0.589844 0.234375 0.589844 0.238281 0.585938 0.238281 0.582031 0.242188 0.578125 0.277344 0.578125 0.281250 0.582031 0.281250 0.609375 0.285156 0.609375 0.289062 0.613281 0.289062 0.617188 0.312500 0.617188 0.316406 0.621094 0.316406 0.636719 0.320312 0.640625 0.347656 0.640625 0.351562 0.644531 0.351562 0.648438 0.355469 0.652344 0.355469 0.667969 0.351562 0.671875 0.351562 0.683594 0.347656 0.687500 0.335938 0.687500 0.332031 0.691406 0.320312 0.691406 0.320312 0.699219 0.328125 0.699219 0.339844 0.710938 0.339844 0.714844 0.355469 0.714844 0.355469 0.707031 0.363281 0.699219 0.394531 0.699219 0.398438 0.703125 0.406250 0.703125 0.410156 0.707031 0.410156 0.710938 0.414062 0.714844 0.414062 0.730469 0.417969 0.734375 0.417969 0.738281 0.441406 0.738281 0.445312 0.742188 0.460938 0.742188 0.468750 0.750000 0.468750 0.757812 0.476562 0.757812 0.480469 0.761719 0.480469 0.765625 0.484375 0.765625 0.488281 0.769531 0.488281 0.792969 0.492188 0.796875 0.492188 0.800781 0.507812 0.800781 0.511719 0.804688 0.515625 0.804688 0.519531 0.808594 0.531250 0.808594 0.531250 0.773438 0.527344 0.773438 0.523438 0.769531 0.523438 0.753906 0.527344 0.750000 0.527344 0.742188 0.523438 0.742188 0.519531 0.738281 0.519531 0.722656 0.523438 0.718750 0.527344 0.718750 0.527344 0.687500 0.523438 0.683594 0.523438 0.644531 0.527344 0.640625 0.535156 0.640625 0.535156 0.613281 0.527344 0.613281 0.519531 0.605469 0.519531 0.554688 0.523438 0.550781 0.535156 0.550781 0.535156 0.542969 0.531250 0.539062 0.531250 0.531250 0.527344 0.527344 0.527344 0.511719 0.531250 0.507812 0.558594 0.507812 0.562500 0.503906 0.578125 0.503906 0.578125 0.496094 0.582031 0.492188 0.597656 0.492188 0.597656 0.476562 0.582031 0.476562 0.578125 0.472656 0.570312 0.472656 0.566406 0.468750 0.558594 0.468750 0.554688 0.464844 0.554688 0.453125 0.550781 0.453125 0.546875 0.449219 0.542969 0.449219 0.535156 0.441406 0.535156 0.437500 0.519531 0.437500 0.515625 0.433594 0.515625 0.425781 0.511719 0.421875 0.511719 0.378906 0.515625 0.375000 0.519531 0.375000 0.519531 0.367188 0.515625 0.367188 0.511719 0.363281 0.511719 0.347656 0.515625 0.343750 0.519531 0.343750 0.519531 0.332031
5 0.722656 0.296875 0.722656 0.304688 0.726562 0.304688 0.730469 0.308594 0.730469 0.316406 0.734375 0.320312 0.734375 0.324219 0.753906 0.324219 0.757812 0.328125 0.757812 0.335938 0.765625 0.335938 0.765625 0.324219 0.757812 0.324219 0.753906 0.320312 0.753906 0.312500 0.750000 0.312500 0.746094 0.308594 0.746094 0.304688 0.742188 0.304688 0.738281 0.300781 0.734375 0.300781 0.730469 0.296875
5 0.683594 0.246094 0.675781 0.253906 0.675781 0.261719 0.679688 0.261719 0.683594 0.265625 0.687500 0.265625 0.695312 0.273438 0.699219 0.273438 0.703125 0.277344 0.703125 0.285156 0.714844 0.285156 0.714844 0.265625 0.710938 0.265625 0.707031 0.261719 0.703125 0.261719 0.699219 0.257812 0.699219 0.250000 0.695312 0.250000 0.691406 0.246094
5 0.441406 0.144531 0.441406 0.148438 0.437500 0.152344 0.433594 0.152344 0.429688 0.156250 0.429688 0.160156 0.421875 0.167969 0.421875 0.171875 0.417969 0.175781 0.417969 0.187500 0.421875 0.191406 0.421875 0.199219 0.425781 0.199219 0.429688 0.203125 0.429688 0.230469 0.425781 0.234375 0.421875 0.234375 0.421875 0.246094 0.429688 0.253906 0.429688 0.265625 0.433594 0.265625 0.441406 0.273438 0.441406 0.289062 0.437500 0.292969 0.437500 0.300781 0.445312 0.300781 0.449219 0.304688 0.457031 0.304688 0.464844 0.296875 0.472656 0.296875 0.476562 0.292969 0.476562 0.289062 0.484375 0.281250 0.503906 0.281250 0.507812 0.285156 0.515625 0.285156 0.519531 0.281250 0.523438 0.281250 0.523438 0.277344 0.527344 0.273438 0.527344 0.261719 0.531250 0.257812 0.535156 0.257812 0.535156 0.234375 0.539062 0.230469 0.562500 0.230469 0.562500 0.222656 0.531250 0.222656 0.531250 0.238281 0.527344 0.242188 0.527344 0.250000 0.523438 0.253906 0.519531 0.253906 0.515625 0.257812 0.507812 0.257812 0.503906 0.261719 0.488281 0.261719 0.484375 0.265625 0.480469 0.265625 0.476562 0.269531 0.457031 0.269531 0.453125 0.265625 0.453125 0.257812 0.445312 0.257812 0.441406 0.253906 0.441406 0.238281 0.437500 0.234375 0.437500 0.218750 0.441406 0.214844 0.445312 0.214844 0.449219 0.210938 0.449219 0.203125 0.441406 0.195312 0.441406 0.179688 0.445312 0.175781 0.453125 0.175781 0.453125 0.171875 0.457031 0.167969 0.457031 0.156250 0.453125 0.152344 0.453125 0.148438 0.449219 0.144531
5 0.527344 0.109375 0.527344 0.121094 0.531250 0.121094 0.535156 0.125000 0.535156 0.144531 0.531250 0.148438 0.531250 0.164062 0.539062 0.164062 0.539062 0.160156 0.550781 0.148438 0.558594 0.148438 0.558594 0.136719 0.550781 0.136719 0.542969 0.128906 0.542969 0.121094 0.539062 0.121094 0.535156 0.117188 0.535156 0.109375
5 0.484375 0.093750 0.484375 0.101562 0.492188 0.101562 0.492188 0.093750
5 0.539062 0.050781 0.535156 0.054688 0.507812 0.054688 0.507812 0.058594 0.503906 0.062500 0.503906 0.074219 0.500000 0.078125 0.500000 0.089844 0.507812 0.089844 0.515625 0.082031 0.519531 0.082031 0.523438 0.078125 0.531250 0.078125 0.531250 0.062500 0.535156 0.058594 0.546875 0.058594 0.546875 0.050781
