5 0.750000 0.871094 0.750000 0.878906 0.753906 0.882812 0.753906 0.902344 0.750000 0.906250 0.750000 0.914062 0.753906 0.917969 0.757812 0.917969 0.761719 0.921875 0.761719 0.925781 0.769531 0.925781 0.769531 0.894531 0.765625 0.890625 0.765625 0.871094
5 0.289062 0.867188 0.285156 0.871094 0.285156 0.878906 0.281250 0.882812 0.273438 0.882812 0.269531 0.886719 0.261719 0.886719 0.261719 0.890625 0.257812 0.894531 0.253906 0.894531 0.253906 0.902344 0.250000 0.906250 0.250000 0.914062 0.253906 0.917969 0.261719 0.917969 0.265625 0.921875 0.277344 0.921875 0.281250 0.925781 0.281250 0.941406 0.285156 0.945312 0.285156 0.949219 0.296875 0.949219 0.296875 0.933594 0.292969 0.929688 0.292969 0.894531 0.300781 0.886719 0.308594 0.886719 0.312500 0.882812 0.312500 0.878906 0.316406 0.875000 0.324219 0.875000 0.324219 0.867188
5 0.722656 0.859375 0.722656 0.867188 0.730469 0.867188 0.730469 0.859375
5 0.140625 0.847656 0.136719 0.851562 0.136719 0.863281 0.148438 0.863281 0.152344 0.867188 0.164062 0.867188 0.164062 0.847656
5 0.746094 0.804688 0.742188 0.808594 0.742188 0.816406 0.746094 0.820312 0.753906 0.820312 0.753906 0.804688
5 0.160156 0.789062 0.160156 0.792969 0.156250 0.796875 0.156250 0.800781 0.148438 0.808594 0.148438 0.816406 0.160156 0.816406 0.167969 0.824219 0.175781 0.824219 0.179688 0.828125 0.187500 0.828125 0.191406 0.832031 0.191406 0.843750 0.210938 0.843750 0.210938 0.835938 0.207031 0.832031 0.207031 0.820312 0.203125 0.816406 0.191406 0.816406 0.187500 0.812500 0.187500 0.796875 0.183594 0.792969 0.183594 0.789062
5 0.695312 0.753906 0.695312 0.765625 0.691406 0.769531 0.687500 0.769531 0.683594 0.773438 0.683594 0.777344 0.679688 0.781250 0.675781 0.781250 0.664062 0.792969 0.664062 0.800781 0.667969 0.804688 0.671875 0.804688 0.675781 0.808594 0.675781 0.839844 0.679688 0.843750 0.679688 0.847656 0.695312 0.847656 0.695312 0.839844 0.699219 0.835938 0.707031 0.835938 0.710938 0.832031 0.722656 0.832031 0.722656 0.824219 0.714844 0.824219 0.710938 0.820312 0.703125 0.820312 0.699219 0.824219 0.683594 0.824219 0.679688 0.820312 0.679688 0.804688 0.683594 0.800781 0.683594 0.785156 0.687500 0.781250 0.695312 0.781250 0.695312 0.773438 0.699219 0.769531 0.718750 0.769531 0.718750 0.761719 0.714844 0.757812 0.714844 0.753906
5 0.902344 0.738281 0.902344 0.746094 0.898438 0.750000 0.898438 0.769531 0.894531 0.773438 0.878906 0.773438 0.875000 0.769531 0.875000 0.765625 0.867188 0.765625 0.867188 0.773438 0.875000 0.773438 0.878906 0.777344 0.878906 0.781250 0.902344 0.781250 0.910156 0.789062 0.910156 0.804688 0.906250 0.808594 0.906250 0.812500 0.902344 0.816406 0.886719 0.816406 0.882812 0.812500 0.875000 0.812500 0.875000 0.816406 0.871094 0.820312 0.867188 0.820312 0.867188 0.824219 0.863281 0.828125 0.847656 0.828125 0.843750 0.824219 0.832031 0.824219 0.828125 0.820312 0.808594 0.820312 0.808594 0.832031 0.812500 0.835938 0.812500 0.839844 0.816406 0.843750 0.824219 0.843750 0.828125 0.839844 0.843750 0.839844 0.847656 0.843750 0.859375 0.843750 0.859375 0.835938 0.863281 0.832031 0.878906 0.832031 0.882812 0.835938 0.886719 0.835938 0.890625 0.839844 0.898438 0.839844 0.898438 0.824219 0.902344 0.820312 0.917969 0.820312 0.921875 0.816406 0.921875 0.812500 0.925781 0.808594 0.933594 0.808594 0.937500 0.804688 0.937500 0.796875 0.933594 0.792969 0.933594 0.785156 0.929688 0.781250 0.929688 0.765625 0.933594 0.761719 0.937500 0.761719 0.941406 0.757812 0.941406 0.742188 0.933594 0.742188 0.929688 0.738281
5 0.277344 0.730469 0.277344 0.734375 0.273438 0.738281 0.269531 0.738281 0.265625 0.742188 0.250000 0.742188 0.250000 0.746094 0.242188 0.753906 0.242188 0.777344 0.250000 0.777344 0.250000 0.773438 0.253906 0.769531 0.261719 0.769531 0.265625 0.765625 0.265625 0.761719 0.277344 0.750000 0.277344 0.746094 0.281250 0.742188 0.285156 0.742188 0.285156 0.730469
5 0.527344 0.699219 0.527344 0.714844 0.523438 0.718750 0.523438 0.730469 0.535156 0.730469 0.539062 0.734375 0.539062 0.738281 0.582031 0.738281 0.585938 0.734375 0.589844 0.734375 0.589844 0.726562 0.585938 0.722656 0.585938 0.703125 0.539062 0.703125 0.535156 0.699219
5 0.832031 0.695312 0.832031 0.730469 0.828125 0.734375 0.812500 0.734375 0.812500 0.757812 0.808594 0.761719 0.800781 0.761719 0.800781 0.773438 0.824219 0.773438 0.828125 0.777344 0.828125 0.789062 0.832031 0.792969 0.832031 0.800781 0.847656 0.800781 0.847656 0.792969 0.843750 0.789062 0.843750 0.761719 0.824219 0.761719 0.820312 0.757812 0.820312 0.738281 0.824219 0.734375 0.847656 0.734375 0.847656 0.726562 0.851562 0.722656 0.863281 0.722656 0.867188 0.718750 0.871094 0.718750 0.871094 0.695312
5 0.472656 0.691406 0.468750 0.695312 0.453125 0.695312 0.453125 0.699219 0.449219 0.703125 0.425781 0.703125 0.425781 0.707031 0.421875 0.710938 0.421875 0.734375 0.417969 0.738281 0.417969 0.742188 0.414062 0.746094 0.406250 0.746094 0.398438 0.753906 0.386719 0.753906 0.386719 0.781250 0.382812 0.785156 0.371094 0.785156 0.371094 0.792969 0.394531 0.792969 0.398438 0.796875 0.398438 0.820312 0.394531 0.824219 0.390625 0.824219 0.390625 0.828125 0.386719 0.832031 0.382812 0.832031 0.382812 0.851562 0.378906 0.855469 0.359375 0.855469 0.355469 0.859375 0.355469 0.886719 0.363281 0.886719 0.367188 0.890625 0.367188 0.906250 0.375000 0.906250 0.375000 0.898438 0.378906 0.894531 0.410156 0.894531 0.414062 0.898438 0.414062 0.902344 0.421875 0.902344 0.429688 0.910156 0.429688 0.925781 0.441406 0.925781 0.445312 0.921875 0.453125 0.921875 0.453125 0.898438 0.457031 0.894531 0.460938 0.894531 0.460938 0.882812 0.453125 0.875000 0.453125 0.859375 0.457031 0.855469 0.457031 0.832031 0.460938 0.828125 0.460938 0.792969 0.464844 0.789062 0.468750 0.789062 0.468750 0.781250 0.472656 0.777344 0.472656 0.753906 0.476562 0.750000 0.507812 0.750000 0.507812 0.738281 0.496094 0.738281 0.492188 0.734375 0.492188 0.718750 0.488281 0.718750 0.480469 0.710938 0.480469 0.691406
5 0.781250 0.679688 0.781250 0.695312 0.789062 0.695312 0.792969 0.699219 0.792969 0.707031 0.796875 0.710938 0.796875 0.714844 0.804688 0.714844 0.804688 0.699219 0.808594 0.695312 0.808594 0.679688
5 0.070312 0.667969 0.066406 0.671875 0.066406 0.683594 0.062500 0.687500 0.062500 0.699219 0.058594 0.703125 0.042969 0.703125 0.042969 0.710938 0.046875 0.714844 0.046875 0.734375 0.042969 0.738281 0.039062 0.738281 0.039062 0.761719 0.066406 0.761719 0.070312 0.765625 0.070312 0.777344 0.074219 0.781250 0.089844 0.781250 0.089844 0.777344 0.097656 0.769531 0.101562 0.769531 0.101562 0.761719 0.109375 0.753906 0.132812 0.753906 0.132812 0.742188 0.136719 0.738281 0.136719 0.718750 0.140625 0.714844 0.160156 0.714844 0.160156 0.707031 0.164062 0.703125 0.164062 0.695312 0.156250 0.695312 0.152344 0.699219 0.148438 0.699219 0.148438 0.703125 0.144531 0.707031 0.128906 0.707031 0.121094 0.699219 0.121094 0.675781 0.082031 0.675781 0.078125 0.671875 0.078125 0.667969
5 0.812500 0.664062 0.812500 0.671875 0.824219 0.671875 0.824219 0.664062
5 0.125000 0.648438 0.125000 0.664062 0.136719 0.664062 0.136719 0.648438
5 0.136719 0.597656 0.136719 0.609375 0.140625 0.609375 0.144531 0.613281 0.144531 0.640625 0.183594 0.640625 0.191406 0.648438 0.191406 0.652344 0.195312 0.652344 0.199219 0.656250 0.222656 0.656250 0.222656 0.640625 0.226562 0.636719 0.253906 0.636719 0.257812 0.640625 0.257812 0.656250 0.253906 0.660156 0.234375 0.660156 0.234375 0.683594 0.230469 0.687500 0.230469 0.699219 0.253906 0.699219 0.257812 0.703125 0.269531 0.703125 0.269531 0.687500 0.273438 0.683594 0.324219 0.683594 0.328125 0.687500 0.328125 0.691406 0.335938 0.691406 0.335938 0.683594 0.339844 0.679688 0.347656 0.679688 0.347656 0.671875 0.351562 0.667969 0.363281 0.667969 0.363281 0.664062 0.367188 0.660156 0.386719 0.660156 0.390625 0.664062 0.394531 0.664062 0.398438 0.667969 0.398438 0.671875 0.402344 0.675781 0.402344 0.683594 0.406250 0.687500 0.421875 0.687500 0.421875 0.679688 0.425781 0.675781 0.429688 0.675781 0.429688 0.667969 0.425781 0.667969 0.421875 0.664062 0.421875 0.656250 0.414062 0.656250 0.410156 0.652344 0.410156 0.644531 0.406250 0.644531 0.402344 0.640625 0.390625 0.640625 0.386719 0.636719 0.386719 0.632812 0.382812 0.628906 0.382812 0.625000 0.378906 0.621094 0.347656 0.621094 0.343750 0.625000 0.320312 0.625000 0.316406 0.628906 0.316406 0.636719 0.335938 0.636719 0.339844 0.640625 0.339844 0.656250 0.335938 0.660156 0.335938 0.667969 0.332031 0.671875 0.296875 0.671875 0.289062 0.664062 0.289062 0.660156 0.281250 0.660156 0.277344 0.656250 0.277344 0.644531 0.269531 0.644531 0.265625 0.640625 0.265625 0.628906 0.261719 0.628906 0.257812 0.625000 0.253906 0.625000 0.250000 0.621094 0.207031 0.621094 0.203125 0.617188 0.195312 0.617188 0.183594 0.605469 0.183594 0.597656
5 0.960938 0.570312 0.957031 0.574219 0.957031 0.601562 0.953125 0.605469 0.902344 0.605469 0.898438 0.609375 0.894531 0.609375 0.894531 0.617188 0.902344 0.625000 0.902344 0.628906 0.906250 0.632812 0.906250 0.648438 0.902344 0.652344 0.886719 0.652344 0.886719 0.664062 0.898438 0.664062 0.898438 0.660156 0.902344 0.656250 0.937500 0.656250 0.941406 0.660156 0.941406 0.664062 0.945312 0.667969 0.945312 0.683594 0.941406 0.687500 0.933594 0.687500 0.933594 0.695312 0.953125 0.695312 0.957031 0.699219 0.957031 0.714844 0.960938 0.718750 0.960938 0.722656 0.968750 0.722656 0.968750 0.718750 0.972656 0.714844 0.972656 0.671875 0.976562 0.667969 0.980469 0.667969 0.980469 0.648438 0.984375 0.644531 0.984375 0.632812 0.980469 0.628906 0.980469 0.609375 0.976562 0.609375 0.972656 0.605469 0.972656 0.570312
5 0.765625 0.562500 0.765625 0.585938 0.761719 0.589844 0.746094 0.589844 0.746094 0.609375 0.742188 0.613281 0.718750 0.613281 0.714844 0.609375 0.714844 0.601562 0.707031 0.601562 0.707031 0.613281 0.710938 0.613281 0.714844 0.617188 0.714844 0.632812 0.707031 0.640625 0.707031 0.644531 0.703125 0.648438 0.699219 0.648438 0.695312 0.652344 0.675781 0.652344 0.675781 0.660156 0.683594 0.667969 0.707031 0.667969 0.710938 0.671875 0.710938 0.699219 0.714844 0.699219 0.718750 0.703125 0.718750 0.707031 0.722656 0.710938 0.738281 0.710938 0.738281 0.687500 0.734375 0.687500 0.730469 0.683594 0.730469 0.660156 0.734375 0.656250 0.738281 0.656250 0.738281 0.652344 0.742188 0.648438 0.746094 0.648438 0.746094 0.640625 0.742188 0.640625 0.738281 0.636719 0.738281 0.621094 0.742188 0.617188 0.777344 0.617188 0.781250 0.621094 0.781250 0.644531 0.792969 0.644531 0.796875 0.640625 0.812500 0.640625 0.816406 0.636719 0.824219 0.636719 0.824219 0.628906 0.792969 0.628906 0.789062 0.625000 0.789062 0.609375 0.792969 0.605469 0.792969 0.589844 0.796875 0.585938 0.800781 0.585938 0.800781 0.578125 0.796875 0.578125 0.792969 0.574219 0.785156 0.574219 0.781250 0.570312 0.781250 0.566406 0.777344 0.562500
5 0.648438 0.535156 0.648438 0.542969 0.644531 0.546875 0.628906 0.546875 0.628906 0.562500 0.652344 0.562500 0.652344 0.558594 0.656250 0.554688 0.664062 0.554688 0.664062 0.539062 0.660156 0.535156
5 0.960938 0.523438 0.960938 0.527344 0.957031 0.531250 0.957031 0.542969 0.972656 0.542969 0.972656 0.527344 0.968750 0.523438
5 0.656250 0.492188 0.656250 0.500000 0.667969 0.500000 0.667969 0.492188
5 0.753906 0.468750 0.753906 0.476562 0.750000 0.480469 0.726562 0.480469 0.722656 0.484375 0.722656 0.492188 0.718750 0.496094 0.718750 0.503906 0.714844 0.507812 0.710938 0.507812 0.710938 0.519531 0.718750 0.519531 0.718750 0.515625 0.722656 0.511719 0.742188 0.511719 0.742188 0.507812 0.746094 0.503906 0.750000 0.503906 0.750000 0.484375 0.753906 0.480469 0.765625 0.480469 0.765625 0.468750
5 0.617188 0.453125 0.613281 0.457031 0.613281 0.472656 0.609375 0.476562 0.609375 0.488281 0.613281 0.492188 0.613281 0.496094 0.617188 0.500000 0.625000 0.500000 0.628906 0.496094 0.628906 0.488281 0.632812 0.484375 0.648438 0.484375 0.648438 0.468750 0.640625 0.468750 0.636719 0.464844 0.632812 0.464844 0.625000 0.457031 0.625000 0.453125
5 0.906250 0.429688 0.902344 0.433594 0.898438 0.433594 0.898438 0.437500 0.894531 0.441406 0.894531 0.445312 0.886719 0.453125 0.886719 0.460938 0.890625 0.460938 0.898438 0.468750 0.898438 0.492188 0.902344 0.496094 0.902344 0.507812 0.914062 0.507812 0.914062 0.496094 0.917969 0.492188 0.917969 0.484375 0.906250 0.484375 0.902344 0.480469 0.902344 0.464844 0.906250 0.460938 0.914062 0.460938 0.914062 0.441406 0.917969 0.437500 0.917969 0.429688
5 0.296875 0.421875 0.296875 0.429688 0.292969 0.433594 0.277344 0.433594 0.273438 0.429688 0.261719 0.429688 0.261719 0.437500 0.257812 0.441406 0.257812 0.464844 0.253906 0.468750 0.218750 0.468750 0.214844 0.464844 0.214844 0.457031 0.203125 0.457031 0.199219 0.460938 0.199219 0.476562 0.195312 0.480469 0.191406 0.480469 0.191406 0.507812 0.187500 0.511719 0.179688 0.511719 0.179688 0.539062 0.183594 0.542969 0.191406 0.542969 0.195312 0.546875 0.203125 0.546875 0.207031 0.550781 0.253906 0.550781 0.257812 0.554688 0.257812 0.558594 0.261719 0.558594 0.265625 0.562500 0.273438 0.562500 0.277344 0.566406 0.277344 0.570312 0.320312 0.570312 0.324219 0.574219 0.335938 0.574219 0.339844 0.570312 0.359375 0.570312 0.367188 0.578125 0.367188 0.582031 0.382812 0.582031 0.386719 0.585938 0.402344 0.585938 0.406250 0.589844 0.410156 0.589844 0.417969 0.597656 0.437500 0.597656 0.441406 0.601562 0.441406 0.605469 0.445312 0.605469 0.449219 0.609375 0.449219 0.636719 0.460938 0.648438 0.468750 0.648438 0.468750 0.644531 0.472656 0.640625 0.484375 0.640625 0.488281 0.636719 0.492188 0.636719 0.492188 0.625000 0.488281 0.621094 0.472656 0.621094 0.468750 0.617188 0.468750 0.593750 0.476562 0.585938 0.484375 0.585938 0.484375 0.582031 0.492188 0.574219 0.507812 0.574219 0.511719 0.578125 0.511719 0.593750 0.515625 0.597656 0.523438 0.597656 0.527344 0.601562 0.527344 0.613281 0.535156 0.613281 0.539062 0.617188 0.550781 0.617188 0.554688 0.613281 0.558594 0.613281 0.558594 0.601562 0.546875 0.601562 0.542969 0.597656 0.542969 0.589844 0.539062 0.589844 0.535156 0.585938 0.531250 0.585938 0.527344 0.582031 0.527344 0.578125 0.519531 0.570312 0.503906 0.570312 0.500000 0.566406 0.500000 0.558594 0.496094 0.554688 0.496094 0.546875 0.492188 0.542969 0.492188 0.527344 0.496094 0.523438 0.496094 0.519531 0.500000 0.515625 0.523438 0.515625 0.523438 0.488281 0.527344 0.484375 0.542969 0.484375 0.546875 0.488281 0.546875 0.507812 0.550781 0.511719 0.562500 0.511719 0.562500 0.507812 0.566406 0.503906 0.578125 0.503906 0.578125 0.492188 0.574219 0.488281 0.574219 0.484375 0.570312 0.480469 0.562500 0.480469 0.558594 0.476562 0.558594 0.468750 0.550781 0.468750 0.546875 0.464844 0.539062 0.464844 0.535156 0.460938 0.527344 0.460938 0.527344 0.472656 0.523438 0.476562 0.496094 0.476562 0.492188 0.472656 0.492188 0.468750 0.476562 0.468750 0.476562 0.472656 0.472656 0.476562 0.457031 0.476562 0.453125 0.472656 0.449219 0.472656 0.445312 0.468750 0.429688 0.468750 0.421875 0.460938 0.421875 0.441406 0.417969 0.437500 0.417969 0.433594 0.406250 0.433594 0.406250 0.441406 0.402344 0.445312 0.402344 0.449219 0.394531 0.457031 0.382812 0.457031 0.382812 0.464844 0.386719 0.468750 0.386719 0.472656 0.402344 0.472656 0.406250 0.476562 0.406250 0.480469 0.417969 0.480469 0.437500 0.500000 0.437500 0.519531 0.433594 0.523438 0.406250 0.523438 0.402344 0.519531 0.402344 0.511719 0.398438 0.507812 0.398438 0.500000 0.375000 0.500000 0.371094 0.496094 0.367188 0.496094 0.363281 0.492188 0.363281 0.488281 0.359375 0.484375 0.359375 0.476562 0.343750 0.476562 0.339844 0.472656 0.339844 0.457031 0.343750 0.453125 0.359375 0.453125 0.359375 0.441406 0.332031 0.441406 0.324219 0.433594 0.324219 0.429688 0.316406 0.421875
5 0.542969 0.378906 0.542969 0.390625 0.550781 0.390625 0.558594 0.398438 0.558594 0.410156 0.582031 0.410156 0.585938 0.414062 0.585938 0.421875 0.597656 0.433594 0.605469 0.433594 0.605469 0.417969 0.601562 0.417969 0.597656 0.414062 0.585938 0.414062 0.582031 0.410156 0.582031 0.394531 0.578125 0.394531 0.574219 0.390625 0.570312 0.390625 0.562500 0.382812 0.558594 0.382812 0.554688 0.378906
5 0.218750 0.332031 0.218750 0.335938 0.214844 0.339844 0.214844 0.343750 0.210938 0.347656 0.207031 0.347656 0.203125 0.351562 0.195312 0.351562 0.195312 0.371094 0.191406 0.375000 0.191406 0.382812 0.203125 0.382812 0.214844 0.371094 0.218750 0.371094 0.218750 0.351562 0.222656 0.347656 0.222656 0.343750 0.226562 0.339844 0.226562 0.332031
5 0.265625 0.308594 0.265625 0.316406 0.269531 0.320312 0.277344 0.320312 0.277344 0.312500 0.273438 0.308594
5 0.652344 0.285156 0.652344 0.289062 0.648438 0.292969 0.644531 0.292969 0.644531 0.312500 0.640625 0.316406 0.640625 0.328125 0.636719 0.332031 0.617188 0.332031 0.617188 0.351562 0.621094 0.355469 0.621094 0.359375 0.628906 0.359375 0.632812 0.363281 0.632812 0.394531 0.625000 0.402344 0.621094 0.402344 0.621094 0.414062 0.625000 0.414062 0.632812 0.421875 0.632812 0.429688 0.636719 0.429688 0.640625 0.433594 0.640625 0.437500 0.652344 0.437500 0.656250 0.433594 0.660156 0.433594 0.664062 0.429688 0.683594 0.429688 0.687500 0.433594 0.687500 0.441406 0.707031 0.441406 0.710938 0.445312 0.710938 0.449219 0.714844 0.449219 0.718750 0.453125 0.718750 0.457031 0.726562 0.457031 0.726562 0.449219 0.730469 0.445312 0.769531 0.445312 0.773438 0.449219 0.796875 0.449219 0.796875 0.445312 0.800781 0.441406 0.800781 0.437500 0.804688 0.433594 0.820312 0.433594 0.820312 0.421875 0.812500 0.421875 0.812500 0.425781 0.808594 0.429688 0.785156 0.429688 0.781250 0.425781 0.781250 0.410156 0.785156 0.406250 0.789062 0.406250 0.792969 0.402344 0.796875 0.402344 0.796875 0.394531 0.800781 0.390625 0.804688 0.390625 0.804688 0.359375 0.800781 0.355469 0.777344 0.355469 0.773438 0.351562 0.765625 0.351562 0.765625 0.367188 0.769531 0.371094 0.769531 0.386719 0.765625 0.390625 0.718750 0.390625 0.714844 0.386719 0.714844 0.367188 0.707031 0.367188 0.707031 0.382812 0.703125 0.386719 0.703125 0.402344 0.699219 0.406250 0.675781 0.406250 0.671875 0.402344 0.671875 0.398438 0.667969 0.394531 0.648438 0.394531 0.644531 0.390625 0.644531 0.375000 0.648438 0.371094 0.648438 0.324219 0.652344 0.320312 0.656250 0.320312 0.656250 0.296875 0.660156 0.292969 0.660156 0.285156
5 0.515625 0.242188 0.515625 0.246094 0.507812 0.253906 0.500000 0.253906 0.500000 0.289062 0.503906 0.289062 0.507812 0.292969 0.507812 0.304688 0.511719 0.308594 0.511719 0.312500 0.523438 0.312500 0.527344 0.316406 0.535156 0.316406 0.535156 0.304688 0.527344 0.296875 0.527344 0.281250 0.531250 0.277344 0.539062 0.277344 0.539062 0.269531 0.542969 0.265625 0.542969 0.253906 0.535156 0.253906 0.523438 0.242188
5 0.312500 0.195312 0.312500 0.199219 0.308594 0.203125 0.308594 0.210938 0.312500 0.214844 0.312500 0.242188 0.316406 0.242188 0.320312 0.246094 0.320312 0.261719 0.328125 0.261719 0.332031 0.265625 0.332031 0.281250 0.328125 0.285156 0.324219 0.285156 0.324219 0.292969 0.328125 0.296875 0.328125 0.300781 0.347656 0.300781 0.351562 0.296875 0.375000 0.296875 0.375000 0.292969 0.378906 0.289062 0.386719 0.289062 0.390625 0.285156 0.410156 0.285156 0.421875 0.296875 0.441406 0.296875 0.441406 0.273438 0.433594 0.273438 0.429688 0.269531 0.429688 0.257812 0.421875 0.250000 0.406250 0.250000 0.402344 0.253906 0.402344 0.277344 0.398438 0.281250 0.355469 0.281250 0.351562 0.277344 0.351562 0.273438 0.347656 0.273438 0.343750 0.269531 0.343750 0.242188 0.335938 0.234375 0.335938 0.230469 0.332031 0.230469 0.328125 0.226562 0.328125 0.203125 0.324219 0.199219 0.324219 0.195312
5 0.613281 0.183594 0.613281 0.191406 0.605469 0.199219 0.601562 0.199219 0.601562 0.214844 0.613281 0.214844 0.617188 0.218750 0.617188 0.253906 0.613281 0.257812 0.613281 0.265625 0.621094 0.265625 0.621094 0.242188 0.625000 0.238281 0.628906 0.238281 0.628906 0.222656 0.632812 0.218750 0.640625 0.218750 0.640625 0.210938 0.636719 0.207031 0.636719 0.203125 0.621094 0.187500 0.621094 0.183594
5 0.597656 0.128906 0.593750 0.132812 0.593750 0.144531 0.589844 0.148438 0.589844 0.160156 0.597656 0.160156 0.601562 0.156250 0.605469 0.156250 0.605469 0.128906
5 0.433594 0.089844 0.433594 0.097656 0.425781 0.105469 0.410156 0.105469 0.406250 0.109375 0.406250 0.117188 0.417969 0.128906 0.441406 0.128906 0.445312 0.132812 0.445312 0.140625 0.449219 0.144531 0.449219 0.167969 0.453125 0.171875 0.457031 0.171875 0.460938 0.175781 0.460938 0.179688 0.464844 0.179688 0.472656 0.187500 0.472656 0.207031 0.480469 0.207031 0.480469 0.152344 0.476562 0.152344 0.472656 0.148438 0.472656 0.128906 0.476562 0.125000 0.476562 0.113281 0.449219 0.113281 0.445312 0.109375 0.445312 0.101562 0.441406 0.097656 0.441406 0.089844
