5 0.351562 0.753906 0.351562 0.769531 0.355469 0.773438 0.371094 0.773438 0.375000 0.777344 0.375000 0.781250 0.386719 0.781250 0.386719 0.777344 0.390625 0.773438 0.410156 0.773438 0.417969 0.765625 0.421875 0.765625 0.421875 0.757812 0.402344 0.757812 0.398438 0.753906
5 0.460938 0.746094 0.460938 0.753906 0.464844 0.753906 0.468750 0.757812 0.472656 0.757812 0.484375 0.769531 0.484375 0.773438 0.488281 0.777344 0.488281 0.804688 0.500000 0.804688 0.507812 0.796875 0.507812 0.757812 0.500000 0.757812 0.496094 0.753906 0.496094 0.746094
5 0.835938 0.679688 0.835938 0.691406 0.843750 0.691406 0.843750 0.679688
5 0.925781 0.617188 0.925781 0.628906 0.921875 0.632812 0.917969 0.632812 0.917969 0.644531 0.910156 0.652344 0.910156 0.656250 0.906250 0.660156 0.875000 0.660156 0.875000 0.667969 0.882812 0.667969 0.886719 0.671875 0.898438 0.671875 0.902344 0.675781 0.906250 0.675781 0.910156 0.679688 0.910156 0.683594 0.917969 0.683594 0.917969 0.671875 0.921875 0.667969 0.921875 0.660156 0.929688 0.652344 0.929688 0.644531 0.933594 0.640625 0.933594 0.636719 0.937500 0.632812 0.937500 0.617188
5 0.804688 0.605469 0.804688 0.628906 0.800781 0.632812 0.796875 0.632812 0.796875 0.640625 0.800781 0.644531 0.800781 0.667969 0.796875 0.671875 0.785156 0.671875 0.785156 0.679688 0.781250 0.683594 0.781250 0.691406 0.785156 0.695312 0.792969 0.695312 0.796875 0.691406 0.796875 0.671875 0.800781 0.667969 0.808594 0.667969 0.808594 0.656250 0.812500 0.652344 0.832031 0.652344 0.832031 0.644531 0.835938 0.640625 0.851562 0.640625 0.859375 0.648438 0.871094 0.648438 0.871094 0.636719 0.867188 0.636719 0.859375 0.628906 0.859375 0.621094 0.828125 0.621094 0.824219 0.617188 0.816406 0.617188 0.812500 0.613281 0.812500 0.605469
5 0.238281 0.597656 0.234375 0.601562 0.234375 0.609375 0.242188 0.609375 0.246094 0.613281 0.253906 0.613281 0.253906 0.597656
5 0.500000 0.550781 0.500000 0.562500 0.507812 0.562500 0.507812 0.550781
5 0.843750 0.476562 0.843750 0.492188 0.839844 0.496094 0.812500 0.496094 0.808594 0.500000 0.792969 0.500000 0.789062 0.496094 0.789062 0.480469 0.765625 0.480469 0.761719 0.484375 0.761719 0.492188 0.757812 0.496094 0.753906 0.496094 0.753906 0.507812 0.750000 0.511719 0.750000 0.515625 0.746094 0.519531 0.746094 0.527344 0.761719 0.527344 0.765625 0.531250 0.769531 0.531250 0.777344 0.539062 0.777344 0.542969 0.800781 0.542969 0.804688 0.546875 0.804688 0.554688 0.808594 0.558594 0.835938 0.558594 0.839844 0.554688 0.847656 0.554688 0.847656 0.542969 0.843750 0.539062 0.843750 0.519531 0.839844 0.515625 0.839844 0.500000 0.843750 0.496094 0.855469 0.496094 0.855469 0.492188 0.859375 0.488281 0.859375 0.480469 0.855469 0.480469 0.851562 0.476562
5 0.085938 0.472656 0.082031 0.476562 0.082031 0.480469 0.078125 0.484375 0.074219 0.484375 0.074219 0.492188 0.070312 0.496094 0.070312 0.503906 0.074219 0.507812 0.074219 0.523438 0.078125 0.523438 0.082031 0.527344 0.085938 0.527344 0.089844 0.531250 0.089844 0.550781 0.085938 0.554688 0.085938 0.566406 0.097656 0.578125 0.097656 0.601562 0.093750 0.605469 0.093750 0.613281 0.105469 0.613281 0.113281 0.621094 0.121094 0.621094 0.121094 0.613281 0.125000 0.609375 0.148438 0.609375 0.148438 0.601562 0.156250 0.593750 0.156250 0.585938 0.164062 0.578125 0.183594 0.578125 0.183594 0.570312 0.187500 0.566406 0.214844 0.566406 0.214844 0.562500 0.222656 0.554688 0.238281 0.554688 0.238281 0.542969 0.234375 0.542969 0.230469 0.539062 0.218750 0.539062 0.214844 0.542969 0.199219 0.542969 0.195312 0.539062 0.183594 0.539062 0.179688 0.542969 0.156250 0.542969 0.152344 0.539062 0.152344 0.523438 0.148438 0.519531 0.148438 0.511719 0.140625 0.511719 0.136719 0.515625 0.117188 0.515625 0.113281 0.511719 0.113281 0.476562 0.101562 0.476562 0.097656 0.472656
5 0.730469 0.445312 0.730469 0.453125 0.738281 0.453125 0.738281 0.445312
5 0.894531 0.421875 0.894531 0.425781 0.886719 0.433594 0.882812 0.433594 0.878906 0.437500 0.867188 0.437500 0.863281 0.441406 0.863281 0.449219 0.886719 0.449219 0.894531 0.457031 0.910156 0.457031 0.914062 0.460938 0.914062 0.464844 0.917969 0.464844 0.921875 0.468750 0.921875 0.476562 0.937500 0.476562 0.937500 0.468750 0.925781 0.457031 0.925781 0.453125 0.921875 0.449219 0.921875 0.441406 0.902344 0.421875
5 0.175781 0.417969 0.175781 0.425781 0.171875 0.429688 0.132812 0.429688 0.132812 0.437500 0.152344 0.437500 0.156250 0.441406 0.156250 0.453125 0.175781 0.453125 0.179688 0.457031 0.179688 0.464844 0.187500 0.464844 0.187500 0.460938 0.191406 0.457031 0.195312 0.457031 0.195312 0.449219 0.199219 0.445312 0.203125 0.445312 0.203125 0.437500 0.187500 0.421875 0.187500 0.417969
5 0.722656 0.390625 0.722656 0.406250 0.726562 0.410156 0.726562 0.414062 0.730469 0.417969 0.746094 0.417969 0.746094 0.410156 0.742188 0.406250 0.742188 0.390625
5 0.750000 0.375000 0.750000 0.382812 0.757812 0.382812 0.757812 0.375000
5 0.675781 0.367188 0.675781 0.375000 0.679688 0.375000 0.683594 0.378906 0.683594 0.394531 0.679688 0.398438 0.656250 0.398438 0.656250 0.410156 0.660156 0.414062 0.660156 0.437500 0.679688 0.437500 0.683594 0.433594 0.683594 0.382812 0.687500 0.378906 0.691406 0.378906 0.695312 0.375000 0.695312 0.367188
5 0.128906 0.316406 0.128906 0.324219 0.125000 0.328125 0.097656 0.328125 0.097656 0.332031 0.093750 0.335938 0.093750 0.347656 0.117188 0.347656 0.121094 0.351562 0.121094 0.367188 0.117188 0.371094 0.089844 0.371094 0.085938 0.367188 0.085938 0.359375 0.074219 0.359375 0.074219 0.371094 0.070312 0.375000 0.066406 0.375000 0.066406 0.382812 0.074219 0.390625 0.074219 0.394531 0.078125 0.398438 0.078125 0.414062 0.074219 0.417969 0.066406 0.417969 0.066406 0.429688 0.070312 0.433594 0.078125 0.433594 0.082031 0.437500 0.089844 0.437500 0.097656 0.445312 0.097656 0.449219 0.109375 0.449219 0.109375 0.441406 0.097656 0.429688 0.097656 0.402344 0.101562 0.398438 0.132812 0.398438 0.136719 0.394531 0.136719 0.375000 0.144531 0.367188 0.160156 0.367188 0.171875 0.378906 0.179688 0.378906 0.179688 0.355469 0.175781 0.351562 0.175781 0.339844 0.167969 0.339844 0.164062 0.343750 0.160156 0.343750 0.160156 0.355469 0.156250 0.359375 0.140625 0.359375 0.136719 0.355469 0.136719 0.339844 0.140625 0.335938 0.140625 0.316406
5 0.453125 0.285156 0.453125 0.296875 0.445312 0.304688 0.445312 0.316406 0.460938 0.316406 0.464844 0.320312 0.468750 0.320312 0.472656 0.324219 0.472656 0.343750 0.484375 0.343750 0.484375 0.324219 0.480469 0.320312 0.480469 0.304688 0.464844 0.304688 0.460938 0.300781 0.460938 0.285156
5 0.437500 0.269531 0.437500 0.277344 0.445312 0.277344 0.445312 0.269531
5 0.582031 0.152344 0.574219 0.160156 0.574219 0.199219 0.570312 0.203125 0.566406 0.203125 0.566406 0.214844 0.562500 0.218750 0.539062 0.218750 0.539062 0.226562 0.542969 0.226562 0.546875 0.230469 0.546875 0.257812 0.566406 0.257812 0.570312 0.261719 0.570312 0.277344 0.566406 0.281250 0.566406 0.289062 0.562500 0.292969 0.562500 0.296875 0.554688 0.304688 0.554688 0.312500 0.570312 0.312500 0.574219 0.316406 0.574219 0.332031 0.570312 0.335938 0.558594 0.335938 0.554688 0.339844 0.554688 0.367188 0.550781 0.371094 0.550781 0.390625 0.546875 0.394531 0.535156 0.394531 0.535156 0.406250 0.542969 0.414062 0.554688 0.414062 0.554688 0.386719 0.558594 0.382812 0.570312 0.382812 0.570312 0.378906 0.574219 0.375000 0.582031 0.375000 0.582031 0.371094 0.585938 0.367188 0.585938 0.359375 0.589844 0.355469 0.589844 0.324219 0.593750 0.320312 0.617188 0.320312 0.621094 0.324219 0.621094 0.328125 0.628906 0.328125 0.640625 0.339844 0.640625 0.343750 0.652344 0.343750 0.652344 0.335938 0.644531 0.328125 0.644531 0.312500 0.613281 0.312500 0.609375 0.308594 0.609375 0.304688 0.601562 0.296875 0.601562 0.277344 0.605469 0.273438 0.613281 0.273438 0.613281 0.250000 0.617188 0.246094 0.632812 0.246094 0.636719 0.250000 0.636719 0.253906 0.644531 0.253906 0.644531 0.222656 0.640625 0.218750 0.640625 0.214844 0.609375 0.214844 0.601562 0.207031 0.601562 0.171875 0.597656 0.167969 0.597656 0.156250 0.593750 0.152344
5 0.457031 0.144531 0.453125 0.148438 0.453125 0.156250 0.457031 0.156250 0.460938 0.160156 0.460938 0.191406 0.453125 0.199219 0.449219 0.199219 0.449219 0.203125 0.445312 0.207031 0.414062 0.207031 0.410156 0.210938 0.410156 0.214844 0.406250 0.218750 0.378906 0.218750 0.371094 0.210938 0.363281 0.210938 0.363281 0.218750 0.359375 0.222656 0.332031 0.222656 0.332031 0.246094 0.328125 0.250000 0.320312 0.250000 0.316406 0.253906 0.316406 0.265625 0.335938 0.265625 0.343750 0.273438 0.343750 0.277344 0.347656 0.281250 0.371094 0.281250 0.375000 0.285156 0.375000 0.289062 0.378906 0.289062 0.382812 0.292969 0.390625 0.292969 0.394531 0.296875 0.394531 0.312500 0.390625 0.316406 0.390625 0.324219 0.386719 0.328125 0.382812 0.328125 0.367188 0.343750 0.351562 0.343750 0.343750 0.335938 0.339844 0.335938 0.332031 0.328125 0.332031 0.312500 0.320312 0.300781 0.316406 0.300781 0.312500 0.296875 0.289062 0.296875 0.285156 0.292969 0.285156 0.277344 0.289062 0.273438 0.289062 0.265625 0.285156 0.261719 0.285156 0.257812 0.281250 0.257812 0.273438 0.250000 0.261719 0.250000 0.261719 0.261719 0.257812 0.265625 0.257812 0.277344 0.253906 0.281250 0.234375 0.281250 0.230469 0.277344 0.230469 0.265625 0.222656 0.265625 0.222656 0.269531 0.218750 0.273438 0.191406 0.273438 0.187500 0.269531 0.187500 0.265625 0.175781 0.265625 0.175781 0.269531 0.171875 0.273438 0.171875 0.281250 0.175781 0.285156 0.175781 0.289062 0.195312 0.289062 0.199219 0.292969 0.199219 0.304688 0.226562 0.304688 0.234375 0.312500 0.234375 0.316406 0.246094 0.316406 0.250000 0.320312 0.250000 0.328125 0.253906 0.332031 0.265625 0.332031 0.273438 0.339844 0.300781 0.339844 0.304688 0.343750 0.304688 0.359375 0.300781 0.363281 0.296875 0.363281 0.296875 0.406250 0.300781 0.406250 0.304688 0.410156 0.308594 0.410156 0.312500 0.414062 0.312500 0.425781 0.316406 0.429688 0.316406 0.441406 0.324219 0.441406 0.328125 0.445312 0.335938 0.445312 0.339844 0.449219 0.339844 0.453125 0.343750 0.457031 0.343750 0.460938 0.347656 0.464844 0.347656 0.468750 0.351562 0.472656 0.351562 0.480469 0.386719 0.480469 0.394531 0.488281 0.406250 0.488281 0.410156 0.492188 0.410156 0.500000 0.414062 0.503906 0.414062 0.511719 0.417969 0.515625 0.417969 0.550781 0.414062 0.554688 0.398438 0.554688 0.394531 0.550781 0.394531 0.535156 0.386719 0.535156 0.382812 0.539062 0.367188 0.539062 0.363281 0.535156 0.339844 0.535156 0.335938 0.531250 0.335938 0.511719 0.320312 0.511719 0.320312 0.531250 0.316406 0.535156 0.296875 0.535156 0.296875 0.542969 0.292969 0.546875 0.281250 0.546875 0.277344 0.550781 0.261719 0.550781 0.261719 0.558594 0.257812 0.562500 0.257812 0.570312 0.261719 0.574219 0.265625 0.574219 0.269531 0.578125 0.269531 0.582031 0.277344 0.582031 0.281250 0.578125 0.332031 0.578125 0.335938 0.582031 0.343750 0.582031 0.343750 0.578125 0.347656 0.574219 0.375000 0.574219 0.375000 0.566406 0.378906 0.562500 0.394531 0.562500 0.398438 0.566406 0.398438 0.574219 0.402344 0.574219 0.414062 0.585938 0.414062 0.613281 0.410156 0.617188 0.378906 0.617188 0.375000 0.613281 0.367188 0.613281 0.363281 0.609375 0.339844 0.609375 0.335938 0.613281 0.332031 0.613281 0.328125 0.617188 0.328125 0.621094 0.324219 0.625000 0.324219 0.632812 0.320312 0.636719 0.312500 0.636719 0.304688 0.644531 0.300781 0.644531 0.296875 0.648438 0.281250 0.648438 0.277344 0.644531 0.277344 0.640625 0.257812 0.640625 0.257812 0.664062 0.261719 0.664062 0.265625 0.667969 0.265625 0.671875 0.269531 0.671875 0.277344 0.679688 0.281250 0.679688 0.285156 0.683594 0.285156 0.687500 0.296875 0.687500 0.296875 0.664062 0.300781 0.660156 0.316406 0.660156 0.320312 0.664062 0.320312 0.671875 0.332031 0.671875 0.335938 0.675781 0.335938 0.679688 0.351562 0.679688 0.351562 0.656250 0.355469 0.652344 0.378906 0.652344 0.386719 0.660156 0.386719 0.664062 0.390625 0.664062 0.398438 0.671875 0.398438 0.687500 0.394531 0.691406 0.378906 0.691406 0.375000 0.687500 0.363281 0.687500 0.363281 0.703125 0.382812 0.703125 0.382812 0.695312 0.386719 0.691406 0.425781 0.691406 0.429688 0.695312 0.468750 0.695312 0.472656 0.691406 0.488281 0.691406 0.500000 0.679688 0.515625 0.679688 0.515625 0.675781 0.519531 0.671875 0.535156 0.671875 0.539062 0.675781 0.539062 0.679688 0.542969 0.683594 0.542969 0.707031 0.539062 0.710938 0.535156 0.710938 0.535156 0.718750 0.539062 0.722656 0.539062 0.742188 0.542969 0.742188 0.546875 0.746094 0.546875 0.750000 0.550781 0.753906 0.550781 0.765625 0.554688 0.769531 0.570312 0.769531 0.570312 0.765625 0.578125 0.757812 0.597656 0.757812 0.597656 0.746094 0.601562 0.742188 0.636719 0.742188 0.640625 0.746094 0.640625 0.761719 0.644531 0.765625 0.656250 0.765625 0.660156 0.769531 0.667969 0.769531 0.675781 0.777344 0.683594 0.777344 0.687500 0.781250 0.687500 0.785156 0.691406 0.785156 0.695312 0.789062 0.695312 0.792969 0.699219 0.796875 0.699219 0.804688 0.703125 0.808594 0.703125 0.812500 0.707031 0.816406 0.722656 0.816406 0.726562 0.812500 0.730469 0.812500 0.734375 0.808594 0.753906 0.808594 0.757812 0.804688 0.789062 0.804688 0.789062 0.800781 0.792969 0.796875 0.792969 0.792969 0.796875 0.789062 0.800781 0.789062 0.800781 0.785156 0.804688 0.781250 0.808594 0.781250 0.812500 0.777344 0.816406 0.777344 0.816406 0.769531 0.812500 0.769531 0.808594 0.765625 0.800781 0.765625 0.796875 0.769531 0.753906 0.769531 0.746094 0.761719 0.746094 0.753906 0.722656 0.753906 0.718750 0.750000 0.718750 0.734375 0.722656 0.730469 0.722656 0.714844 0.714844 0.714844 0.707031 0.707031 0.707031 0.703125 0.703125 0.703125 0.695312 0.695312 0.695312 0.675781 0.699219 0.671875 0.703125 0.671875 0.707031 0.667969 0.714844 0.667969 0.714844 0.664062 0.718750 0.660156 0.722656 0.660156 0.726562 0.656250 0.730469 0.656250 0.730469 0.640625 0.734375 0.636719 0.750000 0.636719 0.753906 0.640625 0.753906 0.648438 0.761719 0.648438 0.761719 0.628906 0.769531 0.621094 0.773438 0.621094 0.773438 0.613281 0.765625 0.605469 0.765625 0.589844 0.757812 0.589844 0.757812 0.601562 0.753906 0.605469 0.738281 0.605469 0.730469 0.597656 0.730469 0.582031 0.734375 0.578125 0.746094 0.578125 0.746094 0.562500 0.734375 0.562500 0.730469 0.566406 0.707031 0.566406 0.703125 0.562500 0.703125 0.554688 0.699219 0.550781 0.699219 0.546875 0.687500 0.546875 0.679688 0.554688 0.660156 0.554688 0.660156 0.566406 0.656250 0.570312 0.656250 0.574219 0.652344 0.578125 0.652344 0.585938 0.648438 0.589844 0.632812 0.589844 0.628906 0.585938 0.621094 0.585938 0.617188 0.582031 0.617188 0.554688 0.621094 0.550781 0.621094 0.527344 0.625000 0.523438 0.632812 0.523438 0.632812 0.519531 0.636719 0.515625 0.636719 0.507812 0.640625 0.503906 0.656250 0.503906 0.660156 0.500000 0.687500 0.500000 0.691406 0.496094 0.695312 0.496094 0.695312 0.492188 0.699219 0.488281 0.707031 0.488281 0.714844 0.480469 0.714844 0.468750 0.695312 0.468750 0.695312 0.472656 0.683594 0.484375 0.675781 0.484375 0.671875 0.488281 0.667969 0.488281 0.664062 0.492188 0.652344 0.492188 0.644531 0.500000 0.625000 0.500000 0.625000 0.507812 0.621094 0.511719 0.621094 0.519531 0.617188 0.523438 0.593750 0.523438 0.589844 0.519531 0.589844 0.515625 0.582031 0.507812 0.574219 0.507812 0.566406 0.515625 0.562500 0.515625 0.562500 0.523438 0.558594 0.527344 0.546875 0.527344 0.542969 0.531250 0.542969 0.546875 0.546875 0.550781 0.546875 0.558594 0.550781 0.562500 0.550781 0.578125 0.546875 0.582031 0.546875 0.609375 0.539062 0.617188 0.523438 0.617188 0.523438 0.625000 0.519531 0.628906 0.500000 0.628906 0.496094 0.625000 0.492188 0.625000 0.484375 0.617188 0.484375 0.597656 0.488281 0.593750 0.492188 0.593750 0.492188 0.570312 0.480469 0.570312 0.480469 0.597656 0.476562 0.601562 0.464844 0.601562 0.460938 0.605469 0.460938 0.609375 0.453125 0.617188 0.437500 0.617188 0.433594 0.613281 0.433594 0.597656 0.437500 0.593750 0.437500 0.589844 0.441406 0.585938 0.441406 0.570312 0.437500 0.570312 0.433594 0.566406 0.421875 0.566406 0.417969 0.562500 0.417969 0.542969 0.421875 0.539062 0.429688 0.539062 0.429688 0.535156 0.433594 0.531250 0.441406 0.531250 0.441406 0.515625 0.445312 0.511719 0.480469 0.511719 0.484375 0.515625 0.484375 0.519531 0.488281 0.523438 0.496094 0.523438 0.496094 0.503906 0.500000 0.500000 0.500000 0.496094 0.503906 0.492188 0.507812 0.492188 0.511719 0.488281 0.539062 0.488281 0.539062 0.476562 0.542969 0.472656 0.550781 0.472656 0.550781 0.457031 0.554688 0.453125 0.554688 0.449219 0.558594 0.445312 0.562500 0.445312 0.562500 0.437500 0.539062 0.437500 0.531250 0.445312 0.515625 0.445312 0.507812 0.437500 0.507812 0.433594 0.453125 0.433594 0.449219 0.429688 0.449219 0.414062 0.453125 0.410156 0.468750 0.410156 0.476562 0.402344 0.492188 0.402344 0.492188 0.394531 0.496094 0.390625 0.496094 0.378906 0.484375 0.378906 0.480469 0.382812 0.445312 0.382812 0.441406 0.378906 0.433594 0.378906 0.417969 0.363281 0.410156 0.363281 0.410156 0.378906 0.414062 0.378906 0.417969 0.382812 0.417969 0.410156 0.414062 0.414062 0.390625 0.414062 0.386719 0.410156 0.378906 0.410156 0.375000 0.406250 0.375000 0.390625 0.378906 0.386719 0.378906 0.355469 0.382812 0.351562 0.394531 0.351562 0.394531 0.332031 0.398438 0.328125 0.402344 0.328125 0.402344 0.324219 0.414062 0.312500 0.414062 0.300781 0.406250 0.292969 0.394531 0.292969 0.390625 0.289062 0.390625 0.277344 0.363281 0.277344 0.359375 0.273438 0.359375 0.269531 0.355469 0.265625 0.355469 0.261719 0.351562 0.257812 0.351562 0.234375 0.355469 0.230469 0.425781 0.230469 0.437500 0.242188 0.437500 0.246094 0.464844 0.246094 0.468750 0.242188 0.468750 0.234375 0.472656 0.230469 0.488281 0.230469 0.492188 0.226562 0.492188 0.218750 0.488281 0.214844 0.488281 0.199219 0.492188 0.195312 0.496094 0.195312 0.496094 0.183594 0.492188 0.183594 0.488281 0.179688 0.484375 0.179688 0.480469 0.175781 0.480469 0.152344 0.476562 0.152344 0.468750 0.144531
