4 0.445312 0.843750 0.445312 0.855469 0.460938 0.871094 0.464844 0.871094 0.468750 0.875000 0.468750 0.878906 0.480469 0.878906 0.480469 0.867188 0.476562 0.863281 0.472656 0.863281 0.468750 0.859375 0.468750 0.843750
4 0.500000 0.753906 0.500000 0.761719 0.507812 0.761719 0.507812 0.753906
4 0.417969 0.753906 0.417969 0.773438 0.414062 0.777344 0.406250 0.777344 0.406250 0.789062 0.402344 0.792969 0.394531 0.792969 0.394531 0.800781 0.390625 0.804688 0.371094 0.804688 0.359375 0.792969 0.343750 0.792969 0.339844 0.796875 0.335938 0.796875 0.335938 0.804688 0.339844 0.804688 0.347656 0.812500 0.351562 0.812500 0.355469 0.816406 0.359375 0.816406 0.363281 0.820312 0.363281 0.824219 0.371094 0.824219 0.375000 0.828125 0.375000 0.835938 0.398438 0.835938 0.402344 0.839844 0.433594 0.839844 0.433594 0.832031 0.429688 0.828125 0.429688 0.812500 0.433594 0.808594 0.433594 0.781250 0.429688 0.781250 0.425781 0.777344 0.425781 0.753906
4 0.257812 0.707031 0.253906 0.710938 0.250000 0.710938 0.246094 0.714844 0.242188 0.714844 0.242188 0.718750 0.238281 0.722656 0.238281 0.738281 0.246094 0.746094 0.250000 0.746094 0.257812 0.753906 0.257812 0.761719 0.273438 0.761719 0.273438 0.753906 0.269531 0.750000 0.269531 0.730469 0.265625 0.726562 0.265625 0.707031
4 0.210938 0.644531 0.210938 0.648438 0.207031 0.652344 0.187500 0.652344 0.187500 0.679688 0.191406 0.679688 0.199219 0.687500 0.210938 0.687500 0.210938 0.671875 0.214844 0.667969 0.234375 0.667969 0.234375 0.660156 0.230469 0.660156 0.226562 0.656250 0.226562 0.644531
4 0.316406 0.613281 0.316406 0.621094 0.320312 0.625000 0.320312 0.652344 0.332031 0.652344 0.332031 0.613281
4 0.750000 0.546875 0.746094 0.550781 0.742188 0.550781 0.742188 0.558594 0.746094 0.558594 0.750000 0.562500 0.757812 0.562500 0.761719 0.558594 0.765625 0.558594 0.765625 0.546875
4 0.144531 0.535156 0.144531 0.550781 0.148438 0.554688 0.156250 0.554688 0.164062 0.562500 0.164062 0.582031 0.160156 0.585938 0.144531 0.585938 0.140625 0.582031 0.128906 0.582031 0.128906 0.589844 0.132812 0.593750 0.132812 0.597656 0.140625 0.605469 0.148438 0.605469 0.152344 0.609375 0.152344 0.621094 0.160156 0.621094 0.164062 0.617188 0.171875 0.617188 0.175781 0.613281 0.179688 0.613281 0.179688 0.609375 0.183594 0.605469 0.187500 0.605469 0.187500 0.589844 0.179688 0.582031 0.179688 0.574219 0.175781 0.570312 0.175781 0.566406 0.171875 0.562500 0.171875 0.554688 0.167969 0.550781 0.167969 0.539062 0.164062 0.539062 0.160156 0.535156
4 0.359375 0.523438 0.351562 0.531250 0.351562 0.546875 0.347656 0.550781 0.335938 0.550781 0.335938 0.554688 0.328125 0.562500 0.328125 0.570312 0.332031 0.574219 0.339844 0.574219 0.343750 0.578125 0.343750 0.589844 0.351562 0.589844 0.359375 0.582031 0.363281 0.582031 0.363281 0.546875 0.367188 0.542969 0.367188 0.523438
4 0.687500 0.453125 0.687500 0.460938 0.695312 0.468750 0.710938 0.468750 0.710938 0.460938 0.707031 0.457031 0.703125 0.457031 0.699219 0.453125
4 0.625000 0.453125 0.625000 0.468750 0.636719 0.468750 0.640625 0.464844 0.640625 0.457031 0.636719 0.457031 0.632812 0.453125
4 0.437500 0.441406 0.437500 0.449219 0.441406 0.453125 0.449219 0.453125 0.453125 0.449219 0.453125 0.441406
4 0.730469 0.437500 0.730469 0.445312 0.734375 0.449219 0.734375 0.464844 0.750000 0.464844 0.753906 0.468750 0.753906 0.472656 0.765625 0.472656 0.765625 0.464844 0.757812 0.464844 0.753906 0.460938 0.753906 0.457031 0.742188 0.457031 0.738281 0.453125 0.738281 0.437500
4 0.324219 0.386719 0.324219 0.394531 0.320312 0.398438 0.304688 0.398438 0.304688 0.421875 0.300781 0.425781 0.296875 0.425781 0.296875 0.433594 0.304688 0.441406 0.312500 0.441406 0.320312 0.433594 0.347656 0.433594 0.347656 0.425781 0.343750 0.421875 0.343750 0.402344 0.335938 0.402344 0.332031 0.398438 0.332031 0.386719
4 0.859375 0.296875 0.859375 0.312500 0.871094 0.312500 0.871094 0.300781 0.867188 0.296875
4 0.816406 0.242188 0.816406 0.257812 0.824219 0.265625 0.824219 0.289062 0.835938 0.289062 0.835938 0.242188
4 0.652344 0.214844 0.648438 0.218750 0.644531 0.218750 0.644531 0.226562 0.636719 0.234375 0.636719 0.257812 0.632812 0.261719 0.609375 0.261719 0.609375 0.265625 0.605469 0.269531 0.601562 0.269531 0.601562 0.277344 0.609375 0.277344 0.613281 0.273438 0.628906 0.273438 0.632812 0.269531 0.648438 0.269531 0.652344 0.273438 0.652344 0.296875 0.656250 0.300781 0.675781 0.300781 0.679688 0.304688 0.687500 0.304688 0.687500 0.296875 0.675781 0.285156 0.675781 0.281250 0.656250 0.281250 0.652344 0.277344 0.652344 0.242188 0.656250 0.238281 0.660156 0.238281 0.664062 0.234375 0.664062 0.222656 0.660156 0.218750 0.660156 0.214844
4 0.566406 0.199219 0.566406 0.210938 0.562500 0.214844 0.562500 0.246094 0.558594 0.250000 0.531250 0.250000 0.527344 0.246094 0.519531 0.246094 0.519531 0.253906 0.523438 0.257812 0.523438 0.281250 0.535156 0.281250 0.539062 0.285156 0.539062 0.312500 0.531250 0.320312 0.531250 0.339844 0.535156 0.343750 0.535156 0.371094 0.531250 0.375000 0.531250 0.406250 0.527344 0.410156 0.523438 0.410156 0.523438 0.421875 0.531250 0.421875 0.535156 0.425781 0.535156 0.429688 0.539062 0.433594 0.542969 0.433594 0.546875 0.437500 0.546875 0.457031 0.542969 0.460938 0.542969 0.472656 0.546875 0.476562 0.546875 0.496094 0.542969 0.500000 0.539062 0.500000 0.535156 0.503906 0.531250 0.503906 0.531250 0.507812 0.527344 0.511719 0.484375 0.511719 0.480469 0.507812 0.464844 0.507812 0.464844 0.511719 0.460938 0.515625 0.441406 0.515625 0.437500 0.511719 0.433594 0.511719 0.429688 0.507812 0.402344 0.507812 0.398438 0.503906 0.398438 0.476562 0.386719 0.476562 0.382812 0.472656 0.382812 0.468750 0.375000 0.468750 0.375000 0.476562 0.386719 0.476562 0.390625 0.480469 0.390625 0.507812 0.386719 0.511719 0.375000 0.511719 0.375000 0.519531 0.394531 0.519531 0.398438 0.523438 0.398438 0.531250 0.402344 0.535156 0.402344 0.542969 0.406250 0.546875 0.406250 0.574219 0.402344 0.578125 0.402344 0.585938 0.410156 0.593750 0.410156 0.605469 0.414062 0.605469 0.417969 0.609375 0.417969 0.613281 0.421875 0.617188 0.425781 0.617188 0.429688 0.621094 0.429688 0.652344 0.441406 0.652344 0.445312 0.656250 0.445312 0.660156 0.449219 0.660156 0.453125 0.664062 0.453125 0.695312 0.449219 0.699219 0.425781 0.699219 0.425781 0.707031 0.433594 0.707031 0.437500 0.710938 0.445312 0.710938 0.449219 0.714844 0.449219 0.722656 0.457031 0.722656 0.457031 0.718750 0.460938 0.714844 0.488281 0.714844 0.496094 0.722656 0.496094 0.730469 0.519531 0.730469 0.523438 0.734375 0.523438 0.746094 0.535156 0.746094 0.535156 0.734375 0.539062 0.730469 0.566406 0.730469 0.570312 0.734375 0.570312 0.750000 0.558594 0.761719 0.558594 0.773438 0.554688 0.777344 0.542969 0.777344 0.542969 0.804688 0.539062 0.808594 0.539062 0.816406 0.546875 0.824219 0.546875 0.843750 0.542969 0.847656 0.523438 0.847656 0.519531 0.843750 0.511719 0.843750 0.507812 0.847656 0.503906 0.847656 0.503906 0.875000 0.523438 0.875000 0.527344 0.878906 0.527344 0.894531 0.523438 0.898438 0.523438 0.906250 0.542969 0.906250 0.546875 0.910156 0.546875 0.917969 0.550781 0.921875 0.566406 0.921875 0.570312 0.917969 0.578125 0.917969 0.578125 0.914062 0.585938 0.906250 0.593750 0.906250 0.597656 0.902344 0.601562 0.902344 0.601562 0.894531 0.609375 0.886719 0.621094 0.886719 0.625000 0.882812 0.628906 0.882812 0.632812 0.878906 0.636719 0.878906 0.640625 0.875000 0.648438 0.875000 0.652344 0.871094 0.667969 0.871094 0.671875 0.867188 0.679688 0.867188 0.683594 0.863281 0.699219 0.863281 0.699219 0.859375 0.707031 0.851562 0.707031 0.835938 0.710938 0.832031 0.710938 0.828125 0.718750 0.820312 0.722656 0.820312 0.722656 0.812500 0.726562 0.808594 0.738281 0.808594 0.750000 0.796875 0.761719 0.796875 0.761719 0.792969 0.769531 0.785156 0.769531 0.781250 0.781250 0.769531 0.785156 0.769531 0.785156 0.765625 0.789062 0.761719 0.789062 0.757812 0.800781 0.746094 0.800781 0.742188 0.804688 0.738281 0.804688 0.734375 0.808594 0.730469 0.808594 0.710938 0.816406 0.703125 0.816406 0.695312 0.804688 0.695312 0.800781 0.691406 0.800781 0.675781 0.808594 0.667969 0.812500 0.667969 0.812500 0.660156 0.816406 0.656250 0.828125 0.656250 0.828125 0.632812 0.824219 0.628906 0.824219 0.625000 0.820312 0.621094 0.820312 0.593750 0.824219 0.589844 0.839844 0.589844 0.839844 0.562500 0.847656 0.554688 0.847656 0.546875 0.835938 0.546875 0.835938 0.570312 0.832031 0.574219 0.828125 0.574219 0.828125 0.578125 0.824219 0.582031 0.781250 0.582031 0.781250 0.589844 0.777344 0.593750 0.757812 0.593750 0.753906 0.597656 0.750000 0.597656 0.750000 0.605469 0.742188 0.613281 0.738281 0.613281 0.734375 0.617188 0.734375 0.628906 0.738281 0.632812 0.753906 0.632812 0.757812 0.636719 0.757812 0.671875 0.753906 0.675781 0.718750 0.675781 0.714844 0.671875 0.710938 0.671875 0.707031 0.667969 0.707031 0.656250 0.703125 0.652344 0.703125 0.648438 0.695312 0.648438 0.687500 0.640625 0.683594 0.640625 0.679688 0.636719 0.679688 0.613281 0.671875 0.613281 0.671875 0.621094 0.667969 0.625000 0.648438 0.625000 0.648438 0.640625 0.644531 0.644531 0.625000 0.644531 0.621094 0.640625 0.621094 0.621094 0.625000 0.617188 0.636719 0.617188 0.636719 0.609375 0.628906 0.609375 0.628906 0.613281 0.625000 0.617188 0.613281 0.617188 0.609375 0.621094 0.558594 0.621094 0.554688 0.617188 0.554688 0.593750 0.558594 0.589844 0.562500 0.589844 0.562500 0.585938 0.566406 0.582031 0.582031 0.582031 0.582031 0.570312 0.570312 0.570312 0.562500 0.562500 0.562500 0.558594 0.558594 0.554688 0.558594 0.531250 0.562500 0.527344 0.574219 0.527344 0.574219 0.523438 0.578125 0.519531 0.589844 0.519531 0.589844 0.511719 0.585938 0.507812 0.585938 0.496094 0.558594 0.496094 0.554688 0.492188 0.554688 0.476562 0.558594 0.472656 0.558594 0.457031 0.562500 0.453125 0.566406 0.453125 0.566406 0.441406 0.570312 0.437500 0.593750 0.437500 0.601562 0.445312 0.601562 0.449219 0.613281 0.449219 0.613281 0.425781 0.562500 0.425781 0.558594 0.421875 0.558594 0.406250 0.562500 0.402344 0.585938 0.402344 0.589844 0.398438 0.589844 0.390625 0.566406 0.390625 0.562500 0.386719 0.562500 0.382812 0.558594 0.378906 0.558594 0.363281 0.566406 0.355469 0.566406 0.308594 0.570312 0.304688 0.570312 0.285156 0.566406 0.281250 0.566406 0.265625 0.570312 0.261719 0.585938 0.261719 0.585938 0.242188 0.578125 0.242188 0.574219 0.238281 0.574219 0.214844 0.582031 0.207031 0.582031 0.199219
4 0.234375 0.199219 0.234375 0.214844 0.230469 0.218750 0.230469 0.226562 0.242188 0.226562 0.242188 0.214844 0.250000 0.207031 0.250000 0.199219
4 0.753906 0.175781 0.753906 0.183594 0.765625 0.183594 0.769531 0.187500 0.769531 0.191406 0.777344 0.191406 0.777344 0.183594 0.765625 0.183594 0.761719 0.179688 0.761719 0.175781
4 0.273438 0.171875 0.273438 0.179688 0.281250 0.179688 0.281250 0.171875
4 0.289062 0.156250 0.289062 0.167969 0.304688 0.167969 0.308594 0.164062 0.308594 0.156250
4 0.718750 0.132812 0.718750 0.140625 0.714844 0.144531 0.691406 0.144531 0.691406 0.156250 0.710938 0.156250 0.714844 0.160156 0.714844 0.164062 0.722656 0.164062 0.726562 0.160156 0.730469 0.160156 0.730469 0.144531 0.726562 0.140625 0.726562 0.132812
4 0.335938 0.125000 0.332031 0.128906 0.332031 0.132812 0.328125 0.136719 0.328125 0.144531 0.335938 0.144531 0.343750 0.136719 0.343750 0.125000
4 0.382812 0.101562 0.382812 0.113281 0.378906 0.117188 0.371094 0.117188 0.371094 0.128906 0.378906 0.128906 0.382812 0.125000 0.382812 0.117188 0.386719 0.113281 0.390625 0.113281 0.394531 0.109375 0.398438 0.109375 0.398438 0.101562
4 0.515625 0.011719 0.515625 0.019531 0.519531 0.023438 0.519531 0.062500 0.515625 0.066406 0.511719 0.066406 0.511719 0.078125 0.515625 0.082031 0.531250 0.082031 0.535156 0.078125 0.570312 0.078125 0.574219 0.082031 0.578125 0.082031 0.582031 0.085938 0.585938 0.085938 0.589844 0.089844 0.593750 0.089844 0.597656 0.093750 0.597656 0.101562 0.601562 0.105469 0.601562 0.117188 0.605469 0.117188 0.609375 0.121094 0.609375 0.132812 0.621094 0.132812 0.621094 0.125000 0.625000 0.121094 0.640625 0.121094 0.644531 0.125000 0.644531 0.128906 0.667969 0.128906 0.667969 0.125000 0.671875 0.121094 0.671875 0.113281 0.664062 0.113281 0.660156 0.117188 0.644531 0.117188 0.640625 0.113281 0.640625 0.097656 0.632812 0.097656 0.632812 0.101562 0.628906 0.105469 0.609375 0.105469 0.605469 0.101562 0.605469 0.085938 0.601562 0.082031 0.597656 0.082031 0.589844 0.074219 0.589844 0.070312 0.585938 0.070312 0.582031 0.066406 0.582031 0.062500 0.578125 0.062500 0.574219 0.058594 0.574219 0.050781 0.570312 0.046875 0.570312 0.042969 0.566406 0.042969 0.562500 0.039062 0.558594 0.039062 0.554688 0.035156 0.550781 0.035156 0.546875 0.031250 0.546875 0.027344 0.535156 0.015625 0.535156 0.011719
