4 0.347656 0.863281 0.343750 0.867188 0.343750 0.894531 0.347656 0.894531 0.351562 0.898438 0.351562 0.906250 0.355469 0.910156 0.359375 0.910156 0.367188 0.917969 0.367188 0.921875 0.371094 0.925781 0.375000 0.925781 0.378906 0.929688 0.378906 0.933594 0.394531 0.933594 0.398438 0.937500 0.421875 0.937500 0.421875 0.933594 0.425781 0.929688 0.445312 0.929688 0.445312 0.921875 0.437500 0.921875 0.433594 0.925781 0.406250 0.925781 0.402344 0.921875 0.398438 0.921875 0.394531 0.917969 0.394531 0.871094 0.386719 0.871094 0.382812 0.875000 0.382812 0.878906 0.378906 0.882812 0.363281 0.882812 0.359375 0.878906 0.359375 0.867188 0.355469 0.863281
4 0.414062 0.777344 0.414062 0.785156 0.417969 0.789062 0.417969 0.796875 0.421875 0.800781 0.429688 0.800781 0.433594 0.804688 0.433594 0.808594 0.441406 0.808594 0.441406 0.800781 0.437500 0.800781 0.433594 0.796875 0.433594 0.785156 0.429688 0.785156 0.421875 0.777344
4 0.546875 0.757812 0.546875 0.761719 0.542969 0.765625 0.527344 0.765625 0.523438 0.761719 0.511719 0.761719 0.503906 0.769531 0.503906 0.777344 0.519531 0.777344 0.523438 0.773438 0.527344 0.773438 0.531250 0.769531 0.546875 0.769531 0.550781 0.773438 0.558594 0.773438 0.558594 0.769531 0.562500 0.765625 0.570312 0.765625 0.570312 0.757812
4 0.375000 0.750000 0.375000 0.761719 0.378906 0.765625 0.390625 0.765625 0.390625 0.757812 0.382812 0.750000
4 0.351562 0.714844 0.351562 0.730469 0.355469 0.734375 0.359375 0.734375 0.363281 0.738281 0.371094 0.738281 0.371094 0.722656 0.367188 0.718750 0.367188 0.714844
4 0.453125 0.671875 0.453125 0.687500 0.464844 0.687500 0.464844 0.679688 0.460938 0.675781 0.460938 0.671875
4 0.351562 0.671875 0.351562 0.679688 0.359375 0.679688 0.359375 0.671875
4 0.683594 0.570312 0.679688 0.574219 0.656250 0.574219 0.652344 0.578125 0.652344 0.589844 0.664062 0.601562 0.687500 0.601562 0.687500 0.597656 0.691406 0.593750 0.699219 0.593750 0.703125 0.589844 0.718750 0.589844 0.722656 0.593750 0.730469 0.593750 0.734375 0.589844 0.734375 0.582031 0.726562 0.582031 0.722656 0.578125 0.718750 0.578125 0.714844 0.574219 0.699219 0.574219 0.695312 0.570312
4 0.148438 0.550781 0.148438 0.558594 0.152344 0.562500 0.152344 0.566406 0.156250 0.566406 0.167969 0.578125 0.167969 0.593750 0.171875 0.593750 0.175781 0.597656 0.175781 0.601562 0.179688 0.605469 0.179688 0.609375 0.187500 0.609375 0.187500 0.605469 0.191406 0.601562 0.191406 0.589844 0.183594 0.589844 0.179688 0.585938 0.179688 0.578125 0.175781 0.574219 0.175781 0.554688 0.164062 0.554688 0.160156 0.550781
4 0.269531 0.511719 0.269531 0.515625 0.265625 0.519531 0.250000 0.519531 0.250000 0.523438 0.246094 0.527344 0.242188 0.527344 0.238281 0.531250 0.234375 0.531250 0.234375 0.539062 0.230469 0.542969 0.226562 0.542969 0.210938 0.558594 0.210938 0.562500 0.207031 0.566406 0.203125 0.566406 0.203125 0.578125 0.230469 0.578125 0.230469 0.574219 0.234375 0.570312 0.238281 0.570312 0.238281 0.562500 0.246094 0.554688 0.281250 0.554688 0.285156 0.558594 0.285156 0.605469 0.300781 0.605469 0.304688 0.609375 0.308594 0.609375 0.316406 0.617188 0.324219 0.617188 0.328125 0.621094 0.328125 0.625000 0.335938 0.632812 0.339844 0.632812 0.347656 0.640625 0.347656 0.648438 0.355469 0.648438 0.363281 0.640625 0.367188 0.640625 0.371094 0.636719 0.371094 0.628906 0.363281 0.628906 0.355469 0.621094 0.351562 0.621094 0.347656 0.617188 0.347656 0.613281 0.339844 0.605469 0.335938 0.605469 0.332031 0.601562 0.332031 0.589844 0.328125 0.589844 0.324219 0.585938 0.324219 0.582031 0.320312 0.578125 0.320312 0.570312 0.316406 0.570312 0.300781 0.554688 0.300781 0.542969 0.289062 0.542969 0.281250 0.535156 0.281250 0.511719
4 0.308594 0.500000 0.308594 0.535156 0.316406 0.535156 0.320312 0.531250 0.324219 0.531250 0.324219 0.519531 0.320312 0.515625 0.320312 0.500000
4 0.675781 0.484375 0.675781 0.503906 0.671875 0.507812 0.648438 0.507812 0.644531 0.503906 0.632812 0.503906 0.628906 0.507812 0.621094 0.507812 0.617188 0.511719 0.613281 0.511719 0.613281 0.519531 0.617188 0.519531 0.621094 0.523438 0.621094 0.527344 0.625000 0.531250 0.625000 0.535156 0.632812 0.535156 0.632812 0.531250 0.636719 0.527344 0.648438 0.527344 0.648438 0.523438 0.652344 0.519531 0.671875 0.519531 0.675781 0.523438 0.675781 0.527344 0.679688 0.527344 0.687500 0.535156 0.695312 0.535156 0.695312 0.523438 0.691406 0.519531 0.691406 0.484375
4 0.097656 0.468750 0.097656 0.476562 0.093750 0.480469 0.093750 0.503906 0.097656 0.507812 0.097656 0.519531 0.105469 0.519531 0.109375 0.515625 0.113281 0.515625 0.113281 0.503906 0.109375 0.500000 0.109375 0.472656 0.105469 0.468750
4 0.429688 0.437500 0.429688 0.445312 0.425781 0.449219 0.417969 0.449219 0.417969 0.472656 0.414062 0.476562 0.414062 0.484375 0.417969 0.488281 0.421875 0.488281 0.425781 0.492188 0.425781 0.496094 0.429688 0.500000 0.429688 0.527344 0.425781 0.531250 0.425781 0.539062 0.429688 0.542969 0.429688 0.589844 0.425781 0.593750 0.425781 0.609375 0.417969 0.617188 0.417969 0.632812 0.414062 0.636719 0.398438 0.636719 0.398438 0.652344 0.394531 0.656250 0.390625 0.656250 0.386719 0.660156 0.382812 0.660156 0.382812 0.675781 0.386719 0.679688 0.386719 0.691406 0.394531 0.691406 0.398438 0.687500 0.402344 0.687500 0.402344 0.683594 0.406250 0.679688 0.410156 0.679688 0.410156 0.671875 0.414062 0.667969 0.414062 0.644531 0.417969 0.640625 0.437500 0.640625 0.441406 0.636719 0.464844 0.636719 0.468750 0.632812 0.468750 0.625000 0.464844 0.625000 0.460938 0.621094 0.460938 0.613281 0.449219 0.613281 0.445312 0.609375 0.445312 0.578125 0.449219 0.574219 0.457031 0.574219 0.457031 0.531250 0.460938 0.527344 0.460938 0.519531 0.457031 0.515625 0.457031 0.472656 0.449219 0.464844 0.449219 0.457031 0.445312 0.457031 0.437500 0.449219 0.437500 0.437500
4 0.378906 0.394531 0.371094 0.402344 0.371094 0.406250 0.363281 0.414062 0.355469 0.414062 0.355469 0.417969 0.347656 0.425781 0.343750 0.425781 0.343750 0.433594 0.347656 0.437500 0.347656 0.457031 0.367188 0.457031 0.371094 0.460938 0.382812 0.460938 0.382812 0.453125 0.378906 0.449219 0.378906 0.414062 0.382812 0.410156 0.382812 0.406250 0.386719 0.402344 0.386719 0.394531
4 0.695312 0.378906 0.691406 0.382812 0.687500 0.382812 0.687500 0.394531 0.683594 0.398438 0.683594 0.406250 0.699219 0.406250 0.703125 0.410156 0.703125 0.414062 0.707031 0.417969 0.707031 0.429688 0.710938 0.433594 0.710938 0.460938 0.707031 0.464844 0.707031 0.476562 0.718750 0.476562 0.722656 0.480469 0.722656 0.500000 0.718750 0.503906 0.714844 0.503906 0.714844 0.511719 0.718750 0.515625 0.718750 0.519531 0.726562 0.519531 0.730469 0.515625 0.730469 0.503906 0.734375 0.500000 0.734375 0.484375 0.726562 0.484375 0.722656 0.480469 0.722656 0.464844 0.718750 0.460938 0.718750 0.441406 0.722656 0.437500 0.722656 0.414062 0.718750 0.410156 0.718750 0.406250 0.710938 0.398438 0.710938 0.378906
4 0.335938 0.335938 0.335938 0.347656 0.351562 0.347656 0.355469 0.351562 0.363281 0.351562 0.363281 0.339844 0.351562 0.339844 0.347656 0.335938
4 0.390625 0.281250 0.390625 0.289062 0.398438 0.289062 0.398438 0.281250
4 0.343750 0.277344 0.343750 0.292969 0.339844 0.296875 0.339844 0.304688 0.347656 0.312500 0.355469 0.312500 0.359375 0.308594 0.359375 0.304688 0.363281 0.300781 0.382812 0.300781 0.382812 0.292969 0.363281 0.292969 0.359375 0.289062 0.359375 0.277344
4 0.378906 0.257812 0.378906 0.269531 0.386719 0.269531 0.386719 0.257812
4 0.371094 0.156250 0.371094 0.160156 0.367188 0.164062 0.359375 0.164062 0.359375 0.175781 0.367188 0.183594 0.367188 0.195312 0.371094 0.195312 0.375000 0.199219 0.398438 0.199219 0.402344 0.195312 0.410156 0.195312 0.410156 0.187500 0.406250 0.183594 0.406250 0.171875 0.402344 0.167969 0.386719 0.167969 0.382812 0.164062 0.382812 0.156250
4 0.500000 0.152344 0.496094 0.156250 0.496094 0.164062 0.492188 0.167969 0.484375 0.167969 0.484375 0.175781 0.500000 0.175781 0.503906 0.179688 0.511719 0.179688 0.515625 0.183594 0.539062 0.183594 0.542969 0.187500 0.542969 0.191406 0.546875 0.191406 0.550781 0.195312 0.554688 0.195312 0.558594 0.199219 0.566406 0.199219 0.566406 0.187500 0.554688 0.187500 0.550781 0.183594 0.546875 0.183594 0.542969 0.179688 0.542969 0.175781 0.531250 0.164062 0.515625 0.164062 0.511719 0.160156 0.511719 0.156250 0.507812 0.152344
