4 0.191406 0.914062 0.191406 0.921875 0.195312 0.921875 0.199219 0.925781 0.207031 0.925781 0.207031 0.917969 0.203125 0.914062
4 0.292969 0.910156 0.289062 0.914062 0.285156 0.914062 0.285156 0.933594 0.281250 0.937500 0.250000 0.937500 0.242188 0.929688 0.214844 0.929688 0.214844 0.937500 0.218750 0.937500 0.226562 0.945312 0.238281 0.945312 0.242188 0.949219 0.242188 0.953125 0.246094 0.953125 0.250000 0.957031 0.265625 0.957031 0.269531 0.960938 0.281250 0.960938 0.285156 0.964844 0.292969 0.964844 0.296875 0.960938 0.308594 0.960938 0.308594 0.929688 0.312500 0.925781 0.328125 0.925781 0.328125 0.914062 0.324219 0.910156
4 0.175781 0.898438 0.175781 0.906250 0.183594 0.906250 0.183594 0.898438
4 0.546875 0.871094 0.546875 0.902344 0.550781 0.902344 0.554688 0.906250 0.554688 0.929688 0.558594 0.933594 0.558594 0.945312 0.566406 0.945312 0.566406 0.925781 0.570312 0.921875 0.578125 0.921875 0.578125 0.902344 0.562500 0.902344 0.558594 0.898438 0.558594 0.878906 0.554688 0.875000 0.554688 0.871094
4 0.296875 0.859375 0.296875 0.882812 0.312500 0.882812 0.316406 0.878906 0.316406 0.871094 0.312500 0.867188 0.312500 0.859375
4 0.148438 0.855469 0.148438 0.863281 0.152344 0.867188 0.152344 0.871094 0.160156 0.871094 0.164062 0.867188 0.164062 0.859375 0.160156 0.859375 0.156250 0.855469
4 0.105469 0.722656 0.105469 0.738281 0.109375 0.742188 0.109375 0.750000 0.113281 0.750000 0.117188 0.753906 0.117188 0.785156 0.121094 0.789062 0.121094 0.796875 0.125000 0.796875 0.128906 0.800781 0.128906 0.812500 0.132812 0.816406 0.132812 0.820312 0.140625 0.820312 0.140625 0.812500 0.136719 0.808594 0.136719 0.804688 0.132812 0.804688 0.128906 0.800781 0.128906 0.781250 0.125000 0.777344 0.125000 0.769531 0.121094 0.769531 0.117188 0.765625 0.117188 0.750000 0.121094 0.746094 0.128906 0.746094 0.128906 0.730469 0.125000 0.730469 0.121094 0.726562 0.117188 0.726562 0.113281 0.722656
4 0.199219 0.675781 0.199219 0.703125 0.195312 0.707031 0.195312 0.714844 0.199219 0.718750 0.199219 0.734375 0.195312 0.738281 0.171875 0.738281 0.171875 0.750000 0.183594 0.761719 0.183594 0.773438 0.187500 0.777344 0.218750 0.777344 0.222656 0.773438 0.222656 0.761719 0.226562 0.757812 0.226562 0.750000 0.222656 0.746094 0.222656 0.726562 0.226562 0.722656 0.238281 0.722656 0.238281 0.714844 0.242188 0.710938 0.246094 0.710938 0.253906 0.703125 0.253906 0.695312 0.226562 0.695312 0.222656 0.691406 0.222656 0.683594 0.218750 0.683594 0.214844 0.679688 0.210938 0.679688 0.207031 0.675781
4 0.867188 0.515625 0.863281 0.519531 0.863281 0.554688 0.867188 0.554688 0.871094 0.558594 0.871094 0.562500 0.875000 0.566406 0.882812 0.566406 0.886719 0.570312 0.886719 0.593750 0.894531 0.593750 0.898438 0.589844 0.898438 0.578125 0.894531 0.574219 0.894531 0.566406 0.890625 0.562500 0.890625 0.558594 0.886719 0.554688 0.886719 0.550781 0.882812 0.546875 0.882812 0.535156 0.878906 0.531250 0.878906 0.515625
4 0.226562 0.507812 0.226562 0.511719 0.222656 0.515625 0.222656 0.558594 0.218750 0.562500 0.218750 0.566406 0.214844 0.570312 0.210938 0.570312 0.210938 0.574219 0.207031 0.578125 0.207031 0.585938 0.230469 0.585938 0.230469 0.558594 0.234375 0.554688 0.234375 0.539062 0.242188 0.531250 0.242188 0.523438 0.238281 0.519531 0.238281 0.507812
4 0.246094 0.148438 0.238281 0.156250 0.234375 0.156250 0.226562 0.164062 0.183594 0.164062 0.179688 0.167969 0.179688 0.175781 0.210938 0.175781 0.214844 0.179688 0.218750 0.179688 0.222656 0.183594 0.246094 0.183594 0.250000 0.179688 0.250000 0.175781 0.253906 0.171875 0.257812 0.171875 0.257812 0.156250 0.253906 0.152344 0.253906 0.148438
4 0.437500 0.136719 0.437500 0.140625 0.433594 0.144531 0.433594 0.148438 0.429688 0.152344 0.429688 0.160156 0.425781 0.164062 0.425781 0.175781 0.421875 0.179688 0.421875 0.191406 0.417969 0.195312 0.417969 0.214844 0.414062 0.218750 0.414062 0.226562 0.417969 0.230469 0.417969 0.289062 0.429688 0.289062 0.429688 0.261719 0.425781 0.257812 0.425781 0.218750 0.429688 0.214844 0.429688 0.195312 0.437500 0.187500 0.437500 0.179688 0.441406 0.175781 0.441406 0.152344 0.445312 0.148438 0.445312 0.136719
4 0.660156 0.042969 0.660156 0.046875 0.656250 0.050781 0.652344 0.050781 0.644531 0.058594 0.644531 0.066406 0.648438 0.070312 0.664062 0.070312 0.667969 0.074219 0.667969 0.093750 0.671875 0.097656 0.671875 0.109375 0.679688 0.109375 0.683594 0.113281 0.683594 0.117188 0.687500 0.117188 0.691406 0.121094 0.691406 0.144531 0.695312 0.144531 0.703125 0.152344 0.710938 0.152344 0.710938 0.140625 0.703125 0.132812 0.703125 0.128906 0.695312 0.128906 0.691406 0.125000 0.691406 0.109375 0.687500 0.109375 0.683594 0.105469 0.683594 0.097656 0.679688 0.097656 0.675781 0.093750 0.675781 0.085938 0.671875 0.082031 0.671875 0.062500 0.675781 0.058594 0.675781 0.042969
