4 0.562500 0.949219 0.562500 0.957031 0.574219 0.957031 0.574219 0.949219
4 0.148438 0.902344 0.148438 0.910156 0.152344 0.910156 0.164062 0.921875 0.167969 0.921875 0.171875 0.925781 0.179688 0.925781 0.183594 0.929688 0.199219 0.929688 0.203125 0.933594 0.210938 0.933594 0.214844 0.937500 0.226562 0.937500 0.230469 0.941406 0.242188 0.941406 0.246094 0.945312 0.265625 0.945312 0.265625 0.941406 0.269531 0.937500 0.269531 0.925781 0.218750 0.925781 0.214844 0.921875 0.199219 0.921875 0.195312 0.917969 0.195312 0.914062 0.187500 0.914062 0.183594 0.910156 0.179688 0.910156 0.171875 0.902344
4 0.507812 0.871094 0.507812 0.882812 0.515625 0.882812 0.531250 0.898438 0.531250 0.917969 0.527344 0.921875 0.527344 0.929688 0.531250 0.929688 0.535156 0.933594 0.554688 0.933594 0.554688 0.925781 0.546875 0.917969 0.546875 0.882812 0.542969 0.878906 0.542969 0.871094
4 0.082031 0.867188 0.082031 0.875000 0.085938 0.875000 0.089844 0.878906 0.093750 0.878906 0.097656 0.882812 0.105469 0.882812 0.109375 0.886719 0.113281 0.886719 0.121094 0.894531 0.128906 0.894531 0.128906 0.878906 0.121094 0.878906 0.117188 0.875000 0.117188 0.871094 0.101562 0.871094 0.097656 0.867188
4 0.308594 0.824219 0.308594 0.828125 0.304688 0.832031 0.296875 0.832031 0.296875 0.851562 0.300781 0.855469 0.332031 0.855469 0.335938 0.859375 0.347656 0.859375 0.351562 0.863281 0.351562 0.871094 0.363281 0.871094 0.367188 0.875000 0.367188 0.886719 0.378906 0.886719 0.378906 0.878906 0.375000 0.875000 0.371094 0.875000 0.367188 0.871094 0.367188 0.859375 0.363281 0.855469 0.363281 0.843750 0.355469 0.835938 0.332031 0.835938 0.328125 0.832031 0.328125 0.828125 0.320312 0.828125 0.316406 0.824219
4 0.257812 0.800781 0.257812 0.808594 0.261719 0.812500 0.261719 0.824219 0.273438 0.824219 0.273438 0.820312 0.277344 0.816406 0.281250 0.816406 0.281250 0.808594 0.277344 0.804688 0.277344 0.800781
4 0.492188 0.773438 0.492188 0.781250 0.484375 0.789062 0.484375 0.812500 0.488281 0.816406 0.488281 0.820312 0.496094 0.828125 0.511719 0.828125 0.511719 0.820312 0.507812 0.816406 0.507812 0.792969 0.511719 0.789062 0.511719 0.777344 0.507812 0.773438
4 0.066406 0.761719 0.066406 0.769531 0.082031 0.769531 0.082031 0.761719
4 0.031250 0.695312 0.027344 0.699219 0.027344 0.718750 0.035156 0.726562 0.035156 0.730469 0.039062 0.734375 0.039062 0.757812 0.050781 0.757812 0.050781 0.707031 0.039062 0.695312
4 0.339844 0.605469 0.339844 0.609375 0.335938 0.613281 0.335938 0.625000 0.328125 0.632812 0.324219 0.632812 0.324219 0.644531 0.328125 0.648438 0.328125 0.652344 0.332031 0.652344 0.335938 0.656250 0.335938 0.679688 0.332031 0.683594 0.320312 0.683594 0.316406 0.687500 0.316406 0.703125 0.335938 0.703125 0.339844 0.707031 0.339844 0.722656 0.332031 0.730469 0.332031 0.789062 0.339844 0.789062 0.339844 0.773438 0.343750 0.769531 0.343750 0.757812 0.347656 0.753906 0.347656 0.718750 0.359375 0.707031 0.359375 0.683594 0.363281 0.679688 0.363281 0.667969 0.367188 0.664062 0.371094 0.664062 0.371094 0.648438 0.375000 0.644531 0.375000 0.636719 0.378906 0.632812 0.378906 0.621094 0.355469 0.621094 0.347656 0.613281 0.347656 0.605469
4 0.738281 0.496094 0.726562 0.507812 0.722656 0.507812 0.722656 0.515625 0.718750 0.519531 0.710938 0.519531 0.707031 0.523438 0.695312 0.523438 0.695312 0.539062 0.730469 0.539062 0.738281 0.546875 0.753906 0.546875 0.765625 0.535156 0.765625 0.527344 0.750000 0.527344 0.746094 0.523438 0.746094 0.496094
4 0.781250 0.484375 0.781250 0.492188 0.777344 0.496094 0.777344 0.503906 0.781250 0.507812 0.789062 0.507812 0.789062 0.503906 0.796875 0.496094 0.796875 0.484375
4 0.214844 0.480469 0.214844 0.484375 0.210938 0.488281 0.199219 0.488281 0.195312 0.492188 0.195312 0.500000 0.199219 0.503906 0.226562 0.503906 0.230469 0.507812 0.230469 0.519531 0.238281 0.519531 0.242188 0.515625 0.246094 0.515625 0.246094 0.503906 0.238281 0.503906 0.234375 0.500000 0.234375 0.484375 0.230469 0.484375 0.226562 0.480469
4 0.769531 0.457031 0.761719 0.464844 0.761719 0.472656 0.777344 0.472656 0.777344 0.457031
4 0.843750 0.441406 0.843750 0.453125 0.847656 0.457031 0.855469 0.457031 0.855469 0.449219 0.851562 0.445312 0.851562 0.441406
4 0.515625 0.437500 0.515625 0.449219 0.523438 0.449219 0.527344 0.445312 0.527344 0.437500
4 0.449219 0.410156 0.449219 0.414062 0.445312 0.417969 0.421875 0.417969 0.421875 0.421875 0.414062 0.429688 0.410156 0.429688 0.410156 0.441406 0.406250 0.445312 0.406250 0.453125 0.402344 0.457031 0.402344 0.464844 0.390625 0.476562 0.367188 0.476562 0.363281 0.480469 0.363281 0.500000 0.355469 0.507812 0.355469 0.531250 0.351562 0.535156 0.351562 0.542969 0.355469 0.546875 0.355469 0.550781 0.363281 0.558594 0.363281 0.562500 0.390625 0.562500 0.394531 0.566406 0.394531 0.570312 0.402344 0.570312 0.402344 0.562500 0.410156 0.554688 0.410156 0.550781 0.414062 0.546875 0.414062 0.539062 0.417969 0.535156 0.417969 0.523438 0.425781 0.515625 0.425781 0.503906 0.429688 0.500000 0.429688 0.484375 0.433594 0.480469 0.437500 0.480469 0.437500 0.472656 0.445312 0.464844 0.445312 0.453125 0.449219 0.449219 0.449219 0.433594 0.453125 0.429688 0.453125 0.421875 0.457031 0.417969 0.457031 0.410156
4 0.546875 0.382812 0.546875 0.386719 0.542969 0.390625 0.535156 0.390625 0.535156 0.398438 0.531250 0.402344 0.531250 0.410156 0.535156 0.414062 0.542969 0.414062 0.550781 0.421875 0.550781 0.433594 0.562500 0.433594 0.566406 0.429688 0.570312 0.429688 0.574219 0.425781 0.582031 0.425781 0.589844 0.417969 0.593750 0.417969 0.593750 0.410156 0.589844 0.406250 0.558594 0.406250 0.554688 0.402344 0.554688 0.382812
4 0.636719 0.308594 0.636719 0.320312 0.648438 0.320312 0.648438 0.312500 0.644531 0.308594
4 0.035156 0.167969 0.035156 0.171875 0.031250 0.175781 0.031250 0.179688 0.027344 0.183594 0.027344 0.187500 0.023438 0.191406 0.023438 0.195312 0.019531 0.199219 0.019531 0.207031 0.015625 0.210938 0.015625 0.218750 0.007812 0.226562 0.000000 0.226562 0.000000 0.320312 0.007812 0.320312 0.011719 0.324219 0.011719 0.339844 0.015625 0.343750 0.015625 0.359375 0.019531 0.363281 0.019531 0.367188 0.031250 0.367188 0.031250 0.359375 0.027344 0.355469 0.027344 0.320312 0.019531 0.312500 0.019531 0.304688 0.011719 0.296875 0.011719 0.277344 0.015625 0.273438 0.015625 0.253906 0.019531 0.250000 0.023438 0.250000 0.023438 0.238281 0.035156 0.226562 0.039062 0.226562 0.039062 0.179688 0.042969 0.175781 0.042969 0.167969
4 0.812500 0.140625 0.812500 0.148438 0.808594 0.152344 0.808594 0.160156 0.816406 0.160156 0.816406 0.152344 0.820312 0.148438 0.820312 0.140625
4 0.707031 0.097656 0.703125 0.101562 0.703125 0.113281 0.699219 0.117188 0.695312 0.117188 0.695312 0.121094 0.691406 0.125000 0.691406 0.132812 0.679688 0.144531 0.679688 0.152344 0.675781 0.156250 0.675781 0.160156 0.671875 0.164062 0.667969 0.164062 0.667969 0.179688 0.656250 0.191406 0.656250 0.195312 0.652344 0.199219 0.652344 0.203125 0.648438 0.207031 0.644531 0.207031 0.644531 0.214844 0.640625 0.218750 0.640625 0.222656 0.636719 0.226562 0.628906 0.226562 0.628906 0.234375 0.625000 0.238281 0.625000 0.246094 0.617188 0.253906 0.617188 0.257812 0.613281 0.261719 0.613281 0.265625 0.609375 0.269531 0.609375 0.277344 0.601562 0.285156 0.601562 0.289062 0.597656 0.292969 0.597656 0.304688 0.589844 0.312500 0.585938 0.312500 0.585938 0.316406 0.578125 0.324219 0.578125 0.339844 0.574219 0.343750 0.570312 0.343750 0.566406 0.347656 0.566406 0.355469 0.562500 0.359375 0.562500 0.367188 0.570312 0.367188 0.574219 0.363281 0.582031 0.363281 0.582031 0.359375 0.589844 0.351562 0.589844 0.343750 0.593750 0.339844 0.609375 0.339844 0.613281 0.343750 0.613281 0.347656 0.617188 0.351562 0.617188 0.355469 0.625000 0.355469 0.625000 0.335938 0.617188 0.335938 0.613281 0.332031 0.613281 0.300781 0.617188 0.296875 0.617188 0.289062 0.621094 0.285156 0.621094 0.277344 0.625000 0.273438 0.625000 0.269531 0.632812 0.261719 0.636719 0.261719 0.636719 0.253906 0.640625 0.250000 0.648438 0.250000 0.648438 0.234375 0.652344 0.230469 0.652344 0.222656 0.656250 0.218750 0.671875 0.218750 0.675781 0.222656 0.675781 0.234375 0.683594 0.234375 0.687500 0.238281 0.707031 0.238281 0.707031 0.226562 0.703125 0.222656 0.695312 0.222656 0.691406 0.218750 0.671875 0.218750 0.667969 0.214844 0.667969 0.199219 0.671875 0.195312 0.671875 0.191406 0.675781 0.187500 0.679688 0.187500 0.683594 0.183594 0.683594 0.167969 0.687500 0.164062 0.691406 0.164062 0.691406 0.160156 0.695312 0.156250 0.699219 0.156250 0.699219 0.136719 0.703125 0.132812 0.707031 0.132812 0.707031 0.128906 0.718750 0.117188 0.718750 0.097656
4 0.835938 0.058594 0.835938 0.082031 0.832031 0.085938 0.828125 0.085938 0.828125 0.093750 0.832031 0.097656 0.832031 0.101562 0.839844 0.101562 0.839844 0.078125 0.843750 0.074219 0.847656 0.074219 0.847656 0.058594
4 0.406250 0.054688 0.406250 0.066406 0.398438 0.074219 0.398438 0.082031 0.402344 0.085938 0.402344 0.109375 0.394531 0.117188 0.386719 0.117188 0.382812 0.121094 0.382812 0.132812 0.386719 0.136719 0.410156 0.136719 0.414062 0.132812 0.414062 0.113281 0.417969 0.109375 0.417969 0.093750 0.421875 0.089844 0.421875 0.074219 0.425781 0.070312 0.437500 0.070312 0.437500 0.058594 0.417969 0.058594 0.414062 0.054688
4 0.437500 0.023438 0.437500 0.031250 0.445312 0.031250 0.445312 0.023438
4 0.855469 0.000000 0.855469 0.019531 0.847656 0.027344 0.847656 0.035156 0.851562 0.039062 0.859375 0.039062 0.867188 0.031250 0.867188 0.019531 0.871094 0.015625 0.898438 0.015625 0.902344 0.011719 0.902344 0.000000
4 0.769531 0.000000 0.769531 0.019531 0.765625 0.023438 0.765625 0.031250 0.761719 0.035156 0.761719 0.039062 0.757812 0.042969 0.753906 0.042969 0.753906 0.062500 0.750000 0.066406 0.726562 0.066406 0.726562 0.089844 0.757812 0.089844 0.757812 0.074219 0.761719 0.070312 0.761719 0.058594 0.765625 0.054688 0.765625 0.050781 0.769531 0.046875 0.769531 0.042969 0.773438 0.039062 0.773438 0.031250 0.777344 0.027344 0.781250 0.027344 0.781250 0.023438 0.785156 0.019531 0.785156 0.000000
4 0.109375 0.000000 0.109375 0.011719 0.105469 0.015625 0.105469 0.023438 0.097656 0.031250 0.097656 0.035156 0.093750 0.039062 0.093750 0.042969 0.089844 0.046875 0.089844 0.050781 0.082031 0.058594 0.082031 0.062500 0.078125 0.066406 0.078125 0.070312 0.074219 0.074219 0.074219 0.078125 0.070312 0.082031 0.070312 0.085938 0.066406 0.089844 0.066406 0.093750 0.062500 0.097656 0.062500 0.101562 0.058594 0.105469 0.058594 0.117188 0.054688 0.121094 0.054688 0.128906 0.046875 0.136719 0.046875 0.144531 0.054688 0.144531 0.058594 0.140625 0.058594 0.136719 0.062500 0.132812 0.066406 0.132812 0.066406 0.121094 0.070312 0.117188 0.070312 0.113281 0.074219 0.109375 0.074219 0.105469 0.078125 0.101562 0.078125 0.093750 0.082031 0.089844 0.082031 0.085938 0.085938 0.082031 0.085938 0.070312 0.093750 0.062500 0.093750 0.058594 0.097656 0.054688 0.097656 0.050781 0.105469 0.042969 0.105469 0.039062 0.109375 0.035156 0.109375 0.031250 0.125000 0.015625 0.125000 0.007812 0.128906 0.003906 0.128906 0.000000
