4 0.351562 0.796875 0.351562 0.804688 0.359375 0.804688 0.359375 0.796875
4 0.457031 0.781250 0.457031 0.785156 0.453125 0.789062 0.453125 0.804688 0.445312 0.812500 0.445312 0.816406 0.437500 0.824219 0.410156 0.824219 0.406250 0.820312 0.406250 0.816406 0.402344 0.812500 0.390625 0.812500 0.386719 0.808594 0.378906 0.808594 0.378906 0.820312 0.386719 0.828125 0.398438 0.828125 0.402344 0.832031 0.402344 0.835938 0.410156 0.835938 0.414062 0.839844 0.421875 0.839844 0.433594 0.851562 0.433594 0.855469 0.437500 0.859375 0.437500 0.878906 0.453125 0.878906 0.460938 0.871094 0.460938 0.832031 0.457031 0.828125 0.457031 0.804688 0.460938 0.800781 0.472656 0.800781 0.472656 0.796875 0.476562 0.792969 0.476562 0.785156 0.468750 0.785156 0.464844 0.781250
4 0.312500 0.738281 0.312500 0.757812 0.316406 0.761719 0.316406 0.765625 0.320312 0.769531 0.320312 0.773438 0.332031 0.773438 0.335938 0.777344 0.335938 0.789062 0.343750 0.789062 0.343750 0.777344 0.339844 0.777344 0.335938 0.773438 0.335938 0.753906 0.324219 0.742188 0.324219 0.738281
4 0.527344 0.726562 0.527344 0.734375 0.531250 0.734375 0.535156 0.738281 0.535156 0.750000 0.539062 0.753906 0.539062 0.769531 0.535156 0.773438 0.523438 0.773438 0.523438 0.792969 0.539062 0.792969 0.542969 0.789062 0.542969 0.773438 0.546875 0.769531 0.566406 0.769531 0.566406 0.761719 0.570312 0.757812 0.574219 0.757812 0.574219 0.746094 0.550781 0.746094 0.546875 0.742188 0.546875 0.726562
4 0.410156 0.699219 0.410156 0.710938 0.406250 0.714844 0.390625 0.714844 0.386719 0.718750 0.386719 0.726562 0.394531 0.726562 0.398438 0.722656 0.402344 0.722656 0.402344 0.718750 0.406250 0.714844 0.425781 0.714844 0.425781 0.707031 0.421875 0.707031 0.417969 0.703125 0.417969 0.699219
4 0.605469 0.664062 0.605469 0.667969 0.601562 0.671875 0.593750 0.671875 0.593750 0.683594 0.589844 0.687500 0.589844 0.695312 0.597656 0.695312 0.597656 0.687500 0.601562 0.683594 0.601562 0.675781 0.605469 0.671875 0.613281 0.671875 0.613281 0.664062
4 0.367188 0.648438 0.367188 0.660156 0.382812 0.660156 0.386719 0.656250 0.390625 0.656250 0.390625 0.648438
4 0.355469 0.628906 0.355469 0.636719 0.363281 0.636719 0.363281 0.628906
4 0.335938 0.609375 0.335938 0.617188 0.339844 0.621094 0.347656 0.621094 0.347656 0.613281 0.343750 0.609375
4 0.664062 0.585938 0.656250 0.593750 0.656250 0.601562 0.652344 0.605469 0.648438 0.605469 0.644531 0.609375 0.640625 0.609375 0.640625 0.621094 0.636719 0.625000 0.636719 0.628906 0.632812 0.632812 0.628906 0.632812 0.628906 0.644531 0.625000 0.648438 0.621094 0.648438 0.621094 0.656250 0.628906 0.656250 0.628906 0.648438 0.632812 0.644531 0.636719 0.644531 0.636719 0.636719 0.640625 0.632812 0.648438 0.632812 0.648438 0.625000 0.652344 0.621094 0.667969 0.621094 0.671875 0.625000 0.687500 0.625000 0.687500 0.617188 0.695312 0.609375 0.699219 0.609375 0.699219 0.593750 0.695312 0.593750 0.691406 0.589844 0.675781 0.589844 0.671875 0.585938
4 0.300781 0.566406 0.300781 0.574219 0.304688 0.578125 0.304688 0.582031 0.308594 0.582031 0.312500 0.585938 0.312500 0.589844 0.320312 0.589844 0.320312 0.578125 0.316406 0.574219 0.316406 0.566406
4 0.539062 0.558594 0.539062 0.566406 0.546875 0.566406 0.546875 0.558594
4 0.281250 0.484375 0.281250 0.503906 0.277344 0.507812 0.277344 0.515625 0.281250 0.519531 0.281250 0.523438 0.289062 0.531250 0.304688 0.531250 0.304688 0.527344 0.308594 0.523438 0.308594 0.511719 0.304688 0.507812 0.304688 0.500000 0.300781 0.496094 0.300781 0.484375
4 0.613281 0.476562 0.609375 0.480469 0.601562 0.480469 0.601562 0.484375 0.597656 0.488281 0.597656 0.492188 0.593750 0.496094 0.574219 0.496094 0.570312 0.492188 0.570312 0.488281 0.562500 0.488281 0.562500 0.496094 0.570312 0.496094 0.574219 0.500000 0.574219 0.531250 0.570312 0.535156 0.570312 0.539062 0.566406 0.542969 0.562500 0.542969 0.562500 0.550781 0.570312 0.550781 0.574219 0.554688 0.597656 0.554688 0.601562 0.550781 0.617188 0.550781 0.617188 0.535156 0.625000 0.527344 0.632812 0.527344 0.636719 0.523438 0.644531 0.523438 0.644531 0.507812 0.640625 0.503906 0.640625 0.492188 0.636719 0.492188 0.632812 0.488281 0.632812 0.484375 0.625000 0.484375 0.621094 0.480469 0.621094 0.476562
4 0.632812 0.425781 0.632812 0.433594 0.636719 0.437500 0.656250 0.437500 0.660156 0.441406 0.660156 0.445312 0.664062 0.445312 0.667969 0.449219 0.667969 0.457031 0.675781 0.457031 0.679688 0.453125 0.703125 0.453125 0.703125 0.441406 0.687500 0.441406 0.679688 0.433594 0.667969 0.433594 0.664062 0.429688 0.664062 0.425781
4 0.589844 0.328125 0.582031 0.335938 0.582031 0.339844 0.578125 0.343750 0.578125 0.367188 0.574219 0.371094 0.554688 0.371094 0.554688 0.375000 0.546875 0.382812 0.535156 0.382812 0.535156 0.394531 0.554688 0.394531 0.558594 0.398438 0.562500 0.398438 0.566406 0.402344 0.566406 0.414062 0.582031 0.414062 0.585938 0.410156 0.589844 0.410156 0.589844 0.386719 0.585938 0.386719 0.582031 0.382812 0.582031 0.363281 0.585938 0.359375 0.597656 0.359375 0.597656 0.328125
4 0.695312 0.324219 0.695312 0.328125 0.691406 0.332031 0.691406 0.339844 0.707031 0.339844 0.710938 0.343750 0.710938 0.355469 0.718750 0.355469 0.718750 0.343750 0.710938 0.343750 0.707031 0.339844 0.707031 0.332031 0.703125 0.328125 0.703125 0.324219
4 0.550781 0.234375 0.550781 0.238281 0.546875 0.242188 0.527344 0.242188 0.527344 0.250000 0.531250 0.253906 0.531250 0.257812 0.539062 0.257812 0.542969 0.261719 0.542969 0.265625 0.574219 0.265625 0.574219 0.257812 0.570312 0.253906 0.570312 0.250000 0.566406 0.250000 0.562500 0.246094 0.562500 0.238281 0.558594 0.234375
4 0.605469 0.214844 0.597656 0.222656 0.593750 0.222656 0.593750 0.242188 0.597656 0.246094 0.605469 0.246094 0.609375 0.250000 0.613281 0.250000 0.617188 0.253906 0.617188 0.273438 0.613281 0.277344 0.613281 0.289062 0.609375 0.292969 0.609375 0.324219 0.628906 0.324219 0.632812 0.320312 0.636719 0.320312 0.636719 0.304688 0.640625 0.300781 0.648438 0.300781 0.648438 0.296875 0.652344 0.292969 0.667969 0.292969 0.671875 0.296875 0.671875 0.300781 0.675781 0.300781 0.679688 0.304688 0.679688 0.308594 0.687500 0.308594 0.687500 0.285156 0.683594 0.281250 0.683594 0.277344 0.671875 0.265625 0.671875 0.261719 0.660156 0.250000 0.656250 0.250000 0.652344 0.246094 0.652344 0.242188 0.648438 0.242188 0.644531 0.238281 0.632812 0.238281 0.621094 0.226562 0.621094 0.222656 0.613281 0.214844
4 0.460938 0.136719 0.460938 0.175781 0.457031 0.179688 0.457031 0.183594 0.453125 0.187500 0.414062 0.187500 0.410156 0.183594 0.410156 0.175781 0.402344 0.175781 0.398438 0.179688 0.367188 0.179688 0.367188 0.195312 0.371094 0.195312 0.375000 0.199219 0.375000 0.203125 0.378906 0.207031 0.382812 0.207031 0.386719 0.210938 0.386719 0.226562 0.390625 0.230469 0.390625 0.242188 0.414062 0.242188 0.417969 0.246094 0.417969 0.261719 0.425781 0.269531 0.425781 0.273438 0.429688 0.277344 0.429688 0.285156 0.433594 0.289062 0.433594 0.312500 0.437500 0.316406 0.437500 0.363281 0.441406 0.367188 0.441406 0.386719 0.437500 0.390625 0.437500 0.414062 0.433594 0.417969 0.425781 0.417969 0.425781 0.437500 0.421875 0.441406 0.394531 0.441406 0.390625 0.437500 0.390625 0.414062 0.386719 0.410156 0.386719 0.406250 0.382812 0.402344 0.375000 0.402344 0.375000 0.414062 0.378906 0.417969 0.378906 0.425781 0.382812 0.429688 0.382812 0.453125 0.378906 0.457031 0.371094 0.457031 0.367188 0.460938 0.367188 0.468750 0.363281 0.472656 0.359375 0.472656 0.359375 0.480469 0.355469 0.484375 0.351562 0.484375 0.351562 0.492188 0.367188 0.492188 0.371094 0.496094 0.371094 0.515625 0.378906 0.515625 0.378906 0.511719 0.382812 0.507812 0.402344 0.507812 0.402344 0.503906 0.406250 0.500000 0.433594 0.500000 0.437500 0.503906 0.437500 0.519531 0.445312 0.519531 0.449219 0.523438 0.449219 0.558594 0.445312 0.562500 0.445312 0.613281 0.449219 0.617188 0.453125 0.617188 0.457031 0.621094 0.457031 0.640625 0.460938 0.640625 0.464844 0.644531 0.464844 0.660156 0.460938 0.664062 0.460938 0.675781 0.457031 0.679688 0.457031 0.699219 0.449219 0.707031 0.449219 0.734375 0.457031 0.742188 0.457031 0.746094 0.464844 0.746094 0.468750 0.750000 0.468750 0.761719 0.476562 0.761719 0.480469 0.757812 0.484375 0.757812 0.484375 0.750000 0.472656 0.738281 0.472656 0.722656 0.480469 0.714844 0.484375 0.714844 0.484375 0.703125 0.488281 0.699219 0.488281 0.679688 0.492188 0.675781 0.492188 0.664062 0.488281 0.664062 0.484375 0.660156 0.484375 0.656250 0.480469 0.652344 0.480469 0.632812 0.488281 0.625000 0.492188 0.625000 0.492188 0.613281 0.488281 0.609375 0.488281 0.597656 0.484375 0.597656 0.480469 0.593750 0.480469 0.589844 0.476562 0.589844 0.472656 0.585938 0.472656 0.542969 0.476562 0.539062 0.496094 0.539062 0.496094 0.515625 0.500000 0.511719 0.503906 0.511719 0.515625 0.500000 0.515625 0.492188 0.519531 0.488281 0.531250 0.488281 0.535156 0.484375 0.539062 0.484375 0.539062 0.476562 0.531250 0.476562 0.527344 0.472656 0.527344 0.468750 0.515625 0.468750 0.511719 0.464844 0.511719 0.449219 0.515625 0.445312 0.515625 0.441406 0.523438 0.433594 0.523438 0.429688 0.527344 0.425781 0.527344 0.398438 0.507812 0.398438 0.503906 0.402344 0.492188 0.402344 0.492188 0.410156 0.484375 0.417969 0.484375 0.421875 0.480469 0.425781 0.480469 0.429688 0.476562 0.433594 0.460938 0.433594 0.457031 0.429688 0.457031 0.378906 0.453125 0.375000 0.453125 0.355469 0.449219 0.351562 0.449219 0.328125 0.453125 0.324219 0.472656 0.324219 0.472656 0.320312 0.476562 0.316406 0.496094 0.316406 0.496094 0.308594 0.500000 0.304688 0.503906 0.304688 0.503906 0.296875 0.496094 0.296875 0.496094 0.304688 0.492188 0.308594 0.484375 0.308594 0.480469 0.312500 0.445312 0.312500 0.441406 0.308594 0.441406 0.292969 0.445312 0.289062 0.445312 0.265625 0.449219 0.261719 0.449219 0.253906 0.453125 0.250000 0.453125 0.242188 0.457031 0.238281 0.460938 0.238281 0.460938 0.230469 0.441406 0.230469 0.437500 0.226562 0.437500 0.191406 0.441406 0.187500 0.476562 0.187500 0.480469 0.191406 0.492188 0.191406 0.496094 0.187500 0.496094 0.167969 0.492188 0.164062 0.492188 0.160156 0.468750 0.136719
