4 0.539062 0.906250 0.539062 0.917969 0.550781 0.917969 0.554688 0.914062 0.554688 0.906250
4 0.656250 0.750000 0.656250 0.765625 0.660156 0.765625 0.664062 0.769531 0.664062 0.773438 0.671875 0.773438 0.671875 0.753906 0.667969 0.750000
4 0.511719 0.714844 0.511719 0.718750 0.507812 0.722656 0.496094 0.722656 0.492188 0.726562 0.492188 0.757812 0.519531 0.757812 0.523438 0.761719 0.523438 0.769531 0.527344 0.769531 0.531250 0.773438 0.539062 0.773438 0.542969 0.769531 0.558594 0.769531 0.562500 0.773438 0.562500 0.789062 0.558594 0.792969 0.546875 0.792969 0.546875 0.808594 0.542969 0.812500 0.527344 0.812500 0.523438 0.808594 0.523438 0.792969 0.515625 0.792969 0.515625 0.796875 0.511719 0.800781 0.511719 0.808594 0.507812 0.812500 0.507812 0.824219 0.503906 0.828125 0.500000 0.828125 0.500000 0.832031 0.496094 0.835938 0.492188 0.835938 0.492188 0.851562 0.496094 0.855469 0.515625 0.855469 0.519531 0.859375 0.519531 0.878906 0.527344 0.878906 0.531250 0.875000 0.531250 0.847656 0.535156 0.843750 0.539062 0.843750 0.539062 0.828125 0.542969 0.824219 0.566406 0.824219 0.566406 0.796875 0.570312 0.792969 0.585938 0.792969 0.585938 0.781250 0.582031 0.777344 0.578125 0.777344 0.570312 0.769531 0.546875 0.769531 0.542969 0.765625 0.542969 0.750000 0.546875 0.746094 0.562500 0.746094 0.562500 0.742188 0.570312 0.734375 0.574219 0.734375 0.574219 0.714844 0.566406 0.714844 0.566406 0.722656 0.558594 0.730469 0.531250 0.730469 0.527344 0.726562 0.523438 0.726562 0.519531 0.722656 0.519531 0.714844
4 0.636719 0.667969 0.636719 0.675781 0.640625 0.679688 0.652344 0.679688 0.656250 0.683594 0.656250 0.710938 0.660156 0.714844 0.671875 0.714844 0.671875 0.699219 0.667969 0.695312 0.667969 0.671875 0.664062 0.667969
4 0.207031 0.648438 0.207031 0.664062 0.218750 0.664062 0.218750 0.648438
4 0.738281 0.609375 0.738281 0.621094 0.742188 0.625000 0.742188 0.628906 0.761719 0.628906 0.761719 0.609375
4 0.503906 0.601562 0.503906 0.617188 0.507812 0.617188 0.511719 0.621094 0.511719 0.644531 0.507812 0.648438 0.500000 0.648438 0.496094 0.652344 0.492188 0.652344 0.492188 0.675781 0.507812 0.675781 0.511719 0.679688 0.511719 0.687500 0.523438 0.687500 0.527344 0.691406 0.527344 0.695312 0.535156 0.695312 0.539062 0.691406 0.550781 0.691406 0.550781 0.664062 0.554688 0.660156 0.562500 0.660156 0.562500 0.652344 0.550781 0.640625 0.550781 0.636719 0.542969 0.636719 0.539062 0.632812 0.539062 0.628906 0.535156 0.625000 0.531250 0.625000 0.527344 0.621094 0.515625 0.621094 0.511719 0.617188 0.511719 0.601562
4 0.175781 0.589844 0.175781 0.593750 0.171875 0.597656 0.171875 0.605469 0.179688 0.613281 0.179688 0.617188 0.187500 0.617188 0.191406 0.613281 0.191406 0.597656 0.183594 0.589844
4 0.707031 0.585938 0.703125 0.589844 0.695312 0.589844 0.695312 0.601562 0.691406 0.605469 0.683594 0.605469 0.683594 0.617188 0.703125 0.617188 0.703125 0.605469 0.707031 0.601562 0.714844 0.601562 0.714844 0.585938
4 0.160156 0.554688 0.160156 0.562500 0.164062 0.566406 0.164062 0.574219 0.171875 0.574219 0.171875 0.558594 0.167969 0.554688
4 0.863281 0.492188 0.859375 0.496094 0.847656 0.496094 0.843750 0.500000 0.839844 0.500000 0.839844 0.519531 0.835938 0.523438 0.835938 0.527344 0.832031 0.531250 0.816406 0.531250 0.812500 0.527344 0.812500 0.519531 0.804688 0.519531 0.800781 0.523438 0.796875 0.523438 0.796875 0.539062 0.855469 0.539062 0.859375 0.535156 0.859375 0.523438 0.867188 0.515625 0.867188 0.511719 0.871094 0.507812 0.871094 0.503906 0.875000 0.500000 0.878906 0.500000 0.878906 0.492188
4 0.140625 0.421875 0.140625 0.429688 0.136719 0.433594 0.136719 0.464844 0.132812 0.468750 0.132812 0.527344 0.156250 0.527344 0.160156 0.531250 0.167969 0.531250 0.167969 0.523438 0.144531 0.523438 0.140625 0.519531 0.140625 0.503906 0.144531 0.500000 0.144531 0.484375 0.156250 0.472656 0.160156 0.472656 0.160156 0.468750 0.164062 0.464844 0.164062 0.453125 0.156250 0.453125 0.152344 0.449219 0.152344 0.433594 0.156250 0.429688 0.156250 0.421875
4 0.632812 0.402344 0.632812 0.406250 0.628906 0.410156 0.613281 0.410156 0.613281 0.417969 0.617188 0.421875 0.617188 0.437500 0.609375 0.445312 0.597656 0.445312 0.593750 0.449219 0.582031 0.449219 0.582031 0.472656 0.589844 0.472656 0.593750 0.476562 0.593750 0.488281 0.601562 0.488281 0.601562 0.460938 0.605469 0.457031 0.613281 0.457031 0.613281 0.453125 0.617188 0.449219 0.621094 0.449219 0.621094 0.437500 0.625000 0.433594 0.644531 0.433594 0.648438 0.437500 0.648438 0.449219 0.660156 0.449219 0.667969 0.457031 0.667969 0.472656 0.664062 0.476562 0.664062 0.484375 0.675781 0.484375 0.683594 0.492188 0.683594 0.496094 0.695312 0.496094 0.699219 0.500000 0.699219 0.515625 0.710938 0.515625 0.714844 0.519531 0.714844 0.527344 0.718750 0.527344 0.722656 0.531250 0.722656 0.539062 0.726562 0.539062 0.730469 0.542969 0.730469 0.566406 0.734375 0.566406 0.738281 0.570312 0.746094 0.570312 0.746094 0.554688 0.742188 0.550781 0.742188 0.539062 0.738281 0.535156 0.738281 0.531250 0.734375 0.527344 0.734375 0.523438 0.730469 0.519531 0.730469 0.515625 0.722656 0.507812 0.722656 0.503906 0.718750 0.500000 0.718750 0.492188 0.714844 0.492188 0.710938 0.488281 0.710938 0.472656 0.714844 0.468750 0.718750 0.468750 0.726562 0.460938 0.726562 0.457031 0.730469 0.453125 0.742188 0.453125 0.742188 0.429688 0.738281 0.425781 0.738281 0.421875 0.730469 0.421875 0.722656 0.429688 0.710938 0.429688 0.707031 0.433594 0.671875 0.433594 0.664062 0.425781 0.648438 0.425781 0.644531 0.421875 0.644531 0.417969 0.640625 0.414062 0.640625 0.402344
4 0.371094 0.320312 0.371094 0.324219 0.367188 0.328125 0.359375 0.328125 0.359375 0.332031 0.355469 0.335938 0.351562 0.335938 0.351562 0.343750 0.347656 0.347656 0.343750 0.347656 0.343750 0.351562 0.328125 0.367188 0.324219 0.367188 0.324219 0.371094 0.320312 0.375000 0.316406 0.375000 0.316406 0.382812 0.312500 0.386719 0.308594 0.386719 0.308594 0.398438 0.304688 0.402344 0.289062 0.402344 0.289062 0.417969 0.285156 0.421875 0.281250 0.421875 0.281250 0.437500 0.277344 0.441406 0.273438 0.441406 0.269531 0.445312 0.265625 0.445312 0.265625 0.449219 0.261719 0.453125 0.257812 0.453125 0.257812 0.460938 0.261719 0.464844 0.261719 0.492188 0.265625 0.496094 0.265625 0.500000 0.273438 0.500000 0.277344 0.496094 0.281250 0.496094 0.285156 0.492188 0.285156 0.457031 0.292969 0.449219 0.292969 0.445312 0.296875 0.441406 0.300781 0.441406 0.300781 0.414062 0.304688 0.410156 0.316406 0.410156 0.316406 0.394531 0.320312 0.390625 0.343750 0.390625 0.347656 0.394531 0.347656 0.410156 0.351562 0.414062 0.351562 0.421875 0.359375 0.421875 0.363281 0.425781 0.363281 0.457031 0.371094 0.464844 0.390625 0.464844 0.394531 0.468750 0.394531 0.476562 0.398438 0.480469 0.402344 0.480469 0.406250 0.484375 0.414062 0.484375 0.421875 0.492188 0.433594 0.492188 0.437500 0.488281 0.445312 0.488281 0.445312 0.480469 0.437500 0.480469 0.433594 0.476562 0.421875 0.476562 0.417969 0.472656 0.410156 0.472656 0.406250 0.468750 0.406250 0.449219 0.402344 0.445312 0.390625 0.445312 0.386719 0.441406 0.386719 0.429688 0.375000 0.429688 0.371094 0.425781 0.371094 0.390625 0.359375 0.390625 0.355469 0.386719 0.355469 0.371094 0.359375 0.367188 0.367188 0.367188 0.367188 0.343750 0.375000 0.335938 0.382812 0.335938 0.382812 0.324219 0.378906 0.320312
4 0.492188 0.304688 0.492188 0.308594 0.488281 0.312500 0.488281 0.355469 0.484375 0.359375 0.484375 0.394531 0.480469 0.398438 0.480469 0.417969 0.488281 0.425781 0.492188 0.425781 0.496094 0.429688 0.496094 0.445312 0.492188 0.449219 0.492188 0.472656 0.496094 0.476562 0.496094 0.492188 0.492188 0.496094 0.492188 0.511719 0.496094 0.515625 0.496094 0.539062 0.492188 0.542969 0.492188 0.558594 0.503906 0.558594 0.503906 0.531250 0.507812 0.527344 0.511719 0.527344 0.515625 0.523438 0.539062 0.523438 0.539062 0.507812 0.527344 0.507812 0.523438 0.503906 0.523438 0.500000 0.519531 0.500000 0.515625 0.496094 0.515625 0.472656 0.511719 0.468750 0.511719 0.445312 0.515625 0.441406 0.519531 0.441406 0.523438 0.437500 0.523438 0.429688 0.519531 0.429688 0.515625 0.425781 0.515625 0.402344 0.519531 0.398438 0.519531 0.394531 0.527344 0.386719 0.542969 0.386719 0.546875 0.390625 0.558594 0.390625 0.562500 0.394531 0.562500 0.417969 0.570312 0.417969 0.570312 0.414062 0.574219 0.410156 0.578125 0.410156 0.578125 0.406250 0.582031 0.402344 0.605469 0.402344 0.605469 0.394531 0.597656 0.394531 0.593750 0.390625 0.593750 0.386719 0.585938 0.386719 0.578125 0.378906 0.578125 0.375000 0.566406 0.375000 0.562500 0.371094 0.558594 0.371094 0.554688 0.367188 0.554688 0.355469 0.550781 0.355469 0.546875 0.351562 0.546875 0.347656 0.542969 0.347656 0.539062 0.343750 0.539062 0.339844 0.535156 0.335938 0.531250 0.335938 0.523438 0.328125 0.523438 0.324219 0.515625 0.324219 0.511719 0.320312 0.511719 0.316406 0.507812 0.312500 0.507812 0.308594 0.503906 0.304688
4 0.191406 0.300781 0.191406 0.320312 0.187500 0.324219 0.187500 0.328125 0.183594 0.332031 0.183594 0.351562 0.179688 0.355469 0.179688 0.363281 0.183594 0.367188 0.183594 0.371094 0.191406 0.371094 0.195312 0.367188 0.195312 0.355469 0.203125 0.347656 0.203125 0.343750 0.210938 0.335938 0.210938 0.324219 0.207031 0.320312 0.207031 0.308594 0.203125 0.308594 0.199219 0.304688 0.199219 0.300781
4 0.558594 0.210938 0.558594 0.222656 0.562500 0.222656 0.570312 0.230469 0.574219 0.230469 0.578125 0.234375 0.578125 0.250000 0.574219 0.253906 0.570312 0.253906 0.570312 0.277344 0.578125 0.277344 0.582031 0.281250 0.593750 0.281250 0.597656 0.277344 0.597656 0.273438 0.601562 0.269531 0.621094 0.269531 0.625000 0.273438 0.625000 0.281250 0.628906 0.285156 0.628906 0.289062 0.636719 0.296875 0.636719 0.300781 0.640625 0.300781 0.644531 0.304688 0.644531 0.328125 0.640625 0.332031 0.617188 0.332031 0.613281 0.328125 0.613281 0.324219 0.605469 0.324219 0.605469 0.335938 0.609375 0.339844 0.609375 0.347656 0.628906 0.347656 0.632812 0.351562 0.632812 0.363281 0.640625 0.363281 0.640625 0.355469 0.644531 0.351562 0.644531 0.339844 0.648438 0.335938 0.667969 0.335938 0.671875 0.339844 0.671875 0.343750 0.679688 0.351562 0.687500 0.351562 0.691406 0.347656 0.707031 0.347656 0.707031 0.335938 0.710938 0.332031 0.730469 0.332031 0.730469 0.324219 0.714844 0.324219 0.710938 0.320312 0.667969 0.320312 0.664062 0.316406 0.664062 0.312500 0.656250 0.312500 0.652344 0.308594 0.652344 0.296875 0.648438 0.292969 0.648438 0.277344 0.644531 0.277344 0.640625 0.273438 0.640625 0.250000 0.632812 0.250000 0.628906 0.253906 0.628906 0.257812 0.625000 0.261719 0.609375 0.261719 0.597656 0.250000 0.597656 0.222656 0.593750 0.222656 0.589844 0.218750 0.582031 0.218750 0.578125 0.214844 0.578125 0.210938
4 0.242188 0.167969 0.238281 0.171875 0.234375 0.171875 0.234375 0.187500 0.230469 0.191406 0.226562 0.191406 0.218750 0.199219 0.218750 0.210938 0.214844 0.214844 0.214844 0.218750 0.210938 0.222656 0.210938 0.226562 0.207031 0.230469 0.207031 0.234375 0.203125 0.238281 0.203125 0.250000 0.199219 0.253906 0.199219 0.261719 0.207031 0.269531 0.207031 0.277344 0.218750 0.277344 0.222656 0.281250 0.222656 0.296875 0.253906 0.296875 0.261719 0.289062 0.261719 0.281250 0.242188 0.281250 0.238281 0.277344 0.238281 0.257812 0.234375 0.253906 0.234375 0.187500 0.238281 0.183594 0.246094 0.183594 0.246094 0.179688 0.250000 0.175781 0.250000 0.167969
4 0.503906 0.039062 0.503906 0.042969 0.500000 0.046875 0.496094 0.046875 0.496094 0.050781 0.488281 0.058594 0.488281 0.066406 0.480469 0.074219 0.480469 0.089844 0.476562 0.093750 0.449219 0.093750 0.445312 0.097656 0.445312 0.105469 0.449219 0.109375 0.457031 0.109375 0.464844 0.101562 0.480469 0.101562 0.484375 0.105469 0.484375 0.125000 0.488281 0.128906 0.488281 0.152344 0.492188 0.156250 0.492188 0.218750 0.500000 0.218750 0.500000 0.214844 0.503906 0.210938 0.503906 0.187500 0.507812 0.183594 0.507812 0.156250 0.503906 0.152344 0.503906 0.113281 0.515625 0.101562 0.519531 0.101562 0.519531 0.085938 0.523438 0.082031 0.546875 0.082031 0.546875 0.078125 0.550781 0.074219 0.585938 0.074219 0.585938 0.066406 0.578125 0.058594 0.578125 0.054688 0.574219 0.054688 0.570312 0.050781 0.566406 0.050781 0.562500 0.046875 0.554688 0.046875 0.550781 0.042969 0.539062 0.042969 0.535156 0.039062
