4 0.609375 0.863281 0.609375 0.875000 0.605469 0.878906 0.601562 0.878906 0.601562 0.890625 0.597656 0.894531 0.597656 0.902344 0.593750 0.906250 0.589844 0.906250 0.585938 0.910156 0.582031 0.910156 0.578125 0.914062 0.574219 0.914062 0.570312 0.917969 0.535156 0.917969 0.531250 0.914062 0.511719 0.914062 0.511719 0.929688 0.519531 0.929688 0.523438 0.933594 0.523438 0.960938 0.519531 0.964844 0.519531 0.972656 0.515625 0.976562 0.515625 0.984375 0.535156 0.984375 0.535156 0.980469 0.546875 0.968750 0.546875 0.964844 0.550781 0.960938 0.554688 0.960938 0.558594 0.957031 0.562500 0.957031 0.566406 0.953125 0.570312 0.953125 0.570312 0.949219 0.574219 0.945312 0.574219 0.937500 0.578125 0.933594 0.582031 0.933594 0.582031 0.929688 0.589844 0.921875 0.589844 0.917969 0.593750 0.914062 0.601562 0.914062 0.605469 0.910156 0.605469 0.894531 0.609375 0.890625 0.628906 0.890625 0.632812 0.894531 0.640625 0.894531 0.640625 0.882812 0.644531 0.878906 0.656250 0.878906 0.660156 0.875000 0.667969 0.875000 0.667969 0.867188 0.644531 0.867188 0.644531 0.871094 0.640625 0.875000 0.625000 0.875000 0.621094 0.871094 0.621094 0.863281
4 0.371094 0.863281 0.371094 0.878906 0.378906 0.878906 0.382812 0.882812 0.382812 0.894531 0.398438 0.894531 0.398438 0.886719 0.394531 0.886719 0.390625 0.882812 0.386719 0.882812 0.382812 0.878906 0.382812 0.871094 0.378906 0.867188 0.378906 0.863281
4 0.328125 0.851562 0.328125 0.859375 0.332031 0.863281 0.332031 0.867188 0.339844 0.867188 0.339844 0.855469 0.335938 0.851562
4 0.714844 0.832031 0.714844 0.835938 0.710938 0.839844 0.691406 0.839844 0.691406 0.851562 0.714844 0.851562 0.718750 0.855469 0.726562 0.855469 0.730469 0.851562 0.730469 0.835938 0.726562 0.835938 0.722656 0.832031
4 0.289062 0.828125 0.289062 0.839844 0.308594 0.839844 0.308594 0.832031 0.304688 0.828125
4 0.265625 0.812500 0.265625 0.820312 0.269531 0.820312 0.273438 0.824219 0.281250 0.824219 0.281250 0.816406 0.277344 0.816406 0.273438 0.812500
4 0.769531 0.804688 0.769531 0.808594 0.765625 0.812500 0.753906 0.812500 0.753906 0.820312 0.761719 0.820312 0.761719 0.816406 0.765625 0.812500 0.777344 0.812500 0.777344 0.804688
4 0.230469 0.769531 0.230469 0.777344 0.234375 0.781250 0.234375 0.789062 0.238281 0.792969 0.238281 0.796875 0.250000 0.796875 0.250000 0.789062 0.246094 0.785156 0.246094 0.781250 0.242188 0.777344 0.242188 0.769531
4 0.824219 0.707031 0.824219 0.726562 0.820312 0.730469 0.820312 0.734375 0.816406 0.738281 0.816406 0.753906 0.835938 0.753906 0.835938 0.707031
4 0.679688 0.691406 0.675781 0.695312 0.656250 0.695312 0.652344 0.699219 0.652344 0.722656 0.648438 0.726562 0.628906 0.726562 0.625000 0.722656 0.613281 0.722656 0.609375 0.718750 0.601562 0.718750 0.601562 0.726562 0.605469 0.726562 0.609375 0.730469 0.609375 0.734375 0.632812 0.734375 0.636719 0.738281 0.636719 0.761719 0.644531 0.769531 0.644531 0.777344 0.648438 0.777344 0.652344 0.781250 0.660156 0.781250 0.660156 0.777344 0.664062 0.773438 0.664062 0.761719 0.660156 0.757812 0.656250 0.757812 0.652344 0.753906 0.652344 0.718750 0.656250 0.714844 0.675781 0.714844 0.675781 0.710938 0.687500 0.699219 0.687500 0.691406
4 0.859375 0.683594 0.859375 0.699219 0.867188 0.699219 0.871094 0.695312 0.871094 0.683594
4 0.367188 0.589844 0.367188 0.597656 0.375000 0.597656 0.375000 0.589844
4 0.304688 0.554688 0.296875 0.562500 0.296875 0.570312 0.300781 0.570312 0.304688 0.574219 0.304688 0.593750 0.308594 0.593750 0.312500 0.597656 0.320312 0.597656 0.324219 0.601562 0.324219 0.609375 0.332031 0.609375 0.332031 0.597656 0.335938 0.593750 0.343750 0.593750 0.343750 0.574219 0.347656 0.570312 0.347656 0.562500 0.320312 0.562500 0.312500 0.554688
4 0.441406 0.542969 0.437500 0.546875 0.437500 0.554688 0.453125 0.554688 0.453125 0.546875 0.449219 0.542969
4 0.625000 0.527344 0.625000 0.531250 0.621094 0.535156 0.617188 0.535156 0.617188 0.542969 0.613281 0.546875 0.601562 0.546875 0.601562 0.550781 0.593750 0.558594 0.585938 0.558594 0.585938 0.566406 0.589844 0.570312 0.613281 0.570312 0.613281 0.546875 0.617188 0.542969 0.632812 0.542969 0.636719 0.539062 0.640625 0.539062 0.640625 0.531250 0.636719 0.527344
4 0.750000 0.433594 0.746094 0.437500 0.742188 0.437500 0.742188 0.445312 0.746094 0.445312 0.750000 0.449219 0.765625 0.449219 0.765625 0.437500 0.761719 0.437500 0.757812 0.433594
4 0.343750 0.406250 0.343750 0.417969 0.339844 0.421875 0.332031 0.421875 0.328125 0.425781 0.328125 0.433594 0.335938 0.441406 0.335938 0.445312 0.347656 0.445312 0.351562 0.449219 0.351562 0.464844 0.359375 0.472656 0.367188 0.472656 0.367188 0.453125 0.363281 0.449219 0.363281 0.414062 0.359375 0.414062 0.351562 0.406250
4 0.164062 0.378906 0.164062 0.382812 0.160156 0.386719 0.156250 0.386719 0.152344 0.390625 0.140625 0.390625 0.132812 0.398438 0.132812 0.402344 0.128906 0.406250 0.128906 0.414062 0.140625 0.414062 0.144531 0.410156 0.160156 0.410156 0.164062 0.414062 0.164062 0.433594 0.156250 0.441406 0.148438 0.441406 0.144531 0.445312 0.144531 0.460938 0.160156 0.460938 0.164062 0.457031 0.167969 0.457031 0.167969 0.445312 0.171875 0.441406 0.171875 0.421875 0.175781 0.417969 0.179688 0.417969 0.179688 0.414062 0.187500 0.406250 0.187500 0.390625 0.183594 0.390625 0.179688 0.386719 0.179688 0.378906
4 0.320312 0.343750 0.320312 0.371094 0.316406 0.375000 0.316406 0.382812 0.332031 0.382812 0.332031 0.343750
4 0.500000 0.234375 0.500000 0.242188 0.507812 0.242188 0.507812 0.234375
4 0.257812 0.234375 0.257812 0.242188 0.250000 0.250000 0.246094 0.250000 0.242188 0.253906 0.242188 0.257812 0.238281 0.261719 0.238281 0.273438 0.242188 0.277344 0.242188 0.281250 0.246094 0.281250 0.250000 0.285156 0.253906 0.285156 0.257812 0.289062 0.265625 0.289062 0.265625 0.269531 0.269531 0.265625 0.269531 0.246094 0.273438 0.242188 0.273438 0.234375
4 0.402344 0.156250 0.398438 0.160156 0.375000 0.160156 0.375000 0.167969 0.371094 0.171875 0.363281 0.171875 0.363281 0.175781 0.359375 0.179688 0.355469 0.179688 0.351562 0.183594 0.347656 0.183594 0.339844 0.191406 0.335938 0.191406 0.335938 0.199219 0.339844 0.199219 0.343750 0.203125 0.363281 0.203125 0.367188 0.207031 0.382812 0.207031 0.386719 0.203125 0.402344 0.203125 0.406250 0.207031 0.406250 0.218750 0.414062 0.218750 0.417969 0.222656 0.417969 0.242188 0.425781 0.242188 0.425781 0.218750 0.429688 0.214844 0.433594 0.214844 0.433594 0.187500 0.429688 0.183594 0.429688 0.167969 0.433594 0.164062 0.433594 0.156250
4 0.550781 0.074219 0.546875 0.078125 0.546875 0.085938 0.542969 0.089844 0.523438 0.089844 0.523438 0.105469 0.519531 0.109375 0.500000 0.109375 0.500000 0.113281 0.496094 0.117188 0.468750 0.117188 0.468750 0.121094 0.464844 0.125000 0.460938 0.125000 0.445312 0.140625 0.445312 0.152344 0.468750 0.152344 0.468750 0.136719 0.472656 0.132812 0.476562 0.132812 0.480469 0.128906 0.500000 0.128906 0.503906 0.132812 0.503906 0.148438 0.507812 0.148438 0.511719 0.152344 0.519531 0.152344 0.523438 0.148438 0.539062 0.148438 0.542969 0.152344 0.542969 0.175781 0.539062 0.179688 0.539062 0.187500 0.542969 0.191406 0.542969 0.218750 0.554688 0.218750 0.558594 0.222656 0.558594 0.234375 0.570312 0.246094 0.570312 0.261719 0.566406 0.265625 0.539062 0.265625 0.535156 0.261719 0.535156 0.250000 0.523438 0.250000 0.523438 0.261719 0.519531 0.265625 0.496094 0.265625 0.496094 0.273438 0.488281 0.281250 0.460938 0.281250 0.457031 0.277344 0.457031 0.273438 0.449219 0.273438 0.449219 0.281250 0.445312 0.285156 0.437500 0.285156 0.433594 0.289062 0.425781 0.289062 0.425781 0.296875 0.449219 0.296875 0.453125 0.300781 0.453125 0.324219 0.449219 0.328125 0.445312 0.328125 0.445312 0.339844 0.441406 0.343750 0.429688 0.343750 0.429688 0.375000 0.425781 0.378906 0.421875 0.378906 0.421875 0.386719 0.417969 0.390625 0.410156 0.390625 0.410156 0.402344 0.402344 0.410156 0.402344 0.417969 0.406250 0.421875 0.406250 0.449219 0.402344 0.453125 0.402344 0.460938 0.398438 0.464844 0.398438 0.472656 0.394531 0.476562 0.375000 0.476562 0.375000 0.484375 0.386719 0.484375 0.390625 0.488281 0.390625 0.515625 0.386719 0.519531 0.375000 0.519531 0.375000 0.527344 0.382812 0.527344 0.382812 0.523438 0.386719 0.519531 0.398438 0.519531 0.398438 0.492188 0.402344 0.488281 0.429688 0.488281 0.433594 0.484375 0.437500 0.484375 0.441406 0.480469 0.460938 0.480469 0.464844 0.484375 0.464844 0.488281 0.480469 0.488281 0.484375 0.484375 0.527344 0.484375 0.531250 0.488281 0.531250 0.492188 0.535156 0.496094 0.535156 0.515625 0.531250 0.519531 0.527344 0.519531 0.527344 0.527344 0.531250 0.531250 0.539062 0.531250 0.546875 0.539062 0.546875 0.558594 0.542969 0.562500 0.539062 0.562500 0.535156 0.566406 0.535156 0.570312 0.531250 0.574219 0.523438 0.574219 0.523438 0.585938 0.527344 0.585938 0.531250 0.589844 0.531250 0.593750 0.539062 0.601562 0.539062 0.621094 0.535156 0.625000 0.535156 0.652344 0.531250 0.656250 0.531250 0.675781 0.539062 0.683594 0.539062 0.710938 0.535156 0.714844 0.523438 0.714844 0.523438 0.738281 0.519531 0.742188 0.519531 0.750000 0.527344 0.750000 0.531250 0.746094 0.558594 0.746094 0.562500 0.750000 0.562500 0.781250 0.566406 0.785156 0.566406 0.796875 0.582031 0.796875 0.582031 0.789062 0.574219 0.781250 0.574219 0.757812 0.578125 0.753906 0.585938 0.753906 0.585938 0.734375 0.570312 0.734375 0.566406 0.730469 0.566406 0.714844 0.570312 0.710938 0.570312 0.691406 0.566406 0.687500 0.566406 0.640625 0.558594 0.632812 0.558594 0.617188 0.562500 0.613281 0.562500 0.609375 0.566406 0.605469 0.589844 0.605469 0.589844 0.597656 0.585938 0.593750 0.562500 0.593750 0.558594 0.589844 0.558594 0.558594 0.562500 0.554688 0.566406 0.554688 0.566406 0.546875 0.562500 0.546875 0.558594 0.542969 0.558594 0.523438 0.554688 0.519531 0.554688 0.503906 0.558594 0.500000 0.585938 0.500000 0.585938 0.488281 0.589844 0.484375 0.589844 0.476562 0.578125 0.476562 0.574219 0.472656 0.574219 0.468750 0.562500 0.468750 0.558594 0.464844 0.558594 0.429688 0.562500 0.425781 0.582031 0.425781 0.582031 0.414062 0.566406 0.414062 0.562500 0.410156 0.562500 0.406250 0.558594 0.406250 0.554688 0.402344 0.554688 0.378906 0.558594 0.375000 0.609375 0.375000 0.613281 0.378906 0.621094 0.378906 0.625000 0.382812 0.625000 0.394531 0.632812 0.394531 0.632812 0.390625 0.636719 0.386719 0.636719 0.378906 0.625000 0.378906 0.621094 0.375000 0.621094 0.355469 0.625000 0.351562 0.644531 0.351562 0.648438 0.355469 0.648438 0.371094 0.667969 0.371094 0.671875 0.375000 0.671875 0.382812 0.679688 0.382812 0.679688 0.359375 0.683594 0.355469 0.687500 0.355469 0.695312 0.347656 0.703125 0.347656 0.703125 0.343750 0.707031 0.339844 0.707031 0.328125 0.710938 0.324219 0.714844 0.324219 0.718750 0.320312 0.753906 0.320312 0.757812 0.324219 0.757812 0.359375 0.753906 0.363281 0.738281 0.363281 0.734375 0.367188 0.734375 0.378906 0.738281 0.382812 0.742188 0.382812 0.750000 0.390625 0.750000 0.398438 0.753906 0.398438 0.757812 0.402344 0.777344 0.402344 0.781250 0.406250 0.781250 0.414062 0.824219 0.414062 0.828125 0.417969 0.828125 0.421875 0.832031 0.421875 0.835938 0.425781 0.835938 0.449219 0.847656 0.449219 0.847656 0.441406 0.839844 0.433594 0.839844 0.406250 0.824219 0.406250 0.820312 0.402344 0.820312 0.375000 0.824219 0.371094 0.824219 0.367188 0.828125 0.363281 0.828125 0.339844 0.816406 0.339844 0.812500 0.335938 0.812500 0.328125 0.808594 0.328125 0.800781 0.320312 0.800781 0.304688 0.804688 0.300781 0.816406 0.300781 0.816406 0.292969 0.808594 0.285156 0.808594 0.265625 0.804688 0.261719 0.804688 0.257812 0.800781 0.253906 0.800781 0.250000 0.789062 0.238281 0.789062 0.234375 0.785156 0.230469 0.785156 0.226562 0.781250 0.226562 0.769531 0.214844 0.769531 0.210938 0.761719 0.203125 0.761719 0.199219 0.750000 0.199219 0.738281 0.187500 0.726562 0.187500 0.722656 0.183594 0.722656 0.175781 0.718750 0.175781 0.710938 0.167969 0.710938 0.164062 0.707031 0.160156 0.707031 0.144531 0.699219 0.136719 0.699219 0.132812 0.683594 0.132812 0.679688 0.128906 0.671875 0.128906 0.667969 0.125000 0.652344 0.125000 0.648438 0.121094 0.636719 0.121094 0.632812 0.117188 0.628906 0.117188 0.621094 0.109375 0.609375 0.109375 0.601562 0.101562 0.601562 0.093750 0.597656 0.093750 0.593750 0.089844 0.585938 0.089844 0.574219 0.078125 0.570312 0.078125 0.566406 0.074219
