4 0.023438 0.699219 0.023438 0.714844 0.039062 0.730469 0.054688 0.730469 0.054688 0.714844 0.050781 0.714844 0.046875 0.710938 0.039062 0.710938 0.031250 0.703125 0.031250 0.699219
4 0.000000 0.679688 0.000000 0.691406 0.015625 0.691406 0.015625 0.679688
4 0.265625 0.625000 0.261719 0.628906 0.257812 0.628906 0.257812 0.640625 0.253906 0.644531 0.246094 0.644531 0.242188 0.648438 0.242188 0.652344 0.238281 0.656250 0.238281 0.664062 0.242188 0.667969 0.253906 0.667969 0.257812 0.664062 0.273438 0.664062 0.273438 0.625000
4 0.433594 0.617188 0.433594 0.625000 0.429688 0.628906 0.429688 0.648438 0.425781 0.652344 0.406250 0.652344 0.402344 0.656250 0.402344 0.664062 0.406250 0.667969 0.406250 0.675781 0.410156 0.679688 0.421875 0.679688 0.421875 0.660156 0.425781 0.656250 0.445312 0.656250 0.445312 0.621094 0.441406 0.617188
4 0.296875 0.566406 0.296875 0.578125 0.308594 0.578125 0.312500 0.574219 0.312500 0.566406
4 0.687500 0.503906 0.683594 0.507812 0.683594 0.511719 0.679688 0.515625 0.664062 0.515625 0.660156 0.511719 0.660156 0.507812 0.644531 0.507812 0.640625 0.511719 0.628906 0.511719 0.625000 0.515625 0.625000 0.523438 0.628906 0.527344 0.640625 0.527344 0.644531 0.531250 0.644531 0.558594 0.636719 0.566406 0.621094 0.566406 0.617188 0.570312 0.617188 0.574219 0.613281 0.578125 0.597656 0.578125 0.597656 0.589844 0.621094 0.589844 0.625000 0.593750 0.625000 0.605469 0.632812 0.605469 0.636719 0.609375 0.644531 0.609375 0.648438 0.605469 0.648438 0.585938 0.652344 0.582031 0.660156 0.582031 0.664062 0.578125 0.671875 0.578125 0.671875 0.570312 0.679688 0.562500 0.687500 0.562500 0.687500 0.554688 0.683594 0.550781 0.679688 0.550781 0.675781 0.546875 0.675781 0.527344 0.679688 0.523438 0.695312 0.523438 0.699219 0.527344 0.707031 0.527344 0.707031 0.515625 0.703125 0.515625 0.699219 0.511719 0.699219 0.503906
4 0.839844 0.453125 0.835938 0.457031 0.835938 0.460938 0.832031 0.464844 0.804688 0.464844 0.804688 0.488281 0.808594 0.488281 0.812500 0.492188 0.824219 0.492188 0.824219 0.476562 0.828125 0.472656 0.843750 0.472656 0.847656 0.468750 0.851562 0.468750 0.855469 0.464844 0.863281 0.464844 0.863281 0.457031 0.855469 0.457031 0.851562 0.453125
4 0.324219 0.433594 0.324219 0.441406 0.328125 0.445312 0.328125 0.460938 0.320312 0.468750 0.304688 0.468750 0.300781 0.464844 0.281250 0.464844 0.277344 0.460938 0.269531 0.460938 0.269531 0.480469 0.273438 0.480469 0.277344 0.484375 0.277344 0.503906 0.281250 0.507812 0.281250 0.511719 0.285156 0.515625 0.292969 0.515625 0.292969 0.503906 0.296875 0.500000 0.324219 0.500000 0.324219 0.496094 0.328125 0.492188 0.351562 0.492188 0.351562 0.480469 0.343750 0.480469 0.339844 0.476562 0.339844 0.460938 0.347656 0.453125 0.355469 0.453125 0.355469 0.445312 0.335938 0.445312 0.332031 0.441406 0.332031 0.433594
4 0.417969 0.414062 0.417969 0.433594 0.421875 0.437500 0.421875 0.441406 0.425781 0.445312 0.425781 0.449219 0.472656 0.449219 0.476562 0.445312 0.476562 0.437500 0.472656 0.433594 0.449219 0.433594 0.445312 0.429688 0.445312 0.425781 0.437500 0.425781 0.425781 0.414062
4 0.292969 0.308594 0.292969 0.316406 0.289062 0.320312 0.285156 0.320312 0.285156 0.324219 0.281250 0.328125 0.281250 0.347656 0.285156 0.351562 0.292969 0.351562 0.292969 0.320312 0.296875 0.316406 0.300781 0.316406 0.300781 0.308594
4 0.308594 0.234375 0.304688 0.238281 0.300781 0.238281 0.300781 0.242188 0.296875 0.246094 0.292969 0.246094 0.289062 0.250000 0.285156 0.250000 0.285156 0.257812 0.289062 0.257812 0.292969 0.261719 0.300781 0.261719 0.304688 0.265625 0.304688 0.296875 0.347656 0.296875 0.347656 0.285156 0.351562 0.281250 0.351562 0.273438 0.347656 0.269531 0.347656 0.265625 0.320312 0.265625 0.316406 0.261719 0.316406 0.246094 0.320312 0.242188 0.320312 0.234375
4 0.464844 0.210938 0.464844 0.222656 0.468750 0.222656 0.472656 0.226562 0.472656 0.238281 0.476562 0.242188 0.480469 0.242188 0.484375 0.246094 0.492188 0.246094 0.496094 0.242188 0.496094 0.230469 0.492188 0.226562 0.492188 0.218750 0.480469 0.218750 0.476562 0.214844 0.476562 0.210938
4 0.480469 0.183594 0.480469 0.195312 0.496094 0.195312 0.496094 0.187500 0.492188 0.187500 0.488281 0.183594
4 0.652344 0.167969 0.652344 0.191406 0.648438 0.195312 0.625000 0.195312 0.625000 0.203125 0.621094 0.207031 0.617188 0.207031 0.617188 0.214844 0.652344 0.214844 0.652344 0.210938 0.656250 0.207031 0.667969 0.207031 0.671875 0.203125 0.675781 0.203125 0.675781 0.195312 0.671875 0.191406 0.667969 0.191406 0.660156 0.183594 0.660156 0.167969
4 0.332031 0.140625 0.332031 0.144531 0.328125 0.148438 0.328125 0.152344 0.324219 0.156250 0.304688 0.156250 0.304688 0.160156 0.292969 0.171875 0.292969 0.187500 0.296875 0.191406 0.296875 0.199219 0.312500 0.199219 0.312500 0.195312 0.316406 0.191406 0.332031 0.191406 0.332031 0.179688 0.335938 0.175781 0.363281 0.175781 0.363281 0.171875 0.367188 0.167969 0.371094 0.167969 0.371094 0.164062 0.375000 0.160156 0.394531 0.160156 0.398438 0.164062 0.398438 0.179688 0.406250 0.187500 0.406250 0.191406 0.410156 0.195312 0.410156 0.218750 0.429688 0.218750 0.429688 0.207031 0.425781 0.203125 0.425781 0.183594 0.421875 0.183594 0.417969 0.179688 0.417969 0.175781 0.414062 0.171875 0.414062 0.156250 0.406250 0.148438 0.398438 0.148438 0.394531 0.152344 0.343750 0.152344 0.339844 0.148438 0.339844 0.140625
