4 0.519531 0.636719 0.519531 0.640625 0.507812 0.652344 0.507812 0.660156 0.511719 0.664062 0.515625 0.664062 0.519531 0.667969 0.519531 0.671875 0.539062 0.671875 0.542969 0.675781 0.542969 0.683594 0.550781 0.683594 0.550781 0.679688 0.554688 0.675781 0.562500 0.675781 0.562500 0.667969 0.546875 0.667969 0.542969 0.664062 0.542969 0.648438 0.539062 0.644531 0.535156 0.644531 0.527344 0.636719
4 0.390625 0.632812 0.390625 0.640625 0.398438 0.640625 0.398438 0.632812
4 0.734375 0.613281 0.726562 0.621094 0.722656 0.621094 0.718750 0.625000 0.699219 0.625000 0.699219 0.679688 0.695312 0.683594 0.664062 0.683594 0.660156 0.679688 0.660156 0.664062 0.648438 0.664062 0.644531 0.660156 0.632812 0.660156 0.632812 0.667969 0.648438 0.667969 0.652344 0.671875 0.652344 0.683594 0.667969 0.683594 0.671875 0.687500 0.671875 0.707031 0.683594 0.707031 0.687500 0.703125 0.691406 0.703125 0.695312 0.699219 0.707031 0.699219 0.707031 0.679688 0.710938 0.675781 0.726562 0.675781 0.730469 0.679688 0.730469 0.687500 0.738281 0.687500 0.742188 0.683594 0.761719 0.683594 0.765625 0.687500 0.765625 0.695312 0.769531 0.699219 0.773438 0.699219 0.777344 0.703125 0.777344 0.714844 0.781250 0.718750 0.781250 0.726562 0.785156 0.730469 0.785156 0.746094 0.792969 0.746094 0.792969 0.734375 0.796875 0.730469 0.812500 0.730469 0.812500 0.718750 0.808594 0.718750 0.804688 0.714844 0.804688 0.687500 0.808594 0.683594 0.808594 0.675781 0.789062 0.675781 0.785156 0.671875 0.785156 0.656250 0.789062 0.652344 0.789062 0.644531 0.769531 0.644531 0.757812 0.632812 0.757812 0.628906 0.753906 0.628906 0.746094 0.621094 0.746094 0.617188 0.742188 0.613281
4 0.449219 0.582031 0.449219 0.593750 0.445312 0.597656 0.429688 0.597656 0.429688 0.601562 0.425781 0.605469 0.421875 0.605469 0.417969 0.609375 0.414062 0.609375 0.414062 0.621094 0.425781 0.621094 0.429688 0.625000 0.429688 0.628906 0.437500 0.628906 0.437500 0.625000 0.441406 0.621094 0.445312 0.621094 0.445312 0.617188 0.449219 0.613281 0.453125 0.613281 0.453125 0.609375 0.457031 0.605469 0.460938 0.605469 0.468750 0.597656 0.472656 0.597656 0.472656 0.585938 0.464844 0.585938 0.460938 0.582031
4 0.515625 0.550781 0.515625 0.566406 0.507812 0.574219 0.507812 0.582031 0.515625 0.589844 0.539062 0.589844 0.539062 0.570312 0.535156 0.566406 0.535156 0.562500 0.531250 0.558594 0.531250 0.554688 0.527344 0.554688 0.523438 0.550781
4 0.812500 0.546875 0.808594 0.550781 0.796875 0.550781 0.796875 0.558594 0.800781 0.558594 0.804688 0.562500 0.816406 0.562500 0.820312 0.566406 0.832031 0.566406 0.835938 0.570312 0.847656 0.570312 0.851562 0.574219 0.855469 0.574219 0.859375 0.578125 0.867188 0.578125 0.867188 0.570312 0.863281 0.566406 0.859375 0.566406 0.851562 0.558594 0.843750 0.558594 0.839844 0.554688 0.824219 0.554688 0.820312 0.550781 0.820312 0.546875
4 0.910156 0.511719 0.910156 0.527344 0.906250 0.531250 0.906250 0.535156 0.902344 0.539062 0.902344 0.542969 0.898438 0.546875 0.894531 0.546875 0.890625 0.550781 0.890625 0.558594 0.898438 0.566406 0.898438 0.582031 0.894531 0.585938 0.894531 0.597656 0.902344 0.605469 0.902344 0.628906 0.894531 0.636719 0.890625 0.636719 0.882812 0.644531 0.882812 0.652344 0.878906 0.656250 0.878906 0.691406 0.886719 0.691406 0.886719 0.679688 0.890625 0.675781 0.890625 0.660156 0.906250 0.644531 0.906250 0.640625 0.914062 0.632812 0.914062 0.625000 0.917969 0.621094 0.925781 0.621094 0.925781 0.617188 0.929688 0.613281 0.929688 0.582031 0.925781 0.578125 0.917969 0.578125 0.914062 0.574219 0.914062 0.531250 0.917969 0.527344 0.917969 0.511719
4 0.898438 0.453125 0.898438 0.468750 0.906250 0.468750 0.910156 0.464844 0.910156 0.457031 0.906250 0.453125
4 0.117188 0.449219 0.113281 0.453125 0.113281 0.457031 0.105469 0.464844 0.101562 0.464844 0.093750 0.472656 0.089844 0.472656 0.085938 0.476562 0.085938 0.488281 0.082031 0.492188 0.082031 0.496094 0.074219 0.503906 0.066406 0.503906 0.066406 0.515625 0.070312 0.519531 0.070312 0.523438 0.074219 0.527344 0.074219 0.542969 0.078125 0.542969 0.082031 0.546875 0.089844 0.546875 0.093750 0.542969 0.093750 0.511719 0.101562 0.503906 0.105469 0.503906 0.109375 0.500000 0.132812 0.500000 0.132812 0.488281 0.128906 0.484375 0.128906 0.449219
4 0.726562 0.421875 0.726562 0.433594 0.730469 0.437500 0.730469 0.460938 0.734375 0.464844 0.734375 0.476562 0.738281 0.476562 0.742188 0.480469 0.742188 0.519531 0.738281 0.523438 0.734375 0.523438 0.734375 0.531250 0.730469 0.535156 0.695312 0.535156 0.691406 0.531250 0.671875 0.531250 0.667969 0.527344 0.660156 0.527344 0.656250 0.523438 0.640625 0.523438 0.636719 0.519531 0.625000 0.519531 0.621094 0.515625 0.609375 0.515625 0.605469 0.511719 0.605469 0.496094 0.597656 0.496094 0.593750 0.492188 0.593750 0.488281 0.589844 0.484375 0.585938 0.484375 0.582031 0.480469 0.582031 0.468750 0.566406 0.468750 0.566406 0.500000 0.562500 0.503906 0.500000 0.503906 0.496094 0.507812 0.480469 0.507812 0.476562 0.503906 0.464844 0.503906 0.460938 0.500000 0.445312 0.500000 0.445312 0.511719 0.488281 0.511719 0.492188 0.515625 0.507812 0.515625 0.511719 0.519531 0.527344 0.519531 0.531250 0.523438 0.601562 0.523438 0.605469 0.527344 0.621094 0.527344 0.625000 0.531250 0.636719 0.531250 0.640625 0.535156 0.652344 0.535156 0.656250 0.539062 0.656250 0.542969 0.714844 0.542969 0.718750 0.546875 0.734375 0.546875 0.738281 0.550781 0.753906 0.550781 0.757812 0.554688 0.769531 0.554688 0.769531 0.546875 0.765625 0.542969 0.765625 0.535156 0.761719 0.535156 0.757812 0.531250 0.757812 0.527344 0.753906 0.527344 0.750000 0.523438 0.750000 0.480469 0.753906 0.476562 0.769531 0.476562 0.773438 0.480469 0.785156 0.480469 0.789062 0.484375 0.789062 0.503906 0.796875 0.503906 0.796875 0.476562 0.800781 0.472656 0.800781 0.468750 0.804688 0.464844 0.804688 0.457031 0.800781 0.453125 0.800781 0.441406 0.750000 0.441406 0.738281 0.429688 0.738281 0.425781 0.734375 0.421875
4 0.234375 0.417969 0.234375 0.425781 0.242188 0.425781 0.246094 0.429688 0.253906 0.429688 0.257812 0.433594 0.257812 0.457031 0.253906 0.460938 0.250000 0.460938 0.250000 0.468750 0.257812 0.468750 0.261719 0.472656 0.261719 0.503906 0.257812 0.507812 0.242188 0.507812 0.242188 0.519531 0.312500 0.519531 0.316406 0.515625 0.335938 0.515625 0.339844 0.511719 0.343750 0.511719 0.347656 0.507812 0.382812 0.507812 0.386719 0.503906 0.386719 0.500000 0.390625 0.496094 0.390625 0.488281 0.359375 0.488281 0.355469 0.492188 0.339844 0.492188 0.335938 0.488281 0.335938 0.484375 0.332031 0.484375 0.324219 0.476562 0.320312 0.476562 0.316406 0.472656 0.316406 0.457031 0.312500 0.453125 0.304688 0.453125 0.300781 0.449219 0.296875 0.449219 0.292969 0.445312 0.292969 0.441406 0.289062 0.441406 0.285156 0.437500 0.281250 0.437500 0.269531 0.425781 0.269531 0.421875 0.250000 0.421875 0.246094 0.417969
4 0.406250 0.414062 0.402344 0.417969 0.386719 0.417969 0.386719 0.421875 0.382812 0.425781 0.382812 0.433594 0.378906 0.437500 0.378906 0.445312 0.386719 0.445312 0.390625 0.441406 0.410156 0.441406 0.414062 0.445312 0.414062 0.457031 0.417969 0.460938 0.417969 0.480469 0.425781 0.488281 0.437500 0.488281 0.437500 0.476562 0.429688 0.476562 0.425781 0.472656 0.425781 0.449219 0.429688 0.445312 0.449219 0.445312 0.449219 0.429688 0.453125 0.425781 0.468750 0.425781 0.472656 0.429688 0.472656 0.468750 0.484375 0.468750 0.484375 0.414062
4 0.300781 0.406250 0.300781 0.417969 0.308594 0.417969 0.308594 0.406250
4 0.851562 0.398438 0.851562 0.414062 0.847656 0.417969 0.847656 0.425781 0.855469 0.425781 0.859375 0.429688 0.859375 0.437500 0.878906 0.437500 0.878906 0.429688 0.875000 0.425781 0.875000 0.421875 0.871094 0.417969 0.863281 0.417969 0.859375 0.414062 0.859375 0.398438
4 0.753906 0.390625 0.750000 0.394531 0.750000 0.402344 0.757812 0.402344 0.761719 0.406250 0.773438 0.406250 0.773438 0.394531 0.765625 0.394531 0.761719 0.390625
4 0.421875 0.382812 0.421875 0.390625 0.437500 0.390625 0.437500 0.382812
4 0.691406 0.378906 0.691406 0.390625 0.699219 0.390625 0.703125 0.394531 0.703125 0.402344 0.710938 0.402344 0.710938 0.390625 0.703125 0.390625 0.699219 0.386719 0.699219 0.378906
4 0.261719 0.339844 0.257812 0.343750 0.238281 0.343750 0.238281 0.355469 0.261719 0.355469 0.265625 0.359375 0.265625 0.378906 0.281250 0.378906 0.285156 0.382812 0.296875 0.382812 0.300781 0.378906 0.300781 0.375000 0.304688 0.371094 0.312500 0.371094 0.316406 0.367188 0.316406 0.359375 0.312500 0.355469 0.281250 0.355469 0.277344 0.351562 0.277344 0.339844
4 0.164062 0.308594 0.164062 0.320312 0.160156 0.324219 0.148438 0.324219 0.144531 0.328125 0.140625 0.328125 0.132812 0.335938 0.132812 0.343750 0.136719 0.347656 0.136719 0.375000 0.128906 0.382812 0.128906 0.402344 0.140625 0.402344 0.144531 0.398438 0.144531 0.386719 0.140625 0.382812 0.140625 0.363281 0.144531 0.359375 0.144531 0.351562 0.148438 0.347656 0.164062 0.347656 0.164062 0.328125 0.167969 0.324219 0.191406 0.324219 0.191406 0.308594
4 0.226562 0.285156 0.222656 0.289062 0.218750 0.289062 0.214844 0.292969 0.214844 0.308594 0.218750 0.308594 0.222656 0.312500 0.222656 0.316406 0.230469 0.316406 0.230469 0.312500 0.234375 0.308594 0.242188 0.308594 0.242188 0.304688 0.246094 0.300781 0.246094 0.292969 0.242188 0.289062 0.238281 0.289062 0.234375 0.285156
4 0.453125 0.207031 0.449219 0.210938 0.441406 0.210938 0.437500 0.214844 0.410156 0.214844 0.410156 0.222656 0.406250 0.226562 0.390625 0.226562 0.386719 0.222656 0.375000 0.222656 0.375000 0.226562 0.371094 0.230469 0.367188 0.230469 0.363281 0.234375 0.351562 0.234375 0.347656 0.238281 0.343750 0.238281 0.339844 0.242188 0.335938 0.242188 0.335938 0.246094 0.332031 0.250000 0.324219 0.250000 0.320312 0.253906 0.300781 0.253906 0.300781 0.277344 0.296875 0.281250 0.285156 0.281250 0.285156 0.289062 0.292969 0.289062 0.296875 0.292969 0.324219 0.292969 0.328125 0.296875 0.363281 0.296875 0.367188 0.300781 0.382812 0.300781 0.390625 0.308594 0.390625 0.332031 0.394531 0.335938 0.394531 0.343750 0.406250 0.343750 0.406250 0.335938 0.410156 0.332031 0.417969 0.332031 0.417969 0.308594 0.421875 0.304688 0.457031 0.304688 0.460938 0.308594 0.460938 0.328125 0.472656 0.328125 0.472656 0.312500 0.464844 0.312500 0.460938 0.308594 0.460938 0.289062 0.437500 0.289062 0.433594 0.292969 0.390625 0.292969 0.386719 0.289062 0.386719 0.285156 0.382812 0.285156 0.378906 0.281250 0.378906 0.261719 0.386719 0.253906 0.394531 0.253906 0.394531 0.250000 0.398438 0.246094 0.406250 0.246094 0.406250 0.242188 0.410156 0.238281 0.417969 0.238281 0.417969 0.230469 0.421875 0.226562 0.468750 0.226562 0.472656 0.230469 0.472656 0.242188 0.476562 0.242188 0.484375 0.250000 0.484375 0.253906 0.496094 0.253906 0.496094 0.250000 0.500000 0.246094 0.527344 0.246094 0.531250 0.250000 0.539062 0.250000 0.542969 0.246094 0.562500 0.246094 0.566406 0.250000 0.574219 0.250000 0.578125 0.253906 0.585938 0.253906 0.589844 0.257812 0.589844 0.261719 0.617188 0.261719 0.621094 0.265625 0.621094 0.273438 0.640625 0.273438 0.644531 0.269531 0.644531 0.257812 0.648438 0.253906 0.656250 0.253906 0.660156 0.250000 0.675781 0.250000 0.679688 0.246094 0.695312 0.246094 0.695312 0.238281 0.664062 0.238281 0.660156 0.242188 0.644531 0.242188 0.640625 0.238281 0.632812 0.238281 0.628906 0.234375 0.628906 0.226562 0.601562 0.226562 0.597656 0.222656 0.593750 0.222656 0.589844 0.218750 0.589844 0.207031 0.558594 0.207031 0.558594 0.210938 0.554688 0.214844 0.542969 0.214844 0.539062 0.218750 0.523438 0.218750 0.519531 0.214844 0.488281 0.214844 0.484375 0.210938 0.476562 0.210938 0.472656 0.207031
