4 0.699219 0.828125 0.699219 0.835938 0.707031 0.835938 0.707031 0.828125
4 0.433594 0.757812 0.433594 0.765625 0.429688 0.769531 0.425781 0.769531 0.425781 0.773438 0.421875 0.777344 0.417969 0.777344 0.417969 0.785156 0.414062 0.789062 0.414062 0.796875 0.410156 0.800781 0.406250 0.800781 0.402344 0.804688 0.402344 0.835938 0.398438 0.839844 0.398438 0.847656 0.394531 0.851562 0.359375 0.851562 0.355469 0.847656 0.355469 0.832031 0.351562 0.832031 0.347656 0.828125 0.347656 0.824219 0.343750 0.824219 0.339844 0.820312 0.339844 0.785156 0.332031 0.785156 0.328125 0.789062 0.300781 0.789062 0.296875 0.792969 0.296875 0.800781 0.300781 0.804688 0.300781 0.808594 0.304688 0.812500 0.312500 0.812500 0.316406 0.816406 0.316406 0.828125 0.328125 0.839844 0.328125 0.843750 0.335938 0.851562 0.335938 0.855469 0.339844 0.859375 0.343750 0.859375 0.347656 0.863281 0.363281 0.863281 0.367188 0.867188 0.375000 0.867188 0.378906 0.871094 0.378906 0.878906 0.382812 0.878906 0.386719 0.882812 0.390625 0.882812 0.394531 0.886719 0.394531 0.894531 0.402344 0.894531 0.406250 0.890625 0.406250 0.886719 0.410156 0.882812 0.433594 0.882812 0.437500 0.886719 0.453125 0.886719 0.453125 0.878906 0.457031 0.875000 0.472656 0.875000 0.476562 0.878906 0.476562 0.886719 0.511719 0.886719 0.511719 0.882812 0.515625 0.878906 0.531250 0.878906 0.539062 0.886719 0.539062 0.890625 0.542969 0.890625 0.546875 0.894531 0.546875 0.898438 0.550781 0.898438 0.554688 0.902344 0.562500 0.902344 0.562500 0.898438 0.566406 0.894531 0.574219 0.894531 0.578125 0.890625 0.582031 0.890625 0.582031 0.878906 0.574219 0.871094 0.574219 0.867188 0.566406 0.867188 0.558594 0.859375 0.558594 0.843750 0.546875 0.843750 0.546875 0.851562 0.542969 0.855469 0.542969 0.859375 0.539062 0.863281 0.511719 0.863281 0.503906 0.855469 0.503906 0.851562 0.500000 0.847656 0.500000 0.839844 0.496094 0.835938 0.496094 0.832031 0.476562 0.832031 0.472656 0.828125 0.472656 0.796875 0.468750 0.792969 0.468750 0.785156 0.457031 0.785156 0.445312 0.773438 0.445312 0.765625 0.441406 0.761719 0.441406 0.757812
4 0.332031 0.750000 0.332031 0.761719 0.339844 0.761719 0.339844 0.750000
4 0.625000 0.746094 0.621094 0.750000 0.601562 0.750000 0.601562 0.757812 0.617188 0.757812 0.621094 0.761719 0.621094 0.792969 0.625000 0.796875 0.625000 0.800781 0.628906 0.804688 0.628906 0.824219 0.636719 0.824219 0.636719 0.804688 0.640625 0.800781 0.656250 0.800781 0.660156 0.804688 0.660156 0.816406 0.667969 0.816406 0.671875 0.812500 0.675781 0.812500 0.679688 0.808594 0.687500 0.808594 0.691406 0.804688 0.691406 0.789062 0.695312 0.785156 0.695312 0.781250 0.699219 0.777344 0.718750 0.777344 0.718750 0.769531 0.695312 0.769531 0.687500 0.761719 0.687500 0.750000 0.667969 0.750000 0.664062 0.746094
4 0.820312 0.738281 0.820312 0.742188 0.812500 0.750000 0.773438 0.750000 0.773438 0.777344 0.769531 0.781250 0.769531 0.796875 0.757812 0.808594 0.738281 0.808594 0.734375 0.804688 0.726562 0.804688 0.722656 0.808594 0.722656 0.816406 0.726562 0.816406 0.734375 0.824219 0.734375 0.832031 0.746094 0.832031 0.746094 0.828125 0.750000 0.824219 0.757812 0.824219 0.761719 0.820312 0.765625 0.820312 0.769531 0.816406 0.773438 0.816406 0.773438 0.808594 0.777344 0.804688 0.800781 0.804688 0.804688 0.800781 0.808594 0.800781 0.816406 0.792969 0.816406 0.781250 0.820312 0.777344 0.832031 0.777344 0.832031 0.773438 0.835938 0.769531 0.835938 0.738281
4 0.574219 0.710938 0.570312 0.714844 0.562500 0.714844 0.558594 0.718750 0.546875 0.718750 0.546875 0.726562 0.570312 0.726562 0.570312 0.722656 0.574219 0.718750 0.582031 0.718750 0.582031 0.710938
4 0.429688 0.679688 0.429688 0.695312 0.437500 0.695312 0.437500 0.679688
4 0.804688 0.675781 0.800781 0.679688 0.800781 0.687500 0.804688 0.691406 0.812500 0.691406 0.812500 0.687500 0.816406 0.683594 0.820312 0.683594 0.820312 0.675781
4 0.488281 0.671875 0.484375 0.675781 0.484375 0.683594 0.488281 0.687500 0.503906 0.687500 0.507812 0.691406 0.507812 0.695312 0.511719 0.699219 0.511719 0.703125 0.523438 0.703125 0.527344 0.707031 0.527344 0.710938 0.539062 0.710938 0.539062 0.691406 0.531250 0.691406 0.527344 0.687500 0.527344 0.679688 0.511719 0.679688 0.507812 0.675781 0.507812 0.671875
4 0.179688 0.671875 0.175781 0.675781 0.175781 0.683594 0.183594 0.691406 0.187500 0.691406 0.191406 0.695312 0.203125 0.695312 0.207031 0.699219 0.222656 0.699219 0.222656 0.687500 0.210938 0.687500 0.207031 0.683594 0.207031 0.679688 0.199219 0.679688 0.191406 0.671875
4 0.156250 0.640625 0.156250 0.648438 0.164062 0.648438 0.164062 0.640625
4 0.894531 0.632812 0.894531 0.656250 0.890625 0.660156 0.886719 0.660156 0.882812 0.664062 0.875000 0.664062 0.875000 0.675781 0.871094 0.679688 0.851562 0.679688 0.847656 0.683594 0.843750 0.683594 0.843750 0.699219 0.839844 0.703125 0.839844 0.714844 0.863281 0.714844 0.867188 0.710938 0.867188 0.687500 0.871094 0.683594 0.894531 0.683594 0.898438 0.679688 0.898438 0.644531 0.902344 0.640625 0.902344 0.632812
4 0.867188 0.570312 0.867188 0.589844 0.886719 0.589844 0.894531 0.597656 0.894531 0.601562 0.898438 0.605469 0.906250 0.605469 0.906250 0.593750 0.898438 0.585938 0.882812 0.585938 0.875000 0.578125 0.875000 0.570312
4 0.265625 0.550781 0.265625 0.558594 0.269531 0.562500 0.269531 0.574219 0.273438 0.574219 0.289062 0.589844 0.289062 0.593750 0.304688 0.593750 0.308594 0.597656 0.308594 0.609375 0.343750 0.609375 0.347656 0.613281 0.347656 0.636719 0.343750 0.640625 0.343750 0.660156 0.347656 0.664062 0.355469 0.664062 0.355469 0.621094 0.359375 0.617188 0.363281 0.617188 0.363281 0.609375 0.359375 0.605469 0.355469 0.605469 0.347656 0.597656 0.343750 0.597656 0.332031 0.585938 0.324219 0.585938 0.320312 0.582031 0.320312 0.578125 0.312500 0.578125 0.308594 0.574219 0.308594 0.570312 0.292969 0.570312 0.289062 0.566406 0.289062 0.554688 0.281250 0.554688 0.277344 0.550781
4 0.386719 0.546875 0.386719 0.550781 0.382812 0.554688 0.382812 0.566406 0.386719 0.566406 0.390625 0.570312 0.402344 0.570312 0.406250 0.574219 0.406250 0.621094 0.402344 0.625000 0.398438 0.625000 0.398438 0.628906 0.394531 0.632812 0.390625 0.632812 0.390625 0.640625 0.394531 0.644531 0.394531 0.648438 0.398438 0.652344 0.406250 0.652344 0.406250 0.640625 0.410156 0.636719 0.425781 0.636719 0.433594 0.644531 0.433594 0.656250 0.449219 0.656250 0.453125 0.652344 0.468750 0.652344 0.468750 0.636719 0.464844 0.632812 0.464844 0.625000 0.460938 0.621094 0.460938 0.613281 0.457031 0.613281 0.441406 0.597656 0.441406 0.593750 0.437500 0.589844 0.433594 0.589844 0.429688 0.585938 0.429688 0.582031 0.425781 0.582031 0.421875 0.578125 0.421875 0.574219 0.417969 0.570312 0.417969 0.566406 0.402344 0.566406 0.398438 0.562500 0.398438 0.546875
4 0.410156 0.519531 0.410156 0.535156 0.417969 0.535156 0.421875 0.539062 0.421875 0.542969 0.433594 0.542969 0.433594 0.539062 0.445312 0.527344 0.445312 0.519531
4 0.230469 0.515625 0.230469 0.523438 0.238281 0.523438 0.238281 0.515625
4 0.921875 0.511719 0.921875 0.535156 0.914062 0.542969 0.906250 0.542969 0.906250 0.558594 0.917969 0.558594 0.921875 0.562500 0.921875 0.566406 0.929688 0.566406 0.929688 0.546875 0.933594 0.542969 0.941406 0.542969 0.941406 0.535156 0.937500 0.531250 0.937500 0.519531 0.933594 0.515625 0.933594 0.511719
4 0.878906 0.511719 0.875000 0.515625 0.871094 0.515625 0.871094 0.523438 0.875000 0.527344 0.882812 0.527344 0.886719 0.523438 0.890625 0.523438 0.890625 0.515625 0.886719 0.511719
4 0.929688 0.417969 0.925781 0.421875 0.925781 0.425781 0.921875 0.429688 0.910156 0.429688 0.910156 0.433594 0.906250 0.437500 0.902344 0.437500 0.898438 0.441406 0.894531 0.441406 0.894531 0.449219 0.921875 0.449219 0.929688 0.457031 0.953125 0.457031 0.960938 0.464844 0.960938 0.476562 0.968750 0.476562 0.968750 0.453125 0.972656 0.449219 0.980469 0.449219 0.980469 0.417969
4 0.906250 0.355469 0.906250 0.363281 0.914062 0.363281 0.914062 0.355469
4 0.210938 0.351562 0.207031 0.355469 0.207031 0.359375 0.203125 0.363281 0.171875 0.363281 0.167969 0.359375 0.164062 0.359375 0.160156 0.355469 0.152344 0.355469 0.152344 0.371094 0.144531 0.378906 0.109375 0.378906 0.105469 0.382812 0.082031 0.382812 0.082031 0.394531 0.078125 0.398438 0.054688 0.398438 0.054688 0.406250 0.058594 0.410156 0.058594 0.417969 0.066406 0.425781 0.066406 0.429688 0.070312 0.433594 0.082031 0.433594 0.085938 0.437500 0.085938 0.449219 0.093750 0.457031 0.093750 0.468750 0.097656 0.468750 0.109375 0.480469 0.109375 0.484375 0.113281 0.488281 0.113281 0.500000 0.132812 0.500000 0.132812 0.496094 0.140625 0.488281 0.140625 0.472656 0.136719 0.468750 0.136719 0.453125 0.128906 0.453125 0.125000 0.449219 0.125000 0.445312 0.105469 0.445312 0.101562 0.441406 0.101562 0.437500 0.097656 0.433594 0.097656 0.414062 0.101562 0.410156 0.109375 0.410156 0.113281 0.406250 0.152344 0.406250 0.156250 0.410156 0.156250 0.414062 0.160156 0.417969 0.171875 0.417969 0.175781 0.421875 0.175781 0.425781 0.183594 0.433594 0.183594 0.441406 0.191406 0.441406 0.191406 0.437500 0.195312 0.433594 0.207031 0.433594 0.210938 0.429688 0.214844 0.429688 0.218750 0.425781 0.261719 0.425781 0.265625 0.429688 0.265625 0.433594 0.273438 0.441406 0.328125 0.441406 0.335938 0.449219 0.335938 0.457031 0.355469 0.457031 0.359375 0.460938 0.359375 0.480469 0.363281 0.480469 0.367188 0.484375 0.367188 0.496094 0.371094 0.500000 0.390625 0.500000 0.394531 0.503906 0.394531 0.507812 0.402344 0.507812 0.402344 0.500000 0.406250 0.496094 0.406250 0.449219 0.410156 0.445312 0.414062 0.445312 0.414062 0.437500 0.402344 0.437500 0.398438 0.441406 0.371094 0.441406 0.367188 0.437500 0.367188 0.433594 0.363281 0.429688 0.351562 0.429688 0.347656 0.425781 0.328125 0.425781 0.324219 0.421875 0.324219 0.417969 0.320312 0.414062 0.320312 0.410156 0.308594 0.410156 0.304688 0.414062 0.285156 0.414062 0.281250 0.410156 0.281250 0.406250 0.273438 0.406250 0.269531 0.410156 0.246094 0.410156 0.242188 0.406250 0.230469 0.406250 0.226562 0.402344 0.226562 0.375000 0.222656 0.371094 0.222656 0.351562
4 0.761719 0.316406 0.761719 0.320312 0.757812 0.324219 0.757812 0.343750 0.753906 0.347656 0.750000 0.347656 0.750000 0.367188 0.746094 0.371094 0.738281 0.371094 0.738281 0.378906 0.734375 0.382812 0.734375 0.386719 0.730469 0.390625 0.726562 0.390625 0.726562 0.394531 0.722656 0.398438 0.718750 0.398438 0.718750 0.406250 0.714844 0.410156 0.710938 0.410156 0.710938 0.414062 0.707031 0.417969 0.703125 0.417969 0.703125 0.421875 0.699219 0.425781 0.699219 0.429688 0.695312 0.433594 0.695312 0.441406 0.691406 0.445312 0.687500 0.445312 0.683594 0.449219 0.679688 0.449219 0.675781 0.453125 0.675781 0.457031 0.671875 0.460938 0.652344 0.460938 0.648438 0.464844 0.632812 0.464844 0.628906 0.460938 0.628906 0.449219 0.621094 0.449219 0.617188 0.445312 0.617188 0.429688 0.621094 0.425781 0.621094 0.410156 0.609375 0.410156 0.609375 0.425781 0.605469 0.429688 0.601562 0.429688 0.597656 0.433594 0.550781 0.433594 0.546875 0.437500 0.546875 0.449219 0.542969 0.453125 0.523438 0.453125 0.519531 0.457031 0.496094 0.457031 0.492188 0.453125 0.472656 0.453125 0.468750 0.449219 0.468750 0.402344 0.472656 0.398438 0.476562 0.398438 0.476562 0.386719 0.480469 0.382812 0.496094 0.382812 0.496094 0.375000 0.500000 0.371094 0.515625 0.371094 0.515625 0.363281 0.511719 0.359375 0.511719 0.332031 0.503906 0.332031 0.500000 0.335938 0.496094 0.335938 0.496094 0.347656 0.488281 0.355469 0.464844 0.355469 0.464844 0.359375 0.460938 0.363281 0.449219 0.363281 0.449219 0.371094 0.453125 0.371094 0.457031 0.375000 0.460938 0.375000 0.464844 0.378906 0.464844 0.394531 0.457031 0.402344 0.441406 0.402344 0.441406 0.406250 0.429688 0.417969 0.429688 0.421875 0.425781 0.425781 0.425781 0.433594 0.441406 0.433594 0.445312 0.437500 0.445312 0.441406 0.464844 0.441406 0.468750 0.445312 0.468750 0.460938 0.464844 0.464844 0.445312 0.464844 0.445312 0.472656 0.449219 0.476562 0.449219 0.496094 0.457031 0.496094 0.468750 0.484375 0.468750 0.480469 0.472656 0.476562 0.492188 0.476562 0.496094 0.480469 0.496094 0.484375 0.507812 0.484375 0.511719 0.488281 0.511719 0.503906 0.515625 0.507812 0.515625 0.511719 0.519531 0.515625 0.519531 0.519531 0.523438 0.523438 0.523438 0.527344 0.527344 0.531250 0.527344 0.550781 0.531250 0.554688 0.531250 0.570312 0.527344 0.574219 0.527344 0.593750 0.523438 0.597656 0.523438 0.605469 0.550781 0.605469 0.554688 0.609375 0.554688 0.621094 0.558594 0.621094 0.562500 0.625000 0.570312 0.625000 0.574219 0.628906 0.582031 0.628906 0.582031 0.621094 0.578125 0.621094 0.570312 0.613281 0.570312 0.597656 0.574219 0.593750 0.578125 0.593750 0.578125 0.562500 0.582031 0.558594 0.597656 0.558594 0.597656 0.550781 0.593750 0.550781 0.589844 0.546875 0.589844 0.539062 0.578125 0.539062 0.578125 0.566406 0.574219 0.570312 0.570312 0.570312 0.566406 0.574219 0.550781 0.574219 0.546875 0.570312 0.546875 0.562500 0.539062 0.562500 0.535156 0.558594 0.535156 0.542969 0.542969 0.535156 0.554688 0.535156 0.554688 0.500000 0.558594 0.496094 0.574219 0.496094 0.578125 0.492188 0.617188 0.492188 0.625000 0.500000 0.625000 0.503906 0.632812 0.511719 0.632812 0.527344 0.640625 0.527344 0.644531 0.531250 0.644531 0.535156 0.652344 0.542969 0.652344 0.550781 0.656250 0.554688 0.656250 0.570312 0.660156 0.574219 0.660156 0.593750 0.664062 0.597656 0.664062 0.601562 0.667969 0.601562 0.671875 0.605469 0.671875 0.609375 0.675781 0.613281 0.675781 0.621094 0.679688 0.621094 0.687500 0.628906 0.687500 0.636719 0.691406 0.636719 0.695312 0.640625 0.695312 0.648438 0.699219 0.652344 0.703125 0.652344 0.710938 0.660156 0.710938 0.675781 0.718750 0.675781 0.722656 0.671875 0.726562 0.671875 0.730469 0.667969 0.730469 0.656250 0.726562 0.652344 0.726562 0.640625 0.710938 0.640625 0.707031 0.636719 0.707031 0.621094 0.718750 0.609375 0.722656 0.609375 0.722656 0.597656 0.718750 0.593750 0.718750 0.585938 0.714844 0.582031 0.710938 0.582031 0.707031 0.578125 0.707031 0.562500 0.710938 0.558594 0.710938 0.550781 0.703125 0.550781 0.699219 0.546875 0.695312 0.546875 0.691406 0.542969 0.691406 0.523438 0.687500 0.519531 0.687500 0.515625 0.683594 0.511719 0.683594 0.488281 0.687500 0.484375 0.742188 0.484375 0.746094 0.488281 0.746094 0.503906 0.750000 0.507812 0.750000 0.550781 0.746094 0.554688 0.746094 0.566406 0.750000 0.566406 0.753906 0.570312 0.753906 0.589844 0.750000 0.593750 0.746094 0.593750 0.746094 0.628906 0.765625 0.628906 0.773438 0.636719 0.773438 0.652344 0.785156 0.652344 0.785156 0.636719 0.789062 0.632812 0.792969 0.632812 0.796875 0.628906 0.796875 0.601562 0.800781 0.597656 0.804688 0.597656 0.808594 0.593750 0.812500 0.593750 0.812500 0.585938 0.808594 0.582031 0.808594 0.570312 0.804688 0.566406 0.804688 0.558594 0.792969 0.558594 0.789062 0.554688 0.789062 0.539062 0.769531 0.539062 0.765625 0.535156 0.765625 0.515625 0.769531 0.511719 0.769531 0.503906 0.773438 0.500000 0.777344 0.500000 0.777344 0.496094 0.781250 0.492188 0.789062 0.492188 0.792969 0.488281 0.816406 0.488281 0.820312 0.492188 0.820312 0.496094 0.847656 0.496094 0.847656 0.468750 0.851562 0.464844 0.851562 0.460938 0.859375 0.453125 0.859375 0.449219 0.863281 0.445312 0.871094 0.445312 0.871094 0.437500 0.867188 0.433594 0.867188 0.429688 0.863281 0.429688 0.859375 0.425781 0.851562 0.425781 0.847656 0.429688 0.832031 0.429688 0.828125 0.425781 0.828125 0.390625 0.824219 0.386719 0.824219 0.359375 0.828125 0.355469 0.843750 0.355469 0.847656 0.351562 0.847656 0.328125 0.816406 0.328125 0.812500 0.324219 0.804688 0.324219 0.800781 0.320312 0.796875 0.320312 0.792969 0.316406
4 0.687500 0.281250 0.687500 0.296875 0.683594 0.300781 0.671875 0.300781 0.667969 0.304688 0.667969 0.308594 0.664062 0.312500 0.652344 0.312500 0.652344 0.320312 0.656250 0.324219 0.656250 0.339844 0.652344 0.343750 0.652344 0.347656 0.648438 0.351562 0.648438 0.355469 0.644531 0.359375 0.644531 0.371094 0.648438 0.375000 0.664062 0.375000 0.667969 0.371094 0.667969 0.367188 0.675781 0.359375 0.679688 0.359375 0.679688 0.355469 0.683594 0.351562 0.683594 0.347656 0.691406 0.339844 0.691406 0.324219 0.695312 0.320312 0.703125 0.320312 0.703125 0.316406 0.707031 0.312500 0.707031 0.289062 0.699219 0.281250
4 0.851562 0.226562 0.851562 0.246094 0.855469 0.250000 0.855469 0.253906 0.859375 0.257812 0.859375 0.273438 0.863281 0.273438 0.867188 0.277344 0.867188 0.285156 0.871094 0.289062 0.871094 0.300781 0.875000 0.304688 0.875000 0.332031 0.882812 0.339844 0.898438 0.339844 0.898438 0.332031 0.894531 0.332031 0.890625 0.328125 0.890625 0.292969 0.886719 0.289062 0.882812 0.289062 0.878906 0.285156 0.878906 0.273438 0.875000 0.269531 0.875000 0.250000 0.871094 0.246094 0.871094 0.238281 0.867188 0.234375 0.867188 0.226562
4 0.710938 0.191406 0.710938 0.210938 0.707031 0.214844 0.703125 0.214844 0.699219 0.218750 0.679688 0.218750 0.675781 0.214844 0.675781 0.207031 0.656250 0.207031 0.656250 0.218750 0.652344 0.222656 0.640625 0.222656 0.640625 0.230469 0.644531 0.234375 0.644531 0.238281 0.648438 0.242188 0.648438 0.257812 0.660156 0.257812 0.664062 0.253906 0.664062 0.250000 0.667969 0.246094 0.667969 0.230469 0.671875 0.226562 0.695312 0.226562 0.699219 0.230469 0.699219 0.234375 0.703125 0.238281 0.710938 0.238281 0.714844 0.242188 0.722656 0.242188 0.722656 0.222656 0.726562 0.218750 0.746094 0.218750 0.750000 0.214844 0.750000 0.207031 0.742188 0.207031 0.738281 0.203125 0.734375 0.203125 0.722656 0.191406
4 0.300781 0.191406 0.300781 0.214844 0.296875 0.218750 0.296875 0.234375 0.300781 0.238281 0.300781 0.250000 0.304688 0.253906 0.304688 0.257812 0.320312 0.257812 0.324219 0.261719 0.324219 0.281250 0.320312 0.285156 0.308594 0.285156 0.296875 0.296875 0.292969 0.296875 0.285156 0.304688 0.281250 0.304688 0.273438 0.312500 0.269531 0.312500 0.269531 0.316406 0.265625 0.320312 0.261719 0.320312 0.257812 0.324219 0.253906 0.324219 0.250000 0.328125 0.238281 0.328125 0.234375 0.332031 0.234375 0.343750 0.269531 0.343750 0.269531 0.328125 0.273438 0.324219 0.277344 0.324219 0.281250 0.320312 0.289062 0.320312 0.292969 0.316406 0.296875 0.316406 0.296875 0.308594 0.300781 0.304688 0.308594 0.304688 0.312500 0.300781 0.316406 0.300781 0.324219 0.292969 0.332031 0.292969 0.332031 0.281250 0.335938 0.277344 0.355469 0.277344 0.359375 0.273438 0.363281 0.273438 0.363281 0.269531 0.367188 0.265625 0.382812 0.265625 0.382812 0.250000 0.386719 0.246094 0.390625 0.246094 0.390625 0.242188 0.394531 0.238281 0.398438 0.238281 0.402344 0.234375 0.402344 0.222656 0.406250 0.218750 0.425781 0.218750 0.425781 0.195312 0.410156 0.195312 0.406250 0.199219 0.406250 0.218750 0.402344 0.222656 0.386719 0.222656 0.386719 0.230469 0.382812 0.234375 0.382812 0.246094 0.378906 0.250000 0.371094 0.250000 0.371094 0.253906 0.367188 0.257812 0.367188 0.261719 0.363281 0.265625 0.339844 0.265625 0.335938 0.261719 0.335938 0.253906 0.332031 0.250000 0.316406 0.250000 0.312500 0.246094 0.312500 0.218750 0.320312 0.210938 0.320312 0.195312 0.312500 0.195312 0.308594 0.191406
4 0.207031 0.179688 0.199219 0.187500 0.199219 0.195312 0.183594 0.210938 0.175781 0.210938 0.175781 0.214844 0.171875 0.218750 0.171875 0.226562 0.167969 0.230469 0.167969 0.234375 0.164062 0.238281 0.164062 0.246094 0.160156 0.250000 0.160156 0.269531 0.164062 0.269531 0.167969 0.273438 0.175781 0.273438 0.179688 0.269531 0.234375 0.269531 0.234375 0.261719 0.238281 0.257812 0.238281 0.222656 0.242188 0.218750 0.242188 0.214844 0.246094 0.210938 0.246094 0.203125 0.250000 0.199219 0.257812 0.199219 0.257812 0.191406 0.253906 0.191406 0.250000 0.187500 0.250000 0.179688
4 0.765625 0.156250 0.765625 0.164062 0.773438 0.171875 0.773438 0.195312 0.781250 0.195312 0.785156 0.191406 0.808594 0.191406 0.820312 0.203125 0.820312 0.210938 0.828125 0.210938 0.832031 0.214844 0.832031 0.218750 0.843750 0.218750 0.843750 0.199219 0.839844 0.195312 0.839844 0.191406 0.835938 0.187500 0.820312 0.187500 0.816406 0.183594 0.816406 0.179688 0.812500 0.175781 0.812500 0.167969 0.808594 0.164062 0.804688 0.164062 0.796875 0.156250
4 0.402344 0.046875 0.402344 0.054688 0.398438 0.058594 0.382812 0.058594 0.382812 0.062500 0.378906 0.066406 0.375000 0.066406 0.375000 0.082031 0.371094 0.085938 0.355469 0.085938 0.351562 0.082031 0.343750 0.082031 0.335938 0.089844 0.324219 0.089844 0.320312 0.093750 0.320312 0.097656 0.316406 0.101562 0.308594 0.101562 0.308594 0.105469 0.304688 0.109375 0.304688 0.121094 0.300781 0.125000 0.296875 0.125000 0.296875 0.136719 0.300781 0.140625 0.304688 0.140625 0.308594 0.144531 0.308594 0.156250 0.332031 0.156250 0.339844 0.164062 0.339844 0.175781 0.343750 0.179688 0.343750 0.207031 0.355469 0.207031 0.359375 0.203125 0.359375 0.175781 0.363281 0.171875 0.382812 0.171875 0.386719 0.167969 0.386719 0.148438 0.390625 0.144531 0.406250 0.144531 0.410156 0.148438 0.410156 0.152344 0.414062 0.156250 0.425781 0.156250 0.429688 0.160156 0.429688 0.175781 0.449219 0.175781 0.453125 0.179688 0.453125 0.183594 0.457031 0.187500 0.464844 0.187500 0.464844 0.183594 0.468750 0.179688 0.472656 0.179688 0.472656 0.164062 0.476562 0.160156 0.480469 0.160156 0.488281 0.152344 0.488281 0.136719 0.492188 0.132812 0.496094 0.132812 0.500000 0.128906 0.500000 0.113281 0.496094 0.109375 0.488281 0.109375 0.488281 0.121094 0.484375 0.125000 0.468750 0.125000 0.468750 0.148438 0.464844 0.152344 0.445312 0.152344 0.441406 0.156250 0.425781 0.156250 0.421875 0.152344 0.421875 0.144531 0.417969 0.140625 0.417969 0.085938 0.414062 0.082031 0.414062 0.066406 0.410156 0.062500 0.410156 0.046875
4 0.554688 0.031250 0.550781 0.035156 0.550781 0.042969 0.570312 0.042969 0.574219 0.046875 0.582031 0.046875 0.585938 0.050781 0.585938 0.054688 0.589844 0.058594 0.589844 0.078125 0.585938 0.082031 0.554688 0.082031 0.550781 0.078125 0.542969 0.078125 0.542969 0.085938 0.539062 0.089844 0.539062 0.093750 0.535156 0.097656 0.535156 0.109375 0.562500 0.109375 0.566406 0.113281 0.566406 0.125000 0.578125 0.125000 0.578125 0.105469 0.582031 0.101562 0.605469 0.101562 0.609375 0.105469 0.617188 0.105469 0.621094 0.109375 0.621094 0.117188 0.628906 0.125000 0.628906 0.128906 0.636719 0.128906 0.636719 0.121094 0.632812 0.117188 0.632812 0.093750 0.636719 0.089844 0.660156 0.089844 0.664062 0.093750 0.664062 0.109375 0.667969 0.113281 0.667969 0.117188 0.695312 0.117188 0.699219 0.121094 0.699219 0.125000 0.707031 0.132812 0.707031 0.160156 0.714844 0.160156 0.714844 0.156250 0.722656 0.148438 0.726562 0.148438 0.726562 0.140625 0.714844 0.128906 0.714844 0.121094 0.710938 0.117188 0.695312 0.117188 0.691406 0.113281 0.691406 0.093750 0.675781 0.093750 0.671875 0.089844 0.671875 0.078125 0.652344 0.078125 0.648438 0.074219 0.648438 0.066406 0.644531 0.062500 0.644531 0.054688 0.640625 0.050781 0.640625 0.031250 0.628906 0.031250 0.628906 0.035156 0.625000 0.039062 0.589844 0.039062 0.585938 0.035156 0.570312 0.035156 0.566406 0.031250
