4 0.460938 0.871094 0.457031 0.875000 0.457031 0.886719 0.453125 0.890625 0.449219 0.890625 0.449219 0.898438 0.445312 0.902344 0.445312 0.917969 0.437500 0.925781 0.437500 0.933594 0.433594 0.937500 0.410156 0.937500 0.406250 0.933594 0.402344 0.933594 0.398438 0.929688 0.398438 0.925781 0.394531 0.921875 0.394531 0.914062 0.390625 0.910156 0.390625 0.902344 0.382812 0.902344 0.375000 0.910156 0.371094 0.910156 0.367188 0.914062 0.347656 0.914062 0.343750 0.910156 0.335938 0.910156 0.335938 0.917969 0.343750 0.917969 0.347656 0.921875 0.347656 0.929688 0.351562 0.929688 0.355469 0.933594 0.355469 0.937500 0.359375 0.937500 0.363281 0.941406 0.363281 0.949219 0.367188 0.953125 0.386719 0.953125 0.390625 0.957031 0.390625 0.960938 0.398438 0.960938 0.406250 0.953125 0.425781 0.953125 0.425781 0.941406 0.429688 0.937500 0.449219 0.937500 0.453125 0.941406 0.453125 0.949219 0.457031 0.953125 0.476562 0.953125 0.480469 0.949219 0.480469 0.937500 0.472656 0.937500 0.468750 0.933594 0.468750 0.929688 0.460938 0.921875 0.460938 0.906250 0.468750 0.898438 0.468750 0.890625 0.472656 0.886719 0.472656 0.878906 0.468750 0.875000 0.468750 0.871094
4 0.417969 0.820312 0.417969 0.828125 0.425781 0.828125 0.425781 0.820312
4 0.601562 0.816406 0.597656 0.820312 0.597656 0.828125 0.593750 0.832031 0.593750 0.843750 0.589844 0.847656 0.582031 0.847656 0.582031 0.851562 0.570312 0.863281 0.566406 0.863281 0.566406 0.882812 0.570312 0.886719 0.570312 0.902344 0.566406 0.906250 0.558594 0.906250 0.554688 0.910156 0.550781 0.910156 0.546875 0.914062 0.546875 0.921875 0.539062 0.929688 0.535156 0.929688 0.535156 0.933594 0.531250 0.937500 0.523438 0.937500 0.523438 0.945312 0.531250 0.945312 0.531250 0.941406 0.535156 0.937500 0.554688 0.937500 0.554688 0.933594 0.558594 0.929688 0.562500 0.929688 0.578125 0.914062 0.578125 0.910156 0.593750 0.894531 0.593750 0.882812 0.597656 0.878906 0.644531 0.878906 0.644531 0.875000 0.648438 0.871094 0.648438 0.855469 0.644531 0.855469 0.640625 0.851562 0.640625 0.843750 0.636719 0.839844 0.636719 0.828125 0.617188 0.828125 0.609375 0.820312 0.609375 0.816406
4 0.460938 0.781250 0.460938 0.796875 0.457031 0.800781 0.441406 0.800781 0.441406 0.808594 0.445312 0.808594 0.449219 0.812500 0.449219 0.832031 0.453125 0.835938 0.453125 0.839844 0.460938 0.839844 0.464844 0.843750 0.464844 0.847656 0.476562 0.847656 0.476562 0.843750 0.480469 0.839844 0.492188 0.839844 0.492188 0.832031 0.488281 0.832031 0.484375 0.828125 0.484375 0.812500 0.488281 0.808594 0.488281 0.792969 0.476562 0.792969 0.468750 0.785156 0.468750 0.781250
4 0.765625 0.757812 0.765625 0.781250 0.757812 0.789062 0.757812 0.804688 0.753906 0.808594 0.742188 0.808594 0.738281 0.812500 0.738281 0.820312 0.734375 0.824219 0.726562 0.824219 0.722656 0.828125 0.722656 0.847656 0.714844 0.855469 0.699219 0.855469 0.695312 0.859375 0.687500 0.859375 0.687500 0.875000 0.695312 0.875000 0.699219 0.878906 0.714844 0.878906 0.714844 0.875000 0.722656 0.867188 0.726562 0.867188 0.726562 0.863281 0.730469 0.859375 0.742188 0.859375 0.742188 0.824219 0.746094 0.820312 0.750000 0.820312 0.750000 0.812500 0.753906 0.808594 0.769531 0.808594 0.773438 0.812500 0.773438 0.820312 0.789062 0.820312 0.789062 0.808594 0.796875 0.800781 0.796875 0.792969 0.792969 0.789062 0.792969 0.769531 0.789062 0.769531 0.785156 0.765625 0.785156 0.757812
4 0.187500 0.730469 0.183594 0.734375 0.183594 0.742188 0.187500 0.746094 0.187500 0.765625 0.207031 0.765625 0.214844 0.757812 0.214844 0.753906 0.218750 0.750000 0.226562 0.750000 0.226562 0.742188 0.230469 0.738281 0.230469 0.730469 0.218750 0.730469 0.214844 0.734375 0.199219 0.734375 0.195312 0.730469
4 0.187500 0.656250 0.187500 0.667969 0.179688 0.675781 0.164062 0.675781 0.164062 0.683594 0.179688 0.683594 0.183594 0.687500 0.207031 0.687500 0.210938 0.691406 0.222656 0.691406 0.222656 0.687500 0.230469 0.679688 0.234375 0.679688 0.234375 0.667969 0.214844 0.667969 0.210938 0.664062 0.210938 0.656250
4 0.777344 0.648438 0.777344 0.679688 0.781250 0.679688 0.785156 0.683594 0.785156 0.710938 0.789062 0.714844 0.789062 0.722656 0.792969 0.726562 0.792969 0.730469 0.804688 0.730469 0.804688 0.714844 0.800781 0.710938 0.800781 0.707031 0.796875 0.703125 0.796875 0.687500 0.800781 0.683594 0.808594 0.683594 0.808594 0.652344 0.792969 0.652344 0.789062 0.648438
4 0.675781 0.644531 0.675781 0.652344 0.687500 0.652344 0.687500 0.644531
4 0.257812 0.593750 0.253906 0.597656 0.253906 0.605469 0.242188 0.617188 0.242188 0.621094 0.238281 0.625000 0.234375 0.625000 0.234375 0.644531 0.242188 0.644531 0.246094 0.640625 0.261719 0.640625 0.265625 0.644531 0.273438 0.644531 0.273438 0.632812 0.269531 0.628906 0.269531 0.593750
4 0.894531 0.585938 0.894531 0.593750 0.890625 0.597656 0.890625 0.605469 0.886719 0.609375 0.886719 0.613281 0.882812 0.617188 0.882812 0.621094 0.878906 0.625000 0.878906 0.644531 0.875000 0.648438 0.871094 0.648438 0.871094 0.660156 0.867188 0.664062 0.863281 0.664062 0.863281 0.683594 0.878906 0.683594 0.878906 0.679688 0.882812 0.675781 0.882812 0.667969 0.886719 0.664062 0.886719 0.660156 0.890625 0.656250 0.890625 0.636719 0.894531 0.632812 0.894531 0.625000 0.898438 0.621094 0.898438 0.617188 0.902344 0.613281 0.902344 0.605469 0.910156 0.597656 0.910156 0.589844 0.906250 0.589844 0.902344 0.585938
4 0.816406 0.429688 0.816406 0.445312 0.808594 0.453125 0.792969 0.453125 0.792969 0.464844 0.796875 0.468750 0.796875 0.472656 0.800781 0.472656 0.812500 0.484375 0.812500 0.488281 0.816406 0.492188 0.816406 0.515625 0.812500 0.519531 0.812500 0.531250 0.808594 0.535156 0.765625 0.535156 0.761719 0.531250 0.761719 0.519531 0.757812 0.515625 0.757812 0.511719 0.753906 0.507812 0.753906 0.496094 0.750000 0.492188 0.750000 0.480469 0.746094 0.476562 0.746094 0.472656 0.730469 0.472656 0.730469 0.488281 0.734375 0.492188 0.734375 0.496094 0.742188 0.503906 0.742188 0.519531 0.738281 0.523438 0.722656 0.523438 0.718750 0.527344 0.699219 0.527344 0.695312 0.523438 0.695312 0.515625 0.687500 0.515625 0.687500 0.539062 0.683594 0.542969 0.671875 0.542969 0.667969 0.546875 0.628906 0.546875 0.625000 0.542969 0.613281 0.542969 0.605469 0.535156 0.605469 0.531250 0.601562 0.527344 0.593750 0.527344 0.589844 0.531250 0.589844 0.535156 0.585938 0.539062 0.562500 0.539062 0.550781 0.527344 0.550781 0.523438 0.546875 0.523438 0.542969 0.519531 0.542969 0.507812 0.539062 0.507812 0.535156 0.503906 0.535156 0.500000 0.527344 0.500000 0.527344 0.515625 0.531250 0.519531 0.531250 0.535156 0.527344 0.539062 0.527344 0.546875 0.515625 0.558594 0.476562 0.558594 0.468750 0.566406 0.457031 0.566406 0.453125 0.570312 0.453125 0.589844 0.449219 0.593750 0.390625 0.593750 0.386719 0.589844 0.386719 0.570312 0.402344 0.554688 0.402344 0.539062 0.398438 0.535156 0.398438 0.531250 0.390625 0.531250 0.386719 0.527344 0.371094 0.527344 0.367188 0.531250 0.347656 0.531250 0.347656 0.535156 0.343750 0.539062 0.332031 0.539062 0.324219 0.546875 0.304688 0.546875 0.300781 0.542969 0.300781 0.539062 0.273438 0.539062 0.273438 0.546875 0.277344 0.546875 0.281250 0.550781 0.292969 0.550781 0.296875 0.554688 0.296875 0.570312 0.308594 0.570312 0.312500 0.566406 0.355469 0.566406 0.355469 0.562500 0.359375 0.558594 0.375000 0.558594 0.378906 0.562500 0.378906 0.585938 0.375000 0.589844 0.375000 0.593750 0.371094 0.597656 0.371094 0.609375 0.367188 0.613281 0.367188 0.625000 0.371094 0.628906 0.371094 0.632812 0.382812 0.632812 0.386719 0.636719 0.386719 0.648438 0.390625 0.652344 0.390625 0.656250 0.398438 0.656250 0.402344 0.660156 0.402344 0.679688 0.406250 0.683594 0.406250 0.714844 0.402344 0.718750 0.402344 0.730469 0.410156 0.730469 0.410156 0.718750 0.417969 0.710938 0.453125 0.710938 0.457031 0.714844 0.457031 0.742188 0.464844 0.750000 0.472656 0.750000 0.476562 0.746094 0.480469 0.746094 0.480469 0.742188 0.484375 0.738281 0.492188 0.738281 0.492188 0.730469 0.488281 0.726562 0.488281 0.714844 0.480469 0.714844 0.476562 0.710938 0.476562 0.695312 0.480469 0.691406 0.500000 0.691406 0.503906 0.695312 0.503906 0.707031 0.507812 0.707031 0.511719 0.710938 0.523438 0.710938 0.523438 0.703125 0.527344 0.699219 0.531250 0.699219 0.531250 0.691406 0.535156 0.687500 0.554688 0.687500 0.554688 0.671875 0.558594 0.667969 0.562500 0.667969 0.562500 0.656250 0.574219 0.644531 0.578125 0.644531 0.578125 0.636719 0.582031 0.632812 0.585938 0.632812 0.585938 0.625000 0.589844 0.621094 0.597656 0.621094 0.597656 0.617188 0.601562 0.613281 0.605469 0.613281 0.609375 0.609375 0.628906 0.609375 0.636719 0.617188 0.636719 0.628906 0.644531 0.628906 0.644531 0.625000 0.648438 0.621094 0.648438 0.613281 0.652344 0.609375 0.656250 0.609375 0.660156 0.605469 0.660156 0.601562 0.664062 0.597656 0.679688 0.597656 0.683594 0.601562 0.683594 0.605469 0.687500 0.609375 0.687500 0.613281 0.695312 0.613281 0.699219 0.617188 0.707031 0.617188 0.710938 0.613281 0.726562 0.613281 0.730469 0.617188 0.730469 0.632812 0.746094 0.632812 0.750000 0.636719 0.750000 0.640625 0.761719 0.640625 0.761719 0.625000 0.765625 0.621094 0.769531 0.621094 0.773438 0.617188 0.796875 0.617188 0.804688 0.609375 0.808594 0.609375 0.808594 0.597656 0.812500 0.593750 0.812500 0.585938 0.800781 0.585938 0.800781 0.593750 0.796875 0.597656 0.796875 0.601562 0.789062 0.609375 0.761719 0.609375 0.761719 0.613281 0.757812 0.617188 0.730469 0.617188 0.726562 0.613281 0.726562 0.593750 0.730469 0.589844 0.738281 0.589844 0.738281 0.566406 0.742188 0.562500 0.750000 0.562500 0.753906 0.558594 0.796875 0.558594 0.800781 0.562500 0.816406 0.562500 0.820312 0.566406 0.828125 0.566406 0.832031 0.562500 0.832031 0.546875 0.835938 0.542969 0.839844 0.542969 0.839844 0.531250 0.835938 0.527344 0.835938 0.503906 0.843750 0.496094 0.847656 0.496094 0.847656 0.480469 0.835938 0.480469 0.832031 0.476562 0.832031 0.457031 0.828125 0.453125 0.828125 0.449219 0.824219 0.445312 0.824219 0.429688
4 0.042969 0.414062 0.042969 0.417969 0.039062 0.421875 0.039062 0.437500 0.050781 0.449219 0.050781 0.453125 0.054688 0.457031 0.054688 0.464844 0.058594 0.468750 0.058594 0.472656 0.062500 0.476562 0.062500 0.488281 0.093750 0.488281 0.093750 0.484375 0.097656 0.480469 0.097656 0.476562 0.105469 0.468750 0.105469 0.460938 0.109375 0.457031 0.109375 0.449219 0.078125 0.449219 0.074219 0.445312 0.074219 0.429688 0.070312 0.429688 0.062500 0.421875 0.062500 0.414062
4 0.843750 0.367188 0.843750 0.378906 0.839844 0.382812 0.839844 0.398438 0.847656 0.406250 0.859375 0.406250 0.859375 0.402344 0.863281 0.398438 0.863281 0.390625 0.859375 0.386719 0.859375 0.367188
4 0.750000 0.265625 0.750000 0.296875 0.757812 0.296875 0.761719 0.300781 0.761719 0.304688 0.765625 0.308594 0.765625 0.332031 0.769531 0.335938 0.769531 0.343750 0.777344 0.351562 0.777344 0.371094 0.781250 0.371094 0.785156 0.375000 0.785156 0.378906 0.792969 0.378906 0.792969 0.351562 0.789062 0.347656 0.789062 0.343750 0.785156 0.339844 0.785156 0.304688 0.781250 0.300781 0.781250 0.296875 0.777344 0.292969 0.777344 0.285156 0.773438 0.281250 0.773438 0.277344 0.769531 0.273438 0.765625 0.273438 0.757812 0.265625
