4 0.378906 0.757812 0.378906 0.769531 0.406250 0.769531 0.410156 0.773438 0.417969 0.773438 0.417969 0.765625 0.406250 0.765625 0.398438 0.757812
4 0.617188 0.683594 0.609375 0.691406 0.605469 0.691406 0.601562 0.695312 0.601562 0.722656 0.597656 0.726562 0.578125 0.726562 0.574219 0.730469 0.570312 0.730469 0.566406 0.734375 0.566406 0.742188 0.570312 0.746094 0.601562 0.746094 0.605469 0.750000 0.605469 0.765625 0.593750 0.777344 0.582031 0.777344 0.582031 0.804688 0.578125 0.808594 0.550781 0.808594 0.546875 0.812500 0.535156 0.812500 0.535156 0.816406 0.527344 0.824219 0.492188 0.824219 0.488281 0.828125 0.484375 0.828125 0.480469 0.832031 0.476562 0.832031 0.472656 0.835938 0.445312 0.835938 0.441406 0.839844 0.417969 0.839844 0.414062 0.835938 0.414062 0.804688 0.406250 0.804688 0.406250 0.820312 0.402344 0.824219 0.375000 0.824219 0.371094 0.828125 0.347656 0.828125 0.347656 0.835938 0.363281 0.835938 0.367188 0.839844 0.367188 0.847656 0.371094 0.851562 0.371094 0.855469 0.375000 0.855469 0.378906 0.859375 0.378906 0.867188 0.382812 0.871094 0.382812 0.875000 0.386719 0.875000 0.390625 0.878906 0.390625 0.882812 0.394531 0.886719 0.398438 0.886719 0.402344 0.890625 0.417969 0.890625 0.421875 0.894531 0.421875 0.910156 0.425781 0.914062 0.425781 0.917969 0.433594 0.917969 0.437500 0.914062 0.441406 0.914062 0.445312 0.910156 0.449219 0.910156 0.449219 0.898438 0.441406 0.898438 0.437500 0.894531 0.437500 0.871094 0.441406 0.867188 0.445312 0.867188 0.445312 0.855469 0.449219 0.851562 0.457031 0.851562 0.457031 0.847656 0.464844 0.839844 0.492188 0.839844 0.496094 0.843750 0.507812 0.843750 0.511719 0.839844 0.527344 0.839844 0.531250 0.843750 0.531250 0.859375 0.539062 0.859375 0.542969 0.855469 0.542969 0.839844 0.546875 0.835938 0.554688 0.835938 0.558594 0.832031 0.558594 0.828125 0.562500 0.824219 0.582031 0.824219 0.585938 0.820312 0.593750 0.820312 0.601562 0.812500 0.605469 0.812500 0.609375 0.808594 0.609375 0.789062 0.613281 0.785156 0.617188 0.785156 0.625000 0.777344 0.628906 0.777344 0.632812 0.773438 0.636719 0.773438 0.640625 0.769531 0.648438 0.769531 0.648438 0.765625 0.652344 0.761719 0.656250 0.761719 0.667969 0.750000 0.667969 0.726562 0.671875 0.722656 0.679688 0.722656 0.683594 0.718750 0.683594 0.707031 0.671875 0.707031 0.671875 0.714844 0.667969 0.718750 0.652344 0.718750 0.644531 0.710938 0.644531 0.695312 0.648438 0.691406 0.648438 0.683594
4 0.742188 0.671875 0.742188 0.679688 0.750000 0.679688 0.750000 0.671875
4 0.503906 0.648438 0.503906 0.664062 0.500000 0.667969 0.492188 0.667969 0.492188 0.675781 0.503906 0.675781 0.503906 0.664062 0.507812 0.660156 0.519531 0.660156 0.519531 0.648438
4 0.437500 0.609375 0.433594 0.613281 0.429688 0.613281 0.425781 0.617188 0.417969 0.617188 0.417969 0.632812 0.421875 0.636719 0.421875 0.664062 0.417969 0.667969 0.386719 0.667969 0.382812 0.664062 0.351562 0.664062 0.347656 0.660156 0.335938 0.660156 0.332031 0.656250 0.324219 0.656250 0.324219 0.667969 0.339844 0.667969 0.343750 0.671875 0.343750 0.695312 0.339844 0.699219 0.332031 0.699219 0.332031 0.718750 0.339844 0.718750 0.343750 0.714844 0.343750 0.710938 0.351562 0.703125 0.355469 0.703125 0.359375 0.699219 0.363281 0.699219 0.375000 0.687500 0.421875 0.687500 0.425781 0.683594 0.429688 0.683594 0.433594 0.679688 0.441406 0.679688 0.445312 0.675781 0.449219 0.675781 0.453125 0.671875 0.460938 0.671875 0.460938 0.667969 0.464844 0.664062 0.464844 0.656250 0.460938 0.656250 0.457031 0.652344 0.457031 0.644531 0.449219 0.644531 0.445312 0.640625 0.445312 0.621094 0.449219 0.617188 0.449219 0.609375
4 0.179688 0.578125 0.179688 0.585938 0.183594 0.589844 0.210938 0.589844 0.210938 0.582031 0.207031 0.582031 0.203125 0.578125
4 0.570312 0.550781 0.570312 0.554688 0.566406 0.558594 0.566406 0.574219 0.574219 0.574219 0.578125 0.578125 0.578125 0.582031 0.585938 0.582031 0.589844 0.585938 0.589844 0.589844 0.597656 0.589844 0.597656 0.585938 0.601562 0.582031 0.613281 0.582031 0.613281 0.574219 0.601562 0.574219 0.597656 0.570312 0.593750 0.570312 0.589844 0.566406 0.589844 0.558594 0.582031 0.558594 0.578125 0.554688 0.578125 0.550781
4 0.234375 0.546875 0.234375 0.562500 0.238281 0.562500 0.242188 0.566406 0.242188 0.593750 0.238281 0.597656 0.238281 0.609375 0.246094 0.609375 0.246094 0.597656 0.250000 0.593750 0.269531 0.593750 0.273438 0.597656 0.273438 0.625000 0.277344 0.628906 0.277344 0.632812 0.285156 0.632812 0.289062 0.628906 0.289062 0.621094 0.292969 0.617188 0.300781 0.617188 0.300781 0.609375 0.296875 0.605469 0.296875 0.585938 0.300781 0.582031 0.304688 0.582031 0.304688 0.574219 0.257812 0.574219 0.253906 0.570312 0.246094 0.570312 0.242188 0.566406 0.242188 0.546875
4 0.640625 0.539062 0.640625 0.546875 0.652344 0.546875 0.656250 0.550781 0.664062 0.550781 0.664062 0.542969 0.652344 0.542969 0.648438 0.539062
4 0.128906 0.531250 0.128906 0.539062 0.125000 0.542969 0.125000 0.562500 0.121094 0.566406 0.121094 0.585938 0.117188 0.589844 0.117188 0.593750 0.113281 0.597656 0.113281 0.601562 0.109375 0.605469 0.105469 0.605469 0.101562 0.609375 0.101562 0.617188 0.117188 0.617188 0.125000 0.625000 0.125000 0.632812 0.136719 0.632812 0.140625 0.628906 0.160156 0.628906 0.164062 0.632812 0.164062 0.636719 0.187500 0.636719 0.187500 0.621094 0.164062 0.621094 0.156250 0.613281 0.152344 0.613281 0.148438 0.609375 0.148438 0.593750 0.144531 0.593750 0.140625 0.589844 0.140625 0.570312 0.144531 0.566406 0.148438 0.566406 0.148438 0.562500 0.152344 0.558594 0.164062 0.558594 0.164062 0.550781 0.156250 0.550781 0.148438 0.542969 0.148438 0.535156 0.144531 0.535156 0.140625 0.531250
4 0.394531 0.488281 0.390625 0.492188 0.382812 0.492188 0.382812 0.503906 0.410156 0.503906 0.410156 0.496094 0.406250 0.496094 0.402344 0.492188 0.402344 0.488281
4 0.562500 0.468750 0.562500 0.476562 0.574219 0.476562 0.574219 0.468750
4 0.414062 0.437500 0.414062 0.445312 0.421875 0.445312 0.421875 0.437500
4 0.828125 0.394531 0.828125 0.414062 0.824219 0.417969 0.820312 0.417969 0.816406 0.421875 0.812500 0.421875 0.812500 0.460938 0.808594 0.464844 0.804688 0.464844 0.800781 0.468750 0.796875 0.468750 0.796875 0.472656 0.792969 0.476562 0.777344 0.476562 0.773438 0.472656 0.753906 0.472656 0.753906 0.488281 0.750000 0.492188 0.726562 0.492188 0.722656 0.488281 0.722656 0.484375 0.718750 0.480469 0.714844 0.480469 0.710938 0.476562 0.710938 0.472656 0.707031 0.468750 0.707031 0.464844 0.695312 0.464844 0.691406 0.468750 0.675781 0.468750 0.671875 0.464844 0.656250 0.464844 0.652344 0.468750 0.644531 0.468750 0.644531 0.488281 0.664062 0.488281 0.671875 0.496094 0.671875 0.500000 0.699219 0.500000 0.703125 0.496094 0.738281 0.496094 0.742188 0.500000 0.742188 0.507812 0.746094 0.507812 0.750000 0.511719 0.757812 0.511719 0.761719 0.507812 0.777344 0.507812 0.781250 0.511719 0.781250 0.515625 0.785156 0.515625 0.792969 0.523438 0.792969 0.527344 0.796875 0.531250 0.796875 0.546875 0.792969 0.550781 0.789062 0.550781 0.789062 0.558594 0.781250 0.566406 0.750000 0.566406 0.746094 0.570312 0.746094 0.578125 0.750000 0.578125 0.753906 0.582031 0.753906 0.597656 0.750000 0.601562 0.742188 0.601562 0.742188 0.605469 0.738281 0.609375 0.718750 0.609375 0.718750 0.625000 0.714844 0.628906 0.710938 0.628906 0.707031 0.632812 0.703125 0.632812 0.703125 0.644531 0.710938 0.644531 0.714844 0.640625 0.722656 0.640625 0.726562 0.636719 0.738281 0.636719 0.738281 0.621094 0.742188 0.617188 0.757812 0.617188 0.761719 0.621094 0.761719 0.636719 0.757812 0.640625 0.753906 0.640625 0.753906 0.664062 0.761719 0.664062 0.769531 0.656250 0.769531 0.648438 0.773438 0.644531 0.773438 0.632812 0.777344 0.628906 0.781250 0.628906 0.781250 0.621094 0.785156 0.617188 0.804688 0.617188 0.808594 0.613281 0.808594 0.585938 0.812500 0.582031 0.812500 0.578125 0.820312 0.570312 0.820312 0.562500 0.824219 0.558594 0.824219 0.507812 0.820312 0.503906 0.820312 0.488281 0.824219 0.484375 0.824219 0.480469 0.828125 0.476562 0.832031 0.476562 0.832031 0.464844 0.828125 0.460938 0.828125 0.445312 0.832031 0.441406 0.832031 0.429688 0.835938 0.425781 0.835938 0.394531
4 0.476562 0.386719 0.476562 0.398438 0.472656 0.402344 0.453125 0.402344 0.449219 0.406250 0.445312 0.406250 0.445312 0.410156 0.441406 0.414062 0.441406 0.429688 0.453125 0.429688 0.457031 0.433594 0.457031 0.445312 0.460938 0.445312 0.464844 0.449219 0.464844 0.460938 0.472656 0.460938 0.476562 0.464844 0.476562 0.480469 0.472656 0.484375 0.468750 0.484375 0.468750 0.496094 0.460938 0.503906 0.445312 0.503906 0.441406 0.507812 0.441406 0.519531 0.437500 0.523438 0.429688 0.523438 0.429688 0.531250 0.433594 0.531250 0.437500 0.535156 0.437500 0.542969 0.441406 0.546875 0.441406 0.570312 0.437500 0.574219 0.421875 0.574219 0.417969 0.578125 0.417969 0.585938 0.437500 0.585938 0.437500 0.582031 0.441406 0.578125 0.457031 0.578125 0.460938 0.574219 0.460938 0.546875 0.464844 0.542969 0.464844 0.535156 0.468750 0.531250 0.468750 0.519531 0.472656 0.515625 0.472656 0.503906 0.476562 0.500000 0.476562 0.480469 0.480469 0.476562 0.484375 0.476562 0.484375 0.472656 0.488281 0.468750 0.500000 0.468750 0.500000 0.441406 0.488281 0.441406 0.484375 0.437500 0.484375 0.386719
4 0.191406 0.382812 0.191406 0.394531 0.187500 0.398438 0.183594 0.398438 0.183594 0.406250 0.179688 0.410156 0.175781 0.410156 0.171875 0.414062 0.167969 0.414062 0.167969 0.417969 0.164062 0.421875 0.164062 0.425781 0.160156 0.429688 0.156250 0.429688 0.156250 0.449219 0.152344 0.453125 0.144531 0.453125 0.144531 0.472656 0.140625 0.476562 0.136719 0.476562 0.136719 0.488281 0.160156 0.488281 0.160156 0.484375 0.167969 0.476562 0.167969 0.468750 0.171875 0.464844 0.183594 0.464844 0.187500 0.460938 0.191406 0.460938 0.191406 0.453125 0.187500 0.453125 0.183594 0.449219 0.183594 0.410156 0.187500 0.406250 0.191406 0.406250 0.191406 0.394531 0.195312 0.390625 0.203125 0.390625 0.203125 0.382812
4 0.738281 0.343750 0.738281 0.351562 0.742188 0.355469 0.753906 0.355469 0.753906 0.343750
4 0.621094 0.316406 0.617188 0.320312 0.617188 0.328125 0.613281 0.332031 0.593750 0.332031 0.585938 0.339844 0.582031 0.339844 0.578125 0.343750 0.578125 0.351562 0.582031 0.355469 0.582031 0.371094 0.578125 0.375000 0.578125 0.382812 0.574219 0.386719 0.574219 0.402344 0.570312 0.406250 0.558594 0.406250 0.554688 0.410156 0.550781 0.410156 0.550781 0.414062 0.546875 0.417969 0.535156 0.417969 0.535156 0.421875 0.531250 0.425781 0.527344 0.425781 0.527344 0.453125 0.531250 0.453125 0.535156 0.457031 0.542969 0.457031 0.542969 0.449219 0.546875 0.445312 0.554688 0.445312 0.558594 0.441406 0.562500 0.441406 0.562500 0.421875 0.566406 0.417969 0.570312 0.417969 0.574219 0.414062 0.574219 0.402344 0.578125 0.398438 0.582031 0.398438 0.589844 0.390625 0.589844 0.386719 0.597656 0.378906 0.613281 0.378906 0.617188 0.375000 0.625000 0.375000 0.625000 0.359375 0.628906 0.355469 0.628906 0.343750 0.632812 0.339844 0.632812 0.335938 0.636719 0.332031 0.640625 0.332031 0.640625 0.320312 0.636719 0.316406
4 0.402344 0.261719 0.402344 0.277344 0.414062 0.277344 0.414062 0.261719
4 0.500000 0.250000 0.492188 0.257812 0.472656 0.257812 0.472656 0.265625 0.468750 0.269531 0.464844 0.269531 0.464844 0.281250 0.460938 0.285156 0.445312 0.285156 0.441406 0.281250 0.425781 0.281250 0.425781 0.289062 0.433594 0.296875 0.433594 0.300781 0.441406 0.300781 0.453125 0.312500 0.468750 0.312500 0.472656 0.316406 0.480469 0.316406 0.480469 0.308594 0.484375 0.304688 0.488281 0.304688 0.492188 0.300781 0.492188 0.281250 0.496094 0.277344 0.511719 0.277344 0.511719 0.250000
4 0.703125 0.222656 0.699219 0.226562 0.699219 0.242188 0.695312 0.246094 0.687500 0.246094 0.687500 0.269531 0.683594 0.273438 0.679688 0.273438 0.671875 0.281250 0.660156 0.281250 0.660156 0.296875 0.667969 0.296875 0.671875 0.292969 0.707031 0.292969 0.714844 0.285156 0.714844 0.222656
4 0.609375 0.152344 0.609375 0.156250 0.605469 0.160156 0.605469 0.171875 0.601562 0.175781 0.601562 0.183594 0.605469 0.187500 0.605469 0.199219 0.609375 0.203125 0.617188 0.203125 0.617188 0.179688 0.621094 0.175781 0.621094 0.167969 0.617188 0.164062 0.617188 0.152344
4 0.410156 0.132812 0.410156 0.136719 0.394531 0.152344 0.390625 0.152344 0.390625 0.179688 0.382812 0.187500 0.382812 0.195312 0.386719 0.199219 0.398438 0.199219 0.398438 0.195312 0.402344 0.191406 0.433594 0.191406 0.437500 0.187500 0.441406 0.187500 0.445312 0.183594 0.460938 0.183594 0.464844 0.187500 0.464844 0.203125 0.472656 0.203125 0.472656 0.187500 0.468750 0.187500 0.464844 0.183594 0.464844 0.160156 0.460938 0.156250 0.460938 0.148438 0.425781 0.148438 0.421875 0.144531 0.421875 0.136719 0.417969 0.132812
4 0.632812 0.117188 0.628906 0.121094 0.617188 0.121094 0.617188 0.128906 0.621094 0.132812 0.636719 0.132812 0.640625 0.136719 0.640625 0.140625 0.652344 0.140625 0.656250 0.144531 0.656250 0.167969 0.660156 0.171875 0.660156 0.175781 0.664062 0.179688 0.675781 0.179688 0.679688 0.175781 0.687500 0.175781 0.687500 0.164062 0.691406 0.160156 0.707031 0.160156 0.710938 0.164062 0.710938 0.175781 0.714844 0.179688 0.714844 0.199219 0.742188 0.199219 0.746094 0.203125 0.746094 0.234375 0.750000 0.234375 0.753906 0.238281 0.753906 0.250000 0.757812 0.250000 0.761719 0.253906 0.761719 0.269531 0.757812 0.273438 0.746094 0.273438 0.746094 0.277344 0.742188 0.281250 0.738281 0.281250 0.738281 0.289062 0.757812 0.289062 0.761719 0.292969 0.785156 0.292969 0.792969 0.300781 0.792969 0.316406 0.789062 0.320312 0.789062 0.347656 0.785156 0.351562 0.781250 0.351562 0.781250 0.363281 0.789062 0.363281 0.789062 0.355469 0.792969 0.351562 0.808594 0.351562 0.816406 0.359375 0.816406 0.363281 0.820312 0.367188 0.828125 0.367188 0.828125 0.359375 0.820312 0.351562 0.820312 0.343750 0.812500 0.343750 0.808594 0.339844 0.808594 0.316406 0.812500 0.312500 0.812500 0.304688 0.808594 0.304688 0.804688 0.300781 0.804688 0.265625 0.800781 0.265625 0.796875 0.261719 0.796875 0.246094 0.789062 0.238281 0.789062 0.234375 0.785156 0.230469 0.785156 0.222656 0.781250 0.218750 0.781250 0.210938 0.773438 0.203125 0.773438 0.199219 0.769531 0.199219 0.765625 0.195312 0.765625 0.191406 0.761719 0.191406 0.757812 0.187500 0.746094 0.187500 0.742188 0.183594 0.742188 0.171875 0.730469 0.171875 0.718750 0.160156 0.695312 0.160156 0.691406 0.156250 0.691406 0.140625 0.675781 0.140625 0.671875 0.136719 0.671875 0.132812 0.664062 0.132812 0.660156 0.128906 0.660156 0.125000 0.648438 0.125000 0.644531 0.121094 0.644531 0.117188
4 0.449219 0.031250 0.449219 0.039062 0.468750 0.039062 0.472656 0.042969 0.472656 0.058594 0.468750 0.062500 0.468750 0.070312 0.484375 0.070312 0.492188 0.078125 0.492188 0.085938 0.511719 0.085938 0.515625 0.089844 0.523438 0.089844 0.527344 0.085938 0.535156 0.085938 0.535156 0.074219 0.531250 0.070312 0.531250 0.062500 0.527344 0.062500 0.523438 0.058594 0.523438 0.054688 0.476562 0.054688 0.472656 0.050781 0.472656 0.031250
4 0.386719 0.011719 0.386719 0.015625 0.382812 0.019531 0.375000 0.019531 0.375000 0.027344 0.386719 0.027344 0.390625 0.031250 0.390625 0.058594 0.386719 0.062500 0.378906 0.062500 0.378906 0.066406 0.375000 0.070312 0.371094 0.070312 0.367188 0.074219 0.359375 0.074219 0.355469 0.078125 0.347656 0.078125 0.347656 0.132812 0.343750 0.136719 0.339844 0.136719 0.335938 0.140625 0.332031 0.140625 0.328125 0.144531 0.328125 0.148438 0.324219 0.152344 0.304688 0.152344 0.304688 0.160156 0.300781 0.164062 0.300781 0.171875 0.304688 0.175781 0.304688 0.179688 0.312500 0.179688 0.312500 0.160156 0.316406 0.156250 0.359375 0.156250 0.359375 0.140625 0.355469 0.136719 0.355469 0.113281 0.363281 0.105469 0.382812 0.105469 0.382812 0.089844 0.390625 0.082031 0.402344 0.082031 0.402344 0.062500 0.406250 0.058594 0.421875 0.058594 0.425781 0.054688 0.425781 0.039062 0.414062 0.039062 0.410156 0.035156 0.410156 0.019531 0.402344 0.019531 0.398438 0.015625 0.398438 0.011719
