4 0.425781 0.847656 0.421875 0.851562 0.421875 0.855469 0.417969 0.859375 0.398438 0.859375 0.394531 0.855469 0.394531 0.851562 0.386719 0.851562 0.382812 0.855469 0.343750 0.855469 0.343750 0.867188 0.347656 0.871094 0.359375 0.871094 0.367188 0.863281 0.394531 0.863281 0.398438 0.867188 0.398438 0.875000 0.414062 0.875000 0.417969 0.878906 0.441406 0.878906 0.441406 0.851562 0.437500 0.851562 0.433594 0.847656
4 0.300781 0.828125 0.300781 0.835938 0.312500 0.835938 0.312500 0.828125
4 0.570312 0.812500 0.562500 0.820312 0.550781 0.820312 0.550781 0.824219 0.542969 0.832031 0.539062 0.832031 0.539062 0.835938 0.535156 0.839844 0.527344 0.839844 0.527344 0.851562 0.523438 0.855469 0.515625 0.855469 0.511719 0.859375 0.496094 0.859375 0.496094 0.867188 0.519531 0.867188 0.523438 0.871094 0.546875 0.871094 0.550781 0.867188 0.558594 0.867188 0.562500 0.863281 0.578125 0.863281 0.582031 0.859375 0.585938 0.859375 0.585938 0.855469 0.589844 0.851562 0.601562 0.851562 0.605469 0.847656 0.625000 0.847656 0.625000 0.839844 0.597656 0.839844 0.585938 0.828125 0.582031 0.828125 0.578125 0.824219 0.578125 0.812500
4 0.269531 0.800781 0.269531 0.808594 0.273438 0.812500 0.273438 0.820312 0.296875 0.820312 0.296875 0.800781
4 0.152344 0.703125 0.152344 0.710938 0.156250 0.714844 0.156250 0.718750 0.160156 0.718750 0.164062 0.722656 0.175781 0.722656 0.179688 0.726562 0.179688 0.730469 0.187500 0.730469 0.187500 0.722656 0.191406 0.718750 0.199219 0.718750 0.199219 0.703125 0.191406 0.703125 0.187500 0.707031 0.167969 0.707031 0.164062 0.703125
4 0.300781 0.687500 0.292969 0.695312 0.292969 0.710938 0.304688 0.710938 0.304688 0.707031 0.308594 0.703125 0.308594 0.699219 0.312500 0.695312 0.312500 0.687500
4 0.128906 0.664062 0.128906 0.667969 0.125000 0.671875 0.125000 0.679688 0.132812 0.679688 0.132812 0.675781 0.136719 0.671875 0.136719 0.664062
4 0.492188 0.660156 0.488281 0.664062 0.488281 0.675781 0.492188 0.679688 0.492188 0.714844 0.488281 0.718750 0.488281 0.761719 0.484375 0.765625 0.484375 0.769531 0.480469 0.773438 0.480469 0.781250 0.476562 0.785156 0.476562 0.800781 0.480469 0.804688 0.488281 0.804688 0.488281 0.792969 0.492188 0.789062 0.492188 0.781250 0.496094 0.777344 0.496094 0.746094 0.500000 0.742188 0.500000 0.734375 0.503906 0.730469 0.503906 0.675781 0.500000 0.671875 0.500000 0.660156
4 0.777344 0.632812 0.769531 0.640625 0.765625 0.640625 0.765625 0.667969 0.761719 0.671875 0.761719 0.707031 0.757812 0.710938 0.753906 0.710938 0.753906 0.722656 0.750000 0.726562 0.746094 0.726562 0.746094 0.734375 0.742188 0.738281 0.718750 0.738281 0.718750 0.746094 0.710938 0.753906 0.710938 0.777344 0.707031 0.781250 0.699219 0.781250 0.695312 0.785156 0.695312 0.789062 0.691406 0.792969 0.687500 0.792969 0.675781 0.804688 0.656250 0.804688 0.656250 0.816406 0.664062 0.824219 0.664062 0.828125 0.671875 0.835938 0.679688 0.835938 0.683594 0.832031 0.683594 0.816406 0.687500 0.812500 0.699219 0.812500 0.699219 0.808594 0.718750 0.789062 0.722656 0.789062 0.722656 0.785156 0.730469 0.777344 0.742188 0.777344 0.742188 0.773438 0.757812 0.757812 0.757812 0.750000 0.761719 0.746094 0.769531 0.746094 0.773438 0.742188 0.785156 0.742188 0.785156 0.734375 0.800781 0.718750 0.800781 0.714844 0.804688 0.710938 0.808594 0.710938 0.808594 0.707031 0.812500 0.703125 0.820312 0.703125 0.820312 0.699219 0.824219 0.695312 0.824219 0.687500 0.828125 0.683594 0.828125 0.671875 0.835938 0.664062 0.839844 0.664062 0.839844 0.660156 0.843750 0.656250 0.847656 0.656250 0.847656 0.652344 0.851562 0.648438 0.859375 0.648438 0.863281 0.644531 0.867188 0.644531 0.867188 0.636719 0.839844 0.636719 0.839844 0.640625 0.835938 0.644531 0.832031 0.644531 0.828125 0.648438 0.828125 0.652344 0.824219 0.656250 0.824219 0.660156 0.820312 0.664062 0.800781 0.664062 0.792969 0.656250 0.792969 0.636719 0.789062 0.632812
4 0.089844 0.613281 0.089844 0.621094 0.093750 0.625000 0.093750 0.632812 0.101562 0.640625 0.101562 0.644531 0.105469 0.644531 0.109375 0.648438 0.121094 0.648438 0.121094 0.640625 0.117188 0.640625 0.113281 0.636719 0.113281 0.625000 0.105469 0.625000 0.101562 0.621094 0.101562 0.613281
4 0.078125 0.585938 0.078125 0.601562 0.085938 0.601562 0.085938 0.585938
4 0.679688 0.570312 0.675781 0.574219 0.671875 0.574219 0.671875 0.589844 0.667969 0.593750 0.667969 0.605469 0.671875 0.609375 0.675781 0.609375 0.683594 0.617188 0.691406 0.617188 0.691406 0.613281 0.695312 0.609375 0.695312 0.589844 0.691406 0.589844 0.687500 0.585938 0.687500 0.570312
4 0.605469 0.558594 0.605469 0.562500 0.601562 0.566406 0.601562 0.601562 0.609375 0.609375 0.609375 0.613281 0.613281 0.617188 0.613281 0.628906 0.628906 0.628906 0.628906 0.605469 0.625000 0.601562 0.625000 0.589844 0.621094 0.585938 0.621094 0.574219 0.617188 0.570312 0.617188 0.558594
4 0.347656 0.546875 0.343750 0.550781 0.339844 0.550781 0.339844 0.558594 0.335938 0.562500 0.335938 0.570312 0.328125 0.578125 0.324219 0.578125 0.312500 0.589844 0.289062 0.589844 0.285156 0.585938 0.285156 0.574219 0.277344 0.574219 0.277344 0.597656 0.273438 0.601562 0.257812 0.601562 0.257812 0.609375 0.261719 0.613281 0.261719 0.632812 0.277344 0.632812 0.277344 0.628906 0.285156 0.621094 0.292969 0.621094 0.296875 0.617188 0.296875 0.601562 0.304688 0.593750 0.320312 0.593750 0.324219 0.597656 0.324219 0.609375 0.335938 0.609375 0.335938 0.605469 0.339844 0.601562 0.339844 0.597656 0.343750 0.593750 0.343750 0.589844 0.347656 0.585938 0.347656 0.574219 0.351562 0.570312 0.359375 0.570312 0.363281 0.566406 0.363281 0.558594 0.359375 0.554688 0.359375 0.546875
4 0.906250 0.535156 0.902344 0.539062 0.902344 0.554688 0.898438 0.558594 0.894531 0.558594 0.886719 0.566406 0.878906 0.566406 0.875000 0.570312 0.863281 0.570312 0.863281 0.578125 0.871094 0.578125 0.875000 0.582031 0.875000 0.597656 0.871094 0.601562 0.867188 0.601562 0.867188 0.609375 0.871094 0.613281 0.871094 0.621094 0.878906 0.621094 0.886719 0.613281 0.886719 0.609375 0.894531 0.601562 0.898438 0.601562 0.902344 0.597656 0.906250 0.597656 0.906250 0.578125 0.910156 0.574219 0.910156 0.566406 0.914062 0.562500 0.914062 0.550781 0.917969 0.546875 0.917969 0.535156
4 0.925781 0.496094 0.925781 0.503906 0.933594 0.503906 0.933594 0.496094
4 0.082031 0.371094 0.082031 0.386719 0.085938 0.390625 0.085938 0.410156 0.078125 0.417969 0.070312 0.417969 0.070312 0.433594 0.078125 0.433594 0.082031 0.429688 0.105469 0.429688 0.109375 0.433594 0.109375 0.437500 0.117188 0.445312 0.117188 0.468750 0.121094 0.472656 0.121094 0.480469 0.128906 0.480469 0.128906 0.457031 0.125000 0.453125 0.125000 0.437500 0.128906 0.433594 0.128906 0.429688 0.132812 0.425781 0.156250 0.425781 0.160156 0.429688 0.171875 0.429688 0.179688 0.437500 0.183594 0.437500 0.187500 0.441406 0.191406 0.441406 0.195312 0.445312 0.207031 0.445312 0.210938 0.449219 0.210938 0.464844 0.207031 0.468750 0.207031 0.472656 0.203125 0.476562 0.199219 0.476562 0.199219 0.484375 0.246094 0.484375 0.246094 0.480469 0.250000 0.476562 0.265625 0.476562 0.269531 0.480469 0.269531 0.492188 0.289062 0.492188 0.292969 0.496094 0.292969 0.511719 0.335938 0.511719 0.335938 0.507812 0.339844 0.503906 0.343750 0.503906 0.343750 0.496094 0.347656 0.492188 0.347656 0.468750 0.351562 0.464844 0.359375 0.464844 0.359375 0.460938 0.363281 0.457031 0.363281 0.449219 0.367188 0.445312 0.382812 0.445312 0.386719 0.449219 0.394531 0.449219 0.398438 0.453125 0.398438 0.460938 0.406250 0.468750 0.406250 0.472656 0.417969 0.472656 0.421875 0.468750 0.429688 0.468750 0.433594 0.464844 0.460938 0.464844 0.468750 0.472656 0.468750 0.476562 0.472656 0.480469 0.472656 0.488281 0.488281 0.488281 0.488281 0.484375 0.492188 0.480469 0.523438 0.480469 0.527344 0.476562 0.531250 0.476562 0.535156 0.472656 0.566406 0.472656 0.574219 0.464844 0.597656 0.464844 0.601562 0.460938 0.609375 0.460938 0.613281 0.457031 0.640625 0.457031 0.644531 0.453125 0.664062 0.453125 0.664062 0.449219 0.667969 0.445312 0.687500 0.445312 0.687500 0.433594 0.671875 0.433594 0.671875 0.437500 0.667969 0.441406 0.648438 0.441406 0.640625 0.433594 0.621094 0.433594 0.617188 0.429688 0.617188 0.425781 0.609375 0.417969 0.605469 0.417969 0.601562 0.414062 0.601562 0.410156 0.589844 0.398438 0.582031 0.398438 0.570312 0.410156 0.570312 0.417969 0.574219 0.421875 0.574219 0.437500 0.570312 0.441406 0.554688 0.441406 0.554688 0.445312 0.550781 0.449219 0.531250 0.449219 0.527344 0.445312 0.527344 0.441406 0.519531 0.441406 0.515625 0.445312 0.511719 0.445312 0.507812 0.449219 0.492188 0.449219 0.480469 0.460938 0.449219 0.460938 0.445312 0.457031 0.445312 0.453125 0.441406 0.449219 0.441406 0.445312 0.414062 0.445312 0.410156 0.441406 0.410156 0.425781 0.398438 0.425781 0.394531 0.421875 0.386719 0.421875 0.386719 0.425781 0.382812 0.429688 0.367188 0.429688 0.367188 0.445312 0.363281 0.449219 0.332031 0.449219 0.328125 0.445312 0.328125 0.441406 0.324219 0.437500 0.316406 0.437500 0.316406 0.449219 0.312500 0.453125 0.308594 0.453125 0.304688 0.457031 0.289062 0.457031 0.285156 0.453125 0.265625 0.453125 0.257812 0.445312 0.253906 0.445312 0.246094 0.437500 0.234375 0.437500 0.230469 0.433594 0.222656 0.433594 0.210938 0.421875 0.210938 0.417969 0.191406 0.417969 0.187500 0.414062 0.187500 0.398438 0.183594 0.394531 0.183594 0.386719 0.171875 0.386719 0.171875 0.402344 0.167969 0.406250 0.136719 0.406250 0.128906 0.398438 0.128906 0.394531 0.121094 0.394531 0.117188 0.390625 0.113281 0.390625 0.105469 0.382812 0.105469 0.378906 0.093750 0.378906 0.089844 0.375000 0.089844 0.371094
4 0.351562 0.320312 0.351562 0.335938 0.347656 0.339844 0.343750 0.339844 0.343750 0.347656 0.351562 0.347656 0.351562 0.343750 0.355469 0.339844 0.363281 0.339844 0.363281 0.320312
4 0.769531 0.312500 0.769531 0.339844 0.773438 0.339844 0.777344 0.343750 0.777344 0.351562 0.781250 0.355469 0.785156 0.355469 0.789062 0.359375 0.789062 0.378906 0.785156 0.382812 0.781250 0.382812 0.781250 0.390625 0.796875 0.390625 0.800781 0.394531 0.800781 0.398438 0.808594 0.406250 0.808594 0.414062 0.812500 0.414062 0.816406 0.417969 0.816406 0.433594 0.812500 0.437500 0.765625 0.437500 0.761719 0.441406 0.734375 0.441406 0.730469 0.437500 0.730469 0.433594 0.722656 0.433594 0.714844 0.441406 0.714844 0.449219 0.718750 0.449219 0.722656 0.453125 0.761719 0.453125 0.765625 0.457031 0.792969 0.457031 0.796875 0.460938 0.796875 0.480469 0.804688 0.480469 0.804688 0.464844 0.808594 0.460938 0.832031 0.460938 0.835938 0.457031 0.871094 0.457031 0.875000 0.453125 0.875000 0.441406 0.867188 0.441406 0.863281 0.437500 0.851562 0.437500 0.847656 0.433594 0.847656 0.406250 0.843750 0.406250 0.839844 0.402344 0.839844 0.398438 0.832031 0.390625 0.828125 0.390625 0.824219 0.386719 0.824219 0.375000 0.820312 0.371094 0.820312 0.347656 0.816406 0.343750 0.808594 0.343750 0.804688 0.339844 0.804688 0.335938 0.800781 0.332031 0.800781 0.328125 0.796875 0.324219 0.796875 0.320312 0.789062 0.312500
4 0.929688 0.304688 0.925781 0.308594 0.917969 0.308594 0.914062 0.312500 0.914062 0.343750 0.910156 0.347656 0.906250 0.347656 0.906250 0.394531 0.902344 0.398438 0.902344 0.414062 0.894531 0.421875 0.886719 0.421875 0.886719 0.429688 0.894531 0.429688 0.898438 0.425781 0.914062 0.425781 0.917969 0.429688 0.921875 0.429688 0.925781 0.433594 0.925781 0.437500 0.929688 0.441406 0.929688 0.445312 0.933594 0.449219 0.933594 0.460938 0.941406 0.460938 0.945312 0.457031 0.945312 0.437500 0.949219 0.433594 0.949219 0.429688 0.953125 0.425781 0.953125 0.421875 0.957031 0.417969 0.957031 0.394531 0.953125 0.390625 0.941406 0.390625 0.937500 0.386719 0.937500 0.359375 0.941406 0.355469 0.941406 0.351562 0.945312 0.347656 0.945312 0.328125 0.937500 0.320312 0.937500 0.304688
4 0.191406 0.304688 0.191406 0.312500 0.195312 0.316406 0.195312 0.332031 0.191406 0.335938 0.191406 0.343750 0.203125 0.343750 0.207031 0.347656 0.207031 0.363281 0.214844 0.363281 0.218750 0.359375 0.253906 0.359375 0.253906 0.347656 0.250000 0.343750 0.242188 0.343750 0.238281 0.347656 0.218750 0.347656 0.214844 0.343750 0.214844 0.339844 0.207031 0.339844 0.203125 0.335938 0.203125 0.332031 0.199219 0.328125 0.199219 0.304688
4 0.683594 0.199219 0.683594 0.234375 0.679688 0.238281 0.664062 0.238281 0.664062 0.246094 0.667969 0.246094 0.675781 0.253906 0.687500 0.253906 0.687500 0.246094 0.691406 0.242188 0.699219 0.242188 0.699219 0.230469 0.703125 0.226562 0.703125 0.207031 0.699219 0.207031 0.695312 0.203125 0.695312 0.199219
4 0.296875 0.191406 0.296875 0.222656 0.300781 0.226562 0.300781 0.242188 0.296875 0.246094 0.296875 0.253906 0.292969 0.257812 0.289062 0.257812 0.289062 0.273438 0.292969 0.277344 0.292969 0.292969 0.324219 0.292969 0.332031 0.300781 0.332031 0.304688 0.343750 0.304688 0.343750 0.289062 0.339844 0.285156 0.339844 0.265625 0.332031 0.265625 0.328125 0.261719 0.328125 0.253906 0.316406 0.253906 0.312500 0.250000 0.312500 0.230469 0.316406 0.226562 0.335938 0.226562 0.339844 0.230469 0.339844 0.234375 0.347656 0.234375 0.351562 0.230469 0.359375 0.230469 0.359375 0.214844 0.351562 0.214844 0.347656 0.210938 0.335938 0.210938 0.332031 0.214844 0.312500 0.214844 0.304688 0.207031 0.304688 0.191406
4 0.488281 0.148438 0.488281 0.175781 0.484375 0.179688 0.480469 0.179688 0.480469 0.191406 0.484375 0.195312 0.484375 0.199219 0.488281 0.203125 0.488281 0.218750 0.492188 0.218750 0.496094 0.222656 0.496094 0.238281 0.492188 0.242188 0.480469 0.242188 0.476562 0.246094 0.460938 0.246094 0.453125 0.238281 0.453125 0.230469 0.449219 0.230469 0.445312 0.226562 0.445312 0.203125 0.441406 0.199219 0.433594 0.199219 0.433594 0.210938 0.437500 0.214844 0.437500 0.230469 0.433594 0.234375 0.417969 0.234375 0.414062 0.238281 0.386719 0.238281 0.386719 0.250000 0.382812 0.253906 0.382812 0.273438 0.378906 0.277344 0.371094 0.277344 0.371094 0.296875 0.410156 0.296875 0.414062 0.300781 0.414062 0.312500 0.417969 0.316406 0.421875 0.316406 0.425781 0.320312 0.425781 0.339844 0.433594 0.347656 0.433594 0.363281 0.441406 0.371094 0.441406 0.394531 0.445312 0.394531 0.449219 0.398438 0.449219 0.402344 0.476562 0.402344 0.476562 0.398438 0.488281 0.386719 0.492188 0.386719 0.496094 0.382812 0.511719 0.382812 0.515625 0.378906 0.515625 0.375000 0.519531 0.371094 0.519531 0.367188 0.523438 0.363281 0.527344 0.363281 0.527344 0.347656 0.531250 0.343750 0.535156 0.343750 0.535156 0.335938 0.531250 0.332031 0.531250 0.312500 0.535156 0.308594 0.558594 0.308594 0.558594 0.269531 0.554688 0.265625 0.554688 0.156250 0.542969 0.156250 0.539062 0.160156 0.539062 0.175781 0.542969 0.179688 0.542969 0.195312 0.539062 0.199219 0.496094 0.199219 0.492188 0.195312 0.492188 0.187500 0.488281 0.183594 0.488281 0.164062 0.492188 0.160156 0.496094 0.160156 0.496094 0.148438
4 0.300781 0.097656 0.300781 0.109375 0.296875 0.113281 0.296875 0.121094 0.289062 0.128906 0.289062 0.132812 0.281250 0.140625 0.277344 0.140625 0.269531 0.148438 0.269531 0.164062 0.277344 0.164062 0.281250 0.167969 0.320312 0.167969 0.320312 0.152344 0.324219 0.148438 0.343750 0.148438 0.343750 0.136719 0.316406 0.136719 0.312500 0.132812 0.312500 0.128906 0.308594 0.125000 0.308594 0.109375 0.312500 0.105469 0.316406 0.105469 0.316406 0.097656
4 0.402344 0.039062 0.398438 0.042969 0.398438 0.046875 0.394531 0.050781 0.386719 0.050781 0.382812 0.054688 0.375000 0.054688 0.375000 0.058594 0.371094 0.062500 0.371094 0.085938 0.378906 0.085938 0.382812 0.082031 0.410156 0.082031 0.414062 0.085938 0.414062 0.093750 0.417969 0.093750 0.421875 0.097656 0.421875 0.101562 0.445312 0.101562 0.449219 0.105469 0.449219 0.109375 0.453125 0.113281 0.460938 0.113281 0.464844 0.117188 0.464844 0.121094 0.484375 0.121094 0.484375 0.117188 0.488281 0.113281 0.488281 0.093750 0.468750 0.093750 0.464844 0.089844 0.464844 0.066406 0.460938 0.062500 0.445312 0.062500 0.441406 0.066406 0.437500 0.066406 0.437500 0.074219 0.433594 0.078125 0.410156 0.078125 0.406250 0.074219 0.406250 0.050781 0.410156 0.046875 0.410156 0.039062
4 0.515625 0.027344 0.515625 0.039062 0.511719 0.042969 0.507812 0.042969 0.507812 0.050781 0.519531 0.050781 0.523438 0.046875 0.546875 0.046875 0.550781 0.050781 0.550781 0.070312 0.546875 0.074219 0.546875 0.097656 0.550781 0.101562 0.550781 0.125000 0.554688 0.128906 0.554688 0.132812 0.570312 0.132812 0.570312 0.121094 0.562500 0.113281 0.562500 0.085938 0.566406 0.082031 0.585938 0.082031 0.585938 0.078125 0.589844 0.074219 0.605469 0.074219 0.609375 0.078125 0.609375 0.097656 0.617188 0.097656 0.617188 0.089844 0.625000 0.082031 0.664062 0.082031 0.664062 0.074219 0.660156 0.070312 0.652344 0.070312 0.648438 0.066406 0.648438 0.062500 0.644531 0.062500 0.640625 0.058594 0.613281 0.058594 0.613281 0.066406 0.609375 0.070312 0.593750 0.070312 0.589844 0.066406 0.589844 0.050781 0.578125 0.050781 0.574219 0.046875 0.574219 0.042969 0.566406 0.042969 0.562500 0.046875 0.539062 0.046875 0.535156 0.042969 0.535156 0.039062 0.523438 0.027344
