4 0.519531 0.792969 0.511719 0.800781 0.511719 0.808594 0.507812 0.812500 0.480469 0.812500 0.476562 0.816406 0.468750 0.816406 0.468750 0.820312 0.464844 0.824219 0.449219 0.824219 0.441406 0.816406 0.417969 0.816406 0.417969 0.824219 0.421875 0.828125 0.433594 0.828125 0.437500 0.832031 0.445312 0.832031 0.449219 0.835938 0.472656 0.835938 0.472656 0.832031 0.476562 0.828125 0.488281 0.828125 0.492188 0.824219 0.496094 0.824219 0.496094 0.816406 0.500000 0.812500 0.527344 0.812500 0.531250 0.808594 0.539062 0.808594 0.546875 0.800781 0.550781 0.800781 0.550781 0.792969
4 0.621094 0.714844 0.613281 0.722656 0.609375 0.722656 0.609375 0.734375 0.617188 0.734375 0.628906 0.722656 0.628906 0.714844
4 0.167969 0.714844 0.167969 0.722656 0.164062 0.726562 0.164062 0.738281 0.160156 0.742188 0.156250 0.742188 0.152344 0.746094 0.144531 0.746094 0.140625 0.750000 0.136719 0.750000 0.132812 0.753906 0.125000 0.753906 0.121094 0.757812 0.117188 0.757812 0.113281 0.761719 0.046875 0.761719 0.031250 0.746094 0.023438 0.746094 0.023438 0.757812 0.027344 0.761719 0.027344 0.777344 0.031250 0.781250 0.031250 0.785156 0.046875 0.785156 0.054688 0.777344 0.058594 0.777344 0.062500 0.773438 0.074219 0.773438 0.078125 0.769531 0.109375 0.769531 0.113281 0.773438 0.113281 0.777344 0.117188 0.781250 0.117188 0.785156 0.128906 0.785156 0.136719 0.777344 0.144531 0.777344 0.148438 0.773438 0.152344 0.773438 0.156250 0.769531 0.160156 0.769531 0.164062 0.765625 0.167969 0.765625 0.175781 0.757812 0.195312 0.757812 0.195312 0.746094 0.179688 0.746094 0.175781 0.742188 0.175781 0.726562 0.179688 0.722656 0.179688 0.714844
4 0.425781 0.687500 0.417969 0.695312 0.394531 0.695312 0.390625 0.691406 0.343750 0.691406 0.343750 0.699219 0.386719 0.699219 0.390625 0.703125 0.390625 0.722656 0.386719 0.726562 0.378906 0.726562 0.378906 0.734375 0.382812 0.738281 0.394531 0.738281 0.394531 0.730469 0.398438 0.726562 0.417969 0.726562 0.417969 0.710938 0.421875 0.707031 0.476562 0.707031 0.480469 0.710938 0.480469 0.730469 0.496094 0.730469 0.496094 0.722656 0.500000 0.718750 0.500000 0.714844 0.503906 0.710938 0.503906 0.703125 0.492188 0.703125 0.488281 0.699219 0.484375 0.699219 0.480469 0.695312 0.480469 0.691406 0.453125 0.691406 0.449219 0.687500
4 0.656250 0.644531 0.656250 0.664062 0.664062 0.664062 0.664062 0.656250 0.667969 0.652344 0.667969 0.644531
4 0.605469 0.550781 0.601562 0.554688 0.597656 0.554688 0.597656 0.566406 0.601562 0.570312 0.601562 0.585938 0.597656 0.589844 0.593750 0.589844 0.589844 0.593750 0.574219 0.593750 0.566406 0.585938 0.566406 0.578125 0.562500 0.574219 0.554688 0.574219 0.554688 0.582031 0.550781 0.585938 0.527344 0.585938 0.523438 0.582031 0.519531 0.582031 0.515625 0.578125 0.488281 0.578125 0.484375 0.574219 0.476562 0.574219 0.476562 0.582031 0.480469 0.585938 0.496094 0.585938 0.500000 0.589844 0.519531 0.589844 0.523438 0.593750 0.550781 0.593750 0.554688 0.597656 0.558594 0.597656 0.562500 0.601562 0.562500 0.609375 0.578125 0.609375 0.582031 0.613281 0.582031 0.628906 0.593750 0.628906 0.593750 0.617188 0.597656 0.613281 0.601562 0.613281 0.605469 0.609375 0.609375 0.609375 0.609375 0.605469 0.613281 0.601562 0.621094 0.601562 0.625000 0.597656 0.628906 0.597656 0.628906 0.582031 0.625000 0.582031 0.621094 0.578125 0.621094 0.566406 0.617188 0.562500 0.617188 0.554688 0.613281 0.550781
4 0.601562 0.480469 0.601562 0.488281 0.609375 0.488281 0.609375 0.480469
4 0.671875 0.453125 0.671875 0.460938 0.667969 0.464844 0.652344 0.464844 0.648438 0.460938 0.648438 0.457031 0.640625 0.457031 0.640625 0.472656 0.667969 0.472656 0.667969 0.468750 0.671875 0.464844 0.683594 0.464844 0.683594 0.453125
4 0.578125 0.421875 0.574219 0.425781 0.570312 0.425781 0.570312 0.433594 0.566406 0.437500 0.554688 0.437500 0.554688 0.472656 0.550781 0.476562 0.519531 0.476562 0.519531 0.480469 0.515625 0.484375 0.511719 0.484375 0.503906 0.492188 0.492188 0.492188 0.492188 0.500000 0.472656 0.519531 0.468750 0.519531 0.464844 0.523438 0.460938 0.523438 0.460938 0.527344 0.445312 0.542969 0.445312 0.546875 0.441406 0.550781 0.437500 0.550781 0.429688 0.558594 0.429688 0.562500 0.421875 0.570312 0.417969 0.570312 0.406250 0.582031 0.406250 0.585938 0.402344 0.589844 0.378906 0.589844 0.375000 0.585938 0.367188 0.585938 0.363281 0.589844 0.363281 0.609375 0.359375 0.613281 0.355469 0.613281 0.351562 0.617188 0.351562 0.621094 0.347656 0.625000 0.347656 0.628906 0.339844 0.636719 0.328125 0.636719 0.328125 0.640625 0.324219 0.644531 0.320312 0.644531 0.312500 0.652344 0.308594 0.652344 0.304688 0.656250 0.304688 0.660156 0.300781 0.664062 0.300781 0.675781 0.308594 0.675781 0.312500 0.671875 0.335938 0.671875 0.335938 0.656250 0.363281 0.628906 0.367188 0.628906 0.371094 0.625000 0.375000 0.625000 0.375000 0.621094 0.378906 0.617188 0.382812 0.617188 0.390625 0.609375 0.390625 0.605469 0.394531 0.601562 0.398438 0.601562 0.402344 0.597656 0.406250 0.597656 0.406250 0.593750 0.410156 0.589844 0.417969 0.589844 0.417969 0.585938 0.421875 0.582031 0.425781 0.582031 0.433594 0.574219 0.453125 0.574219 0.453125 0.570312 0.457031 0.566406 0.464844 0.566406 0.464844 0.550781 0.468750 0.546875 0.484375 0.546875 0.484375 0.527344 0.496094 0.515625 0.496094 0.511719 0.500000 0.507812 0.503906 0.507812 0.507812 0.503906 0.519531 0.503906 0.519531 0.496094 0.531250 0.484375 0.550781 0.484375 0.554688 0.488281 0.554688 0.492188 0.562500 0.492188 0.566406 0.488281 0.578125 0.488281 0.578125 0.472656 0.582031 0.468750 0.582031 0.460938 0.578125 0.457031 0.578125 0.437500 0.585938 0.429688 0.585938 0.421875
4 0.816406 0.328125 0.816406 0.332031 0.812500 0.335938 0.812500 0.355469 0.808594 0.359375 0.808594 0.394531 0.816406 0.394531 0.820312 0.390625 0.820312 0.355469 0.824219 0.351562 0.824219 0.328125
4 0.667969 0.277344 0.667969 0.308594 0.664062 0.312500 0.656250 0.312500 0.656250 0.320312 0.679688 0.320312 0.683594 0.324219 0.695312 0.324219 0.699219 0.328125 0.699219 0.359375 0.695312 0.363281 0.691406 0.363281 0.687500 0.367188 0.671875 0.367188 0.667969 0.363281 0.667969 0.343750 0.656250 0.343750 0.652344 0.347656 0.648438 0.347656 0.644531 0.351562 0.640625 0.351562 0.640625 0.371094 0.636719 0.375000 0.625000 0.375000 0.625000 0.378906 0.621094 0.382812 0.617188 0.382812 0.613281 0.386719 0.609375 0.386719 0.605469 0.390625 0.601562 0.390625 0.597656 0.394531 0.597656 0.402344 0.593750 0.406250 0.589844 0.406250 0.589844 0.414062 0.597656 0.414062 0.597656 0.410156 0.601562 0.406250 0.605469 0.406250 0.609375 0.402344 0.628906 0.402344 0.632812 0.398438 0.632812 0.382812 0.636719 0.378906 0.664062 0.378906 0.667969 0.375000 0.691406 0.375000 0.695312 0.378906 0.695312 0.398438 0.707031 0.398438 0.710938 0.402344 0.710938 0.406250 0.714844 0.406250 0.718750 0.410156 0.718750 0.429688 0.730469 0.441406 0.730469 0.457031 0.734375 0.460938 0.734375 0.464844 0.738281 0.468750 0.738281 0.492188 0.734375 0.496094 0.718750 0.496094 0.714844 0.492188 0.714844 0.484375 0.703125 0.484375 0.703125 0.507812 0.699219 0.511719 0.664062 0.511719 0.660156 0.515625 0.660156 0.527344 0.703125 0.527344 0.707031 0.531250 0.707031 0.550781 0.703125 0.554688 0.703125 0.562500 0.699219 0.566406 0.699219 0.574219 0.707031 0.574219 0.707031 0.570312 0.710938 0.566406 0.710938 0.562500 0.718750 0.554688 0.718750 0.550781 0.726562 0.542969 0.726562 0.531250 0.730469 0.527344 0.734375 0.527344 0.734375 0.523438 0.738281 0.519531 0.738281 0.515625 0.750000 0.503906 0.750000 0.500000 0.753906 0.496094 0.757812 0.496094 0.769531 0.484375 0.769531 0.480469 0.773438 0.476562 0.777344 0.476562 0.777344 0.468750 0.781250 0.464844 0.781250 0.460938 0.785156 0.457031 0.789062 0.457031 0.796875 0.449219 0.796875 0.437500 0.800781 0.433594 0.800781 0.421875 0.792969 0.421875 0.792969 0.433594 0.789062 0.437500 0.785156 0.437500 0.781250 0.441406 0.773438 0.441406 0.769531 0.445312 0.753906 0.445312 0.750000 0.441406 0.750000 0.417969 0.746094 0.417969 0.742188 0.414062 0.742188 0.386719 0.746094 0.382812 0.746094 0.378906 0.753906 0.371094 0.757812 0.371094 0.757812 0.343750 0.761719 0.339844 0.773438 0.339844 0.773438 0.332031 0.757812 0.332031 0.753906 0.328125 0.753906 0.320312 0.750000 0.320312 0.746094 0.316406 0.746094 0.277344 0.734375 0.277344 0.734375 0.300781 0.730469 0.304688 0.699219 0.304688 0.695312 0.300781 0.695312 0.285156 0.683594 0.285156 0.675781 0.277344
4 0.667969 0.156250 0.664062 0.160156 0.664062 0.167969 0.660156 0.171875 0.656250 0.171875 0.656250 0.183594 0.660156 0.187500 0.671875 0.187500 0.679688 0.195312 0.679688 0.222656 0.683594 0.226562 0.683594 0.234375 0.699219 0.234375 0.707031 0.242188 0.707031 0.253906 0.714844 0.253906 0.714844 0.242188 0.710938 0.238281 0.710938 0.230469 0.703125 0.230469 0.699219 0.226562 0.699219 0.210938 0.703125 0.207031 0.707031 0.207031 0.707031 0.191406 0.703125 0.187500 0.691406 0.187500 0.687500 0.183594 0.687500 0.179688 0.683594 0.179688 0.679688 0.175781 0.679688 0.156250
4 0.925781 0.152344 0.925781 0.167969 0.921875 0.171875 0.921875 0.179688 0.941406 0.179688 0.945312 0.175781 0.953125 0.175781 0.953125 0.160156 0.945312 0.160156 0.941406 0.156250 0.941406 0.152344
4 0.714844 0.089844 0.710938 0.093750 0.707031 0.093750 0.703125 0.097656 0.699219 0.097656 0.695312 0.101562 0.675781 0.101562 0.675781 0.105469 0.671875 0.109375 0.671875 0.113281 0.667969 0.117188 0.632812 0.117188 0.632812 0.125000 0.667969 0.125000 0.671875 0.121094 0.695312 0.121094 0.699219 0.117188 0.703125 0.117188 0.707031 0.113281 0.714844 0.113281 0.718750 0.109375 0.750000 0.109375 0.753906 0.113281 0.777344 0.113281 0.785156 0.121094 0.789062 0.121094 0.792969 0.125000 0.796875 0.125000 0.804688 0.132812 0.804688 0.160156 0.812500 0.167969 0.824219 0.167969 0.835938 0.179688 0.835938 0.199219 0.832031 0.203125 0.828125 0.203125 0.816406 0.214844 0.816406 0.238281 0.812500 0.242188 0.812500 0.246094 0.800781 0.257812 0.796875 0.257812 0.796875 0.269531 0.812500 0.269531 0.820312 0.277344 0.828125 0.277344 0.832031 0.281250 0.839844 0.281250 0.839844 0.253906 0.835938 0.250000 0.835938 0.214844 0.843750 0.207031 0.847656 0.207031 0.851562 0.203125 0.855469 0.203125 0.859375 0.199219 0.867188 0.199219 0.871094 0.195312 0.910156 0.195312 0.910156 0.183594 0.902344 0.183594 0.898438 0.187500 0.863281 0.187500 0.855469 0.179688 0.855469 0.160156 0.863281 0.152344 0.863281 0.144531 0.859375 0.140625 0.832031 0.140625 0.828125 0.136719 0.828125 0.125000 0.820312 0.125000 0.816406 0.121094 0.816406 0.117188 0.800781 0.117188 0.796875 0.113281 0.796875 0.097656 0.785156 0.097656 0.781250 0.093750 0.769531 0.093750 0.765625 0.097656 0.761719 0.097656 0.757812 0.101562 0.730469 0.101562 0.726562 0.097656 0.726562 0.089844
