4 0.312500 0.707031 0.308594 0.710938 0.304688 0.710938 0.300781 0.714844 0.296875 0.714844 0.292969 0.718750 0.285156 0.718750 0.285156 0.722656 0.281250 0.726562 0.273438 0.726562 0.273438 0.734375 0.281250 0.742188 0.285156 0.742188 0.289062 0.746094 0.292969 0.746094 0.296875 0.750000 0.335938 0.750000 0.347656 0.761719 0.359375 0.761719 0.359375 0.750000 0.355469 0.746094 0.335938 0.746094 0.332031 0.742188 0.332031 0.734375 0.328125 0.734375 0.324219 0.730469 0.324219 0.707031
4 0.246094 0.699219 0.246094 0.710938 0.253906 0.710938 0.253906 0.699219
4 0.566406 0.679688 0.566406 0.691406 0.570312 0.691406 0.574219 0.695312 0.578125 0.695312 0.582031 0.699219 0.582031 0.703125 0.593750 0.703125 0.597656 0.699219 0.609375 0.699219 0.613281 0.695312 0.613281 0.691406 0.617188 0.687500 0.617188 0.679688
4 0.234375 0.617188 0.234375 0.625000 0.226562 0.632812 0.226562 0.644531 0.230469 0.648438 0.238281 0.648438 0.242188 0.652344 0.242188 0.664062 0.246094 0.664062 0.250000 0.667969 0.261719 0.667969 0.265625 0.671875 0.273438 0.671875 0.273438 0.664062 0.265625 0.664062 0.257812 0.656250 0.257812 0.652344 0.253906 0.648438 0.253906 0.636719 0.250000 0.632812 0.250000 0.628906 0.246094 0.625000 0.246094 0.617188
4 0.738281 0.593750 0.734375 0.597656 0.734375 0.605469 0.742188 0.605469 0.746094 0.609375 0.746094 0.613281 0.750000 0.613281 0.753906 0.617188 0.753906 0.640625 0.773438 0.640625 0.781250 0.632812 0.796875 0.632812 0.800781 0.636719 0.812500 0.636719 0.816406 0.640625 0.816406 0.664062 0.835938 0.664062 0.839844 0.660156 0.839844 0.648438 0.843750 0.644531 0.847656 0.644531 0.851562 0.640625 0.859375 0.640625 0.859375 0.632812 0.847656 0.632812 0.828125 0.613281 0.820312 0.613281 0.816406 0.609375 0.816406 0.605469 0.800781 0.605469 0.796875 0.601562 0.796875 0.597656 0.789062 0.597656 0.785156 0.601562 0.765625 0.601562 0.761719 0.597656 0.753906 0.597656 0.750000 0.593750
4 0.652344 0.468750 0.652344 0.488281 0.660156 0.488281 0.660156 0.468750
4 0.855469 0.460938 0.843750 0.472656 0.843750 0.488281 0.847656 0.492188 0.863281 0.492188 0.867188 0.496094 0.875000 0.496094 0.882812 0.488281 0.886719 0.488281 0.890625 0.484375 0.890625 0.476562 0.882812 0.468750 0.875000 0.468750 0.871094 0.464844 0.867188 0.464844 0.863281 0.460938
4 0.242188 0.425781 0.238281 0.429688 0.238281 0.433594 0.230469 0.441406 0.218750 0.441406 0.218750 0.457031 0.222656 0.460938 0.222656 0.464844 0.226562 0.468750 0.234375 0.468750 0.238281 0.464844 0.265625 0.464844 0.265625 0.453125 0.261719 0.453125 0.257812 0.449219 0.257812 0.437500 0.253906 0.433594 0.253906 0.429688 0.250000 0.425781
4 0.175781 0.335938 0.164062 0.347656 0.164062 0.363281 0.156250 0.371094 0.156250 0.378906 0.152344 0.382812 0.144531 0.382812 0.140625 0.386719 0.132812 0.386719 0.128906 0.390625 0.128906 0.394531 0.125000 0.398438 0.125000 0.406250 0.156250 0.406250 0.160156 0.402344 0.164062 0.402344 0.164062 0.398438 0.167969 0.394531 0.167969 0.382812 0.179688 0.371094 0.179688 0.367188 0.183594 0.363281 0.187500 0.363281 0.191406 0.359375 0.210938 0.359375 0.210938 0.347656 0.207031 0.347656 0.203125 0.343750 0.191406 0.343750 0.187500 0.339844 0.187500 0.335938
4 0.246094 0.250000 0.246094 0.261719 0.242188 0.265625 0.238281 0.265625 0.238281 0.269531 0.230469 0.277344 0.230469 0.285156 0.238281 0.285156 0.242188 0.281250 0.261719 0.281250 0.265625 0.285156 0.277344 0.285156 0.277344 0.273438 0.269531 0.265625 0.265625 0.265625 0.261719 0.261719 0.261719 0.253906 0.257812 0.250000
4 0.527344 0.222656 0.527344 0.261719 0.523438 0.265625 0.519531 0.265625 0.519531 0.277344 0.511719 0.285156 0.511719 0.289062 0.503906 0.296875 0.503906 0.320312 0.511719 0.320312 0.515625 0.324219 0.515625 0.332031 0.519531 0.335938 0.519531 0.347656 0.523438 0.351562 0.523438 0.367188 0.519531 0.371094 0.507812 0.371094 0.507812 0.390625 0.503906 0.394531 0.488281 0.394531 0.484375 0.390625 0.476562 0.390625 0.472656 0.386719 0.468750 0.386719 0.453125 0.371094 0.449219 0.371094 0.441406 0.363281 0.437500 0.363281 0.433594 0.359375 0.433594 0.351562 0.429688 0.347656 0.429688 0.332031 0.425781 0.332031 0.421875 0.328125 0.421875 0.320312 0.414062 0.320312 0.410156 0.316406 0.410156 0.312500 0.394531 0.312500 0.394531 0.320312 0.402344 0.328125 0.402344 0.347656 0.390625 0.359375 0.371094 0.359375 0.367188 0.355469 0.367188 0.343750 0.347656 0.343750 0.347656 0.347656 0.343750 0.351562 0.320312 0.351562 0.316406 0.355469 0.300781 0.355469 0.296875 0.351562 0.285156 0.351562 0.281250 0.347656 0.281250 0.339844 0.277344 0.335938 0.277344 0.332031 0.269531 0.332031 0.269531 0.351562 0.265625 0.355469 0.250000 0.355469 0.246094 0.359375 0.238281 0.359375 0.238281 0.367188 0.253906 0.367188 0.257812 0.371094 0.277344 0.371094 0.281250 0.375000 0.281250 0.390625 0.289062 0.390625 0.292969 0.394531 0.300781 0.394531 0.304688 0.398438 0.316406 0.398438 0.320312 0.402344 0.339844 0.402344 0.343750 0.406250 0.351562 0.406250 0.355469 0.410156 0.355469 0.414062 0.359375 0.417969 0.402344 0.417969 0.410156 0.425781 0.410156 0.429688 0.417969 0.429688 0.417969 0.421875 0.414062 0.417969 0.414062 0.402344 0.417969 0.398438 0.437500 0.398438 0.445312 0.406250 0.449219 0.406250 0.453125 0.410156 0.488281 0.410156 0.492188 0.414062 0.492188 0.417969 0.496094 0.417969 0.500000 0.421875 0.511719 0.421875 0.519531 0.429688 0.519531 0.449219 0.515625 0.453125 0.515625 0.496094 0.511719 0.500000 0.511719 0.507812 0.507812 0.511719 0.503906 0.511719 0.503906 0.527344 0.507812 0.531250 0.507812 0.578125 0.503906 0.582031 0.484375 0.582031 0.480469 0.585938 0.468750 0.585938 0.464844 0.589844 0.464844 0.597656 0.468750 0.601562 0.472656 0.601562 0.476562 0.605469 0.480469 0.605469 0.484375 0.609375 0.484375 0.621094 0.500000 0.621094 0.503906 0.625000 0.503906 0.648438 0.500000 0.652344 0.480469 0.652344 0.480469 0.675781 0.476562 0.679688 0.476562 0.710938 0.480469 0.714844 0.500000 0.714844 0.503906 0.718750 0.503906 0.730469 0.519531 0.730469 0.519531 0.679688 0.523438 0.675781 0.523438 0.667969 0.527344 0.664062 0.531250 0.664062 0.531250 0.652344 0.515625 0.652344 0.511719 0.648438 0.511719 0.621094 0.515625 0.617188 0.519531 0.617188 0.519531 0.609375 0.515625 0.605469 0.515625 0.582031 0.519531 0.578125 0.523438 0.578125 0.527344 0.574219 0.539062 0.574219 0.539062 0.562500 0.535156 0.558594 0.535156 0.539062 0.539062 0.535156 0.539062 0.503906 0.542969 0.500000 0.542969 0.472656 0.550781 0.464844 0.570312 0.464844 0.570312 0.457031 0.574219 0.453125 0.605469 0.453125 0.609375 0.457031 0.609375 0.460938 0.621094 0.460938 0.621094 0.445312 0.625000 0.441406 0.628906 0.441406 0.628906 0.433594 0.625000 0.433594 0.621094 0.429688 0.609375 0.429688 0.605469 0.425781 0.605469 0.410156 0.582031 0.410156 0.578125 0.406250 0.578125 0.402344 0.574219 0.402344 0.570312 0.398438 0.566406 0.398438 0.562500 0.394531 0.562500 0.386719 0.554688 0.386719 0.531250 0.363281 0.531250 0.359375 0.527344 0.355469 0.527344 0.335938 0.531250 0.332031 0.531250 0.320312 0.535156 0.316406 0.539062 0.316406 0.539062 0.289062 0.542969 0.285156 0.542969 0.265625 0.539062 0.261719 0.539062 0.222656
4 0.535156 0.175781 0.527344 0.183594 0.527344 0.191406 0.546875 0.191406 0.546875 0.175781
4 0.613281 0.132812 0.613281 0.144531 0.621094 0.152344 0.621094 0.167969 0.628906 0.175781 0.628906 0.179688 0.632812 0.183594 0.632812 0.187500 0.636719 0.187500 0.640625 0.191406 0.640625 0.199219 0.648438 0.207031 0.648438 0.210938 0.652344 0.210938 0.664062 0.222656 0.671875 0.222656 0.675781 0.226562 0.675781 0.230469 0.683594 0.230469 0.683594 0.210938 0.675781 0.203125 0.667969 0.203125 0.664062 0.199219 0.664062 0.195312 0.660156 0.191406 0.660156 0.187500 0.656250 0.187500 0.652344 0.183594 0.652344 0.179688 0.648438 0.175781 0.648438 0.171875 0.644531 0.167969 0.644531 0.164062 0.632812 0.152344 0.632812 0.144531 0.628906 0.140625 0.628906 0.132812
4 0.488281 0.117188 0.484375 0.121094 0.480469 0.121094 0.476562 0.125000 0.472656 0.125000 0.468750 0.128906 0.460938 0.128906 0.460938 0.148438 0.457031 0.152344 0.449219 0.152344 0.441406 0.160156 0.433594 0.160156 0.433594 0.171875 0.457031 0.171875 0.460938 0.175781 0.460938 0.199219 0.457031 0.203125 0.453125 0.203125 0.453125 0.214844 0.449219 0.218750 0.429688 0.218750 0.425781 0.214844 0.414062 0.214844 0.410156 0.210938 0.402344 0.210938 0.402344 0.214844 0.398438 0.218750 0.394531 0.218750 0.386719 0.226562 0.382812 0.226562 0.375000 0.234375 0.375000 0.238281 0.371094 0.242188 0.355469 0.242188 0.351562 0.238281 0.343750 0.238281 0.339844 0.242188 0.332031 0.242188 0.332031 0.265625 0.359375 0.265625 0.363281 0.261719 0.363281 0.257812 0.367188 0.253906 0.390625 0.253906 0.402344 0.242188 0.421875 0.242188 0.433594 0.253906 0.433594 0.273438 0.441406 0.273438 0.441406 0.257812 0.445312 0.253906 0.468750 0.253906 0.472656 0.257812 0.472656 0.281250 0.484375 0.281250 0.484375 0.265625 0.488281 0.261719 0.496094 0.261719 0.500000 0.257812 0.503906 0.257812 0.503906 0.230469 0.492188 0.218750 0.488281 0.218750 0.480469 0.210938 0.480469 0.207031 0.476562 0.203125 0.476562 0.175781 0.480469 0.171875 0.496094 0.171875 0.496094 0.167969 0.503906 0.160156 0.507812 0.160156 0.507812 0.144531 0.503906 0.144531 0.496094 0.136719 0.496094 0.117188
