4 0.273438 0.960938 0.273438 0.968750 0.277344 0.972656 0.289062 0.972656 0.289062 0.964844 0.285156 0.964844 0.281250 0.960938
4 0.742188 0.914062 0.734375 0.921875 0.734375 0.953125 0.738281 0.957031 0.738281 0.960938 0.746094 0.960938 0.746094 0.957031 0.750000 0.953125 0.753906 0.953125 0.753906 0.941406 0.750000 0.937500 0.750000 0.914062
4 0.246094 0.890625 0.242188 0.894531 0.234375 0.894531 0.234375 0.910156 0.230469 0.914062 0.218750 0.914062 0.218750 0.921875 0.238281 0.941406 0.246094 0.941406 0.250000 0.945312 0.250000 0.949219 0.253906 0.953125 0.269531 0.953125 0.269531 0.945312 0.265625 0.941406 0.253906 0.941406 0.250000 0.937500 0.250000 0.933594 0.246094 0.933594 0.242188 0.929688 0.242188 0.910156 0.246094 0.906250 0.253906 0.906250 0.257812 0.902344 0.261719 0.902344 0.261719 0.890625
4 0.179688 0.878906 0.179688 0.886719 0.183594 0.886719 0.187500 0.890625 0.187500 0.894531 0.195312 0.894531 0.195312 0.886719 0.191406 0.886719 0.187500 0.882812 0.187500 0.878906
4 0.371094 0.855469 0.371094 0.863281 0.378906 0.871094 0.378906 0.886719 0.406250 0.886719 0.406250 0.882812 0.410156 0.878906 0.410156 0.871094 0.406250 0.867188 0.406250 0.863281 0.402344 0.859375 0.382812 0.859375 0.378906 0.855469
4 0.769531 0.828125 0.769531 0.835938 0.761719 0.843750 0.746094 0.843750 0.742188 0.839844 0.734375 0.839844 0.734375 0.851562 0.746094 0.851562 0.750000 0.855469 0.750000 0.886719 0.757812 0.886719 0.757812 0.878906 0.761719 0.875000 0.761719 0.871094 0.765625 0.867188 0.765625 0.859375 0.769531 0.855469 0.769531 0.851562 0.773438 0.847656 0.773438 0.843750 0.777344 0.839844 0.777344 0.828125
4 0.125000 0.816406 0.125000 0.828125 0.128906 0.832031 0.128906 0.835938 0.136719 0.843750 0.144531 0.843750 0.144531 0.835938 0.132812 0.824219 0.132812 0.816406
4 0.121094 0.781250 0.117188 0.785156 0.101562 0.785156 0.101562 0.792969 0.109375 0.800781 0.109375 0.804688 0.113281 0.808594 0.121094 0.808594 0.121094 0.796875 0.125000 0.792969 0.136719 0.792969 0.136719 0.785156 0.132812 0.781250
4 0.449219 0.687500 0.449219 0.703125 0.445312 0.707031 0.445312 0.730469 0.441406 0.734375 0.433594 0.734375 0.433594 0.757812 0.437500 0.761719 0.437500 0.765625 0.441406 0.769531 0.441406 0.777344 0.445312 0.781250 0.445312 0.785156 0.449219 0.789062 0.449219 0.808594 0.445312 0.812500 0.437500 0.812500 0.437500 0.824219 0.441406 0.828125 0.441406 0.832031 0.468750 0.832031 0.472656 0.835938 0.472656 0.839844 0.476562 0.843750 0.476562 0.847656 0.480469 0.851562 0.480469 0.863281 0.484375 0.867188 0.492188 0.867188 0.492188 0.863281 0.496094 0.859375 0.496094 0.855469 0.500000 0.851562 0.503906 0.851562 0.503906 0.843750 0.496094 0.835938 0.496094 0.832031 0.492188 0.832031 0.488281 0.828125 0.476562 0.828125 0.472656 0.824219 0.472656 0.820312 0.468750 0.820312 0.464844 0.816406 0.464844 0.792969 0.468750 0.789062 0.480469 0.789062 0.480469 0.773438 0.476562 0.769531 0.476562 0.734375 0.472656 0.730469 0.472656 0.718750 0.468750 0.714844 0.468750 0.710938 0.464844 0.707031 0.464844 0.703125 0.460938 0.699219 0.460938 0.691406 0.457031 0.687500
4 0.898438 0.671875 0.898438 0.675781 0.894531 0.679688 0.894531 0.683594 0.890625 0.687500 0.886719 0.687500 0.882812 0.691406 0.878906 0.691406 0.878906 0.695312 0.875000 0.699219 0.871094 0.699219 0.871094 0.703125 0.855469 0.718750 0.851562 0.718750 0.847656 0.722656 0.847656 0.726562 0.843750 0.730469 0.843750 0.738281 0.839844 0.742188 0.828125 0.742188 0.828125 0.746094 0.816406 0.757812 0.808594 0.757812 0.796875 0.769531 0.796875 0.773438 0.792969 0.777344 0.789062 0.777344 0.785156 0.781250 0.781250 0.781250 0.781250 0.785156 0.777344 0.789062 0.777344 0.796875 0.785156 0.796875 0.789062 0.800781 0.796875 0.800781 0.796875 0.796875 0.804688 0.789062 0.804688 0.785156 0.839844 0.750000 0.843750 0.750000 0.843750 0.746094 0.847656 0.742188 0.851562 0.742188 0.855469 0.738281 0.855469 0.734375 0.859375 0.730469 0.863281 0.730469 0.867188 0.726562 0.867188 0.722656 0.871094 0.718750 0.875000 0.718750 0.875000 0.714844 0.894531 0.695312 0.894531 0.691406 0.898438 0.687500 0.902344 0.687500 0.906250 0.683594 0.906250 0.671875
4 0.031250 0.648438 0.031250 0.660156 0.035156 0.664062 0.035156 0.667969 0.039062 0.671875 0.039062 0.675781 0.042969 0.679688 0.042969 0.687500 0.046875 0.691406 0.050781 0.691406 0.054688 0.695312 0.054688 0.710938 0.058594 0.714844 0.066406 0.714844 0.070312 0.718750 0.070312 0.730469 0.074219 0.730469 0.078125 0.734375 0.078125 0.746094 0.085938 0.746094 0.085938 0.738281 0.082031 0.738281 0.078125 0.734375 0.078125 0.722656 0.074219 0.722656 0.070312 0.718750 0.070312 0.699219 0.058594 0.699219 0.054688 0.695312 0.054688 0.683594 0.050781 0.679688 0.050781 0.671875 0.042969 0.664062 0.042969 0.656250 0.039062 0.652344 0.039062 0.648438
4 0.917969 0.628906 0.917969 0.640625 0.921875 0.644531 0.921875 0.648438 0.929688 0.648438 0.937500 0.640625 0.937500 0.628906
4 0.984375 0.566406 0.984375 0.570312 0.980469 0.574219 0.976562 0.574219 0.976562 0.578125 0.968750 0.585938 0.964844 0.585938 0.964844 0.589844 0.957031 0.597656 0.957031 0.601562 0.953125 0.605469 0.949219 0.605469 0.949219 0.609375 0.945312 0.613281 0.945312 0.621094 0.953125 0.621094 0.980469 0.593750 0.980469 0.589844 0.984375 0.585938 0.996094 0.585938 0.996094 0.566406
4 0.554688 0.550781 0.554688 0.566406 0.550781 0.570312 0.539062 0.570312 0.539062 0.574219 0.535156 0.578125 0.531250 0.578125 0.531250 0.597656 0.539062 0.605469 0.539062 0.609375 0.546875 0.617188 0.546875 0.628906 0.550781 0.632812 0.550781 0.636719 0.558594 0.644531 0.558594 0.652344 0.562500 0.656250 0.562500 0.664062 0.566406 0.667969 0.566406 0.671875 0.574219 0.679688 0.574219 0.687500 0.582031 0.695312 0.582031 0.703125 0.597656 0.703125 0.601562 0.707031 0.601562 0.722656 0.597656 0.726562 0.593750 0.726562 0.593750 0.738281 0.613281 0.738281 0.621094 0.746094 0.621094 0.753906 0.625000 0.757812 0.632812 0.757812 0.632812 0.753906 0.636719 0.750000 0.648438 0.750000 0.648438 0.730469 0.636719 0.718750 0.636719 0.710938 0.632812 0.707031 0.632812 0.699219 0.625000 0.691406 0.625000 0.687500 0.621094 0.683594 0.621094 0.679688 0.617188 0.675781 0.617188 0.664062 0.613281 0.660156 0.613281 0.656250 0.609375 0.652344 0.609375 0.644531 0.605469 0.640625 0.605469 0.632812 0.597656 0.625000 0.597656 0.621094 0.593750 0.617188 0.593750 0.609375 0.589844 0.605469 0.589844 0.593750 0.585938 0.589844 0.585938 0.585938 0.582031 0.582031 0.582031 0.578125 0.574219 0.570312 0.574219 0.566406 0.570312 0.562500 0.570312 0.554688 0.566406 0.550781
4 0.757812 0.527344 0.753906 0.531250 0.742188 0.531250 0.742188 0.535156 0.738281 0.539062 0.738281 0.554688 0.734375 0.558594 0.734375 0.562500 0.730469 0.566406 0.703125 0.566406 0.703125 0.574219 0.699219 0.578125 0.675781 0.578125 0.671875 0.574219 0.664062 0.574219 0.664062 0.597656 0.675781 0.597656 0.679688 0.601562 0.687500 0.601562 0.691406 0.605469 0.691406 0.613281 0.695312 0.617188 0.695312 0.621094 0.718750 0.621094 0.722656 0.625000 0.722656 0.632812 0.730469 0.632812 0.734375 0.636719 0.734375 0.660156 0.730469 0.664062 0.726562 0.664062 0.726562 0.667969 0.722656 0.671875 0.714844 0.671875 0.710938 0.675781 0.710938 0.703125 0.703125 0.710938 0.699219 0.710938 0.699219 0.722656 0.707031 0.722656 0.710938 0.726562 0.710938 0.730469 0.718750 0.730469 0.718750 0.718750 0.722656 0.714844 0.722656 0.707031 0.726562 0.703125 0.726562 0.679688 0.730469 0.675781 0.734375 0.675781 0.734375 0.660156 0.738281 0.656250 0.742188 0.656250 0.742188 0.648438 0.746094 0.644531 0.746094 0.636719 0.750000 0.632812 0.777344 0.632812 0.777344 0.621094 0.773438 0.617188 0.773438 0.585938 0.777344 0.582031 0.777344 0.574219 0.781250 0.570312 0.781250 0.566406 0.785156 0.562500 0.796875 0.562500 0.796875 0.550781 0.789062 0.550781 0.785156 0.546875 0.785156 0.542969 0.781250 0.539062 0.781250 0.531250 0.777344 0.531250 0.773438 0.527344
4 0.902344 0.519531 0.902344 0.546875 0.894531 0.554688 0.886719 0.554688 0.886719 0.574219 0.882812 0.578125 0.882812 0.585938 0.894531 0.585938 0.894531 0.582031 0.898438 0.578125 0.898438 0.574219 0.902344 0.570312 0.906250 0.570312 0.914062 0.562500 0.933594 0.562500 0.933594 0.550781 0.925781 0.542969 0.925781 0.535156 0.917969 0.535156 0.914062 0.531250 0.914062 0.519531
4 0.011719 0.480469 0.011719 0.523438 0.023438 0.523438 0.023438 0.515625 0.027344 0.511719 0.031250 0.511719 0.031250 0.492188 0.027344 0.492188 0.023438 0.488281 0.023438 0.484375 0.019531 0.480469
4 0.804688 0.445312 0.800781 0.449219 0.773438 0.449219 0.773438 0.460938 0.777344 0.464844 0.777344 0.468750 0.785156 0.468750 0.789062 0.464844 0.796875 0.464844 0.800781 0.460938 0.820312 0.460938 0.824219 0.464844 0.832031 0.464844 0.835938 0.460938 0.835938 0.453125 0.820312 0.453125 0.812500 0.445312
4 0.035156 0.441406 0.035156 0.445312 0.031250 0.449219 0.031250 0.460938 0.039062 0.460938 0.042969 0.457031 0.046875 0.457031 0.046875 0.441406
4 0.281250 0.429688 0.281250 0.433594 0.277344 0.437500 0.277344 0.460938 0.281250 0.464844 0.281250 0.500000 0.289062 0.500000 0.289062 0.496094 0.292969 0.492188 0.292969 0.433594 0.289062 0.429688
4 0.968750 0.410156 0.968750 0.421875 0.972656 0.425781 0.972656 0.449219 0.964844 0.457031 0.964844 0.464844 0.972656 0.464844 0.976562 0.460938 0.996094 0.460938 0.996094 0.417969 0.984375 0.417969 0.976562 0.410156
4 0.738281 0.382812 0.738281 0.398438 0.734375 0.402344 0.718750 0.402344 0.718750 0.417969 0.714844 0.421875 0.714844 0.441406 0.710938 0.445312 0.699219 0.445312 0.695312 0.449219 0.695312 0.457031 0.703125 0.464844 0.703125 0.488281 0.714844 0.488281 0.718750 0.484375 0.722656 0.484375 0.722656 0.476562 0.726562 0.472656 0.726562 0.468750 0.730469 0.464844 0.746094 0.464844 0.746094 0.433594 0.753906 0.425781 0.753906 0.410156 0.750000 0.406250 0.750000 0.394531 0.746094 0.390625 0.746094 0.382812
4 0.832031 0.210938 0.832031 0.214844 0.824219 0.222656 0.824219 0.234375 0.828125 0.238281 0.828125 0.253906 0.839844 0.265625 0.839844 0.277344 0.843750 0.277344 0.851562 0.285156 0.851562 0.296875 0.855469 0.300781 0.859375 0.300781 0.863281 0.304688 0.863281 0.312500 0.875000 0.312500 0.878906 0.316406 0.878906 0.320312 0.886719 0.320312 0.886719 0.308594 0.882812 0.308594 0.878906 0.304688 0.875000 0.304688 0.871094 0.300781 0.867188 0.300781 0.863281 0.296875 0.863281 0.285156 0.859375 0.285156 0.855469 0.281250 0.855469 0.273438 0.847656 0.265625 0.847656 0.250000 0.839844 0.242188 0.839844 0.210938
4 0.859375 0.160156 0.847656 0.171875 0.847656 0.191406 0.855469 0.191406 0.855469 0.187500 0.863281 0.179688 0.863281 0.175781 0.867188 0.171875 0.867188 0.160156
4 0.460938 0.089844 0.457031 0.093750 0.449219 0.093750 0.445312 0.097656 0.433594 0.097656 0.429688 0.101562 0.421875 0.101562 0.417969 0.105469 0.410156 0.105469 0.410156 0.117188 0.429688 0.117188 0.433594 0.121094 0.441406 0.121094 0.441406 0.117188 0.445312 0.113281 0.449219 0.113281 0.457031 0.105469 0.460938 0.105469 0.460938 0.101562 0.464844 0.097656 0.476562 0.097656 0.476562 0.089844
