4 0.769531 0.800781 0.769531 0.812500 0.765625 0.816406 0.765625 0.824219 0.761719 0.828125 0.757812 0.828125 0.753906 0.832031 0.738281 0.832031 0.734375 0.828125 0.734375 0.808594 0.722656 0.808594 0.722656 0.816406 0.714844 0.824219 0.710938 0.824219 0.703125 0.832031 0.699219 0.832031 0.699219 0.835938 0.691406 0.843750 0.675781 0.843750 0.671875 0.839844 0.671875 0.835938 0.660156 0.835938 0.660156 0.839844 0.656250 0.843750 0.656250 0.847656 0.644531 0.859375 0.640625 0.859375 0.640625 0.871094 0.644531 0.875000 0.648438 0.875000 0.652344 0.878906 0.664062 0.878906 0.667969 0.875000 0.671875 0.875000 0.675781 0.871094 0.683594 0.871094 0.687500 0.867188 0.707031 0.867188 0.707031 0.851562 0.710938 0.847656 0.726562 0.847656 0.730469 0.851562 0.730469 0.855469 0.746094 0.855469 0.750000 0.851562 0.769531 0.851562 0.773438 0.847656 0.777344 0.847656 0.781250 0.843750 0.804688 0.843750 0.804688 0.835938 0.808594 0.832031 0.808594 0.820312 0.804688 0.816406 0.800781 0.816406 0.796875 0.812500 0.796875 0.808594 0.792969 0.804688 0.789062 0.804688 0.785156 0.800781
4 0.531250 0.792969 0.527344 0.796875 0.523438 0.796875 0.519531 0.800781 0.515625 0.800781 0.515625 0.812500 0.511719 0.816406 0.507812 0.816406 0.507812 0.828125 0.515625 0.835938 0.519531 0.835938 0.523438 0.839844 0.535156 0.839844 0.535156 0.816406 0.539062 0.812500 0.539062 0.792969
4 0.824219 0.761719 0.824219 0.769531 0.828125 0.769531 0.839844 0.781250 0.839844 0.785156 0.847656 0.792969 0.847656 0.796875 0.851562 0.800781 0.851562 0.816406 0.867188 0.816406 0.867188 0.808594 0.871094 0.804688 0.878906 0.804688 0.882812 0.800781 0.882812 0.785156 0.878906 0.781250 0.878906 0.777344 0.875000 0.773438 0.855469 0.773438 0.851562 0.769531 0.843750 0.769531 0.839844 0.765625 0.835938 0.765625 0.832031 0.761719
4 0.425781 0.687500 0.421875 0.691406 0.406250 0.691406 0.406250 0.730469 0.417969 0.730469 0.417969 0.726562 0.421875 0.722656 0.429688 0.722656 0.429688 0.718750 0.433594 0.714844 0.433594 0.710938 0.437500 0.707031 0.437500 0.687500
4 0.531250 0.628906 0.527344 0.632812 0.511719 0.632812 0.507812 0.636719 0.503906 0.636719 0.503906 0.640625 0.500000 0.644531 0.500000 0.652344 0.496094 0.656250 0.476562 0.656250 0.472656 0.660156 0.472656 0.664062 0.468750 0.667969 0.457031 0.667969 0.453125 0.671875 0.453125 0.683594 0.464844 0.683594 0.468750 0.687500 0.500000 0.687500 0.503906 0.691406 0.511719 0.691406 0.511719 0.679688 0.515625 0.675781 0.535156 0.675781 0.539062 0.679688 0.539062 0.699219 0.535156 0.703125 0.535156 0.722656 0.531250 0.726562 0.527344 0.726562 0.527344 0.734375 0.546875 0.734375 0.554688 0.742188 0.558594 0.742188 0.562500 0.746094 0.566406 0.746094 0.570312 0.750000 0.578125 0.750000 0.578125 0.734375 0.574219 0.730469 0.570312 0.730469 0.566406 0.726562 0.566406 0.679688 0.570312 0.675781 0.574219 0.675781 0.574219 0.652344 0.578125 0.648438 0.582031 0.648438 0.582031 0.628906 0.574219 0.628906 0.574219 0.640625 0.570312 0.644531 0.542969 0.644531 0.539062 0.640625 0.539062 0.628906
4 0.371094 0.609375 0.371094 0.617188 0.367188 0.621094 0.367188 0.625000 0.363281 0.628906 0.363281 0.640625 0.367188 0.640625 0.371094 0.644531 0.375000 0.644531 0.378906 0.648438 0.378906 0.652344 0.386719 0.652344 0.386719 0.648438 0.390625 0.644531 0.394531 0.644531 0.394531 0.632812 0.390625 0.632812 0.386719 0.628906 0.382812 0.628906 0.378906 0.625000 0.378906 0.609375
4 0.531250 0.550781 0.531250 0.566406 0.527344 0.570312 0.523438 0.570312 0.523438 0.585938 0.527344 0.589844 0.535156 0.589844 0.535156 0.585938 0.539062 0.582031 0.539062 0.562500 0.542969 0.558594 0.542969 0.550781
4 0.472656 0.523438 0.472656 0.531250 0.484375 0.531250 0.488281 0.535156 0.488281 0.539062 0.496094 0.539062 0.496094 0.531250 0.492188 0.531250 0.488281 0.527344 0.488281 0.523438
4 0.195312 0.511719 0.195312 0.527344 0.199219 0.531250 0.199219 0.539062 0.203125 0.542969 0.203125 0.550781 0.218750 0.550781 0.218750 0.542969 0.226562 0.535156 0.226562 0.523438 0.222656 0.519531 0.218750 0.519531 0.214844 0.515625 0.214844 0.511719
4 0.679688 0.445312 0.679688 0.457031 0.687500 0.464844 0.691406 0.464844 0.695312 0.468750 0.695312 0.480469 0.703125 0.488281 0.703125 0.519531 0.699219 0.523438 0.660156 0.523438 0.660156 0.535156 0.664062 0.535156 0.667969 0.539062 0.671875 0.539062 0.675781 0.542969 0.683594 0.542969 0.687500 0.546875 0.687500 0.550781 0.691406 0.554688 0.718750 0.554688 0.722656 0.558594 0.722656 0.562500 0.730469 0.562500 0.730469 0.554688 0.726562 0.550781 0.726562 0.527344 0.718750 0.527344 0.714844 0.523438 0.714844 0.507812 0.718750 0.503906 0.718750 0.476562 0.722656 0.472656 0.734375 0.472656 0.734375 0.468750 0.738281 0.464844 0.738281 0.457031 0.734375 0.453125 0.722656 0.453125 0.722656 0.457031 0.718750 0.460938 0.703125 0.460938 0.695312 0.453125 0.695312 0.449219 0.691406 0.449219 0.687500 0.445312
4 0.625000 0.367188 0.625000 0.371094 0.621094 0.375000 0.605469 0.375000 0.605469 0.382812 0.597656 0.390625 0.597656 0.394531 0.593750 0.398438 0.578125 0.398438 0.574219 0.402344 0.574219 0.417969 0.570312 0.421875 0.558594 0.421875 0.558594 0.429688 0.562500 0.433594 0.570312 0.433594 0.574219 0.429688 0.597656 0.429688 0.601562 0.433594 0.609375 0.433594 0.613281 0.437500 0.613281 0.441406 0.632812 0.441406 0.636719 0.437500 0.640625 0.437500 0.640625 0.429688 0.636719 0.429688 0.632812 0.425781 0.632812 0.406250 0.636719 0.402344 0.640625 0.402344 0.640625 0.398438 0.644531 0.394531 0.648438 0.394531 0.652344 0.390625 0.656250 0.390625 0.656250 0.375000 0.644531 0.375000 0.640625 0.371094 0.640625 0.367188
4 0.503906 0.359375 0.503906 0.367188 0.511719 0.367188 0.511719 0.359375
4 0.539062 0.308594 0.539062 0.312500 0.535156 0.316406 0.519531 0.316406 0.515625 0.312500 0.503906 0.312500 0.503906 0.320312 0.507812 0.324219 0.507812 0.328125 0.523438 0.328125 0.527344 0.332031 0.527344 0.339844 0.539062 0.339844 0.542969 0.343750 0.542969 0.359375 0.566406 0.359375 0.566406 0.332031 0.562500 0.332031 0.558594 0.328125 0.558594 0.308594
4 0.050781 0.226562 0.050781 0.230469 0.046875 0.234375 0.046875 0.250000 0.050781 0.253906 0.050781 0.265625 0.054688 0.269531 0.054688 0.300781 0.058594 0.304688 0.058594 0.308594 0.066406 0.316406 0.066406 0.320312 0.078125 0.320312 0.082031 0.324219 0.082031 0.328125 0.089844 0.335938 0.089844 0.339844 0.097656 0.347656 0.097656 0.351562 0.105469 0.359375 0.105469 0.363281 0.109375 0.367188 0.113281 0.367188 0.117188 0.371094 0.125000 0.371094 0.128906 0.375000 0.128906 0.378906 0.132812 0.382812 0.132812 0.406250 0.136719 0.406250 0.144531 0.414062 0.144531 0.417969 0.156250 0.429688 0.164062 0.429688 0.171875 0.421875 0.195312 0.421875 0.203125 0.429688 0.203125 0.433594 0.207031 0.437500 0.207031 0.441406 0.226562 0.441406 0.234375 0.449219 0.234375 0.464844 0.226562 0.472656 0.222656 0.472656 0.222656 0.496094 0.238281 0.496094 0.242188 0.492188 0.257812 0.492188 0.265625 0.500000 0.265625 0.511719 0.269531 0.515625 0.269531 0.523438 0.277344 0.531250 0.300781 0.531250 0.304688 0.535156 0.304688 0.566406 0.300781 0.570312 0.300781 0.582031 0.304688 0.585938 0.335938 0.585938 0.339844 0.589844 0.339844 0.593750 0.343750 0.597656 0.355469 0.597656 0.355469 0.589844 0.359375 0.585938 0.378906 0.585938 0.378906 0.558594 0.382812 0.554688 0.394531 0.554688 0.402344 0.546875 0.414062 0.546875 0.417969 0.542969 0.421875 0.542969 0.421875 0.535156 0.425781 0.531250 0.429688 0.531250 0.429688 0.527344 0.433594 0.523438 0.437500 0.523438 0.437500 0.515625 0.441406 0.511719 0.445312 0.511719 0.445312 0.500000 0.449219 0.496094 0.460938 0.496094 0.464844 0.492188 0.464844 0.484375 0.457031 0.476562 0.457031 0.464844 0.453125 0.460938 0.453125 0.445312 0.457031 0.441406 0.480469 0.441406 0.480469 0.429688 0.484375 0.425781 0.507812 0.425781 0.507812 0.417969 0.484375 0.417969 0.480469 0.414062 0.457031 0.414062 0.453125 0.410156 0.433594 0.410156 0.429688 0.406250 0.429688 0.394531 0.425781 0.394531 0.421875 0.390625 0.421875 0.375000 0.425781 0.371094 0.429688 0.371094 0.429688 0.363281 0.433594 0.359375 0.433594 0.355469 0.437500 0.351562 0.441406 0.351562 0.441406 0.343750 0.445312 0.339844 0.445312 0.332031 0.441406 0.332031 0.433594 0.324219 0.433594 0.320312 0.429688 0.316406 0.429688 0.312500 0.421875 0.312500 0.414062 0.304688 0.406250 0.304688 0.406250 0.324219 0.402344 0.328125 0.398438 0.328125 0.398438 0.343750 0.394531 0.347656 0.386719 0.347656 0.382812 0.351562 0.371094 0.351562 0.367188 0.355469 0.355469 0.355469 0.351562 0.359375 0.343750 0.359375 0.343750 0.375000 0.339844 0.378906 0.339844 0.382812 0.335938 0.386719 0.320312 0.386719 0.312500 0.378906 0.308594 0.378906 0.296875 0.367188 0.296875 0.347656 0.312500 0.332031 0.312500 0.296875 0.316406 0.292969 0.351562 0.292969 0.351562 0.285156 0.339844 0.285156 0.335938 0.281250 0.320312 0.281250 0.312500 0.273438 0.296875 0.273438 0.292969 0.269531 0.238281 0.269531 0.234375 0.265625 0.226562 0.265625 0.222656 0.269531 0.214844 0.269531 0.210938 0.273438 0.156250 0.273438 0.152344 0.269531 0.136719 0.269531 0.132812 0.265625 0.125000 0.265625 0.121094 0.261719 0.117188 0.261719 0.113281 0.257812 0.109375 0.257812 0.105469 0.253906 0.097656 0.253906 0.097656 0.277344 0.093750 0.281250 0.062500 0.281250 0.058594 0.277344 0.058594 0.253906 0.062500 0.250000 0.070312 0.250000 0.070312 0.234375 0.066406 0.230469 0.062500 0.230469 0.058594 0.226562
4 0.367188 0.160156 0.363281 0.164062 0.355469 0.164062 0.355469 0.171875 0.359375 0.171875 0.363281 0.175781 0.367188 0.175781 0.371094 0.179688 0.375000 0.179688 0.378906 0.183594 0.382812 0.183594 0.390625 0.191406 0.390625 0.195312 0.414062 0.195312 0.417969 0.199219 0.417969 0.203125 0.421875 0.207031 0.421875 0.210938 0.441406 0.210938 0.449219 0.218750 0.453125 0.218750 0.460938 0.226562 0.464844 0.226562 0.468750 0.230469 0.480469 0.230469 0.480469 0.218750 0.476562 0.218750 0.472656 0.214844 0.472656 0.210938 0.468750 0.210938 0.464844 0.207031 0.460938 0.207031 0.453125 0.199219 0.449219 0.199219 0.445312 0.195312 0.429688 0.195312 0.425781 0.191406 0.402344 0.191406 0.398438 0.187500 0.398438 0.183594 0.394531 0.179688 0.390625 0.179688 0.386719 0.175781 0.382812 0.175781 0.378906 0.171875 0.378906 0.167969 0.375000 0.164062 0.375000 0.160156
4 0.183594 0.132812 0.183594 0.136719 0.179688 0.140625 0.128906 0.140625 0.128906 0.148438 0.125000 0.152344 0.105469 0.152344 0.101562 0.156250 0.097656 0.156250 0.097656 0.160156 0.093750 0.164062 0.085938 0.164062 0.085938 0.171875 0.121094 0.171875 0.128906 0.164062 0.144531 0.164062 0.148438 0.167969 0.148438 0.171875 0.152344 0.171875 0.156250 0.175781 0.160156 0.175781 0.164062 0.179688 0.164062 0.183594 0.167969 0.187500 0.175781 0.187500 0.175781 0.183594 0.179688 0.179688 0.195312 0.179688 0.199219 0.183594 0.199219 0.191406 0.207031 0.191406 0.210938 0.195312 0.210938 0.199219 0.214844 0.199219 0.218750 0.203125 0.234375 0.203125 0.234375 0.160156 0.238281 0.156250 0.242188 0.156250 0.242188 0.152344 0.246094 0.148438 0.253906 0.148438 0.257812 0.144531 0.273438 0.144531 0.273438 0.136719 0.261719 0.136719 0.257812 0.140625 0.238281 0.140625 0.234375 0.136719 0.234375 0.132812 0.226562 0.132812 0.222656 0.136719 0.199219 0.136719 0.195312 0.132812
