4 0.542969 0.863281 0.542969 0.867188 0.539062 0.871094 0.535156 0.871094 0.531250 0.875000 0.527344 0.875000 0.527344 0.882812 0.531250 0.882812 0.535156 0.886719 0.539062 0.886719 0.542969 0.890625 0.542969 0.894531 0.546875 0.898438 0.546875 0.906250 0.550781 0.910156 0.550781 0.917969 0.566406 0.933594 0.574219 0.933594 0.578125 0.929688 0.582031 0.929688 0.582031 0.921875 0.578125 0.917969 0.578125 0.910156 0.570312 0.902344 0.570312 0.894531 0.566406 0.890625 0.562500 0.890625 0.558594 0.886719 0.558594 0.878906 0.554688 0.875000 0.554688 0.871094 0.550781 0.867188 0.550781 0.863281
4 0.425781 0.726562 0.421875 0.730469 0.421875 0.761719 0.441406 0.761719 0.441406 0.750000 0.445312 0.746094 0.460938 0.746094 0.460938 0.734375 0.453125 0.726562
4 0.273438 0.652344 0.269531 0.656250 0.250000 0.656250 0.250000 0.671875 0.246094 0.675781 0.246094 0.703125 0.242188 0.707031 0.238281 0.707031 0.234375 0.710938 0.234375 0.718750 0.242188 0.726562 0.242188 0.730469 0.257812 0.730469 0.261719 0.734375 0.277344 0.734375 0.281250 0.738281 0.281250 0.746094 0.285156 0.750000 0.292969 0.750000 0.292969 0.746094 0.300781 0.738281 0.316406 0.738281 0.316406 0.726562 0.312500 0.722656 0.312500 0.718750 0.308594 0.718750 0.300781 0.710938 0.273438 0.710938 0.269531 0.707031 0.269531 0.687500 0.273438 0.683594 0.289062 0.683594 0.292969 0.687500 0.300781 0.687500 0.300781 0.675781 0.292969 0.675781 0.289062 0.671875 0.289062 0.656250 0.285156 0.656250 0.281250 0.652344
4 0.152344 0.621094 0.152344 0.628906 0.156250 0.628906 0.160156 0.632812 0.160156 0.636719 0.167969 0.644531 0.167969 0.652344 0.175781 0.660156 0.175781 0.675781 0.187500 0.687500 0.195312 0.687500 0.195312 0.683594 0.199219 0.679688 0.199219 0.652344 0.203125 0.648438 0.203125 0.640625 0.199219 0.636719 0.187500 0.636719 0.183594 0.632812 0.183594 0.628906 0.179688 0.628906 0.175781 0.625000 0.167969 0.625000 0.164062 0.621094
4 0.804688 0.539062 0.804688 0.542969 0.800781 0.546875 0.781250 0.546875 0.781250 0.554688 0.808594 0.554688 0.808594 0.550781 0.812500 0.546875 0.812500 0.539062
4 0.121094 0.515625 0.117188 0.519531 0.117188 0.527344 0.121094 0.531250 0.121094 0.554688 0.125000 0.558594 0.125000 0.570312 0.132812 0.578125 0.148438 0.578125 0.148438 0.562500 0.144531 0.562500 0.140625 0.558594 0.140625 0.554688 0.136719 0.550781 0.136719 0.546875 0.128906 0.539062 0.128906 0.515625
4 0.492188 0.484375 0.492188 0.492188 0.500000 0.492188 0.500000 0.484375
4 0.179688 0.394531 0.179688 0.398438 0.175781 0.402344 0.175781 0.414062 0.187500 0.414062 0.187500 0.410156 0.191406 0.406250 0.207031 0.406250 0.207031 0.398438 0.199219 0.398438 0.195312 0.394531
4 0.343750 0.375000 0.343750 0.378906 0.339844 0.382812 0.320312 0.382812 0.320312 0.386719 0.316406 0.390625 0.316406 0.394531 0.312500 0.398438 0.308594 0.398438 0.304688 0.402344 0.292969 0.402344 0.292969 0.406250 0.285156 0.414062 0.285156 0.425781 0.281250 0.429688 0.273438 0.429688 0.269531 0.433594 0.269531 0.437500 0.261719 0.445312 0.226562 0.445312 0.226562 0.457031 0.242188 0.457031 0.246094 0.460938 0.246094 0.480469 0.242188 0.484375 0.242188 0.488281 0.238281 0.492188 0.238281 0.500000 0.234375 0.503906 0.218750 0.503906 0.214844 0.507812 0.210938 0.507812 0.210938 0.519531 0.214844 0.523438 0.214844 0.542969 0.210938 0.546875 0.210938 0.558594 0.226562 0.558594 0.230469 0.554688 0.230469 0.542969 0.234375 0.539062 0.238281 0.539062 0.238281 0.527344 0.242188 0.523438 0.246094 0.523438 0.246094 0.515625 0.250000 0.511719 0.265625 0.511719 0.269531 0.515625 0.277344 0.515625 0.277344 0.507812 0.281250 0.503906 0.308594 0.503906 0.312500 0.500000 0.312500 0.492188 0.316406 0.488281 0.324219 0.488281 0.324219 0.472656 0.316406 0.472656 0.308594 0.480469 0.304688 0.480469 0.300781 0.484375 0.296875 0.484375 0.292969 0.488281 0.261719 0.488281 0.257812 0.484375 0.257812 0.460938 0.261719 0.457031 0.265625 0.457031 0.265625 0.453125 0.269531 0.449219 0.281250 0.449219 0.281250 0.441406 0.285156 0.437500 0.285156 0.425781 0.289062 0.421875 0.296875 0.421875 0.296875 0.417969 0.300781 0.414062 0.320312 0.414062 0.320312 0.402344 0.324219 0.398438 0.332031 0.398438 0.332031 0.386719 0.335938 0.382812 0.351562 0.382812 0.351562 0.375000
4 0.554688 0.363281 0.554688 0.371094 0.546875 0.378906 0.531250 0.378906 0.531250 0.386719 0.527344 0.390625 0.523438 0.390625 0.523438 0.398438 0.515625 0.406250 0.488281 0.406250 0.484375 0.410156 0.484375 0.417969 0.488281 0.421875 0.488281 0.433594 0.492188 0.437500 0.492188 0.445312 0.503906 0.445312 0.507812 0.449219 0.507812 0.480469 0.523438 0.480469 0.523438 0.472656 0.527344 0.468750 0.527344 0.460938 0.523438 0.460938 0.519531 0.457031 0.519531 0.429688 0.523438 0.425781 0.539062 0.425781 0.542969 0.429688 0.542969 0.433594 0.550781 0.433594 0.550781 0.425781 0.554688 0.421875 0.558594 0.421875 0.558594 0.390625 0.566406 0.382812 0.566406 0.363281
4 0.871094 0.335938 0.871094 0.339844 0.867188 0.343750 0.847656 0.343750 0.843750 0.347656 0.835938 0.347656 0.835938 0.355469 0.832031 0.359375 0.828125 0.359375 0.824219 0.363281 0.824219 0.371094 0.828125 0.375000 0.828125 0.378906 0.843750 0.378906 0.847656 0.382812 0.847656 0.410156 0.851562 0.414062 0.851562 0.429688 0.847656 0.433594 0.843750 0.433594 0.839844 0.437500 0.835938 0.437500 0.832031 0.441406 0.832031 0.453125 0.835938 0.457031 0.835938 0.484375 0.832031 0.488281 0.832031 0.492188 0.828125 0.496094 0.828125 0.503906 0.824219 0.507812 0.816406 0.507812 0.816406 0.523438 0.832031 0.523438 0.835938 0.519531 0.835938 0.511719 0.839844 0.507812 0.843750 0.507812 0.851562 0.500000 0.851562 0.492188 0.855469 0.488281 0.855469 0.484375 0.859375 0.480469 0.859375 0.449219 0.863281 0.445312 0.863281 0.437500 0.867188 0.433594 0.867188 0.410156 0.871094 0.406250 0.871094 0.390625 0.875000 0.386719 0.875000 0.363281 0.882812 0.355469 0.882812 0.335938
4 0.406250 0.312500 0.402344 0.316406 0.398438 0.316406 0.398438 0.324219 0.406250 0.324219 0.410156 0.320312 0.414062 0.320312 0.414062 0.312500
4 0.855469 0.269531 0.855469 0.277344 0.851562 0.281250 0.839844 0.281250 0.832031 0.289062 0.832031 0.300781 0.835938 0.300781 0.839844 0.304688 0.839844 0.312500 0.847656 0.312500 0.847656 0.304688 0.851562 0.300781 0.867188 0.300781 0.875000 0.292969 0.875000 0.285156 0.871094 0.281250 0.871094 0.277344 0.863281 0.269531
4 0.535156 0.191406 0.535156 0.199219 0.539062 0.203125 0.539062 0.222656 0.535156 0.226562 0.531250 0.226562 0.531250 0.238281 0.535156 0.242188 0.535156 0.265625 0.527344 0.273438 0.523438 0.273438 0.523438 0.277344 0.519531 0.281250 0.492188 0.281250 0.488281 0.285156 0.464844 0.285156 0.464844 0.292969 0.472656 0.292969 0.476562 0.289062 0.492188 0.289062 0.496094 0.292969 0.515625 0.292969 0.519531 0.296875 0.519531 0.316406 0.515625 0.320312 0.515625 0.351562 0.527344 0.351562 0.531250 0.347656 0.539062 0.347656 0.539062 0.343750 0.542969 0.339844 0.542969 0.335938 0.546875 0.332031 0.554688 0.332031 0.554688 0.265625 0.558594 0.261719 0.558594 0.238281 0.562500 0.234375 0.562500 0.230469 0.566406 0.226562 0.566406 0.199219 0.554688 0.199219 0.550781 0.195312 0.550781 0.191406
4 0.222656 0.187500 0.222656 0.191406 0.218750 0.195312 0.214844 0.195312 0.214844 0.210938 0.210938 0.214844 0.207031 0.214844 0.203125 0.218750 0.191406 0.218750 0.187500 0.222656 0.183594 0.222656 0.183594 0.238281 0.179688 0.242188 0.175781 0.242188 0.175781 0.246094 0.171875 0.250000 0.167969 0.250000 0.167969 0.253906 0.164062 0.257812 0.164062 0.285156 0.160156 0.289062 0.160156 0.296875 0.156250 0.300781 0.152344 0.300781 0.152344 0.324219 0.148438 0.328125 0.148438 0.359375 0.140625 0.367188 0.136719 0.367188 0.136719 0.390625 0.132812 0.394531 0.125000 0.394531 0.121094 0.398438 0.117188 0.398438 0.105469 0.410156 0.105469 0.417969 0.121094 0.417969 0.125000 0.421875 0.125000 0.433594 0.128906 0.437500 0.128906 0.441406 0.136719 0.441406 0.136719 0.437500 0.140625 0.433594 0.167969 0.433594 0.167969 0.421875 0.156250 0.421875 0.152344 0.417969 0.152344 0.414062 0.148438 0.410156 0.148438 0.394531 0.156250 0.386719 0.156250 0.378906 0.160156 0.375000 0.164062 0.375000 0.164062 0.367188 0.167969 0.363281 0.167969 0.355469 0.164062 0.351562 0.164062 0.347656 0.160156 0.343750 0.160156 0.320312 0.164062 0.316406 0.164062 0.312500 0.167969 0.308594 0.167969 0.292969 0.183594 0.277344 0.183594 0.273438 0.187500 0.269531 0.191406 0.269531 0.195312 0.265625 0.199219 0.265625 0.199219 0.238281 0.203125 0.234375 0.222656 0.234375 0.222656 0.230469 0.230469 0.222656 0.238281 0.222656 0.242188 0.218750 0.242188 0.191406 0.238281 0.187500
4 0.292969 0.152344 0.289062 0.156250 0.269531 0.156250 0.269531 0.164062 0.273438 0.167969 0.285156 0.167969 0.292969 0.160156 0.300781 0.160156 0.300781 0.152344
4 0.644531 0.148438 0.644531 0.167969 0.648438 0.171875 0.652344 0.171875 0.656250 0.175781 0.664062 0.175781 0.667969 0.179688 0.667969 0.183594 0.683594 0.183594 0.687500 0.187500 0.687500 0.195312 0.695312 0.203125 0.718750 0.203125 0.718750 0.195312 0.714844 0.195312 0.710938 0.191406 0.710938 0.187500 0.703125 0.187500 0.699219 0.183594 0.679688 0.183594 0.675781 0.179688 0.675781 0.171875 0.660156 0.156250 0.660156 0.152344 0.656250 0.148438
4 0.472656 0.074219 0.472656 0.082031 0.468750 0.085938 0.445312 0.085938 0.441406 0.089844 0.437500 0.089844 0.437500 0.101562 0.433594 0.105469 0.425781 0.105469 0.417969 0.113281 0.414062 0.113281 0.410156 0.117188 0.382812 0.117188 0.378906 0.121094 0.375000 0.121094 0.371094 0.125000 0.367188 0.125000 0.363281 0.128906 0.359375 0.128906 0.355469 0.132812 0.343750 0.132812 0.339844 0.136719 0.328125 0.136719 0.328125 0.144531 0.339844 0.144531 0.343750 0.148438 0.343750 0.152344 0.375000 0.152344 0.378906 0.156250 0.378906 0.164062 0.394531 0.164062 0.398438 0.160156 0.402344 0.160156 0.410156 0.152344 0.417969 0.152344 0.421875 0.148438 0.421875 0.144531 0.437500 0.128906 0.453125 0.128906 0.457031 0.125000 0.468750 0.125000 0.472656 0.121094 0.472656 0.101562 0.476562 0.097656 0.492188 0.097656 0.492188 0.074219
4 0.566406 0.031250 0.562500 0.035156 0.550781 0.035156 0.542969 0.042969 0.531250 0.042969 0.531250 0.046875 0.527344 0.050781 0.511719 0.050781 0.507812 0.054688 0.496094 0.054688 0.496094 0.062500 0.523438 0.062500 0.523438 0.054688 0.527344 0.050781 0.558594 0.050781 0.562500 0.054688 0.562500 0.070312 0.578125 0.070312 0.582031 0.074219 0.582031 0.089844 0.578125 0.093750 0.578125 0.128906 0.585938 0.128906 0.585938 0.109375 0.593750 0.101562 0.605469 0.101562 0.605469 0.093750 0.601562 0.089844 0.601562 0.078125 0.597656 0.074219 0.597656 0.039062 0.582031 0.039062 0.578125 0.035156 0.578125 0.031250
