4 0.792969 0.980469 0.789062 0.984375 0.789062 0.996094 0.800781 0.996094 0.800781 0.980469
4 0.843750 0.906250 0.843750 0.910156 0.835938 0.917969 0.835938 0.929688 0.843750 0.929688 0.843750 0.925781 0.851562 0.917969 0.851562 0.906250
4 0.902344 0.785156 0.894531 0.792969 0.894531 0.796875 0.886719 0.804688 0.886719 0.808594 0.882812 0.812500 0.878906 0.812500 0.878906 0.824219 0.875000 0.828125 0.875000 0.832031 0.871094 0.835938 0.871094 0.843750 0.863281 0.851562 0.863281 0.882812 0.859375 0.886719 0.855469 0.886719 0.855469 0.898438 0.863281 0.898438 0.863281 0.882812 0.867188 0.878906 0.871094 0.878906 0.871094 0.875000 0.875000 0.871094 0.875000 0.867188 0.878906 0.863281 0.878906 0.859375 0.882812 0.855469 0.882812 0.851562 0.886719 0.847656 0.886719 0.839844 0.890625 0.835938 0.890625 0.832031 0.894531 0.828125 0.894531 0.820312 0.898438 0.816406 0.898438 0.812500 0.902344 0.808594 0.902344 0.804688 0.906250 0.800781 0.906250 0.796875 0.910156 0.792969 0.910156 0.785156
4 0.066406 0.726562 0.066406 0.738281 0.070312 0.742188 0.070312 0.746094 0.074219 0.750000 0.074219 0.753906 0.078125 0.757812 0.078125 0.761719 0.085938 0.761719 0.089844 0.757812 0.089844 0.750000 0.074219 0.734375 0.074219 0.726562
4 0.039062 0.664062 0.039062 0.671875 0.042969 0.675781 0.042969 0.679688 0.046875 0.683594 0.046875 0.687500 0.054688 0.687500 0.054688 0.675781 0.046875 0.667969 0.046875 0.664062
4 0.078125 0.636719 0.074219 0.640625 0.074219 0.664062 0.078125 0.667969 0.105469 0.667969 0.105469 0.648438 0.097656 0.640625 0.089844 0.640625 0.085938 0.636719
4 0.476562 0.593750 0.472656 0.597656 0.468750 0.597656 0.468750 0.652344 0.472656 0.656250 0.472656 0.699219 0.468750 0.703125 0.468750 0.710938 0.472656 0.714844 0.472656 0.753906 0.476562 0.757812 0.476562 0.781250 0.484375 0.781250 0.484375 0.777344 0.488281 0.773438 0.488281 0.765625 0.492188 0.761719 0.492188 0.722656 0.488281 0.718750 0.488281 0.703125 0.484375 0.699219 0.484375 0.679688 0.488281 0.675781 0.492188 0.675781 0.492188 0.664062 0.488281 0.660156 0.488281 0.656250 0.484375 0.652344 0.484375 0.593750
4 0.355469 0.582031 0.351562 0.585938 0.351562 0.589844 0.347656 0.593750 0.347656 0.601562 0.351562 0.601562 0.359375 0.609375 0.359375 0.636719 0.367188 0.644531 0.367188 0.699219 0.378906 0.710938 0.378906 0.765625 0.375000 0.769531 0.375000 0.777344 0.378906 0.781250 0.378906 0.792969 0.382812 0.796875 0.382812 0.804688 0.386719 0.808594 0.386719 0.832031 0.390625 0.835938 0.390625 0.843750 0.398438 0.851562 0.398438 0.867188 0.402344 0.871094 0.402344 0.878906 0.414062 0.878906 0.421875 0.886719 0.421875 0.890625 0.425781 0.894531 0.433594 0.894531 0.433594 0.863281 0.429688 0.859375 0.429688 0.851562 0.425781 0.847656 0.425781 0.828125 0.421875 0.824219 0.421875 0.800781 0.425781 0.796875 0.425781 0.765625 0.421875 0.761719 0.421875 0.718750 0.417969 0.714844 0.417969 0.687500 0.414062 0.683594 0.414062 0.660156 0.410156 0.656250 0.410156 0.621094 0.406250 0.617188 0.406250 0.613281 0.398438 0.613281 0.398438 0.617188 0.394531 0.621094 0.394531 0.648438 0.390625 0.652344 0.375000 0.652344 0.371094 0.648438 0.371094 0.593750 0.367188 0.589844 0.367188 0.585938 0.363281 0.582031
4 0.199219 0.578125 0.191406 0.585938 0.191406 0.597656 0.195312 0.597656 0.203125 0.605469 0.203125 0.613281 0.207031 0.617188 0.207031 0.636719 0.214844 0.644531 0.214844 0.648438 0.222656 0.648438 0.222656 0.617188 0.218750 0.613281 0.214844 0.613281 0.210938 0.609375 0.210938 0.601562 0.207031 0.597656 0.207031 0.578125
4 0.824219 0.550781 0.820312 0.554688 0.820312 0.558594 0.816406 0.562500 0.816406 0.585938 0.820312 0.589844 0.820312 0.597656 0.828125 0.597656 0.828125 0.593750 0.832031 0.589844 0.835938 0.589844 0.835938 0.585938 0.839844 0.582031 0.839844 0.578125 0.843750 0.574219 0.843750 0.562500 0.832031 0.550781
4 0.179688 0.453125 0.175781 0.457031 0.175781 0.480469 0.171875 0.484375 0.171875 0.492188 0.175781 0.496094 0.175781 0.519531 0.179688 0.523438 0.179688 0.558594 0.187500 0.558594 0.187500 0.550781 0.191406 0.546875 0.191406 0.539062 0.195312 0.535156 0.195312 0.503906 0.191406 0.500000 0.191406 0.484375 0.195312 0.480469 0.199219 0.480469 0.199219 0.468750 0.195312 0.464844 0.195312 0.457031 0.191406 0.457031 0.187500 0.453125
4 0.878906 0.363281 0.878906 0.371094 0.875000 0.375000 0.875000 0.378906 0.871094 0.382812 0.871094 0.398438 0.867188 0.402344 0.863281 0.402344 0.863281 0.406250 0.859375 0.410156 0.859375 0.417969 0.867188 0.417969 0.871094 0.414062 0.886719 0.414062 0.890625 0.417969 0.890625 0.429688 0.894531 0.433594 0.894531 0.460938 0.910156 0.460938 0.910156 0.453125 0.914062 0.449219 0.914062 0.437500 0.910156 0.433594 0.910156 0.421875 0.906250 0.417969 0.906250 0.398438 0.910156 0.394531 0.910156 0.378906 0.894531 0.378906 0.890625 0.375000 0.890625 0.371094 0.886719 0.367188 0.886719 0.363281
4 0.152344 0.304688 0.152344 0.320312 0.156250 0.324219 0.156250 0.351562 0.164062 0.359375 0.164062 0.367188 0.167969 0.371094 0.175781 0.371094 0.175781 0.332031 0.171875 0.328125 0.167969 0.328125 0.160156 0.320312 0.160156 0.304688
4 0.347656 0.300781 0.347656 0.316406 0.355469 0.316406 0.355469 0.300781
4 0.808594 0.273438 0.800781 0.281250 0.796875 0.281250 0.796875 0.289062 0.792969 0.292969 0.792969 0.328125 0.789062 0.332031 0.785156 0.332031 0.785156 0.343750 0.792969 0.351562 0.792969 0.398438 0.785156 0.406250 0.785156 0.433594 0.781250 0.437500 0.781250 0.464844 0.777344 0.468750 0.777344 0.500000 0.773438 0.503906 0.773438 0.523438 0.769531 0.527344 0.769531 0.539062 0.773438 0.542969 0.773438 0.562500 0.769531 0.566406 0.769531 0.582031 0.765625 0.585938 0.765625 0.593750 0.761719 0.597656 0.757812 0.597656 0.753906 0.601562 0.742188 0.601562 0.742188 0.613281 0.738281 0.617188 0.738281 0.625000 0.734375 0.628906 0.730469 0.628906 0.730469 0.644531 0.726562 0.648438 0.726562 0.656250 0.722656 0.660156 0.722656 0.664062 0.718750 0.667969 0.718750 0.671875 0.714844 0.675781 0.714844 0.687500 0.722656 0.687500 0.722656 0.683594 0.726562 0.679688 0.730469 0.679688 0.730469 0.675781 0.734375 0.671875 0.734375 0.667969 0.738281 0.664062 0.742188 0.664062 0.750000 0.656250 0.753906 0.656250 0.753906 0.652344 0.757812 0.648438 0.773438 0.648438 0.773438 0.628906 0.781250 0.621094 0.781250 0.605469 0.777344 0.601562 0.777344 0.582031 0.781250 0.578125 0.781250 0.570312 0.777344 0.566406 0.777344 0.550781 0.781250 0.546875 0.785156 0.546875 0.785156 0.515625 0.789062 0.511719 0.789062 0.503906 0.792969 0.500000 0.792969 0.445312 0.796875 0.441406 0.796875 0.437500 0.800781 0.433594 0.812500 0.433594 0.812500 0.425781 0.808594 0.425781 0.804688 0.421875 0.804688 0.417969 0.800781 0.414062 0.800781 0.390625 0.804688 0.386719 0.804688 0.351562 0.808594 0.347656 0.808594 0.304688 0.812500 0.300781 0.812500 0.296875 0.816406 0.292969 0.816406 0.289062 0.820312 0.285156 0.820312 0.277344 0.816406 0.273438
4 0.921875 0.242188 0.921875 0.250000 0.917969 0.253906 0.894531 0.253906 0.894531 0.261719 0.902344 0.261719 0.906250 0.265625 0.906250 0.281250 0.902344 0.285156 0.898438 0.285156 0.898438 0.292969 0.910156 0.292969 0.914062 0.289062 0.925781 0.289062 0.925781 0.281250 0.929688 0.277344 0.937500 0.277344 0.937500 0.242188
4 0.328125 0.242188 0.328125 0.250000 0.324219 0.253906 0.320312 0.253906 0.320312 0.277344 0.324219 0.281250 0.324219 0.289062 0.335938 0.289062 0.335938 0.261719 0.339844 0.257812 0.343750 0.257812 0.343750 0.242188
4 0.218750 0.203125 0.218750 0.207031 0.214844 0.210938 0.214844 0.230469 0.218750 0.234375 0.218750 0.273438 0.222656 0.277344 0.226562 0.277344 0.230469 0.281250 0.230469 0.289062 0.242188 0.289062 0.242188 0.281250 0.238281 0.277344 0.238281 0.242188 0.234375 0.238281 0.234375 0.230469 0.230469 0.226562 0.230469 0.210938 0.226562 0.207031 0.226562 0.203125
4 0.375000 0.132812 0.371094 0.136719 0.371094 0.144531 0.363281 0.152344 0.363281 0.164062 0.367188 0.167969 0.367188 0.179688 0.371094 0.183594 0.371094 0.187500 0.386719 0.187500 0.390625 0.191406 0.390625 0.203125 0.398438 0.210938 0.398438 0.234375 0.402344 0.238281 0.402344 0.253906 0.398438 0.257812 0.386719 0.257812 0.386719 0.269531 0.390625 0.273438 0.390625 0.289062 0.386719 0.292969 0.386719 0.300781 0.390625 0.304688 0.390625 0.316406 0.394531 0.320312 0.394531 0.367188 0.390625 0.371094 0.378906 0.371094 0.375000 0.375000 0.371094 0.375000 0.371094 0.402344 0.375000 0.406250 0.375000 0.414062 0.378906 0.417969 0.378906 0.421875 0.398438 0.421875 0.402344 0.425781 0.402344 0.429688 0.406250 0.433594 0.406250 0.437500 0.421875 0.437500 0.421875 0.425781 0.417969 0.421875 0.417969 0.390625 0.421875 0.386719 0.425781 0.386719 0.425781 0.378906 0.421875 0.375000 0.421875 0.371094 0.410156 0.371094 0.406250 0.367188 0.406250 0.335938 0.402344 0.332031 0.402344 0.312500 0.406250 0.308594 0.406250 0.269531 0.410156 0.265625 0.425781 0.265625 0.429688 0.269531 0.429688 0.277344 0.457031 0.277344 0.460938 0.281250 0.460938 0.312500 0.457031 0.316406 0.457031 0.320312 0.453125 0.324219 0.453125 0.332031 0.457031 0.335938 0.457031 0.355469 0.464844 0.363281 0.464844 0.398438 0.460938 0.402344 0.460938 0.433594 0.457031 0.437500 0.453125 0.437500 0.453125 0.449219 0.457031 0.453125 0.457031 0.457031 0.460938 0.460938 0.460938 0.496094 0.464844 0.500000 0.464844 0.511719 0.468750 0.515625 0.468750 0.550781 0.484375 0.550781 0.484375 0.531250 0.480469 0.527344 0.480469 0.484375 0.476562 0.480469 0.476562 0.453125 0.480469 0.449219 0.480469 0.363281 0.476562 0.359375 0.476562 0.332031 0.480469 0.328125 0.480469 0.296875 0.476562 0.292969 0.476562 0.234375 0.449219 0.234375 0.445312 0.230469 0.410156 0.230469 0.402344 0.222656 0.402344 0.167969 0.398438 0.164062 0.398438 0.156250 0.394531 0.152344 0.394531 0.132812
4 0.613281 0.105469 0.605469 0.113281 0.605469 0.136719 0.601562 0.140625 0.593750 0.140625 0.593750 0.152344 0.589844 0.156250 0.585938 0.156250 0.578125 0.164062 0.578125 0.171875 0.582031 0.175781 0.582031 0.179688 0.593750 0.179688 0.597656 0.175781 0.597656 0.152344 0.601562 0.148438 0.601562 0.140625 0.605469 0.136719 0.613281 0.136719 0.617188 0.132812 0.617188 0.128906 0.621094 0.125000 0.621094 0.121094 0.625000 0.117188 0.625000 0.105469
4 0.472656 0.093750 0.468750 0.097656 0.437500 0.097656 0.437500 0.105469 0.441406 0.105469 0.449219 0.113281 0.449219 0.136719 0.445312 0.140625 0.441406 0.140625 0.441406 0.148438 0.457031 0.148438 0.460938 0.152344 0.460938 0.156250 0.472656 0.156250 0.472656 0.152344 0.476562 0.148438 0.484375 0.148438 0.484375 0.105469 0.488281 0.101562 0.488281 0.093750
4 0.523438 0.085938 0.519531 0.089844 0.519531 0.097656 0.527344 0.105469 0.527344 0.121094 0.535156 0.128906 0.535156 0.132812 0.542969 0.140625 0.542969 0.218750 0.539062 0.222656 0.539062 0.296875 0.546875 0.296875 0.550781 0.292969 0.550781 0.253906 0.554688 0.250000 0.554688 0.234375 0.558594 0.230469 0.578125 0.230469 0.582031 0.226562 0.582031 0.214844 0.562500 0.214844 0.558594 0.210938 0.558594 0.183594 0.554688 0.179688 0.554688 0.097656 0.558594 0.093750 0.574219 0.093750 0.574219 0.085938
4 0.906250 0.031250 0.902344 0.035156 0.898438 0.035156 0.894531 0.039062 0.886719 0.039062 0.886719 0.054688 0.890625 0.058594 0.898438 0.058594 0.906250 0.050781 0.910156 0.050781 0.917969 0.042969 0.917969 0.031250
4 0.980469 0.011719 0.972656 0.019531 0.957031 0.019531 0.957031 0.027344 0.964844 0.027344 0.968750 0.023438 0.996094 0.023438 0.996094 0.011719
