4 0.511719 0.746094 0.511719 0.773438 0.507812 0.777344 0.476562 0.777344 0.472656 0.773438 0.472656 0.769531 0.468750 0.765625 0.453125 0.765625 0.449219 0.769531 0.449219 0.777344 0.457031 0.785156 0.464844 0.785156 0.468750 0.789062 0.480469 0.789062 0.484375 0.792969 0.527344 0.792969 0.527344 0.781250 0.519531 0.773438 0.519531 0.746094
4 0.687500 0.722656 0.687500 0.738281 0.683594 0.742188 0.683594 0.761719 0.679688 0.765625 0.613281 0.765625 0.613281 0.773438 0.617188 0.777344 0.625000 0.777344 0.628906 0.781250 0.632812 0.781250 0.652344 0.800781 0.660156 0.800781 0.664062 0.804688 0.664062 0.820312 0.671875 0.828125 0.675781 0.828125 0.679688 0.832031 0.679688 0.835938 0.687500 0.835938 0.691406 0.832031 0.691406 0.828125 0.695312 0.824219 0.695312 0.812500 0.699219 0.808594 0.718750 0.808594 0.718750 0.804688 0.722656 0.800781 0.734375 0.800781 0.734375 0.792969 0.730469 0.792969 0.726562 0.789062 0.722656 0.789062 0.710938 0.777344 0.710938 0.773438 0.699219 0.773438 0.695312 0.769531 0.695312 0.734375 0.699219 0.730469 0.699219 0.722656
4 0.761719 0.707031 0.753906 0.714844 0.738281 0.714844 0.738281 0.722656 0.742188 0.726562 0.742188 0.742188 0.746094 0.746094 0.746094 0.765625 0.750000 0.769531 0.750000 0.781250 0.761719 0.781250 0.761719 0.769531 0.757812 0.765625 0.757812 0.742188 0.761719 0.738281 0.761719 0.730469 0.765625 0.726562 0.777344 0.726562 0.777344 0.710938 0.773438 0.710938 0.769531 0.707031
4 0.488281 0.664062 0.488281 0.679688 0.496094 0.679688 0.496094 0.664062
4 0.496094 0.578125 0.496094 0.589844 0.492188 0.593750 0.484375 0.593750 0.484375 0.605469 0.480469 0.609375 0.480469 0.625000 0.484375 0.628906 0.484375 0.640625 0.492188 0.640625 0.492188 0.628906 0.496094 0.625000 0.503906 0.625000 0.503906 0.613281 0.507812 0.609375 0.507812 0.589844 0.503906 0.585938 0.503906 0.578125
4 0.582031 0.574219 0.582031 0.585938 0.578125 0.589844 0.574219 0.589844 0.574219 0.597656 0.570312 0.601562 0.566406 0.601562 0.566406 0.621094 0.578125 0.621094 0.578125 0.617188 0.582031 0.613281 0.582031 0.605469 0.585938 0.601562 0.601562 0.601562 0.601562 0.582031 0.597656 0.578125 0.597656 0.574219
4 0.687500 0.492188 0.687500 0.500000 0.691406 0.503906 0.691406 0.519531 0.683594 0.527344 0.621094 0.527344 0.617188 0.523438 0.605469 0.523438 0.601562 0.519531 0.585938 0.519531 0.582031 0.515625 0.570312 0.515625 0.570312 0.527344 0.566406 0.531250 0.554688 0.531250 0.554688 0.539062 0.558594 0.542969 0.574219 0.542969 0.578125 0.546875 0.578125 0.550781 0.597656 0.550781 0.601562 0.554688 0.625000 0.554688 0.632812 0.562500 0.640625 0.562500 0.640625 0.558594 0.644531 0.554688 0.675781 0.554688 0.687500 0.566406 0.687500 0.625000 0.691406 0.628906 0.691406 0.632812 0.703125 0.632812 0.703125 0.617188 0.707031 0.613281 0.707031 0.562500 0.710938 0.558594 0.722656 0.558594 0.726562 0.554688 0.734375 0.554688 0.734375 0.550781 0.738281 0.546875 0.777344 0.546875 0.785156 0.539062 0.800781 0.539062 0.804688 0.542969 0.804688 0.558594 0.828125 0.558594 0.828125 0.554688 0.832031 0.550781 0.832031 0.539062 0.835938 0.535156 0.835938 0.527344 0.796875 0.527344 0.792969 0.523438 0.792969 0.511719 0.777344 0.511719 0.773438 0.507812 0.773438 0.500000 0.750000 0.500000 0.742188 0.507812 0.742188 0.527344 0.738281 0.531250 0.734375 0.531250 0.730469 0.535156 0.710938 0.535156 0.707031 0.531250 0.699219 0.531250 0.695312 0.527344 0.695312 0.507812 0.703125 0.500000 0.703125 0.492188
4 0.382812 0.480469 0.382812 0.488281 0.390625 0.488281 0.394531 0.492188 0.406250 0.492188 0.410156 0.496094 0.417969 0.496094 0.421875 0.500000 0.429688 0.500000 0.433594 0.503906 0.449219 0.503906 0.449219 0.488281 0.417969 0.488281 0.414062 0.484375 0.398438 0.484375 0.394531 0.480469
4 0.722656 0.433594 0.722656 0.441406 0.730469 0.441406 0.730469 0.433594
4 0.328125 0.417969 0.328125 0.421875 0.324219 0.425781 0.324219 0.441406 0.320312 0.445312 0.312500 0.445312 0.312500 0.453125 0.308594 0.457031 0.304688 0.457031 0.300781 0.460938 0.296875 0.460938 0.292969 0.464844 0.257812 0.464844 0.253906 0.460938 0.242188 0.460938 0.234375 0.453125 0.230469 0.453125 0.226562 0.449219 0.226562 0.445312 0.187500 0.445312 0.183594 0.441406 0.140625 0.441406 0.136719 0.445312 0.136719 0.453125 0.140625 0.457031 0.140625 0.460938 0.144531 0.460938 0.148438 0.464844 0.160156 0.464844 0.164062 0.468750 0.179688 0.468750 0.183594 0.472656 0.203125 0.472656 0.207031 0.476562 0.214844 0.476562 0.218750 0.480469 0.242188 0.480469 0.246094 0.484375 0.261719 0.484375 0.265625 0.488281 0.265625 0.492188 0.281250 0.507812 0.285156 0.507812 0.292969 0.515625 0.292969 0.519531 0.296875 0.523438 0.296875 0.539062 0.304688 0.539062 0.304688 0.535156 0.312500 0.527344 0.312500 0.519531 0.316406 0.515625 0.335938 0.515625 0.339844 0.519531 0.339844 0.527344 0.351562 0.527344 0.351562 0.507812 0.355469 0.503906 0.355469 0.496094 0.351562 0.496094 0.347656 0.492188 0.347656 0.472656 0.328125 0.472656 0.324219 0.468750 0.324219 0.437500 0.328125 0.433594 0.332031 0.433594 0.332031 0.429688 0.335938 0.425781 0.335938 0.417969
4 0.074219 0.414062 0.074219 0.425781 0.066406 0.433594 0.058594 0.433594 0.058594 0.441406 0.070312 0.453125 0.070312 0.457031 0.074219 0.460938 0.085938 0.460938 0.085938 0.414062
4 0.605469 0.371094 0.605469 0.375000 0.601562 0.378906 0.597656 0.378906 0.597656 0.414062 0.593750 0.417969 0.593750 0.449219 0.589844 0.453125 0.582031 0.453125 0.578125 0.457031 0.562500 0.457031 0.562500 0.464844 0.566406 0.468750 0.566406 0.484375 0.562500 0.488281 0.554688 0.488281 0.550781 0.492188 0.550781 0.500000 0.562500 0.500000 0.562500 0.488281 0.566406 0.484375 0.597656 0.484375 0.601562 0.480469 0.621094 0.480469 0.625000 0.484375 0.625000 0.488281 0.652344 0.488281 0.656250 0.492188 0.656250 0.500000 0.664062 0.500000 0.664062 0.492188 0.660156 0.492188 0.656250 0.488281 0.656250 0.476562 0.636719 0.476562 0.632812 0.472656 0.632812 0.457031 0.636719 0.453125 0.648438 0.453125 0.652344 0.449219 0.679688 0.449219 0.683594 0.453125 0.683594 0.460938 0.687500 0.460938 0.691406 0.464844 0.699219 0.464844 0.699219 0.457031 0.703125 0.453125 0.710938 0.453125 0.710938 0.445312 0.703125 0.445312 0.699219 0.449219 0.671875 0.449219 0.667969 0.445312 0.667969 0.437500 0.660156 0.437500 0.656250 0.433594 0.656250 0.429688 0.652344 0.429688 0.648438 0.425781 0.644531 0.425781 0.640625 0.421875 0.640625 0.417969 0.628906 0.417969 0.625000 0.414062 0.625000 0.390625 0.621094 0.386719 0.621094 0.378906 0.617188 0.378906 0.613281 0.375000 0.613281 0.371094
4 0.011719 0.355469 0.011719 0.363281 0.027344 0.378906 0.027344 0.394531 0.023438 0.398438 0.023438 0.406250 0.035156 0.417969 0.035156 0.425781 0.039062 0.429688 0.046875 0.429688 0.046875 0.406250 0.050781 0.402344 0.054688 0.402344 0.054688 0.394531 0.050781 0.390625 0.050781 0.386719 0.046875 0.382812 0.042969 0.382812 0.039062 0.378906 0.039062 0.375000 0.019531 0.355469
4 0.750000 0.285156 0.750000 0.289062 0.746094 0.292969 0.746094 0.300781 0.753906 0.300781 0.757812 0.304688 0.757812 0.308594 0.765625 0.316406 0.769531 0.316406 0.777344 0.324219 0.777344 0.335938 0.785156 0.335938 0.789062 0.339844 0.789062 0.355469 0.796875 0.355469 0.800781 0.359375 0.800781 0.378906 0.804688 0.378906 0.808594 0.382812 0.812500 0.382812 0.816406 0.386719 0.816406 0.410156 0.835938 0.410156 0.835938 0.382812 0.839844 0.378906 0.843750 0.378906 0.843750 0.375000 0.847656 0.371094 0.847656 0.363281 0.851562 0.359375 0.851562 0.347656 0.847656 0.343750 0.847656 0.339844 0.824219 0.339844 0.820312 0.335938 0.820312 0.324219 0.816406 0.320312 0.808594 0.320312 0.804688 0.316406 0.804688 0.304688 0.800781 0.300781 0.777344 0.300781 0.773438 0.296875 0.765625 0.296875 0.761719 0.292969 0.761719 0.285156
4 0.667969 0.277344 0.664062 0.281250 0.660156 0.281250 0.660156 0.285156 0.656250 0.289062 0.652344 0.289062 0.652344 0.296875 0.667969 0.296875 0.671875 0.292969 0.675781 0.292969 0.679688 0.289062 0.710938 0.289062 0.710938 0.281250 0.707031 0.277344 0.699219 0.277344 0.695312 0.281250 0.679688 0.281250 0.675781 0.277344
4 0.507812 0.253906 0.507812 0.257812 0.500000 0.265625 0.484375 0.265625 0.484375 0.273438 0.480469 0.277344 0.464844 0.277344 0.464844 0.281250 0.460938 0.285156 0.457031 0.285156 0.457031 0.292969 0.453125 0.296875 0.449219 0.296875 0.449219 0.308594 0.445312 0.312500 0.406250 0.312500 0.406250 0.316406 0.402344 0.320312 0.398438 0.320312 0.390625 0.328125 0.382812 0.328125 0.378906 0.332031 0.378906 0.335938 0.375000 0.339844 0.351562 0.339844 0.351562 0.351562 0.355469 0.355469 0.355469 0.363281 0.386719 0.363281 0.394531 0.371094 0.394531 0.375000 0.398438 0.378906 0.398438 0.382812 0.410156 0.394531 0.417969 0.394531 0.421875 0.390625 0.437500 0.390625 0.441406 0.394531 0.441406 0.402344 0.445312 0.402344 0.449219 0.406250 0.449219 0.410156 0.453125 0.414062 0.453125 0.421875 0.460938 0.421875 0.464844 0.417969 0.496094 0.417969 0.496094 0.414062 0.500000 0.410156 0.507812 0.410156 0.507812 0.406250 0.511719 0.402344 0.511719 0.394531 0.515625 0.390625 0.519531 0.390625 0.519531 0.382812 0.515625 0.382812 0.511719 0.378906 0.511719 0.375000 0.503906 0.367188 0.503906 0.351562 0.488281 0.351562 0.484375 0.347656 0.484375 0.332031 0.488281 0.328125 0.511719 0.328125 0.515625 0.324219 0.519531 0.324219 0.523438 0.320312 0.523438 0.312500 0.519531 0.312500 0.507812 0.300781 0.484375 0.300781 0.480469 0.296875 0.480469 0.281250 0.484375 0.277344 0.511719 0.277344 0.515625 0.273438 0.527344 0.273438 0.531250 0.269531 0.539062 0.269531 0.539062 0.261719 0.531250 0.261719 0.527344 0.257812 0.523438 0.257812 0.519531 0.253906
4 0.574219 0.250000 0.570312 0.253906 0.570312 0.265625 0.582031 0.277344 0.597656 0.277344 0.597656 0.257812 0.593750 0.257812 0.589844 0.253906 0.585938 0.253906 0.582031 0.250000
