4 0.414062 0.902344 0.414062 0.953125 0.410156 0.957031 0.410156 0.996094 0.417969 0.996094 0.417969 0.988281 0.421875 0.984375 0.429688 0.984375 0.429688 0.968750 0.425781 0.964844 0.425781 0.949219 0.421875 0.945312 0.421875 0.902344
4 0.859375 0.894531 0.859375 0.914062 0.871094 0.925781 0.871094 0.941406 0.878906 0.941406 0.878906 0.937500 0.882812 0.933594 0.882812 0.929688 0.890625 0.921875 0.902344 0.921875 0.902344 0.910156 0.890625 0.910156 0.886719 0.906250 0.886719 0.894531
4 0.910156 0.863281 0.910156 0.867188 0.906250 0.871094 0.902344 0.871094 0.898438 0.875000 0.898438 0.882812 0.906250 0.882812 0.910156 0.878906 0.917969 0.878906 0.917969 0.863281
4 0.511719 0.816406 0.511719 0.945312 0.515625 0.949219 0.515625 0.957031 0.519531 0.960938 0.519531 0.984375 0.515625 0.988281 0.515625 0.996094 0.539062 0.996094 0.539062 0.984375 0.535156 0.980469 0.535156 0.960938 0.539062 0.957031 0.539062 0.949219 0.535156 0.945312 0.535156 0.925781 0.531250 0.921875 0.531250 0.867188 0.527344 0.863281 0.527344 0.835938 0.523438 0.832031 0.523438 0.816406
4 0.855469 0.703125 0.855469 0.718750 0.863281 0.718750 0.867188 0.722656 0.867188 0.746094 0.878906 0.746094 0.886719 0.753906 0.886719 0.757812 0.894531 0.757812 0.894531 0.742188 0.890625 0.738281 0.890625 0.726562 0.886719 0.722656 0.882812 0.722656 0.878906 0.718750 0.878906 0.707031 0.867188 0.707031 0.863281 0.703125
4 0.964844 0.613281 0.964844 0.628906 0.968750 0.632812 0.968750 0.656250 0.976562 0.656250 0.976562 0.617188 0.972656 0.613281
4 0.578125 0.601562 0.578125 0.609375 0.574219 0.613281 0.574219 0.625000 0.582031 0.625000 0.585938 0.621094 0.589844 0.621094 0.593750 0.617188 0.593750 0.605469 0.589844 0.605469 0.585938 0.601562
4 0.960938 0.562500 0.960938 0.578125 0.968750 0.578125 0.968750 0.562500
4 0.562500 0.562500 0.562500 0.574219 0.570312 0.574219 0.574219 0.570312 0.574219 0.562500
4 0.953125 0.523438 0.953125 0.531250 0.960938 0.531250 0.960938 0.523438
4 0.933594 0.476562 0.933594 0.484375 0.941406 0.484375 0.941406 0.476562
4 0.523438 0.460938 0.523438 0.468750 0.531250 0.468750 0.531250 0.460938
4 0.425781 0.460938 0.425781 0.527344 0.421875 0.531250 0.421875 0.566406 0.414062 0.574219 0.414062 0.585938 0.425781 0.585938 0.425781 0.578125 0.429688 0.574219 0.449219 0.574219 0.453125 0.578125 0.453125 0.601562 0.449219 0.605469 0.445312 0.605469 0.445312 0.613281 0.460938 0.613281 0.464844 0.617188 0.464844 0.652344 0.460938 0.656250 0.449219 0.656250 0.449219 0.660156 0.445312 0.664062 0.441406 0.664062 0.441406 0.675781 0.445312 0.679688 0.445312 0.683594 0.453125 0.691406 0.453125 0.710938 0.457031 0.714844 0.457031 0.738281 0.453125 0.742188 0.453125 0.746094 0.449219 0.750000 0.449219 0.765625 0.460938 0.765625 0.464844 0.769531 0.464844 0.773438 0.468750 0.777344 0.468750 0.796875 0.472656 0.800781 0.472656 0.804688 0.480469 0.804688 0.480469 0.769531 0.484375 0.765625 0.484375 0.753906 0.480469 0.750000 0.480469 0.644531 0.476562 0.640625 0.476562 0.566406 0.480469 0.562500 0.480469 0.554688 0.476562 0.550781 0.476562 0.500000 0.472656 0.500000 0.468750 0.496094 0.468750 0.480469 0.457031 0.480469 0.453125 0.476562 0.445312 0.476562 0.441406 0.472656 0.441406 0.460938
4 0.179688 0.453125 0.179688 0.457031 0.171875 0.464844 0.171875 0.484375 0.167969 0.488281 0.160156 0.488281 0.160156 0.492188 0.156250 0.496094 0.156250 0.500000 0.152344 0.503906 0.152344 0.515625 0.160156 0.515625 0.160156 0.511719 0.164062 0.507812 0.167969 0.507812 0.167969 0.500000 0.171875 0.496094 0.171875 0.480469 0.175781 0.476562 0.179688 0.476562 0.183594 0.472656 0.187500 0.472656 0.187500 0.453125
4 0.589844 0.437500 0.589844 0.445312 0.597656 0.445312 0.597656 0.437500
4 0.628906 0.429688 0.628906 0.441406 0.632812 0.445312 0.632812 0.472656 0.636719 0.476562 0.636719 0.507812 0.632812 0.511719 0.617188 0.511719 0.613281 0.507812 0.601562 0.507812 0.601562 0.515625 0.605469 0.515625 0.609375 0.519531 0.625000 0.519531 0.628906 0.523438 0.628906 0.539062 0.625000 0.542969 0.613281 0.542969 0.613281 0.558594 0.628906 0.558594 0.632812 0.562500 0.632812 0.574219 0.636719 0.578125 0.636719 0.601562 0.640625 0.605469 0.640625 0.609375 0.644531 0.613281 0.644531 0.617188 0.652344 0.617188 0.652344 0.613281 0.656250 0.609375 0.660156 0.609375 0.664062 0.605469 0.671875 0.605469 0.671875 0.601562 0.675781 0.597656 0.675781 0.570312 0.671875 0.566406 0.671875 0.546875 0.675781 0.542969 0.675781 0.535156 0.679688 0.531250 0.695312 0.531250 0.699219 0.535156 0.699219 0.542969 0.707031 0.542969 0.710938 0.546875 0.710938 0.550781 0.718750 0.550781 0.718750 0.539062 0.714844 0.535156 0.714844 0.507812 0.707031 0.507812 0.703125 0.511719 0.671875 0.511719 0.667969 0.507812 0.667969 0.492188 0.664062 0.488281 0.664062 0.480469 0.656250 0.472656 0.656250 0.445312 0.652344 0.441406 0.652344 0.433594 0.640625 0.433594 0.636719 0.429688
4 0.523438 0.406250 0.523438 0.414062 0.527344 0.417969 0.527344 0.421875 0.535156 0.421875 0.535156 0.414062 0.531250 0.410156 0.531250 0.406250
4 0.210938 0.390625 0.210938 0.394531 0.207031 0.398438 0.207031 0.406250 0.203125 0.410156 0.203125 0.421875 0.199219 0.425781 0.195312 0.425781 0.195312 0.433594 0.203125 0.433594 0.203125 0.429688 0.207031 0.425781 0.210938 0.425781 0.210938 0.421875 0.226562 0.406250 0.230469 0.406250 0.230469 0.398438 0.222656 0.390625
4 0.820312 0.378906 0.820312 0.386719 0.824219 0.390625 0.824219 0.406250 0.820312 0.410156 0.816406 0.410156 0.816406 0.421875 0.812500 0.425781 0.808594 0.425781 0.804688 0.429688 0.804688 0.445312 0.800781 0.449219 0.781250 0.449219 0.777344 0.445312 0.765625 0.445312 0.765625 0.464844 0.785156 0.464844 0.789062 0.468750 0.808594 0.468750 0.812500 0.472656 0.812500 0.484375 0.820312 0.484375 0.824219 0.480469 0.824219 0.437500 0.828125 0.433594 0.851562 0.433594 0.855469 0.429688 0.859375 0.429688 0.859375 0.421875 0.847656 0.410156 0.847656 0.386719 0.843750 0.382812 0.843750 0.378906
4 0.578125 0.359375 0.574219 0.363281 0.574219 0.367188 0.570312 0.371094 0.570312 0.378906 0.574219 0.378906 0.578125 0.382812 0.578125 0.394531 0.589844 0.394531 0.589844 0.386719 0.585938 0.382812 0.585938 0.359375
4 0.625000 0.351562 0.625000 0.371094 0.621094 0.375000 0.621094 0.382812 0.632812 0.382812 0.636719 0.378906 0.636719 0.351562
4 0.519531 0.308594 0.519531 0.371094 0.527344 0.371094 0.531250 0.367188 0.531250 0.347656 0.527344 0.343750 0.527344 0.308594
4 0.757812 0.285156 0.753906 0.289062 0.742188 0.289062 0.738281 0.292969 0.730469 0.292969 0.726562 0.296875 0.726562 0.347656 0.734375 0.347656 0.738281 0.343750 0.746094 0.343750 0.746094 0.335938 0.750000 0.332031 0.750000 0.300781 0.753906 0.296875 0.765625 0.296875 0.765625 0.285156
4 0.523438 0.156250 0.519531 0.160156 0.519531 0.167969 0.523438 0.171875 0.523438 0.222656 0.519531 0.226562 0.519531 0.242188 0.531250 0.242188 0.531250 0.238281 0.535156 0.234375 0.535156 0.218750 0.539062 0.214844 0.539062 0.195312 0.535156 0.191406 0.535156 0.156250
4 0.773438 0.062500 0.769531 0.066406 0.742188 0.066406 0.738281 0.070312 0.710938 0.070312 0.707031 0.074219 0.664062 0.074219 0.660156 0.078125 0.566406 0.078125 0.562500 0.074219 0.546875 0.074219 0.546875 0.085938 0.550781 0.085938 0.554688 0.089844 0.566406 0.089844 0.570312 0.085938 0.593750 0.085938 0.597656 0.089844 0.609375 0.089844 0.613281 0.093750 0.621094 0.093750 0.625000 0.089844 0.648438 0.089844 0.652344 0.093750 0.664062 0.093750 0.667969 0.089844 0.703125 0.089844 0.707031 0.085938 0.742188 0.085938 0.746094 0.082031 0.753906 0.082031 0.757812 0.078125 0.761719 0.078125 0.765625 0.074219 0.785156 0.074219 0.785156 0.066406 0.781250 0.062500
4 0.503906 0.027344 0.503906 0.039062 0.511719 0.046875 0.511719 0.070312 0.531250 0.070312 0.531250 0.062500 0.519531 0.050781 0.519531 0.027344
