4 0.535156 0.878906 0.531250 0.882812 0.527344 0.882812 0.523438 0.886719 0.515625 0.886719 0.515625 0.894531 0.531250 0.894531 0.535156 0.898438 0.535156 0.906250 0.542969 0.906250 0.542969 0.898438 0.546875 0.894531 0.558594 0.894531 0.558594 0.886719 0.554688 0.882812 0.546875 0.882812 0.542969 0.878906
4 0.480469 0.871094 0.480469 0.886719 0.488281 0.886719 0.488281 0.871094
4 0.636719 0.812500 0.632812 0.816406 0.628906 0.816406 0.628906 0.832031 0.625000 0.835938 0.625000 0.843750 0.628906 0.847656 0.628906 0.859375 0.632812 0.863281 0.636719 0.863281 0.640625 0.867188 0.648438 0.867188 0.652344 0.863281 0.660156 0.863281 0.660156 0.855469 0.656250 0.851562 0.656250 0.847656 0.652344 0.843750 0.652344 0.839844 0.648438 0.835938 0.648438 0.824219 0.644531 0.820312 0.644531 0.812500
4 0.222656 0.734375 0.222656 0.742188 0.218750 0.746094 0.218750 0.757812 0.238281 0.757812 0.242188 0.761719 0.242188 0.789062 0.238281 0.792969 0.238281 0.800781 0.265625 0.800781 0.269531 0.804688 0.269531 0.812500 0.273438 0.812500 0.277344 0.816406 0.285156 0.816406 0.285156 0.804688 0.281250 0.804688 0.277344 0.800781 0.277344 0.796875 0.273438 0.792969 0.273438 0.769531 0.269531 0.769531 0.265625 0.765625 0.250000 0.765625 0.246094 0.761719 0.246094 0.734375
4 0.167969 0.660156 0.167969 0.667969 0.171875 0.671875 0.171875 0.679688 0.175781 0.683594 0.183594 0.683594 0.187500 0.687500 0.187500 0.695312 0.191406 0.699219 0.199219 0.699219 0.199219 0.675781 0.203125 0.671875 0.203125 0.660156
4 0.492188 0.613281 0.488281 0.617188 0.488281 0.636719 0.484375 0.640625 0.464844 0.640625 0.460938 0.644531 0.460938 0.652344 0.457031 0.656250 0.437500 0.656250 0.437500 0.664062 0.445312 0.664062 0.449219 0.667969 0.449219 0.683594 0.457031 0.683594 0.457031 0.671875 0.460938 0.667969 0.468750 0.667969 0.468750 0.660156 0.472656 0.656250 0.507812 0.656250 0.507812 0.648438 0.511719 0.644531 0.511719 0.636719 0.507812 0.632812 0.507812 0.628906 0.503906 0.625000 0.503906 0.613281
4 0.140625 0.570312 0.140625 0.585938 0.144531 0.585938 0.148438 0.589844 0.148438 0.597656 0.152344 0.597656 0.156250 0.601562 0.156250 0.621094 0.152344 0.625000 0.148438 0.625000 0.148438 0.636719 0.152344 0.640625 0.160156 0.640625 0.160156 0.636719 0.167969 0.628906 0.175781 0.628906 0.175781 0.617188 0.171875 0.617188 0.167969 0.613281 0.164062 0.613281 0.160156 0.609375 0.160156 0.585938 0.156250 0.582031 0.156250 0.574219 0.152344 0.574219 0.148438 0.570312
4 0.542969 0.500000 0.539062 0.503906 0.539062 0.519531 0.535156 0.523438 0.531250 0.523438 0.531250 0.527344 0.527344 0.531250 0.523438 0.531250 0.523438 0.546875 0.519531 0.550781 0.519531 0.558594 0.527344 0.558594 0.531250 0.554688 0.531250 0.546875 0.535156 0.542969 0.535156 0.539062 0.542969 0.531250 0.546875 0.531250 0.550781 0.527344 0.550781 0.515625 0.554688 0.511719 0.554688 0.503906 0.550781 0.500000
4 0.792969 0.492188 0.789062 0.496094 0.781250 0.496094 0.781250 0.503906 0.785156 0.507812 0.785156 0.511719 0.792969 0.511719 0.796875 0.507812 0.808594 0.507812 0.808594 0.500000 0.804688 0.496094 0.804688 0.492188
4 0.363281 0.460938 0.363281 0.468750 0.371094 0.468750 0.371094 0.460938
4 0.289062 0.445312 0.289062 0.457031 0.312500 0.457031 0.320312 0.464844 0.328125 0.464844 0.328125 0.453125 0.324219 0.453125 0.320312 0.449219 0.320312 0.445312
4 0.058594 0.417969 0.058594 0.421875 0.054688 0.425781 0.054688 0.433594 0.058594 0.437500 0.058594 0.441406 0.062500 0.445312 0.074219 0.445312 0.078125 0.449219 0.082031 0.449219 0.085938 0.453125 0.085938 0.464844 0.089844 0.468750 0.101562 0.468750 0.101562 0.460938 0.093750 0.453125 0.093750 0.445312 0.089844 0.441406 0.089844 0.429688 0.085938 0.429688 0.082031 0.425781 0.082031 0.421875 0.070312 0.421875 0.066406 0.417969
4 0.761719 0.375000 0.761719 0.390625 0.757812 0.394531 0.757812 0.398438 0.753906 0.402344 0.738281 0.402344 0.734375 0.406250 0.718750 0.406250 0.714844 0.410156 0.679688 0.410156 0.679688 0.414062 0.675781 0.417969 0.640625 0.417969 0.636719 0.414062 0.636719 0.402344 0.632812 0.398438 0.621094 0.398438 0.617188 0.402344 0.617188 0.410156 0.625000 0.410156 0.628906 0.414062 0.628906 0.429688 0.625000 0.433594 0.621094 0.433594 0.617188 0.437500 0.617188 0.441406 0.613281 0.445312 0.589844 0.445312 0.585938 0.449219 0.570312 0.449219 0.566406 0.453125 0.546875 0.453125 0.542969 0.449219 0.535156 0.449219 0.531250 0.453125 0.523438 0.453125 0.519531 0.457031 0.511719 0.457031 0.511719 0.460938 0.507812 0.464844 0.421875 0.464844 0.417969 0.460938 0.410156 0.460938 0.410156 0.472656 0.414062 0.476562 0.433594 0.476562 0.437500 0.472656 0.453125 0.472656 0.457031 0.476562 0.480469 0.476562 0.484375 0.472656 0.500000 0.472656 0.500000 0.468750 0.503906 0.464844 0.519531 0.464844 0.523438 0.468750 0.582031 0.468750 0.589844 0.460938 0.601562 0.460938 0.605469 0.457031 0.625000 0.457031 0.628906 0.460938 0.628906 0.464844 0.632812 0.468750 0.644531 0.468750 0.644531 0.457031 0.648438 0.453125 0.667969 0.453125 0.671875 0.457031 0.671875 0.464844 0.675781 0.464844 0.679688 0.468750 0.679688 0.472656 0.687500 0.472656 0.687500 0.464844 0.691406 0.460938 0.691406 0.449219 0.695312 0.445312 0.699219 0.445312 0.699219 0.437500 0.703125 0.433594 0.707031 0.433594 0.710938 0.429688 0.730469 0.429688 0.734375 0.433594 0.734375 0.445312 0.742188 0.445312 0.742188 0.437500 0.753906 0.425781 0.777344 0.425781 0.781250 0.429688 0.789062 0.429688 0.792969 0.425781 0.812500 0.425781 0.816406 0.429688 0.816406 0.453125 0.812500 0.457031 0.812500 0.468750 0.820312 0.468750 0.828125 0.460938 0.828125 0.437500 0.832031 0.433594 0.832031 0.425781 0.835938 0.421875 0.835938 0.402344 0.839844 0.398438 0.839844 0.390625 0.847656 0.382812 0.851562 0.382812 0.851562 0.375000 0.843750 0.375000 0.839844 0.378906 0.820312 0.378906 0.816406 0.375000 0.804688 0.375000 0.804688 0.382812 0.796875 0.390625 0.781250 0.390625 0.777344 0.386719 0.777344 0.382812 0.773438 0.382812 0.769531 0.378906 0.769531 0.375000
4 0.843750 0.312500 0.843750 0.324219 0.847656 0.328125 0.863281 0.328125 0.867188 0.332031 0.867188 0.339844 0.871094 0.339844 0.875000 0.343750 0.875000 0.347656 0.878906 0.347656 0.882812 0.351562 0.882812 0.355469 0.890625 0.363281 0.890625 0.375000 0.894531 0.378906 0.902344 0.378906 0.906250 0.375000 0.906250 0.367188 0.914062 0.359375 0.925781 0.359375 0.933594 0.351562 0.937500 0.351562 0.941406 0.347656 0.945312 0.347656 0.949219 0.343750 0.957031 0.343750 0.957031 0.335938 0.949219 0.328125 0.925781 0.328125 0.921875 0.332031 0.906250 0.332031 0.902344 0.328125 0.894531 0.328125 0.890625 0.324219 0.863281 0.324219 0.859375 0.320312 0.859375 0.316406 0.855469 0.312500
4 0.121094 0.273438 0.121094 0.277344 0.117188 0.281250 0.113281 0.281250 0.113281 0.289062 0.109375 0.292969 0.109375 0.308594 0.113281 0.312500 0.113281 0.316406 0.117188 0.320312 0.128906 0.320312 0.128906 0.308594 0.132812 0.304688 0.136719 0.304688 0.136719 0.285156 0.128906 0.277344 0.128906 0.273438
4 0.265625 0.222656 0.265625 0.230469 0.269531 0.234375 0.269531 0.238281 0.273438 0.238281 0.277344 0.242188 0.285156 0.242188 0.289062 0.246094 0.308594 0.246094 0.312500 0.250000 0.320312 0.250000 0.324219 0.246094 0.335938 0.246094 0.335938 0.234375 0.316406 0.234375 0.312500 0.230469 0.296875 0.230469 0.292969 0.226562 0.285156 0.226562 0.281250 0.222656
4 0.226562 0.207031 0.226562 0.218750 0.230469 0.222656 0.230469 0.226562 0.238281 0.226562 0.238281 0.207031
4 0.480469 0.191406 0.476562 0.195312 0.476562 0.199219 0.472656 0.203125 0.464844 0.203125 0.457031 0.210938 0.445312 0.210938 0.441406 0.214844 0.437500 0.214844 0.433594 0.218750 0.414062 0.218750 0.414062 0.222656 0.410156 0.226562 0.402344 0.226562 0.398438 0.230469 0.378906 0.230469 0.375000 0.234375 0.371094 0.234375 0.371094 0.246094 0.382812 0.246094 0.386719 0.242188 0.394531 0.242188 0.398438 0.238281 0.406250 0.238281 0.410156 0.234375 0.410156 0.230469 0.414062 0.226562 0.429688 0.226562 0.433594 0.230469 0.433594 0.234375 0.445312 0.234375 0.445312 0.230469 0.449219 0.226562 0.468750 0.226562 0.472656 0.222656 0.472656 0.218750 0.476562 0.214844 0.480469 0.214844 0.484375 0.210938 0.488281 0.210938 0.492188 0.207031 0.492188 0.203125 0.496094 0.199219 0.496094 0.191406
4 0.523438 0.160156 0.515625 0.167969 0.511719 0.167969 0.511719 0.187500 0.531250 0.187500 0.535156 0.191406 0.539062 0.191406 0.542969 0.195312 0.542969 0.230469 0.546875 0.234375 0.546875 0.238281 0.558594 0.238281 0.562500 0.234375 0.562500 0.230469 0.566406 0.226562 0.585938 0.226562 0.589844 0.230469 0.589844 0.238281 0.593750 0.242188 0.593750 0.246094 0.605469 0.246094 0.605469 0.226562 0.609375 0.222656 0.625000 0.222656 0.625000 0.214844 0.621094 0.210938 0.621094 0.195312 0.617188 0.195312 0.613281 0.191406 0.582031 0.191406 0.578125 0.187500 0.578125 0.183594 0.570312 0.183594 0.566406 0.187500 0.550781 0.187500 0.546875 0.183594 0.546875 0.179688 0.539062 0.179688 0.535156 0.175781 0.535156 0.160156
