4 0.261719 0.859375 0.261719 0.867188 0.265625 0.871094 0.265625 0.875000 0.269531 0.875000 0.273438 0.878906 0.273438 0.886719 0.277344 0.886719 0.281250 0.890625 0.281250 0.921875 0.285156 0.925781 0.285156 0.929688 0.289062 0.929688 0.292969 0.933594 0.292969 0.937500 0.300781 0.937500 0.304688 0.941406 0.328125 0.941406 0.332031 0.937500 0.343750 0.937500 0.343750 0.925781 0.339844 0.925781 0.335938 0.921875 0.304688 0.921875 0.292969 0.910156 0.292969 0.902344 0.285156 0.902344 0.281250 0.898438 0.281250 0.878906 0.277344 0.878906 0.273438 0.875000 0.273438 0.867188 0.269531 0.863281 0.269531 0.859375
4 0.074219 0.535156 0.074219 0.546875 0.085938 0.558594 0.093750 0.558594 0.093750 0.550781 0.085938 0.542969 0.085938 0.539062 0.082031 0.535156
4 0.078125 0.480469 0.078125 0.488281 0.085938 0.488281 0.085938 0.480469
4 0.093750 0.433594 0.093750 0.445312 0.101562 0.445312 0.101562 0.433594
4 0.851562 0.414062 0.851562 0.445312 0.847656 0.449219 0.828125 0.449219 0.828125 0.453125 0.820312 0.460938 0.816406 0.460938 0.816406 0.472656 0.832031 0.472656 0.835938 0.476562 0.843750 0.476562 0.847656 0.480469 0.847656 0.496094 0.855469 0.496094 0.859375 0.500000 0.859375 0.507812 0.867188 0.507812 0.867188 0.492188 0.871094 0.488281 0.875000 0.488281 0.875000 0.484375 0.878906 0.480469 0.878906 0.464844 0.882812 0.460938 0.882812 0.457031 0.886719 0.453125 0.890625 0.453125 0.890625 0.433594 0.878906 0.433594 0.871094 0.425781 0.871094 0.417969 0.867188 0.414062
4 0.312500 0.394531 0.308594 0.398438 0.308594 0.402344 0.304688 0.406250 0.300781 0.406250 0.300781 0.421875 0.308594 0.429688 0.308594 0.441406 0.312500 0.445312 0.312500 0.453125 0.320312 0.453125 0.320312 0.406250 0.324219 0.402344 0.324219 0.394531
4 0.761719 0.335938 0.761719 0.343750 0.765625 0.347656 0.765625 0.351562 0.769531 0.351562 0.773438 0.355469 0.773438 0.367188 0.777344 0.371094 0.777344 0.375000 0.781250 0.375000 0.785156 0.378906 0.792969 0.378906 0.792969 0.371094 0.781250 0.359375 0.781250 0.355469 0.777344 0.355469 0.773438 0.351562 0.773438 0.339844 0.769531 0.335938
4 0.199219 0.328125 0.183594 0.343750 0.171875 0.343750 0.164062 0.351562 0.160156 0.351562 0.160156 0.363281 0.175781 0.363281 0.179688 0.367188 0.187500 0.367188 0.191406 0.363281 0.195312 0.363281 0.195312 0.355469 0.199219 0.351562 0.199219 0.343750 0.203125 0.339844 0.207031 0.339844 0.207031 0.328125
4 0.210938 0.289062 0.210938 0.308594 0.218750 0.308594 0.218750 0.304688 0.222656 0.300781 0.222656 0.289062
4 0.406250 0.246094 0.398438 0.253906 0.398438 0.261719 0.406250 0.261719 0.414062 0.253906 0.417969 0.253906 0.417969 0.246094
4 0.628906 0.238281 0.628906 0.257812 0.632812 0.261719 0.632812 0.285156 0.628906 0.289062 0.628906 0.292969 0.621094 0.300781 0.621094 0.328125 0.613281 0.335938 0.605469 0.335938 0.601562 0.339844 0.582031 0.339844 0.582031 0.343750 0.578125 0.347656 0.574219 0.347656 0.570312 0.351562 0.554688 0.351562 0.546875 0.343750 0.546875 0.328125 0.539062 0.328125 0.535156 0.324219 0.535156 0.304688 0.527344 0.304688 0.527344 0.316406 0.531250 0.320312 0.531250 0.367188 0.550781 0.386719 0.550781 0.398438 0.558594 0.398438 0.566406 0.390625 0.578125 0.390625 0.578125 0.386719 0.585938 0.378906 0.589844 0.378906 0.593750 0.375000 0.613281 0.375000 0.617188 0.378906 0.617188 0.414062 0.613281 0.417969 0.613281 0.429688 0.632812 0.429688 0.636719 0.433594 0.636719 0.453125 0.632812 0.457031 0.632812 0.468750 0.628906 0.472656 0.628906 0.476562 0.621094 0.484375 0.613281 0.484375 0.605469 0.492188 0.589844 0.492188 0.585938 0.496094 0.550781 0.496094 0.546875 0.500000 0.542969 0.500000 0.539062 0.503906 0.535156 0.503906 0.535156 0.507812 0.527344 0.515625 0.519531 0.515625 0.511719 0.523438 0.500000 0.523438 0.500000 0.527344 0.496094 0.531250 0.472656 0.531250 0.464844 0.523438 0.464844 0.515625 0.453125 0.515625 0.453125 0.519531 0.449219 0.523438 0.437500 0.523438 0.433594 0.527344 0.425781 0.527344 0.421875 0.531250 0.421875 0.535156 0.417969 0.539062 0.410156 0.539062 0.410156 0.542969 0.402344 0.550781 0.371094 0.550781 0.367188 0.546875 0.367188 0.523438 0.371094 0.519531 0.375000 0.519531 0.378906 0.515625 0.386719 0.515625 0.386719 0.496094 0.382812 0.492188 0.382812 0.472656 0.386719 0.468750 0.398438 0.468750 0.402344 0.464844 0.402344 0.453125 0.406250 0.449219 0.406250 0.441406 0.398438 0.441406 0.394531 0.445312 0.390625 0.445312 0.390625 0.449219 0.375000 0.464844 0.375000 0.480469 0.371094 0.484375 0.363281 0.484375 0.359375 0.488281 0.359375 0.507812 0.355469 0.511719 0.347656 0.511719 0.343750 0.515625 0.316406 0.515625 0.316406 0.535156 0.312500 0.539062 0.281250 0.539062 0.277344 0.542969 0.277344 0.554688 0.273438 0.558594 0.265625 0.558594 0.261719 0.562500 0.246094 0.562500 0.242188 0.558594 0.242188 0.554688 0.238281 0.550781 0.222656 0.550781 0.218750 0.546875 0.218750 0.527344 0.222656 0.523438 0.226562 0.523438 0.226562 0.519531 0.230469 0.515625 0.238281 0.515625 0.242188 0.511719 0.242188 0.492188 0.250000 0.484375 0.277344 0.484375 0.277344 0.472656 0.273438 0.472656 0.269531 0.468750 0.269531 0.464844 0.226562 0.464844 0.222656 0.460938 0.222656 0.453125 0.218750 0.449219 0.218750 0.441406 0.214844 0.441406 0.210938 0.437500 0.210938 0.433594 0.203125 0.433594 0.199219 0.437500 0.199219 0.449219 0.203125 0.449219 0.210938 0.457031 0.210938 0.460938 0.214844 0.460938 0.218750 0.464844 0.218750 0.496094 0.214844 0.500000 0.210938 0.500000 0.210938 0.515625 0.207031 0.519531 0.187500 0.519531 0.183594 0.523438 0.179688 0.523438 0.175781 0.527344 0.167969 0.527344 0.167969 0.546875 0.164062 0.550781 0.164062 0.570312 0.195312 0.570312 0.199219 0.574219 0.199219 0.578125 0.218750 0.578125 0.226562 0.585938 0.234375 0.585938 0.238281 0.582031 0.257812 0.582031 0.261719 0.585938 0.261719 0.589844 0.269531 0.589844 0.269531 0.570312 0.273438 0.566406 0.312500 0.566406 0.316406 0.570312 0.316406 0.578125 0.324219 0.578125 0.324219 0.570312 0.328125 0.566406 0.343750 0.566406 0.351562 0.574219 0.351562 0.578125 0.355469 0.578125 0.359375 0.582031 0.359375 0.613281 0.363281 0.613281 0.367188 0.617188 0.367188 0.621094 0.371094 0.621094 0.375000 0.625000 0.375000 0.628906 0.378906 0.632812 0.378906 0.636719 0.382812 0.640625 0.382812 0.644531 0.386719 0.648438 0.386719 0.652344 0.390625 0.652344 0.398438 0.660156 0.398438 0.667969 0.402344 0.671875 0.410156 0.671875 0.414062 0.675781 0.414062 0.679688 0.421875 0.679688 0.425781 0.683594 0.425781 0.687500 0.429688 0.691406 0.437500 0.691406 0.445312 0.699219 0.445312 0.714844 0.460938 0.714844 0.464844 0.718750 0.476562 0.718750 0.480469 0.722656 0.484375 0.722656 0.488281 0.726562 0.488281 0.734375 0.492188 0.734375 0.496094 0.738281 0.496094 0.753906 0.492188 0.757812 0.484375 0.757812 0.484375 0.781250 0.480469 0.785156 0.472656 0.785156 0.472656 0.789062 0.468750 0.792969 0.468750 0.800781 0.464844 0.804688 0.445312 0.804688 0.437500 0.796875 0.437500 0.781250 0.425781 0.781250 0.425781 0.792969 0.421875 0.796875 0.410156 0.796875 0.406250 0.800781 0.394531 0.800781 0.390625 0.804688 0.363281 0.804688 0.359375 0.800781 0.359375 0.769531 0.355469 0.769531 0.343750 0.757812 0.335938 0.757812 0.332031 0.753906 0.332031 0.738281 0.320312 0.738281 0.316406 0.734375 0.316406 0.726562 0.308594 0.726562 0.304688 0.722656 0.304688 0.695312 0.285156 0.695312 0.281250 0.691406 0.273438 0.691406 0.273438 0.703125 0.269531 0.707031 0.269531 0.722656 0.265625 0.726562 0.265625 0.742188 0.285156 0.742188 0.289062 0.746094 0.289062 0.761719 0.292969 0.761719 0.296875 0.765625 0.300781 0.765625 0.304688 0.769531 0.304688 0.789062 0.312500 0.789062 0.320312 0.796875 0.332031 0.796875 0.335938 0.800781 0.335938 0.824219 0.332031 0.828125 0.332031 0.839844 0.339844 0.839844 0.343750 0.843750 0.343750 0.867188 0.351562 0.867188 0.355469 0.871094 0.355469 0.894531 0.367188 0.894531 0.367188 0.878906 0.363281 0.875000 0.363281 0.835938 0.367188 0.832031 0.386719 0.832031 0.390625 0.835938 0.390625 0.839844 0.398438 0.839844 0.402344 0.843750 0.414062 0.843750 0.417969 0.839844 0.425781 0.839844 0.425781 0.835938 0.429688 0.832031 0.433594 0.832031 0.441406 0.824219 0.445312 0.824219 0.453125 0.816406 0.453125 0.812500 0.457031 0.808594 0.480469 0.808594 0.480469 0.800781 0.488281 0.792969 0.492188 0.792969 0.496094 0.789062 0.500000 0.789062 0.503906 0.785156 0.527344 0.785156 0.531250 0.781250 0.539062 0.781250 0.542969 0.777344 0.550781 0.777344 0.550781 0.773438 0.562500 0.761719 0.566406 0.761719 0.574219 0.753906 0.574219 0.746094 0.578125 0.742188 0.582031 0.742188 0.585938 0.738281 0.609375 0.738281 0.609375 0.734375 0.613281 0.730469 0.628906 0.730469 0.632812 0.726562 0.636719 0.726562 0.640625 0.722656 0.644531 0.722656 0.648438 0.718750 0.671875 0.718750 0.675781 0.714844 0.687500 0.714844 0.687500 0.710938 0.691406 0.707031 0.710938 0.707031 0.714844 0.703125 0.730469 0.703125 0.730469 0.695312 0.734375 0.691406 0.742188 0.691406 0.746094 0.687500 0.750000 0.687500 0.757812 0.679688 0.757812 0.675781 0.765625 0.667969 0.765625 0.664062 0.769531 0.660156 0.773438 0.660156 0.785156 0.648438 0.789062 0.648438 0.800781 0.636719 0.800781 0.625000 0.804688 0.621094 0.808594 0.621094 0.808594 0.605469 0.812500 0.601562 0.812500 0.597656 0.820312 0.589844 0.835938 0.589844 0.835938 0.582031 0.839844 0.578125 0.839844 0.574219 0.843750 0.570312 0.843750 0.558594 0.835938 0.558594 0.835938 0.562500 0.832031 0.566406 0.804688 0.566406 0.800781 0.562500 0.800781 0.558594 0.796875 0.554688 0.796875 0.539062 0.800781 0.535156 0.804688 0.535156 0.804688 0.527344 0.796875 0.527344 0.796875 0.542969 0.792969 0.546875 0.789062 0.546875 0.789062 0.554688 0.785156 0.558594 0.777344 0.558594 0.777344 0.570312 0.781250 0.574219 0.781250 0.589844 0.785156 0.589844 0.789062 0.593750 0.789062 0.605469 0.792969 0.609375 0.792969 0.625000 0.785156 0.632812 0.742188 0.632812 0.738281 0.628906 0.734375 0.628906 0.730469 0.625000 0.726562 0.625000 0.722656 0.621094 0.722656 0.617188 0.699219 0.617188 0.695312 0.613281 0.695312 0.597656 0.691406 0.593750 0.691406 0.585938 0.687500 0.582031 0.687500 0.554688 0.691406 0.550781 0.695312 0.550781 0.699219 0.546875 0.703125 0.546875 0.703125 0.519531 0.707031 0.515625 0.707031 0.511719 0.710938 0.507812 0.718750 0.507812 0.718750 0.496094 0.722656 0.492188 0.722656 0.468750 0.726562 0.464844 0.734375 0.464844 0.734375 0.437500 0.738281 0.433594 0.753906 0.433594 0.757812 0.437500 0.757812 0.441406 0.761719 0.445312 0.761719 0.453125 0.769531 0.453125 0.769531 0.433594 0.765625 0.433594 0.761719 0.429688 0.761719 0.417969 0.750000 0.417969 0.746094 0.414062 0.746094 0.410156 0.742188 0.410156 0.738281 0.406250 0.726562 0.406250 0.718750 0.414062 0.718750 0.421875 0.722656 0.425781 0.722656 0.429688 0.726562 0.429688 0.730469 0.433594 0.730469 0.449219 0.726562 0.453125 0.718750 0.453125 0.718750 0.480469 0.714844 0.484375 0.710938 0.484375 0.710938 0.488281 0.707031 0.492188 0.679688 0.492188 0.679688 0.496094 0.675781 0.500000 0.656250 0.500000 0.652344 0.496094 0.652344 0.472656 0.648438 0.468750 0.648438 0.453125 0.656250 0.445312 0.656250 0.433594 0.660156 0.429688 0.660156 0.421875 0.667969 0.414062 0.667969 0.402344 0.671875 0.398438 0.675781 0.398438 0.675781 0.386719 0.671875 0.386719 0.664062 0.378906 0.664062 0.343750 0.675781 0.332031 0.675781 0.316406 0.679688 0.312500 0.679688 0.277344 0.683594 0.273438 0.683594 0.269531 0.687500 0.265625 0.687500 0.261719 0.691406 0.257812 0.710938 0.257812 0.710938 0.250000 0.703125 0.250000 0.703125 0.253906 0.699219 0.257812 0.683594 0.257812 0.679688 0.253906 0.660156 0.253906 0.652344 0.246094 0.640625 0.246094 0.636719 0.242188 0.636719 0.238281
4 0.503906 0.218750 0.500000 0.222656 0.496094 0.222656 0.496094 0.226562 0.492188 0.230469 0.472656 0.230469 0.472656 0.238281 0.468750 0.242188 0.441406 0.242188 0.441406 0.253906 0.457031 0.253906 0.457031 0.246094 0.460938 0.242188 0.484375 0.242188 0.488281 0.238281 0.492188 0.238281 0.496094 0.234375 0.503906 0.234375 0.503906 0.230469 0.507812 0.226562 0.511719 0.226562 0.511719 0.218750
