4 0.367188 0.871094 0.367188 0.882812 0.371094 0.882812 0.386719 0.898438 0.386719 0.902344 0.394531 0.910156 0.398438 0.910156 0.402344 0.914062 0.402344 0.921875 0.414062 0.921875 0.414062 0.914062 0.406250 0.914062 0.402344 0.910156 0.402344 0.902344 0.390625 0.890625 0.390625 0.886719 0.386719 0.882812 0.386719 0.878906 0.378906 0.871094
4 0.601562 0.742188 0.601562 0.750000 0.609375 0.750000 0.609375 0.742188
4 0.542969 0.695312 0.539062 0.699219 0.539062 0.710938 0.542969 0.714844 0.558594 0.714844 0.562500 0.718750 0.562500 0.722656 0.566406 0.726562 0.566406 0.730469 0.574219 0.730469 0.582031 0.738281 0.589844 0.738281 0.589844 0.730469 0.585938 0.726562 0.585938 0.718750 0.578125 0.718750 0.574219 0.714844 0.566406 0.714844 0.562500 0.710938 0.562500 0.695312
4 0.636719 0.667969 0.632812 0.671875 0.632812 0.679688 0.636719 0.683594 0.636719 0.699219 0.640625 0.703125 0.656250 0.703125 0.656250 0.679688 0.652344 0.675781 0.648438 0.675781 0.644531 0.671875 0.644531 0.667969
4 0.621094 0.585938 0.621094 0.589844 0.617188 0.593750 0.617188 0.601562 0.648438 0.601562 0.660156 0.613281 0.660156 0.632812 0.679688 0.632812 0.683594 0.636719 0.683594 0.656250 0.691406 0.656250 0.695312 0.660156 0.695312 0.695312 0.691406 0.699219 0.679688 0.699219 0.679688 0.707031 0.675781 0.710938 0.660156 0.710938 0.660156 0.726562 0.675781 0.726562 0.675781 0.714844 0.679688 0.710938 0.707031 0.710938 0.707031 0.691406 0.710938 0.687500 0.718750 0.687500 0.718750 0.660156 0.722656 0.656250 0.726562 0.656250 0.726562 0.648438 0.718750 0.648438 0.714844 0.644531 0.714844 0.625000 0.707031 0.625000 0.703125 0.621094 0.703125 0.609375 0.699219 0.609375 0.695312 0.605469 0.695312 0.589844 0.656250 0.589844 0.652344 0.593750 0.636719 0.593750 0.628906 0.585938
4 0.500000 0.574219 0.496094 0.578125 0.484375 0.578125 0.484375 0.605469 0.480469 0.609375 0.472656 0.609375 0.472656 0.632812 0.476562 0.636719 0.476562 0.644531 0.480469 0.644531 0.484375 0.648438 0.484375 0.671875 0.492188 0.671875 0.492188 0.667969 0.496094 0.664062 0.496094 0.648438 0.500000 0.644531 0.500000 0.628906 0.503906 0.625000 0.503906 0.621094 0.507812 0.617188 0.527344 0.617188 0.527344 0.609375 0.523438 0.609375 0.515625 0.601562 0.515625 0.597656 0.511719 0.597656 0.507812 0.593750 0.507812 0.574219
4 0.820312 0.562500 0.816406 0.566406 0.816406 0.582031 0.820312 0.585938 0.820312 0.589844 0.824219 0.593750 0.832031 0.593750 0.832031 0.582031 0.835938 0.578125 0.835938 0.562500
4 0.707031 0.558594 0.707031 0.566406 0.714844 0.566406 0.714844 0.558594
4 0.527344 0.554688 0.523438 0.558594 0.515625 0.558594 0.515625 0.566406 0.566406 0.566406 0.566406 0.558594 0.558594 0.558594 0.554688 0.554688
4 0.472656 0.523438 0.472656 0.550781 0.480469 0.550781 0.480469 0.523438
4 0.480469 0.417969 0.480469 0.449219 0.476562 0.453125 0.457031 0.453125 0.457031 0.480469 0.464844 0.480469 0.464844 0.476562 0.468750 0.472656 0.492188 0.472656 0.492188 0.425781 0.488281 0.421875 0.488281 0.417969
4 0.484375 0.371094 0.480469 0.375000 0.480469 0.394531 0.492188 0.394531 0.492188 0.382812 0.496094 0.378906 0.496094 0.371094
4 0.902344 0.339844 0.898438 0.343750 0.898438 0.378906 0.894531 0.382812 0.894531 0.386719 0.890625 0.390625 0.890625 0.417969 0.886719 0.421875 0.886719 0.437500 0.882812 0.441406 0.882812 0.449219 0.878906 0.453125 0.878906 0.460938 0.875000 0.464844 0.875000 0.476562 0.871094 0.480469 0.871094 0.500000 0.867188 0.503906 0.863281 0.503906 0.863281 0.519531 0.871094 0.519531 0.871094 0.515625 0.875000 0.511719 0.875000 0.492188 0.878906 0.488281 0.878906 0.480469 0.882812 0.476562 0.882812 0.464844 0.886719 0.460938 0.886719 0.453125 0.890625 0.449219 0.890625 0.441406 0.894531 0.437500 0.894531 0.433594 0.898438 0.429688 0.898438 0.421875 0.902344 0.417969 0.902344 0.398438 0.906250 0.394531 0.906250 0.390625 0.910156 0.386719 0.910156 0.378906 0.914062 0.375000 0.914062 0.347656 0.910156 0.343750 0.910156 0.339844
4 0.472656 0.214844 0.472656 0.238281 0.468750 0.242188 0.460938 0.242188 0.460938 0.250000 0.457031 0.253906 0.457031 0.265625 0.453125 0.269531 0.453125 0.273438 0.449219 0.277344 0.449219 0.285156 0.453125 0.289062 0.460938 0.289062 0.460938 0.285156 0.464844 0.281250 0.464844 0.273438 0.468750 0.269531 0.472656 0.269531 0.472656 0.265625 0.476562 0.261719 0.484375 0.261719 0.484375 0.230469 0.488281 0.226562 0.488281 0.214844
4 0.714844 0.199219 0.710938 0.203125 0.710938 0.214844 0.714844 0.218750 0.714844 0.234375 0.718750 0.238281 0.718750 0.242188 0.730469 0.242188 0.734375 0.246094 0.742188 0.246094 0.742188 0.234375 0.746094 0.230469 0.746094 0.222656 0.742188 0.218750 0.742188 0.207031 0.730469 0.207031 0.722656 0.199219
4 0.472656 0.183594 0.472656 0.191406 0.480469 0.191406 0.480469 0.183594
4 0.667969 0.039062 0.667969 0.042969 0.660156 0.050781 0.656250 0.050781 0.656250 0.062500 0.691406 0.062500 0.691406 0.054688 0.687500 0.050781 0.687500 0.046875 0.683594 0.046875 0.679688 0.042969 0.679688 0.039062
4 0.472656 0.039062 0.472656 0.042969 0.468750 0.046875 0.468750 0.078125 0.464844 0.082031 0.460938 0.082031 0.460938 0.097656 0.464844 0.101562 0.464844 0.121094 0.460938 0.125000 0.460938 0.136719 0.457031 0.140625 0.457031 0.160156 0.464844 0.160156 0.464844 0.148438 0.468750 0.144531 0.468750 0.125000 0.472656 0.121094 0.492188 0.121094 0.492188 0.113281 0.484375 0.105469 0.484375 0.089844 0.480469 0.085938 0.480469 0.039062
4 0.753906 0.023438 0.746094 0.031250 0.746094 0.046875 0.750000 0.046875 0.757812 0.054688 0.757812 0.062500 0.769531 0.062500 0.773438 0.058594 0.777344 0.058594 0.777344 0.054688 0.781250 0.050781 0.785156 0.050781 0.785156 0.042969 0.777344 0.042969 0.769531 0.035156 0.769531 0.023438
4 0.691406 0.011719 0.691406 0.023438 0.699219 0.023438 0.699219 0.011719
