4 0.773438 0.886719 0.773438 0.894531 0.769531 0.898438 0.761719 0.898438 0.761719 0.937500 0.816406 0.937500 0.820312 0.933594 0.820312 0.925781 0.824219 0.921875 0.824219 0.902344 0.828125 0.898438 0.828125 0.890625 0.820312 0.890625 0.820312 0.906250 0.812500 0.914062 0.789062 0.914062 0.785156 0.910156 0.785156 0.894531 0.781250 0.890625 0.781250 0.886719
4 0.707031 0.855469 0.707031 0.859375 0.699219 0.867188 0.695312 0.867188 0.691406 0.871094 0.664062 0.871094 0.660156 0.867188 0.656250 0.867188 0.652344 0.863281 0.644531 0.863281 0.644531 0.878906 0.656250 0.878906 0.660156 0.882812 0.671875 0.882812 0.675781 0.886719 0.683594 0.886719 0.687500 0.890625 0.695312 0.890625 0.699219 0.894531 0.710938 0.894531 0.714844 0.890625 0.726562 0.890625 0.726562 0.875000 0.722656 0.871094 0.722656 0.867188 0.714844 0.859375 0.714844 0.855469
4 0.542969 0.812500 0.542969 0.816406 0.539062 0.820312 0.527344 0.820312 0.527344 0.828125 0.531250 0.832031 0.558594 0.832031 0.558594 0.824219 0.550781 0.816406 0.550781 0.812500
4 0.507812 0.792969 0.507812 0.800781 0.515625 0.800781 0.515625 0.792969
4 0.460938 0.769531 0.460938 0.781250 0.468750 0.781250 0.472656 0.777344 0.472656 0.769531
4 0.546875 0.757812 0.542969 0.761719 0.527344 0.761719 0.527344 0.769531 0.531250 0.773438 0.531250 0.781250 0.535156 0.781250 0.542969 0.789062 0.550781 0.789062 0.550781 0.773438 0.554688 0.769531 0.558594 0.769531 0.558594 0.761719 0.554688 0.757812
4 0.414062 0.722656 0.414062 0.730469 0.417969 0.730469 0.421875 0.734375 0.421875 0.742188 0.433594 0.753906 0.433594 0.761719 0.437500 0.761719 0.441406 0.765625 0.453125 0.765625 0.453125 0.746094 0.457031 0.742188 0.472656 0.742188 0.480469 0.750000 0.480469 0.761719 0.496094 0.761719 0.500000 0.757812 0.503906 0.757812 0.503906 0.746094 0.500000 0.746094 0.496094 0.742188 0.496094 0.738281 0.488281 0.738281 0.484375 0.734375 0.484375 0.726562 0.472656 0.726562 0.468750 0.730469 0.460938 0.730469 0.460938 0.734375 0.457031 0.738281 0.441406 0.738281 0.437500 0.734375 0.425781 0.734375 0.421875 0.730469 0.421875 0.722656
4 0.394531 0.683594 0.390625 0.687500 0.386719 0.687500 0.386719 0.695312 0.390625 0.699219 0.402344 0.699219 0.402344 0.683594
4 0.550781 0.664062 0.550781 0.671875 0.546875 0.675781 0.531250 0.675781 0.531250 0.687500 0.562500 0.687500 0.566406 0.691406 0.566406 0.695312 0.605469 0.695312 0.605469 0.683594 0.585938 0.683594 0.582031 0.679688 0.582031 0.675781 0.570312 0.675781 0.562500 0.667969 0.562500 0.664062
4 0.765625 0.652344 0.765625 0.656250 0.757812 0.664062 0.757812 0.679688 0.765625 0.679688 0.773438 0.687500 0.777344 0.687500 0.781250 0.691406 0.792969 0.691406 0.792969 0.671875 0.796875 0.667969 0.800781 0.667969 0.800781 0.656250 0.785156 0.656250 0.781250 0.652344
4 0.718750 0.636719 0.718750 0.652344 0.722656 0.656250 0.730469 0.656250 0.730469 0.648438 0.726562 0.644531 0.726562 0.636719
4 0.722656 0.597656 0.722656 0.605469 0.730469 0.605469 0.730469 0.597656
4 0.347656 0.574219 0.339844 0.582031 0.339844 0.589844 0.328125 0.601562 0.324219 0.601562 0.324219 0.617188 0.328125 0.621094 0.335938 0.621094 0.339844 0.625000 0.339844 0.632812 0.347656 0.632812 0.347656 0.617188 0.355469 0.609375 0.363281 0.609375 0.363281 0.593750 0.359375 0.589844 0.359375 0.574219
4 0.378906 0.542969 0.375000 0.546875 0.375000 0.562500 0.378906 0.562500 0.382812 0.566406 0.382812 0.574219 0.402344 0.574219 0.406250 0.578125 0.406250 0.582031 0.421875 0.582031 0.421875 0.578125 0.425781 0.574219 0.425781 0.554688 0.421875 0.550781 0.406250 0.550781 0.398438 0.542969
4 0.722656 0.539062 0.722656 0.550781 0.730469 0.550781 0.730469 0.539062
4 0.234375 0.500000 0.234375 0.507812 0.238281 0.507812 0.242188 0.511719 0.242188 0.539062 0.246094 0.539062 0.250000 0.542969 0.250000 0.546875 0.253906 0.550781 0.265625 0.550781 0.265625 0.523438 0.257812 0.523438 0.253906 0.519531 0.246094 0.519531 0.242188 0.515625 0.242188 0.500000
4 0.347656 0.492188 0.347656 0.500000 0.351562 0.503906 0.351562 0.507812 0.363281 0.519531 0.363281 0.523438 0.371094 0.523438 0.371094 0.519531 0.375000 0.515625 0.375000 0.507812 0.371094 0.503906 0.371094 0.496094 0.367188 0.492188
4 0.628906 0.468750 0.628906 0.472656 0.625000 0.476562 0.621094 0.476562 0.617188 0.480469 0.609375 0.480469 0.601562 0.488281 0.601562 0.500000 0.605469 0.503906 0.632812 0.503906 0.636719 0.500000 0.636719 0.492188 0.640625 0.488281 0.644531 0.488281 0.644531 0.480469 0.636719 0.472656 0.636719 0.468750
4 0.437500 0.312500 0.437500 0.324219 0.445312 0.324219 0.445312 0.312500
4 0.273438 0.312500 0.273438 0.320312 0.281250 0.328125 0.281250 0.335938 0.285156 0.335938 0.289062 0.339844 0.289062 0.343750 0.292969 0.347656 0.292969 0.351562 0.300781 0.351562 0.304688 0.355469 0.304688 0.363281 0.312500 0.363281 0.312500 0.351562 0.304688 0.351562 0.300781 0.347656 0.300781 0.343750 0.296875 0.339844 0.296875 0.335938 0.292969 0.332031 0.292969 0.328125 0.289062 0.324219 0.289062 0.320312 0.285156 0.316406 0.285156 0.312500
4 0.351562 0.289062 0.351562 0.300781 0.371094 0.300781 0.371094 0.289062
4 0.656250 0.285156 0.656250 0.308594 0.660156 0.308594 0.664062 0.312500 0.664062 0.316406 0.675781 0.316406 0.683594 0.324219 0.683594 0.328125 0.695312 0.328125 0.695312 0.316406 0.691406 0.312500 0.691406 0.292969 0.683594 0.292969 0.679688 0.289062 0.667969 0.289062 0.664062 0.285156
4 0.648438 0.234375 0.648438 0.238281 0.644531 0.242188 0.644531 0.250000 0.648438 0.253906 0.648438 0.257812 0.660156 0.257812 0.660156 0.234375
4 0.316406 0.230469 0.316406 0.250000 0.320312 0.253906 0.320312 0.257812 0.324219 0.261719 0.324219 0.269531 0.335938 0.269531 0.335938 0.253906 0.339844 0.250000 0.339844 0.238281 0.335938 0.238281 0.332031 0.234375 0.332031 0.230469
4 0.296875 0.214844 0.296875 0.222656 0.300781 0.226562 0.308594 0.226562 0.308594 0.218750 0.304688 0.214844
4 0.191406 0.203125 0.191406 0.210938 0.187500 0.214844 0.187500 0.312500 0.191406 0.316406 0.191406 0.335938 0.199219 0.335938 0.203125 0.339844 0.203125 0.367188 0.207031 0.371094 0.207031 0.421875 0.199219 0.429688 0.187500 0.429688 0.187500 0.437500 0.191406 0.437500 0.195312 0.441406 0.210938 0.441406 0.214844 0.445312 0.214844 0.472656 0.218750 0.476562 0.218750 0.480469 0.226562 0.480469 0.226562 0.472656 0.222656 0.468750 0.222656 0.453125 0.226562 0.449219 0.230469 0.449219 0.230469 0.441406 0.218750 0.441406 0.214844 0.437500 0.214844 0.421875 0.218750 0.417969 0.218750 0.402344 0.222656 0.398438 0.222656 0.359375 0.218750 0.359375 0.214844 0.355469 0.214844 0.343750 0.210938 0.339844 0.210938 0.320312 0.207031 0.316406 0.207031 0.312500 0.203125 0.308594 0.203125 0.289062 0.199219 0.285156 0.199219 0.265625 0.195312 0.261719 0.195312 0.242188 0.199219 0.238281 0.199219 0.203125
4 0.375000 0.167969 0.371094 0.171875 0.335938 0.171875 0.335938 0.179688 0.332031 0.183594 0.328125 0.183594 0.328125 0.191406 0.332031 0.191406 0.335938 0.195312 0.339844 0.195312 0.343750 0.199219 0.343750 0.203125 0.347656 0.207031 0.347656 0.210938 0.351562 0.210938 0.355469 0.214844 0.355469 0.222656 0.359375 0.222656 0.363281 0.226562 0.367188 0.226562 0.371094 0.230469 0.371094 0.246094 0.382812 0.246094 0.386719 0.250000 0.386719 0.253906 0.402344 0.269531 0.402344 0.277344 0.406250 0.281250 0.417969 0.281250 0.417969 0.269531 0.414062 0.265625 0.410156 0.265625 0.406250 0.261719 0.406250 0.253906 0.402344 0.250000 0.402344 0.246094 0.390625 0.246094 0.386719 0.242188 0.386719 0.238281 0.378906 0.230469 0.378906 0.226562 0.375000 0.226562 0.371094 0.222656 0.371094 0.218750 0.367188 0.214844 0.367188 0.191406 0.371094 0.187500 0.386719 0.187500 0.386719 0.179688 0.382812 0.175781 0.382812 0.167969
4 0.406250 0.156250 0.406250 0.171875 0.414062 0.179688 0.429688 0.179688 0.433594 0.183594 0.433594 0.207031 0.453125 0.207031 0.453125 0.203125 0.457031 0.199219 0.472656 0.199219 0.476562 0.203125 0.476562 0.207031 0.480469 0.210938 0.480469 0.226562 0.476562 0.230469 0.476562 0.242188 0.480469 0.246094 0.484375 0.246094 0.492188 0.253906 0.492188 0.265625 0.496094 0.265625 0.500000 0.269531 0.500000 0.316406 0.503906 0.320312 0.503906 0.324219 0.507812 0.324219 0.511719 0.328125 0.511719 0.347656 0.507812 0.351562 0.484375 0.351562 0.480469 0.347656 0.480469 0.343750 0.476562 0.339844 0.476562 0.335938 0.449219 0.335938 0.449219 0.343750 0.445312 0.347656 0.437500 0.347656 0.437500 0.355469 0.433594 0.359375 0.417969 0.359375 0.414062 0.355469 0.414062 0.351562 0.410156 0.347656 0.410156 0.324219 0.398438 0.324219 0.398438 0.343750 0.394531 0.347656 0.394531 0.375000 0.425781 0.375000 0.425781 0.367188 0.429688 0.363281 0.457031 0.363281 0.468750 0.375000 0.472656 0.375000 0.476562 0.378906 0.476562 0.382812 0.496094 0.402344 0.500000 0.402344 0.503906 0.406250 0.503906 0.414062 0.507812 0.417969 0.507812 0.421875 0.515625 0.429688 0.515625 0.433594 0.519531 0.437500 0.519531 0.441406 0.527344 0.449219 0.527344 0.453125 0.531250 0.457031 0.531250 0.460938 0.535156 0.460938 0.539062 0.464844 0.539062 0.472656 0.542969 0.476562 0.546875 0.476562 0.550781 0.480469 0.550781 0.496094 0.554688 0.500000 0.554688 0.511719 0.558594 0.511719 0.562500 0.515625 0.562500 0.519531 0.566406 0.523438 0.566406 0.527344 0.570312 0.531250 0.570312 0.535156 0.578125 0.542969 0.578125 0.554688 0.582031 0.558594 0.585938 0.558594 0.589844 0.562500 0.589844 0.566406 0.593750 0.570312 0.593750 0.574219 0.597656 0.578125 0.597656 0.582031 0.601562 0.585938 0.601562 0.589844 0.609375 0.597656 0.609375 0.601562 0.617188 0.609375 0.617188 0.613281 0.625000 0.621094 0.625000 0.625000 0.628906 0.628906 0.628906 0.636719 0.632812 0.640625 0.632812 0.644531 0.636719 0.644531 0.640625 0.648438 0.640625 0.652344 0.644531 0.656250 0.644531 0.660156 0.648438 0.664062 0.648438 0.671875 0.652344 0.675781 0.652344 0.691406 0.660156 0.699219 0.660156 0.714844 0.675781 0.714844 0.675781 0.703125 0.667969 0.695312 0.667969 0.671875 0.664062 0.671875 0.660156 0.667969 0.660156 0.652344 0.656250 0.648438 0.656250 0.644531 0.652344 0.640625 0.652344 0.621094 0.636719 0.605469 0.636719 0.597656 0.628906 0.597656 0.625000 0.593750 0.625000 0.589844 0.621094 0.585938 0.621094 0.578125 0.617188 0.574219 0.617188 0.570312 0.609375 0.562500 0.609375 0.554688 0.605469 0.550781 0.597656 0.550781 0.589844 0.542969 0.589844 0.535156 0.585938 0.535156 0.582031 0.531250 0.582031 0.519531 0.578125 0.519531 0.574219 0.515625 0.574219 0.507812 0.570312 0.507812 0.566406 0.503906 0.566406 0.492188 0.562500 0.492188 0.558594 0.488281 0.554688 0.488281 0.550781 0.484375 0.550781 0.445312 0.554688 0.441406 0.558594 0.441406 0.558594 0.421875 0.562500 0.417969 0.562500 0.410156 0.570312 0.402344 0.570312 0.394531 0.574219 0.390625 0.582031 0.390625 0.582031 0.386719 0.585938 0.382812 0.613281 0.382812 0.613281 0.367188 0.601562 0.367188 0.597656 0.363281 0.597656 0.355469 0.593750 0.351562 0.593750 0.343750 0.589844 0.343750 0.585938 0.339844 0.585938 0.335938 0.574219 0.335938 0.570312 0.339844 0.554688 0.339844 0.550781 0.335938 0.550781 0.332031 0.542969 0.324219 0.542969 0.316406 0.527344 0.316406 0.523438 0.312500 0.523438 0.289062 0.515625 0.289062 0.511719 0.285156 0.511719 0.281250 0.507812 0.277344 0.507812 0.250000 0.511719 0.246094 0.511719 0.238281 0.507812 0.238281 0.503906 0.234375 0.503906 0.226562 0.500000 0.226562 0.496094 0.222656 0.492188 0.222656 0.488281 0.218750 0.488281 0.203125 0.484375 0.199219 0.480469 0.199219 0.476562 0.195312 0.476562 0.191406 0.464844 0.191406 0.460938 0.187500 0.460938 0.179688 0.457031 0.175781 0.449219 0.175781 0.437500 0.164062 0.433594 0.164062 0.429688 0.160156 0.425781 0.160156 0.421875 0.156250
4 0.210938 0.062500 0.207031 0.066406 0.203125 0.066406 0.203125 0.074219 0.199219 0.078125 0.199219 0.085938 0.203125 0.089844 0.203125 0.093750 0.207031 0.097656 0.207031 0.136719 0.203125 0.140625 0.203125 0.152344 0.214844 0.152344 0.226562 0.140625 0.246094 0.140625 0.250000 0.144531 0.250000 0.152344 0.253906 0.156250 0.253906 0.175781 0.277344 0.175781 0.281250 0.179688 0.281250 0.199219 0.292969 0.199219 0.292969 0.183594 0.285156 0.183594 0.281250 0.179688 0.281250 0.160156 0.277344 0.160156 0.269531 0.152344 0.269531 0.148438 0.265625 0.148438 0.253906 0.136719 0.253906 0.132812 0.250000 0.132812 0.234375 0.117188 0.234375 0.093750 0.226562 0.085938 0.226562 0.074219 0.218750 0.066406 0.218750 0.062500
