4 0.476562 0.800781 0.476562 0.804688 0.472656 0.808594 0.464844 0.808594 0.464844 0.816406 0.460938 0.820312 0.445312 0.820312 0.441406 0.824219 0.437500 0.824219 0.437500 0.832031 0.453125 0.832031 0.457031 0.835938 0.464844 0.835938 0.468750 0.832031 0.488281 0.832031 0.488281 0.816406 0.484375 0.812500 0.484375 0.800781
4 0.191406 0.785156 0.191406 0.789062 0.183594 0.796875 0.167969 0.796875 0.167969 0.804688 0.171875 0.808594 0.179688 0.808594 0.183594 0.804688 0.199219 0.804688 0.203125 0.808594 0.222656 0.808594 0.226562 0.812500 0.234375 0.812500 0.234375 0.808594 0.238281 0.804688 0.265625 0.804688 0.265625 0.796875 0.238281 0.796875 0.234375 0.792969 0.234375 0.789062 0.210938 0.789062 0.207031 0.785156
4 0.667969 0.746094 0.667969 0.753906 0.671875 0.757812 0.671875 0.761719 0.675781 0.761719 0.679688 0.765625 0.683594 0.765625 0.687500 0.769531 0.687500 0.773438 0.691406 0.777344 0.691406 0.781250 0.699219 0.781250 0.699219 0.773438 0.695312 0.769531 0.695312 0.765625 0.691406 0.765625 0.687500 0.761719 0.687500 0.757812 0.675781 0.746094
4 0.652344 0.714844 0.652344 0.718750 0.644531 0.726562 0.644531 0.734375 0.660156 0.734375 0.660156 0.714844
4 0.449219 0.714844 0.449219 0.722656 0.453125 0.726562 0.453125 0.742188 0.449219 0.746094 0.445312 0.746094 0.445312 0.761719 0.441406 0.765625 0.437500 0.765625 0.437500 0.773438 0.441406 0.777344 0.441406 0.785156 0.445312 0.789062 0.453125 0.789062 0.453125 0.785156 0.457031 0.781250 0.457031 0.773438 0.460938 0.769531 0.464844 0.769531 0.464844 0.761719 0.468750 0.757812 0.468750 0.726562 0.460938 0.718750 0.460938 0.714844
4 0.507812 0.707031 0.507812 0.714844 0.515625 0.714844 0.515625 0.707031
4 0.445312 0.683594 0.445312 0.691406 0.453125 0.691406 0.453125 0.683594
4 0.425781 0.625000 0.425781 0.632812 0.421875 0.636719 0.410156 0.636719 0.410156 0.644531 0.425781 0.644531 0.429688 0.648438 0.429688 0.652344 0.437500 0.652344 0.445312 0.660156 0.453125 0.660156 0.453125 0.656250 0.457031 0.652344 0.457031 0.644531 0.453125 0.644531 0.441406 0.632812 0.441406 0.628906 0.437500 0.625000
4 0.226562 0.589844 0.226562 0.593750 0.222656 0.597656 0.222656 0.613281 0.218750 0.617188 0.207031 0.617188 0.207031 0.636719 0.203125 0.640625 0.199219 0.640625 0.199219 0.652344 0.195312 0.656250 0.187500 0.656250 0.187500 0.660156 0.183594 0.664062 0.171875 0.664062 0.171875 0.671875 0.167969 0.675781 0.144531 0.675781 0.140625 0.671875 0.140625 0.656250 0.128906 0.656250 0.128906 0.675781 0.125000 0.679688 0.113281 0.679688 0.113281 0.687500 0.117188 0.691406 0.152344 0.691406 0.156250 0.695312 0.167969 0.695312 0.167969 0.675781 0.171875 0.671875 0.179688 0.671875 0.183594 0.667969 0.207031 0.667969 0.210938 0.671875 0.218750 0.671875 0.222656 0.667969 0.226562 0.667969 0.226562 0.644531 0.230469 0.640625 0.238281 0.640625 0.238281 0.628906 0.234375 0.625000 0.234375 0.609375 0.242188 0.601562 0.242188 0.589844
4 0.230469 0.523438 0.226562 0.527344 0.203125 0.527344 0.203125 0.535156 0.207031 0.539062 0.207031 0.562500 0.203125 0.566406 0.199219 0.566406 0.199219 0.574219 0.210938 0.574219 0.210938 0.566406 0.214844 0.562500 0.242188 0.562500 0.246094 0.566406 0.246094 0.578125 0.253906 0.578125 0.253906 0.562500 0.246094 0.562500 0.242188 0.558594 0.242188 0.542969 0.246094 0.539062 0.250000 0.539062 0.250000 0.527344 0.246094 0.527344 0.242188 0.523438
4 0.324219 0.519531 0.324219 0.535156 0.332031 0.535156 0.335938 0.539062 0.339844 0.539062 0.343750 0.542969 0.343750 0.562500 0.339844 0.566406 0.339844 0.574219 0.343750 0.578125 0.343750 0.585938 0.355469 0.585938 0.355469 0.578125 0.363281 0.570312 0.375000 0.570312 0.375000 0.562500 0.371094 0.562500 0.367188 0.558594 0.367188 0.546875 0.363281 0.546875 0.359375 0.542969 0.359375 0.539062 0.351562 0.539062 0.347656 0.535156 0.347656 0.523438 0.343750 0.523438 0.339844 0.519531
4 0.109375 0.507812 0.109375 0.511719 0.105469 0.515625 0.085938 0.515625 0.085938 0.519531 0.082031 0.523438 0.078125 0.523438 0.078125 0.531250 0.085938 0.539062 0.093750 0.539062 0.097656 0.542969 0.125000 0.542969 0.128906 0.546875 0.128906 0.550781 0.132812 0.554688 0.140625 0.554688 0.140625 0.550781 0.144531 0.546875 0.144531 0.531250 0.148438 0.527344 0.160156 0.527344 0.160156 0.519531 0.136719 0.519531 0.132812 0.515625 0.132812 0.511719 0.128906 0.511719 0.125000 0.507812
4 0.593750 0.457031 0.593750 0.464844 0.597656 0.468750 0.597656 0.476562 0.605469 0.484375 0.625000 0.484375 0.625000 0.476562 0.613281 0.476562 0.609375 0.472656 0.609375 0.464844 0.605469 0.464844 0.601562 0.460938 0.601562 0.457031
4 0.371094 0.457031 0.371094 0.468750 0.375000 0.472656 0.375000 0.484375 0.378906 0.488281 0.378906 0.507812 0.382812 0.507812 0.386719 0.511719 0.386719 0.519531 0.390625 0.523438 0.410156 0.523438 0.414062 0.527344 0.425781 0.527344 0.425781 0.519531 0.421875 0.515625 0.421875 0.511719 0.410156 0.511719 0.402344 0.503906 0.402344 0.488281 0.406250 0.484375 0.410156 0.484375 0.410156 0.480469 0.414062 0.476562 0.417969 0.476562 0.417969 0.460938 0.406250 0.460938 0.402344 0.464844 0.386719 0.464844 0.382812 0.460938 0.382812 0.457031
4 0.320312 0.449219 0.316406 0.453125 0.289062 0.453125 0.289062 0.464844 0.285156 0.468750 0.269531 0.468750 0.265625 0.464844 0.250000 0.464844 0.250000 0.480469 0.281250 0.480469 0.285156 0.484375 0.285156 0.488281 0.296875 0.488281 0.300781 0.492188 0.312500 0.492188 0.316406 0.496094 0.324219 0.496094 0.324219 0.492188 0.328125 0.488281 0.328125 0.476562 0.332031 0.472656 0.339844 0.472656 0.339844 0.464844 0.332031 0.457031 0.332031 0.453125 0.328125 0.449219
4 0.515625 0.437500 0.515625 0.445312 0.539062 0.445312 0.542969 0.449219 0.542969 0.453125 0.546875 0.457031 0.546875 0.460938 0.566406 0.460938 0.566406 0.453125 0.562500 0.449219 0.554688 0.449219 0.550781 0.445312 0.550781 0.437500
4 0.511719 0.394531 0.511719 0.402344 0.515625 0.406250 0.515625 0.414062 0.523438 0.414062 0.523438 0.402344 0.519531 0.398438 0.519531 0.394531
4 0.296875 0.390625 0.292969 0.394531 0.292969 0.410156 0.312500 0.410156 0.312500 0.390625
4 0.179688 0.375000 0.175781 0.378906 0.167969 0.378906 0.167969 0.382812 0.160156 0.390625 0.132812 0.390625 0.128906 0.386719 0.117188 0.386719 0.117188 0.390625 0.113281 0.394531 0.105469 0.394531 0.105469 0.398438 0.101562 0.402344 0.093750 0.402344 0.089844 0.406250 0.085938 0.406250 0.085938 0.429688 0.082031 0.433594 0.066406 0.433594 0.062500 0.429688 0.062500 0.410156 0.039062 0.410156 0.039062 0.417969 0.042969 0.421875 0.046875 0.421875 0.050781 0.425781 0.050781 0.441406 0.058594 0.441406 0.062500 0.445312 0.062500 0.476562 0.070312 0.476562 0.074219 0.472656 0.074219 0.468750 0.082031 0.460938 0.085938 0.460938 0.085938 0.449219 0.089844 0.445312 0.109375 0.445312 0.109375 0.425781 0.113281 0.421875 0.132812 0.421875 0.136719 0.425781 0.136719 0.445312 0.140625 0.449219 0.160156 0.449219 0.164062 0.453125 0.164062 0.464844 0.167969 0.468750 0.167969 0.476562 0.171875 0.480469 0.171875 0.488281 0.175781 0.492188 0.187500 0.492188 0.191406 0.496094 0.203125 0.496094 0.203125 0.480469 0.207031 0.476562 0.207031 0.468750 0.210938 0.464844 0.226562 0.464844 0.226562 0.460938 0.230469 0.457031 0.234375 0.457031 0.234375 0.445312 0.238281 0.441406 0.246094 0.441406 0.246094 0.433594 0.250000 0.429688 0.273438 0.429688 0.273438 0.421875 0.269531 0.417969 0.269531 0.406250 0.250000 0.406250 0.246094 0.410156 0.242188 0.410156 0.234375 0.417969 0.218750 0.417969 0.214844 0.414062 0.214844 0.406250 0.203125 0.406250 0.203125 0.445312 0.199219 0.449219 0.175781 0.449219 0.171875 0.445312 0.164062 0.445312 0.160156 0.441406 0.160156 0.414062 0.164062 0.410156 0.164062 0.406250 0.171875 0.398438 0.171875 0.394531 0.175781 0.390625 0.179688 0.390625 0.187500 0.382812 0.187500 0.375000
4 0.355469 0.367188 0.355469 0.390625 0.351562 0.394531 0.351562 0.410156 0.355469 0.414062 0.355469 0.417969 0.363281 0.417969 0.363281 0.406250 0.367188 0.402344 0.390625 0.402344 0.390625 0.386719 0.386719 0.382812 0.386719 0.378906 0.367188 0.378906 0.363281 0.375000 0.363281 0.367188
4 0.378906 0.343750 0.378906 0.355469 0.386719 0.355469 0.386719 0.343750
4 0.183594 0.308594 0.179688 0.312500 0.152344 0.312500 0.152344 0.316406 0.148438 0.320312 0.136719 0.320312 0.136719 0.339844 0.144531 0.339844 0.148438 0.335938 0.148438 0.328125 0.152344 0.324219 0.171875 0.324219 0.171875 0.320312 0.175781 0.316406 0.191406 0.316406 0.191406 0.308594
4 0.152344 0.269531 0.152344 0.277344 0.167969 0.277344 0.167969 0.269531
