4 0.925781 0.976562 0.921875 0.980469 0.894531 0.980469 0.894531 0.988281 0.890625 0.992188 0.867188 0.992188 0.867188 0.996094 0.929688 0.996094 0.929688 0.988281 0.933594 0.984375 0.937500 0.984375 0.937500 0.976562
4 0.617188 0.976562 0.617188 0.996094 0.628906 0.996094 0.628906 0.992188 0.625000 0.988281 0.625000 0.976562
4 0.367188 0.847656 0.367188 0.859375 0.375000 0.859375 0.375000 0.847656
4 0.992188 0.824219 0.992188 0.839844 0.984375 0.847656 0.984375 0.851562 0.980469 0.855469 0.976562 0.855469 0.976562 0.871094 0.972656 0.875000 0.972656 0.890625 0.976562 0.890625 0.980469 0.894531 0.980469 0.902344 0.996094 0.902344 0.996094 0.824219
4 0.312500 0.800781 0.312500 0.808594 0.335938 0.808594 0.335938 0.800781
4 0.343750 0.757812 0.343750 0.792969 0.359375 0.792969 0.363281 0.796875 0.363281 0.800781 0.367188 0.804688 0.378906 0.804688 0.378906 0.789062 0.375000 0.785156 0.375000 0.777344 0.359375 0.777344 0.355469 0.773438 0.355469 0.769531 0.351562 0.765625 0.351562 0.757812
4 0.128906 0.621094 0.128906 0.625000 0.125000 0.628906 0.101562 0.628906 0.097656 0.625000 0.089844 0.625000 0.089844 0.632812 0.093750 0.636719 0.097656 0.636719 0.101562 0.640625 0.101562 0.656250 0.097656 0.660156 0.089844 0.660156 0.089844 0.671875 0.082031 0.679688 0.058594 0.679688 0.058594 0.703125 0.062500 0.707031 0.062500 0.710938 0.066406 0.710938 0.070312 0.714844 0.070312 0.734375 0.066406 0.738281 0.066406 0.750000 0.070312 0.753906 0.070312 0.769531 0.066406 0.773438 0.066406 0.777344 0.062500 0.781250 0.062500 0.796875 0.066406 0.800781 0.066406 0.804688 0.070312 0.808594 0.078125 0.808594 0.078125 0.789062 0.082031 0.785156 0.093750 0.785156 0.097656 0.781250 0.128906 0.781250 0.128906 0.769531 0.125000 0.765625 0.109375 0.765625 0.105469 0.761719 0.105469 0.750000 0.101562 0.746094 0.101562 0.722656 0.105469 0.718750 0.109375 0.718750 0.109375 0.710938 0.113281 0.707031 0.117188 0.707031 0.121094 0.703125 0.128906 0.703125 0.132812 0.699219 0.136719 0.699219 0.136719 0.687500 0.125000 0.687500 0.121094 0.683594 0.121094 0.652344 0.125000 0.648438 0.160156 0.648438 0.164062 0.652344 0.171875 0.652344 0.175781 0.656250 0.183594 0.656250 0.187500 0.660156 0.195312 0.660156 0.195312 0.656250 0.199219 0.652344 0.199219 0.644531 0.195312 0.640625 0.195312 0.625000 0.187500 0.625000 0.183594 0.628906 0.167969 0.628906 0.167969 0.636719 0.164062 0.640625 0.144531 0.640625 0.140625 0.636719 0.140625 0.632812 0.136719 0.628906 0.136719 0.621094
4 0.054688 0.605469 0.054688 0.613281 0.062500 0.613281 0.062500 0.605469
4 0.968750 0.570312 0.960938 0.578125 0.960938 0.582031 0.957031 0.585938 0.921875 0.585938 0.917969 0.589844 0.917969 0.597656 0.914062 0.601562 0.914062 0.609375 0.910156 0.613281 0.894531 0.613281 0.886719 0.621094 0.882812 0.621094 0.878906 0.625000 0.863281 0.625000 0.859375 0.621094 0.859375 0.613281 0.851562 0.613281 0.843750 0.605469 0.843750 0.589844 0.847656 0.585938 0.847656 0.578125 0.839844 0.578125 0.839844 0.582031 0.835938 0.585938 0.820312 0.585938 0.812500 0.593750 0.800781 0.593750 0.796875 0.597656 0.792969 0.597656 0.792969 0.625000 0.796875 0.628906 0.796875 0.632812 0.804688 0.632812 0.808594 0.636719 0.808594 0.656250 0.804688 0.660156 0.804688 0.679688 0.808594 0.679688 0.812500 0.683594 0.812500 0.695312 0.820312 0.695312 0.824219 0.691406 0.835938 0.691406 0.835938 0.683594 0.828125 0.675781 0.828125 0.660156 0.835938 0.652344 0.851562 0.652344 0.855469 0.656250 0.882812 0.656250 0.886719 0.660156 0.890625 0.660156 0.894531 0.664062 0.906250 0.664062 0.910156 0.667969 0.910156 0.671875 0.914062 0.675781 0.917969 0.675781 0.921875 0.679688 0.921875 0.703125 0.925781 0.703125 0.929688 0.707031 0.929688 0.710938 0.937500 0.710938 0.945312 0.718750 0.945312 0.753906 0.941406 0.757812 0.925781 0.757812 0.921875 0.753906 0.917969 0.753906 0.914062 0.750000 0.906250 0.750000 0.906250 0.765625 0.917969 0.765625 0.921875 0.769531 0.921875 0.785156 0.933594 0.785156 0.937500 0.789062 0.941406 0.789062 0.945312 0.792969 0.968750 0.792969 0.972656 0.789062 0.980469 0.789062 0.980469 0.785156 0.984375 0.781250 0.996094 0.781250 0.996094 0.691406 0.988281 0.691406 0.984375 0.687500 0.980469 0.687500 0.976562 0.683594 0.968750 0.683594 0.968750 0.687500 0.964844 0.691406 0.937500 0.691406 0.929688 0.683594 0.929688 0.667969 0.921875 0.667969 0.917969 0.664062 0.914062 0.664062 0.910156 0.660156 0.910156 0.621094 0.914062 0.617188 0.937500 0.617188 0.941406 0.621094 0.941406 0.640625 0.949219 0.640625 0.953125 0.644531 0.964844 0.644531 0.972656 0.636719 0.976562 0.636719 0.976562 0.597656 0.980469 0.593750 0.980469 0.570312
4 0.812500 0.554688 0.812500 0.562500 0.820312 0.562500 0.820312 0.554688
4 0.718750 0.554688 0.714844 0.558594 0.710938 0.558594 0.707031 0.562500 0.703125 0.562500 0.703125 0.593750 0.714844 0.593750 0.722656 0.601562 0.722656 0.609375 0.726562 0.613281 0.742188 0.613281 0.742188 0.605469 0.738281 0.601562 0.738281 0.597656 0.734375 0.593750 0.734375 0.558594 0.730469 0.558594 0.726562 0.554688
4 0.796875 0.531250 0.789062 0.539062 0.789062 0.546875 0.808594 0.546875 0.808594 0.531250
4 0.925781 0.382812 0.925781 0.386719 0.921875 0.390625 0.921875 0.402344 0.917969 0.406250 0.917969 0.441406 0.921875 0.445312 0.925781 0.445312 0.929688 0.449219 0.929688 0.468750 0.925781 0.472656 0.925781 0.500000 0.929688 0.500000 0.937500 0.507812 0.957031 0.507812 0.960938 0.511719 0.968750 0.511719 0.968750 0.496094 0.964844 0.492188 0.964844 0.476562 0.968750 0.472656 0.996094 0.472656 0.996094 0.464844 0.988281 0.464844 0.984375 0.460938 0.984375 0.437500 0.980469 0.433594 0.980469 0.429688 0.972656 0.429688 0.968750 0.433594 0.949219 0.433594 0.945312 0.429688 0.945312 0.417969 0.941406 0.417969 0.937500 0.414062 0.937500 0.386719 0.933594 0.382812
4 0.988281 0.335938 0.988281 0.339844 0.984375 0.343750 0.984375 0.351562 0.980469 0.355469 0.980469 0.367188 0.984375 0.371094 0.984375 0.375000 0.992188 0.382812 0.992188 0.406250 0.996094 0.406250 0.996094 0.335938
4 0.671875 0.332031 0.671875 0.343750 0.675781 0.347656 0.675781 0.355469 0.691406 0.355469 0.699219 0.363281 0.718750 0.363281 0.722656 0.367188 0.722656 0.386719 0.726562 0.386719 0.730469 0.390625 0.734375 0.390625 0.742188 0.398438 0.742188 0.437500 0.738281 0.441406 0.738281 0.457031 0.742188 0.460938 0.746094 0.460938 0.750000 0.464844 0.761719 0.464844 0.765625 0.468750 0.765625 0.472656 0.777344 0.472656 0.781250 0.468750 0.781250 0.445312 0.785156 0.441406 0.785156 0.433594 0.781250 0.429688 0.777344 0.429688 0.773438 0.425781 0.773438 0.417969 0.769531 0.414062 0.769531 0.398438 0.773438 0.394531 0.773438 0.378906 0.777344 0.375000 0.777344 0.367188 0.773438 0.363281 0.773438 0.359375 0.769531 0.355469 0.761719 0.355469 0.761719 0.359375 0.757812 0.363281 0.742188 0.363281 0.726562 0.347656 0.718750 0.347656 0.714844 0.343750 0.714844 0.335938 0.710938 0.335938 0.707031 0.332031
4 0.972656 0.296875 0.972656 0.304688 0.980469 0.304688 0.980469 0.296875
4 0.968750 0.261719 0.968750 0.273438 0.976562 0.273438 0.976562 0.261719
4 0.628906 0.261719 0.628906 0.269531 0.625000 0.273438 0.625000 0.312500 0.636719 0.312500 0.636719 0.277344 0.640625 0.273438 0.640625 0.265625 0.636719 0.261719
4 0.667969 0.148438 0.667969 0.152344 0.660156 0.160156 0.652344 0.160156 0.652344 0.183594 0.656250 0.183594 0.660156 0.187500 0.664062 0.187500 0.667969 0.191406 0.667969 0.207031 0.664062 0.210938 0.660156 0.210938 0.660156 0.226562 0.671875 0.226562 0.675781 0.222656 0.710938 0.222656 0.718750 0.214844 0.718750 0.203125 0.722656 0.199219 0.726562 0.199219 0.730469 0.195312 0.730469 0.187500 0.734375 0.183594 0.738281 0.183594 0.738281 0.171875 0.734375 0.167969 0.734375 0.164062 0.730469 0.160156 0.718750 0.160156 0.718750 0.164062 0.714844 0.167969 0.687500 0.167969 0.683594 0.164062 0.683594 0.148438
4 0.558594 0.148438 0.558594 0.152344 0.554688 0.156250 0.515625 0.156250 0.515625 0.210938 0.511719 0.214844 0.500000 0.214844 0.500000 0.218750 0.496094 0.222656 0.496094 0.242188 0.492188 0.246094 0.492188 0.253906 0.488281 0.257812 0.488281 0.261719 0.484375 0.265625 0.484375 0.277344 0.480469 0.281250 0.476562 0.281250 0.476562 0.289062 0.484375 0.289062 0.488281 0.292969 0.492188 0.292969 0.500000 0.300781 0.500000 0.324219 0.496094 0.328125 0.496094 0.332031 0.492188 0.335938 0.476562 0.335938 0.472656 0.332031 0.472656 0.316406 0.464844 0.316406 0.464844 0.402344 0.460938 0.406250 0.453125 0.406250 0.453125 0.421875 0.449219 0.425781 0.445312 0.425781 0.445312 0.433594 0.441406 0.437500 0.441406 0.445312 0.445312 0.449219 0.445312 0.468750 0.441406 0.472656 0.441406 0.523438 0.437500 0.527344 0.437500 0.535156 0.433594 0.539062 0.433594 0.546875 0.437500 0.550781 0.437500 0.566406 0.433594 0.570312 0.429688 0.570312 0.429688 0.574219 0.425781 0.578125 0.425781 0.621094 0.429688 0.625000 0.429688 0.640625 0.425781 0.644531 0.421875 0.644531 0.421875 0.671875 0.417969 0.675781 0.402344 0.675781 0.394531 0.667969 0.375000 0.667969 0.375000 0.683594 0.371094 0.687500 0.335938 0.687500 0.335938 0.691406 0.332031 0.695312 0.332031 0.714844 0.339844 0.722656 0.351562 0.722656 0.355469 0.718750 0.359375 0.718750 0.363281 0.714844 0.375000 0.714844 0.375000 0.695312 0.378906 0.691406 0.394531 0.691406 0.398438 0.695312 0.398438 0.699219 0.421875 0.699219 0.425781 0.703125 0.425781 0.738281 0.421875 0.742188 0.406250 0.742188 0.402344 0.746094 0.402344 0.750000 0.398438 0.753906 0.398438 0.773438 0.406250 0.781250 0.406250 0.789062 0.414062 0.789062 0.417969 0.785156 0.433594 0.785156 0.437500 0.789062 0.437500 0.816406 0.441406 0.816406 0.445312 0.820312 0.445312 0.828125 0.449219 0.832031 0.449219 0.867188 0.453125 0.871094 0.453125 0.925781 0.464844 0.925781 0.468750 0.929688 0.476562 0.929688 0.480469 0.933594 0.480469 0.945312 0.488281 0.945312 0.488281 0.929688 0.484375 0.925781 0.484375 0.921875 0.472656 0.921875 0.468750 0.917969 0.468750 0.894531 0.464844 0.890625 0.464844 0.886719 0.460938 0.882812 0.460938 0.847656 0.464844 0.843750 0.484375 0.843750 0.488281 0.839844 0.507812 0.839844 0.511719 0.843750 0.511719 0.847656 0.519531 0.847656 0.523438 0.851562 0.523438 0.867188 0.519531 0.871094 0.507812 0.871094 0.503906 0.875000 0.503906 0.890625 0.523438 0.890625 0.531250 0.898438 0.531250 0.910156 0.539062 0.910156 0.546875 0.917969 0.546875 0.921875 0.550781 0.925781 0.550781 0.949219 0.554688 0.953125 0.554688 0.964844 0.574219 0.964844 0.574219 0.941406 0.570312 0.941406 0.566406 0.937500 0.566406 0.906250 0.570312 0.902344 0.570312 0.871094 0.566406 0.867188 0.566406 0.839844 0.562500 0.835938 0.562500 0.832031 0.558594 0.828125 0.558594 0.804688 0.550781 0.804688 0.546875 0.800781 0.546875 0.781250 0.550781 0.777344 0.558594 0.777344 0.558594 0.746094 0.554688 0.742188 0.554688 0.710938 0.535156 0.710938 0.531250 0.707031 0.531250 0.683594 0.535156 0.679688 0.597656 0.679688 0.601562 0.683594 0.601562 0.695312 0.605469 0.699219 0.605469 0.792969 0.613281 0.800781 0.613281 0.937500 0.617188 0.941406 0.617188 0.949219 0.625000 0.949219 0.625000 0.941406 0.628906 0.937500 0.652344 0.937500 0.652344 0.933594 0.656250 0.929688 0.671875 0.929688 0.675781 0.933594 0.683594 0.933594 0.683594 0.906250 0.679688 0.902344 0.679688 0.875000 0.691406 0.863281 0.695312 0.863281 0.695312 0.847656 0.691406 0.847656 0.687500 0.843750 0.683594 0.843750 0.679688 0.839844 0.679688 0.824219 0.683594 0.820312 0.687500 0.820312 0.691406 0.816406 0.699219 0.816406 0.699219 0.804688 0.703125 0.800781 0.718750 0.800781 0.722656 0.804688 0.722656 0.820312 0.718750 0.824219 0.710938 0.824219 0.710938 0.839844 0.714844 0.839844 0.718750 0.843750 0.718750 0.871094 0.726562 0.878906 0.726562 0.890625 0.738281 0.890625 0.738281 0.886719 0.742188 0.882812 0.753906 0.882812 0.753906 0.867188 0.757812 0.863281 0.773438 0.863281 0.777344 0.867188 0.808594 0.867188 0.812500 0.871094 0.812500 0.878906 0.816406 0.878906 0.820312 0.882812 0.820312 0.886719 0.824219 0.886719 0.832031 0.894531 0.832031 0.898438 0.835938 0.902344 0.835938 0.906250 0.839844 0.910156 0.847656 0.910156 0.847656 0.902344 0.851562 0.898438 0.851562 0.871094 0.855469 0.867188 0.859375 0.867188 0.859375 0.855469 0.863281 0.851562 0.882812 0.851562 0.886719 0.855469 0.886719 0.878906 0.894531 0.878906 0.898438 0.882812 0.898438 0.914062 0.910156 0.914062 0.914062 0.917969 0.914062 0.929688 0.921875 0.937500 0.921875 0.953125 0.937500 0.953125 0.941406 0.949219 0.941406 0.937500 0.945312 0.933594 0.945312 0.917969 0.941406 0.914062 0.941406 0.906250 0.937500 0.902344 0.937500 0.890625 0.933594 0.890625 0.929688 0.886719 0.929688 0.847656 0.933594 0.843750 0.949219 0.843750 0.953125 0.847656 0.953125 0.851562 0.960938 0.851562 0.960938 0.843750 0.957031 0.839844 0.957031 0.835938 0.953125 0.832031 0.953125 0.816406 0.945312 0.816406 0.941406 0.812500 0.921875 0.812500 0.921875 0.832031 0.917969 0.835938 0.902344 0.835938 0.898438 0.832031 0.898438 0.824219 0.882812 0.824219 0.882812 0.828125 0.878906 0.832031 0.859375 0.832031 0.855469 0.828125 0.855469 0.812500 0.859375 0.808594 0.867188 0.808594 0.867188 0.796875 0.863281 0.792969 0.863281 0.773438 0.859375 0.773438 0.855469 0.769531 0.855469 0.761719 0.843750 0.761719 0.839844 0.757812 0.839844 0.718750 0.835938 0.718750 0.832031 0.714844 0.824219 0.714844 0.824219 0.726562 0.828125 0.730469 0.828125 0.750000 0.824219 0.753906 0.816406 0.753906 0.816406 0.757812 0.808594 0.765625 0.769531 0.765625 0.765625 0.761719 0.765625 0.746094 0.769531 0.742188 0.773438 0.742188 0.773438 0.730469 0.769531 0.726562 0.769531 0.722656 0.761719 0.722656 0.757812 0.718750 0.757812 0.714844 0.753906 0.714844 0.750000 0.710938 0.750000 0.707031 0.742188 0.707031 0.742188 0.710938 0.738281 0.714844 0.726562 0.714844 0.726562 0.718750 0.722656 0.722656 0.722656 0.734375 0.718750 0.738281 0.703125 0.738281 0.699219 0.734375 0.699219 0.730469 0.695312 0.726562 0.695312 0.683594 0.691406 0.679688 0.687500 0.679688 0.683594 0.675781 0.683594 0.667969 0.679688 0.664062 0.675781 0.664062 0.671875 0.660156 0.671875 0.648438 0.664062 0.648438 0.660156 0.644531 0.648438 0.644531 0.640625 0.636719 0.609375 0.636719 0.609375 0.660156 0.605469 0.664062 0.589844 0.664062 0.585938 0.660156 0.585938 0.648438 0.578125 0.648438 0.574219 0.644531 0.574219 0.628906 0.578125 0.625000 0.578125 0.613281 0.570312 0.613281 0.566406 0.609375 0.566406 0.605469 0.554688 0.605469 0.554688 0.609375 0.550781 0.613281 0.550781 0.617188 0.546875 0.621094 0.531250 0.621094 0.527344 0.617188 0.527344 0.585938 0.531250 0.582031 0.554688 0.582031 0.562500 0.574219 0.578125 0.574219 0.582031 0.578125 0.589844 0.578125 0.593750 0.582031 0.593750 0.605469 0.601562 0.605469 0.601562 0.601562 0.605469 0.597656 0.609375 0.597656 0.609375 0.593750 0.617188 0.585938 0.625000 0.585938 0.628906 0.582031 0.632812 0.582031 0.632812 0.558594 0.636719 0.554688 0.636719 0.546875 0.628906 0.546875 0.625000 0.542969 0.625000 0.539062 0.617188 0.539062 0.613281 0.542969 0.609375 0.542969 0.605469 0.546875 0.589844 0.546875 0.585938 0.542969 0.585938 0.507812 0.589844 0.503906 0.589844 0.496094 0.585938 0.492188 0.585938 0.472656 0.582031 0.468750 0.582031 0.433594 0.585938 0.429688 0.589844 0.429688 0.589844 0.417969 0.593750 0.414062 0.609375 0.414062 0.609375 0.375000 0.613281 0.371094 0.621094 0.371094 0.621094 0.335938 0.617188 0.332031 0.617188 0.324219 0.593750 0.324219 0.585938 0.316406 0.585938 0.308594 0.582031 0.304688 0.582031 0.292969 0.578125 0.292969 0.574219 0.289062 0.574219 0.273438 0.578125 0.269531 0.585938 0.269531 0.585938 0.265625 0.589844 0.261719 0.589844 0.234375 0.582031 0.226562 0.582031 0.222656 0.578125 0.222656 0.570312 0.214844 0.570312 0.164062 0.566406 0.160156 0.566406 0.148438
4 0.957031 0.121094 0.957031 0.140625 0.953125 0.144531 0.949219 0.144531 0.949219 0.152344 0.953125 0.152344 0.957031 0.156250 0.957031 0.160156 0.960938 0.164062 0.972656 0.164062 0.976562 0.160156 0.980469 0.160156 0.980469 0.148438 0.972656 0.148438 0.968750 0.144531 0.968750 0.121094
4 0.492188 0.074219 0.492188 0.132812 0.496094 0.136719 0.503906 0.136719 0.503906 0.117188 0.507812 0.113281 0.507812 0.097656 0.511719 0.093750 0.515625 0.093750 0.515625 0.082031 0.511719 0.082031 0.503906 0.074219
4 0.914062 0.054688 0.914062 0.058594 0.910156 0.062500 0.906250 0.062500 0.906250 0.070312 0.914062 0.070312 0.917969 0.074219 0.917969 0.097656 0.921875 0.101562 0.933594 0.101562 0.941406 0.109375 0.941406 0.113281 0.953125 0.113281 0.953125 0.105469 0.949219 0.101562 0.949219 0.078125 0.945312 0.074219 0.925781 0.074219 0.921875 0.070312 0.921875 0.054688
4 0.773438 0.023438 0.769531 0.027344 0.769531 0.035156 0.773438 0.035156 0.777344 0.039062 0.777344 0.062500 0.773438 0.066406 0.769531 0.066406 0.769531 0.093750 0.765625 0.097656 0.750000 0.097656 0.746094 0.101562 0.738281 0.101562 0.730469 0.109375 0.730469 0.121094 0.753906 0.121094 0.757812 0.125000 0.757812 0.132812 0.765625 0.132812 0.765625 0.125000 0.761719 0.121094 0.761719 0.105469 0.765625 0.101562 0.781250 0.101562 0.785156 0.097656 0.792969 0.097656 0.792969 0.082031 0.789062 0.078125 0.789062 0.062500 0.792969 0.058594 0.792969 0.054688 0.796875 0.050781 0.812500 0.050781 0.812500 0.042969 0.792969 0.042969 0.785156 0.035156 0.785156 0.027344 0.781250 0.023438
4 0.488281 0.000000 0.488281 0.007812 0.484375 0.011719 0.484375 0.042969 0.488281 0.046875 0.488281 0.050781 0.500000 0.050781 0.500000 0.046875 0.503906 0.042969 0.507812 0.042969 0.507812 0.019531 0.511719 0.015625 0.519531 0.015625 0.519531 0.000000
