4 0.339844 0.835938 0.320312 0.855469 0.320312 0.863281 0.316406 0.867188 0.308594 0.867188 0.304688 0.871094 0.304688 0.875000 0.300781 0.878906 0.292969 0.878906 0.292969 0.898438 0.300781 0.898438 0.308594 0.906250 0.320312 0.906250 0.324219 0.902344 0.324219 0.898438 0.328125 0.894531 0.328125 0.867188 0.332031 0.863281 0.347656 0.863281 0.355469 0.855469 0.355469 0.847656 0.347656 0.839844 0.347656 0.835938
4 0.691406 0.734375 0.687500 0.738281 0.683594 0.738281 0.683594 0.746094 0.687500 0.750000 0.687500 0.765625 0.683594 0.769531 0.683594 0.781250 0.679688 0.785156 0.644531 0.785156 0.644531 0.808594 0.640625 0.812500 0.628906 0.812500 0.625000 0.816406 0.609375 0.816406 0.605469 0.812500 0.605469 0.804688 0.597656 0.804688 0.597656 0.808594 0.593750 0.812500 0.593750 0.835938 0.601562 0.835938 0.605469 0.832031 0.613281 0.832031 0.613281 0.828125 0.617188 0.824219 0.632812 0.824219 0.636719 0.820312 0.640625 0.820312 0.640625 0.816406 0.644531 0.812500 0.667969 0.812500 0.671875 0.808594 0.675781 0.808594 0.675781 0.804688 0.679688 0.800781 0.683594 0.800781 0.687500 0.796875 0.699219 0.796875 0.703125 0.792969 0.707031 0.792969 0.707031 0.753906 0.710938 0.750000 0.710938 0.742188 0.707031 0.738281 0.707031 0.734375
4 0.574219 0.667969 0.574219 0.679688 0.578125 0.679688 0.582031 0.683594 0.582031 0.695312 0.585938 0.699219 0.585938 0.726562 0.589844 0.730469 0.589844 0.765625 0.597656 0.765625 0.601562 0.761719 0.601562 0.753906 0.597656 0.750000 0.597656 0.726562 0.601562 0.722656 0.601562 0.714844 0.597656 0.710938 0.597656 0.687500 0.601562 0.683594 0.601562 0.667969
4 0.734375 0.648438 0.734375 0.656250 0.730469 0.660156 0.726562 0.660156 0.718750 0.667969 0.718750 0.687500 0.714844 0.691406 0.714844 0.695312 0.710938 0.699219 0.710938 0.718750 0.730469 0.718750 0.734375 0.714844 0.734375 0.691406 0.738281 0.687500 0.738281 0.671875 0.746094 0.664062 0.746094 0.648438
4 0.265625 0.621094 0.261719 0.625000 0.250000 0.625000 0.242188 0.632812 0.195312 0.632812 0.191406 0.636719 0.191406 0.640625 0.183594 0.648438 0.183594 0.652344 0.179688 0.656250 0.175781 0.656250 0.171875 0.660156 0.167969 0.660156 0.167969 0.691406 0.187500 0.691406 0.187500 0.687500 0.199219 0.675781 0.199219 0.656250 0.203125 0.652344 0.207031 0.652344 0.214844 0.644531 0.250000 0.644531 0.253906 0.640625 0.261719 0.640625 0.265625 0.636719 0.273438 0.636719 0.273438 0.632812 0.277344 0.628906 0.277344 0.621094
4 0.769531 0.523438 0.765625 0.527344 0.761719 0.527344 0.761719 0.531250 0.757812 0.535156 0.738281 0.535156 0.734375 0.531250 0.730469 0.531250 0.726562 0.527344 0.714844 0.527344 0.714844 0.542969 0.718750 0.546875 0.718750 0.550781 0.722656 0.550781 0.726562 0.554688 0.746094 0.554688 0.750000 0.550781 0.765625 0.550781 0.765625 0.542969 0.769531 0.539062 0.773438 0.539062 0.773438 0.535156 0.777344 0.531250 0.777344 0.523438
4 0.789062 0.382812 0.785156 0.386719 0.777344 0.386719 0.777344 0.402344 0.781250 0.402344 0.785156 0.406250 0.785156 0.441406 0.789062 0.441406 0.792969 0.445312 0.792969 0.453125 0.804688 0.453125 0.804688 0.421875 0.808594 0.417969 0.808594 0.406250 0.804688 0.402344 0.804688 0.382812
4 0.773438 0.285156 0.773438 0.292969 0.781250 0.300781 0.789062 0.300781 0.789062 0.285156
4 0.722656 0.273438 0.722656 0.285156 0.730469 0.292969 0.738281 0.292969 0.742188 0.289062 0.746094 0.289062 0.750000 0.285156 0.750000 0.277344 0.746094 0.273438
4 0.769531 0.238281 0.769531 0.246094 0.777344 0.253906 0.785156 0.253906 0.789062 0.257812 0.789062 0.261719 0.792969 0.265625 0.792969 0.273438 0.808594 0.273438 0.808594 0.253906 0.804688 0.250000 0.804688 0.238281
4 0.765625 0.191406 0.761719 0.195312 0.761719 0.203125 0.769531 0.210938 0.769531 0.214844 0.781250 0.214844 0.781250 0.203125 0.777344 0.199219 0.777344 0.195312 0.773438 0.191406
4 0.496094 0.187500 0.496094 0.230469 0.492188 0.234375 0.492188 0.238281 0.488281 0.242188 0.488281 0.253906 0.492188 0.257812 0.503906 0.257812 0.507812 0.253906 0.507812 0.187500
4 0.656250 0.093750 0.656250 0.109375 0.660156 0.109375 0.664062 0.113281 0.679688 0.113281 0.683594 0.117188 0.683594 0.140625 0.679688 0.144531 0.675781 0.144531 0.675781 0.156250 0.695312 0.156250 0.703125 0.164062 0.714844 0.164062 0.714844 0.136719 0.718750 0.132812 0.718750 0.125000 0.714844 0.121094 0.710938 0.121094 0.707031 0.117188 0.703125 0.117188 0.699219 0.113281 0.695312 0.113281 0.691406 0.109375 0.683594 0.109375 0.679688 0.105469 0.679688 0.101562 0.675781 0.097656 0.667969 0.097656 0.664062 0.093750
4 0.593750 0.078125 0.593750 0.097656 0.597656 0.101562 0.601562 0.101562 0.605469 0.105469 0.613281 0.105469 0.617188 0.101562 0.621094 0.101562 0.625000 0.097656 0.632812 0.097656 0.632812 0.085938 0.609375 0.085938 0.605469 0.082031 0.605469 0.078125
