4 0.406250 0.949219 0.402344 0.953125 0.386719 0.953125 0.386719 0.960938 0.390625 0.964844 0.394531 0.964844 0.398438 0.968750 0.398438 0.996094 0.417969 0.996094 0.417969 0.992188 0.414062 0.992188 0.406250 0.984375 0.406250 0.964844 0.410156 0.960938 0.417969 0.960938 0.417969 0.949219
4 0.378906 0.855469 0.375000 0.859375 0.375000 0.871094 0.378906 0.875000 0.378906 0.890625 0.390625 0.890625 0.390625 0.886719 0.394531 0.882812 0.394531 0.855469
4 0.769531 0.707031 0.769531 0.738281 0.773438 0.742188 0.773438 0.750000 0.785156 0.750000 0.785156 0.746094 0.789062 0.742188 0.792969 0.742188 0.792969 0.722656 0.789062 0.718750 0.789062 0.707031
4 0.453125 0.691406 0.453125 0.699219 0.460938 0.699219 0.460938 0.691406
4 0.542969 0.625000 0.539062 0.628906 0.539062 0.636719 0.546875 0.636719 0.550781 0.640625 0.550781 0.644531 0.570312 0.644531 0.574219 0.640625 0.578125 0.640625 0.578125 0.628906 0.562500 0.628906 0.558594 0.625000
4 0.441406 0.621094 0.441406 0.625000 0.437500 0.628906 0.437500 0.660156 0.453125 0.660156 0.457031 0.656250 0.457031 0.652344 0.460938 0.648438 0.460938 0.632812 0.457031 0.628906 0.453125 0.628906 0.449219 0.625000 0.449219 0.621094
4 0.628906 0.617188 0.628906 0.625000 0.632812 0.625000 0.636719 0.628906 0.644531 0.628906 0.644531 0.617188
4 0.542969 0.550781 0.542969 0.554688 0.535156 0.562500 0.535156 0.566406 0.531250 0.570312 0.531250 0.578125 0.546875 0.578125 0.550781 0.582031 0.550781 0.597656 0.558594 0.597656 0.558594 0.574219 0.562500 0.570312 0.562500 0.566406 0.566406 0.562500 0.585938 0.562500 0.589844 0.566406 0.589844 0.585938 0.593750 0.585938 0.605469 0.597656 0.617188 0.597656 0.617188 0.593750 0.621094 0.589844 0.621094 0.582031 0.617188 0.578125 0.617188 0.562500 0.593750 0.562500 0.589844 0.558594 0.589844 0.554688 0.585938 0.554688 0.582031 0.550781
4 0.324219 0.507812 0.324219 0.511719 0.320312 0.515625 0.316406 0.515625 0.316406 0.523438 0.312500 0.527344 0.312500 0.566406 0.308594 0.570312 0.308594 0.613281 0.320312 0.613281 0.320312 0.601562 0.324219 0.597656 0.324219 0.593750 0.328125 0.589844 0.328125 0.539062 0.332031 0.535156 0.332031 0.507812
4 0.359375 0.480469 0.359375 0.488281 0.363281 0.492188 0.363281 0.496094 0.367188 0.500000 0.367188 0.503906 0.371094 0.503906 0.378906 0.511719 0.378906 0.519531 0.386719 0.519531 0.386719 0.511719 0.382812 0.507812 0.382812 0.500000 0.378906 0.496094 0.378906 0.492188 0.375000 0.488281 0.375000 0.484375 0.371094 0.480469
4 0.335938 0.425781 0.335938 0.433594 0.339844 0.437500 0.339844 0.445312 0.347656 0.445312 0.351562 0.441406 0.351562 0.429688 0.347656 0.429688 0.343750 0.425781
4 0.531250 0.296875 0.527344 0.300781 0.523438 0.300781 0.523438 0.308594 0.531250 0.316406 0.535156 0.316406 0.554688 0.335938 0.554688 0.343750 0.558594 0.343750 0.562500 0.347656 0.562500 0.355469 0.566406 0.359375 0.566406 0.367188 0.570312 0.371094 0.570312 0.386719 0.574219 0.390625 0.574219 0.398438 0.593750 0.398438 0.597656 0.402344 0.613281 0.402344 0.617188 0.406250 0.621094 0.406250 0.625000 0.410156 0.632812 0.410156 0.632812 0.398438 0.628906 0.394531 0.628906 0.390625 0.617188 0.378906 0.617188 0.375000 0.613281 0.371094 0.613281 0.367188 0.597656 0.351562 0.593750 0.351562 0.589844 0.347656 0.589844 0.343750 0.585938 0.343750 0.574219 0.332031 0.574219 0.328125 0.570312 0.324219 0.570312 0.320312 0.566406 0.320312 0.562500 0.316406 0.558594 0.316406 0.554688 0.312500 0.554688 0.308594 0.542969 0.296875
4 0.078125 0.238281 0.078125 0.250000 0.082031 0.250000 0.089844 0.257812 0.093750 0.257812 0.097656 0.261719 0.101562 0.261719 0.105469 0.265625 0.109375 0.265625 0.113281 0.269531 0.113281 0.296875 0.117188 0.300781 0.117188 0.304688 0.136719 0.304688 0.144531 0.296875 0.156250 0.296875 0.156250 0.277344 0.132812 0.277344 0.128906 0.273438 0.128906 0.261719 0.125000 0.261719 0.113281 0.250000 0.109375 0.250000 0.105469 0.246094 0.097656 0.246094 0.093750 0.242188 0.089844 0.242188 0.085938 0.238281
4 0.183594 0.191406 0.183594 0.199219 0.179688 0.203125 0.148438 0.203125 0.148438 0.210938 0.156250 0.218750 0.156250 0.222656 0.164062 0.222656 0.171875 0.230469 0.175781 0.230469 0.179688 0.234375 0.195312 0.234375 0.199219 0.238281 0.207031 0.238281 0.210938 0.234375 0.210938 0.222656 0.207031 0.218750 0.207031 0.207031 0.203125 0.207031 0.199219 0.203125 0.199219 0.199219 0.195312 0.195312 0.195312 0.191406
4 0.269531 0.171875 0.269531 0.191406 0.265625 0.195312 0.261719 0.195312 0.261719 0.207031 0.265625 0.210938 0.269531 0.210938 0.273438 0.214844 0.273438 0.226562 0.281250 0.226562 0.285156 0.222656 0.285156 0.218750 0.289062 0.214844 0.292969 0.214844 0.296875 0.210938 0.300781 0.210938 0.300781 0.183594 0.289062 0.171875
4 0.152344 0.031250 0.152344 0.050781 0.148438 0.054688 0.144531 0.054688 0.140625 0.058594 0.140625 0.105469 0.152344 0.105469 0.156250 0.101562 0.167969 0.101562 0.167969 0.085938 0.164062 0.082031 0.160156 0.082031 0.152344 0.074219 0.152344 0.042969 0.156250 0.039062 0.164062 0.039062 0.164062 0.031250
4 0.558594 0.000000 0.558594 0.015625 0.562500 0.019531 0.562500 0.027344 0.566406 0.031250 0.566406 0.042969 0.578125 0.042969 0.578125 0.031250 0.582031 0.027344 0.597656 0.027344 0.601562 0.031250 0.601562 0.050781 0.597656 0.054688 0.585938 0.054688 0.585938 0.070312 0.578125 0.078125 0.574219 0.078125 0.574219 0.121094 0.570312 0.125000 0.562500 0.125000 0.562500 0.132812 0.566406 0.132812 0.570312 0.136719 0.570312 0.140625 0.589844 0.140625 0.589844 0.101562 0.593750 0.097656 0.628906 0.097656 0.632812 0.101562 0.640625 0.101562 0.644531 0.097656 0.644531 0.089844 0.640625 0.089844 0.636719 0.085938 0.636719 0.078125 0.605469 0.078125 0.601562 0.074219 0.601562 0.054688 0.605469 0.050781 0.652344 0.050781 0.656250 0.046875 0.656250 0.039062 0.648438 0.039062 0.644531 0.035156 0.644531 0.031250 0.632812 0.031250 0.625000 0.023438 0.597656 0.023438 0.593750 0.019531 0.593750 0.000000
