4 0.402344 0.765625 0.398438 0.769531 0.386719 0.769531 0.386719 0.785156 0.390625 0.789062 0.390625 0.800781 0.394531 0.804688 0.394531 0.808594 0.398438 0.808594 0.402344 0.812500 0.402344 0.816406 0.406250 0.820312 0.406250 0.835938 0.410156 0.839844 0.410156 0.843750 0.417969 0.851562 0.429688 0.851562 0.433594 0.855469 0.433594 0.859375 0.441406 0.867188 0.441406 0.871094 0.449219 0.871094 0.449219 0.847656 0.453125 0.843750 0.468750 0.843750 0.484375 0.859375 0.488281 0.859375 0.500000 0.871094 0.500000 0.875000 0.519531 0.894531 0.519531 0.898438 0.531250 0.910156 0.531250 0.929688 0.523438 0.937500 0.519531 0.937500 0.519531 0.945312 0.527344 0.953125 0.527344 0.957031 0.531250 0.957031 0.535156 0.960938 0.546875 0.960938 0.550781 0.964844 0.554688 0.964844 0.558594 0.968750 0.558594 0.980469 0.566406 0.980469 0.570312 0.984375 0.578125 0.984375 0.582031 0.988281 0.582031 0.996094 0.589844 0.996094 0.589844 0.968750 0.582031 0.960938 0.578125 0.960938 0.574219 0.957031 0.570312 0.957031 0.562500 0.949219 0.562500 0.945312 0.558594 0.941406 0.558594 0.937500 0.554688 0.933594 0.554688 0.929688 0.539062 0.914062 0.539062 0.894531 0.535156 0.894531 0.531250 0.890625 0.527344 0.890625 0.523438 0.886719 0.523438 0.882812 0.507812 0.867188 0.507812 0.863281 0.503906 0.859375 0.503906 0.851562 0.500000 0.847656 0.500000 0.843750 0.496094 0.839844 0.496094 0.835938 0.488281 0.828125 0.488281 0.824219 0.484375 0.820312 0.484375 0.816406 0.476562 0.808594 0.476562 0.804688 0.472656 0.804688 0.468750 0.800781 0.468750 0.792969 0.464844 0.789062 0.464844 0.781250 0.457031 0.781250 0.457031 0.812500 0.453125 0.816406 0.425781 0.816406 0.421875 0.812500 0.421875 0.789062 0.417969 0.785156 0.417969 0.765625
4 0.343750 0.664062 0.343750 0.671875 0.351562 0.671875 0.351562 0.664062
4 0.476562 0.640625 0.476562 0.648438 0.484375 0.648438 0.484375 0.640625
4 0.253906 0.636719 0.253906 0.644531 0.261719 0.644531 0.265625 0.648438 0.265625 0.656250 0.277344 0.656250 0.277344 0.648438 0.265625 0.648438 0.261719 0.644531 0.261719 0.636719
4 0.187500 0.597656 0.187500 0.609375 0.203125 0.609375 0.207031 0.613281 0.214844 0.613281 0.214844 0.605469 0.210938 0.605469 0.207031 0.601562 0.203125 0.601562 0.199219 0.597656
4 0.105469 0.535156 0.101562 0.539062 0.101562 0.550781 0.117188 0.550781 0.117188 0.542969 0.113281 0.539062 0.113281 0.535156
4 0.308594 0.519531 0.304688 0.523438 0.296875 0.523438 0.296875 0.535156 0.300781 0.539062 0.300781 0.558594 0.296875 0.562500 0.292969 0.562500 0.285156 0.570312 0.285156 0.578125 0.289062 0.582031 0.320312 0.582031 0.320312 0.578125 0.324219 0.574219 0.351562 0.574219 0.351562 0.570312 0.359375 0.562500 0.363281 0.562500 0.363281 0.554688 0.339844 0.554688 0.335938 0.550781 0.328125 0.550781 0.320312 0.542969 0.320312 0.519531
4 0.363281 0.460938 0.363281 0.464844 0.359375 0.468750 0.339844 0.468750 0.339844 0.484375 0.347656 0.484375 0.355469 0.476562 0.359375 0.476562 0.359375 0.472656 0.363281 0.468750 0.375000 0.468750 0.375000 0.460938
4 0.269531 0.437500 0.265625 0.441406 0.265625 0.464844 0.261719 0.468750 0.257812 0.468750 0.257812 0.480469 0.269531 0.480469 0.269531 0.476562 0.273438 0.472656 0.304688 0.472656 0.308594 0.476562 0.316406 0.476562 0.316406 0.464844 0.312500 0.464844 0.308594 0.460938 0.308594 0.457031 0.304688 0.453125 0.304688 0.449219 0.300781 0.445312 0.285156 0.445312 0.277344 0.437500
4 0.464844 0.425781 0.464844 0.429688 0.457031 0.437500 0.441406 0.437500 0.441406 0.449219 0.437500 0.453125 0.410156 0.453125 0.410156 0.472656 0.402344 0.480469 0.402344 0.488281 0.406250 0.492188 0.406250 0.496094 0.410156 0.500000 0.410156 0.507812 0.417969 0.515625 0.417969 0.542969 0.414062 0.546875 0.410156 0.546875 0.410156 0.554688 0.414062 0.554688 0.417969 0.558594 0.421875 0.558594 0.425781 0.562500 0.425781 0.601562 0.417969 0.609375 0.417969 0.613281 0.414062 0.617188 0.375000 0.617188 0.371094 0.613281 0.371094 0.609375 0.367188 0.605469 0.347656 0.605469 0.347656 0.613281 0.351562 0.613281 0.355469 0.617188 0.371094 0.617188 0.375000 0.621094 0.375000 0.632812 0.386719 0.632812 0.394531 0.640625 0.394531 0.667969 0.390625 0.671875 0.386719 0.671875 0.386719 0.679688 0.394531 0.679688 0.398438 0.683594 0.398438 0.707031 0.402344 0.710938 0.410156 0.710938 0.414062 0.714844 0.414062 0.722656 0.417969 0.722656 0.421875 0.726562 0.421875 0.730469 0.433594 0.730469 0.433594 0.722656 0.437500 0.718750 0.437500 0.710938 0.441406 0.707031 0.445312 0.707031 0.445312 0.691406 0.437500 0.683594 0.437500 0.664062 0.445312 0.656250 0.453125 0.656250 0.453125 0.648438 0.449219 0.648438 0.433594 0.632812 0.433594 0.628906 0.429688 0.625000 0.429688 0.589844 0.433594 0.585938 0.433594 0.542969 0.437500 0.539062 0.437500 0.535156 0.441406 0.531250 0.441406 0.515625 0.445312 0.511719 0.445312 0.507812 0.449219 0.503906 0.460938 0.503906 0.460938 0.449219 0.464844 0.445312 0.468750 0.445312 0.468750 0.437500 0.472656 0.433594 0.472656 0.425781
4 0.187500 0.398438 0.179688 0.406250 0.171875 0.406250 0.164062 0.414062 0.156250 0.414062 0.152344 0.417969 0.148438 0.417969 0.144531 0.421875 0.140625 0.421875 0.140625 0.425781 0.136719 0.429688 0.128906 0.429688 0.125000 0.433594 0.121094 0.433594 0.121094 0.441406 0.132812 0.441406 0.136719 0.437500 0.156250 0.437500 0.160156 0.441406 0.160156 0.445312 0.171875 0.445312 0.175781 0.449219 0.183594 0.449219 0.187500 0.453125 0.195312 0.453125 0.195312 0.414062 0.199219 0.410156 0.199219 0.398438
4 0.289062 0.386719 0.289062 0.394531 0.296875 0.394531 0.296875 0.386719
4 0.359375 0.292969 0.359375 0.296875 0.355469 0.300781 0.347656 0.300781 0.339844 0.308594 0.335938 0.308594 0.328125 0.316406 0.324219 0.316406 0.320312 0.320312 0.312500 0.320312 0.308594 0.324219 0.304688 0.324219 0.296875 0.332031 0.289062 0.332031 0.285156 0.335938 0.281250 0.335938 0.273438 0.343750 0.269531 0.343750 0.261719 0.351562 0.257812 0.351562 0.253906 0.355469 0.246094 0.355469 0.246094 0.359375 0.242188 0.363281 0.222656 0.363281 0.222656 0.367188 0.218750 0.371094 0.214844 0.371094 0.210938 0.375000 0.210938 0.386719 0.218750 0.386719 0.222656 0.382812 0.222656 0.375000 0.226562 0.371094 0.238281 0.371094 0.238281 0.367188 0.242188 0.363281 0.257812 0.363281 0.261719 0.367188 0.269531 0.367188 0.273438 0.363281 0.277344 0.363281 0.277344 0.359375 0.281250 0.355469 0.292969 0.355469 0.292969 0.351562 0.296875 0.347656 0.304688 0.347656 0.320312 0.332031 0.335938 0.332031 0.335938 0.328125 0.339844 0.324219 0.343750 0.324219 0.347656 0.320312 0.355469 0.320312 0.355469 0.316406 0.367188 0.304688 0.367188 0.292969
4 0.378906 0.281250 0.378906 0.289062 0.386719 0.289062 0.386719 0.281250
4 0.503906 0.136719 0.500000 0.140625 0.500000 0.144531 0.496094 0.148438 0.496094 0.152344 0.492188 0.156250 0.492188 0.160156 0.484375 0.167969 0.484375 0.171875 0.476562 0.179688 0.472656 0.179688 0.472656 0.199219 0.441406 0.230469 0.437500 0.230469 0.417969 0.250000 0.414062 0.250000 0.414062 0.253906 0.410156 0.257812 0.406250 0.257812 0.394531 0.269531 0.394531 0.277344 0.410156 0.277344 0.410156 0.273438 0.421875 0.261719 0.441406 0.261719 0.441406 0.253906 0.445312 0.250000 0.453125 0.250000 0.457031 0.246094 0.460938 0.246094 0.464844 0.242188 0.464844 0.238281 0.468750 0.234375 0.468750 0.226562 0.472656 0.222656 0.472656 0.218750 0.480469 0.210938 0.480469 0.207031 0.484375 0.203125 0.484375 0.199219 0.500000 0.183594 0.500000 0.179688 0.503906 0.175781 0.503906 0.171875 0.507812 0.167969 0.507812 0.164062 0.511719 0.160156 0.511719 0.152344 0.515625 0.148438 0.515625 0.136719
4 0.375000 0.042969 0.375000 0.050781 0.414062 0.089844 0.417969 0.089844 0.421875 0.093750 0.429688 0.093750 0.433594 0.089844 0.437500 0.089844 0.441406 0.085938 0.441406 0.074219 0.437500 0.074219 0.433594 0.070312 0.417969 0.070312 0.414062 0.066406 0.410156 0.066406 0.406250 0.062500 0.406250 0.058594 0.394531 0.046875 0.390625 0.046875 0.386719 0.042969
