4 0.414062 0.816406 0.414062 0.832031 0.425781 0.832031 0.429688 0.835938 0.429688 0.839844 0.437500 0.839844 0.441406 0.843750 0.441406 0.851562 0.449219 0.859375 0.472656 0.859375 0.476562 0.863281 0.476562 0.867188 0.503906 0.867188 0.503906 0.855469 0.492188 0.855469 0.488281 0.851562 0.488281 0.843750 0.480469 0.843750 0.476562 0.839844 0.476562 0.832031 0.468750 0.832031 0.464844 0.835938 0.445312 0.835938 0.441406 0.832031 0.441406 0.816406
4 0.621094 0.812500 0.621094 0.832031 0.613281 0.839844 0.613281 0.843750 0.609375 0.847656 0.589844 0.847656 0.589844 0.855469 0.585938 0.859375 0.570312 0.859375 0.566406 0.855469 0.566406 0.847656 0.562500 0.847656 0.558594 0.843750 0.558594 0.832031 0.550781 0.832031 0.550781 0.839844 0.542969 0.847656 0.535156 0.847656 0.535156 0.851562 0.527344 0.859375 0.527344 0.867188 0.539062 0.867188 0.542969 0.871094 0.542969 0.875000 0.546875 0.875000 0.550781 0.878906 0.574219 0.878906 0.582031 0.886719 0.582031 0.890625 0.585938 0.894531 0.585938 0.898438 0.589844 0.902344 0.597656 0.902344 0.605469 0.894531 0.621094 0.894531 0.621094 0.886719 0.625000 0.882812 0.625000 0.878906 0.632812 0.871094 0.632812 0.835938 0.636719 0.832031 0.636719 0.824219 0.632812 0.820312 0.632812 0.812500
4 0.398438 0.804688 0.398438 0.812500 0.406250 0.812500 0.406250 0.804688
4 0.664062 0.792969 0.660156 0.796875 0.656250 0.796875 0.656250 0.804688 0.660156 0.808594 0.660156 0.816406 0.667969 0.816406 0.671875 0.820312 0.671875 0.828125 0.683594 0.828125 0.683594 0.820312 0.687500 0.816406 0.687500 0.812500 0.691406 0.808594 0.703125 0.808594 0.703125 0.796875 0.675781 0.796875 0.671875 0.792969
4 0.382812 0.792969 0.382812 0.800781 0.390625 0.800781 0.390625 0.792969
4 0.582031 0.785156 0.582031 0.789062 0.578125 0.792969 0.578125 0.800781 0.574219 0.804688 0.570312 0.804688 0.570312 0.816406 0.585938 0.816406 0.589844 0.812500 0.589844 0.785156
4 0.304688 0.726562 0.304688 0.738281 0.312500 0.738281 0.312500 0.726562
4 0.574219 0.691406 0.574219 0.738281 0.570312 0.742188 0.570312 0.750000 0.566406 0.753906 0.546875 0.753906 0.546875 0.761719 0.562500 0.761719 0.562500 0.757812 0.566406 0.753906 0.593750 0.753906 0.597656 0.757812 0.609375 0.757812 0.609375 0.750000 0.597656 0.750000 0.593750 0.746094 0.593750 0.730469 0.605469 0.718750 0.632812 0.718750 0.632812 0.710938 0.628906 0.707031 0.621094 0.707031 0.617188 0.703125 0.617188 0.695312 0.609375 0.695312 0.605469 0.699219 0.585938 0.699219 0.582031 0.695312 0.582031 0.691406
4 0.316406 0.683594 0.316406 0.687500 0.312500 0.691406 0.296875 0.691406 0.296875 0.703125 0.316406 0.703125 0.320312 0.699219 0.332031 0.699219 0.332031 0.691406 0.328125 0.687500 0.328125 0.683594
4 0.761719 0.593750 0.757812 0.597656 0.757812 0.617188 0.769531 0.617188 0.769531 0.593750
4 0.488281 0.593750 0.488281 0.601562 0.492188 0.605469 0.492188 0.613281 0.500000 0.613281 0.503906 0.609375 0.503906 0.601562 0.500000 0.597656 0.500000 0.593750
4 0.039062 0.570312 0.039062 0.578125 0.035156 0.582031 0.031250 0.582031 0.027344 0.585938 0.019531 0.585938 0.019531 0.593750 0.015625 0.597656 0.011719 0.597656 0.011719 0.609375 0.015625 0.609375 0.019531 0.613281 0.019531 0.617188 0.027344 0.617188 0.027344 0.609375 0.031250 0.605469 0.054688 0.605469 0.058594 0.609375 0.058594 0.625000 0.062500 0.628906 0.062500 0.648438 0.070312 0.648438 0.074219 0.652344 0.074219 0.656250 0.082031 0.656250 0.082031 0.652344 0.085938 0.648438 0.117188 0.648438 0.121094 0.652344 0.132812 0.652344 0.136719 0.656250 0.136719 0.660156 0.140625 0.664062 0.140625 0.667969 0.144531 0.671875 0.148438 0.671875 0.152344 0.675781 0.152344 0.687500 0.160156 0.687500 0.164062 0.691406 0.164062 0.695312 0.171875 0.695312 0.175781 0.691406 0.175781 0.683594 0.164062 0.683594 0.160156 0.679688 0.160156 0.675781 0.156250 0.671875 0.156250 0.660156 0.152344 0.656250 0.148438 0.656250 0.144531 0.652344 0.132812 0.652344 0.128906 0.648438 0.128906 0.644531 0.117188 0.644531 0.109375 0.636719 0.105469 0.636719 0.101562 0.632812 0.101562 0.628906 0.097656 0.625000 0.097656 0.617188 0.093750 0.613281 0.085938 0.613281 0.082031 0.609375 0.082031 0.597656 0.062500 0.597656 0.058594 0.593750 0.058594 0.574219 0.054688 0.570312
4 0.011719 0.480469 0.011719 0.488281 0.015625 0.492188 0.015625 0.496094 0.023438 0.496094 0.027344 0.492188 0.031250 0.492188 0.031250 0.484375 0.023438 0.484375 0.019531 0.480469
4 0.261719 0.445312 0.261719 0.460938 0.257812 0.464844 0.257812 0.480469 0.253906 0.484375 0.250000 0.484375 0.246094 0.488281 0.246094 0.507812 0.242188 0.511719 0.222656 0.511719 0.222656 0.515625 0.218750 0.519531 0.187500 0.519531 0.187500 0.527344 0.183594 0.531250 0.164062 0.531250 0.160156 0.527344 0.152344 0.527344 0.152344 0.531250 0.144531 0.539062 0.140625 0.539062 0.140625 0.546875 0.144531 0.546875 0.148438 0.550781 0.148438 0.570312 0.144531 0.574219 0.132812 0.574219 0.132812 0.582031 0.144531 0.582031 0.148438 0.585938 0.164062 0.585938 0.167969 0.589844 0.167969 0.597656 0.179688 0.597656 0.187500 0.589844 0.187500 0.582031 0.191406 0.578125 0.191406 0.562500 0.187500 0.558594 0.187500 0.554688 0.179688 0.554688 0.175781 0.550781 0.175781 0.535156 0.179688 0.531250 0.210938 0.531250 0.218750 0.539062 0.218750 0.542969 0.230469 0.542969 0.234375 0.539062 0.250000 0.539062 0.253906 0.542969 0.257812 0.542969 0.261719 0.546875 0.261719 0.566406 0.257812 0.570312 0.257812 0.578125 0.261719 0.582031 0.261719 0.593750 0.269531 0.593750 0.273438 0.589844 0.277344 0.589844 0.281250 0.585938 0.281250 0.578125 0.296875 0.562500 0.300781 0.562500 0.300781 0.558594 0.304688 0.554688 0.304688 0.539062 0.308594 0.535156 0.308594 0.527344 0.312500 0.523438 0.316406 0.523438 0.316406 0.515625 0.308594 0.515625 0.304688 0.511719 0.304688 0.507812 0.300781 0.503906 0.285156 0.503906 0.281250 0.500000 0.281250 0.480469 0.285156 0.476562 0.304688 0.476562 0.304688 0.453125 0.296875 0.453125 0.292969 0.457031 0.277344 0.457031 0.273438 0.453125 0.273438 0.445312
4 0.105469 0.425781 0.105469 0.429688 0.101562 0.433594 0.085938 0.433594 0.082031 0.429688 0.074219 0.429688 0.070312 0.433594 0.066406 0.433594 0.066406 0.457031 0.062500 0.460938 0.054688 0.460938 0.046875 0.468750 0.046875 0.476562 0.050781 0.476562 0.054688 0.480469 0.054688 0.503906 0.058594 0.507812 0.058594 0.523438 0.078125 0.523438 0.078125 0.515625 0.074219 0.511719 0.074219 0.500000 0.070312 0.496094 0.070312 0.492188 0.066406 0.488281 0.066406 0.472656 0.070312 0.468750 0.085938 0.468750 0.089844 0.472656 0.105469 0.472656 0.109375 0.468750 0.109375 0.441406 0.113281 0.437500 0.132812 0.437500 0.132812 0.429688 0.128906 0.429688 0.125000 0.425781
4 0.515625 0.414062 0.515625 0.421875 0.527344 0.421875 0.527344 0.414062
4 0.476562 0.410156 0.476562 0.417969 0.472656 0.421875 0.468750 0.421875 0.468750 0.433594 0.480469 0.433594 0.484375 0.437500 0.484375 0.441406 0.496094 0.441406 0.496094 0.433594 0.492188 0.429688 0.492188 0.417969 0.488281 0.414062 0.488281 0.410156
4 0.574219 0.382812 0.574219 0.394531 0.570312 0.398438 0.554688 0.398438 0.554688 0.410156 0.558594 0.410156 0.562500 0.414062 0.562500 0.429688 0.578125 0.429688 0.582031 0.433594 0.589844 0.433594 0.589844 0.429688 0.593750 0.425781 0.593750 0.398438 0.589844 0.394531 0.589844 0.390625 0.585938 0.390625 0.582031 0.386719 0.582031 0.382812
4 0.304688 0.343750 0.304688 0.371094 0.300781 0.375000 0.289062 0.375000 0.289062 0.382812 0.296875 0.382812 0.300781 0.378906 0.316406 0.378906 0.320312 0.382812 0.328125 0.382812 0.332031 0.386719 0.332031 0.402344 0.339844 0.410156 0.339844 0.414062 0.343750 0.417969 0.351562 0.417969 0.355469 0.414062 0.371094 0.414062 0.375000 0.417969 0.382812 0.417969 0.386719 0.421875 0.394531 0.421875 0.402344 0.429688 0.402344 0.433594 0.410156 0.441406 0.410156 0.445312 0.414062 0.445312 0.421875 0.453125 0.421875 0.460938 0.425781 0.464844 0.425781 0.468750 0.437500 0.468750 0.441406 0.472656 0.441406 0.488281 0.437500 0.492188 0.437500 0.500000 0.429688 0.507812 0.402344 0.507812 0.398438 0.511719 0.386719 0.511719 0.386719 0.519531 0.398438 0.519531 0.402344 0.523438 0.402344 0.539062 0.406250 0.542969 0.406250 0.550781 0.410156 0.554688 0.429688 0.554688 0.433594 0.558594 0.433594 0.570312 0.437500 0.570312 0.441406 0.574219 0.441406 0.582031 0.449219 0.582031 0.449219 0.566406 0.445312 0.562500 0.445312 0.535156 0.449219 0.531250 0.457031 0.531250 0.457031 0.527344 0.464844 0.519531 0.484375 0.519531 0.488281 0.523438 0.488281 0.527344 0.496094 0.527344 0.500000 0.531250 0.500000 0.546875 0.503906 0.550781 0.503906 0.554688 0.519531 0.554688 0.523438 0.558594 0.523438 0.562500 0.531250 0.562500 0.535156 0.558594 0.562500 0.558594 0.570312 0.566406 0.570312 0.570312 0.574219 0.574219 0.574219 0.593750 0.570312 0.597656 0.566406 0.597656 0.566406 0.605469 0.562500 0.609375 0.562500 0.636719 0.558594 0.640625 0.554688 0.640625 0.554688 0.652344 0.562500 0.652344 0.562500 0.648438 0.566406 0.644531 0.582031 0.644531 0.585938 0.648438 0.593750 0.648438 0.593750 0.644531 0.597656 0.640625 0.605469 0.640625 0.609375 0.636719 0.609375 0.625000 0.613281 0.621094 0.636719 0.621094 0.636719 0.617188 0.640625 0.613281 0.656250 0.613281 0.660156 0.617188 0.660156 0.644531 0.656250 0.648438 0.656250 0.671875 0.664062 0.671875 0.667969 0.667969 0.667969 0.656250 0.671875 0.652344 0.695312 0.652344 0.699219 0.656250 0.699219 0.664062 0.718750 0.664062 0.718750 0.656250 0.714844 0.652344 0.710938 0.652344 0.703125 0.644531 0.703125 0.640625 0.699219 0.636719 0.699219 0.632812 0.691406 0.625000 0.691406 0.613281 0.687500 0.609375 0.687500 0.589844 0.691406 0.585938 0.691406 0.574219 0.687500 0.574219 0.683594 0.570312 0.683594 0.566406 0.679688 0.562500 0.679688 0.550781 0.671875 0.542969 0.671875 0.535156 0.667969 0.531250 0.667969 0.515625 0.671875 0.511719 0.683594 0.511719 0.683594 0.503906 0.675781 0.496094 0.667969 0.496094 0.667969 0.527344 0.664062 0.531250 0.628906 0.531250 0.625000 0.527344 0.625000 0.523438 0.597656 0.523438 0.589844 0.515625 0.589844 0.511719 0.585938 0.507812 0.574219 0.507812 0.574219 0.531250 0.570312 0.535156 0.554688 0.535156 0.550781 0.531250 0.535156 0.531250 0.531250 0.527344 0.519531 0.527344 0.515625 0.523438 0.503906 0.523438 0.500000 0.519531 0.480469 0.519531 0.476562 0.515625 0.476562 0.511719 0.468750 0.511719 0.464844 0.507812 0.464844 0.496094 0.453125 0.496094 0.449219 0.492188 0.449219 0.476562 0.453125 0.472656 0.453125 0.457031 0.449219 0.453125 0.449219 0.449219 0.445312 0.445312 0.445312 0.441406 0.441406 0.437500 0.441406 0.433594 0.421875 0.433594 0.417969 0.429688 0.417969 0.425781 0.410156 0.417969 0.410156 0.414062 0.398438 0.414062 0.390625 0.406250 0.390625 0.402344 0.382812 0.402344 0.378906 0.398438 0.378906 0.382812 0.375000 0.378906 0.375000 0.371094 0.359375 0.371094 0.355469 0.367188 0.343750 0.367188 0.339844 0.363281 0.335938 0.363281 0.332031 0.359375 0.332031 0.355469 0.328125 0.355469 0.316406 0.343750
4 0.542969 0.332031 0.542969 0.343750 0.539062 0.347656 0.539062 0.355469 0.546875 0.355469 0.546875 0.343750 0.550781 0.339844 0.550781 0.332031
4 0.726562 0.308594 0.726562 0.339844 0.722656 0.343750 0.714844 0.343750 0.714844 0.347656 0.710938 0.351562 0.695312 0.351562 0.691406 0.347656 0.683594 0.347656 0.683594 0.359375 0.679688 0.363281 0.667969 0.363281 0.667969 0.371094 0.675781 0.371094 0.679688 0.375000 0.679688 0.390625 0.675781 0.394531 0.667969 0.394531 0.664062 0.398438 0.660156 0.398438 0.660156 0.402344 0.656250 0.406250 0.648438 0.406250 0.648438 0.417969 0.667969 0.417969 0.675781 0.425781 0.683594 0.425781 0.683594 0.398438 0.687500 0.394531 0.722656 0.394531 0.726562 0.398438 0.726562 0.417969 0.734375 0.417969 0.734375 0.414062 0.742188 0.406250 0.746094 0.406250 0.746094 0.394531 0.750000 0.390625 0.769531 0.390625 0.773438 0.394531 0.773438 0.398438 0.777344 0.402344 0.777344 0.414062 0.804688 0.414062 0.808594 0.417969 0.808594 0.445312 0.812500 0.449219 0.812500 0.460938 0.816406 0.460938 0.824219 0.468750 0.824219 0.503906 0.828125 0.507812 0.828125 0.511719 0.832031 0.515625 0.832031 0.527344 0.835938 0.531250 0.835938 0.550781 0.839844 0.554688 0.839844 0.578125 0.835938 0.582031 0.808594 0.582031 0.808594 0.589844 0.820312 0.589844 0.824219 0.593750 0.824219 0.628906 0.820312 0.632812 0.804688 0.632812 0.804688 0.640625 0.812500 0.640625 0.816406 0.644531 0.816406 0.648438 0.835938 0.648438 0.839844 0.644531 0.839844 0.636719 0.843750 0.632812 0.843750 0.625000 0.847656 0.621094 0.855469 0.621094 0.859375 0.617188 0.867188 0.617188 0.871094 0.613281 0.875000 0.613281 0.875000 0.609375 0.878906 0.605469 0.882812 0.605469 0.890625 0.597656 0.890625 0.578125 0.894531 0.574219 0.910156 0.574219 0.914062 0.570312 0.914062 0.554688 0.910156 0.550781 0.910156 0.546875 0.902344 0.546875 0.898438 0.550781 0.898438 0.554688 0.894531 0.558594 0.871094 0.558594 0.867188 0.554688 0.867188 0.550781 0.863281 0.546875 0.863281 0.539062 0.851562 0.539062 0.847656 0.535156 0.843750 0.535156 0.839844 0.531250 0.839844 0.496094 0.835938 0.492188 0.835938 0.476562 0.839844 0.472656 0.839844 0.468750 0.843750 0.464844 0.859375 0.464844 0.859375 0.457031 0.855469 0.453125 0.839844 0.453125 0.835938 0.449219 0.835938 0.437500 0.832031 0.433594 0.828125 0.433594 0.824219 0.429688 0.824219 0.417969 0.812500 0.406250 0.812500 0.390625 0.808594 0.386719 0.789062 0.386719 0.785156 0.382812 0.785156 0.378906 0.777344 0.371094 0.777344 0.367188 0.773438 0.363281 0.773438 0.359375 0.769531 0.355469 0.769531 0.347656 0.765625 0.347656 0.761719 0.343750 0.761719 0.339844 0.750000 0.328125 0.746094 0.328125 0.742188 0.324219 0.742188 0.312500 0.738281 0.308594
4 0.359375 0.167969 0.351562 0.175781 0.343750 0.175781 0.343750 0.183594 0.339844 0.187500 0.320312 0.187500 0.316406 0.183594 0.304688 0.183594 0.304688 0.187500 0.300781 0.191406 0.289062 0.191406 0.285156 0.195312 0.253906 0.195312 0.250000 0.199219 0.246094 0.199219 0.238281 0.207031 0.234375 0.207031 0.234375 0.210938 0.230469 0.214844 0.210938 0.214844 0.207031 0.218750 0.203125 0.218750 0.191406 0.230469 0.191406 0.234375 0.187500 0.238281 0.183594 0.238281 0.167969 0.253906 0.167969 0.265625 0.164062 0.269531 0.164062 0.273438 0.160156 0.277344 0.160156 0.296875 0.156250 0.300781 0.140625 0.300781 0.136719 0.304688 0.132812 0.304688 0.125000 0.312500 0.125000 0.347656 0.121094 0.351562 0.117188 0.351562 0.113281 0.355469 0.105469 0.355469 0.105469 0.363281 0.109375 0.367188 0.109375 0.386719 0.105469 0.390625 0.097656 0.390625 0.097656 0.398438 0.105469 0.398438 0.105469 0.390625 0.109375 0.386719 0.128906 0.386719 0.128906 0.378906 0.132812 0.375000 0.132812 0.347656 0.136719 0.343750 0.136719 0.339844 0.140625 0.335938 0.156250 0.335938 0.160156 0.339844 0.167969 0.339844 0.171875 0.335938 0.175781 0.335938 0.179688 0.332031 0.179688 0.320312 0.175781 0.316406 0.175781 0.285156 0.179688 0.281250 0.210938 0.281250 0.214844 0.285156 0.218750 0.285156 0.222656 0.289062 0.222656 0.292969 0.226562 0.296875 0.242188 0.296875 0.246094 0.300781 0.246094 0.308594 0.269531 0.308594 0.273438 0.312500 0.273438 0.320312 0.277344 0.320312 0.281250 0.324219 0.281250 0.335938 0.296875 0.335938 0.296875 0.328125 0.292969 0.324219 0.292969 0.289062 0.285156 0.281250 0.285156 0.265625 0.289062 0.261719 0.292969 0.261719 0.292969 0.253906 0.296875 0.250000 0.308594 0.250000 0.308594 0.234375 0.304688 0.234375 0.300781 0.230469 0.296875 0.230469 0.292969 0.226562 0.292969 0.210938 0.300781 0.203125 0.316406 0.203125 0.320312 0.207031 0.328125 0.207031 0.332031 0.210938 0.332031 0.222656 0.335938 0.222656 0.339844 0.226562 0.339844 0.230469 0.343750 0.234375 0.343750 0.257812 0.351562 0.257812 0.355469 0.253906 0.355469 0.218750 0.359375 0.214844 0.363281 0.214844 0.363281 0.207031 0.355469 0.207031 0.351562 0.203125 0.351562 0.187500 0.359375 0.179688 0.363281 0.179688 0.367188 0.175781 0.371094 0.175781 0.371094 0.167969
4 0.394531 0.160156 0.394531 0.167969 0.410156 0.167969 0.421875 0.179688 0.421875 0.183594 0.460938 0.183594 0.464844 0.187500 0.464844 0.195312 0.472656 0.203125 0.472656 0.222656 0.468750 0.226562 0.468750 0.238281 0.472656 0.242188 0.488281 0.242188 0.492188 0.246094 0.492188 0.269531 0.488281 0.273438 0.484375 0.273438 0.480469 0.277344 0.480469 0.281250 0.476562 0.285156 0.472656 0.285156 0.468750 0.289062 0.464844 0.289062 0.464844 0.300781 0.472656 0.308594 0.472656 0.324219 0.468750 0.328125 0.464844 0.328125 0.464844 0.339844 0.468750 0.343750 0.468750 0.347656 0.476562 0.347656 0.476562 0.343750 0.480469 0.339844 0.484375 0.339844 0.484375 0.332031 0.488281 0.328125 0.503906 0.328125 0.503906 0.324219 0.507812 0.320312 0.511719 0.320312 0.511719 0.308594 0.507812 0.304688 0.503906 0.304688 0.500000 0.300781 0.500000 0.296875 0.496094 0.292969 0.496094 0.257812 0.500000 0.253906 0.503906 0.253906 0.503906 0.250000 0.507812 0.246094 0.507812 0.218750 0.511719 0.214844 0.515625 0.214844 0.515625 0.210938 0.523438 0.203125 0.546875 0.203125 0.550781 0.207031 0.550781 0.210938 0.562500 0.210938 0.566406 0.214844 0.566406 0.242188 0.578125 0.242188 0.578125 0.238281 0.582031 0.234375 0.597656 0.234375 0.601562 0.238281 0.601562 0.253906 0.609375 0.261719 0.609375 0.277344 0.625000 0.277344 0.628906 0.281250 0.628906 0.285156 0.632812 0.289062 0.632812 0.292969 0.640625 0.292969 0.640625 0.273438 0.636719 0.269531 0.636719 0.242188 0.640625 0.238281 0.664062 0.238281 0.667969 0.242188 0.667969 0.246094 0.675781 0.246094 0.675781 0.238281 0.652344 0.238281 0.648438 0.234375 0.648438 0.230469 0.644531 0.226562 0.644531 0.222656 0.632812 0.222656 0.628906 0.218750 0.628906 0.214844 0.621094 0.214844 0.617188 0.210938 0.617188 0.191406 0.613281 0.187500 0.613281 0.183594 0.609375 0.183594 0.605469 0.179688 0.601562 0.179688 0.597656 0.175781 0.585938 0.175781 0.582031 0.171875 0.480469 0.171875 0.476562 0.167969 0.476562 0.164062 0.464844 0.164062 0.460938 0.167969 0.433594 0.167969 0.429688 0.164062 0.421875 0.164062 0.417969 0.160156
