4 0.507812 0.808594 0.507812 0.816406 0.515625 0.816406 0.515625 0.808594
4 0.476562 0.777344 0.472656 0.781250 0.449219 0.781250 0.449219 0.785156 0.445312 0.789062 0.433594 0.789062 0.433594 0.796875 0.445312 0.796875 0.449219 0.792969 0.468750 0.792969 0.472656 0.796875 0.484375 0.796875 0.488281 0.800781 0.500000 0.800781 0.500000 0.792969 0.496094 0.789062 0.496094 0.785156 0.492188 0.781250 0.492188 0.777344
4 0.371094 0.777344 0.371094 0.785156 0.378906 0.785156 0.378906 0.777344
4 0.324219 0.757812 0.324219 0.765625 0.332031 0.765625 0.332031 0.757812
4 0.253906 0.707031 0.253906 0.714844 0.261719 0.714844 0.261719 0.707031
4 0.390625 0.675781 0.390625 0.683594 0.386719 0.687500 0.386719 0.695312 0.390625 0.699219 0.390625 0.722656 0.394531 0.726562 0.394531 0.738281 0.398438 0.742188 0.406250 0.742188 0.406250 0.710938 0.402344 0.707031 0.402344 0.703125 0.398438 0.699219 0.398438 0.675781
4 0.218750 0.660156 0.218750 0.675781 0.222656 0.679688 0.222656 0.683594 0.226562 0.687500 0.226562 0.699219 0.230469 0.699219 0.234375 0.703125 0.242188 0.703125 0.242188 0.695312 0.238281 0.695312 0.234375 0.691406 0.234375 0.679688 0.230469 0.675781 0.230469 0.671875 0.226562 0.667969 0.226562 0.660156
4 0.703125 0.621094 0.703125 0.625000 0.699219 0.628906 0.699219 0.644531 0.703125 0.644531 0.707031 0.648438 0.707031 0.660156 0.714844 0.660156 0.714844 0.621094
4 0.871094 0.546875 0.871094 0.558594 0.875000 0.562500 0.878906 0.562500 0.882812 0.566406 0.890625 0.566406 0.894531 0.570312 0.894531 0.593750 0.910156 0.593750 0.921875 0.582031 0.921875 0.562500 0.917969 0.558594 0.890625 0.558594 0.882812 0.550781 0.882812 0.546875
4 0.898438 0.523438 0.898438 0.531250 0.906250 0.531250 0.906250 0.523438
4 0.488281 0.511719 0.488281 0.515625 0.484375 0.519531 0.484375 0.527344 0.476562 0.535156 0.472656 0.535156 0.472656 0.539062 0.468750 0.542969 0.464844 0.542969 0.460938 0.546875 0.457031 0.546875 0.453125 0.550781 0.425781 0.550781 0.421875 0.546875 0.417969 0.546875 0.414062 0.542969 0.414062 0.539062 0.406250 0.539062 0.402344 0.542969 0.398438 0.542969 0.394531 0.546875 0.367188 0.546875 0.363281 0.550781 0.347656 0.550781 0.343750 0.546875 0.332031 0.546875 0.328125 0.550781 0.308594 0.550781 0.308594 0.554688 0.296875 0.566406 0.289062 0.566406 0.289062 0.589844 0.285156 0.593750 0.269531 0.593750 0.269531 0.601562 0.273438 0.605469 0.273438 0.609375 0.281250 0.609375 0.285156 0.605469 0.308594 0.605469 0.308594 0.601562 0.312500 0.597656 0.312500 0.578125 0.316406 0.574219 0.335938 0.574219 0.339844 0.578125 0.339844 0.585938 0.343750 0.589844 0.343750 0.609375 0.335938 0.617188 0.335938 0.625000 0.339844 0.628906 0.359375 0.628906 0.359375 0.625000 0.363281 0.621094 0.363281 0.617188 0.367188 0.613281 0.371094 0.613281 0.371094 0.597656 0.375000 0.593750 0.382812 0.593750 0.382812 0.574219 0.386719 0.570312 0.402344 0.570312 0.406250 0.574219 0.425781 0.574219 0.425781 0.570312 0.429688 0.566406 0.457031 0.566406 0.460938 0.562500 0.488281 0.562500 0.496094 0.554688 0.500000 0.554688 0.503906 0.550781 0.503906 0.546875 0.507812 0.542969 0.515625 0.542969 0.515625 0.535156 0.511719 0.535156 0.507812 0.531250 0.503906 0.531250 0.496094 0.523438 0.496094 0.511719
4 0.289062 0.511719 0.285156 0.515625 0.285156 0.527344 0.289062 0.531250 0.289062 0.535156 0.304688 0.535156 0.304688 0.531250 0.308594 0.527344 0.308594 0.511719
4 0.093750 0.476562 0.089844 0.480469 0.085938 0.480469 0.074219 0.492188 0.074219 0.531250 0.070312 0.535156 0.070312 0.550781 0.074219 0.554688 0.074219 0.558594 0.078125 0.558594 0.082031 0.562500 0.105469 0.562500 0.105469 0.554688 0.109375 0.550781 0.117188 0.550781 0.117188 0.546875 0.121094 0.542969 0.128906 0.542969 0.128906 0.539062 0.132812 0.535156 0.148438 0.535156 0.152344 0.539062 0.152344 0.542969 0.175781 0.542969 0.179688 0.546875 0.179688 0.558594 0.187500 0.558594 0.191406 0.562500 0.199219 0.562500 0.203125 0.566406 0.203125 0.585938 0.210938 0.585938 0.210938 0.570312 0.207031 0.566406 0.207031 0.546875 0.203125 0.546875 0.199219 0.542969 0.199219 0.535156 0.195312 0.531250 0.195312 0.507812 0.199219 0.503906 0.199219 0.492188 0.191406 0.492188 0.191406 0.496094 0.183594 0.503906 0.179688 0.503906 0.175781 0.507812 0.148438 0.507812 0.144531 0.503906 0.140625 0.503906 0.132812 0.496094 0.132812 0.492188 0.117188 0.492188 0.113281 0.488281 0.105469 0.488281 0.101562 0.484375 0.101562 0.476562
4 0.535156 0.464844 0.531250 0.468750 0.507812 0.468750 0.507812 0.484375 0.511719 0.484375 0.515625 0.488281 0.523438 0.488281 0.527344 0.492188 0.527344 0.496094 0.550781 0.496094 0.550781 0.476562 0.542969 0.468750 0.542969 0.464844
4 0.828125 0.433594 0.828125 0.460938 0.824219 0.464844 0.816406 0.464844 0.812500 0.468750 0.800781 0.468750 0.800781 0.472656 0.796875 0.476562 0.796875 0.496094 0.800781 0.496094 0.804688 0.500000 0.804688 0.507812 0.812500 0.507812 0.816406 0.511719 0.816406 0.539062 0.812500 0.542969 0.808594 0.542969 0.808594 0.550781 0.804688 0.554688 0.800781 0.554688 0.800781 0.558594 0.796875 0.562500 0.792969 0.562500 0.792969 0.566406 0.789062 0.570312 0.789062 0.574219 0.785156 0.578125 0.769531 0.578125 0.765625 0.582031 0.765625 0.589844 0.761719 0.593750 0.742188 0.593750 0.742188 0.601562 0.761719 0.601562 0.765625 0.605469 0.765625 0.613281 0.781250 0.613281 0.785156 0.617188 0.785156 0.648438 0.781250 0.652344 0.753906 0.652344 0.753906 0.664062 0.746094 0.671875 0.746094 0.714844 0.742188 0.718750 0.718750 0.718750 0.714844 0.722656 0.707031 0.722656 0.703125 0.726562 0.691406 0.726562 0.691406 0.738281 0.687500 0.742188 0.667969 0.742188 0.667969 0.750000 0.675781 0.750000 0.679688 0.746094 0.707031 0.746094 0.710938 0.742188 0.714844 0.742188 0.718750 0.738281 0.750000 0.738281 0.750000 0.734375 0.753906 0.730469 0.757812 0.730469 0.757812 0.726562 0.761719 0.722656 0.773438 0.722656 0.773438 0.710938 0.765625 0.710938 0.761719 0.707031 0.761719 0.691406 0.769531 0.683594 0.769531 0.675781 0.773438 0.671875 0.781250 0.671875 0.781250 0.667969 0.789062 0.660156 0.789062 0.656250 0.792969 0.652344 0.800781 0.652344 0.804688 0.648438 0.804688 0.640625 0.820312 0.625000 0.820312 0.605469 0.824219 0.601562 0.828125 0.601562 0.828125 0.597656 0.832031 0.593750 0.832031 0.578125 0.835938 0.574219 0.835938 0.566406 0.839844 0.562500 0.839844 0.558594 0.847656 0.550781 0.847656 0.539062 0.839844 0.539062 0.835938 0.535156 0.835938 0.519531 0.839844 0.515625 0.871094 0.515625 0.875000 0.511719 0.878906 0.511719 0.878906 0.500000 0.875000 0.496094 0.867188 0.496094 0.863281 0.492188 0.863281 0.484375 0.859375 0.480469 0.859375 0.476562 0.855469 0.476562 0.851562 0.472656 0.843750 0.472656 0.835938 0.464844 0.835938 0.433594
4 0.359375 0.425781 0.355469 0.429688 0.355469 0.441406 0.347656 0.449219 0.343750 0.449219 0.343750 0.457031 0.339844 0.460938 0.335938 0.460938 0.335938 0.480469 0.339844 0.484375 0.351562 0.484375 0.355469 0.480469 0.355469 0.476562 0.359375 0.472656 0.359375 0.468750 0.363281 0.464844 0.367188 0.464844 0.371094 0.460938 0.378906 0.460938 0.378906 0.457031 0.382812 0.453125 0.386719 0.453125 0.390625 0.449219 0.394531 0.449219 0.398438 0.445312 0.398438 0.437500 0.390625 0.437500 0.386719 0.433594 0.375000 0.433594 0.367188 0.425781
