4 0.339844 0.878906 0.339844 0.886719 0.343750 0.890625 0.347656 0.890625 0.355469 0.898438 0.359375 0.898438 0.363281 0.902344 0.367188 0.902344 0.371094 0.906250 0.382812 0.906250 0.386719 0.910156 0.386719 0.917969 0.390625 0.921875 0.394531 0.921875 0.398438 0.925781 0.402344 0.925781 0.406250 0.929688 0.410156 0.929688 0.414062 0.933594 0.417969 0.933594 0.421875 0.937500 0.421875 0.941406 0.433594 0.941406 0.433594 0.933594 0.425781 0.933594 0.421875 0.929688 0.421875 0.921875 0.417969 0.917969 0.414062 0.917969 0.410156 0.914062 0.402344 0.914062 0.394531 0.906250 0.382812 0.906250 0.378906 0.902344 0.378906 0.898438 0.375000 0.898438 0.371094 0.894531 0.371094 0.886719 0.355469 0.886719 0.347656 0.878906
4 0.292969 0.832031 0.292969 0.843750 0.296875 0.847656 0.312500 0.847656 0.312500 0.839844 0.304688 0.832031
4 0.246094 0.792969 0.246094 0.800781 0.250000 0.804688 0.253906 0.804688 0.257812 0.808594 0.257812 0.812500 0.265625 0.812500 0.269531 0.816406 0.269531 0.824219 0.273438 0.828125 0.285156 0.828125 0.285156 0.816406 0.269531 0.816406 0.265625 0.812500 0.265625 0.800781 0.261719 0.800781 0.257812 0.796875 0.257812 0.792969
4 0.230469 0.777344 0.230469 0.785156 0.238281 0.785156 0.238281 0.777344
4 0.335938 0.605469 0.335938 0.613281 0.332031 0.617188 0.316406 0.617188 0.312500 0.621094 0.300781 0.621094 0.300781 0.628906 0.308594 0.628906 0.312500 0.632812 0.312500 0.644531 0.324219 0.644531 0.324219 0.640625 0.328125 0.636719 0.332031 0.636719 0.343750 0.625000 0.347656 0.625000 0.347656 0.613281 0.343750 0.609375 0.343750 0.605469
4 0.281250 0.605469 0.281250 0.613281 0.292969 0.613281 0.292969 0.605469
4 0.246094 0.562500 0.246094 0.570312 0.242188 0.574219 0.242188 0.582031 0.246094 0.585938 0.246094 0.589844 0.250000 0.593750 0.253906 0.593750 0.257812 0.597656 0.277344 0.597656 0.277344 0.578125 0.273438 0.574219 0.273438 0.570312 0.269531 0.566406 0.261719 0.566406 0.257812 0.562500
4 0.042969 0.550781 0.042969 0.558594 0.046875 0.562500 0.054688 0.562500 0.054688 0.554688 0.050781 0.550781
4 0.519531 0.527344 0.519531 0.535156 0.523438 0.539062 0.523438 0.554688 0.527344 0.558594 0.527344 0.562500 0.531250 0.566406 0.531250 0.574219 0.535156 0.574219 0.539062 0.578125 0.539062 0.582031 0.542969 0.585938 0.542969 0.601562 0.546875 0.605469 0.546875 0.609375 0.550781 0.613281 0.550781 0.621094 0.554688 0.625000 0.554688 0.644531 0.562500 0.652344 0.562500 0.656250 0.566406 0.660156 0.566406 0.664062 0.570312 0.667969 0.585938 0.667969 0.589844 0.671875 0.589844 0.679688 0.597656 0.679688 0.601562 0.683594 0.601562 0.687500 0.613281 0.687500 0.621094 0.695312 0.625000 0.695312 0.628906 0.699219 0.628906 0.703125 0.636719 0.703125 0.640625 0.699219 0.648438 0.699219 0.648438 0.683594 0.644531 0.679688 0.640625 0.679688 0.632812 0.671875 0.628906 0.671875 0.625000 0.667969 0.585938 0.667969 0.582031 0.664062 0.582031 0.656250 0.578125 0.652344 0.578125 0.644531 0.574219 0.640625 0.574219 0.621094 0.566406 0.621094 0.562500 0.617188 0.562500 0.613281 0.558594 0.613281 0.554688 0.609375 0.554688 0.550781 0.550781 0.550781 0.546875 0.546875 0.542969 0.546875 0.535156 0.539062 0.535156 0.531250 0.531250 0.527344
4 0.015625 0.472656 0.015625 0.476562 0.011719 0.480469 0.000000 0.480469 0.000000 0.500000 0.007812 0.500000 0.011719 0.503906 0.011719 0.507812 0.015625 0.511719 0.019531 0.511719 0.023438 0.515625 0.023438 0.527344 0.027344 0.531250 0.027344 0.535156 0.035156 0.535156 0.035156 0.519531 0.031250 0.515625 0.027344 0.515625 0.023438 0.511719 0.023438 0.492188 0.027344 0.488281 0.031250 0.488281 0.031250 0.480469 0.027344 0.476562 0.027344 0.472656
4 0.445312 0.453125 0.441406 0.457031 0.441406 0.460938 0.437500 0.464844 0.421875 0.464844 0.421875 0.472656 0.429688 0.480469 0.429688 0.527344 0.425781 0.531250 0.421875 0.531250 0.421875 0.539062 0.425781 0.542969 0.441406 0.542969 0.445312 0.546875 0.460938 0.546875 0.464844 0.550781 0.464844 0.554688 0.472656 0.554688 0.476562 0.550781 0.476562 0.542969 0.464844 0.542969 0.460938 0.539062 0.460938 0.519531 0.464844 0.515625 0.464844 0.484375 0.460938 0.480469 0.460938 0.472656 0.457031 0.472656 0.453125 0.468750 0.453125 0.453125
4 0.929688 0.421875 0.925781 0.425781 0.925781 0.457031 0.917969 0.464844 0.914062 0.464844 0.910156 0.468750 0.910156 0.476562 0.914062 0.480469 0.914062 0.488281 0.917969 0.492188 0.917969 0.503906 0.921875 0.507812 0.921875 0.527344 0.917969 0.531250 0.917969 0.558594 0.921875 0.562500 0.921875 0.585938 0.925781 0.589844 0.925781 0.601562 0.933594 0.601562 0.933594 0.554688 0.937500 0.550781 0.937500 0.535156 0.941406 0.531250 0.941406 0.511719 0.937500 0.507812 0.937500 0.421875
4 0.394531 0.417969 0.394531 0.433594 0.390625 0.437500 0.367188 0.437500 0.367188 0.457031 0.371094 0.460938 0.378906 0.460938 0.378906 0.457031 0.382812 0.453125 0.386719 0.453125 0.386719 0.445312 0.390625 0.441406 0.410156 0.441406 0.410156 0.433594 0.414062 0.429688 0.429688 0.429688 0.433594 0.425781 0.437500 0.425781 0.437500 0.417969
4 0.566406 0.414062 0.562500 0.417969 0.554688 0.417969 0.554688 0.425781 0.558594 0.429688 0.558594 0.453125 0.562500 0.457031 0.562500 0.476562 0.566406 0.480469 0.566406 0.484375 0.570312 0.488281 0.574219 0.488281 0.578125 0.492188 0.578125 0.500000 0.628906 0.500000 0.632812 0.503906 0.632812 0.511719 0.636719 0.515625 0.644531 0.515625 0.644531 0.507812 0.648438 0.503906 0.648438 0.492188 0.644531 0.488281 0.644531 0.464844 0.628906 0.464844 0.628906 0.468750 0.625000 0.472656 0.625000 0.476562 0.621094 0.480469 0.613281 0.480469 0.609375 0.484375 0.593750 0.484375 0.589844 0.480469 0.589844 0.468750 0.582031 0.468750 0.570312 0.457031 0.570312 0.437500 0.574219 0.433594 0.585938 0.433594 0.585938 0.425781 0.582031 0.425781 0.578125 0.421875 0.578125 0.414062
4 0.644531 0.382812 0.644531 0.410156 0.640625 0.414062 0.625000 0.414062 0.625000 0.421875 0.628906 0.425781 0.640625 0.425781 0.648438 0.433594 0.656250 0.433594 0.660156 0.437500 0.660156 0.445312 0.667969 0.445312 0.671875 0.441406 0.671875 0.429688 0.664062 0.421875 0.660156 0.421875 0.656250 0.417969 0.656250 0.390625 0.652344 0.386719 0.652344 0.382812
4 0.921875 0.355469 0.921875 0.371094 0.925781 0.375000 0.925781 0.378906 0.937500 0.378906 0.937500 0.355469
4 0.320312 0.347656 0.320312 0.363281 0.328125 0.371094 0.328125 0.382812 0.351562 0.382812 0.351562 0.371094 0.335938 0.371094 0.332031 0.367188 0.332031 0.355469 0.328125 0.351562 0.328125 0.347656
4 0.578125 0.328125 0.570312 0.335938 0.566406 0.335938 0.566406 0.343750 0.578125 0.343750 0.582031 0.347656 0.582031 0.355469 0.589844 0.355469 0.593750 0.351562 0.605469 0.351562 0.605469 0.335938 0.601562 0.332031 0.601562 0.328125
4 0.257812 0.312500 0.257812 0.316406 0.250000 0.324219 0.246094 0.324219 0.246094 0.328125 0.242188 0.332031 0.242188 0.351562 0.246094 0.351562 0.250000 0.355469 0.257812 0.355469 0.257812 0.335938 0.261719 0.332031 0.269531 0.332031 0.269531 0.312500
4 0.546875 0.300781 0.546875 0.308594 0.542969 0.312500 0.539062 0.312500 0.539062 0.328125 0.550781 0.328125 0.550781 0.312500 0.554688 0.308594 0.562500 0.308594 0.562500 0.300781
4 0.343750 0.281250 0.339844 0.285156 0.324219 0.285156 0.320312 0.289062 0.316406 0.289062 0.316406 0.296875 0.343750 0.296875 0.347656 0.300781 0.347656 0.324219 0.375000 0.324219 0.375000 0.320312 0.378906 0.316406 0.378906 0.300781 0.367188 0.300781 0.355469 0.289062 0.355469 0.281250
4 0.925781 0.269531 0.925781 0.285156 0.933594 0.285156 0.933594 0.269531
4 0.523438 0.261719 0.523438 0.269531 0.527344 0.273438 0.527344 0.277344 0.550781 0.277344 0.550781 0.261719
4 0.921875 0.238281 0.921875 0.246094 0.929688 0.246094 0.929688 0.238281
4 0.792969 0.167969 0.792969 0.187500 0.789062 0.191406 0.753906 0.191406 0.753906 0.199219 0.796875 0.199219 0.800781 0.203125 0.800781 0.230469 0.816406 0.230469 0.816406 0.210938 0.812500 0.207031 0.812500 0.199219 0.804688 0.191406 0.804688 0.171875 0.800781 0.167969
4 0.476562 0.156250 0.472656 0.160156 0.472656 0.183594 0.468750 0.187500 0.449219 0.187500 0.445312 0.191406 0.425781 0.191406 0.421875 0.195312 0.421875 0.199219 0.414062 0.207031 0.414062 0.226562 0.417969 0.230469 0.417969 0.250000 0.421875 0.253906 0.421875 0.308594 0.425781 0.308594 0.433594 0.316406 0.433594 0.324219 0.445312 0.324219 0.449219 0.328125 0.449219 0.335938 0.453125 0.339844 0.453125 0.355469 0.449219 0.359375 0.449219 0.371094 0.453125 0.375000 0.453125 0.378906 0.464844 0.378906 0.468750 0.382812 0.492188 0.382812 0.492188 0.378906 0.496094 0.375000 0.519531 0.375000 0.519531 0.367188 0.511719 0.367188 0.511719 0.371094 0.507812 0.375000 0.480469 0.375000 0.476562 0.371094 0.476562 0.355469 0.480469 0.351562 0.496094 0.351562 0.496094 0.343750 0.492188 0.339844 0.492188 0.335938 0.472656 0.335938 0.464844 0.328125 0.464844 0.296875 0.460938 0.292969 0.460938 0.289062 0.457031 0.285156 0.457031 0.269531 0.460938 0.265625 0.460938 0.261719 0.464844 0.257812 0.484375 0.257812 0.488281 0.261719 0.496094 0.261719 0.496094 0.250000 0.500000 0.246094 0.500000 0.218750 0.507812 0.210938 0.531250 0.210938 0.535156 0.214844 0.546875 0.214844 0.546875 0.207031 0.542969 0.207031 0.539062 0.203125 0.539062 0.191406 0.535156 0.187500 0.535156 0.183594 0.523438 0.183594 0.519531 0.179688 0.519531 0.167969 0.515625 0.164062 0.488281 0.164062 0.484375 0.160156 0.484375 0.156250
4 0.675781 0.097656 0.671875 0.101562 0.648438 0.101562 0.644531 0.105469 0.644531 0.109375 0.640625 0.113281 0.640625 0.136719 0.636719 0.140625 0.636719 0.152344 0.648438 0.152344 0.656250 0.160156 0.667969 0.160156 0.671875 0.156250 0.675781 0.156250 0.675781 0.152344 0.679688 0.148438 0.683594 0.148438 0.687500 0.144531 0.703125 0.144531 0.707031 0.140625 0.710938 0.140625 0.714844 0.136719 0.714844 0.128906 0.710938 0.128906 0.707031 0.125000 0.707031 0.113281 0.703125 0.109375 0.703125 0.101562 0.691406 0.101562 0.687500 0.097656
4 0.539062 0.070312 0.539062 0.082031 0.542969 0.085938 0.542969 0.101562 0.546875 0.105469 0.554688 0.105469 0.558594 0.101562 0.566406 0.101562 0.570312 0.097656 0.601562 0.097656 0.605469 0.101562 0.605469 0.105469 0.613281 0.105469 0.613281 0.097656 0.597656 0.097656 0.593750 0.093750 0.593750 0.085938 0.582031 0.085938 0.582031 0.089844 0.578125 0.093750 0.562500 0.093750 0.558594 0.089844 0.554688 0.089844 0.550781 0.085938 0.550781 0.070312
4 0.574219 0.039062 0.570312 0.042969 0.570312 0.050781 0.578125 0.050781 0.582031 0.046875 0.582031 0.039062
4 0.457031 0.039062 0.457031 0.046875 0.449219 0.054688 0.449219 0.093750 0.453125 0.097656 0.457031 0.097656 0.460938 0.101562 0.460938 0.125000 0.464844 0.128906 0.464844 0.132812 0.472656 0.132812 0.476562 0.128906 0.476562 0.121094 0.472656 0.117188 0.472656 0.109375 0.468750 0.105469 0.468750 0.050781 0.464844 0.046875 0.464844 0.039062
4 0.718750 0.000000 0.718750 0.007812 0.714844 0.011719 0.714844 0.015625 0.707031 0.023438 0.707031 0.027344 0.703125 0.031250 0.691406 0.031250 0.691406 0.039062 0.734375 0.039062 0.742188 0.031250 0.750000 0.031250 0.750000 0.019531 0.746094 0.019531 0.742188 0.015625 0.742188 0.000000
