4 0.222656 0.699219 0.222656 0.730469 0.230469 0.730469 0.234375 0.726562 0.234375 0.703125 0.230469 0.699219
4 0.230469 0.628906 0.226562 0.632812 0.218750 0.632812 0.218750 0.640625 0.226562 0.648438 0.230469 0.648438 0.234375 0.652344 0.234375 0.679688 0.242188 0.679688 0.242188 0.675781 0.246094 0.671875 0.250000 0.671875 0.250000 0.652344 0.246094 0.652344 0.242188 0.648438 0.242188 0.628906
4 0.687500 0.355469 0.687500 0.363281 0.695312 0.363281 0.695312 0.355469
4 0.089844 0.347656 0.085938 0.351562 0.085938 0.445312 0.093750 0.445312 0.093750 0.425781 0.097656 0.421875 0.097656 0.347656
4 0.300781 0.292969 0.300781 0.300781 0.296875 0.304688 0.292969 0.304688 0.292969 0.308594 0.289062 0.312500 0.257812 0.312500 0.253906 0.316406 0.253906 0.324219 0.273438 0.324219 0.277344 0.328125 0.277344 0.347656 0.281250 0.347656 0.289062 0.355469 0.296875 0.355469 0.300781 0.359375 0.300781 0.394531 0.296875 0.398438 0.277344 0.398438 0.273438 0.402344 0.273438 0.410156 0.289062 0.410156 0.296875 0.417969 0.312500 0.417969 0.312500 0.402344 0.316406 0.398438 0.332031 0.398438 0.339844 0.390625 0.343750 0.390625 0.343750 0.378906 0.339844 0.375000 0.339844 0.371094 0.316406 0.371094 0.312500 0.367188 0.312500 0.335938 0.308594 0.332031 0.308594 0.292969
4 0.753906 0.187500 0.753906 0.199219 0.761719 0.199219 0.761719 0.187500
4 0.718750 0.183594 0.714844 0.187500 0.714844 0.210938 0.707031 0.218750 0.691406 0.218750 0.691406 0.246094 0.695312 0.250000 0.703125 0.250000 0.707031 0.253906 0.707031 0.257812 0.710938 0.261719 0.710938 0.289062 0.707031 0.292969 0.707031 0.304688 0.699219 0.312500 0.699219 0.320312 0.710938 0.320312 0.710938 0.316406 0.714844 0.312500 0.714844 0.308594 0.718750 0.304688 0.718750 0.285156 0.722656 0.281250 0.722656 0.269531 0.726562 0.265625 0.726562 0.242188 0.722656 0.242188 0.718750 0.238281 0.718750 0.218750 0.726562 0.210938 0.730469 0.210938 0.730469 0.183594
4 0.152344 0.058594 0.152344 0.062500 0.148438 0.066406 0.148438 0.074219 0.144531 0.078125 0.144531 0.082031 0.140625 0.085938 0.140625 0.101562 0.128906 0.113281 0.113281 0.113281 0.113281 0.121094 0.121094 0.121094 0.125000 0.125000 0.125000 0.144531 0.121094 0.148438 0.121094 0.152344 0.117188 0.156250 0.117188 0.199219 0.113281 0.203125 0.109375 0.203125 0.105469 0.207031 0.105469 0.218750 0.101562 0.222656 0.101562 0.230469 0.117188 0.230469 0.117188 0.187500 0.121094 0.183594 0.125000 0.183594 0.125000 0.164062 0.128906 0.160156 0.132812 0.160156 0.136719 0.156250 0.136719 0.125000 0.140625 0.121094 0.144531 0.121094 0.144531 0.101562 0.148438 0.097656 0.152344 0.097656 0.152344 0.082031 0.156250 0.078125 0.160156 0.078125 0.160156 0.070312 0.164062 0.066406 0.164062 0.058594
4 0.554688 0.000000 0.554688 0.007812 0.550781 0.011719 0.550781 0.023438 0.546875 0.027344 0.546875 0.054688 0.542969 0.058594 0.542969 0.128906 0.539062 0.132812 0.539062 0.164062 0.535156 0.167969 0.531250 0.167969 0.531250 0.175781 0.527344 0.179688 0.523438 0.179688 0.523438 0.187500 0.519531 0.191406 0.519531 0.199219 0.523438 0.199219 0.527344 0.203125 0.527344 0.207031 0.539062 0.207031 0.542969 0.210938 0.542969 0.234375 0.550781 0.234375 0.554688 0.230469 0.554688 0.132812 0.558594 0.128906 0.558594 0.082031 0.562500 0.078125 0.562500 0.074219 0.566406 0.070312 0.566406 0.062500 0.562500 0.058594 0.562500 0.042969 0.566406 0.039062 0.570312 0.039062 0.570312 0.031250 0.566406 0.027344 0.566406 0.000000
4 0.171875 0.000000 0.171875 0.007812 0.167969 0.011719 0.167969 0.023438 0.175781 0.023438 0.175781 0.019531 0.179688 0.015625 0.179688 0.007812 0.183594 0.003906 0.183594 0.000000
