4 0.667969 0.730469 0.664062 0.734375 0.664062 0.750000 0.679688 0.750000 0.679688 0.730469
4 0.574219 0.687500 0.574219 0.699219 0.605469 0.699219 0.609375 0.703125 0.609375 0.710938 0.613281 0.714844 0.625000 0.714844 0.628906 0.710938 0.632812 0.710938 0.632812 0.695312 0.628906 0.691406 0.617188 0.691406 0.613281 0.687500
4 0.527344 0.687500 0.523438 0.691406 0.523438 0.695312 0.519531 0.699219 0.519531 0.746094 0.515625 0.750000 0.515625 0.753906 0.511719 0.757812 0.511719 0.761719 0.507812 0.765625 0.507812 0.785156 0.503906 0.789062 0.457031 0.789062 0.453125 0.785156 0.453125 0.781250 0.445312 0.781250 0.441406 0.785156 0.437500 0.785156 0.437500 0.792969 0.441406 0.792969 0.445312 0.796875 0.445312 0.804688 0.460938 0.804688 0.460938 0.800781 0.464844 0.796875 0.496094 0.796875 0.500000 0.800781 0.500000 0.816406 0.496094 0.820312 0.468750 0.820312 0.468750 0.824219 0.464844 0.828125 0.464844 0.839844 0.468750 0.843750 0.468750 0.867188 0.464844 0.871094 0.464844 0.894531 0.460938 0.898438 0.460938 0.906250 0.480469 0.906250 0.484375 0.910156 0.484375 0.949219 0.480469 0.953125 0.480469 0.980469 0.488281 0.980469 0.488281 0.976562 0.492188 0.972656 0.492188 0.960938 0.496094 0.957031 0.496094 0.941406 0.500000 0.937500 0.500000 0.894531 0.503906 0.890625 0.503906 0.878906 0.507812 0.875000 0.507812 0.839844 0.511719 0.835938 0.511719 0.832031 0.515625 0.828125 0.515625 0.820312 0.519531 0.816406 0.519531 0.796875 0.515625 0.792969 0.515625 0.769531 0.523438 0.761719 0.523438 0.757812 0.527344 0.753906 0.527344 0.730469 0.531250 0.726562 0.531250 0.722656 0.535156 0.718750 0.535156 0.687500
4 0.492188 0.562500 0.492188 0.582031 0.488281 0.585938 0.449219 0.585938 0.449219 0.601562 0.453125 0.605469 0.453125 0.628906 0.449219 0.632812 0.449219 0.652344 0.445312 0.656250 0.417969 0.656250 0.414062 0.652344 0.414062 0.648438 0.394531 0.648438 0.394531 0.660156 0.398438 0.660156 0.410156 0.671875 0.410156 0.691406 0.406250 0.695312 0.406250 0.703125 0.414062 0.703125 0.414062 0.679688 0.417969 0.675781 0.421875 0.675781 0.421875 0.667969 0.425781 0.664062 0.429688 0.664062 0.429688 0.660156 0.433594 0.656250 0.460938 0.656250 0.460938 0.652344 0.468750 0.644531 0.468750 0.640625 0.472656 0.636719 0.480469 0.636719 0.484375 0.632812 0.492188 0.632812 0.492188 0.578125 0.496094 0.574219 0.500000 0.574219 0.500000 0.562500
4 0.257812 0.558594 0.253906 0.562500 0.253906 0.582031 0.250000 0.585938 0.230469 0.585938 0.230469 0.605469 0.226562 0.609375 0.195312 0.609375 0.191406 0.613281 0.187500 0.613281 0.187500 0.632812 0.214844 0.632812 0.214844 0.625000 0.222656 0.617188 0.238281 0.617188 0.242188 0.621094 0.246094 0.621094 0.250000 0.625000 0.277344 0.625000 0.281250 0.628906 0.289062 0.628906 0.292969 0.625000 0.292969 0.617188 0.289062 0.613281 0.281250 0.613281 0.277344 0.609375 0.277344 0.597656 0.273438 0.593750 0.273438 0.582031 0.265625 0.574219 0.265625 0.558594
4 0.730469 0.550781 0.730469 0.554688 0.718750 0.566406 0.714844 0.566406 0.714844 0.574219 0.710938 0.578125 0.703125 0.578125 0.703125 0.585938 0.707031 0.585938 0.710938 0.589844 0.710938 0.609375 0.707031 0.613281 0.691406 0.613281 0.687500 0.609375 0.687500 0.597656 0.671875 0.597656 0.667969 0.593750 0.667969 0.562500 0.660156 0.554688 0.652344 0.554688 0.648438 0.558594 0.648438 0.589844 0.652344 0.589844 0.656250 0.593750 0.656250 0.597656 0.671875 0.597656 0.675781 0.601562 0.675781 0.621094 0.695312 0.621094 0.699219 0.625000 0.699219 0.656250 0.691406 0.664062 0.691406 0.679688 0.683594 0.687500 0.679688 0.687500 0.679688 0.707031 0.691406 0.707031 0.691406 0.695312 0.695312 0.691406 0.695312 0.679688 0.699219 0.675781 0.703125 0.675781 0.703125 0.671875 0.707031 0.667969 0.726562 0.667969 0.726562 0.652344 0.718750 0.644531 0.718750 0.621094 0.722656 0.617188 0.722656 0.613281 0.726562 0.609375 0.726562 0.605469 0.730469 0.601562 0.734375 0.601562 0.734375 0.578125 0.738281 0.574219 0.738281 0.566406 0.742188 0.562500 0.746094 0.562500 0.746094 0.554688 0.742188 0.554688 0.738281 0.550781
4 0.429688 0.546875 0.425781 0.550781 0.425781 0.558594 0.429688 0.562500 0.429688 0.578125 0.445312 0.578125 0.445312 0.554688 0.441406 0.550781 0.441406 0.546875
4 0.015625 0.539062 0.015625 0.562500 0.019531 0.566406 0.019531 0.578125 0.027344 0.578125 0.027344 0.566406 0.023438 0.562500 0.023438 0.539062
4 0.507812 0.531250 0.507812 0.546875 0.515625 0.546875 0.515625 0.542969 0.519531 0.539062 0.519531 0.531250
4 0.242188 0.492188 0.242188 0.496094 0.238281 0.500000 0.234375 0.500000 0.230469 0.503906 0.230469 0.511719 0.234375 0.515625 0.246094 0.515625 0.250000 0.519531 0.261719 0.519531 0.261719 0.515625 0.265625 0.511719 0.273438 0.511719 0.273438 0.507812 0.277344 0.503906 0.277344 0.496094 0.273438 0.492188
4 0.488281 0.480469 0.484375 0.484375 0.476562 0.484375 0.476562 0.503906 0.496094 0.503906 0.496094 0.480469
4 0.050781 0.453125 0.046875 0.457031 0.046875 0.464844 0.058594 0.464844 0.058594 0.453125
4 0.285156 0.445312 0.285156 0.457031 0.289062 0.460938 0.289062 0.464844 0.292969 0.468750 0.308594 0.468750 0.312500 0.472656 0.312500 0.496094 0.308594 0.500000 0.304688 0.500000 0.304688 0.507812 0.312500 0.507812 0.312500 0.503906 0.316406 0.500000 0.335938 0.500000 0.339844 0.503906 0.347656 0.503906 0.347656 0.496094 0.351562 0.492188 0.351562 0.484375 0.347656 0.480469 0.339844 0.480469 0.335938 0.476562 0.335938 0.472656 0.328125 0.472656 0.324219 0.468750 0.320312 0.468750 0.316406 0.464844 0.316406 0.449219 0.300781 0.449219 0.296875 0.445312
4 0.597656 0.433594 0.593750 0.437500 0.593750 0.457031 0.589844 0.460938 0.589844 0.476562 0.585938 0.480469 0.582031 0.480469 0.582031 0.484375 0.578125 0.488281 0.574219 0.488281 0.574219 0.500000 0.570312 0.503906 0.570312 0.523438 0.566406 0.527344 0.562500 0.527344 0.562500 0.542969 0.558594 0.546875 0.558594 0.558594 0.554688 0.562500 0.554688 0.578125 0.550781 0.582031 0.550781 0.605469 0.546875 0.609375 0.546875 0.613281 0.542969 0.617188 0.542969 0.628906 0.539062 0.632812 0.539062 0.652344 0.546875 0.652344 0.550781 0.648438 0.550781 0.644531 0.558594 0.636719 0.558594 0.628906 0.562500 0.625000 0.562500 0.613281 0.566406 0.609375 0.589844 0.609375 0.589844 0.593750 0.585938 0.589844 0.585938 0.585938 0.582031 0.582031 0.574219 0.582031 0.570312 0.578125 0.570312 0.562500 0.574219 0.558594 0.574219 0.550781 0.582031 0.542969 0.582031 0.519531 0.585938 0.515625 0.585938 0.503906 0.589844 0.500000 0.589844 0.488281 0.593750 0.484375 0.609375 0.484375 0.613281 0.488281 0.621094 0.488281 0.621094 0.480469 0.625000 0.476562 0.625000 0.468750 0.621094 0.464844 0.621094 0.437500 0.617188 0.437500 0.613281 0.433594
4 0.164062 0.421875 0.156250 0.429688 0.156250 0.441406 0.152344 0.445312 0.148438 0.445312 0.148438 0.453125 0.152344 0.453125 0.156250 0.457031 0.156250 0.472656 0.152344 0.476562 0.140625 0.476562 0.140625 0.480469 0.136719 0.484375 0.132812 0.484375 0.132812 0.515625 0.128906 0.519531 0.125000 0.519531 0.125000 0.539062 0.132812 0.539062 0.132812 0.511719 0.136719 0.507812 0.144531 0.507812 0.144531 0.500000 0.148438 0.496094 0.160156 0.496094 0.160156 0.488281 0.156250 0.484375 0.156250 0.468750 0.160156 0.464844 0.167969 0.464844 0.167969 0.437500 0.171875 0.433594 0.171875 0.421875
4 0.386719 0.390625 0.386719 0.398438 0.402344 0.398438 0.402344 0.390625
4 0.812500 0.386719 0.812500 0.390625 0.808594 0.394531 0.800781 0.394531 0.800781 0.398438 0.796875 0.402344 0.796875 0.429688 0.792969 0.433594 0.789062 0.433594 0.781250 0.441406 0.781250 0.449219 0.785156 0.453125 0.785156 0.457031 0.789062 0.460938 0.789062 0.468750 0.792969 0.468750 0.796875 0.472656 0.796875 0.484375 0.800781 0.488281 0.808594 0.488281 0.812500 0.484375 0.812500 0.480469 0.816406 0.476562 0.816406 0.460938 0.824219 0.453125 0.828125 0.453125 0.835938 0.445312 0.835938 0.437500 0.839844 0.433594 0.839844 0.425781 0.835938 0.425781 0.832031 0.421875 0.832031 0.417969 0.828125 0.417969 0.824219 0.414062 0.824219 0.390625 0.820312 0.386719
4 0.566406 0.378906 0.566406 0.382812 0.558594 0.390625 0.550781 0.390625 0.550781 0.406250 0.558594 0.406250 0.562500 0.402344 0.570312 0.402344 0.574219 0.398438 0.578125 0.398438 0.578125 0.382812 0.574219 0.378906
4 0.640625 0.375000 0.640625 0.378906 0.628906 0.390625 0.628906 0.398438 0.644531 0.398438 0.648438 0.394531 0.648438 0.375000
4 0.531250 0.355469 0.531250 0.363281 0.527344 0.367188 0.519531 0.367188 0.519531 0.375000 0.527344 0.375000 0.527344 0.367188 0.531250 0.363281 0.539062 0.363281 0.539062 0.355469
4 0.441406 0.351562 0.441406 0.382812 0.445312 0.382812 0.449219 0.386719 0.449219 0.406250 0.457031 0.406250 0.460938 0.402344 0.460938 0.398438 0.464844 0.394531 0.464844 0.382812 0.468750 0.378906 0.468750 0.363281 0.464844 0.359375 0.464844 0.355469 0.460938 0.351562
4 0.652344 0.339844 0.652344 0.347656 0.660156 0.347656 0.660156 0.339844
4 0.406250 0.339844 0.406250 0.347656 0.417969 0.347656 0.417969 0.339844
4 0.433594 0.296875 0.433594 0.316406 0.429688 0.320312 0.425781 0.320312 0.425781 0.328125 0.433594 0.328125 0.433594 0.312500 0.437500 0.308594 0.441406 0.308594 0.441406 0.296875
4 0.687500 0.281250 0.687500 0.289062 0.683594 0.292969 0.679688 0.292969 0.679688 0.304688 0.691406 0.304688 0.691406 0.300781 0.695312 0.296875 0.695312 0.281250
4 0.855469 0.273438 0.855469 0.285156 0.851562 0.289062 0.843750 0.289062 0.843750 0.296875 0.851562 0.296875 0.855469 0.300781 0.863281 0.300781 0.863281 0.296875 0.871094 0.289062 0.886719 0.289062 0.894531 0.296875 0.894531 0.312500 0.902344 0.312500 0.906250 0.308594 0.906250 0.300781 0.902344 0.296875 0.902344 0.281250 0.898438 0.277344 0.890625 0.277344 0.886719 0.273438
4 0.718750 0.164062 0.718750 0.171875 0.714844 0.175781 0.710938 0.175781 0.707031 0.179688 0.707031 0.183594 0.703125 0.187500 0.703125 0.203125 0.699219 0.207031 0.691406 0.207031 0.691406 0.210938 0.687500 0.214844 0.687500 0.222656 0.703125 0.222656 0.707031 0.226562 0.714844 0.226562 0.714844 0.222656 0.718750 0.218750 0.718750 0.210938 0.722656 0.207031 0.738281 0.207031 0.742188 0.210938 0.742188 0.222656 0.750000 0.222656 0.753906 0.226562 0.765625 0.226562 0.773438 0.234375 0.785156 0.234375 0.789062 0.230469 0.800781 0.230469 0.800781 0.222656 0.808594 0.214844 0.816406 0.214844 0.816406 0.210938 0.820312 0.207031 0.820312 0.195312 0.796875 0.195312 0.792969 0.191406 0.785156 0.191406 0.781250 0.195312 0.765625 0.195312 0.765625 0.199219 0.761719 0.203125 0.753906 0.203125 0.750000 0.207031 0.734375 0.207031 0.730469 0.203125 0.730469 0.195312 0.722656 0.195312 0.718750 0.191406 0.718750 0.175781 0.722656 0.171875 0.726562 0.171875 0.726562 0.164062
4 0.851562 0.144531 0.851562 0.148438 0.847656 0.152344 0.847656 0.160156 0.843750 0.164062 0.843750 0.171875 0.851562 0.171875 0.855469 0.167969 0.871094 0.167969 0.875000 0.171875 0.886719 0.171875 0.890625 0.175781 0.898438 0.175781 0.906250 0.167969 0.906250 0.152344 0.882812 0.152344 0.878906 0.156250 0.863281 0.156250 0.859375 0.152344 0.859375 0.144531
4 0.953125 0.066406 0.953125 0.101562 0.949219 0.105469 0.945312 0.105469 0.945312 0.152344 0.953125 0.152344 0.953125 0.148438 0.957031 0.144531 0.960938 0.144531 0.964844 0.140625 0.964844 0.089844 0.960938 0.085938 0.960938 0.066406
4 0.886719 0.042969 0.886719 0.066406 0.882812 0.070312 0.855469 0.070312 0.855469 0.078125 0.859375 0.082031 0.867188 0.082031 0.871094 0.078125 0.894531 0.078125 0.906250 0.066406 0.910156 0.066406 0.910156 0.046875 0.898438 0.046875 0.894531 0.042969
4 0.835938 0.023438 0.816406 0.042969 0.812500 0.042969 0.812500 0.046875 0.808594 0.050781 0.804688 0.050781 0.804688 0.054688 0.796875 0.062500 0.792969 0.062500 0.792969 0.066406 0.781250 0.078125 0.781250 0.089844 0.789062 0.089844 0.796875 0.082031 0.800781 0.082031 0.800781 0.078125 0.824219 0.054688 0.824219 0.050781 0.832031 0.042969 0.835938 0.042969 0.843750 0.035156 0.843750 0.023438
