4 0.406250 0.890625 0.402344 0.894531 0.402344 0.906250 0.425781 0.906250 0.429688 0.910156 0.429688 0.933594 0.433594 0.937500 0.441406 0.937500 0.445312 0.941406 0.457031 0.941406 0.457031 0.937500 0.460938 0.933594 0.472656 0.933594 0.472656 0.906250 0.476562 0.902344 0.476562 0.894531 0.468750 0.894531 0.464844 0.898438 0.460938 0.898438 0.457031 0.902344 0.437500 0.902344 0.433594 0.898438 0.433594 0.894531 0.421875 0.894531 0.417969 0.890625
4 0.503906 0.886719 0.503906 0.894531 0.511719 0.894531 0.511719 0.886719
4 0.324219 0.863281 0.324219 0.871094 0.332031 0.871094 0.332031 0.863281
4 0.277344 0.800781 0.277344 0.808594 0.285156 0.808594 0.292969 0.816406 0.300781 0.816406 0.304688 0.820312 0.304688 0.835938 0.308594 0.839844 0.308594 0.847656 0.320312 0.847656 0.320312 0.832031 0.328125 0.824219 0.328125 0.816406 0.308594 0.816406 0.304688 0.812500 0.304688 0.808594 0.300781 0.804688 0.289062 0.804688 0.285156 0.800781
4 0.261719 0.785156 0.261719 0.792969 0.269531 0.792969 0.269531 0.785156
4 0.406250 0.773438 0.406250 0.777344 0.402344 0.781250 0.402344 0.789062 0.406250 0.792969 0.414062 0.792969 0.414062 0.789062 0.417969 0.785156 0.417969 0.773438
4 0.386719 0.710938 0.386719 0.718750 0.378906 0.726562 0.378906 0.742188 0.375000 0.746094 0.375000 0.753906 0.378906 0.757812 0.402344 0.757812 0.402344 0.746094 0.406250 0.742188 0.410156 0.742188 0.410156 0.734375 0.406250 0.730469 0.406250 0.722656 0.402344 0.722656 0.398438 0.718750 0.398438 0.714844 0.394531 0.710938
4 0.187500 0.644531 0.187500 0.652344 0.191406 0.652344 0.195312 0.656250 0.195312 0.683594 0.210938 0.683594 0.214844 0.687500 0.214844 0.730469 0.218750 0.734375 0.218750 0.746094 0.222656 0.746094 0.226562 0.750000 0.238281 0.750000 0.238281 0.746094 0.242188 0.742188 0.242188 0.738281 0.246094 0.734375 0.285156 0.734375 0.289062 0.730469 0.320312 0.730469 0.320312 0.722656 0.316406 0.722656 0.312500 0.718750 0.289062 0.718750 0.281250 0.710938 0.281250 0.703125 0.273438 0.703125 0.273438 0.707031 0.269531 0.710938 0.250000 0.710938 0.238281 0.699219 0.238281 0.687500 0.234375 0.683594 0.222656 0.683594 0.218750 0.679688 0.218750 0.664062 0.214844 0.664062 0.203125 0.652344 0.199219 0.652344 0.195312 0.648438 0.195312 0.644531
4 0.832031 0.589844 0.832031 0.593750 0.828125 0.597656 0.812500 0.597656 0.812500 0.601562 0.808594 0.605469 0.757812 0.605469 0.753906 0.601562 0.738281 0.601562 0.738281 0.609375 0.734375 0.613281 0.718750 0.613281 0.718750 0.625000 0.734375 0.625000 0.738281 0.628906 0.746094 0.628906 0.750000 0.625000 0.753906 0.625000 0.757812 0.621094 0.789062 0.621094 0.792969 0.625000 0.800781 0.625000 0.804688 0.628906 0.804688 0.632812 0.808594 0.636719 0.808594 0.644531 0.828125 0.644531 0.832031 0.648438 0.832031 0.652344 0.835938 0.656250 0.835938 0.660156 0.851562 0.660156 0.851562 0.621094 0.847656 0.617188 0.847656 0.613281 0.843750 0.609375 0.843750 0.589844
4 0.343750 0.585938 0.343750 0.597656 0.351562 0.597656 0.363281 0.609375 0.371094 0.609375 0.371094 0.605469 0.375000 0.601562 0.375000 0.593750 0.367188 0.593750 0.363281 0.589844 0.363281 0.585938
4 0.476562 0.558594 0.472656 0.562500 0.468750 0.562500 0.468750 0.570312 0.472656 0.574219 0.472656 0.578125 0.476562 0.582031 0.476562 0.605469 0.472656 0.609375 0.472656 0.613281 0.468750 0.617188 0.464844 0.617188 0.464844 0.621094 0.460938 0.625000 0.437500 0.625000 0.433594 0.621094 0.417969 0.621094 0.417969 0.628906 0.414062 0.632812 0.398438 0.632812 0.394531 0.636719 0.394531 0.648438 0.402344 0.648438 0.414062 0.636719 0.429688 0.636719 0.433594 0.640625 0.433594 0.644531 0.449219 0.644531 0.453125 0.648438 0.457031 0.648438 0.460938 0.652344 0.460938 0.664062 0.464844 0.667969 0.464844 0.683594 0.460938 0.687500 0.460938 0.695312 0.464844 0.699219 0.464844 0.703125 0.468750 0.703125 0.472656 0.707031 0.472656 0.734375 0.468750 0.738281 0.449219 0.738281 0.449219 0.746094 0.453125 0.746094 0.457031 0.750000 0.457031 0.808594 0.453125 0.812500 0.417969 0.812500 0.414062 0.816406 0.414062 0.824219 0.421875 0.832031 0.425781 0.832031 0.429688 0.835938 0.429688 0.855469 0.437500 0.855469 0.445312 0.847656 0.445312 0.843750 0.449219 0.839844 0.453125 0.839844 0.457031 0.835938 0.457031 0.828125 0.460938 0.824219 0.460938 0.812500 0.464844 0.808594 0.468750 0.808594 0.468750 0.800781 0.472656 0.796875 0.472656 0.773438 0.476562 0.769531 0.476562 0.757812 0.480469 0.753906 0.480469 0.750000 0.484375 0.746094 0.503906 0.746094 0.507812 0.742188 0.507812 0.734375 0.511719 0.730469 0.531250 0.730469 0.531250 0.726562 0.535156 0.722656 0.539062 0.722656 0.539062 0.718750 0.542969 0.714844 0.546875 0.714844 0.546875 0.707031 0.542969 0.703125 0.542969 0.691406 0.523438 0.691406 0.523438 0.703125 0.519531 0.707031 0.503906 0.707031 0.500000 0.703125 0.500000 0.691406 0.496094 0.687500 0.496094 0.683594 0.492188 0.679688 0.492188 0.675781 0.488281 0.671875 0.488281 0.644531 0.492188 0.640625 0.511719 0.640625 0.519531 0.632812 0.523438 0.632812 0.523438 0.621094 0.515625 0.621094 0.511719 0.617188 0.507812 0.617188 0.503906 0.613281 0.500000 0.613281 0.496094 0.609375 0.496094 0.570312 0.500000 0.566406 0.507812 0.566406 0.507812 0.558594
4 0.386719 0.515625 0.382812 0.519531 0.378906 0.519531 0.378906 0.527344 0.382812 0.527344 0.386719 0.531250 0.398438 0.531250 0.402344 0.535156 0.414062 0.535156 0.421875 0.542969 0.437500 0.542969 0.441406 0.546875 0.449219 0.546875 0.449219 0.535156 0.437500 0.535156 0.433594 0.531250 0.417969 0.531250 0.410156 0.523438 0.402344 0.523438 0.394531 0.515625
4 0.511719 0.507812 0.511719 0.515625 0.519531 0.515625 0.519531 0.507812
4 0.703125 0.496094 0.703125 0.503906 0.699219 0.507812 0.687500 0.507812 0.683594 0.511719 0.683594 0.531250 0.691406 0.531250 0.695312 0.527344 0.710938 0.527344 0.714844 0.531250 0.722656 0.531250 0.722656 0.523438 0.726562 0.519531 0.730469 0.519531 0.734375 0.515625 0.734375 0.507812 0.730469 0.503906 0.730469 0.496094
4 0.859375 0.457031 0.855469 0.460938 0.847656 0.460938 0.843750 0.464844 0.843750 0.472656 0.851562 0.480469 0.851562 0.496094 0.847656 0.500000 0.843750 0.500000 0.843750 0.515625 0.839844 0.519531 0.839844 0.527344 0.851562 0.539062 0.859375 0.539062 0.863281 0.542969 0.863281 0.546875 0.871094 0.546875 0.871094 0.488281 0.867188 0.484375 0.867188 0.468750 0.871094 0.464844 0.878906 0.464844 0.878906 0.457031
4 0.449219 0.437500 0.449219 0.453125 0.457031 0.453125 0.460938 0.457031 0.464844 0.457031 0.468750 0.460938 0.468750 0.480469 0.476562 0.480469 0.480469 0.476562 0.519531 0.476562 0.519531 0.464844 0.503906 0.464844 0.500000 0.460938 0.500000 0.445312 0.464844 0.445312 0.460938 0.441406 0.460938 0.437500
4 0.589844 0.433594 0.589844 0.437500 0.585938 0.441406 0.585938 0.460938 0.582031 0.464844 0.578125 0.464844 0.574219 0.468750 0.574219 0.492188 0.582031 0.492188 0.585938 0.488281 0.601562 0.488281 0.601562 0.484375 0.605469 0.480469 0.628906 0.480469 0.628906 0.457031 0.625000 0.457031 0.621094 0.453125 0.621094 0.441406 0.609375 0.441406 0.601562 0.433594
4 0.515625 0.433594 0.515625 0.441406 0.523438 0.441406 0.523438 0.433594
4 0.792969 0.378906 0.792969 0.382812 0.789062 0.386719 0.773438 0.386719 0.773438 0.394531 0.777344 0.398438 0.789062 0.398438 0.792969 0.394531 0.812500 0.394531 0.816406 0.398438 0.816406 0.406250 0.824219 0.406250 0.824219 0.398438 0.820312 0.394531 0.820312 0.386719 0.812500 0.386719 0.808594 0.382812 0.804688 0.382812 0.800781 0.378906
4 0.175781 0.378906 0.175781 0.386719 0.183594 0.386719 0.183594 0.378906
4 0.648438 0.375000 0.644531 0.378906 0.628906 0.378906 0.628906 0.390625 0.632812 0.390625 0.636719 0.394531 0.636719 0.406250 0.652344 0.406250 0.664062 0.394531 0.664062 0.375000
4 0.589844 0.355469 0.589844 0.367188 0.609375 0.367188 0.609375 0.355469
4 0.500000 0.343750 0.500000 0.351562 0.507812 0.351562 0.507812 0.343750
4 0.218750 0.343750 0.218750 0.355469 0.222656 0.359375 0.222656 0.382812 0.218750 0.386719 0.207031 0.386719 0.207031 0.394531 0.203125 0.398438 0.199219 0.398438 0.199219 0.417969 0.203125 0.417969 0.207031 0.421875 0.210938 0.421875 0.218750 0.429688 0.218750 0.433594 0.222656 0.437500 0.222656 0.453125 0.214844 0.460938 0.195312 0.460938 0.195312 0.480469 0.191406 0.484375 0.179688 0.484375 0.179688 0.519531 0.183594 0.523438 0.183594 0.539062 0.187500 0.542969 0.203125 0.542969 0.207031 0.546875 0.207031 0.550781 0.214844 0.558594 0.214844 0.566406 0.218750 0.570312 0.218750 0.589844 0.214844 0.593750 0.199219 0.593750 0.195312 0.589844 0.195312 0.578125 0.191406 0.574219 0.183594 0.574219 0.179688 0.570312 0.164062 0.570312 0.164062 0.578125 0.171875 0.578125 0.175781 0.582031 0.175781 0.605469 0.171875 0.609375 0.167969 0.609375 0.167969 0.621094 0.164062 0.625000 0.156250 0.625000 0.152344 0.628906 0.148438 0.628906 0.148438 0.636719 0.152344 0.636719 0.156250 0.640625 0.171875 0.640625 0.171875 0.625000 0.175781 0.621094 0.191406 0.621094 0.195312 0.617188 0.195312 0.609375 0.199219 0.605469 0.210938 0.605469 0.210938 0.601562 0.214844 0.597656 0.246094 0.597656 0.250000 0.601562 0.253906 0.601562 0.261719 0.609375 0.261719 0.613281 0.285156 0.613281 0.285156 0.605469 0.289062 0.601562 0.289062 0.597656 0.292969 0.593750 0.308594 0.593750 0.308594 0.585938 0.304688 0.582031 0.281250 0.582031 0.277344 0.578125 0.277344 0.566406 0.273438 0.562500 0.273438 0.542969 0.269531 0.539062 0.269531 0.527344 0.261719 0.519531 0.261719 0.503906 0.265625 0.500000 0.269531 0.500000 0.281250 0.488281 0.296875 0.488281 0.300781 0.492188 0.312500 0.492188 0.316406 0.496094 0.316406 0.515625 0.312500 0.519531 0.312500 0.527344 0.324219 0.527344 0.328125 0.523438 0.332031 0.523438 0.332031 0.519531 0.335938 0.515625 0.343750 0.515625 0.343750 0.496094 0.347656 0.492188 0.351562 0.492188 0.351562 0.480469 0.339844 0.468750 0.339844 0.464844 0.328125 0.464844 0.328125 0.480469 0.324219 0.484375 0.304688 0.484375 0.300781 0.480469 0.285156 0.480469 0.277344 0.472656 0.277344 0.468750 0.273438 0.464844 0.265625 0.464844 0.261719 0.460938 0.250000 0.460938 0.246094 0.457031 0.242188 0.457031 0.238281 0.453125 0.238281 0.429688 0.234375 0.425781 0.234375 0.406250 0.238281 0.402344 0.238281 0.390625 0.242188 0.386719 0.242188 0.367188 0.246094 0.363281 0.246094 0.355469 0.242188 0.351562 0.238281 0.351562 0.234375 0.347656 0.230469 0.347656 0.226562 0.343750
4 0.570312 0.332031 0.570312 0.339844 0.578125 0.339844 0.578125 0.332031
4 0.316406 0.304688 0.312500 0.308594 0.304688 0.308594 0.304688 0.316406 0.308594 0.316406 0.312500 0.320312 0.312500 0.339844 0.320312 0.339844 0.324219 0.343750 0.324219 0.359375 0.320312 0.363281 0.320312 0.367188 0.316406 0.371094 0.304688 0.371094 0.304688 0.386719 0.332031 0.386719 0.335938 0.390625 0.335938 0.406250 0.332031 0.410156 0.328125 0.410156 0.328125 0.421875 0.332031 0.425781 0.339844 0.425781 0.339844 0.398438 0.343750 0.394531 0.343750 0.359375 0.339844 0.359375 0.335938 0.355469 0.335938 0.343750 0.332031 0.343750 0.328125 0.339844 0.328125 0.304688
4 0.718750 0.281250 0.718750 0.289062 0.722656 0.292969 0.722656 0.308594 0.718750 0.312500 0.699219 0.312500 0.695312 0.316406 0.695312 0.320312 0.683594 0.332031 0.667969 0.332031 0.664062 0.328125 0.656250 0.328125 0.652344 0.332031 0.636719 0.332031 0.632812 0.328125 0.632812 0.324219 0.625000 0.324219 0.621094 0.328125 0.617188 0.328125 0.617188 0.339844 0.664062 0.339844 0.667969 0.343750 0.667969 0.351562 0.671875 0.355469 0.671875 0.363281 0.683594 0.363281 0.687500 0.359375 0.699219 0.359375 0.699219 0.335938 0.707031 0.328125 0.746094 0.328125 0.750000 0.324219 0.753906 0.324219 0.753906 0.312500 0.746094 0.312500 0.742188 0.308594 0.742188 0.289062 0.738281 0.285156 0.734375 0.285156 0.730469 0.281250
4 0.406250 0.230469 0.406250 0.238281 0.410156 0.242188 0.410156 0.246094 0.414062 0.250000 0.414062 0.257812 0.417969 0.261719 0.417969 0.265625 0.425781 0.265625 0.429688 0.269531 0.429688 0.292969 0.437500 0.300781 0.441406 0.300781 0.445312 0.304688 0.445312 0.308594 0.449219 0.308594 0.453125 0.312500 0.453125 0.316406 0.457031 0.316406 0.460938 0.320312 0.460938 0.324219 0.476562 0.324219 0.476562 0.316406 0.480469 0.312500 0.484375 0.312500 0.488281 0.308594 0.492188 0.308594 0.492188 0.300781 0.488281 0.300781 0.484375 0.296875 0.484375 0.289062 0.460938 0.289062 0.449219 0.277344 0.449219 0.273438 0.433594 0.273438 0.429688 0.269531 0.429688 0.246094 0.421875 0.246094 0.417969 0.242188 0.417969 0.234375 0.414062 0.230469
4 0.683594 0.199219 0.683594 0.207031 0.699219 0.222656 0.699219 0.242188 0.695312 0.246094 0.691406 0.246094 0.687500 0.250000 0.687500 0.265625 0.703125 0.265625 0.703125 0.261719 0.707031 0.257812 0.707031 0.250000 0.710938 0.246094 0.765625 0.246094 0.769531 0.250000 0.769531 0.269531 0.777344 0.277344 0.777344 0.292969 0.781250 0.292969 0.785156 0.296875 0.785156 0.316406 0.781250 0.320312 0.777344 0.320312 0.777344 0.328125 0.789062 0.328125 0.800781 0.339844 0.800781 0.347656 0.824219 0.347656 0.828125 0.351562 0.828125 0.359375 0.832031 0.363281 0.839844 0.363281 0.843750 0.367188 0.843750 0.390625 0.847656 0.394531 0.867188 0.394531 0.867188 0.382812 0.863281 0.378906 0.863281 0.375000 0.847656 0.375000 0.843750 0.371094 0.843750 0.351562 0.839844 0.347656 0.839844 0.328125 0.832031 0.320312 0.832031 0.312500 0.820312 0.300781 0.820312 0.296875 0.816406 0.292969 0.816406 0.289062 0.812500 0.289062 0.808594 0.285156 0.808594 0.281250 0.804688 0.277344 0.804688 0.273438 0.796875 0.265625 0.796875 0.257812 0.785156 0.257812 0.781250 0.253906 0.781250 0.250000 0.769531 0.250000 0.765625 0.246094 0.765625 0.230469 0.761719 0.230469 0.742188 0.210938 0.714844 0.210938 0.710938 0.207031 0.710938 0.203125 0.699219 0.203125 0.695312 0.199219
4 0.351562 0.187500 0.347656 0.191406 0.343750 0.191406 0.343750 0.195312 0.339844 0.199219 0.339844 0.207031 0.335938 0.210938 0.332031 0.210938 0.332031 0.218750 0.339844 0.218750 0.343750 0.222656 0.343750 0.238281 0.339844 0.242188 0.320312 0.242188 0.316406 0.238281 0.308594 0.238281 0.308594 0.242188 0.304688 0.246094 0.289062 0.246094 0.285156 0.250000 0.285156 0.273438 0.281250 0.277344 0.269531 0.277344 0.261719 0.285156 0.230469 0.285156 0.230469 0.296875 0.234375 0.300781 0.234375 0.316406 0.238281 0.316406 0.242188 0.320312 0.250000 0.320312 0.253906 0.316406 0.253906 0.308594 0.261719 0.300781 0.285156 0.300781 0.285156 0.277344 0.289062 0.273438 0.312500 0.273438 0.316406 0.269531 0.332031 0.269531 0.335938 0.273438 0.367188 0.273438 0.367188 0.265625 0.363281 0.261719 0.363281 0.257812 0.359375 0.253906 0.359375 0.230469 0.363281 0.226562 0.371094 0.226562 0.371094 0.203125 0.367188 0.199219 0.367188 0.187500
4 0.429688 0.050781 0.429688 0.058594 0.425781 0.062500 0.425781 0.070312 0.429688 0.074219 0.429688 0.109375 0.425781 0.113281 0.425781 0.121094 0.429688 0.125000 0.429688 0.144531 0.433594 0.148438 0.445312 0.148438 0.445312 0.117188 0.449219 0.113281 0.464844 0.113281 0.468750 0.109375 0.468750 0.105469 0.472656 0.101562 0.496094 0.101562 0.500000 0.105469 0.507812 0.105469 0.515625 0.113281 0.515625 0.117188 0.519531 0.121094 0.542969 0.121094 0.546875 0.125000 0.593750 0.125000 0.597656 0.128906 0.597656 0.144531 0.593750 0.148438 0.593750 0.179688 0.585938 0.187500 0.582031 0.187500 0.578125 0.191406 0.566406 0.191406 0.566406 0.195312 0.562500 0.199219 0.562500 0.214844 0.558594 0.218750 0.542969 0.218750 0.542969 0.253906 0.554688 0.253906 0.558594 0.257812 0.558594 0.261719 0.562500 0.265625 0.562500 0.269531 0.570312 0.269531 0.570312 0.265625 0.574219 0.261719 0.574219 0.234375 0.578125 0.230469 0.578125 0.226562 0.582031 0.222656 0.589844 0.222656 0.593750 0.218750 0.593750 0.214844 0.597656 0.210938 0.597656 0.199219 0.601562 0.195312 0.601562 0.175781 0.609375 0.167969 0.617188 0.167969 0.617188 0.156250 0.621094 0.152344 0.640625 0.152344 0.644531 0.156250 0.644531 0.183594 0.632812 0.195312 0.628906 0.195312 0.628906 0.199219 0.625000 0.203125 0.625000 0.210938 0.632812 0.210938 0.636719 0.214844 0.636719 0.230469 0.644531 0.230469 0.648438 0.234375 0.656250 0.234375 0.656250 0.199219 0.664062 0.191406 0.671875 0.191406 0.671875 0.179688 0.675781 0.175781 0.683594 0.175781 0.683594 0.167969 0.675781 0.167969 0.671875 0.164062 0.671875 0.144531 0.652344 0.144531 0.648438 0.140625 0.648438 0.132812 0.644531 0.128906 0.640625 0.128906 0.632812 0.121094 0.632812 0.117188 0.628906 0.113281 0.628906 0.109375 0.617188 0.109375 0.613281 0.105469 0.613281 0.101562 0.597656 0.101562 0.593750 0.097656 0.574219 0.097656 0.570312 0.093750 0.562500 0.093750 0.558594 0.089844 0.546875 0.089844 0.542969 0.093750 0.527344 0.093750 0.523438 0.089844 0.507812 0.089844 0.503906 0.085938 0.500000 0.085938 0.492188 0.078125 0.492188 0.070312 0.468750 0.070312 0.464844 0.066406 0.449219 0.066406 0.441406 0.058594 0.441406 0.054688 0.437500 0.050781
