4 0.832031 0.765625 0.828125 0.769531 0.816406 0.769531 0.812500 0.773438 0.808594 0.773438 0.808594 0.792969 0.800781 0.800781 0.796875 0.800781 0.796875 0.804688 0.792969 0.808594 0.792969 0.816406 0.796875 0.820312 0.808594 0.820312 0.808594 0.808594 0.812500 0.804688 0.824219 0.804688 0.824219 0.792969 0.828125 0.789062 0.847656 0.789062 0.851562 0.785156 0.851562 0.765625
4 0.628906 0.734375 0.628906 0.738281 0.625000 0.742188 0.621094 0.742188 0.617188 0.746094 0.617188 0.757812 0.632812 0.757812 0.640625 0.765625 0.640625 0.769531 0.652344 0.769531 0.652344 0.765625 0.656250 0.761719 0.660156 0.761719 0.660156 0.757812 0.664062 0.753906 0.664062 0.746094 0.660156 0.742188 0.648438 0.742188 0.644531 0.738281 0.644531 0.734375
4 0.789062 0.722656 0.785156 0.726562 0.746094 0.726562 0.746094 0.738281 0.750000 0.742188 0.781250 0.742188 0.781250 0.734375 0.785156 0.730469 0.796875 0.730469 0.796875 0.722656
4 0.726562 0.699219 0.722656 0.703125 0.714844 0.703125 0.714844 0.718750 0.722656 0.718750 0.726562 0.714844 0.734375 0.714844 0.734375 0.699219
4 0.769531 0.683594 0.769531 0.695312 0.777344 0.695312 0.777344 0.683594
4 0.800781 0.667969 0.800781 0.679688 0.812500 0.679688 0.812500 0.671875 0.808594 0.667969
4 0.761719 0.644531 0.761719 0.652344 0.765625 0.656250 0.789062 0.656250 0.789062 0.644531
4 0.839844 0.636719 0.839844 0.648438 0.851562 0.648438 0.851562 0.640625 0.847656 0.636719
4 0.394531 0.628906 0.394531 0.644531 0.398438 0.648438 0.398438 0.652344 0.402344 0.656250 0.417969 0.656250 0.421875 0.652344 0.421875 0.644531 0.425781 0.640625 0.429688 0.640625 0.429688 0.628906
4 0.601562 0.585938 0.601562 0.589844 0.593750 0.597656 0.578125 0.597656 0.578125 0.601562 0.574219 0.605469 0.566406 0.605469 0.566406 0.613281 0.574219 0.613281 0.578125 0.617188 0.597656 0.617188 0.601562 0.621094 0.601562 0.632812 0.605469 0.632812 0.609375 0.636719 0.609375 0.640625 0.613281 0.644531 0.613281 0.652344 0.617188 0.656250 0.617188 0.664062 0.621094 0.664062 0.625000 0.667969 0.625000 0.683594 0.621094 0.687500 0.617188 0.687500 0.613281 0.691406 0.609375 0.691406 0.609375 0.699219 0.617188 0.699219 0.621094 0.695312 0.625000 0.695312 0.628906 0.691406 0.636719 0.691406 0.636719 0.671875 0.640625 0.667969 0.652344 0.667969 0.652344 0.660156 0.632812 0.660156 0.628906 0.656250 0.628906 0.632812 0.625000 0.628906 0.625000 0.621094 0.621094 0.621094 0.617188 0.617188 0.617188 0.609375 0.613281 0.609375 0.609375 0.605469 0.609375 0.585938
4 0.250000 0.585938 0.250000 0.593750 0.257812 0.593750 0.257812 0.585938
4 0.406250 0.527344 0.406250 0.542969 0.402344 0.546875 0.402344 0.558594 0.398438 0.562500 0.394531 0.562500 0.394531 0.570312 0.398438 0.574219 0.406250 0.574219 0.410156 0.578125 0.410156 0.585938 0.414062 0.589844 0.414062 0.597656 0.425781 0.597656 0.429688 0.601562 0.441406 0.601562 0.441406 0.597656 0.445312 0.593750 0.445312 0.585938 0.429688 0.585938 0.425781 0.582031 0.425781 0.578125 0.421875 0.574219 0.421875 0.562500 0.417969 0.558594 0.417969 0.542969 0.421875 0.539062 0.429688 0.539062 0.433594 0.535156 0.437500 0.535156 0.437500 0.527344
4 0.222656 0.523438 0.222656 0.535156 0.218750 0.539062 0.218750 0.550781 0.214844 0.554688 0.210938 0.554688 0.210938 0.562500 0.253906 0.562500 0.253906 0.554688 0.242188 0.554688 0.238281 0.550781 0.238281 0.542969 0.234375 0.539062 0.234375 0.523438
4 0.941406 0.519531 0.937500 0.523438 0.937500 0.539062 0.941406 0.539062 0.945312 0.542969 0.945312 0.570312 0.953125 0.578125 0.964844 0.578125 0.964844 0.554688 0.960938 0.550781 0.960938 0.539062 0.957031 0.535156 0.957031 0.519531
4 0.312500 0.519531 0.312500 0.539062 0.308594 0.542969 0.308594 0.554688 0.304688 0.558594 0.292969 0.558594 0.289062 0.562500 0.285156 0.562500 0.285156 0.570312 0.296875 0.570312 0.300781 0.566406 0.300781 0.562500 0.304688 0.558594 0.324219 0.558594 0.328125 0.554688 0.328125 0.546875 0.332031 0.542969 0.332031 0.523438 0.324219 0.523438 0.320312 0.519531
4 0.265625 0.488281 0.265625 0.496094 0.269531 0.496094 0.281250 0.507812 0.289062 0.507812 0.289062 0.492188 0.281250 0.492188 0.277344 0.488281
4 0.300781 0.476562 0.300781 0.488281 0.312500 0.488281 0.312500 0.476562
4 0.179688 0.433594 0.179688 0.437500 0.175781 0.441406 0.167969 0.441406 0.164062 0.445312 0.164062 0.453125 0.171875 0.453125 0.175781 0.457031 0.175781 0.468750 0.179688 0.472656 0.179688 0.492188 0.195312 0.492188 0.199219 0.488281 0.199219 0.480469 0.195312 0.476562 0.195312 0.453125 0.191406 0.449219 0.191406 0.433594
4 0.308594 0.421875 0.304688 0.425781 0.304688 0.437500 0.328125 0.437500 0.332031 0.441406 0.332031 0.449219 0.339844 0.449219 0.339844 0.437500 0.320312 0.437500 0.316406 0.433594 0.316406 0.421875
4 0.437500 0.410156 0.433594 0.414062 0.425781 0.414062 0.425781 0.429688 0.433594 0.437500 0.433594 0.457031 0.429688 0.460938 0.425781 0.460938 0.425781 0.472656 0.429688 0.476562 0.441406 0.476562 0.441406 0.464844 0.445312 0.460938 0.453125 0.460938 0.453125 0.449219 0.457031 0.445312 0.457031 0.433594 0.453125 0.429688 0.453125 0.414062 0.449219 0.410156
4 0.328125 0.378906 0.328125 0.386719 0.335938 0.394531 0.335938 0.410156 0.359375 0.410156 0.363281 0.414062 0.363281 0.425781 0.378906 0.425781 0.382812 0.421875 0.394531 0.421875 0.394531 0.414062 0.398438 0.410156 0.402344 0.410156 0.402344 0.402344 0.394531 0.394531 0.363281 0.394531 0.359375 0.390625 0.359375 0.382812 0.343750 0.382812 0.339844 0.378906
4 0.441406 0.347656 0.441406 0.359375 0.449219 0.359375 0.453125 0.363281 0.453125 0.367188 0.460938 0.367188 0.460938 0.351562 0.453125 0.351562 0.449219 0.347656
4 0.187500 0.332031 0.187500 0.343750 0.191406 0.347656 0.191406 0.351562 0.195312 0.355469 0.195312 0.378906 0.191406 0.382812 0.191406 0.390625 0.187500 0.394531 0.187500 0.406250 0.195312 0.406250 0.199219 0.410156 0.199219 0.429688 0.214844 0.429688 0.214844 0.425781 0.218750 0.421875 0.218750 0.414062 0.207031 0.414062 0.203125 0.410156 0.203125 0.375000 0.210938 0.367188 0.214844 0.367188 0.214844 0.359375 0.210938 0.355469 0.210938 0.339844 0.203125 0.332031
4 0.781250 0.113281 0.781250 0.121094 0.792969 0.121094 0.792969 0.113281
4 0.742188 0.074219 0.742188 0.082031 0.738281 0.085938 0.734375 0.085938 0.730469 0.089844 0.714844 0.089844 0.714844 0.093750 0.710938 0.097656 0.710938 0.105469 0.707031 0.109375 0.707031 0.117188 0.718750 0.117188 0.722656 0.121094 0.730469 0.121094 0.734375 0.117188 0.738281 0.117188 0.742188 0.113281 0.750000 0.113281 0.753906 0.109375 0.753906 0.089844 0.750000 0.085938 0.750000 0.074219
