4 0.515625 0.675781 0.515625 0.683594 0.523438 0.683594 0.523438 0.675781
4 0.140625 0.675781 0.140625 0.679688 0.136719 0.683594 0.136719 0.726562 0.132812 0.730469 0.132812 0.761719 0.140625 0.761719 0.148438 0.753906 0.148438 0.750000 0.152344 0.746094 0.167969 0.746094 0.171875 0.750000 0.171875 0.777344 0.167969 0.781250 0.167969 0.785156 0.164062 0.789062 0.164062 0.800781 0.167969 0.804688 0.167969 0.835938 0.179688 0.835938 0.183594 0.832031 0.187500 0.832031 0.187500 0.796875 0.183594 0.792969 0.183594 0.777344 0.187500 0.773438 0.187500 0.757812 0.183594 0.757812 0.179688 0.753906 0.179688 0.738281 0.183594 0.734375 0.195312 0.734375 0.195312 0.726562 0.199219 0.722656 0.207031 0.722656 0.207031 0.714844 0.199219 0.714844 0.199219 0.718750 0.195312 0.722656 0.160156 0.722656 0.152344 0.714844 0.152344 0.699219 0.156250 0.695312 0.156250 0.683594 0.148438 0.675781
4 0.441406 0.648438 0.441406 0.660156 0.437500 0.664062 0.437500 0.699219 0.433594 0.703125 0.429688 0.703125 0.429688 0.718750 0.433594 0.722656 0.433594 0.730469 0.437500 0.734375 0.449219 0.734375 0.449219 0.730469 0.453125 0.726562 0.464844 0.726562 0.464844 0.718750 0.457031 0.710938 0.457031 0.660156 0.453125 0.656250 0.453125 0.648438
4 0.136719 0.570312 0.136719 0.609375 0.132812 0.613281 0.132812 0.621094 0.140625 0.621094 0.140625 0.617188 0.144531 0.613281 0.160156 0.613281 0.160156 0.605469 0.156250 0.601562 0.156250 0.597656 0.148438 0.597656 0.144531 0.593750 0.144531 0.570312
4 0.753906 0.562500 0.753906 0.570312 0.750000 0.574219 0.750000 0.585938 0.746094 0.589844 0.734375 0.589844 0.734375 0.593750 0.730469 0.597656 0.730469 0.621094 0.726562 0.625000 0.726562 0.632812 0.738281 0.632812 0.742188 0.636719 0.742188 0.660156 0.750000 0.660156 0.753906 0.656250 0.757812 0.656250 0.761719 0.652344 0.761719 0.644531 0.769531 0.636719 0.769531 0.621094 0.765625 0.621094 0.761719 0.617188 0.761719 0.597656 0.765625 0.593750 0.765625 0.570312 0.761719 0.566406 0.761719 0.562500
4 0.253906 0.531250 0.253906 0.539062 0.265625 0.539062 0.265625 0.531250
4 0.144531 0.515625 0.144531 0.531250 0.148438 0.535156 0.148438 0.539062 0.152344 0.542969 0.152344 0.558594 0.199219 0.558594 0.203125 0.554688 0.207031 0.554688 0.207031 0.546875 0.195312 0.546875 0.191406 0.550781 0.167969 0.550781 0.164062 0.546875 0.164062 0.531250 0.160156 0.531250 0.152344 0.523438 0.152344 0.515625
4 0.300781 0.503906 0.296875 0.507812 0.292969 0.507812 0.292969 0.515625 0.289062 0.519531 0.277344 0.519531 0.277344 0.527344 0.285156 0.527344 0.285156 0.523438 0.289062 0.519531 0.304688 0.519531 0.308594 0.523438 0.320312 0.523438 0.320312 0.519531 0.324219 0.515625 0.339844 0.515625 0.343750 0.519531 0.371094 0.519531 0.375000 0.523438 0.375000 0.554688 0.378906 0.558594 0.394531 0.558594 0.398438 0.554688 0.398438 0.546875 0.406250 0.539062 0.406250 0.531250 0.402344 0.531250 0.398438 0.527344 0.398438 0.523438 0.394531 0.523438 0.390625 0.519531 0.367188 0.519531 0.363281 0.515625 0.363281 0.511719 0.328125 0.511719 0.324219 0.507812 0.312500 0.507812 0.308594 0.503906
4 0.570312 0.472656 0.566406 0.476562 0.566406 0.480469 0.562500 0.484375 0.558594 0.484375 0.558594 0.496094 0.554688 0.500000 0.546875 0.500000 0.546875 0.519531 0.542969 0.523438 0.542969 0.531250 0.539062 0.535156 0.535156 0.535156 0.535156 0.550781 0.531250 0.554688 0.531250 0.558594 0.527344 0.562500 0.523438 0.562500 0.523438 0.582031 0.519531 0.585938 0.507812 0.585938 0.507812 0.593750 0.511719 0.597656 0.511719 0.613281 0.519531 0.621094 0.519531 0.625000 0.535156 0.625000 0.539062 0.628906 0.539062 0.640625 0.542969 0.644531 0.542969 0.660156 0.546875 0.664062 0.546875 0.671875 0.554688 0.671875 0.558594 0.675781 0.570312 0.675781 0.574219 0.679688 0.578125 0.679688 0.582031 0.683594 0.582031 0.687500 0.589844 0.687500 0.589844 0.660156 0.593750 0.656250 0.605469 0.656250 0.605469 0.648438 0.609375 0.644531 0.632812 0.644531 0.636719 0.648438 0.636719 0.683594 0.640625 0.687500 0.640625 0.714844 0.636719 0.718750 0.609375 0.718750 0.605469 0.722656 0.605469 0.746094 0.601562 0.750000 0.597656 0.750000 0.597656 0.757812 0.593750 0.761719 0.574219 0.761719 0.574219 0.773438 0.578125 0.777344 0.585938 0.777344 0.585938 0.773438 0.589844 0.769531 0.593750 0.769531 0.593750 0.765625 0.597656 0.761719 0.613281 0.761719 0.617188 0.757812 0.636719 0.757812 0.640625 0.761719 0.648438 0.761719 0.652344 0.757812 0.652344 0.750000 0.656250 0.746094 0.660156 0.746094 0.660156 0.738281 0.656250 0.734375 0.656250 0.726562 0.652344 0.722656 0.652344 0.718750 0.648438 0.714844 0.648438 0.687500 0.652344 0.683594 0.652344 0.664062 0.640625 0.664062 0.636719 0.660156 0.636719 0.625000 0.640625 0.621094 0.640625 0.613281 0.636719 0.609375 0.636719 0.593750 0.640625 0.589844 0.644531 0.589844 0.648438 0.585938 0.656250 0.585938 0.656250 0.574219 0.652344 0.570312 0.652344 0.558594 0.644531 0.558594 0.644531 0.562500 0.640625 0.566406 0.640625 0.574219 0.636719 0.578125 0.636719 0.601562 0.632812 0.605469 0.621094 0.605469 0.617188 0.609375 0.617188 0.613281 0.609375 0.621094 0.605469 0.621094 0.605469 0.625000 0.601562 0.628906 0.589844 0.628906 0.585938 0.632812 0.570312 0.632812 0.566406 0.628906 0.558594 0.628906 0.554688 0.625000 0.554688 0.617188 0.550781 0.613281 0.550781 0.609375 0.542969 0.609375 0.539062 0.605469 0.539062 0.585938 0.542969 0.582031 0.542969 0.570312 0.546875 0.566406 0.558594 0.566406 0.558594 0.562500 0.566406 0.554688 0.566406 0.550781 0.574219 0.542969 0.574219 0.519531 0.578125 0.515625 0.578125 0.472656
4 0.136719 0.460938 0.132812 0.464844 0.132812 0.476562 0.136719 0.480469 0.136719 0.484375 0.140625 0.488281 0.140625 0.492188 0.148438 0.492188 0.148438 0.484375 0.144531 0.480469 0.144531 0.460938
4 0.421875 0.445312 0.421875 0.468750 0.429688 0.476562 0.429688 0.496094 0.437500 0.496094 0.445312 0.488281 0.449219 0.488281 0.464844 0.472656 0.472656 0.472656 0.472656 0.468750 0.480469 0.460938 0.484375 0.460938 0.484375 0.449219 0.476562 0.449219 0.472656 0.453125 0.453125 0.453125 0.445312 0.445312
4 0.332031 0.351562 0.324219 0.359375 0.304688 0.359375 0.300781 0.363281 0.285156 0.363281 0.277344 0.355469 0.269531 0.355469 0.265625 0.359375 0.265625 0.375000 0.261719 0.378906 0.261719 0.390625 0.304688 0.390625 0.304688 0.386719 0.308594 0.382812 0.324219 0.382812 0.324219 0.378906 0.328125 0.375000 0.351562 0.375000 0.359375 0.367188 0.375000 0.367188 0.378906 0.371094 0.378906 0.378906 0.406250 0.378906 0.410156 0.375000 0.417969 0.375000 0.417969 0.367188 0.406250 0.367188 0.402344 0.363281 0.402344 0.359375 0.382812 0.359375 0.378906 0.355469 0.378906 0.351562
4 0.175781 0.347656 0.175781 0.359375 0.183594 0.359375 0.183594 0.347656
4 0.640625 0.300781 0.640625 0.312500 0.636719 0.316406 0.628906 0.316406 0.628906 0.328125 0.625000 0.332031 0.617188 0.332031 0.605469 0.343750 0.605469 0.347656 0.601562 0.351562 0.597656 0.351562 0.585938 0.363281 0.585938 0.375000 0.597656 0.375000 0.601562 0.378906 0.609375 0.378906 0.609375 0.375000 0.613281 0.371094 0.617188 0.371094 0.617188 0.355469 0.625000 0.347656 0.625000 0.335938 0.628906 0.332031 0.636719 0.332031 0.636719 0.328125 0.640625 0.324219 0.648438 0.324219 0.648438 0.316406 0.652344 0.312500 0.652344 0.300781
4 0.625000 0.226562 0.625000 0.242188 0.632812 0.242188 0.632812 0.226562
4 0.210938 0.218750 0.210938 0.222656 0.207031 0.226562 0.207031 0.246094 0.203125 0.250000 0.203125 0.253906 0.195312 0.261719 0.191406 0.261719 0.191406 0.269531 0.195312 0.269531 0.199219 0.273438 0.199219 0.285156 0.207031 0.285156 0.207031 0.277344 0.210938 0.273438 0.210938 0.269531 0.214844 0.265625 0.218750 0.265625 0.218750 0.261719 0.222656 0.257812 0.222656 0.218750
4 0.558594 0.210938 0.542969 0.226562 0.523438 0.226562 0.523438 0.238281 0.527344 0.242188 0.546875 0.242188 0.554688 0.250000 0.585938 0.250000 0.589844 0.246094 0.589844 0.230469 0.585938 0.230469 0.582031 0.226562 0.582031 0.218750 0.578125 0.218750 0.574219 0.214844 0.574219 0.210938
4 0.476562 0.187500 0.476562 0.191406 0.472656 0.195312 0.433594 0.195312 0.433594 0.218750 0.429688 0.222656 0.386719 0.222656 0.382812 0.218750 0.382812 0.203125 0.375000 0.203125 0.367188 0.210938 0.363281 0.210938 0.363281 0.238281 0.367188 0.238281 0.371094 0.242188 0.371094 0.257812 0.367188 0.261719 0.367188 0.269531 0.363281 0.273438 0.359375 0.273438 0.359375 0.277344 0.355469 0.281250 0.335938 0.281250 0.332031 0.277344 0.332031 0.261719 0.335938 0.257812 0.335938 0.238281 0.332031 0.238281 0.328125 0.234375 0.328125 0.226562 0.320312 0.226562 0.320312 0.234375 0.316406 0.238281 0.316406 0.246094 0.320312 0.250000 0.320312 0.265625 0.316406 0.269531 0.300781 0.269531 0.296875 0.265625 0.296875 0.257812 0.281250 0.257812 0.273438 0.265625 0.273438 0.269531 0.269531 0.273438 0.265625 0.273438 0.265625 0.281250 0.269531 0.285156 0.277344 0.285156 0.281250 0.281250 0.296875 0.281250 0.300781 0.285156 0.300781 0.289062 0.312500 0.289062 0.316406 0.292969 0.320312 0.292969 0.328125 0.300781 0.332031 0.300781 0.335938 0.304688 0.339844 0.304688 0.343750 0.308594 0.343750 0.312500 0.347656 0.316406 0.359375 0.316406 0.359375 0.308594 0.367188 0.300781 0.371094 0.300781 0.375000 0.296875 0.390625 0.296875 0.394531 0.300781 0.406250 0.300781 0.414062 0.308594 0.437500 0.308594 0.441406 0.312500 0.441406 0.339844 0.453125 0.339844 0.453125 0.328125 0.460938 0.320312 0.460938 0.312500 0.464844 0.308594 0.496094 0.308594 0.500000 0.312500 0.500000 0.332031 0.496094 0.335938 0.496094 0.343750 0.503906 0.343750 0.515625 0.332031 0.515625 0.324219 0.519531 0.320312 0.531250 0.320312 0.531250 0.312500 0.535156 0.308594 0.535156 0.300781 0.519531 0.300781 0.515625 0.296875 0.515625 0.292969 0.496094 0.292969 0.492188 0.289062 0.492188 0.269531 0.488281 0.269531 0.484375 0.265625 0.484375 0.257812 0.472656 0.257812 0.468750 0.253906 0.449219 0.253906 0.445312 0.250000 0.445312 0.222656 0.449219 0.218750 0.453125 0.218750 0.457031 0.214844 0.496094 0.214844 0.496094 0.210938 0.500000 0.207031 0.511719 0.207031 0.511719 0.195312 0.488281 0.195312 0.484375 0.191406 0.484375 0.187500
4 0.535156 0.167969 0.531250 0.171875 0.531250 0.183594 0.542969 0.183594 0.542969 0.167969
4 0.363281 0.097656 0.363281 0.109375 0.359375 0.113281 0.351562 0.113281 0.351562 0.128906 0.347656 0.132812 0.328125 0.132812 0.324219 0.136719 0.320312 0.136719 0.320312 0.140625 0.316406 0.144531 0.312500 0.144531 0.308594 0.148438 0.304688 0.148438 0.296875 0.156250 0.281250 0.156250 0.281250 0.160156 0.273438 0.167969 0.269531 0.167969 0.265625 0.171875 0.261719 0.171875 0.257812 0.175781 0.257812 0.183594 0.253906 0.187500 0.242188 0.187500 0.238281 0.191406 0.234375 0.191406 0.234375 0.203125 0.242188 0.203125 0.246094 0.199219 0.265625 0.199219 0.269531 0.195312 0.277344 0.195312 0.277344 0.187500 0.281250 0.183594 0.281250 0.175781 0.289062 0.167969 0.304688 0.167969 0.308594 0.171875 0.308594 0.175781 0.312500 0.179688 0.328125 0.179688 0.335938 0.187500 0.343750 0.187500 0.347656 0.183594 0.347656 0.160156 0.351562 0.156250 0.363281 0.156250 0.371094 0.148438 0.371094 0.132812 0.375000 0.128906 0.398438 0.128906 0.398438 0.117188 0.394531 0.117188 0.390625 0.113281 0.390625 0.097656
4 0.558594 0.085938 0.558594 0.093750 0.554688 0.097656 0.539062 0.097656 0.539062 0.105469 0.542969 0.109375 0.550781 0.109375 0.554688 0.105469 0.558594 0.105469 0.558594 0.101562 0.562500 0.097656 0.574219 0.097656 0.578125 0.093750 0.578125 0.085938
4 0.957031 0.070312 0.953125 0.074219 0.945312 0.074219 0.941406 0.078125 0.933594 0.078125 0.929688 0.082031 0.929688 0.085938 0.917969 0.097656 0.917969 0.105469 0.914062 0.109375 0.898438 0.109375 0.890625 0.117188 0.875000 0.117188 0.871094 0.121094 0.871094 0.125000 0.863281 0.132812 0.851562 0.132812 0.851562 0.136719 0.843750 0.144531 0.839844 0.144531 0.832031 0.152344 0.828125 0.152344 0.828125 0.156250 0.824219 0.160156 0.816406 0.160156 0.812500 0.164062 0.808594 0.164062 0.804688 0.167969 0.800781 0.167969 0.796875 0.171875 0.796875 0.183594 0.789062 0.191406 0.785156 0.191406 0.777344 0.199219 0.773438 0.199219 0.769531 0.203125 0.753906 0.203125 0.750000 0.199219 0.742188 0.199219 0.742188 0.226562 0.726562 0.242188 0.703125 0.242188 0.703125 0.246094 0.699219 0.250000 0.675781 0.250000 0.671875 0.246094 0.671875 0.207031 0.675781 0.203125 0.675781 0.195312 0.671875 0.191406 0.671875 0.187500 0.664062 0.179688 0.664062 0.175781 0.660156 0.175781 0.656250 0.171875 0.644531 0.171875 0.640625 0.167969 0.640625 0.164062 0.636719 0.160156 0.632812 0.160156 0.628906 0.156250 0.617188 0.156250 0.617188 0.167969 0.625000 0.175781 0.644531 0.175781 0.652344 0.183594 0.652344 0.199219 0.664062 0.199219 0.667969 0.203125 0.667969 0.218750 0.660156 0.226562 0.660156 0.230469 0.656250 0.234375 0.656250 0.246094 0.660156 0.250000 0.660156 0.253906 0.667969 0.261719 0.667969 0.281250 0.671875 0.281250 0.675781 0.285156 0.675781 0.289062 0.695312 0.289062 0.699219 0.292969 0.699219 0.308594 0.691406 0.316406 0.691406 0.328125 0.687500 0.332031 0.687500 0.339844 0.683594 0.343750 0.675781 0.343750 0.675781 0.414062 0.671875 0.417969 0.671875 0.421875 0.667969 0.425781 0.667969 0.429688 0.664062 0.433594 0.648438 0.433594 0.640625 0.441406 0.640625 0.449219 0.632812 0.457031 0.621094 0.457031 0.621094 0.472656 0.628906 0.472656 0.632812 0.476562 0.644531 0.476562 0.648438 0.480469 0.648438 0.500000 0.656250 0.507812 0.656250 0.511719 0.671875 0.511719 0.675781 0.507812 0.675781 0.496094 0.679688 0.492188 0.679688 0.433594 0.683594 0.429688 0.687500 0.429688 0.687500 0.390625 0.691406 0.386719 0.695312 0.386719 0.695312 0.382812 0.699219 0.378906 0.699219 0.371094 0.707031 0.363281 0.726562 0.363281 0.726562 0.339844 0.730469 0.335938 0.730469 0.324219 0.734375 0.320312 0.750000 0.320312 0.750000 0.312500 0.753906 0.308594 0.777344 0.308594 0.781250 0.312500 0.781250 0.332031 0.777344 0.335938 0.765625 0.335938 0.765625 0.343750 0.761719 0.347656 0.757812 0.347656 0.757812 0.355469 0.769531 0.367188 0.769531 0.375000 0.777344 0.382812 0.777344 0.394531 0.785156 0.394531 0.789062 0.398438 0.789062 0.402344 0.800781 0.402344 0.800781 0.363281 0.804688 0.359375 0.808594 0.359375 0.812500 0.355469 0.816406 0.355469 0.820312 0.351562 0.828125 0.351562 0.828125 0.339844 0.820312 0.339844 0.816406 0.335938 0.800781 0.335938 0.792969 0.328125 0.792969 0.257812 0.796875 0.253906 0.796875 0.242188 0.808594 0.230469 0.835938 0.230469 0.835938 0.218750 0.832031 0.214844 0.832031 0.210938 0.828125 0.207031 0.828125 0.179688 0.832031 0.175781 0.835938 0.175781 0.835938 0.171875 0.843750 0.164062 0.851562 0.164062 0.855469 0.160156 0.878906 0.160156 0.890625 0.148438 0.890625 0.144531 0.894531 0.140625 0.906250 0.140625 0.914062 0.132812 0.925781 0.132812 0.925781 0.105469 0.933594 0.097656 0.937500 0.097656 0.945312 0.089844 0.980469 0.089844 0.980469 0.085938 0.984375 0.082031 0.984375 0.074219 0.980469 0.070312
4 0.503906 0.058594 0.500000 0.062500 0.496094 0.062500 0.496094 0.085938 0.492188 0.089844 0.484375 0.089844 0.484375 0.097656 0.488281 0.101562 0.488281 0.105469 0.496094 0.105469 0.496094 0.097656 0.500000 0.093750 0.531250 0.093750 0.531250 0.085938 0.519531 0.085938 0.515625 0.082031 0.515625 0.062500 0.511719 0.058594
