4 0.277344 0.937500 0.273438 0.941406 0.265625 0.941406 0.265625 0.968750 0.269531 0.972656 0.269531 0.976562 0.289062 0.976562 0.292969 0.980469 0.300781 0.980469 0.300781 0.964844 0.308594 0.957031 0.308594 0.945312 0.289062 0.945312 0.285156 0.941406 0.285156 0.937500
4 0.191406 0.683594 0.191406 0.699219 0.203125 0.699219 0.207031 0.703125 0.207031 0.722656 0.222656 0.738281 0.222656 0.742188 0.238281 0.742188 0.238281 0.722656 0.242188 0.718750 0.257812 0.718750 0.265625 0.726562 0.265625 0.730469 0.277344 0.742188 0.277344 0.757812 0.273438 0.761719 0.273438 0.765625 0.269531 0.769531 0.269531 0.792969 0.273438 0.792969 0.277344 0.796875 0.285156 0.796875 0.289062 0.792969 0.300781 0.792969 0.300781 0.753906 0.296875 0.750000 0.292969 0.750000 0.289062 0.746094 0.289062 0.726562 0.285156 0.722656 0.285156 0.714844 0.281250 0.710938 0.253906 0.710938 0.250000 0.707031 0.250000 0.695312 0.246094 0.691406 0.246094 0.687500 0.234375 0.687500 0.230469 0.691406 0.203125 0.691406 0.199219 0.687500 0.199219 0.683594
4 0.546875 0.656250 0.546875 0.667969 0.554688 0.667969 0.554688 0.656250
4 0.246094 0.628906 0.246094 0.636719 0.250000 0.640625 0.250000 0.652344 0.253906 0.656250 0.253906 0.664062 0.257812 0.667969 0.257812 0.671875 0.265625 0.671875 0.269531 0.675781 0.269531 0.679688 0.281250 0.679688 0.281250 0.671875 0.277344 0.667969 0.277344 0.656250 0.273438 0.656250 0.269531 0.652344 0.269531 0.648438 0.265625 0.644531 0.265625 0.636719 0.261719 0.632812 0.261719 0.628906
4 0.000000 0.609375 0.000000 0.632812 0.019531 0.632812 0.023438 0.636719 0.027344 0.636719 0.031250 0.640625 0.042969 0.640625 0.042969 0.632812 0.046875 0.628906 0.046875 0.613281 0.011719 0.613281 0.007812 0.609375
4 0.554688 0.582031 0.554688 0.601562 0.550781 0.605469 0.550781 0.621094 0.558594 0.628906 0.558594 0.648438 0.570312 0.648438 0.570312 0.640625 0.574219 0.636719 0.585938 0.636719 0.585938 0.625000 0.574219 0.625000 0.570312 0.621094 0.570312 0.601562 0.574219 0.597656 0.574219 0.585938 0.570312 0.582031
4 0.496094 0.546875 0.492188 0.550781 0.484375 0.550781 0.484375 0.558594 0.480469 0.562500 0.480469 0.574219 0.476562 0.578125 0.476562 0.625000 0.472656 0.628906 0.460938 0.628906 0.460938 0.632812 0.457031 0.636719 0.457031 0.644531 0.453125 0.648438 0.441406 0.648438 0.437500 0.652344 0.437500 0.656250 0.433594 0.660156 0.429688 0.660156 0.429688 0.667969 0.437500 0.667969 0.441406 0.664062 0.476562 0.664062 0.476562 0.625000 0.480469 0.621094 0.484375 0.621094 0.484375 0.617188 0.488281 0.613281 0.488281 0.597656 0.492188 0.593750 0.496094 0.593750 0.496094 0.585938 0.503906 0.578125 0.511719 0.578125 0.511719 0.554688 0.503906 0.546875
4 0.382812 0.542969 0.378906 0.546875 0.371094 0.546875 0.371094 0.558594 0.367188 0.562500 0.367188 0.566406 0.363281 0.570312 0.324219 0.570312 0.316406 0.578125 0.316406 0.609375 0.320312 0.613281 0.320312 0.617188 0.332031 0.617188 0.332031 0.613281 0.335938 0.609375 0.339844 0.609375 0.343750 0.605469 0.351562 0.605469 0.355469 0.601562 0.363281 0.601562 0.367188 0.597656 0.382812 0.597656 0.386719 0.593750 0.402344 0.593750 0.406250 0.597656 0.406250 0.625000 0.414062 0.625000 0.414062 0.621094 0.417969 0.617188 0.417969 0.613281 0.421875 0.609375 0.421875 0.597656 0.425781 0.593750 0.425781 0.570312 0.429688 0.566406 0.429688 0.550781 0.410156 0.550781 0.402344 0.542969
4 0.441406 0.488281 0.441406 0.492188 0.437500 0.496094 0.437500 0.500000 0.433594 0.503906 0.433594 0.523438 0.441406 0.523438 0.445312 0.519531 0.445312 0.500000 0.449219 0.496094 0.449219 0.488281
4 0.382812 0.488281 0.378906 0.492188 0.375000 0.492188 0.375000 0.500000 0.378906 0.500000 0.382812 0.503906 0.382812 0.511719 0.394531 0.511719 0.394531 0.507812 0.398438 0.503906 0.406250 0.503906 0.406250 0.492188 0.394531 0.492188 0.390625 0.488281
4 0.347656 0.472656 0.347656 0.480469 0.355469 0.480469 0.355469 0.472656
4 0.652344 0.273438 0.648438 0.277344 0.644531 0.277344 0.640625 0.281250 0.636719 0.281250 0.636719 0.296875 0.644531 0.296875 0.652344 0.289062 0.656250 0.289062 0.660156 0.285156 0.660156 0.273438
4 0.683594 0.269531 0.683594 0.296875 0.691406 0.296875 0.691406 0.269531
4 0.671875 0.234375 0.671875 0.238281 0.667969 0.242188 0.664062 0.242188 0.664062 0.253906 0.679688 0.253906 0.679688 0.234375
4 0.582031 0.222656 0.582031 0.234375 0.566406 0.250000 0.546875 0.250000 0.542969 0.246094 0.535156 0.246094 0.531250 0.242188 0.523438 0.242188 0.519531 0.246094 0.519531 0.265625 0.515625 0.269531 0.511719 0.269531 0.507812 0.273438 0.507812 0.285156 0.503906 0.289062 0.503906 0.316406 0.511719 0.316406 0.511719 0.312500 0.515625 0.308594 0.550781 0.308594 0.554688 0.312500 0.554688 0.316406 0.574219 0.316406 0.578125 0.312500 0.589844 0.312500 0.589844 0.304688 0.574219 0.304688 0.570312 0.300781 0.570312 0.281250 0.578125 0.273438 0.578125 0.257812 0.582031 0.253906 0.589844 0.253906 0.589844 0.234375 0.593750 0.230469 0.597656 0.230469 0.597656 0.222656
4 0.683594 0.207031 0.683594 0.218750 0.691406 0.218750 0.691406 0.207031
4 0.535156 0.203125 0.535156 0.222656 0.546875 0.222656 0.546875 0.203125
4 0.558594 0.148438 0.558594 0.164062 0.554688 0.167969 0.554688 0.171875 0.550781 0.175781 0.550781 0.187500 0.558594 0.187500 0.558594 0.179688 0.566406 0.171875 0.566406 0.164062 0.570312 0.160156 0.570312 0.148438
