4 0.390625 0.882812 0.386719 0.886719 0.386719 0.894531 0.390625 0.898438 0.390625 0.917969 0.386719 0.921875 0.375000 0.921875 0.375000 0.925781 0.371094 0.929688 0.371094 0.937500 0.363281 0.945312 0.363281 0.960938 0.367188 0.964844 0.367188 0.968750 0.382812 0.968750 0.382812 0.957031 0.386719 0.953125 0.398438 0.953125 0.402344 0.949219 0.406250 0.949219 0.406250 0.941406 0.410156 0.937500 0.417969 0.937500 0.417969 0.925781 0.414062 0.921875 0.414062 0.917969 0.410156 0.914062 0.410156 0.882812
4 0.757812 0.835938 0.757812 0.859375 0.753906 0.863281 0.730469 0.863281 0.730469 0.875000 0.734375 0.878906 0.734375 0.886719 0.753906 0.886719 0.757812 0.890625 0.765625 0.890625 0.765625 0.886719 0.769531 0.882812 0.769531 0.875000 0.773438 0.871094 0.773438 0.859375 0.777344 0.855469 0.777344 0.843750 0.773438 0.843750 0.765625 0.835938
4 0.570312 0.828125 0.570312 0.832031 0.566406 0.835938 0.539062 0.835938 0.539062 0.843750 0.527344 0.855469 0.511719 0.855469 0.511719 0.863281 0.515625 0.867188 0.527344 0.867188 0.531250 0.871094 0.546875 0.871094 0.546875 0.851562 0.550781 0.847656 0.562500 0.847656 0.562500 0.839844 0.566406 0.835938 0.582031 0.835938 0.585938 0.839844 0.585938 0.843750 0.593750 0.843750 0.593750 0.835938 0.582031 0.835938 0.578125 0.832031 0.578125 0.828125
4 0.746094 0.757812 0.746094 0.773438 0.753906 0.773438 0.753906 0.757812
4 0.675781 0.718750 0.671875 0.722656 0.667969 0.722656 0.664062 0.726562 0.664062 0.730469 0.660156 0.734375 0.660156 0.738281 0.656250 0.742188 0.644531 0.742188 0.644531 0.757812 0.640625 0.761719 0.632812 0.761719 0.632812 0.769531 0.636719 0.769531 0.640625 0.773438 0.656250 0.773438 0.656250 0.753906 0.660156 0.750000 0.687500 0.750000 0.687500 0.738281 0.691406 0.734375 0.691406 0.722656 0.687500 0.718750
4 0.589844 0.695312 0.589844 0.703125 0.601562 0.703125 0.601562 0.695312
4 0.605469 0.656250 0.605469 0.664062 0.613281 0.664062 0.613281 0.656250
4 0.570312 0.656250 0.566406 0.660156 0.562500 0.660156 0.562500 0.667969 0.578125 0.667969 0.578125 0.656250
4 0.890625 0.644531 0.890625 0.652344 0.898438 0.652344 0.898438 0.644531
4 0.582031 0.621094 0.582031 0.628906 0.589844 0.628906 0.589844 0.621094
4 0.894531 0.582031 0.890625 0.585938 0.890625 0.589844 0.886719 0.593750 0.882812 0.593750 0.882812 0.617188 0.906250 0.617188 0.906250 0.613281 0.910156 0.609375 0.914062 0.609375 0.917969 0.605469 0.917969 0.585938 0.914062 0.585938 0.910156 0.582031
4 0.535156 0.531250 0.535156 0.539062 0.550781 0.539062 0.550781 0.531250
4 0.445312 0.531250 0.441406 0.535156 0.437500 0.535156 0.433594 0.539062 0.429688 0.539062 0.429688 0.550781 0.433594 0.550781 0.437500 0.554688 0.437500 0.558594 0.445312 0.566406 0.445312 0.574219 0.449219 0.578125 0.449219 0.585938 0.480469 0.585938 0.480469 0.582031 0.484375 0.578125 0.484375 0.566406 0.476562 0.566406 0.472656 0.562500 0.472656 0.550781 0.457031 0.550781 0.453125 0.546875 0.453125 0.531250
4 0.929688 0.527344 0.929688 0.535156 0.941406 0.535156 0.941406 0.527344
4 0.375000 0.515625 0.375000 0.535156 0.371094 0.539062 0.371094 0.546875 0.367188 0.550781 0.363281 0.550781 0.363281 0.558594 0.367188 0.558594 0.371094 0.562500 0.371094 0.566406 0.375000 0.566406 0.378906 0.570312 0.386719 0.570312 0.386719 0.554688 0.382812 0.554688 0.378906 0.550781 0.378906 0.531250 0.382812 0.527344 0.386719 0.527344 0.386719 0.519531 0.382812 0.515625
4 0.066406 0.468750 0.066406 0.480469 0.074219 0.480469 0.074219 0.468750
4 0.109375 0.464844 0.109375 0.480469 0.125000 0.480469 0.128906 0.484375 0.128906 0.507812 0.125000 0.511719 0.125000 0.535156 0.109375 0.550781 0.109375 0.558594 0.105469 0.562500 0.101562 0.562500 0.097656 0.566406 0.097656 0.582031 0.101562 0.585938 0.101562 0.589844 0.109375 0.589844 0.113281 0.585938 0.113281 0.582031 0.117188 0.578125 0.117188 0.574219 0.121094 0.570312 0.121094 0.566406 0.125000 0.562500 0.144531 0.562500 0.148438 0.566406 0.148438 0.574219 0.167969 0.574219 0.167969 0.562500 0.171875 0.558594 0.183594 0.558594 0.183594 0.542969 0.167969 0.542969 0.164062 0.546875 0.140625 0.546875 0.136719 0.542969 0.136719 0.527344 0.140625 0.523438 0.152344 0.523438 0.156250 0.519531 0.156250 0.515625 0.164062 0.507812 0.164062 0.492188 0.156250 0.492188 0.148438 0.484375 0.148438 0.480469 0.125000 0.480469 0.121094 0.476562 0.121094 0.468750 0.117188 0.464844
4 0.609375 0.460938 0.605469 0.464844 0.601562 0.464844 0.601562 0.468750 0.597656 0.472656 0.597656 0.488281 0.601562 0.488281 0.605469 0.492188 0.605469 0.515625 0.601562 0.519531 0.597656 0.519531 0.597656 0.531250 0.601562 0.535156 0.609375 0.535156 0.613281 0.531250 0.617188 0.531250 0.617188 0.484375 0.621094 0.480469 0.621094 0.464844 0.617188 0.460938
4 0.550781 0.457031 0.550781 0.460938 0.546875 0.464844 0.546875 0.488281 0.554688 0.488281 0.554688 0.480469 0.562500 0.472656 0.574219 0.472656 0.574219 0.464844 0.570312 0.460938 0.566406 0.460938 0.562500 0.457031
4 0.210938 0.453125 0.207031 0.457031 0.207031 0.464844 0.210938 0.468750 0.214844 0.468750 0.218750 0.472656 0.218750 0.480469 0.222656 0.484375 0.222656 0.503906 0.218750 0.507812 0.191406 0.507812 0.191406 0.531250 0.210938 0.531250 0.214844 0.535156 0.214844 0.574219 0.210938 0.578125 0.203125 0.578125 0.203125 0.589844 0.207031 0.593750 0.207031 0.625000 0.203125 0.628906 0.195312 0.628906 0.195312 0.636719 0.199219 0.640625 0.199219 0.644531 0.203125 0.648438 0.203125 0.652344 0.207031 0.652344 0.210938 0.656250 0.210938 0.671875 0.207031 0.675781 0.191406 0.675781 0.191406 0.699219 0.187500 0.703125 0.175781 0.703125 0.175781 0.714844 0.179688 0.718750 0.191406 0.718750 0.195312 0.714844 0.195312 0.703125 0.199219 0.699219 0.203125 0.699219 0.203125 0.691406 0.207031 0.687500 0.210938 0.687500 0.210938 0.675781 0.214844 0.671875 0.253906 0.671875 0.261719 0.679688 0.261719 0.703125 0.257812 0.707031 0.257812 0.710938 0.253906 0.714844 0.253906 0.734375 0.250000 0.738281 0.250000 0.761719 0.261719 0.761719 0.261719 0.746094 0.269531 0.738281 0.269531 0.734375 0.273438 0.730469 0.273438 0.722656 0.277344 0.718750 0.277344 0.710938 0.281250 0.707031 0.296875 0.707031 0.296875 0.703125 0.300781 0.699219 0.300781 0.683594 0.304688 0.679688 0.308594 0.679688 0.312500 0.675781 0.332031 0.675781 0.335938 0.679688 0.335938 0.699219 0.347656 0.699219 0.347656 0.691406 0.351562 0.687500 0.355469 0.687500 0.355469 0.683594 0.359375 0.679688 0.378906 0.679688 0.382812 0.683594 0.390625 0.683594 0.390625 0.660156 0.394531 0.656250 0.414062 0.656250 0.414062 0.644531 0.417969 0.640625 0.429688 0.640625 0.433594 0.636719 0.457031 0.636719 0.457031 0.625000 0.460938 0.621094 0.460938 0.613281 0.437500 0.613281 0.429688 0.605469 0.429688 0.601562 0.425781 0.597656 0.414062 0.597656 0.414062 0.609375 0.410156 0.613281 0.410156 0.617188 0.406250 0.621094 0.402344 0.621094 0.402344 0.628906 0.398438 0.632812 0.398438 0.652344 0.394531 0.656250 0.378906 0.656250 0.375000 0.652344 0.375000 0.632812 0.367188 0.625000 0.355469 0.625000 0.355469 0.632812 0.351562 0.636719 0.351562 0.648438 0.347656 0.652344 0.285156 0.652344 0.281250 0.648438 0.281250 0.636719 0.273438 0.636719 0.269531 0.632812 0.269531 0.613281 0.257812 0.613281 0.253906 0.609375 0.253906 0.597656 0.250000 0.593750 0.250000 0.589844 0.246094 0.589844 0.242188 0.585938 0.242188 0.558594 0.246094 0.554688 0.269531 0.554688 0.269531 0.535156 0.273438 0.531250 0.281250 0.531250 0.285156 0.527344 0.285156 0.519531 0.277344 0.519531 0.273438 0.523438 0.269531 0.523438 0.269531 0.535156 0.265625 0.539062 0.250000 0.539062 0.246094 0.535156 0.246094 0.531250 0.242188 0.527344 0.242188 0.511719 0.246094 0.507812 0.246094 0.500000 0.238281 0.500000 0.234375 0.496094 0.234375 0.472656 0.230469 0.472656 0.226562 0.468750 0.226562 0.464844 0.222656 0.460938 0.222656 0.457031 0.218750 0.453125
4 0.656250 0.437500 0.656250 0.449219 0.664062 0.449219 0.664062 0.437500
4 0.949219 0.425781 0.949219 0.453125 0.945312 0.457031 0.937500 0.457031 0.933594 0.460938 0.929688 0.460938 0.929688 0.472656 0.925781 0.476562 0.925781 0.492188 0.933594 0.492188 0.933594 0.488281 0.937500 0.484375 0.949219 0.484375 0.949219 0.480469 0.953125 0.476562 0.953125 0.449219 0.957031 0.445312 0.964844 0.445312 0.964844 0.433594 0.957031 0.425781
4 0.382812 0.386719 0.382812 0.390625 0.378906 0.394531 0.375000 0.394531 0.371094 0.398438 0.355469 0.398438 0.351562 0.394531 0.351562 0.390625 0.343750 0.390625 0.343750 0.410156 0.339844 0.414062 0.339844 0.433594 0.335938 0.437500 0.332031 0.437500 0.332031 0.449219 0.335938 0.449219 0.339844 0.453125 0.339844 0.472656 0.335938 0.476562 0.335938 0.488281 0.339844 0.492188 0.339844 0.496094 0.347656 0.496094 0.351562 0.492188 0.386719 0.492188 0.386719 0.484375 0.390625 0.480469 0.414062 0.480469 0.417969 0.484375 0.417969 0.488281 0.425781 0.488281 0.429688 0.492188 0.449219 0.492188 0.453125 0.496094 0.453125 0.507812 0.464844 0.507812 0.468750 0.503906 0.472656 0.503906 0.472656 0.488281 0.476562 0.484375 0.476562 0.441406 0.464844 0.441406 0.460938 0.445312 0.441406 0.445312 0.437500 0.441406 0.437500 0.425781 0.441406 0.421875 0.441406 0.402344 0.445312 0.398438 0.445312 0.390625 0.437500 0.390625 0.437500 0.398438 0.433594 0.402344 0.417969 0.402344 0.414062 0.398438 0.406250 0.398438 0.402344 0.394531 0.398438 0.394531 0.394531 0.390625 0.394531 0.386719
4 0.597656 0.378906 0.597656 0.386719 0.605469 0.386719 0.605469 0.378906
4 0.937500 0.359375 0.933594 0.363281 0.921875 0.363281 0.921875 0.375000 0.941406 0.375000 0.941406 0.371094 0.945312 0.367188 0.945312 0.359375
4 0.054688 0.285156 0.046875 0.292969 0.027344 0.292969 0.027344 0.316406 0.031250 0.320312 0.031250 0.328125 0.035156 0.332031 0.035156 0.339844 0.039062 0.343750 0.039062 0.351562 0.042969 0.355469 0.042969 0.359375 0.046875 0.363281 0.046875 0.382812 0.042969 0.386719 0.042969 0.402344 0.039062 0.406250 0.039062 0.414062 0.035156 0.417969 0.035156 0.429688 0.050781 0.429688 0.050781 0.421875 0.054688 0.417969 0.054688 0.414062 0.058594 0.410156 0.058594 0.363281 0.062500 0.359375 0.062500 0.347656 0.058594 0.343750 0.058594 0.339844 0.054688 0.335938 0.054688 0.332031 0.046875 0.332031 0.042969 0.328125 0.042969 0.300781 0.046875 0.296875 0.058594 0.296875 0.062500 0.292969 0.062500 0.285156
4 0.261719 0.234375 0.261719 0.257812 0.265625 0.257812 0.269531 0.261719 0.269531 0.292969 0.277344 0.292969 0.281250 0.289062 0.285156 0.289062 0.285156 0.269531 0.289062 0.265625 0.292969 0.265625 0.292969 0.253906 0.289062 0.253906 0.285156 0.250000 0.285156 0.242188 0.277344 0.234375
4 0.812500 0.226562 0.812500 0.250000 0.820312 0.257812 0.820312 0.277344 0.816406 0.281250 0.816406 0.292969 0.820312 0.296875 0.828125 0.296875 0.835938 0.289062 0.859375 0.289062 0.863281 0.292969 0.863281 0.300781 0.871094 0.300781 0.871094 0.277344 0.875000 0.273438 0.875000 0.261719 0.867188 0.253906 0.867188 0.250000 0.859375 0.242188 0.859375 0.234375 0.855469 0.234375 0.851562 0.230469 0.828125 0.230469 0.824219 0.226562
4 0.042969 0.195312 0.042969 0.203125 0.027344 0.218750 0.027344 0.230469 0.023438 0.234375 0.023438 0.250000 0.019531 0.253906 0.019531 0.261719 0.035156 0.261719 0.035156 0.257812 0.046875 0.246094 0.046875 0.234375 0.050781 0.230469 0.050781 0.226562 0.062500 0.214844 0.062500 0.210938 0.066406 0.207031 0.066406 0.195312
4 0.925781 0.156250 0.917969 0.164062 0.910156 0.164062 0.910156 0.183594 0.906250 0.187500 0.906250 0.195312 0.910156 0.199219 0.910156 0.210938 0.917969 0.210938 0.925781 0.218750 0.925781 0.253906 0.945312 0.253906 0.949219 0.257812 0.949219 0.312500 0.945312 0.316406 0.941406 0.316406 0.941406 0.328125 0.945312 0.332031 0.945312 0.335938 0.968750 0.335938 0.968750 0.312500 0.960938 0.312500 0.957031 0.308594 0.957031 0.285156 0.960938 0.281250 0.964844 0.281250 0.964844 0.269531 0.953125 0.269531 0.949219 0.265625 0.949219 0.242188 0.945312 0.238281 0.945312 0.234375 0.941406 0.230469 0.941406 0.207031 0.937500 0.203125 0.937500 0.156250
4 0.789062 0.152344 0.789062 0.160156 0.800781 0.160156 0.800781 0.152344
4 0.195312 0.125000 0.195312 0.132812 0.187500 0.140625 0.167969 0.140625 0.164062 0.136719 0.156250 0.136719 0.152344 0.140625 0.152344 0.156250 0.156250 0.160156 0.175781 0.160156 0.179688 0.164062 0.179688 0.167969 0.183594 0.171875 0.183594 0.191406 0.179688 0.195312 0.152344 0.195312 0.148438 0.191406 0.148438 0.187500 0.140625 0.187500 0.136719 0.191406 0.132812 0.191406 0.128906 0.195312 0.125000 0.195312 0.113281 0.207031 0.109375 0.207031 0.109375 0.218750 0.117188 0.226562 0.117188 0.230469 0.125000 0.230469 0.128906 0.234375 0.128906 0.238281 0.132812 0.238281 0.136719 0.242188 0.144531 0.242188 0.144531 0.218750 0.148438 0.214844 0.152344 0.214844 0.156250 0.210938 0.179688 0.210938 0.183594 0.214844 0.183594 0.230469 0.179688 0.234375 0.179688 0.265625 0.175781 0.269531 0.171875 0.269531 0.171875 0.277344 0.167969 0.281250 0.167969 0.285156 0.164062 0.289062 0.164062 0.296875 0.175781 0.308594 0.191406 0.308594 0.199219 0.300781 0.199219 0.289062 0.195312 0.289062 0.187500 0.281250 0.187500 0.253906 0.191406 0.250000 0.191406 0.242188 0.199219 0.234375 0.203125 0.234375 0.203125 0.230469 0.207031 0.226562 0.226562 0.226562 0.226562 0.218750 0.222656 0.218750 0.218750 0.214844 0.218750 0.210938 0.214844 0.207031 0.214844 0.203125 0.210938 0.199219 0.210938 0.187500 0.207031 0.183594 0.207031 0.152344 0.210938 0.148438 0.210938 0.144531 0.214844 0.140625 0.214844 0.132812 0.207031 0.125000
4 0.785156 0.109375 0.785156 0.113281 0.781250 0.117188 0.781250 0.125000 0.789062 0.125000 0.792969 0.121094 0.792969 0.109375
4 0.308594 0.093750 0.308594 0.105469 0.304688 0.109375 0.281250 0.109375 0.277344 0.113281 0.277344 0.121094 0.296875 0.121094 0.304688 0.128906 0.304688 0.140625 0.312500 0.140625 0.312500 0.125000 0.320312 0.117188 0.359375 0.117188 0.363281 0.113281 0.363281 0.105469 0.347656 0.105469 0.343750 0.101562 0.324219 0.101562 0.316406 0.093750
4 0.945312 0.089844 0.945312 0.093750 0.941406 0.097656 0.933594 0.097656 0.929688 0.101562 0.929688 0.109375 0.933594 0.109375 0.937500 0.113281 0.937500 0.117188 0.945312 0.117188 0.945312 0.101562 0.949219 0.097656 0.953125 0.097656 0.953125 0.089844
4 0.039062 0.078125 0.039062 0.101562 0.062500 0.101562 0.062500 0.093750 0.058594 0.093750 0.050781 0.085938 0.050781 0.078125
4 0.546875 0.046875 0.539062 0.054688 0.539062 0.078125 0.535156 0.082031 0.527344 0.082031 0.523438 0.085938 0.523438 0.152344 0.535156 0.152344 0.539062 0.156250 0.539062 0.199219 0.566406 0.199219 0.570312 0.203125 0.570312 0.218750 0.574219 0.222656 0.582031 0.222656 0.585938 0.226562 0.585938 0.238281 0.589844 0.242188 0.609375 0.242188 0.613281 0.246094 0.613281 0.277344 0.617188 0.281250 0.617188 0.296875 0.613281 0.300781 0.609375 0.300781 0.601562 0.308594 0.597656 0.308594 0.597656 0.316406 0.593750 0.320312 0.593750 0.339844 0.597656 0.343750 0.609375 0.343750 0.613281 0.339844 0.628906 0.339844 0.632812 0.343750 0.632812 0.347656 0.644531 0.347656 0.652344 0.355469 0.652344 0.375000 0.656250 0.375000 0.660156 0.378906 0.660156 0.382812 0.664062 0.386719 0.671875 0.386719 0.675781 0.390625 0.683594 0.390625 0.687500 0.394531 0.687500 0.449219 0.691406 0.453125 0.691406 0.457031 0.695312 0.460938 0.710938 0.460938 0.710938 0.457031 0.714844 0.453125 0.714844 0.449219 0.718750 0.445312 0.738281 0.445312 0.742188 0.449219 0.750000 0.449219 0.761719 0.437500 0.777344 0.437500 0.785156 0.445312 0.785156 0.468750 0.781250 0.472656 0.769531 0.472656 0.769531 0.500000 0.781250 0.500000 0.785156 0.503906 0.785156 0.511719 0.789062 0.511719 0.792969 0.515625 0.792969 0.542969 0.789062 0.546875 0.761719 0.546875 0.757812 0.542969 0.757812 0.527344 0.746094 0.527344 0.746094 0.539062 0.742188 0.542969 0.734375 0.542969 0.734375 0.546875 0.730469 0.550781 0.722656 0.550781 0.722656 0.570312 0.718750 0.574219 0.718750 0.585938 0.714844 0.589844 0.695312 0.589844 0.695312 0.605469 0.707031 0.605469 0.714844 0.613281 0.714844 0.644531 0.710938 0.648438 0.707031 0.648438 0.699219 0.656250 0.695312 0.656250 0.695312 0.660156 0.691406 0.664062 0.691406 0.687500 0.703125 0.687500 0.703125 0.679688 0.714844 0.667969 0.714844 0.656250 0.718750 0.652344 0.726562 0.652344 0.726562 0.648438 0.730469 0.644531 0.746094 0.644531 0.753906 0.636719 0.753906 0.628906 0.757812 0.625000 0.765625 0.625000 0.765625 0.617188 0.769531 0.613281 0.785156 0.613281 0.789062 0.617188 0.789062 0.636719 0.785156 0.640625 0.781250 0.640625 0.781250 0.644531 0.777344 0.648438 0.777344 0.656250 0.773438 0.660156 0.773438 0.667969 0.792969 0.667969 0.796875 0.671875 0.796875 0.691406 0.792969 0.695312 0.792969 0.730469 0.789062 0.734375 0.785156 0.734375 0.785156 0.750000 0.781250 0.753906 0.781250 0.777344 0.777344 0.781250 0.777344 0.789062 0.781250 0.789062 0.785156 0.792969 0.796875 0.792969 0.796875 0.785156 0.800781 0.781250 0.804688 0.781250 0.804688 0.773438 0.808594 0.769531 0.812500 0.769531 0.816406 0.765625 0.816406 0.761719 0.859375 0.718750 0.859375 0.714844 0.871094 0.703125 0.871094 0.699219 0.878906 0.691406 0.878906 0.679688 0.863281 0.679688 0.859375 0.675781 0.859375 0.664062 0.847656 0.664062 0.847656 0.667969 0.839844 0.675781 0.812500 0.675781 0.808594 0.671875 0.808594 0.660156 0.804688 0.656250 0.804688 0.640625 0.812500 0.632812 0.816406 0.632812 0.816406 0.628906 0.824219 0.621094 0.832031 0.621094 0.832031 0.585938 0.835938 0.582031 0.843750 0.582031 0.843750 0.570312 0.828125 0.570312 0.824219 0.566406 0.824219 0.550781 0.816406 0.542969 0.816406 0.539062 0.812500 0.535156 0.812500 0.531250 0.804688 0.523438 0.804688 0.519531 0.800781 0.515625 0.800781 0.464844 0.804688 0.460938 0.812500 0.460938 0.816406 0.457031 0.820312 0.457031 0.820312 0.449219 0.816406 0.449219 0.812500 0.445312 0.808594 0.445312 0.800781 0.437500 0.800781 0.421875 0.808594 0.414062 0.839844 0.414062 0.851562 0.425781 0.851562 0.441406 0.847656 0.445312 0.847656 0.453125 0.851562 0.457031 0.863281 0.457031 0.867188 0.460938 0.867188 0.472656 0.878906 0.472656 0.882812 0.468750 0.882812 0.460938 0.886719 0.457031 0.886719 0.445312 0.882812 0.445312 0.878906 0.441406 0.878906 0.429688 0.875000 0.429688 0.867188 0.421875 0.867188 0.414062 0.863281 0.414062 0.859375 0.410156 0.859375 0.406250 0.835938 0.406250 0.832031 0.402344 0.832031 0.386719 0.835938 0.382812 0.839844 0.382812 0.839844 0.363281 0.843750 0.359375 0.859375 0.359375 0.863281 0.363281 0.863281 0.390625 0.871094 0.390625 0.875000 0.386719 0.875000 0.359375 0.878906 0.355469 0.890625 0.355469 0.894531 0.351562 0.894531 0.343750 0.890625 0.339844 0.890625 0.328125 0.871094 0.328125 0.871094 0.332031 0.867188 0.335938 0.867188 0.339844 0.863281 0.343750 0.843750 0.343750 0.843750 0.359375 0.839844 0.363281 0.824219 0.363281 0.820312 0.359375 0.820312 0.355469 0.796875 0.355469 0.796875 0.382812 0.792969 0.386719 0.789062 0.386719 0.789062 0.398438 0.785156 0.402344 0.769531 0.402344 0.765625 0.398438 0.765625 0.382812 0.761719 0.378906 0.761719 0.359375 0.757812 0.355469 0.757812 0.347656 0.753906 0.347656 0.750000 0.343750 0.746094 0.343750 0.734375 0.332031 0.734375 0.328125 0.730469 0.328125 0.726562 0.324219 0.726562 0.304688 0.730469 0.300781 0.742188 0.300781 0.746094 0.296875 0.761719 0.296875 0.765625 0.300781 0.765625 0.312500 0.785156 0.312500 0.785156 0.304688 0.769531 0.304688 0.765625 0.300781 0.765625 0.285156 0.757812 0.285156 0.753906 0.281250 0.753906 0.269531 0.750000 0.265625 0.750000 0.257812 0.746094 0.253906 0.746094 0.238281 0.742188 0.238281 0.738281 0.234375 0.738281 0.226562 0.726562 0.226562 0.726562 0.234375 0.730469 0.234375 0.734375 0.238281 0.734375 0.281250 0.730469 0.285156 0.714844 0.285156 0.710938 0.281250 0.710938 0.261719 0.707031 0.257812 0.707031 0.253906 0.703125 0.250000 0.703125 0.218750 0.707031 0.214844 0.707031 0.199219 0.710938 0.195312 0.730469 0.195312 0.734375 0.199219 0.742188 0.199219 0.746094 0.203125 0.761719 0.203125 0.765625 0.199219 0.765625 0.191406 0.761719 0.187500 0.761719 0.167969 0.765625 0.164062 0.765625 0.156250 0.750000 0.156250 0.746094 0.152344 0.746094 0.136719 0.722656 0.136719 0.718750 0.132812 0.718750 0.117188 0.691406 0.117188 0.687500 0.113281 0.687500 0.101562 0.683594 0.101562 0.679688 0.097656 0.664062 0.097656 0.660156 0.093750 0.660156 0.085938 0.652344 0.085938 0.652344 0.089844 0.648438 0.093750 0.648438 0.101562 0.652344 0.101562 0.656250 0.105469 0.656250 0.121094 0.652344 0.125000 0.644531 0.125000 0.640625 0.128906 0.640625 0.140625 0.632812 0.148438 0.632812 0.175781 0.628906 0.179688 0.621094 0.179688 0.617188 0.183594 0.597656 0.183594 0.597656 0.187500 0.593750 0.191406 0.574219 0.191406 0.570312 0.187500 0.570312 0.183594 0.566406 0.183594 0.562500 0.179688 0.562500 0.156250 0.566406 0.152344 0.574219 0.152344 0.574219 0.148438 0.578125 0.144531 0.578125 0.117188 0.574219 0.113281 0.574219 0.109375 0.570312 0.105469 0.570312 0.089844 0.566406 0.089844 0.562500 0.085938 0.562500 0.078125 0.558594 0.074219 0.558594 0.070312 0.554688 0.066406 0.554688 0.046875
4 0.949219 0.027344 0.949219 0.050781 0.953125 0.050781 0.957031 0.054688 0.957031 0.062500 0.968750 0.062500 0.968750 0.054688 0.972656 0.050781 0.972656 0.046875 0.976562 0.042969 0.976562 0.027344
4 0.917969 0.011719 0.917969 0.019531 0.941406 0.019531 0.941406 0.011719
4 0.242188 0.000000 0.242188 0.007812 0.238281 0.011719 0.230469 0.011719 0.230469 0.015625 0.226562 0.019531 0.226562 0.035156 0.230469 0.035156 0.234375 0.039062 0.234375 0.058594 0.242188 0.058594 0.246094 0.062500 0.253906 0.062500 0.257812 0.058594 0.257812 0.050781 0.253906 0.046875 0.253906 0.023438 0.250000 0.019531 0.250000 0.000000
4 0.039062 0.000000 0.039062 0.003906 0.046875 0.003906 0.046875 0.000000
