4 0.449219 0.968750 0.445312 0.972656 0.433594 0.972656 0.433594 0.988281 0.429688 0.992188 0.429688 0.996094 0.496094 0.996094 0.496094 0.988281 0.500000 0.984375 0.500000 0.976562 0.480469 0.976562 0.472656 0.968750
4 0.101562 0.871094 0.101562 0.878906 0.105469 0.882812 0.105469 0.886719 0.109375 0.886719 0.113281 0.890625 0.113281 0.906250 0.109375 0.910156 0.070312 0.910156 0.066406 0.906250 0.066406 0.898438 0.058594 0.898438 0.058594 0.910156 0.066406 0.910156 0.070312 0.914062 0.070312 0.929688 0.074219 0.933594 0.082031 0.933594 0.082031 0.929688 0.085938 0.925781 0.105469 0.925781 0.109375 0.921875 0.128906 0.921875 0.132812 0.925781 0.132812 0.929688 0.152344 0.929688 0.152344 0.914062 0.148438 0.910156 0.148438 0.894531 0.152344 0.890625 0.152344 0.878906 0.144531 0.878906 0.144531 0.906250 0.140625 0.910156 0.125000 0.910156 0.121094 0.906250 0.121094 0.898438 0.117188 0.898438 0.113281 0.894531 0.113281 0.875000 0.109375 0.871094
4 0.328125 0.828125 0.328125 0.835938 0.339844 0.835938 0.339844 0.828125
4 0.398438 0.789062 0.398438 0.796875 0.402344 0.800781 0.410156 0.800781 0.410156 0.789062
4 0.683594 0.777344 0.679688 0.781250 0.679688 0.785156 0.675781 0.789062 0.675781 0.808594 0.667969 0.816406 0.664062 0.816406 0.664062 0.832031 0.679688 0.832031 0.683594 0.835938 0.691406 0.835938 0.695312 0.839844 0.695312 0.843750 0.699219 0.847656 0.707031 0.847656 0.710938 0.851562 0.710938 0.855469 0.714844 0.855469 0.718750 0.859375 0.718750 0.878906 0.726562 0.878906 0.726562 0.859375 0.722656 0.855469 0.722656 0.847656 0.718750 0.843750 0.718750 0.839844 0.714844 0.839844 0.710938 0.835938 0.710938 0.832031 0.695312 0.832031 0.687500 0.824219 0.687500 0.804688 0.691406 0.800781 0.695312 0.800781 0.695312 0.789062 0.691406 0.785156 0.691406 0.777344
4 0.187500 0.750000 0.187500 0.753906 0.183594 0.757812 0.164062 0.757812 0.164062 0.765625 0.167969 0.765625 0.171875 0.769531 0.171875 0.800781 0.167969 0.804688 0.167969 0.808594 0.164062 0.812500 0.160156 0.812500 0.160156 0.828125 0.156250 0.832031 0.144531 0.832031 0.140625 0.835938 0.140625 0.843750 0.152344 0.843750 0.152344 0.835938 0.156250 0.832031 0.203125 0.832031 0.203125 0.828125 0.207031 0.824219 0.207031 0.777344 0.210938 0.773438 0.210938 0.761719 0.203125 0.753906 0.203125 0.750000
4 0.265625 0.730469 0.265625 0.781250 0.273438 0.781250 0.281250 0.773438 0.289062 0.773438 0.292969 0.769531 0.292969 0.757812 0.296875 0.753906 0.296875 0.738281 0.285156 0.738281 0.281250 0.734375 0.277344 0.734375 0.273438 0.730469
4 0.339844 0.726562 0.339844 0.730469 0.335938 0.734375 0.320312 0.734375 0.320312 0.750000 0.332031 0.750000 0.335938 0.753906 0.335938 0.769531 0.324219 0.781250 0.324219 0.804688 0.332031 0.804688 0.332031 0.800781 0.335938 0.796875 0.351562 0.796875 0.351562 0.785156 0.355469 0.781250 0.390625 0.781250 0.390625 0.769531 0.386719 0.769531 0.382812 0.765625 0.382812 0.761719 0.371094 0.761719 0.367188 0.757812 0.347656 0.757812 0.343750 0.753906 0.343750 0.738281 0.347656 0.734375 0.347656 0.726562
4 0.562500 0.718750 0.558594 0.722656 0.558594 0.730469 0.562500 0.734375 0.562500 0.738281 0.570312 0.738281 0.578125 0.730469 0.578125 0.718750
4 0.253906 0.699219 0.253906 0.707031 0.265625 0.707031 0.265625 0.699219
4 0.367188 0.695312 0.363281 0.699219 0.359375 0.699219 0.359375 0.714844 0.375000 0.714844 0.378906 0.718750 0.378906 0.726562 0.386719 0.726562 0.386719 0.699219 0.382812 0.699219 0.378906 0.695312
4 0.597656 0.667969 0.597656 0.675781 0.613281 0.675781 0.613281 0.667969
4 0.179688 0.667969 0.175781 0.671875 0.164062 0.671875 0.160156 0.675781 0.156250 0.675781 0.152344 0.679688 0.152344 0.687500 0.160156 0.695312 0.160156 0.699219 0.164062 0.703125 0.164062 0.718750 0.199219 0.718750 0.203125 0.714844 0.203125 0.703125 0.207031 0.699219 0.210938 0.699219 0.210938 0.679688 0.191406 0.679688 0.187500 0.675781 0.187500 0.667969
4 0.214844 0.664062 0.214844 0.671875 0.222656 0.671875 0.222656 0.664062
4 0.308594 0.597656 0.308594 0.601562 0.300781 0.609375 0.277344 0.609375 0.273438 0.605469 0.261719 0.605469 0.257812 0.609375 0.253906 0.609375 0.253906 0.617188 0.257812 0.621094 0.257812 0.644531 0.261719 0.648438 0.261719 0.664062 0.269531 0.664062 0.273438 0.667969 0.281250 0.667969 0.289062 0.675781 0.296875 0.675781 0.300781 0.671875 0.300781 0.648438 0.304688 0.644531 0.308594 0.644531 0.308594 0.640625 0.312500 0.636719 0.332031 0.636719 0.335938 0.640625 0.335938 0.644531 0.343750 0.644531 0.343750 0.632812 0.347656 0.628906 0.351562 0.628906 0.351562 0.621094 0.347656 0.617188 0.347656 0.613281 0.343750 0.613281 0.339844 0.609375 0.328125 0.609375 0.320312 0.601562 0.320312 0.597656
4 0.175781 0.582031 0.175781 0.589844 0.187500 0.589844 0.187500 0.582031
4 0.199219 0.550781 0.195312 0.554688 0.195312 0.558594 0.191406 0.562500 0.191406 0.574219 0.203125 0.574219 0.203125 0.566406 0.207031 0.562500 0.207031 0.550781
4 0.609375 0.523438 0.605469 0.527344 0.597656 0.527344 0.589844 0.535156 0.585938 0.535156 0.582031 0.539062 0.546875 0.539062 0.542969 0.535156 0.535156 0.535156 0.535156 0.550781 0.531250 0.554688 0.523438 0.554688 0.523438 0.566406 0.539062 0.566406 0.542969 0.570312 0.542969 0.589844 0.539062 0.593750 0.515625 0.593750 0.511719 0.589844 0.511719 0.578125 0.503906 0.578125 0.496094 0.570312 0.496094 0.546875 0.488281 0.546875 0.484375 0.550781 0.484375 0.566406 0.488281 0.570312 0.488281 0.593750 0.484375 0.597656 0.484375 0.601562 0.480469 0.605469 0.480469 0.613281 0.484375 0.617188 0.484375 0.621094 0.492188 0.621094 0.492188 0.613281 0.496094 0.609375 0.496094 0.605469 0.500000 0.601562 0.515625 0.601562 0.519531 0.605469 0.519531 0.609375 0.527344 0.609375 0.531250 0.605469 0.535156 0.605469 0.539062 0.601562 0.550781 0.601562 0.550781 0.570312 0.554688 0.566406 0.562500 0.566406 0.562500 0.558594 0.566406 0.554688 0.566406 0.546875 0.570312 0.542969 0.589844 0.542969 0.593750 0.546875 0.597656 0.546875 0.605469 0.554688 0.636719 0.554688 0.640625 0.558594 0.648438 0.558594 0.648438 0.539062 0.644531 0.535156 0.621094 0.535156 0.617188 0.531250 0.617188 0.523438
4 0.558594 0.457031 0.554688 0.460938 0.554688 0.464844 0.550781 0.468750 0.531250 0.468750 0.531250 0.488281 0.535156 0.488281 0.539062 0.492188 0.539062 0.503906 0.562500 0.503906 0.562500 0.476562 0.566406 0.472656 0.566406 0.468750 0.570312 0.464844 0.570312 0.457031
4 0.062500 0.343750 0.062500 0.351562 0.066406 0.355469 0.078125 0.355469 0.078125 0.347656 0.074219 0.343750
4 0.011719 0.343750 0.011719 0.355469 0.007812 0.359375 0.000000 0.359375 0.000000 0.394531 0.011719 0.394531 0.015625 0.398438 0.023438 0.398438 0.023438 0.382812 0.019531 0.378906 0.015625 0.378906 0.011719 0.375000 0.011719 0.359375 0.015625 0.355469 0.019531 0.355469 0.023438 0.351562 0.031250 0.351562 0.031250 0.343750
4 0.289062 0.332031 0.289062 0.339844 0.285156 0.343750 0.277344 0.343750 0.277344 0.363281 0.281250 0.363281 0.285156 0.367188 0.285156 0.398438 0.281250 0.402344 0.281250 0.414062 0.277344 0.417969 0.277344 0.421875 0.273438 0.425781 0.269531 0.425781 0.269531 0.429688 0.265625 0.433594 0.265625 0.437500 0.261719 0.441406 0.261719 0.453125 0.257812 0.457031 0.253906 0.457031 0.250000 0.460938 0.250000 0.464844 0.246094 0.468750 0.246094 0.472656 0.242188 0.476562 0.242188 0.484375 0.230469 0.496094 0.230469 0.500000 0.226562 0.503906 0.226562 0.507812 0.218750 0.515625 0.218750 0.523438 0.214844 0.527344 0.214844 0.535156 0.222656 0.535156 0.222656 0.527344 0.230469 0.519531 0.250000 0.519531 0.253906 0.523438 0.261719 0.523438 0.261719 0.511719 0.257812 0.507812 0.257812 0.503906 0.253906 0.500000 0.253906 0.480469 0.257812 0.476562 0.257812 0.468750 0.261719 0.464844 0.261719 0.453125 0.265625 0.449219 0.285156 0.449219 0.292969 0.457031 0.292969 0.472656 0.289062 0.476562 0.289062 0.488281 0.292969 0.492188 0.292969 0.515625 0.296875 0.515625 0.300781 0.519531 0.300781 0.535156 0.312500 0.535156 0.312500 0.519531 0.316406 0.515625 0.335938 0.515625 0.339844 0.519531 0.347656 0.519531 0.351562 0.523438 0.351562 0.539062 0.347656 0.542969 0.347656 0.554688 0.343750 0.558594 0.324219 0.558594 0.320312 0.562500 0.320312 0.570312 0.351562 0.570312 0.351562 0.562500 0.355469 0.558594 0.386719 0.558594 0.390625 0.562500 0.390625 0.578125 0.394531 0.582031 0.394531 0.597656 0.390625 0.601562 0.390625 0.613281 0.406250 0.613281 0.410156 0.617188 0.410156 0.632812 0.414062 0.636719 0.414062 0.652344 0.410156 0.656250 0.410156 0.664062 0.414062 0.664062 0.417969 0.667969 0.417969 0.718750 0.414062 0.722656 0.414062 0.738281 0.417969 0.742188 0.417969 0.746094 0.425781 0.753906 0.441406 0.753906 0.445312 0.757812 0.445312 0.773438 0.449219 0.777344 0.449219 0.785156 0.457031 0.785156 0.460938 0.789062 0.472656 0.789062 0.476562 0.792969 0.476562 0.812500 0.472656 0.816406 0.472656 0.824219 0.468750 0.828125 0.464844 0.828125 0.457031 0.835938 0.457031 0.855469 0.453125 0.859375 0.445312 0.859375 0.445312 0.878906 0.449219 0.882812 0.449219 0.914062 0.457031 0.914062 0.460938 0.910156 0.460938 0.902344 0.464844 0.898438 0.464844 0.871094 0.472656 0.863281 0.476562 0.863281 0.484375 0.855469 0.496094 0.855469 0.500000 0.851562 0.527344 0.851562 0.527344 0.843750 0.523438 0.839844 0.496094 0.839844 0.492188 0.835938 0.492188 0.824219 0.488281 0.820312 0.488281 0.804688 0.484375 0.804688 0.480469 0.800781 0.480469 0.769531 0.457031 0.769531 0.453125 0.765625 0.453125 0.742188 0.457031 0.738281 0.457031 0.730469 0.453125 0.726562 0.453125 0.687500 0.457031 0.683594 0.457031 0.675781 0.460938 0.671875 0.464844 0.671875 0.464844 0.656250 0.460938 0.656250 0.453125 0.648438 0.453125 0.644531 0.449219 0.640625 0.449219 0.605469 0.445312 0.605469 0.441406 0.601562 0.441406 0.585938 0.445312 0.582031 0.445312 0.523438 0.449219 0.519531 0.453125 0.519531 0.453125 0.511719 0.441406 0.511719 0.441406 0.515625 0.437500 0.519531 0.421875 0.519531 0.414062 0.511719 0.414062 0.496094 0.417969 0.492188 0.417969 0.468750 0.394531 0.468750 0.390625 0.464844 0.390625 0.441406 0.386719 0.441406 0.378906 0.433594 0.378906 0.429688 0.371094 0.429688 0.371094 0.433594 0.367188 0.437500 0.351562 0.437500 0.351562 0.445312 0.347656 0.449219 0.332031 0.449219 0.328125 0.445312 0.328125 0.437500 0.308594 0.437500 0.304688 0.433594 0.304688 0.398438 0.308594 0.394531 0.308594 0.371094 0.316406 0.363281 0.335938 0.363281 0.339844 0.367188 0.339844 0.402344 0.347656 0.402344 0.347656 0.382812 0.351562 0.378906 0.355469 0.378906 0.355469 0.371094 0.347656 0.363281 0.324219 0.363281 0.320312 0.359375 0.320312 0.355469 0.316406 0.351562 0.316406 0.347656 0.312500 0.343750 0.312500 0.332031
4 0.234375 0.332031 0.234375 0.335938 0.230469 0.339844 0.222656 0.339844 0.218750 0.343750 0.214844 0.343750 0.214844 0.351562 0.230469 0.351562 0.234375 0.347656 0.246094 0.347656 0.246094 0.332031
4 0.925781 0.320312 0.925781 0.324219 0.921875 0.328125 0.917969 0.328125 0.917969 0.339844 0.921875 0.343750 0.921875 0.347656 0.929688 0.355469 0.929688 0.359375 0.941406 0.359375 0.945312 0.355469 0.945312 0.347656 0.941406 0.343750 0.941406 0.335938 0.937500 0.332031 0.937500 0.324219 0.933594 0.320312
4 0.167969 0.316406 0.167969 0.328125 0.171875 0.332031 0.183594 0.332031 0.183594 0.324219 0.179688 0.324219 0.175781 0.320312 0.175781 0.316406
4 0.429688 0.261719 0.429688 0.273438 0.425781 0.277344 0.425781 0.296875 0.421875 0.300781 0.421875 0.308594 0.417969 0.312500 0.390625 0.312500 0.386719 0.308594 0.386719 0.304688 0.363281 0.304688 0.363281 0.308594 0.355469 0.316406 0.351562 0.316406 0.351562 0.335938 0.363281 0.335938 0.363281 0.328125 0.367188 0.324219 0.367188 0.320312 0.371094 0.316406 0.378906 0.316406 0.382812 0.312500 0.398438 0.312500 0.402344 0.316406 0.402344 0.324219 0.417969 0.324219 0.421875 0.328125 0.421875 0.367188 0.417969 0.371094 0.417969 0.375000 0.414062 0.378906 0.414062 0.390625 0.410156 0.394531 0.410156 0.429688 0.414062 0.433594 0.425781 0.433594 0.429688 0.437500 0.429688 0.445312 0.433594 0.449219 0.433594 0.453125 0.437500 0.453125 0.441406 0.457031 0.441406 0.460938 0.449219 0.460938 0.449219 0.437500 0.445312 0.433594 0.445312 0.417969 0.429688 0.417969 0.425781 0.414062 0.425781 0.355469 0.433594 0.347656 0.433594 0.316406 0.437500 0.312500 0.437500 0.261719
4 0.382812 0.250000 0.382812 0.257812 0.386719 0.261719 0.386719 0.273438 0.394531 0.281250 0.402344 0.281250 0.402344 0.265625 0.398438 0.261719 0.398438 0.250000
4 0.546875 0.191406 0.542969 0.195312 0.542969 0.214844 0.539062 0.218750 0.539062 0.226562 0.535156 0.230469 0.535156 0.238281 0.539062 0.242188 0.539062 0.246094 0.546875 0.253906 0.546875 0.269531 0.550781 0.269531 0.554688 0.273438 0.554688 0.316406 0.550781 0.320312 0.535156 0.320312 0.535156 0.332031 0.550781 0.332031 0.554688 0.335938 0.554688 0.351562 0.550781 0.355469 0.535156 0.355469 0.535156 0.359375 0.527344 0.367188 0.523438 0.367188 0.523438 0.382812 0.527344 0.386719 0.535156 0.386719 0.539062 0.390625 0.539062 0.406250 0.535156 0.410156 0.531250 0.410156 0.523438 0.417969 0.515625 0.417969 0.515625 0.429688 0.523438 0.429688 0.527344 0.433594 0.539062 0.433594 0.539062 0.417969 0.542969 0.414062 0.546875 0.414062 0.546875 0.406250 0.542969 0.406250 0.539062 0.402344 0.539062 0.386719 0.542969 0.382812 0.570312 0.382812 0.574219 0.386719 0.593750 0.386719 0.601562 0.394531 0.601562 0.410156 0.597656 0.414062 0.593750 0.414062 0.589844 0.417969 0.589844 0.445312 0.597656 0.445312 0.601562 0.449219 0.601562 0.453125 0.605469 0.453125 0.609375 0.457031 0.613281 0.457031 0.621094 0.464844 0.621094 0.511719 0.640625 0.511719 0.640625 0.492188 0.636719 0.488281 0.636719 0.476562 0.632812 0.472656 0.632812 0.457031 0.636719 0.453125 0.640625 0.453125 0.644531 0.449219 0.644531 0.437500 0.628906 0.437500 0.625000 0.433594 0.625000 0.425781 0.621094 0.421875 0.621094 0.402344 0.625000 0.398438 0.628906 0.398438 0.632812 0.394531 0.648438 0.394531 0.652344 0.398438 0.671875 0.398438 0.675781 0.394531 0.679688 0.394531 0.679688 0.386719 0.683594 0.382812 0.699219 0.382812 0.703125 0.386719 0.703125 0.390625 0.710938 0.390625 0.710938 0.382812 0.695312 0.382812 0.691406 0.378906 0.691406 0.363281 0.699219 0.355469 0.699219 0.343750 0.703125 0.339844 0.703125 0.335938 0.707031 0.332031 0.707031 0.320312 0.691406 0.304688 0.691406 0.296875 0.679688 0.285156 0.679688 0.281250 0.671875 0.273438 0.621094 0.273438 0.613281 0.265625 0.601562 0.265625 0.601562 0.289062 0.597656 0.292969 0.593750 0.292969 0.589844 0.296875 0.570312 0.296875 0.562500 0.289062 0.562500 0.281250 0.558594 0.281250 0.554688 0.277344 0.554688 0.226562 0.550781 0.222656 0.550781 0.203125 0.554688 0.199219 0.554688 0.191406
4 0.921875 0.078125 0.921875 0.085938 0.917969 0.089844 0.914062 0.089844 0.914062 0.113281 0.917969 0.117188 0.921875 0.117188 0.929688 0.125000 0.929688 0.140625 0.917969 0.152344 0.917969 0.171875 0.921875 0.175781 0.921875 0.199219 0.929688 0.199219 0.929688 0.191406 0.933594 0.187500 0.933594 0.156250 0.937500 0.152344 0.937500 0.113281 0.933594 0.109375 0.933594 0.085938 0.929688 0.082031 0.929688 0.078125
