4 0.671875 0.851562 0.667969 0.855469 0.667969 0.859375 0.664062 0.863281 0.664062 0.875000 0.660156 0.878906 0.656250 0.878906 0.656250 0.890625 0.660156 0.890625 0.664062 0.894531 0.664062 0.898438 0.675781 0.910156 0.675781 0.914062 0.683594 0.914062 0.687500 0.917969 0.687500 0.925781 0.691406 0.929688 0.695312 0.929688 0.699219 0.933594 0.699219 0.945312 0.707031 0.945312 0.707031 0.933594 0.703125 0.933594 0.699219 0.929688 0.699219 0.917969 0.695312 0.917969 0.691406 0.914062 0.691406 0.906250 0.683594 0.898438 0.683594 0.878906 0.687500 0.875000 0.687500 0.863281 0.683594 0.859375 0.683594 0.851562
4 0.230469 0.828125 0.230469 0.835938 0.238281 0.835938 0.238281 0.828125
4 0.929688 0.808594 0.929688 0.820312 0.933594 0.820312 0.937500 0.824219 0.937500 0.878906 0.933594 0.882812 0.929688 0.882812 0.925781 0.886719 0.925781 0.894531 0.933594 0.894531 0.937500 0.898438 0.941406 0.898438 0.945312 0.902344 0.953125 0.902344 0.957031 0.906250 0.957031 0.910156 0.960938 0.914062 0.960938 0.921875 0.976562 0.921875 0.976562 0.914062 0.964844 0.902344 0.964844 0.898438 0.960938 0.894531 0.960938 0.890625 0.957031 0.886719 0.957031 0.867188 0.953125 0.863281 0.953125 0.839844 0.949219 0.835938 0.949219 0.820312 0.945312 0.816406 0.945312 0.808594
4 0.152344 0.785156 0.148438 0.789062 0.136719 0.789062 0.136719 0.796875 0.148438 0.808594 0.156250 0.808594 0.160156 0.812500 0.160156 0.816406 0.164062 0.820312 0.167969 0.820312 0.175781 0.828125 0.183594 0.828125 0.187500 0.832031 0.187500 0.835938 0.191406 0.835938 0.195312 0.839844 0.207031 0.839844 0.207031 0.832031 0.195312 0.820312 0.195312 0.816406 0.191406 0.816406 0.187500 0.812500 0.187500 0.808594 0.179688 0.808594 0.175781 0.804688 0.175781 0.800781 0.171875 0.800781 0.167969 0.796875 0.167969 0.789062 0.164062 0.789062 0.160156 0.785156
4 0.539062 0.695312 0.539062 0.707031 0.546875 0.707031 0.546875 0.695312
4 0.523438 0.671875 0.523438 0.675781 0.519531 0.679688 0.496094 0.679688 0.492188 0.675781 0.476562 0.675781 0.476562 0.679688 0.472656 0.683594 0.472656 0.691406 0.476562 0.695312 0.476562 0.703125 0.484375 0.703125 0.496094 0.714844 0.496094 0.718750 0.507812 0.718750 0.507812 0.695312 0.511719 0.691406 0.531250 0.691406 0.531250 0.671875
4 0.265625 0.582031 0.265625 0.585938 0.261719 0.589844 0.261719 0.605469 0.296875 0.605469 0.296875 0.597656 0.281250 0.597656 0.277344 0.593750 0.277344 0.582031
4 0.574219 0.574219 0.574219 0.589844 0.570312 0.593750 0.554688 0.593750 0.554688 0.601562 0.558594 0.601562 0.562500 0.605469 0.582031 0.605469 0.585938 0.609375 0.585938 0.613281 0.593750 0.613281 0.593750 0.609375 0.597656 0.605469 0.597656 0.585938 0.593750 0.585938 0.589844 0.582031 0.585938 0.582031 0.582031 0.578125 0.582031 0.574219
4 0.503906 0.574219 0.500000 0.578125 0.496094 0.578125 0.496094 0.582031 0.492188 0.585938 0.468750 0.585938 0.468750 0.601562 0.476562 0.601562 0.480469 0.605469 0.496094 0.605469 0.500000 0.609375 0.500000 0.628906 0.503906 0.632812 0.515625 0.632812 0.515625 0.593750 0.511719 0.589844 0.511719 0.574219
4 0.285156 0.550781 0.285156 0.558594 0.308594 0.558594 0.312500 0.562500 0.312500 0.570312 0.328125 0.570312 0.328125 0.558594 0.324219 0.554688 0.316406 0.554688 0.312500 0.558594 0.296875 0.558594 0.292969 0.554688 0.292969 0.550781
4 0.402344 0.542969 0.398438 0.546875 0.398438 0.558594 0.414062 0.558594 0.417969 0.562500 0.417969 0.582031 0.429688 0.582031 0.433594 0.578125 0.453125 0.578125 0.453125 0.550781 0.441406 0.550781 0.437500 0.546875 0.414062 0.546875 0.410156 0.542969
4 0.691406 0.519531 0.691406 0.531250 0.687500 0.535156 0.683594 0.535156 0.683594 0.539062 0.679688 0.542969 0.679688 0.550781 0.683594 0.554688 0.699219 0.554688 0.707031 0.546875 0.718750 0.546875 0.722656 0.542969 0.726562 0.542969 0.726562 0.535156 0.710938 0.535156 0.707031 0.531250 0.707031 0.519531
4 0.304688 0.500000 0.300781 0.503906 0.300781 0.511719 0.304688 0.515625 0.304688 0.519531 0.312500 0.519531 0.312500 0.515625 0.316406 0.511719 0.316406 0.500000
4 0.347656 0.441406 0.347656 0.453125 0.355469 0.453125 0.355469 0.441406
4 0.281250 0.441406 0.281250 0.449219 0.285156 0.453125 0.285156 0.464844 0.292969 0.464844 0.292969 0.453125 0.296875 0.449219 0.316406 0.449219 0.316406 0.441406
4 0.632812 0.425781 0.628906 0.429688 0.617188 0.429688 0.617188 0.468750 0.628906 0.468750 0.632812 0.472656 0.632812 0.480469 0.648438 0.480469 0.648438 0.464844 0.652344 0.460938 0.679688 0.460938 0.679688 0.449219 0.660156 0.449219 0.656250 0.445312 0.656250 0.441406 0.648438 0.433594 0.648438 0.425781
4 0.378906 0.410156 0.378906 0.460938 0.390625 0.460938 0.394531 0.464844 0.406250 0.464844 0.410156 0.468750 0.410156 0.472656 0.414062 0.472656 0.417969 0.476562 0.417969 0.511719 0.425781 0.511719 0.425781 0.488281 0.429688 0.484375 0.449219 0.484375 0.457031 0.492188 0.457031 0.500000 0.460938 0.503906 0.464844 0.503906 0.468750 0.507812 0.468750 0.527344 0.472656 0.531250 0.492188 0.531250 0.492188 0.515625 0.488281 0.515625 0.484375 0.511719 0.484375 0.507812 0.480469 0.503906 0.480469 0.484375 0.484375 0.480469 0.503906 0.480469 0.507812 0.476562 0.511719 0.476562 0.511719 0.457031 0.507812 0.453125 0.507812 0.449219 0.500000 0.441406 0.500000 0.437500 0.492188 0.437500 0.488281 0.433594 0.480469 0.433594 0.476562 0.429688 0.460938 0.429688 0.457031 0.425781 0.445312 0.425781 0.441406 0.421875 0.433594 0.421875 0.429688 0.425781 0.410156 0.425781 0.406250 0.421875 0.406250 0.417969 0.398438 0.410156
4 0.617188 0.300781 0.613281 0.304688 0.613281 0.312500 0.617188 0.316406 0.617188 0.332031 0.609375 0.339844 0.609375 0.347656 0.613281 0.351562 0.613281 0.355469 0.625000 0.367188 0.625000 0.386719 0.632812 0.386719 0.636719 0.382812 0.640625 0.382812 0.640625 0.347656 0.644531 0.343750 0.648438 0.343750 0.648438 0.335938 0.652344 0.332031 0.652344 0.328125 0.656250 0.324219 0.687500 0.324219 0.691406 0.320312 0.695312 0.320312 0.695312 0.312500 0.691406 0.308594 0.675781 0.308594 0.675781 0.312500 0.671875 0.316406 0.628906 0.316406 0.625000 0.312500 0.625000 0.300781
4 0.441406 0.296875 0.441406 0.304688 0.449219 0.304688 0.449219 0.296875
4 0.511719 0.292969 0.511719 0.296875 0.507812 0.300781 0.500000 0.300781 0.496094 0.304688 0.496094 0.320312 0.492188 0.324219 0.480469 0.324219 0.480469 0.343750 0.488281 0.343750 0.492188 0.347656 0.492188 0.355469 0.500000 0.355469 0.503906 0.351562 0.507812 0.351562 0.511719 0.347656 0.511719 0.339844 0.515625 0.335938 0.531250 0.335938 0.535156 0.339844 0.535156 0.343750 0.542969 0.343750 0.542969 0.304688 0.535156 0.304688 0.531250 0.300781 0.527344 0.300781 0.523438 0.296875 0.523438 0.292969
4 0.328125 0.242188 0.324219 0.246094 0.324219 0.253906 0.328125 0.253906 0.332031 0.257812 0.332031 0.296875 0.328125 0.300781 0.320312 0.300781 0.320312 0.304688 0.316406 0.308594 0.308594 0.308594 0.304688 0.312500 0.300781 0.312500 0.300781 0.320312 0.296875 0.324219 0.281250 0.324219 0.277344 0.320312 0.277344 0.312500 0.261719 0.312500 0.261719 0.320312 0.257812 0.324219 0.257812 0.339844 0.304688 0.339844 0.308594 0.343750 0.308594 0.355469 0.343750 0.355469 0.347656 0.351562 0.347656 0.343750 0.351562 0.339844 0.351562 0.332031 0.355469 0.328125 0.355469 0.320312 0.359375 0.316406 0.382812 0.316406 0.386719 0.320312 0.386719 0.328125 0.402344 0.328125 0.406250 0.332031 0.406250 0.351562 0.410156 0.351562 0.414062 0.355469 0.414062 0.367188 0.421875 0.367188 0.421875 0.363281 0.429688 0.355469 0.433594 0.355469 0.433594 0.347656 0.429688 0.347656 0.425781 0.343750 0.425781 0.339844 0.421875 0.335938 0.421875 0.332031 0.417969 0.332031 0.414062 0.328125 0.414062 0.316406 0.410156 0.312500 0.410156 0.296875 0.414062 0.292969 0.414062 0.281250 0.417969 0.277344 0.437500 0.277344 0.437500 0.269531 0.433594 0.265625 0.433594 0.261719 0.421875 0.261719 0.417969 0.265625 0.414062 0.265625 0.414062 0.269531 0.410156 0.273438 0.394531 0.273438 0.394531 0.285156 0.390625 0.289062 0.390625 0.292969 0.386719 0.296875 0.386719 0.300781 0.378906 0.308594 0.359375 0.308594 0.355469 0.304688 0.351562 0.304688 0.347656 0.300781 0.347656 0.292969 0.343750 0.289062 0.343750 0.277344 0.339844 0.273438 0.339844 0.242188
4 0.585938 0.210938 0.585938 0.214844 0.582031 0.218750 0.582031 0.253906 0.601562 0.253906 0.601562 0.234375 0.597656 0.230469 0.597656 0.210938
4 0.777344 0.136719 0.777344 0.144531 0.781250 0.144531 0.785156 0.148438 0.796875 0.148438 0.800781 0.152344 0.851562 0.152344 0.855469 0.156250 0.855469 0.164062 0.859375 0.164062 0.863281 0.167969 0.863281 0.171875 0.871094 0.171875 0.875000 0.167969 0.882812 0.167969 0.882812 0.148438 0.878906 0.144531 0.875000 0.144531 0.871094 0.140625 0.812500 0.140625 0.808594 0.136719
4 0.539062 0.132812 0.539062 0.171875 0.535156 0.175781 0.531250 0.175781 0.531250 0.183594 0.539062 0.183594 0.539062 0.171875 0.542969 0.167969 0.570312 0.167969 0.574219 0.164062 0.585938 0.164062 0.585938 0.152344 0.582031 0.148438 0.578125 0.148438 0.574219 0.144531 0.566406 0.144531 0.562500 0.140625 0.554688 0.140625 0.546875 0.132812
4 0.500000 0.132812 0.500000 0.152344 0.496094 0.156250 0.496094 0.167969 0.492188 0.171875 0.476562 0.171875 0.472656 0.167969 0.472656 0.160156 0.464844 0.160156 0.460938 0.164062 0.457031 0.164062 0.457031 0.179688 0.464844 0.179688 0.468750 0.183594 0.468750 0.195312 0.472656 0.195312 0.476562 0.199219 0.476562 0.203125 0.480469 0.203125 0.484375 0.207031 0.507812 0.207031 0.511719 0.210938 0.511719 0.218750 0.519531 0.218750 0.523438 0.222656 0.523438 0.250000 0.519531 0.253906 0.500000 0.253906 0.500000 0.261719 0.507812 0.261719 0.507812 0.257812 0.511719 0.253906 0.535156 0.253906 0.539062 0.257812 0.539062 0.273438 0.546875 0.273438 0.550781 0.269531 0.550781 0.246094 0.542969 0.246094 0.539062 0.242188 0.535156 0.242188 0.531250 0.238281 0.527344 0.238281 0.523438 0.234375 0.523438 0.207031 0.519531 0.207031 0.515625 0.203125 0.515625 0.199219 0.507812 0.199219 0.503906 0.195312 0.503906 0.167969 0.507812 0.164062 0.515625 0.164062 0.515625 0.148438 0.511719 0.148438 0.507812 0.144531 0.507812 0.132812
4 0.214844 0.015625 0.214844 0.035156 0.210938 0.039062 0.207031 0.039062 0.207031 0.054688 0.203125 0.058594 0.191406 0.058594 0.191406 0.062500 0.187500 0.066406 0.167969 0.066406 0.164062 0.070312 0.136719 0.070312 0.136719 0.082031 0.140625 0.085938 0.175781 0.085938 0.179688 0.089844 0.179688 0.101562 0.191406 0.101562 0.191406 0.082031 0.195312 0.078125 0.207031 0.078125 0.207031 0.062500 0.210938 0.058594 0.218750 0.058594 0.218750 0.046875 0.214844 0.042969 0.214844 0.027344 0.218750 0.023438 0.222656 0.023438 0.222656 0.015625
