4 0.695312 0.902344 0.695312 0.925781 0.699219 0.929688 0.699219 0.937500 0.707031 0.937500 0.710938 0.941406 0.710938 0.960938 0.722656 0.960938 0.726562 0.964844 0.730469 0.964844 0.734375 0.968750 0.746094 0.968750 0.753906 0.976562 0.765625 0.976562 0.765625 0.972656 0.773438 0.964844 0.773438 0.960938 0.777344 0.957031 0.792969 0.957031 0.796875 0.960938 0.796875 0.964844 0.800781 0.964844 0.808594 0.972656 0.816406 0.972656 0.820312 0.976562 0.828125 0.976562 0.832031 0.980469 0.855469 0.980469 0.859375 0.984375 0.859375 0.996094 0.890625 0.996094 0.890625 0.988281 0.894531 0.984375 0.910156 0.984375 0.914062 0.988281 0.914062 0.996094 0.925781 0.996094 0.925781 0.980469 0.921875 0.980469 0.910156 0.968750 0.902344 0.968750 0.902344 0.972656 0.898438 0.976562 0.878906 0.976562 0.871094 0.968750 0.871094 0.941406 0.875000 0.937500 0.875000 0.929688 0.863281 0.929688 0.855469 0.937500 0.839844 0.937500 0.835938 0.933594 0.832031 0.933594 0.828125 0.929688 0.828125 0.921875 0.816406 0.921875 0.816406 0.933594 0.808594 0.941406 0.781250 0.941406 0.777344 0.937500 0.777344 0.933594 0.757812 0.933594 0.757812 0.941406 0.753906 0.945312 0.734375 0.945312 0.730469 0.949219 0.714844 0.949219 0.710938 0.945312 0.710938 0.902344
4 0.660156 0.878906 0.656250 0.882812 0.652344 0.882812 0.652344 0.890625 0.656250 0.894531 0.664062 0.894531 0.667969 0.898438 0.675781 0.898438 0.675781 0.886719 0.667969 0.878906
4 0.953125 0.863281 0.953125 0.875000 0.949219 0.878906 0.933594 0.878906 0.933594 0.898438 0.929688 0.902344 0.917969 0.902344 0.914062 0.906250 0.910156 0.906250 0.910156 0.921875 0.917969 0.921875 0.921875 0.925781 0.925781 0.925781 0.933594 0.933594 0.941406 0.933594 0.945312 0.929688 0.953125 0.929688 0.953125 0.910156 0.957031 0.906250 0.960938 0.906250 0.960938 0.894531 0.964844 0.890625 0.984375 0.890625 0.988281 0.894531 0.996094 0.894531 0.996094 0.875000 0.972656 0.875000 0.960938 0.863281
4 0.722656 0.855469 0.722656 0.867188 0.726562 0.867188 0.730469 0.871094 0.738281 0.871094 0.742188 0.875000 0.742188 0.878906 0.753906 0.878906 0.757812 0.882812 0.757812 0.902344 0.761719 0.902344 0.765625 0.906250 0.777344 0.906250 0.781250 0.902344 0.804688 0.902344 0.804688 0.890625 0.796875 0.890625 0.785156 0.878906 0.757812 0.878906 0.753906 0.875000 0.753906 0.871094 0.750000 0.867188 0.746094 0.867188 0.742188 0.863281 0.742188 0.859375 0.738281 0.859375 0.734375 0.855469
4 0.222656 0.824219 0.222656 0.832031 0.226562 0.832031 0.234375 0.839844 0.238281 0.839844 0.242188 0.843750 0.250000 0.843750 0.253906 0.847656 0.277344 0.847656 0.281250 0.851562 0.281250 0.859375 0.285156 0.863281 0.289062 0.863281 0.292969 0.867188 0.296875 0.867188 0.300781 0.871094 0.304688 0.871094 0.308594 0.875000 0.312500 0.875000 0.316406 0.878906 0.320312 0.878906 0.324219 0.882812 0.328125 0.882812 0.332031 0.886719 0.335938 0.886719 0.339844 0.890625 0.343750 0.890625 0.347656 0.894531 0.355469 0.894531 0.359375 0.898438 0.363281 0.898438 0.367188 0.902344 0.371094 0.902344 0.375000 0.906250 0.378906 0.906250 0.382812 0.910156 0.386719 0.910156 0.390625 0.914062 0.394531 0.914062 0.398438 0.917969 0.402344 0.917969 0.406250 0.921875 0.410156 0.921875 0.414062 0.925781 0.417969 0.925781 0.421875 0.929688 0.425781 0.929688 0.429688 0.933594 0.433594 0.933594 0.437500 0.937500 0.441406 0.937500 0.445312 0.941406 0.449219 0.941406 0.453125 0.945312 0.460938 0.945312 0.464844 0.949219 0.464844 0.953125 0.468750 0.953125 0.476562 0.960938 0.480469 0.960938 0.484375 0.964844 0.488281 0.964844 0.496094 0.972656 0.500000 0.972656 0.503906 0.976562 0.507812 0.976562 0.519531 0.988281 0.519531 0.996094 0.550781 0.996094 0.550781 0.992188 0.546875 0.988281 0.546875 0.976562 0.531250 0.976562 0.523438 0.968750 0.519531 0.968750 0.515625 0.964844 0.511719 0.964844 0.503906 0.957031 0.496094 0.957031 0.492188 0.953125 0.492188 0.945312 0.488281 0.941406 0.480469 0.941406 0.476562 0.937500 0.472656 0.937500 0.468750 0.933594 0.468750 0.929688 0.464844 0.929688 0.460938 0.925781 0.457031 0.925781 0.453125 0.921875 0.445312 0.921875 0.437500 0.914062 0.429688 0.914062 0.421875 0.906250 0.414062 0.906250 0.402344 0.894531 0.394531 0.894531 0.390625 0.890625 0.390625 0.886719 0.367188 0.886719 0.363281 0.882812 0.363281 0.875000 0.355469 0.867188 0.343750 0.867188 0.339844 0.863281 0.320312 0.863281 0.316406 0.859375 0.316406 0.855469 0.308594 0.855469 0.300781 0.847656 0.292969 0.847656 0.289062 0.843750 0.289062 0.835938 0.277344 0.835938 0.273438 0.839844 0.257812 0.839844 0.253906 0.835938 0.250000 0.835938 0.246094 0.832031 0.246094 0.828125 0.242188 0.828125 0.238281 0.824219
4 0.203125 0.812500 0.203125 0.820312 0.210938 0.820312 0.210938 0.812500
4 0.511719 0.804688 0.507812 0.808594 0.500000 0.808594 0.500000 0.816406 0.496094 0.820312 0.496094 0.828125 0.500000 0.832031 0.515625 0.832031 0.515625 0.828125 0.519531 0.824219 0.539062 0.824219 0.539062 0.816406 0.531250 0.816406 0.523438 0.808594 0.523438 0.804688
4 0.441406 0.796875 0.441406 0.820312 0.445312 0.824219 0.453125 0.824219 0.457031 0.828125 0.457031 0.832031 0.464844 0.832031 0.468750 0.828125 0.472656 0.828125 0.472656 0.820312 0.468750 0.816406 0.468750 0.808594 0.464844 0.808594 0.460938 0.804688 0.460938 0.800781 0.453125 0.800781 0.449219 0.796875
4 0.148438 0.777344 0.148438 0.785156 0.156250 0.785156 0.156250 0.777344
4 0.109375 0.750000 0.109375 0.757812 0.113281 0.757812 0.121094 0.765625 0.132812 0.765625 0.132812 0.757812 0.128906 0.757812 0.121094 0.750000
4 0.085938 0.730469 0.085938 0.738281 0.093750 0.738281 0.093750 0.730469
4 0.785156 0.726562 0.785156 0.730469 0.781250 0.734375 0.781250 0.757812 0.777344 0.761719 0.777344 0.765625 0.773438 0.769531 0.769531 0.769531 0.765625 0.773438 0.753906 0.773438 0.753906 0.781250 0.769531 0.781250 0.781250 0.792969 0.785156 0.792969 0.789062 0.796875 0.800781 0.796875 0.804688 0.800781 0.804688 0.839844 0.812500 0.839844 0.812500 0.824219 0.816406 0.820312 0.824219 0.820312 0.824219 0.812500 0.828125 0.808594 0.828125 0.800781 0.812500 0.800781 0.808594 0.796875 0.808594 0.789062 0.804688 0.785156 0.800781 0.785156 0.796875 0.781250 0.796875 0.777344 0.789062 0.769531 0.789062 0.750000 0.792969 0.746094 0.800781 0.746094 0.800781 0.734375 0.792969 0.726562
4 0.250000 0.648438 0.246094 0.652344 0.242188 0.652344 0.242188 0.667969 0.238281 0.671875 0.238281 0.679688 0.242188 0.683594 0.242188 0.710938 0.250000 0.710938 0.250000 0.699219 0.253906 0.695312 0.265625 0.695312 0.269531 0.691406 0.269531 0.667969 0.265625 0.664062 0.265625 0.652344 0.261719 0.648438
4 0.000000 0.648438 0.000000 0.671875 0.007812 0.671875 0.011719 0.675781 0.015625 0.675781 0.019531 0.679688 0.023438 0.679688 0.027344 0.683594 0.027344 0.687500 0.039062 0.699219 0.042969 0.699219 0.046875 0.703125 0.046875 0.707031 0.050781 0.710938 0.058594 0.710938 0.058594 0.699219 0.050781 0.699219 0.046875 0.695312 0.046875 0.687500 0.042969 0.687500 0.035156 0.679688 0.031250 0.679688 0.027344 0.675781 0.027344 0.671875 0.023438 0.667969 0.023438 0.660156 0.019531 0.656250 0.011719 0.656250 0.003906 0.648438
4 0.335938 0.632812 0.335938 0.636719 0.332031 0.640625 0.328125 0.640625 0.328125 0.644531 0.324219 0.648438 0.320312 0.648438 0.320312 0.667969 0.324219 0.671875 0.324219 0.703125 0.332031 0.710938 0.343750 0.710938 0.347656 0.714844 0.359375 0.714844 0.363281 0.710938 0.367188 0.710938 0.367188 0.699219 0.375000 0.691406 0.375000 0.683594 0.371094 0.679688 0.371094 0.675781 0.363281 0.667969 0.363281 0.660156 0.359375 0.660156 0.351562 0.652344 0.347656 0.652344 0.343750 0.648438 0.343750 0.632812
4 0.152344 0.597656 0.144531 0.605469 0.128906 0.605469 0.125000 0.609375 0.113281 0.609375 0.113281 0.617188 0.117188 0.621094 0.132812 0.621094 0.136719 0.625000 0.136719 0.628906 0.140625 0.632812 0.148438 0.632812 0.152344 0.628906 0.152344 0.625000 0.156250 0.621094 0.156250 0.613281 0.160156 0.609375 0.164062 0.609375 0.164062 0.601562 0.160156 0.597656
4 0.000000 0.527344 0.000000 0.585938 0.011719 0.585938 0.015625 0.589844 0.023438 0.589844 0.023438 0.585938 0.027344 0.582031 0.042969 0.582031 0.050781 0.589844 0.050781 0.593750 0.054688 0.597656 0.054688 0.605469 0.058594 0.605469 0.062500 0.609375 0.062500 0.617188 0.066406 0.617188 0.074219 0.625000 0.074219 0.632812 0.085938 0.644531 0.085938 0.648438 0.089844 0.648438 0.093750 0.652344 0.093750 0.660156 0.101562 0.667969 0.109375 0.667969 0.109375 0.652344 0.093750 0.636719 0.093750 0.632812 0.082031 0.621094 0.082031 0.605469 0.070312 0.593750 0.070312 0.574219 0.066406 0.570312 0.054688 0.570312 0.046875 0.562500 0.046875 0.542969 0.031250 0.542969 0.023438 0.550781 0.007812 0.550781 0.003906 0.546875 0.003906 0.527344
4 0.175781 0.500000 0.171875 0.503906 0.167969 0.503906 0.164062 0.507812 0.164062 0.515625 0.167969 0.519531 0.191406 0.519531 0.191406 0.507812 0.187500 0.507812 0.183594 0.503906 0.183594 0.500000
4 0.414062 0.480469 0.414062 0.500000 0.410156 0.503906 0.402344 0.503906 0.402344 0.507812 0.398438 0.511719 0.382812 0.511719 0.378906 0.507812 0.371094 0.507812 0.371094 0.511719 0.367188 0.515625 0.367188 0.519531 0.363281 0.523438 0.343750 0.523438 0.339844 0.519531 0.339844 0.503906 0.328125 0.503906 0.328125 0.511719 0.332031 0.511719 0.335938 0.515625 0.335938 0.531250 0.339844 0.535156 0.339844 0.562500 0.347656 0.562500 0.351562 0.558594 0.378906 0.558594 0.382812 0.562500 0.382812 0.570312 0.390625 0.570312 0.394531 0.566406 0.394531 0.554688 0.398438 0.550781 0.421875 0.550781 0.425781 0.554688 0.425781 0.558594 0.429688 0.562500 0.429688 0.566406 0.433594 0.570312 0.433594 0.585938 0.429688 0.589844 0.398438 0.589844 0.394531 0.593750 0.394531 0.613281 0.402344 0.613281 0.406250 0.617188 0.410156 0.617188 0.414062 0.621094 0.421875 0.621094 0.421875 0.617188 0.425781 0.613281 0.429688 0.613281 0.429688 0.601562 0.433594 0.597656 0.449219 0.597656 0.453125 0.601562 0.453125 0.605469 0.460938 0.613281 0.460938 0.621094 0.464844 0.625000 0.464844 0.632812 0.468750 0.636719 0.468750 0.648438 0.476562 0.656250 0.476562 0.660156 0.488281 0.660156 0.492188 0.664062 0.492188 0.671875 0.503906 0.671875 0.507812 0.675781 0.507812 0.687500 0.511719 0.691406 0.511719 0.703125 0.515625 0.703125 0.519531 0.707031 0.519531 0.730469 0.523438 0.734375 0.531250 0.734375 0.535156 0.738281 0.535156 0.742188 0.539062 0.742188 0.542969 0.746094 0.558594 0.746094 0.562500 0.750000 0.562500 0.773438 0.558594 0.777344 0.558594 0.789062 0.570312 0.800781 0.570312 0.820312 0.609375 0.820312 0.613281 0.824219 0.613281 0.828125 0.617188 0.832031 0.617188 0.835938 0.621094 0.835938 0.625000 0.839844 0.625000 0.843750 0.636719 0.855469 0.644531 0.855469 0.644531 0.843750 0.640625 0.843750 0.628906 0.832031 0.628906 0.824219 0.625000 0.824219 0.621094 0.820312 0.621094 0.816406 0.617188 0.816406 0.613281 0.812500 0.613281 0.808594 0.609375 0.804688 0.609375 0.800781 0.601562 0.792969 0.601562 0.789062 0.593750 0.781250 0.589844 0.781250 0.585938 0.777344 0.585938 0.761719 0.593750 0.753906 0.613281 0.753906 0.617188 0.757812 0.625000 0.757812 0.628906 0.761719 0.628906 0.773438 0.656250 0.773438 0.667969 0.785156 0.667969 0.789062 0.679688 0.789062 0.679688 0.781250 0.675781 0.777344 0.675781 0.753906 0.679688 0.750000 0.691406 0.750000 0.691406 0.742188 0.687500 0.742188 0.683594 0.738281 0.683594 0.734375 0.675781 0.726562 0.675781 0.710938 0.667969 0.710938 0.664062 0.714844 0.656250 0.714844 0.656250 0.730469 0.664062 0.730469 0.667969 0.734375 0.667969 0.753906 0.664062 0.757812 0.648438 0.757812 0.640625 0.750000 0.640625 0.738281 0.636719 0.738281 0.632812 0.734375 0.632812 0.722656 0.625000 0.714844 0.621094 0.714844 0.617188 0.710938 0.617188 0.699219 0.613281 0.695312 0.613281 0.687500 0.609375 0.687500 0.605469 0.683594 0.601562 0.683594 0.597656 0.679688 0.597656 0.660156 0.589844 0.660156 0.585938 0.664062 0.585938 0.671875 0.593750 0.671875 0.597656 0.675781 0.597656 0.699219 0.601562 0.699219 0.609375 0.707031 0.609375 0.722656 0.605469 0.726562 0.558594 0.726562 0.554688 0.722656 0.554688 0.699219 0.550781 0.699219 0.542969 0.691406 0.542969 0.687500 0.531250 0.675781 0.531250 0.640625 0.527344 0.640625 0.523438 0.636719 0.511719 0.636719 0.507812 0.632812 0.507812 0.628906 0.503906 0.628906 0.500000 0.625000 0.500000 0.609375 0.503906 0.605469 0.519531 0.605469 0.523438 0.609375 0.523438 0.613281 0.542969 0.613281 0.550781 0.621094 0.554688 0.621094 0.558594 0.625000 0.558594 0.640625 0.570312 0.640625 0.574219 0.636719 0.574219 0.625000 0.570312 0.621094 0.570312 0.601562 0.566406 0.597656 0.554688 0.597656 0.550781 0.593750 0.550781 0.589844 0.546875 0.585938 0.546875 0.578125 0.539062 0.570312 0.539062 0.558594 0.535156 0.554688 0.535156 0.550781 0.531250 0.546875 0.523438 0.546875 0.515625 0.539062 0.515625 0.515625 0.511719 0.511719 0.511719 0.503906 0.496094 0.503906 0.496094 0.511719 0.500000 0.515625 0.500000 0.531250 0.496094 0.535156 0.492188 0.535156 0.484375 0.542969 0.484375 0.554688 0.488281 0.554688 0.492188 0.558594 0.492188 0.562500 0.496094 0.562500 0.500000 0.566406 0.503906 0.566406 0.507812 0.570312 0.507812 0.574219 0.511719 0.578125 0.511719 0.593750 0.507812 0.597656 0.507812 0.601562 0.503906 0.605469 0.488281 0.605469 0.484375 0.601562 0.484375 0.593750 0.480469 0.593750 0.476562 0.589844 0.476562 0.585938 0.468750 0.578125 0.468750 0.566406 0.464844 0.566406 0.457031 0.558594 0.457031 0.546875 0.449219 0.539062 0.449219 0.535156 0.445312 0.531250 0.445312 0.519531 0.433594 0.507812 0.433594 0.492188 0.429688 0.488281 0.429688 0.484375 0.425781 0.484375 0.421875 0.480469
4 0.535156 0.472656 0.535156 0.488281 0.539062 0.492188 0.539062 0.507812 0.546875 0.515625 0.546875 0.519531 0.558594 0.519531 0.562500 0.523438 0.562500 0.546875 0.566406 0.546875 0.570312 0.550781 0.570312 0.554688 0.574219 0.558594 0.574219 0.562500 0.578125 0.562500 0.582031 0.566406 0.582031 0.574219 0.593750 0.574219 0.597656 0.578125 0.597656 0.601562 0.601562 0.605469 0.609375 0.605469 0.613281 0.601562 0.613281 0.593750 0.605469 0.593750 0.601562 0.589844 0.601562 0.550781 0.605469 0.546875 0.605469 0.527344 0.609375 0.523438 0.621094 0.523438 0.628906 0.515625 0.628906 0.503906 0.621094 0.503906 0.617188 0.500000 0.617188 0.496094 0.589844 0.496094 0.589844 0.500000 0.585938 0.503906 0.562500 0.503906 0.554688 0.496094 0.554688 0.492188 0.546875 0.484375 0.546875 0.472656
4 0.933594 0.445312 0.929688 0.449219 0.925781 0.449219 0.921875 0.453125 0.921875 0.460938 0.917969 0.464844 0.902344 0.464844 0.898438 0.468750 0.898438 0.480469 0.910156 0.480469 0.914062 0.484375 0.914062 0.488281 0.917969 0.492188 0.917969 0.496094 0.921875 0.500000 0.921875 0.515625 0.917969 0.519531 0.906250 0.519531 0.890625 0.535156 0.890625 0.546875 0.894531 0.550781 0.894531 0.554688 0.898438 0.558594 0.917969 0.558594 0.921875 0.562500 0.921875 0.593750 0.917969 0.597656 0.917969 0.617188 0.921875 0.617188 0.925781 0.621094 0.933594 0.621094 0.937500 0.617188 0.941406 0.617188 0.941406 0.593750 0.945312 0.589844 0.949219 0.589844 0.949219 0.570312 0.957031 0.562500 0.957031 0.554688 0.953125 0.550781 0.953125 0.535156 0.960938 0.527344 0.960938 0.507812 0.964844 0.503906 0.964844 0.492188 0.957031 0.492188 0.953125 0.488281 0.953125 0.468750 0.949219 0.464844 0.949219 0.460938 0.945312 0.457031 0.945312 0.449219 0.941406 0.445312
4 0.441406 0.417969 0.441406 0.421875 0.437500 0.425781 0.437500 0.453125 0.449219 0.464844 0.453125 0.464844 0.457031 0.468750 0.464844 0.468750 0.468750 0.472656 0.468750 0.488281 0.464844 0.492188 0.464844 0.500000 0.472656 0.500000 0.472656 0.496094 0.476562 0.492188 0.492188 0.492188 0.492188 0.484375 0.488281 0.480469 0.488281 0.445312 0.484375 0.441406 0.476562 0.441406 0.472656 0.437500 0.460938 0.437500 0.457031 0.433594 0.457031 0.425781 0.453125 0.421875 0.453125 0.417969
4 0.203125 0.410156 0.203125 0.441406 0.207031 0.445312 0.207031 0.449219 0.210938 0.453125 0.210938 0.464844 0.218750 0.464844 0.222656 0.468750 0.222656 0.472656 0.226562 0.472656 0.234375 0.480469 0.234375 0.492188 0.238281 0.496094 0.238281 0.515625 0.234375 0.519531 0.218750 0.519531 0.218750 0.527344 0.214844 0.531250 0.207031 0.531250 0.207031 0.546875 0.203125 0.550781 0.203125 0.562500 0.207031 0.566406 0.207031 0.582031 0.203125 0.585938 0.203125 0.597656 0.207031 0.601562 0.218750 0.601562 0.222656 0.605469 0.230469 0.605469 0.238281 0.613281 0.253906 0.613281 0.253906 0.605469 0.242188 0.593750 0.242188 0.589844 0.238281 0.589844 0.234375 0.585938 0.234375 0.582031 0.226562 0.582031 0.218750 0.574219 0.218750 0.558594 0.222656 0.554688 0.222656 0.539062 0.226562 0.535156 0.250000 0.535156 0.253906 0.539062 0.253906 0.542969 0.265625 0.542969 0.265625 0.535156 0.261719 0.531250 0.261719 0.507812 0.257812 0.503906 0.257812 0.500000 0.253906 0.496094 0.253906 0.488281 0.250000 0.488281 0.246094 0.484375 0.246094 0.464844 0.234375 0.464844 0.226562 0.457031 0.222656 0.457031 0.218750 0.453125 0.218750 0.410156
4 0.093750 0.386719 0.093750 0.390625 0.085938 0.398438 0.078125 0.398438 0.078125 0.410156 0.085938 0.417969 0.085938 0.445312 0.097656 0.445312 0.101562 0.441406 0.113281 0.441406 0.113281 0.433594 0.109375 0.429688 0.109375 0.425781 0.105469 0.421875 0.105469 0.402344 0.101562 0.398438 0.101562 0.386719
4 0.445312 0.367188 0.445312 0.378906 0.441406 0.382812 0.441406 0.390625 0.453125 0.390625 0.457031 0.386719 0.460938 0.386719 0.460938 0.375000 0.453125 0.367188
4 0.183594 0.347656 0.183594 0.367188 0.179688 0.371094 0.171875 0.371094 0.171875 0.375000 0.167969 0.378906 0.167969 0.386719 0.183594 0.386719 0.187500 0.382812 0.195312 0.382812 0.195312 0.378906 0.199219 0.375000 0.203125 0.375000 0.207031 0.371094 0.210938 0.371094 0.210938 0.347656
4 0.441406 0.312500 0.441406 0.332031 0.445312 0.335938 0.453125 0.335938 0.460938 0.328125 0.460938 0.312500
4 0.042969 0.296875 0.023438 0.316406 0.023438 0.320312 0.019531 0.324219 0.011719 0.324219 0.007812 0.328125 0.000000 0.328125 0.000000 0.343750 0.015625 0.343750 0.015625 0.339844 0.023438 0.332031 0.046875 0.332031 0.046875 0.320312 0.050781 0.316406 0.050781 0.308594 0.054688 0.304688 0.054688 0.296875
4 0.472656 0.292969 0.472656 0.304688 0.488281 0.304688 0.488281 0.292969
4 0.156250 0.253906 0.156250 0.269531 0.160156 0.273438 0.160156 0.292969 0.164062 0.296875 0.164062 0.308594 0.167969 0.312500 0.167969 0.339844 0.175781 0.339844 0.175781 0.320312 0.171875 0.316406 0.171875 0.289062 0.175781 0.285156 0.191406 0.285156 0.191406 0.273438 0.179688 0.273438 0.167969 0.261719 0.167969 0.257812 0.164062 0.253906
4 0.519531 0.238281 0.519531 0.246094 0.527344 0.246094 0.527344 0.238281
4 0.207031 0.222656 0.207031 0.261719 0.210938 0.261719 0.214844 0.265625 0.214844 0.285156 0.218750 0.289062 0.218750 0.292969 0.222656 0.296875 0.222656 0.312500 0.246094 0.312500 0.253906 0.320312 0.253906 0.328125 0.257812 0.332031 0.265625 0.332031 0.265625 0.324219 0.261719 0.320312 0.261719 0.312500 0.257812 0.308594 0.257812 0.304688 0.246094 0.304688 0.242188 0.300781 0.242188 0.292969 0.234375 0.292969 0.230469 0.289062 0.230469 0.281250 0.226562 0.277344 0.222656 0.277344 0.218750 0.273438 0.218750 0.222656
4 0.925781 0.210938 0.917969 0.218750 0.917969 0.234375 0.914062 0.238281 0.906250 0.238281 0.902344 0.242188 0.902344 0.246094 0.898438 0.250000 0.894531 0.250000 0.890625 0.253906 0.890625 0.281250 0.886719 0.285156 0.875000 0.285156 0.871094 0.289062 0.871094 0.300781 0.894531 0.300781 0.898438 0.304688 0.898438 0.324219 0.894531 0.328125 0.894531 0.339844 0.898438 0.343750 0.898438 0.363281 0.890625 0.371094 0.890625 0.375000 0.882812 0.382812 0.882812 0.402344 0.878906 0.406250 0.878906 0.425781 0.882812 0.429688 0.882812 0.433594 0.894531 0.433594 0.898438 0.429688 0.898438 0.382812 0.906250 0.375000 0.910156 0.375000 0.910156 0.371094 0.914062 0.367188 0.937500 0.367188 0.941406 0.363281 0.941406 0.359375 0.945312 0.355469 0.976562 0.355469 0.980469 0.359375 0.996094 0.359375 0.996094 0.328125 0.988281 0.328125 0.988281 0.332031 0.984375 0.335938 0.960938 0.335938 0.957031 0.332031 0.957031 0.316406 0.968750 0.304688 0.996094 0.304688 0.996094 0.296875 0.988281 0.296875 0.984375 0.292969 0.980469 0.292969 0.976562 0.289062 0.976562 0.285156 0.968750 0.277344 0.968750 0.265625 0.945312 0.265625 0.941406 0.261719 0.921875 0.261719 0.917969 0.257812 0.917969 0.234375 0.921875 0.230469 0.933594 0.230469 0.937500 0.226562 0.937500 0.210938
4 0.968750 0.207031 0.968750 0.218750 0.972656 0.218750 0.976562 0.222656 0.976562 0.230469 0.980469 0.234375 0.980469 0.238281 0.996094 0.238281 0.996094 0.218750 0.980469 0.218750 0.976562 0.214844 0.976562 0.207031
4 0.281250 0.128906 0.281250 0.148438 0.277344 0.152344 0.261719 0.152344 0.261719 0.160156 0.269531 0.167969 0.277344 0.167969 0.281250 0.164062 0.285156 0.164062 0.285156 0.148438 0.289062 0.144531 0.296875 0.144531 0.296875 0.128906
4 0.679688 0.121094 0.679688 0.144531 0.675781 0.148438 0.671875 0.148438 0.671875 0.156250 0.667969 0.160156 0.656250 0.160156 0.656250 0.164062 0.652344 0.167969 0.648438 0.167969 0.648438 0.191406 0.660156 0.191406 0.664062 0.195312 0.664062 0.222656 0.679688 0.222656 0.683594 0.226562 0.683594 0.246094 0.679688 0.250000 0.664062 0.250000 0.664062 0.261719 0.667969 0.261719 0.671875 0.265625 0.671875 0.285156 0.675781 0.289062 0.675781 0.328125 0.667969 0.335938 0.667969 0.339844 0.664062 0.343750 0.664062 0.355469 0.675781 0.367188 0.675781 0.378906 0.687500 0.390625 0.687500 0.410156 0.683594 0.414062 0.679688 0.414062 0.679688 0.457031 0.675781 0.460938 0.675781 0.472656 0.691406 0.472656 0.695312 0.468750 0.695312 0.421875 0.699219 0.417969 0.699219 0.398438 0.695312 0.398438 0.691406 0.394531 0.691406 0.343750 0.695312 0.339844 0.695312 0.328125 0.703125 0.320312 0.703125 0.316406 0.707031 0.312500 0.707031 0.285156 0.710938 0.281250 0.714844 0.281250 0.714844 0.261719 0.707031 0.261719 0.703125 0.257812 0.703125 0.238281 0.718750 0.222656 0.718750 0.214844 0.710938 0.214844 0.707031 0.210938 0.683594 0.210938 0.679688 0.207031 0.679688 0.167969 0.683594 0.164062 0.699219 0.164062 0.703125 0.160156 0.703125 0.144531 0.695312 0.144531 0.687500 0.136719 0.687500 0.121094
4 0.980469 0.093750 0.976562 0.097656 0.968750 0.097656 0.968750 0.113281 0.964844 0.117188 0.960938 0.117188 0.960938 0.136719 0.957031 0.140625 0.957031 0.144531 0.953125 0.148438 0.953125 0.152344 0.949219 0.156250 0.949219 0.160156 0.945312 0.164062 0.945312 0.175781 0.949219 0.179688 0.964844 0.179688 0.968750 0.175781 0.972656 0.175781 0.976562 0.171875 0.984375 0.171875 0.988281 0.167969 0.996094 0.167969 0.996094 0.093750
4 0.578125 0.066406 0.578125 0.078125 0.585938 0.078125 0.585938 0.066406
4 0.562500 0.011719 0.562500 0.031250 0.554688 0.039062 0.539062 0.039062 0.535156 0.035156 0.523438 0.035156 0.523438 0.046875 0.527344 0.050781 0.535156 0.050781 0.539062 0.054688 0.539062 0.058594 0.542969 0.062500 0.542969 0.078125 0.539062 0.082031 0.535156 0.082031 0.535156 0.097656 0.539062 0.101562 0.539062 0.105469 0.542969 0.109375 0.542969 0.117188 0.546875 0.117188 0.550781 0.121094 0.550781 0.160156 0.542969 0.167969 0.542969 0.171875 0.539062 0.175781 0.539062 0.218750 0.550781 0.218750 0.554688 0.214844 0.570312 0.214844 0.574219 0.218750 0.574219 0.238281 0.578125 0.242188 0.597656 0.242188 0.601562 0.246094 0.601562 0.261719 0.597656 0.265625 0.597656 0.269531 0.593750 0.273438 0.593750 0.296875 0.589844 0.300781 0.570312 0.300781 0.566406 0.296875 0.566406 0.281250 0.562500 0.277344 0.558594 0.277344 0.554688 0.273438 0.554688 0.265625 0.550781 0.261719 0.539062 0.261719 0.539062 0.296875 0.531250 0.304688 0.531250 0.312500 0.542969 0.312500 0.546875 0.316406 0.546875 0.351562 0.542969 0.355469 0.531250 0.355469 0.527344 0.359375 0.527344 0.386719 0.531250 0.390625 0.542969 0.390625 0.542969 0.378906 0.546875 0.375000 0.562500 0.375000 0.566406 0.378906 0.585938 0.378906 0.589844 0.382812 0.589844 0.390625 0.601562 0.390625 0.601562 0.378906 0.597656 0.375000 0.597656 0.359375 0.593750 0.359375 0.589844 0.355469 0.589844 0.351562 0.585938 0.347656 0.585938 0.343750 0.574219 0.343750 0.570312 0.339844 0.570312 0.324219 0.574219 0.320312 0.589844 0.320312 0.593750 0.316406 0.593750 0.304688 0.597656 0.300781 0.609375 0.300781 0.609375 0.257812 0.613281 0.253906 0.613281 0.246094 0.621094 0.238281 0.621094 0.218750 0.617188 0.214844 0.601562 0.214844 0.593750 0.207031 0.593750 0.187500 0.597656 0.183594 0.601562 0.183594 0.605469 0.179688 0.609375 0.179688 0.609375 0.164062 0.578125 0.164062 0.574219 0.160156 0.574219 0.144531 0.578125 0.140625 0.585938 0.140625 0.589844 0.136719 0.589844 0.125000 0.585938 0.121094 0.578125 0.121094 0.574219 0.117188 0.574219 0.101562 0.554688 0.101562 0.550781 0.097656 0.550781 0.078125 0.554688 0.074219 0.554688 0.062500 0.558594 0.058594 0.574219 0.058594 0.574219 0.046875 0.578125 0.042969 0.578125 0.035156 0.574219 0.031250 0.574219 0.015625 0.570312 0.011719
4 0.292969 0.011719 0.289062 0.015625 0.289062 0.027344 0.285156 0.031250 0.285156 0.058594 0.281250 0.062500 0.281250 0.074219 0.289062 0.074219 0.289062 0.054688 0.292969 0.050781 0.296875 0.050781 0.296875 0.042969 0.300781 0.039062 0.304688 0.039062 0.304688 0.031250 0.308594 0.027344 0.308594 0.015625 0.304688 0.015625 0.300781 0.011719
4 0.480469 0.000000 0.480469 0.027344 0.476562 0.031250 0.476562 0.042969 0.472656 0.046875 0.472656 0.054688 0.468750 0.058594 0.464844 0.058594 0.464844 0.062500 0.460938 0.066406 0.460938 0.085938 0.457031 0.089844 0.457031 0.121094 0.449219 0.128906 0.449219 0.144531 0.445312 0.148438 0.445312 0.156250 0.449219 0.160156 0.449219 0.175781 0.445312 0.179688 0.445312 0.203125 0.441406 0.207031 0.441406 0.238281 0.437500 0.242188 0.437500 0.246094 0.433594 0.250000 0.429688 0.250000 0.429688 0.269531 0.421875 0.277344 0.421875 0.281250 0.417969 0.285156 0.417969 0.296875 0.433594 0.296875 0.433594 0.292969 0.437500 0.289062 0.464844 0.289062 0.464844 0.265625 0.453125 0.265625 0.449219 0.261719 0.449219 0.230469 0.453125 0.226562 0.453125 0.222656 0.457031 0.218750 0.457031 0.187500 0.460938 0.183594 0.464844 0.183594 0.464844 0.140625 0.472656 0.132812 0.472656 0.125000 0.476562 0.121094 0.476562 0.105469 0.480469 0.101562 0.480469 0.093750 0.476562 0.089844 0.476562 0.074219 0.480469 0.070312 0.480469 0.062500 0.484375 0.058594 0.484375 0.023438 0.488281 0.019531 0.488281 0.000000
