4 0.039062 0.906250 0.039062 0.914062 0.042969 0.914062 0.062500 0.933594 0.062500 0.937500 0.074219 0.949219 0.078125 0.949219 0.082031 0.953125 0.089844 0.953125 0.089844 0.941406 0.085938 0.937500 0.085938 0.933594 0.078125 0.925781 0.074219 0.925781 0.066406 0.917969 0.062500 0.917969 0.054688 0.910156 0.054688 0.906250
4 0.195312 0.835938 0.195312 0.855469 0.191406 0.859375 0.183594 0.859375 0.179688 0.863281 0.175781 0.863281 0.175781 0.871094 0.191406 0.871094 0.195312 0.875000 0.195312 0.890625 0.191406 0.894531 0.179688 0.894531 0.179688 0.914062 0.175781 0.917969 0.175781 0.929688 0.179688 0.933594 0.179688 0.941406 0.191406 0.941406 0.195312 0.937500 0.203125 0.937500 0.203125 0.902344 0.207031 0.898438 0.207031 0.878906 0.210938 0.875000 0.210938 0.871094 0.214844 0.867188 0.214844 0.859375 0.210938 0.855469 0.210938 0.835938
4 0.285156 0.816406 0.285156 0.828125 0.296875 0.828125 0.300781 0.832031 0.300781 0.863281 0.296875 0.867188 0.296875 0.875000 0.308594 0.875000 0.308594 0.871094 0.312500 0.867188 0.312500 0.828125 0.308594 0.828125 0.304688 0.824219 0.304688 0.820312 0.300781 0.820312 0.296875 0.816406
4 0.066406 0.765625 0.066406 0.773438 0.074219 0.773438 0.074219 0.765625
4 0.355469 0.722656 0.355469 0.730469 0.351562 0.734375 0.351562 0.742188 0.359375 0.742188 0.359375 0.734375 0.363281 0.730469 0.363281 0.722656
4 0.230469 0.699219 0.230469 0.703125 0.226562 0.707031 0.218750 0.707031 0.218750 0.718750 0.214844 0.722656 0.214844 0.726562 0.210938 0.730469 0.210938 0.753906 0.207031 0.757812 0.195312 0.757812 0.195312 0.761719 0.191406 0.765625 0.183594 0.765625 0.183594 0.781250 0.187500 0.785156 0.187500 0.789062 0.199219 0.789062 0.203125 0.785156 0.210938 0.785156 0.214844 0.781250 0.226562 0.781250 0.230469 0.777344 0.234375 0.777344 0.238281 0.773438 0.273438 0.773438 0.277344 0.769531 0.296875 0.769531 0.300781 0.773438 0.300781 0.789062 0.316406 0.789062 0.320312 0.785156 0.324219 0.785156 0.324219 0.769531 0.328125 0.765625 0.332031 0.765625 0.332031 0.750000 0.328125 0.746094 0.320312 0.746094 0.316406 0.750000 0.308594 0.750000 0.308594 0.753906 0.304688 0.757812 0.300781 0.757812 0.296875 0.761719 0.273438 0.761719 0.269531 0.757812 0.269531 0.703125 0.261719 0.703125 0.257812 0.699219
4 0.281250 0.687500 0.281250 0.695312 0.289062 0.695312 0.289062 0.687500
4 0.570312 0.648438 0.562500 0.656250 0.562500 0.687500 0.558594 0.691406 0.550781 0.691406 0.546875 0.695312 0.546875 0.699219 0.542969 0.703125 0.542969 0.714844 0.554688 0.714844 0.558594 0.718750 0.558594 0.738281 0.554688 0.742188 0.546875 0.742188 0.546875 0.746094 0.542969 0.750000 0.527344 0.750000 0.523438 0.753906 0.523438 0.757812 0.519531 0.761719 0.511719 0.761719 0.507812 0.765625 0.507812 0.773438 0.511719 0.777344 0.531250 0.777344 0.535156 0.781250 0.535156 0.796875 0.546875 0.796875 0.546875 0.792969 0.550781 0.789062 0.550781 0.773438 0.554688 0.769531 0.574219 0.769531 0.578125 0.773438 0.585938 0.773438 0.585938 0.769531 0.589844 0.765625 0.617188 0.765625 0.617188 0.742188 0.625000 0.734375 0.664062 0.734375 0.667969 0.730469 0.667969 0.710938 0.664062 0.710938 0.660156 0.707031 0.660156 0.699219 0.652344 0.699219 0.648438 0.703125 0.644531 0.703125 0.644531 0.714844 0.640625 0.718750 0.625000 0.718750 0.621094 0.714844 0.621094 0.707031 0.589844 0.707031 0.585938 0.703125 0.585938 0.687500 0.589844 0.683594 0.597656 0.683594 0.597656 0.667969 0.589844 0.667969 0.585938 0.664062 0.585938 0.648438
4 0.632812 0.605469 0.632812 0.613281 0.644531 0.613281 0.648438 0.617188 0.648438 0.652344 0.652344 0.656250 0.652344 0.660156 0.667969 0.660156 0.667969 0.625000 0.652344 0.625000 0.648438 0.621094 0.648438 0.605469
4 0.691406 0.601562 0.691406 0.609375 0.707031 0.609375 0.707031 0.601562
4 0.289062 0.601562 0.289062 0.605469 0.285156 0.609375 0.281250 0.609375 0.281250 0.632812 0.277344 0.636719 0.277344 0.644531 0.281250 0.644531 0.285156 0.648438 0.292969 0.648438 0.296875 0.652344 0.296875 0.656250 0.304688 0.656250 0.308594 0.660156 0.308594 0.683594 0.320312 0.683594 0.320312 0.667969 0.324219 0.664062 0.328125 0.664062 0.328125 0.628906 0.320312 0.628906 0.316406 0.625000 0.316406 0.621094 0.308594 0.621094 0.304688 0.617188 0.304688 0.605469 0.300781 0.605469 0.296875 0.601562
4 0.226562 0.593750 0.222656 0.597656 0.214844 0.597656 0.214844 0.605469 0.222656 0.613281 0.222656 0.636719 0.218750 0.640625 0.214844 0.640625 0.210938 0.644531 0.207031 0.644531 0.207031 0.648438 0.203125 0.652344 0.175781 0.652344 0.175781 0.656250 0.171875 0.660156 0.171875 0.671875 0.167969 0.675781 0.164062 0.675781 0.160156 0.679688 0.160156 0.683594 0.156250 0.687500 0.148438 0.687500 0.148438 0.695312 0.152344 0.699219 0.152344 0.703125 0.156250 0.707031 0.156250 0.710938 0.164062 0.710938 0.167969 0.714844 0.167969 0.730469 0.171875 0.734375 0.171875 0.742188 0.179688 0.742188 0.179688 0.738281 0.183594 0.734375 0.183594 0.687500 0.187500 0.683594 0.195312 0.683594 0.199219 0.679688 0.203125 0.679688 0.203125 0.667969 0.207031 0.664062 0.230469 0.664062 0.230469 0.652344 0.234375 0.648438 0.234375 0.632812 0.238281 0.628906 0.246094 0.628906 0.250000 0.625000 0.253906 0.625000 0.257812 0.621094 0.257812 0.609375 0.253906 0.609375 0.250000 0.605469 0.250000 0.601562 0.246094 0.597656 0.242188 0.597656 0.238281 0.593750
4 0.332031 0.589844 0.332031 0.605469 0.339844 0.605469 0.339844 0.589844
4 0.835938 0.582031 0.832031 0.585938 0.820312 0.585938 0.820312 0.636719 0.816406 0.640625 0.789062 0.640625 0.785156 0.636719 0.785156 0.625000 0.781250 0.621094 0.742188 0.621094 0.738281 0.617188 0.730469 0.617188 0.730469 0.652344 0.726562 0.656250 0.710938 0.656250 0.707031 0.652344 0.695312 0.652344 0.691406 0.656250 0.691406 0.664062 0.695312 0.664062 0.699219 0.667969 0.699219 0.671875 0.703125 0.671875 0.707031 0.675781 0.710938 0.675781 0.714844 0.679688 0.738281 0.679688 0.738281 0.660156 0.742188 0.656250 0.746094 0.656250 0.750000 0.652344 0.761719 0.652344 0.765625 0.648438 0.773438 0.648438 0.777344 0.644531 0.796875 0.644531 0.800781 0.648438 0.800781 0.671875 0.789062 0.683594 0.785156 0.683594 0.785156 0.691406 0.781250 0.695312 0.761719 0.695312 0.761719 0.703125 0.792969 0.703125 0.796875 0.707031 0.796875 0.734375 0.792969 0.738281 0.781250 0.738281 0.773438 0.746094 0.761719 0.746094 0.757812 0.750000 0.753906 0.750000 0.746094 0.757812 0.746094 0.773438 0.753906 0.773438 0.753906 0.769531 0.757812 0.765625 0.781250 0.765625 0.785156 0.769531 0.785156 0.785156 0.781250 0.789062 0.781250 0.796875 0.785156 0.796875 0.789062 0.800781 0.796875 0.800781 0.796875 0.792969 0.800781 0.789062 0.800781 0.785156 0.804688 0.781250 0.804688 0.765625 0.808594 0.761719 0.808594 0.750000 0.812500 0.746094 0.812500 0.738281 0.816406 0.734375 0.816406 0.714844 0.804688 0.714844 0.800781 0.710938 0.800781 0.695312 0.808594 0.687500 0.816406 0.687500 0.820312 0.683594 0.820312 0.656250 0.824219 0.652344 0.824219 0.628906 0.828125 0.625000 0.828125 0.621094 0.835938 0.613281 0.843750 0.613281 0.843750 0.601562 0.847656 0.597656 0.847656 0.582031
4 0.851562 0.562500 0.851562 0.574219 0.863281 0.574219 0.867188 0.570312 0.867188 0.562500
4 0.664062 0.546875 0.664062 0.585938 0.671875 0.585938 0.671875 0.582031 0.675781 0.578125 0.695312 0.578125 0.699219 0.574219 0.703125 0.574219 0.703125 0.546875 0.695312 0.546875 0.691406 0.550781 0.675781 0.550781 0.671875 0.546875
4 0.414062 0.472656 0.414062 0.480469 0.421875 0.480469 0.421875 0.472656
4 0.113281 0.468750 0.109375 0.472656 0.105469 0.472656 0.105469 0.476562 0.097656 0.484375 0.097656 0.488281 0.089844 0.496094 0.089844 0.511719 0.085938 0.515625 0.085938 0.523438 0.082031 0.527344 0.082031 0.531250 0.078125 0.535156 0.078125 0.539062 0.070312 0.546875 0.070312 0.554688 0.074219 0.554688 0.078125 0.558594 0.078125 0.566406 0.082031 0.570312 0.082031 0.574219 0.085938 0.578125 0.085938 0.597656 0.082031 0.601562 0.050781 0.601562 0.050781 0.609375 0.046875 0.613281 0.046875 0.621094 0.042969 0.625000 0.042969 0.628906 0.039062 0.632812 0.039062 0.636719 0.035156 0.640625 0.035156 0.644531 0.031250 0.648438 0.031250 0.652344 0.027344 0.656250 0.027344 0.667969 0.023438 0.671875 0.019531 0.671875 0.019531 0.679688 0.031250 0.679688 0.035156 0.683594 0.035156 0.699219 0.031250 0.703125 0.031250 0.714844 0.046875 0.714844 0.050781 0.718750 0.050781 0.742188 0.046875 0.746094 0.023438 0.746094 0.019531 0.742188 0.019531 0.722656 0.000000 0.722656 0.000000 0.746094 0.019531 0.746094 0.023438 0.750000 0.023438 0.753906 0.027344 0.757812 0.027344 0.773438 0.023438 0.777344 0.000000 0.777344 0.000000 0.875000 0.007812 0.875000 0.019531 0.886719 0.027344 0.886719 0.027344 0.882812 0.031250 0.878906 0.031250 0.871094 0.035156 0.867188 0.035156 0.855469 0.031250 0.851562 0.023438 0.851562 0.019531 0.847656 0.007812 0.847656 0.003906 0.843750 0.003906 0.808594 0.007812 0.804688 0.011719 0.804688 0.011719 0.800781 0.015625 0.796875 0.019531 0.796875 0.019531 0.789062 0.023438 0.785156 0.039062 0.785156 0.039062 0.781250 0.042969 0.777344 0.042969 0.765625 0.046875 0.761719 0.054688 0.761719 0.054688 0.742188 0.058594 0.738281 0.070312 0.738281 0.074219 0.734375 0.085938 0.734375 0.089844 0.730469 0.093750 0.730469 0.093750 0.707031 0.097656 0.703125 0.109375 0.703125 0.109375 0.695312 0.105469 0.691406 0.105469 0.687500 0.089844 0.687500 0.085938 0.683594 0.085938 0.667969 0.089844 0.664062 0.089844 0.656250 0.093750 0.652344 0.093750 0.636719 0.089844 0.636719 0.085938 0.632812 0.085938 0.585938 0.089844 0.582031 0.093750 0.582031 0.093750 0.515625 0.097656 0.511719 0.101562 0.511719 0.109375 0.503906 0.109375 0.496094 0.113281 0.492188 0.113281 0.488281 0.117188 0.484375 0.121094 0.484375 0.128906 0.476562 0.128906 0.468750
4 0.351562 0.421875 0.351562 0.433594 0.355469 0.437500 0.355469 0.457031 0.351562 0.460938 0.351562 0.476562 0.347656 0.480469 0.332031 0.480469 0.328125 0.484375 0.316406 0.484375 0.308594 0.492188 0.308594 0.500000 0.316406 0.507812 0.316406 0.527344 0.312500 0.531250 0.296875 0.531250 0.292969 0.535156 0.292969 0.539062 0.289062 0.542969 0.289062 0.550781 0.296875 0.550781 0.300781 0.554688 0.300781 0.562500 0.316406 0.562500 0.316406 0.558594 0.320312 0.554688 0.335938 0.554688 0.339844 0.558594 0.351562 0.558594 0.355469 0.554688 0.359375 0.554688 0.363281 0.550781 0.367188 0.550781 0.367188 0.527344 0.371094 0.523438 0.386719 0.523438 0.386719 0.496094 0.390625 0.492188 0.390625 0.472656 0.394531 0.468750 0.402344 0.468750 0.402344 0.460938 0.382812 0.460938 0.378906 0.457031 0.378906 0.441406 0.382812 0.437500 0.382812 0.429688 0.375000 0.429688 0.367188 0.421875
4 0.515625 0.417969 0.507812 0.425781 0.503906 0.425781 0.503906 0.437500 0.507812 0.441406 0.507812 0.449219 0.511719 0.449219 0.519531 0.457031 0.519531 0.480469 0.523438 0.480469 0.527344 0.484375 0.539062 0.484375 0.539062 0.476562 0.531250 0.476562 0.527344 0.472656 0.527344 0.449219 0.535156 0.441406 0.539062 0.441406 0.542969 0.437500 0.550781 0.437500 0.550781 0.425781 0.546875 0.425781 0.542969 0.421875 0.531250 0.421875 0.527344 0.417969
4 0.621094 0.402344 0.617188 0.406250 0.617188 0.414062 0.613281 0.417969 0.593750 0.417969 0.589844 0.421875 0.585938 0.421875 0.585938 0.425781 0.582031 0.429688 0.578125 0.429688 0.578125 0.437500 0.574219 0.441406 0.570312 0.441406 0.570312 0.460938 0.585938 0.460938 0.589844 0.464844 0.589844 0.468750 0.593750 0.468750 0.597656 0.472656 0.597656 0.488281 0.593750 0.492188 0.593750 0.511719 0.589844 0.515625 0.550781 0.515625 0.546875 0.511719 0.527344 0.511719 0.523438 0.515625 0.519531 0.515625 0.519531 0.523438 0.531250 0.523438 0.535156 0.527344 0.539062 0.527344 0.546875 0.535156 0.546875 0.546875 0.550781 0.550781 0.550781 0.566406 0.546875 0.570312 0.542969 0.570312 0.542969 0.574219 0.539062 0.578125 0.539062 0.609375 0.542969 0.609375 0.546875 0.613281 0.554688 0.613281 0.558594 0.609375 0.558594 0.597656 0.562500 0.593750 0.566406 0.593750 0.570312 0.589844 0.570312 0.574219 0.574219 0.570312 0.597656 0.570312 0.601562 0.574219 0.601562 0.589844 0.605469 0.589844 0.609375 0.593750 0.628906 0.593750 0.628906 0.570312 0.625000 0.566406 0.625000 0.562500 0.613281 0.562500 0.609375 0.558594 0.609375 0.550781 0.597656 0.550781 0.593750 0.546875 0.593750 0.531250 0.601562 0.523438 0.609375 0.523438 0.609375 0.515625 0.605469 0.511719 0.605469 0.480469 0.609375 0.476562 0.613281 0.476562 0.617188 0.472656 0.628906 0.472656 0.628906 0.468750 0.632812 0.464844 0.648438 0.464844 0.652344 0.468750 0.652344 0.472656 0.660156 0.472656 0.664062 0.468750 0.671875 0.468750 0.671875 0.464844 0.675781 0.460938 0.675781 0.453125 0.664062 0.441406 0.664062 0.433594 0.656250 0.433594 0.648438 0.425781 0.648438 0.421875 0.632812 0.421875 0.628906 0.417969 0.628906 0.402344
4 0.808594 0.343750 0.804688 0.347656 0.789062 0.347656 0.789062 0.367188 0.796875 0.375000 0.796875 0.390625 0.804688 0.390625 0.808594 0.386719 0.812500 0.386719 0.812500 0.359375 0.816406 0.355469 0.816406 0.343750
4 0.164062 0.335938 0.164062 0.347656 0.167969 0.351562 0.167969 0.367188 0.164062 0.371094 0.164062 0.378906 0.183594 0.378906 0.183594 0.371094 0.187500 0.367188 0.191406 0.367188 0.191406 0.359375 0.183594 0.351562 0.179688 0.351562 0.171875 0.343750 0.171875 0.335938
4 0.320312 0.316406 0.316406 0.320312 0.308594 0.320312 0.304688 0.324219 0.304688 0.339844 0.316406 0.339844 0.324219 0.347656 0.324219 0.355469 0.343750 0.355469 0.347656 0.359375 0.351562 0.359375 0.355469 0.363281 0.363281 0.363281 0.363281 0.359375 0.367188 0.355469 0.371094 0.355469 0.375000 0.351562 0.375000 0.347656 0.378906 0.343750 0.378906 0.335938 0.347656 0.335938 0.343750 0.332031 0.332031 0.332031 0.328125 0.328125 0.328125 0.316406
4 0.125000 0.238281 0.125000 0.253906 0.128906 0.257812 0.132812 0.257812 0.136719 0.261719 0.136719 0.281250 0.140625 0.281250 0.144531 0.285156 0.144531 0.304688 0.148438 0.308594 0.148438 0.316406 0.156250 0.316406 0.156250 0.296875 0.152344 0.292969 0.148438 0.292969 0.144531 0.289062 0.144531 0.261719 0.140625 0.257812 0.140625 0.242188 0.136719 0.242188 0.132812 0.238281
4 0.808594 0.187500 0.808594 0.199219 0.816406 0.199219 0.816406 0.187500
4 0.746094 0.187500 0.746094 0.195312 0.750000 0.195312 0.753906 0.199219 0.753906 0.214844 0.750000 0.218750 0.750000 0.230469 0.753906 0.230469 0.757812 0.234375 0.757812 0.246094 0.765625 0.246094 0.769531 0.242188 0.773438 0.242188 0.773438 0.238281 0.777344 0.234375 0.781250 0.234375 0.785156 0.230469 0.792969 0.230469 0.792969 0.222656 0.789062 0.222656 0.785156 0.218750 0.785156 0.214844 0.773438 0.214844 0.769531 0.210938 0.757812 0.210938 0.753906 0.207031 0.753906 0.187500
4 0.656250 0.175781 0.656250 0.191406 0.667969 0.191406 0.671875 0.195312 0.671875 0.210938 0.667969 0.214844 0.664062 0.214844 0.660156 0.218750 0.660156 0.230469 0.656250 0.234375 0.656250 0.242188 0.664062 0.242188 0.667969 0.246094 0.667969 0.253906 0.675781 0.253906 0.675781 0.214844 0.679688 0.210938 0.679688 0.199219 0.675781 0.199219 0.671875 0.195312 0.671875 0.175781
4 0.136719 0.160156 0.136719 0.167969 0.144531 0.167969 0.144531 0.160156
4 0.667969 0.089844 0.667969 0.109375 0.664062 0.113281 0.628906 0.113281 0.628906 0.121094 0.644531 0.121094 0.648438 0.125000 0.664062 0.125000 0.667969 0.128906 0.679688 0.128906 0.679688 0.117188 0.675781 0.113281 0.675781 0.089844
4 0.171875 0.074219 0.171875 0.101562 0.167969 0.105469 0.167969 0.109375 0.164062 0.113281 0.164062 0.125000 0.160156 0.128906 0.160156 0.136719 0.167969 0.136719 0.171875 0.132812 0.179688 0.132812 0.183594 0.128906 0.183594 0.117188 0.179688 0.113281 0.179688 0.109375 0.175781 0.105469 0.175781 0.089844 0.179688 0.085938 0.179688 0.074219
4 0.679688 0.039062 0.679688 0.050781 0.671875 0.058594 0.656250 0.058594 0.656250 0.070312 0.664062 0.070312 0.667969 0.066406 0.683594 0.066406 0.683594 0.062500 0.687500 0.058594 0.687500 0.039062
4 0.191406 0.027344 0.187500 0.031250 0.183594 0.031250 0.183594 0.035156 0.179688 0.039062 0.179688 0.046875 0.187500 0.046875 0.191406 0.042969 0.199219 0.042969 0.199219 0.039062 0.203125 0.035156 0.203125 0.027344
4 0.242188 0.019531 0.242188 0.035156 0.246094 0.035156 0.250000 0.039062 0.308594 0.039062 0.308594 0.035156 0.312500 0.031250 0.320312 0.031250 0.324219 0.027344 0.324219 0.019531 0.285156 0.019531 0.281250 0.023438 0.253906 0.023438 0.250000 0.019531
4 0.343750 0.000000 0.343750 0.011719 0.347656 0.015625 0.355469 0.015625 0.359375 0.011719 0.359375 0.000000
