4 0.046875 0.871094 0.046875 0.875000 0.042969 0.878906 0.042969 0.882812 0.039062 0.886719 0.039062 0.917969 0.035156 0.921875 0.031250 0.921875 0.031250 0.957031 0.039062 0.957031 0.039062 0.945312 0.042969 0.941406 0.050781 0.941406 0.050781 0.898438 0.054688 0.894531 0.054688 0.890625 0.058594 0.886719 0.058594 0.871094
4 0.718750 0.851562 0.718750 0.863281 0.726562 0.863281 0.726562 0.851562
4 0.730469 0.824219 0.730469 0.835938 0.738281 0.835938 0.742188 0.832031 0.742188 0.824219
4 0.082031 0.816406 0.082031 0.820312 0.074219 0.828125 0.074219 0.835938 0.070312 0.839844 0.066406 0.839844 0.066406 0.843750 0.062500 0.847656 0.062500 0.855469 0.070312 0.855469 0.074219 0.851562 0.074219 0.839844 0.078125 0.835938 0.082031 0.835938 0.085938 0.832031 0.089844 0.832031 0.089844 0.816406
4 0.769531 0.722656 0.765625 0.726562 0.757812 0.726562 0.757812 0.730469 0.753906 0.734375 0.753906 0.746094 0.765625 0.746094 0.765625 0.738281 0.769531 0.734375 0.781250 0.734375 0.781250 0.722656
4 0.402344 0.558594 0.402344 0.570312 0.398438 0.574219 0.398438 0.585938 0.394531 0.589844 0.394531 0.609375 0.386719 0.617188 0.386719 0.656250 0.382812 0.660156 0.382812 0.679688 0.378906 0.683594 0.378906 0.691406 0.375000 0.695312 0.375000 0.714844 0.371094 0.718750 0.371094 0.722656 0.367188 0.726562 0.367188 0.757812 0.363281 0.761719 0.363281 0.808594 0.367188 0.812500 0.367188 0.816406 0.371094 0.820312 0.371094 0.835938 0.367188 0.839844 0.363281 0.839844 0.363281 0.867188 0.367188 0.871094 0.367188 0.894531 0.375000 0.902344 0.375000 0.925781 0.371094 0.929688 0.371094 0.945312 0.386719 0.945312 0.386719 0.937500 0.382812 0.933594 0.382812 0.847656 0.386719 0.843750 0.386719 0.835938 0.382812 0.835938 0.378906 0.832031 0.378906 0.789062 0.382812 0.785156 0.382812 0.777344 0.386719 0.773438 0.386719 0.722656 0.390625 0.718750 0.390625 0.699219 0.394531 0.695312 0.394531 0.664062 0.398438 0.660156 0.398438 0.617188 0.402344 0.613281 0.402344 0.589844 0.406250 0.585938 0.406250 0.570312 0.410156 0.566406 0.410156 0.558594
4 0.832031 0.550781 0.828125 0.554688 0.824219 0.554688 0.824219 0.566406 0.812500 0.578125 0.804688 0.578125 0.800781 0.582031 0.800781 0.593750 0.796875 0.597656 0.792969 0.597656 0.789062 0.601562 0.789062 0.617188 0.796875 0.617188 0.804688 0.609375 0.804688 0.605469 0.828125 0.582031 0.828125 0.578125 0.832031 0.574219 0.835938 0.574219 0.835938 0.566406 0.843750 0.558594 0.843750 0.550781
4 0.285156 0.199219 0.285156 0.203125 0.277344 0.210938 0.261719 0.210938 0.253906 0.203125 0.234375 0.203125 0.234375 0.222656 0.265625 0.222656 0.273438 0.230469 0.281250 0.230469 0.285156 0.226562 0.289062 0.226562 0.289062 0.218750 0.292969 0.214844 0.296875 0.214844 0.296875 0.207031 0.292969 0.203125 0.292969 0.199219
4 0.621094 0.183594 0.617188 0.187500 0.617188 0.191406 0.609375 0.199219 0.609375 0.203125 0.601562 0.210938 0.601562 0.214844 0.597656 0.218750 0.593750 0.218750 0.593750 0.222656 0.589844 0.226562 0.589844 0.246094 0.597656 0.246094 0.601562 0.242188 0.601562 0.238281 0.605469 0.234375 0.605469 0.230469 0.609375 0.226562 0.609375 0.222656 0.621094 0.210938 0.621094 0.207031 0.625000 0.203125 0.625000 0.199219 0.628906 0.195312 0.628906 0.183594
4 0.214844 0.183594 0.210938 0.187500 0.207031 0.187500 0.199219 0.195312 0.195312 0.195312 0.191406 0.199219 0.191406 0.207031 0.207031 0.207031 0.214844 0.199219 0.222656 0.199219 0.222656 0.183594
4 0.242188 0.152344 0.242188 0.160156 0.238281 0.164062 0.238281 0.171875 0.250000 0.171875 0.250000 0.167969 0.253906 0.164062 0.253906 0.152344
4 0.312500 0.148438 0.312500 0.160156 0.324219 0.160156 0.328125 0.164062 0.328125 0.167969 0.335938 0.175781 0.335938 0.179688 0.339844 0.183594 0.351562 0.183594 0.351562 0.167969 0.347656 0.167969 0.339844 0.160156 0.324219 0.160156 0.320312 0.156250 0.320312 0.148438
