8 0.25234375 0.30234375 0.16328125 0.21875
8 0.3984375 0.20859375 0.1203125 0.2234375
8 0.6453125 0.25859375 0.1140625 0.1875
8 0.56328125 0.1765625 0.1203125 0.14765625
8 0.8 0.684375 0.1203125 0.21875
8 0.67734375 0.5984375 0.1515625 0.24765625
8 0.45859375 0.62578125 0.12734375 0.16328125
8 0.58125 0.60078125 0.10703125 0.1046875
8 0.27421875 0.73984375 0.203125 0.42421875
8 0.64453125 0.8890625 0.1234375 0.221875
8 0.45859375 0.325 0.0890625 0.1828125
8 0.465625 0.48359375 0.0828125 0.0984375
8 0.69609375 0.46015625 0.0734375 0.0828125
8 0.77578125 0.53984375 0.09140625 0.09609375