6 0.1453125 0.37421875 0.28984375 0.48671875
6 0.71796875 0.6015625 0.1046875 0.08046875
6 0.565625 0.40625 0.13359375 0.25
6 0.56328125 0.7609375 0.15859375 0.2390625
6 0.47578125 0.69765625 0.19453125 0.36171875
6 0.359375 0.45078125 0.22109375 0.5578125
6 0.6671875 0.7453125 0.078125 0.11796875
6 0.484375 0.49765625 0.1046875 0.09609375
6 0.64765625 0.3 0.13203125 0.15625
6 0.5359375 0.2421875 0.1296875 0.10703125
6 0.53125 0.090625 0.109375 0.18046875
6 0.73203125 0.4171875 0.18046875 0.12265625
6 0.17109375 0.0734375 0.10078125 0.078125