5 0.1609375 0.83046875 0.12421875 0.28125
5 0.253125 0.2453125 0.11171875 0.09921875
5 0.37578125 0.32578125 0.09375 0.16875
5 0.921875 0.76796875 0.11640625 0.31171875
5 0.184375 0.44609375 0.12734375 0.10703125
5 0.15625 0.25859375 0.0703125 0.14296875
5 0.36171875 0.4453125 0.13359375 0.09140625
5 0.29453125 0.5859375 0.15078125 0.13359375
5 0.76796875 0.29921875 0.15078125 0.13828125
5 0.8328125 0.4109375 0.1484375 0.13828125
5 0.59921875 0.5984375 0.12734375 0.30390625
5 0.675 0.61640625 0.1875 0.26015625