8 0.2578125 0.30234375 0.1046875 0.0984375
8 0.34453125 0.21171875 0.1296875 0.1875
8 0.32265625 0.5234375 0.21875 0.1671875
8 0.65859375 0.75078125 0.10390625 0.1875
8 0.72578125 0.60703125 0.10390625 0.0703125
8 0.534375 0.61796875 0.13828125 0.07578125
8 0.4375 0.815625 0.1203125 0.10234375
8 0.54375 0.890625 0.11796875 0.1515625
8 0.10390625 0.675 0.1765625 0.11796875
8 0.64140625 0.92734375 0.10703125 0.13203125
8 0.28671875 0.40546875 0.125 0.10078125
8 0.06484375 0.4890625 0.1296875 0.13046875
8 0.73359375 0.54375 0.13203125 0.04921875
8 0.48125 0.50703125 0.09375 0.1203125
8 0.440625 0.3234375 0.10234375 0.08046875
8 0.42734375 0.22734375 0.11796875 0.10859375
8 0.72109375 0.33125 0.08515625 0.11171875
8 0.56015625 0.21796875 0.08046875 0.0984375
8 0.46640625 0.40625 0.08515625 0.10234375
8 0.5421875 0.403125 0.05703125 0.0984375
8 0.32734375 0.78984375 0.046875 0.096875