6 0.33125 0.1515625 0.14921875 0.203125
6 0.56796875 0.0859375 0.11796875 0.171875
6 0.81484375 0.45546875 0.0828125 0.22578125
6 0.79375 0.18984375 0.25234375 0.3796875
6 0.58515625 0.609375 0.125 0.21171875
6 0.45078125 0.51640625 0.17890625 0.3703125
6 0.4375 0.809375 0.1515625 0.19453125
6 0.53203125 0.71328125 0.0671875 0.17890625
6 0.26015625 0.5859375 0.13359375 0.16484375
6 0.87578125 0.43203125 0.06484375 0.21640625
6 0.76875 0.7921875 0.04453125 0.24765625
6 0.25546875 0.85859375 0.17890625 0.27421875