8 0.39765625 0.35390625 0.125 0.12265625
8 0.121875 0.378125 0.13203125 0.12265625
8 0.36484375 0.5265625 0.125 0.16484375
8 0.10625 0.70546875 0.08671875 0.13828125
8 0.078125 0.58046875 0.1296875 0.14765625
8 0.21640625 0.74765625 0.121875 0.1921875
8 0.36953125 0.70859375 0.1359375 0.16953125
8 0.409375 0.88828125 0.1296875 0.1921875
8 0.88359375 0.44609375 0.08828125 0.17734375
8 0.91484375 0.22734375 0.08046875 0.1828125
8 0.78671875 0.11484375 0.08671875 0.1609375
8 0.64921875 0.2421875 0.16640625 0.31484375
8 0.10390625 0.18984375 0.11796875 0.14765625
8 0.17890625 0.10390625 0.09921875 0.1875
8 0.24296875 0.18671875 0.0984375 0.11171875
8 0.4953125 0.72734375 0.0984375 0.14296875