8 0.04609375 0.62265625 0.09140625 0.08046875
8 0.43515625 0.8703125 0.0359375 0.0890625
8 0.5984375 0.90859375 0.0671875 0.13359375
8 0.36484375 0.809375 0.08046875 0.10703125
8 0.89296875 0.77421875 0.08046875 0.0578125
8 0.30703125 0.703125 0.0734375 0.11171875
8 0.67734375 0.81953125 0.06015625 0.14765625
8 0.77109375 0.778125 0.05390625 0.1453125
8 0.35390625 0.37734375 0.03828125 0.08359375
8 0.40390625 0.38046875 0.04921875 0.0828125
8 0.46640625 0.40390625 0.04765625 0.07109375
8 0.52421875 0.434375 0.05703125 0.0671875
8 0.46171875 0.640625 0.04765625 0.1375
8 0.52265625 0.71328125 0.07890625 0.0734375
8 0.60078125 0.48515625 0.09375 0.078125
8 0.48203125 0.40390625 0.3171875 0.375
8 0.09453125 0.59296875 0.1890625 0.2609375