8 0.54453125 0.84140625 0.10234375 0.0625
8 0.1984375 0.684375 0.16953125 0.15625
8 0.65546875 0.88828125 0.10703125 0.08046875
8 0.42890625 0.83125 0.0421875 0.08671875
8 0.20390625 0.859375 0.0671875 0.1046875
8 0.2921875 0.75859375 0.03984375 0.078125
8 0.215625 0.77109375 0.06015625 0.0984375
8 0.2578125 0.85859375 0.05546875 0.109375
8 0.2703125 0.59140625 0.11796875 0.12734375
8 0.24140625 0.43203125 0.0984375 0.0671875
8 0.29921875 0.31953125 0.08046875 0.140625
8 0.20859375 0.30703125 0.10234375 0.1140625
8 0.378125 0.5359375 0.07109375 0.0734375
8 0.48515625 0.57109375 0.0734375 0.078125
8 0.3984375 0.628125 0.0578125 0.125
8 0.49921875 0.39140625 0.046875 0.0828125
8 0.45390625 0.39765625 0.0421875 0.06015625
8 0.45625 0.346875 0.0625 0.09375
8 0.609375 0.41328125 0.06015625 0.1296875
8 0.68671875 0.39765625 0.07578125 0.12734375
8 0.7546875 0.4109375 0.10078125 0.08671875
8 0.8171875 0.6515625 0.07578125 0.15390625
8 0.6375 0.73125 0.11796875 0.109375
8 0.659375 0.56953125 0.09375 0.0984375
8 0.75234375 0.52578125 0.09140625 0.14765625
8 0.53203125 0.48515625 0.0671875 0.05546875
8 0.7 0.82734375 0.0578125 0.06484375