6 0.36953125 0.7875 0.2234375 0.425
6 0.12734375 0.45546875 0.2546875 0.21640625
6 0.4421875 0.62421875 0.140625 0.13203125
6 0.721875 0.42109375 0.296875 0.2703125
6 0.55234375 0.17421875 0.28984375 0.34609375
6 0.8578125 0.78828125 0.284375 0.3046875
6 0.56953125 0.81015625 0.17890625 0.33671875
6 0.65546875 0.7078125 0.0734375 0.09140625
6 0.6671875 0.575 0.07109375 0.10234375
6 0.5265625 0.4109375 0.1296875 0.16484375
6 0.3796875 0.125 0.1875 0.2453125
6 0.45390625 0.4140625 0.04453125 0.0671875
6 0.32109375 0.44296875 0.0734375 0.0578125