6 0.74765625 0.2859375 0.13828125 0.28984375
6 0.3640625 0.15546875 0.19609375 0.23671875
6 0.34921875 0.440625 0.15390625 0.41484375
6 0.22890625 0.41171875 0.1515625 0.24765625
6 0.428125 0.86328125 0.225 0.2734375
6 0.16171875 0.765625 0.15390625 0.26796875
6 0.5890625 0.38984375 0.19609375 0.47734375
6 0.52109375 0.84296875 0.08046875 0.11640625
6 0.91640625 0.29765625 0.1671875 0.375
6 0.703125 0.60859375 0.15625 0.171875
6 0.61640625 0.721875 0.1828125 0.2390625
6 0.30703125 0.71875 0.11171875 0.11640625
6 0.0515625 0.3859375 0.10234375 0.48671875
6 0.1640625 0.53359375 0.1140625 0.2265625
6 0.0515625 0.77421875 0.10234375 0.25546875