5 0.52109375 0.09921875 0.20546875 0.1984375
1 0.51640625 0.82109375 0.08515625 0.20625
5 0.109375 0.78046875 0.20859375 0.26796875
5 0.14765625 0.53828125 0.15078125 0.2546875
5 0.30390625 0.19453125 0.16953125 0.2546875
5 0.78671875 0.25234375 0.328125 0.2375
1 0.70859375 0.14921875 0.10234375 0.09375
5 0.8703125 0.7921875 0.17421875 0.1296875
5 0.6796875 0.72578125 0.18984375 0.20078125
1 0.51875 0.58671875 0.09375 0.246875
5 0.32734375 0.565625 0.11796875 0.27421875
5 0.246875 0.315625 0.15390625 0.27421875
5 0.44453125 0.38203125 0.253125 0.22734375
5 0.70390625 0.54765625 0.26796875 0.23203125