8 0.596875 0.65859375 0.10703125 0.08671875
8 0.51640625 0.81796875 0.10078125 0.10234375
8 0.64140625 0.73125 0.09609375 0.04921875
8 0.78125 0.734375 0.1359375 0.06953125
8 0.86171875 0.48984375 0.08515625 0.0828125
8 0.78671875 0.409375 0.1203125 0.09609375
8 0.08046875 0.54453125 0.140625 0.08671875
8 0.16328125 0.565625 0.10703125 0.05390625
8 0.36796875 0.61796875 0.1296875 0.0671875
8 0.45234375 0.59296875 0.109375 0.07109375
8 0.546875 0.50703125 0.1203125 0.0671875
8 0.7296875 0.85625 0.0984375 0.0421875
8 0.5109375 0.71328125 0.0625 0.0359375
8 0.78203125 0.4765625 0.07578125 0.04921875
8 0.62265625 0.49140625 0.55546875 0.22734375