8 0.48671875 0.425 0.10703125 0.15625
8 0.653125 0.47734375 0.1046875 0.03984375
8 0.50078125 0.25859375 0.078125 0.0515625
8 0.56796875 0.30546875 0.08515625 0.0421875
8 0.4609375 0.27421875 0.0625 0.0828125
8 0.34921875 0.33359375 0.078125 0.06953125
8 0.39375 0.42734375 0.08046875 0.14765625
8 0.5828125 0.1359375 0.09375 0.109375
8 0.62265625 0.203125 0.07578125 0.02890625
8 0.59453125 0.40625 0.12734375 0.04453125
8 0.6515625 0.37421875 0.09609375 0.0421875
8 0.6171875 0.55390625 0.140625 0.08671875
8 0.73984375 0.34296875 0.0578125 0.0515625
8 0.76484375 0.50078125 0.0890625 0.08671875
8 0.79140625 0.41328125 0.125 0.05390625
8 0.68046875 0.45078125 0.05390625 0.02890625
8 0.7421875 0.44609375 0.04921875 0.02421875
8 0.89296875 0.49296875 0.08046875 0.04453125
8 0.81796875 0.565625 0.09609375 0.1875
8 0.73671875 0.64140625 0.15859375 0.19609375
8 0.84921875 0.66953125 0.1875 0.171875
8 0.765625 0.5390625 0.0578125 0.03359375
8 0.77109375 0.29453125 0.08046875 0.0984375