0 0.36171875 0.1875 0.2921875 0.1828125
0 0.753125 0.28046875 0.2859375 0.171875
0 0.83515625 0.13984375 0.25703125 0.1765625
0 0.89609375 0.50546875 0.171875 0.4375
0 0.72421875 0.6453125 0.1609375 0.40859375
0 0.54453125 0.51328125 0.1828125 0.42421875
0 0.1484375 0.10625 0.28984375 0.203125
0 0.10859375 0.39609375 0.11796875 0.359375
0 0.07578125 0.73515625 0.0828125 0.2921875
0 0.1828125 0.7609375 0.13828125 0.33671875
0 0.38515625 0.6953125 0.1984375 0.53828125
0 0.62421875 0.9171875 0.25 0.1359375
0 0.41328125 0.41875 0.0890625 0.2859375
0 0.31171875 0.375 0.0828125 0.12734375
0 0.5859375 0.1328125 0.25703125 0.265625
0 0.8625 0.8671875 0.2296875 0.16953125
0 0.8234375 0.7546875 0.0890625 0.10703125
0 0.2390625 0.53671875 0.20078125 0.46640625
0 0.62265625 0.7546875 0.13203125 0.1203125