4 0.5671875 0.31328125 0.21875 0.234375
4 0.57890625 0.6140625 0.2703125 0.28359375
4 0.36171875 0.628125 0.25859375 0.2703125
4 0.26015625 0.78125 0.16953125 0.1515625
4 0.3015625 0.28828125 0.2078125 0.171875
4 0.70078125 0.89140625 0.18046875 0.13828125
4 0.3546875 0.8625 0.0984375 0.1453125
4 0.403125 0.80703125 0.0828125 0.140625
4 0.06484375 0.76640625 0.07578125 0.12734375
4 0.92421875 0.175 0.1515625 0.1671875
4 0.7765625 0.5046875 0.1515625 0.1609375
4 0.82109375 0.78203125 0.15859375 0.15625