3 0.394531 0.898438 0.390625 0.902344 0.390625 0.921875 0.386719 0.925781 0.375000 0.925781 0.375000 0.929688 0.371094 0.933594 0.371094 0.953125 0.394531 0.953125 0.398438 0.957031 0.398438 0.968750 0.406250 0.968750 0.406250 0.906250 0.402344 0.902344 0.402344 0.898438
3 0.386719 0.820312 0.386719 0.835938 0.390625 0.839844 0.390625 0.863281 0.394531 0.867188 0.394531 0.871094 0.402344 0.871094 0.402344 0.851562 0.398438 0.847656 0.398438 0.835938 0.394531 0.832031 0.394531 0.820312
3 0.320312 0.773438 0.320312 0.777344 0.316406 0.781250 0.312500 0.781250 0.312500 0.789062 0.335938 0.789062 0.339844 0.792969 0.351562 0.792969 0.355469 0.796875 0.363281 0.796875 0.363281 0.785156 0.343750 0.785156 0.339844 0.781250 0.339844 0.773438
3 0.566406 0.660156 0.558594 0.667969 0.539062 0.667969 0.535156 0.671875 0.531250 0.671875 0.527344 0.675781 0.503906 0.675781 0.500000 0.679688 0.500000 0.687500 0.527344 0.687500 0.531250 0.683594 0.550781 0.683594 0.554688 0.679688 0.570312 0.679688 0.574219 0.675781 0.593750 0.675781 0.597656 0.671875 0.617188 0.671875 0.621094 0.667969 0.625000 0.667969 0.625000 0.660156 0.617188 0.660156 0.613281 0.664062 0.589844 0.664062 0.585938 0.660156
3 0.148438 0.632812 0.148438 0.640625 0.144531 0.644531 0.136719 0.644531 0.132812 0.648438 0.132812 0.667969 0.148438 0.667969 0.152344 0.671875 0.160156 0.671875 0.164062 0.675781 0.171875 0.675781 0.175781 0.679688 0.183594 0.679688 0.187500 0.683594 0.187500 0.687500 0.191406 0.691406 0.210938 0.691406 0.214844 0.695312 0.242188 0.695312 0.250000 0.703125 0.250000 0.710938 0.253906 0.714844 0.253906 0.722656 0.257812 0.722656 0.261719 0.726562 0.281250 0.726562 0.285156 0.730469 0.320312 0.730469 0.324219 0.726562 0.328125 0.726562 0.328125 0.718750 0.316406 0.718750 0.312500 0.714844 0.304688 0.714844 0.300781 0.710938 0.292969 0.710938 0.289062 0.707031 0.289062 0.699219 0.285156 0.699219 0.281250 0.695312 0.277344 0.695312 0.273438 0.691406 0.273438 0.683594 0.253906 0.683594 0.250000 0.679688 0.250000 0.675781 0.238281 0.675781 0.234375 0.671875 0.226562 0.671875 0.222656 0.667969 0.210938 0.667969 0.207031 0.664062 0.199219 0.664062 0.195312 0.660156 0.187500 0.660156 0.183594 0.656250 0.179688 0.656250 0.175781 0.652344 0.175781 0.648438 0.167969 0.640625 0.167969 0.632812
3 0.304688 0.609375 0.300781 0.613281 0.296875 0.613281 0.296875 0.621094 0.300781 0.625000 0.300781 0.632812 0.328125 0.632812 0.332031 0.636719 0.332031 0.656250 0.367188 0.656250 0.371094 0.652344 0.375000 0.652344 0.375000 0.644531 0.367188 0.644531 0.363281 0.640625 0.363281 0.636719 0.339844 0.636719 0.335938 0.632812 0.335938 0.625000 0.332031 0.621094 0.332031 0.609375
3 0.453125 0.582031 0.453125 0.589844 0.449219 0.593750 0.445312 0.593750 0.445312 0.601562 0.441406 0.605469 0.437500 0.605469 0.437500 0.613281 0.433594 0.617188 0.425781 0.617188 0.425781 0.675781 0.410156 0.691406 0.410156 0.722656 0.406250 0.726562 0.394531 0.726562 0.394531 0.734375 0.398438 0.738281 0.398438 0.761719 0.406250 0.761719 0.406250 0.746094 0.414062 0.738281 0.414062 0.722656 0.429688 0.707031 0.433594 0.707031 0.433594 0.660156 0.437500 0.656250 0.437500 0.632812 0.441406 0.628906 0.449219 0.628906 0.453125 0.625000 0.453125 0.617188 0.457031 0.613281 0.457031 0.609375 0.464844 0.601562 0.464844 0.589844 0.460938 0.585938 0.460938 0.582031
3 0.398438 0.550781 0.398438 0.558594 0.406250 0.558594 0.406250 0.550781
3 0.195312 0.539062 0.187500 0.546875 0.187500 0.562500 0.183594 0.566406 0.183594 0.574219 0.187500 0.574219 0.191406 0.578125 0.195312 0.578125 0.203125 0.585938 0.207031 0.585938 0.210938 0.589844 0.214844 0.589844 0.218750 0.593750 0.226562 0.593750 0.230469 0.597656 0.242188 0.597656 0.242188 0.582031 0.246094 0.578125 0.277344 0.578125 0.281250 0.574219 0.308594 0.574219 0.312500 0.578125 0.320312 0.578125 0.320312 0.574219 0.324219 0.570312 0.328125 0.570312 0.328125 0.558594 0.265625 0.558594 0.261719 0.554688 0.250000 0.554688 0.246094 0.550781 0.222656 0.550781 0.218750 0.546875 0.210938 0.546875 0.203125 0.539062
3 0.703125 0.535156 0.699219 0.539062 0.695312 0.539062 0.695312 0.554688 0.687500 0.562500 0.675781 0.562500 0.671875 0.566406 0.644531 0.566406 0.636719 0.558594 0.617188 0.558594 0.613281 0.554688 0.613281 0.550781 0.609375 0.546875 0.597656 0.546875 0.593750 0.542969 0.578125 0.542969 0.574219 0.539062 0.566406 0.539062 0.562500 0.542969 0.558594 0.542969 0.558594 0.554688 0.570312 0.554688 0.574219 0.558594 0.574219 0.562500 0.578125 0.566406 0.578125 0.570312 0.585938 0.570312 0.589844 0.574219 0.589844 0.589844 0.585938 0.593750 0.554688 0.593750 0.550781 0.597656 0.546875 0.597656 0.542969 0.601562 0.523438 0.601562 0.519531 0.605469 0.515625 0.605469 0.511719 0.609375 0.511719 0.617188 0.527344 0.617188 0.531250 0.613281 0.570312 0.613281 0.578125 0.605469 0.609375 0.605469 0.613281 0.609375 0.640625 0.609375 0.644531 0.605469 0.656250 0.605469 0.656250 0.597656 0.660156 0.593750 0.675781 0.593750 0.679688 0.597656 0.699219 0.597656 0.699219 0.593750 0.703125 0.589844 0.726562 0.589844 0.726562 0.578125 0.730469 0.574219 0.746094 0.574219 0.746094 0.558594 0.730469 0.558594 0.726562 0.554688 0.726562 0.535156
3 0.789062 0.519531 0.789062 0.531250 0.792969 0.535156 0.792969 0.554688 0.785156 0.562500 0.781250 0.562500 0.781250 0.574219 0.777344 0.578125 0.777344 0.582031 0.769531 0.589844 0.750000 0.589844 0.750000 0.621094 0.746094 0.625000 0.738281 0.625000 0.734375 0.628906 0.718750 0.628906 0.714844 0.632812 0.707031 0.632812 0.707031 0.640625 0.742188 0.640625 0.746094 0.636719 0.761719 0.636719 0.765625 0.640625 0.765625 0.644531 0.769531 0.648438 0.777344 0.648438 0.781250 0.644531 0.804688 0.644531 0.808594 0.640625 0.820312 0.640625 0.824219 0.636719 0.832031 0.636719 0.835938 0.632812 0.835938 0.625000 0.824219 0.625000 0.820312 0.628906 0.796875 0.628906 0.792969 0.625000 0.777344 0.625000 0.773438 0.621094 0.773438 0.601562 0.777344 0.597656 0.781250 0.597656 0.781250 0.589844 0.785156 0.585938 0.800781 0.585938 0.808594 0.578125 0.816406 0.578125 0.820312 0.574219 0.824219 0.574219 0.828125 0.570312 0.832031 0.570312 0.832031 0.566406 0.835938 0.562500 0.839844 0.562500 0.839844 0.554688 0.843750 0.550781 0.863281 0.550781 0.867188 0.546875 0.867188 0.539062 0.824219 0.539062 0.820312 0.535156 0.820312 0.531250 0.812500 0.531250 0.808594 0.527344 0.800781 0.527344 0.796875 0.523438 0.796875 0.519531
3 0.191406 0.449219 0.191406 0.464844 0.187500 0.468750 0.160156 0.468750 0.160156 0.476562 0.183594 0.476562 0.187500 0.480469 0.195312 0.480469 0.199219 0.484375 0.207031 0.484375 0.210938 0.488281 0.218750 0.488281 0.226562 0.496094 0.234375 0.496094 0.234375 0.484375 0.226562 0.476562 0.218750 0.476562 0.214844 0.472656 0.214844 0.464844 0.207031 0.464844 0.203125 0.460938 0.203125 0.449219
3 0.250000 0.441406 0.246094 0.445312 0.242188 0.445312 0.242188 0.453125 0.246094 0.453125 0.250000 0.457031 0.261719 0.457031 0.265625 0.460938 0.265625 0.476562 0.269531 0.480469 0.281250 0.480469 0.285156 0.484375 0.300781 0.484375 0.304688 0.488281 0.324219 0.488281 0.324219 0.480469 0.320312 0.480469 0.316406 0.476562 0.312500 0.476562 0.308594 0.472656 0.308594 0.441406
3 0.457031 0.410156 0.457031 0.414062 0.453125 0.417969 0.437500 0.417969 0.437500 0.421875 0.433594 0.425781 0.429688 0.425781 0.429688 0.449219 0.425781 0.453125 0.398438 0.453125 0.398438 0.464844 0.394531 0.468750 0.371094 0.468750 0.371094 0.472656 0.367188 0.476562 0.363281 0.476562 0.359375 0.480469 0.355469 0.480469 0.355469 0.488281 0.371094 0.488281 0.375000 0.484375 0.378906 0.484375 0.378906 0.472656 0.382812 0.468750 0.398438 0.468750 0.402344 0.472656 0.402344 0.476562 0.417969 0.476562 0.417969 0.472656 0.421875 0.468750 0.433594 0.468750 0.433594 0.457031 0.429688 0.453125 0.429688 0.437500 0.433594 0.433594 0.457031 0.433594 0.457031 0.421875 0.460938 0.417969 0.468750 0.417969 0.468750 0.410156
3 0.601562 0.386719 0.601562 0.406250 0.597656 0.410156 0.593750 0.410156 0.589844 0.414062 0.589844 0.429688 0.585938 0.433594 0.582031 0.433594 0.582031 0.457031 0.578125 0.460938 0.562500 0.460938 0.562500 0.472656 0.578125 0.472656 0.582031 0.476562 0.582031 0.492188 0.605469 0.492188 0.609375 0.488281 0.632812 0.488281 0.636719 0.492188 0.636719 0.500000 0.640625 0.500000 0.644531 0.503906 0.652344 0.503906 0.656250 0.507812 0.656250 0.523438 0.679688 0.523438 0.679688 0.519531 0.691406 0.507812 0.699219 0.507812 0.699219 0.500000 0.703125 0.496094 0.722656 0.496094 0.722656 0.488281 0.726562 0.484375 0.730469 0.484375 0.730469 0.476562 0.734375 0.472656 0.781250 0.472656 0.781250 0.468750 0.785156 0.464844 0.785156 0.460938 0.789062 0.457031 0.808594 0.457031 0.808594 0.449219 0.812500 0.445312 0.816406 0.445312 0.816406 0.437500 0.808594 0.437500 0.804688 0.441406 0.792969 0.441406 0.789062 0.445312 0.773438 0.445312 0.769531 0.441406 0.769531 0.433594 0.761719 0.433594 0.757812 0.437500 0.718750 0.437500 0.718750 0.468750 0.714844 0.472656 0.707031 0.472656 0.707031 0.480469 0.703125 0.484375 0.687500 0.484375 0.683594 0.480469 0.683594 0.468750 0.679688 0.464844 0.679688 0.460938 0.671875 0.460938 0.667969 0.457031 0.667969 0.449219 0.660156 0.449219 0.656250 0.445312 0.648438 0.445312 0.644531 0.449219 0.628906 0.449219 0.628906 0.453125 0.625000 0.457031 0.617188 0.457031 0.617188 0.464844 0.613281 0.468750 0.613281 0.476562 0.609375 0.480469 0.589844 0.480469 0.585938 0.476562 0.585938 0.445312 0.589844 0.441406 0.605469 0.441406 0.605469 0.421875 0.621094 0.406250 0.644531 0.406250 0.644531 0.394531 0.613281 0.394531 0.609375 0.390625 0.609375 0.386719
3 0.738281 0.378906 0.738281 0.386719 0.742188 0.390625 0.746094 0.390625 0.753906 0.398438 0.753906 0.402344 0.757812 0.406250 0.777344 0.406250 0.777344 0.394531 0.761719 0.394531 0.757812 0.390625 0.757812 0.382812 0.750000 0.382812 0.746094 0.378906
3 0.660156 0.371094 0.660156 0.386719 0.679688 0.386719 0.679688 0.378906 0.675781 0.375000 0.675781 0.371094
3 0.812500 0.339844 0.808594 0.343750 0.808594 0.351562 0.812500 0.355469 0.812500 0.371094 0.808594 0.375000 0.804688 0.375000 0.800781 0.378906 0.789062 0.378906 0.789062 0.390625 0.800781 0.390625 0.804688 0.394531 0.804688 0.402344 0.812500 0.402344 0.812500 0.386719 0.820312 0.378906 0.828125 0.378906 0.832031 0.375000 0.832031 0.359375 0.824219 0.351562 0.824219 0.339844
3 0.320312 0.281250 0.312500 0.289062 0.312500 0.304688 0.308594 0.308594 0.292969 0.308594 0.292969 0.316406 0.296875 0.316406 0.300781 0.320312 0.320312 0.320312 0.324219 0.324219 0.324219 0.339844 0.320312 0.343750 0.253906 0.343750 0.250000 0.347656 0.246094 0.347656 0.242188 0.351562 0.242188 0.363281 0.332031 0.363281 0.332031 0.359375 0.335938 0.355469 0.386719 0.355469 0.390625 0.359375 0.390625 0.363281 0.414062 0.363281 0.417969 0.367188 0.417969 0.394531 0.425781 0.394531 0.429688 0.390625 0.441406 0.390625 0.441406 0.382812 0.445312 0.378906 0.460938 0.378906 0.464844 0.382812 0.488281 0.382812 0.488281 0.375000 0.472656 0.375000 0.468750 0.371094 0.468750 0.363281 0.464844 0.359375 0.464844 0.343750 0.457031 0.343750 0.453125 0.339844 0.449219 0.339844 0.445312 0.335938 0.429688 0.335938 0.425781 0.332031 0.425781 0.316406 0.421875 0.312500 0.410156 0.312500 0.406250 0.308594 0.394531 0.308594 0.386719 0.300781 0.386719 0.296875 0.382812 0.296875 0.378906 0.292969 0.378906 0.289062 0.371094 0.281250
3 0.574219 0.117188 0.574219 0.125000 0.570312 0.128906 0.570312 0.148438 0.566406 0.152344 0.566406 0.156250 0.562500 0.160156 0.562500 0.167969 0.554688 0.175781 0.554688 0.218750 0.550781 0.222656 0.550781 0.226562 0.546875 0.230469 0.546875 0.265625 0.542969 0.269531 0.539062 0.269531 0.539062 0.289062 0.535156 0.292969 0.535156 0.296875 0.531250 0.300781 0.531250 0.320312 0.527344 0.324219 0.527344 0.328125 0.523438 0.332031 0.523438 0.351562 0.519531 0.355469 0.519531 0.375000 0.507812 0.386719 0.503906 0.386719 0.503906 0.406250 0.511719 0.414062 0.511719 0.429688 0.507812 0.433594 0.488281 0.433594 0.488281 0.460938 0.484375 0.464844 0.484375 0.476562 0.488281 0.480469 0.488281 0.500000 0.484375 0.503906 0.460938 0.503906 0.460938 0.515625 0.464844 0.519531 0.464844 0.523438 0.468750 0.527344 0.472656 0.527344 0.476562 0.531250 0.484375 0.531250 0.488281 0.527344 0.492188 0.527344 0.496094 0.523438 0.496094 0.519531 0.500000 0.515625 0.500000 0.480469 0.507812 0.472656 0.507812 0.468750 0.515625 0.460938 0.519531 0.460938 0.519531 0.429688 0.523438 0.425781 0.523438 0.421875 0.531250 0.414062 0.531250 0.375000 0.535156 0.371094 0.535156 0.351562 0.539062 0.347656 0.539062 0.335938 0.542969 0.332031 0.542969 0.308594 0.546875 0.304688 0.546875 0.300781 0.550781 0.296875 0.550781 0.285156 0.554688 0.281250 0.554688 0.261719 0.558594 0.257812 0.558594 0.246094 0.562500 0.242188 0.562500 0.226562 0.566406 0.222656 0.566406 0.214844 0.570312 0.210938 0.570312 0.207031 0.574219 0.203125 0.578125 0.203125 0.578125 0.195312 0.574219 0.191406 0.574219 0.171875 0.578125 0.167969 0.578125 0.152344 0.582031 0.148438 0.582031 0.144531 0.585938 0.140625 0.585938 0.117188
3 0.574219 0.074219 0.570312 0.078125 0.566406 0.078125 0.566406 0.085938 0.570312 0.089844 0.582031 0.089844 0.585938 0.085938 0.593750 0.085938 0.593750 0.078125 0.585938 0.078125 0.582031 0.074219
3 0.558594 0.042969 0.558594 0.050781 0.566406 0.050781 0.566406 0.042969
