3 0.769531 0.781250 0.761719 0.789062 0.746094 0.789062 0.746094 0.796875 0.750000 0.800781 0.753906 0.800781 0.761719 0.808594 0.765625 0.808594 0.781250 0.824219 0.781250 0.835938 0.789062 0.835938 0.789062 0.820312 0.792969 0.816406 0.820312 0.816406 0.820312 0.808594 0.816406 0.804688 0.816406 0.796875 0.808594 0.796875 0.804688 0.792969 0.796875 0.792969 0.792969 0.789062 0.785156 0.789062 0.777344 0.781250
3 0.847656 0.761719 0.843750 0.765625 0.828125 0.765625 0.828125 0.781250 0.843750 0.781250 0.847656 0.777344 0.851562 0.777344 0.855469 0.773438 0.863281 0.773438 0.863281 0.765625 0.859375 0.765625 0.855469 0.761719
3 0.640625 0.746094 0.640625 0.753906 0.648438 0.753906 0.648438 0.746094
3 0.597656 0.722656 0.597656 0.730469 0.601562 0.734375 0.617188 0.734375 0.621094 0.730469 0.621094 0.722656
3 0.902344 0.644531 0.902344 0.652344 0.906250 0.652344 0.910156 0.656250 0.910156 0.671875 0.906250 0.675781 0.906250 0.679688 0.898438 0.687500 0.871094 0.687500 0.871094 0.703125 0.867188 0.707031 0.855469 0.707031 0.855469 0.718750 0.863281 0.718750 0.867188 0.714844 0.890625 0.714844 0.898438 0.707031 0.914062 0.707031 0.917969 0.710938 0.917969 0.726562 0.914062 0.730469 0.914062 0.738281 0.910156 0.742188 0.906250 0.742188 0.906250 0.750000 0.902344 0.753906 0.886719 0.753906 0.886719 0.761719 0.890625 0.761719 0.894531 0.765625 0.902344 0.765625 0.902344 0.753906 0.906250 0.750000 0.917969 0.750000 0.921875 0.746094 0.925781 0.746094 0.925781 0.742188 0.941406 0.726562 0.941406 0.718750 0.945312 0.714844 0.945312 0.707031 0.941406 0.707031 0.937500 0.703125 0.937500 0.699219 0.933594 0.695312 0.933594 0.679688 0.937500 0.675781 0.941406 0.675781 0.945312 0.671875 0.945312 0.664062 0.933594 0.664062 0.929688 0.660156 0.925781 0.660156 0.921875 0.656250 0.914062 0.656250 0.910156 0.652344 0.910156 0.644531
3 0.597656 0.628906 0.597656 0.640625 0.601562 0.644531 0.601562 0.648438 0.605469 0.652344 0.605469 0.675781 0.613281 0.675781 0.613281 0.664062 0.621094 0.656250 0.625000 0.656250 0.625000 0.648438 0.613281 0.648438 0.609375 0.644531 0.609375 0.632812 0.605469 0.628906
3 0.503906 0.628906 0.503906 0.636719 0.507812 0.636719 0.511719 0.640625 0.511719 0.648438 0.515625 0.648438 0.519531 0.652344 0.523438 0.652344 0.527344 0.656250 0.527344 0.671875 0.539062 0.671875 0.542969 0.675781 0.542969 0.695312 0.554688 0.695312 0.562500 0.703125 0.562500 0.707031 0.570312 0.707031 0.570312 0.695312 0.574219 0.691406 0.574219 0.683594 0.578125 0.679688 0.578125 0.671875 0.550781 0.671875 0.546875 0.667969 0.546875 0.640625 0.542969 0.636719 0.542969 0.632812 0.535156 0.632812 0.535156 0.636719 0.531250 0.640625 0.515625 0.640625 0.511719 0.636719 0.511719 0.628906
3 0.437500 0.625000 0.437500 0.632812 0.445312 0.632812 0.445312 0.625000
3 0.886719 0.578125 0.882812 0.582031 0.875000 0.582031 0.871094 0.585938 0.851562 0.585938 0.851562 0.593750 0.855469 0.593750 0.859375 0.597656 0.859375 0.632812 0.855469 0.636719 0.855469 0.664062 0.851562 0.667969 0.847656 0.667969 0.847656 0.683594 0.863281 0.683594 0.863281 0.656250 0.871094 0.648438 0.871094 0.625000 0.875000 0.621094 0.875000 0.617188 0.878906 0.613281 0.878906 0.597656 0.886719 0.589844 0.894531 0.589844 0.894531 0.578125
3 0.382812 0.554688 0.382812 0.562500 0.390625 0.562500 0.390625 0.554688
3 0.671875 0.546875 0.671875 0.554688 0.679688 0.562500 0.687500 0.562500 0.687500 0.554688 0.679688 0.546875
3 0.730469 0.488281 0.726562 0.492188 0.718750 0.492188 0.718750 0.503906 0.722656 0.507812 0.734375 0.507812 0.738281 0.511719 0.738281 0.519531 0.742188 0.523438 0.742188 0.542969 0.757812 0.542969 0.761719 0.539062 0.761719 0.531250 0.765625 0.527344 0.781250 0.527344 0.781250 0.515625 0.785156 0.511719 0.800781 0.511719 0.800781 0.503906 0.796875 0.500000 0.781250 0.500000 0.781250 0.511719 0.777344 0.515625 0.750000 0.515625 0.742188 0.507812 0.742188 0.488281
3 0.847656 0.437500 0.847656 0.445312 0.855469 0.453125 0.855469 0.457031 0.859375 0.457031 0.863281 0.460938 0.863281 0.468750 0.867188 0.472656 0.878906 0.472656 0.882812 0.476562 0.882812 0.492188 0.886719 0.492188 0.890625 0.496094 0.898438 0.496094 0.898438 0.492188 0.906250 0.484375 0.906250 0.472656 0.898438 0.464844 0.882812 0.464844 0.878906 0.460938 0.878906 0.449219 0.875000 0.445312 0.875000 0.441406 0.871094 0.441406 0.867188 0.437500
3 0.558594 0.417969 0.554688 0.421875 0.542969 0.421875 0.542969 0.445312 0.535156 0.453125 0.519531 0.453125 0.515625 0.449219 0.515625 0.445312 0.503906 0.445312 0.503906 0.453125 0.531250 0.453125 0.535156 0.457031 0.535156 0.460938 0.546875 0.460938 0.550781 0.464844 0.550781 0.472656 0.558594 0.480469 0.558594 0.488281 0.562500 0.492188 0.562500 0.500000 0.578125 0.500000 0.582031 0.503906 0.582031 0.507812 0.593750 0.519531 0.593750 0.523438 0.597656 0.527344 0.601562 0.527344 0.605469 0.531250 0.609375 0.531250 0.613281 0.535156 0.613281 0.558594 0.609375 0.562500 0.609375 0.570312 0.605469 0.574219 0.589844 0.574219 0.585938 0.570312 0.582031 0.570312 0.578125 0.566406 0.574219 0.566406 0.570312 0.562500 0.546875 0.562500 0.539062 0.554688 0.535156 0.554688 0.527344 0.546875 0.527344 0.539062 0.480469 0.539062 0.476562 0.535156 0.476562 0.523438 0.472656 0.519531 0.464844 0.519531 0.460938 0.523438 0.429688 0.523438 0.421875 0.515625 0.414062 0.515625 0.414062 0.531250 0.417969 0.535156 0.429688 0.535156 0.433594 0.531250 0.464844 0.531250 0.468750 0.535156 0.472656 0.535156 0.476562 0.539062 0.476562 0.550781 0.503906 0.550781 0.507812 0.554688 0.507812 0.558594 0.515625 0.566406 0.519531 0.566406 0.523438 0.570312 0.523438 0.582031 0.527344 0.582031 0.535156 0.589844 0.546875 0.589844 0.550781 0.593750 0.550781 0.601562 0.554688 0.605469 0.554688 0.609375 0.558594 0.613281 0.558594 0.617188 0.589844 0.617188 0.589844 0.609375 0.593750 0.605469 0.597656 0.605469 0.597656 0.597656 0.601562 0.593750 0.632812 0.593750 0.636719 0.597656 0.644531 0.597656 0.648438 0.601562 0.648438 0.605469 0.660156 0.605469 0.660156 0.593750 0.656250 0.589844 0.656250 0.585938 0.652344 0.582031 0.648438 0.582031 0.644531 0.578125 0.640625 0.578125 0.636719 0.574219 0.636719 0.562500 0.632812 0.562500 0.628906 0.558594 0.628906 0.542969 0.632812 0.539062 0.664062 0.539062 0.664062 0.523438 0.671875 0.515625 0.679688 0.515625 0.683594 0.511719 0.683594 0.500000 0.679688 0.500000 0.675781 0.496094 0.667969 0.496094 0.664062 0.500000 0.648438 0.500000 0.644531 0.496094 0.644531 0.468750 0.601562 0.468750 0.597656 0.464844 0.589844 0.464844 0.585938 0.460938 0.585938 0.457031 0.582031 0.453125 0.582031 0.445312 0.578125 0.441406 0.578125 0.433594 0.574219 0.429688 0.574219 0.421875 0.570312 0.417969
3 0.144531 0.414062 0.144531 0.425781 0.156250 0.425781 0.160156 0.429688 0.160156 0.433594 0.167969 0.433594 0.167969 0.425781 0.160156 0.425781 0.156250 0.421875 0.156250 0.417969 0.152344 0.414062
3 0.738281 0.410156 0.738281 0.414062 0.726562 0.425781 0.710938 0.425781 0.710938 0.433594 0.714844 0.437500 0.734375 0.437500 0.738281 0.433594 0.746094 0.433594 0.746094 0.410156
3 0.398438 0.378906 0.394531 0.382812 0.394531 0.390625 0.390625 0.394531 0.355469 0.394531 0.355469 0.410156 0.351562 0.414062 0.332031 0.414062 0.328125 0.417969 0.316406 0.417969 0.316406 0.421875 0.312500 0.425781 0.289062 0.425781 0.285156 0.429688 0.269531 0.429688 0.265625 0.425781 0.261719 0.425781 0.257812 0.421875 0.242188 0.421875 0.242188 0.429688 0.238281 0.433594 0.234375 0.433594 0.226562 0.441406 0.222656 0.441406 0.218750 0.445312 0.191406 0.445312 0.187500 0.441406 0.179688 0.441406 0.179688 0.457031 0.183594 0.460938 0.183594 0.464844 0.187500 0.464844 0.191406 0.468750 0.203125 0.468750 0.207031 0.472656 0.207031 0.511719 0.203125 0.515625 0.203125 0.531250 0.222656 0.531250 0.222656 0.527344 0.226562 0.523438 0.230469 0.523438 0.234375 0.519531 0.253906 0.519531 0.257812 0.523438 0.261719 0.523438 0.265625 0.527344 0.269531 0.527344 0.273438 0.531250 0.300781 0.531250 0.304688 0.535156 0.304688 0.570312 0.300781 0.574219 0.292969 0.574219 0.289062 0.578125 0.289062 0.589844 0.296875 0.597656 0.324219 0.597656 0.328125 0.601562 0.328125 0.609375 0.332031 0.609375 0.335938 0.613281 0.343750 0.613281 0.347656 0.609375 0.371094 0.609375 0.371094 0.597656 0.367188 0.597656 0.363281 0.593750 0.363281 0.585938 0.359375 0.582031 0.359375 0.566406 0.355469 0.566406 0.351562 0.562500 0.343750 0.562500 0.339844 0.566406 0.324219 0.566406 0.320312 0.562500 0.320312 0.511719 0.324219 0.507812 0.328125 0.507812 0.332031 0.503906 0.367188 0.503906 0.367188 0.496094 0.351562 0.496094 0.343750 0.488281 0.324219 0.488281 0.320312 0.484375 0.320312 0.468750 0.328125 0.460938 0.328125 0.445312 0.332031 0.441406 0.371094 0.441406 0.378906 0.433594 0.402344 0.433594 0.406250 0.437500 0.441406 0.437500 0.445312 0.441406 0.468750 0.441406 0.468750 0.429688 0.464844 0.429688 0.460938 0.425781 0.460938 0.421875 0.441406 0.421875 0.437500 0.425781 0.433594 0.425781 0.429688 0.429688 0.414062 0.429688 0.406250 0.421875 0.398438 0.421875 0.394531 0.417969 0.394531 0.402344 0.398438 0.398438 0.414062 0.398438 0.417969 0.394531 0.421875 0.394531 0.421875 0.386719 0.414062 0.378906
3 0.164062 0.371094 0.164062 0.390625 0.175781 0.390625 0.179688 0.394531 0.179688 0.402344 0.183594 0.406250 0.203125 0.406250 0.207031 0.410156 0.230469 0.410156 0.230469 0.398438 0.226562 0.398438 0.222656 0.394531 0.222656 0.386719 0.218750 0.382812 0.214844 0.382812 0.210938 0.378906 0.195312 0.378906 0.191406 0.375000 0.191406 0.371094
3 0.554688 0.281250 0.550781 0.285156 0.535156 0.285156 0.535156 0.304688 0.539062 0.308594 0.539062 0.332031 0.542969 0.335938 0.542969 0.339844 0.554688 0.339844 0.554688 0.320312 0.558594 0.316406 0.574219 0.316406 0.578125 0.320312 0.585938 0.320312 0.589844 0.324219 0.589844 0.343750 0.593750 0.343750 0.597656 0.347656 0.597656 0.371094 0.613281 0.386719 0.613281 0.398438 0.621094 0.406250 0.625000 0.406250 0.628906 0.410156 0.628906 0.425781 0.632812 0.429688 0.640625 0.429688 0.648438 0.437500 0.660156 0.437500 0.660156 0.421875 0.664062 0.417969 0.687500 0.417969 0.687500 0.410156 0.683594 0.410156 0.679688 0.406250 0.675781 0.406250 0.671875 0.402344 0.671875 0.398438 0.664062 0.390625 0.664062 0.386719 0.640625 0.363281 0.640625 0.359375 0.632812 0.351562 0.632812 0.343750 0.628906 0.339844 0.628906 0.332031 0.621094 0.324219 0.621094 0.320312 0.617188 0.316406 0.617188 0.312500 0.613281 0.312500 0.597656 0.296875 0.597656 0.285156 0.589844 0.285156 0.585938 0.289062 0.570312 0.289062 0.562500 0.281250
3 0.363281 0.167969 0.363281 0.191406 0.359375 0.195312 0.347656 0.195312 0.343750 0.199219 0.320312 0.199219 0.320312 0.214844 0.347656 0.214844 0.355469 0.222656 0.355469 0.234375 0.371094 0.234375 0.371094 0.214844 0.375000 0.210938 0.394531 0.210938 0.406250 0.199219 0.441406 0.199219 0.445312 0.203125 0.445312 0.257812 0.441406 0.261719 0.410156 0.261719 0.410156 0.273438 0.414062 0.277344 0.429688 0.277344 0.433594 0.281250 0.433594 0.285156 0.437500 0.289062 0.460938 0.289062 0.468750 0.296875 0.480469 0.296875 0.484375 0.292969 0.503906 0.292969 0.503906 0.269531 0.480469 0.269531 0.476562 0.265625 0.476562 0.250000 0.480469 0.246094 0.500000 0.246094 0.500000 0.230469 0.492188 0.222656 0.468750 0.222656 0.464844 0.218750 0.464844 0.203125 0.457031 0.203125 0.453125 0.199219 0.433594 0.199219 0.429688 0.195312 0.429688 0.187500 0.414062 0.187500 0.414062 0.191406 0.410156 0.195312 0.394531 0.195312 0.390625 0.191406 0.390625 0.175781 0.386719 0.171875 0.378906 0.171875 0.375000 0.167969
3 0.054688 0.042969 0.054688 0.050781 0.058594 0.050781 0.070312 0.062500 0.070312 0.066406 0.074219 0.070312 0.074219 0.078125 0.078125 0.078125 0.082031 0.082031 0.105469 0.082031 0.109375 0.085938 0.109375 0.109375 0.113281 0.113281 0.113281 0.117188 0.117188 0.117188 0.128906 0.128906 0.128906 0.144531 0.125000 0.148438 0.125000 0.156250 0.128906 0.160156 0.128906 0.167969 0.136719 0.175781 0.136719 0.179688 0.140625 0.183594 0.140625 0.187500 0.144531 0.187500 0.148438 0.191406 0.148438 0.207031 0.144531 0.210938 0.140625 0.210938 0.140625 0.238281 0.136719 0.242188 0.125000 0.242188 0.125000 0.246094 0.121094 0.250000 0.121094 0.261719 0.125000 0.261719 0.132812 0.269531 0.152344 0.269531 0.164062 0.281250 0.164062 0.296875 0.179688 0.296875 0.183594 0.300781 0.191406 0.300781 0.191406 0.292969 0.195312 0.289062 0.199219 0.289062 0.203125 0.285156 0.207031 0.285156 0.210938 0.281250 0.210938 0.238281 0.214844 0.234375 0.242188 0.234375 0.246094 0.238281 0.250000 0.238281 0.253906 0.242188 0.265625 0.242188 0.265625 0.234375 0.269531 0.230469 0.285156 0.230469 0.289062 0.226562 0.289062 0.218750 0.285156 0.214844 0.285156 0.195312 0.289062 0.191406 0.308594 0.191406 0.308594 0.179688 0.304688 0.175781 0.304688 0.156250 0.308594 0.152344 0.308594 0.140625 0.304688 0.140625 0.300781 0.136719 0.292969 0.136719 0.289062 0.132812 0.265625 0.132812 0.265625 0.156250 0.261719 0.160156 0.238281 0.160156 0.234375 0.156250 0.234375 0.136719 0.230469 0.132812 0.207031 0.132812 0.203125 0.128906 0.203125 0.101562 0.195312 0.101562 0.191406 0.097656 0.187500 0.097656 0.175781 0.085938 0.175781 0.070312 0.167969 0.070312 0.167969 0.074219 0.164062 0.078125 0.144531 0.078125 0.140625 0.074219 0.132812 0.074219 0.113281 0.054688 0.101562 0.054688 0.097656 0.050781 0.093750 0.050781 0.089844 0.046875 0.082031 0.046875 0.078125 0.042969
