3 0.429688 0.968750 0.429688 0.972656 0.421875 0.980469 0.410156 0.980469 0.410156 0.996094 0.437500 0.996094 0.437500 0.988281 0.441406 0.984375 0.441406 0.968750
3 0.457031 0.929688 0.457031 0.933594 0.449219 0.941406 0.449219 0.945312 0.445312 0.949219 0.445312 0.957031 0.457031 0.957031 0.468750 0.945312 0.468750 0.933594 0.464844 0.929688
3 0.441406 0.820312 0.437500 0.824219 0.429688 0.824219 0.429688 0.828125 0.425781 0.832031 0.414062 0.832031 0.414062 0.839844 0.410156 0.843750 0.402344 0.843750 0.402344 0.859375 0.421875 0.859375 0.421875 0.855469 0.425781 0.851562 0.433594 0.851562 0.433594 0.847656 0.437500 0.843750 0.445312 0.843750 0.449219 0.839844 0.453125 0.839844 0.453125 0.820312
3 0.332031 0.792969 0.332031 0.812500 0.328125 0.816406 0.320312 0.816406 0.320312 0.824219 0.324219 0.824219 0.328125 0.828125 0.351562 0.828125 0.355469 0.824219 0.359375 0.824219 0.363281 0.820312 0.367188 0.820312 0.367188 0.808594 0.363281 0.804688 0.359375 0.804688 0.347656 0.792969
3 0.257812 0.734375 0.257812 0.746094 0.273438 0.761719 0.277344 0.761719 0.281250 0.765625 0.281250 0.769531 0.285156 0.773438 0.292969 0.773438 0.296875 0.777344 0.300781 0.777344 0.308594 0.785156 0.312500 0.785156 0.316406 0.789062 0.324219 0.789062 0.324219 0.781250 0.316406 0.773438 0.316406 0.765625 0.312500 0.761719 0.312500 0.757812 0.304688 0.750000 0.304688 0.746094 0.285156 0.746094 0.273438 0.734375
3 0.613281 0.714844 0.609375 0.718750 0.609375 0.757812 0.605469 0.761719 0.601562 0.761719 0.597656 0.765625 0.550781 0.765625 0.546875 0.769531 0.546875 0.785156 0.554688 0.785156 0.558594 0.789062 0.578125 0.789062 0.582031 0.785156 0.585938 0.785156 0.597656 0.773438 0.601562 0.773438 0.605469 0.769531 0.617188 0.769531 0.621094 0.765625 0.640625 0.765625 0.644531 0.761719 0.652344 0.761719 0.652344 0.757812 0.656250 0.753906 0.667969 0.753906 0.671875 0.750000 0.675781 0.750000 0.675781 0.742188 0.632812 0.742188 0.625000 0.734375 0.625000 0.718750 0.621094 0.714844
3 0.445312 0.636719 0.441406 0.640625 0.398438 0.640625 0.394531 0.644531 0.378906 0.644531 0.378906 0.652344 0.382812 0.656250 0.390625 0.656250 0.394531 0.660156 0.406250 0.660156 0.410156 0.664062 0.417969 0.664062 0.421875 0.667969 0.429688 0.667969 0.429688 0.660156 0.433594 0.656250 0.441406 0.656250 0.445312 0.652344 0.460938 0.652344 0.460938 0.644531 0.457031 0.640625 0.457031 0.636719
3 0.539062 0.597656 0.539062 0.601562 0.535156 0.605469 0.535156 0.617188 0.523438 0.628906 0.523438 0.636719 0.535156 0.636719 0.539062 0.632812 0.539062 0.628906 0.542969 0.625000 0.546875 0.625000 0.546875 0.621094 0.554688 0.613281 0.589844 0.613281 0.593750 0.617188 0.605469 0.617188 0.609375 0.613281 0.609375 0.605469 0.605469 0.605469 0.601562 0.601562 0.597656 0.601562 0.593750 0.597656
3 0.667969 0.585938 0.664062 0.589844 0.656250 0.589844 0.656250 0.601562 0.660156 0.605469 0.660156 0.621094 0.652344 0.628906 0.652344 0.644531 0.648438 0.648438 0.640625 0.648438 0.636719 0.652344 0.632812 0.652344 0.628906 0.656250 0.625000 0.656250 0.621094 0.660156 0.585938 0.660156 0.585938 0.667969 0.617188 0.667969 0.621094 0.671875 0.628906 0.671875 0.640625 0.660156 0.675781 0.660156 0.679688 0.656250 0.695312 0.656250 0.699219 0.652344 0.707031 0.652344 0.710938 0.648438 0.718750 0.648438 0.722656 0.644531 0.726562 0.644531 0.726562 0.628906 0.722656 0.625000 0.718750 0.625000 0.714844 0.621094 0.699219 0.621094 0.695312 0.617188 0.695312 0.609375 0.691406 0.605469 0.687500 0.605469 0.683594 0.601562 0.683594 0.589844 0.679688 0.585938
3 0.222656 0.582031 0.222656 0.589844 0.230469 0.597656 0.234375 0.597656 0.238281 0.601562 0.242188 0.601562 0.250000 0.609375 0.250000 0.632812 0.273438 0.632812 0.273438 0.625000 0.269531 0.621094 0.269531 0.601562 0.265625 0.601562 0.261719 0.597656 0.261719 0.589844 0.257812 0.585938 0.238281 0.585938 0.234375 0.582031
3 0.785156 0.542969 0.785156 0.546875 0.769531 0.562500 0.761719 0.562500 0.757812 0.566406 0.750000 0.566406 0.746094 0.570312 0.742188 0.570312 0.742188 0.578125 0.746094 0.582031 0.753906 0.582031 0.757812 0.578125 0.761719 0.578125 0.773438 0.566406 0.789062 0.566406 0.792969 0.570312 0.792969 0.578125 0.796875 0.582031 0.796875 0.601562 0.800781 0.605469 0.820312 0.605469 0.820312 0.601562 0.828125 0.593750 0.828125 0.585938 0.832031 0.582031 0.878906 0.582031 0.882812 0.578125 0.886719 0.578125 0.886719 0.566406 0.882812 0.562500 0.882812 0.558594 0.851562 0.558594 0.843750 0.550781 0.824219 0.550781 0.820312 0.546875 0.820312 0.542969
3 0.605469 0.484375 0.601562 0.488281 0.601562 0.503906 0.597656 0.507812 0.558594 0.507812 0.558594 0.515625 0.562500 0.515625 0.566406 0.519531 0.589844 0.519531 0.593750 0.523438 0.593750 0.531250 0.613281 0.531250 0.617188 0.535156 0.628906 0.535156 0.632812 0.531250 0.636719 0.531250 0.640625 0.527344 0.652344 0.527344 0.652344 0.515625 0.625000 0.515625 0.621094 0.511719 0.621094 0.484375
3 0.312500 0.472656 0.312500 0.500000 0.308594 0.503906 0.296875 0.503906 0.296875 0.511719 0.304688 0.511719 0.308594 0.515625 0.312500 0.515625 0.316406 0.519531 0.339844 0.519531 0.343750 0.515625 0.355469 0.515625 0.355469 0.511719 0.359375 0.507812 0.386719 0.507812 0.386719 0.488281 0.359375 0.488281 0.351562 0.480469 0.343750 0.480469 0.339844 0.476562 0.335938 0.476562 0.332031 0.472656
3 0.671875 0.414062 0.664062 0.421875 0.664062 0.429688 0.675781 0.429688 0.679688 0.433594 0.687500 0.433594 0.691406 0.429688 0.707031 0.429688 0.710938 0.433594 0.710938 0.445312 0.722656 0.445312 0.726562 0.441406 0.738281 0.441406 0.750000 0.429688 0.753906 0.429688 0.753906 0.417969 0.746094 0.417969 0.742188 0.421875 0.726562 0.421875 0.722656 0.417969 0.718750 0.417969 0.714844 0.414062
3 0.792969 0.324219 0.792969 0.343750 0.789062 0.347656 0.781250 0.347656 0.777344 0.351562 0.769531 0.351562 0.765625 0.355469 0.718750 0.355469 0.714844 0.351562 0.703125 0.351562 0.703125 0.355469 0.699219 0.359375 0.679688 0.359375 0.679688 0.363281 0.675781 0.367188 0.656250 0.367188 0.652344 0.363281 0.601562 0.363281 0.597656 0.367188 0.597656 0.375000 0.601562 0.378906 0.601562 0.394531 0.597656 0.398438 0.593750 0.398438 0.593750 0.406250 0.597656 0.406250 0.601562 0.410156 0.609375 0.410156 0.613281 0.414062 0.621094 0.414062 0.625000 0.410156 0.628906 0.410156 0.628906 0.406250 0.640625 0.394531 0.644531 0.394531 0.652344 0.386719 0.660156 0.386719 0.664062 0.382812 0.679688 0.382812 0.679688 0.371094 0.683594 0.367188 0.726562 0.367188 0.730469 0.371094 0.746094 0.371094 0.750000 0.375000 0.750000 0.390625 0.753906 0.390625 0.757812 0.394531 0.769531 0.394531 0.769531 0.386719 0.773438 0.382812 0.785156 0.382812 0.789062 0.378906 0.789062 0.375000 0.792969 0.371094 0.808594 0.371094 0.812500 0.375000 0.832031 0.375000 0.832031 0.371094 0.835938 0.367188 0.835938 0.343750 0.820312 0.343750 0.816406 0.339844 0.816406 0.328125 0.808594 0.328125 0.804688 0.324219
3 0.652344 0.199219 0.644531 0.207031 0.644531 0.214844 0.648438 0.218750 0.652344 0.218750 0.656250 0.222656 0.656250 0.226562 0.660156 0.230469 0.660156 0.250000 0.664062 0.253906 0.664062 0.257812 0.667969 0.261719 0.687500 0.261719 0.695312 0.269531 0.695312 0.285156 0.691406 0.289062 0.687500 0.289062 0.683594 0.292969 0.679688 0.292969 0.675781 0.296875 0.652344 0.296875 0.648438 0.292969 0.628906 0.292969 0.625000 0.289062 0.625000 0.273438 0.628906 0.269531 0.628906 0.261719 0.625000 0.257812 0.582031 0.257812 0.578125 0.253906 0.578125 0.250000 0.566406 0.250000 0.562500 0.246094 0.550781 0.246094 0.542969 0.238281 0.542969 0.230469 0.539062 0.226562 0.539062 0.203125 0.523438 0.203125 0.523438 0.250000 0.531250 0.257812 0.542969 0.257812 0.546875 0.261719 0.585938 0.261719 0.601562 0.277344 0.621094 0.277344 0.625000 0.281250 0.625000 0.300781 0.636719 0.312500 0.660156 0.312500 0.664062 0.308594 0.683594 0.308594 0.687500 0.304688 0.691406 0.304688 0.695312 0.300781 0.695312 0.273438 0.699219 0.269531 0.703125 0.269531 0.707031 0.265625 0.707031 0.253906 0.703125 0.250000 0.679688 0.250000 0.675781 0.246094 0.671875 0.246094 0.667969 0.242188 0.667969 0.207031 0.660156 0.199219
