3 0.105469 0.953125 0.097656 0.960938 0.093750 0.960938 0.093750 0.964844 0.089844 0.968750 0.089844 0.976562 0.097656 0.976562 0.101562 0.980469 0.132812 0.980469 0.132812 0.964844 0.121094 0.964844 0.113281 0.957031 0.113281 0.953125
3 0.187500 0.890625 0.183594 0.894531 0.183594 0.898438 0.179688 0.902344 0.175781 0.902344 0.167969 0.910156 0.164062 0.910156 0.156250 0.917969 0.152344 0.917969 0.144531 0.925781 0.140625 0.925781 0.136719 0.929688 0.132812 0.929688 0.132812 0.937500 0.144531 0.937500 0.148438 0.941406 0.160156 0.941406 0.183594 0.917969 0.187500 0.917969 0.187500 0.910156 0.195312 0.902344 0.195312 0.890625
3 0.511719 0.699219 0.511719 0.707031 0.519531 0.707031 0.523438 0.710938 0.523438 0.714844 0.527344 0.714844 0.531250 0.718750 0.531250 0.722656 0.535156 0.726562 0.546875 0.726562 0.550781 0.722656 0.597656 0.722656 0.601562 0.726562 0.601562 0.750000 0.585938 0.765625 0.585938 0.777344 0.597656 0.777344 0.605469 0.769531 0.613281 0.769531 0.617188 0.765625 0.621094 0.765625 0.625000 0.761719 0.628906 0.761719 0.632812 0.757812 0.636719 0.757812 0.644531 0.750000 0.648438 0.750000 0.656250 0.742188 0.660156 0.742188 0.671875 0.730469 0.671875 0.722656 0.640625 0.722656 0.636719 0.718750 0.636719 0.707031 0.632812 0.703125 0.625000 0.703125 0.621094 0.707031 0.609375 0.707031 0.605469 0.710938 0.582031 0.710938 0.578125 0.707031 0.550781 0.707031 0.546875 0.703125 0.539062 0.703125 0.535156 0.699219
3 0.148438 0.671875 0.132812 0.687500 0.128906 0.687500 0.125000 0.691406 0.117188 0.691406 0.113281 0.695312 0.113281 0.710938 0.121094 0.718750 0.148438 0.718750 0.152344 0.722656 0.164062 0.722656 0.164062 0.710938 0.156250 0.710938 0.152344 0.707031 0.152344 0.691406 0.156250 0.687500 0.156250 0.683594 0.160156 0.679688 0.160156 0.671875
3 0.191406 0.652344 0.187500 0.656250 0.187500 0.683594 0.203125 0.683594 0.210938 0.675781 0.210938 0.656250 0.203125 0.656250 0.199219 0.652344
3 0.625000 0.609375 0.621094 0.613281 0.605469 0.613281 0.601562 0.617188 0.597656 0.617188 0.593750 0.621094 0.593750 0.628906 0.589844 0.632812 0.566406 0.632812 0.562500 0.636719 0.527344 0.636719 0.527344 0.644531 0.531250 0.648438 0.531250 0.671875 0.542969 0.671875 0.546875 0.667969 0.550781 0.667969 0.550781 0.656250 0.554688 0.652344 0.566406 0.652344 0.574219 0.644531 0.589844 0.644531 0.597656 0.652344 0.605469 0.652344 0.609375 0.656250 0.621094 0.656250 0.625000 0.652344 0.628906 0.652344 0.636719 0.644531 0.660156 0.644531 0.664062 0.640625 0.664062 0.636719 0.671875 0.628906 0.671875 0.621094 0.648438 0.621094 0.644531 0.617188 0.644531 0.609375
3 0.457031 0.605469 0.457031 0.613281 0.464844 0.621094 0.472656 0.621094 0.476562 0.625000 0.480469 0.625000 0.484375 0.628906 0.500000 0.628906 0.503906 0.632812 0.519531 0.632812 0.519531 0.625000 0.515625 0.621094 0.515625 0.617188 0.503906 0.617188 0.492188 0.605469
3 0.664062 0.582031 0.660156 0.585938 0.660156 0.593750 0.664062 0.593750 0.667969 0.597656 0.675781 0.597656 0.675781 0.582031
3 0.429688 0.562500 0.425781 0.566406 0.417969 0.566406 0.417969 0.578125 0.414062 0.582031 0.390625 0.582031 0.386719 0.578125 0.386719 0.574219 0.382812 0.570312 0.378906 0.570312 0.375000 0.566406 0.359375 0.566406 0.359375 0.582031 0.355469 0.585938 0.351562 0.585938 0.351562 0.613281 0.347656 0.617188 0.343750 0.617188 0.343750 0.628906 0.339844 0.632812 0.324219 0.632812 0.320312 0.628906 0.320312 0.601562 0.265625 0.601562 0.261719 0.597656 0.250000 0.597656 0.246094 0.601562 0.234375 0.601562 0.234375 0.605469 0.230469 0.609375 0.195312 0.609375 0.191406 0.613281 0.187500 0.613281 0.187500 0.621094 0.191406 0.625000 0.207031 0.625000 0.210938 0.628906 0.214844 0.628906 0.222656 0.636719 0.222656 0.652344 0.234375 0.652344 0.238281 0.656250 0.238281 0.675781 0.234375 0.679688 0.230469 0.679688 0.230469 0.695312 0.242188 0.695312 0.246094 0.699219 0.253906 0.699219 0.253906 0.664062 0.257812 0.660156 0.281250 0.660156 0.285156 0.656250 0.285156 0.644531 0.289062 0.640625 0.312500 0.640625 0.324219 0.652344 0.343750 0.652344 0.347656 0.656250 0.347656 0.679688 0.351562 0.679688 0.355469 0.683594 0.355469 0.687500 0.375000 0.687500 0.378906 0.683594 0.394531 0.683594 0.398438 0.687500 0.398438 0.707031 0.402344 0.710938 0.410156 0.710938 0.414062 0.707031 0.425781 0.707031 0.429688 0.703125 0.449219 0.703125 0.453125 0.699219 0.457031 0.699219 0.468750 0.687500 0.472656 0.687500 0.476562 0.683594 0.476562 0.675781 0.449219 0.675781 0.445312 0.671875 0.421875 0.671875 0.414062 0.664062 0.414062 0.660156 0.410156 0.656250 0.410156 0.636719 0.406250 0.636719 0.402344 0.632812 0.390625 0.632812 0.386719 0.636719 0.382812 0.636719 0.382812 0.652344 0.378906 0.656250 0.363281 0.656250 0.359375 0.652344 0.359375 0.640625 0.355469 0.636719 0.355469 0.605469 0.359375 0.601562 0.378906 0.601562 0.382812 0.597656 0.421875 0.597656 0.425781 0.601562 0.433594 0.601562 0.433594 0.593750 0.437500 0.589844 0.437500 0.585938 0.445312 0.578125 0.445312 0.574219 0.449219 0.570312 0.449219 0.562500
3 0.562500 0.527344 0.562500 0.531250 0.558594 0.535156 0.554688 0.535156 0.550781 0.539062 0.523438 0.539062 0.519531 0.542969 0.492188 0.542969 0.492188 0.550781 0.496094 0.554688 0.507812 0.554688 0.511719 0.558594 0.531250 0.558594 0.535156 0.562500 0.542969 0.562500 0.546875 0.558594 0.574219 0.558594 0.578125 0.562500 0.578125 0.585938 0.597656 0.585938 0.597656 0.578125 0.593750 0.574219 0.593750 0.546875 0.597656 0.542969 0.632812 0.542969 0.648438 0.558594 0.667969 0.558594 0.667969 0.550781 0.664062 0.546875 0.664062 0.535156 0.656250 0.535156 0.652344 0.531250 0.613281 0.531250 0.609375 0.527344 0.597656 0.527344 0.597656 0.535156 0.593750 0.539062 0.578125 0.539062 0.570312 0.531250 0.570312 0.527344
3 0.238281 0.519531 0.238281 0.539062 0.242188 0.539062 0.246094 0.542969 0.253906 0.542969 0.257812 0.546875 0.269531 0.546875 0.273438 0.550781 0.273438 0.558594 0.281250 0.566406 0.289062 0.566406 0.292969 0.562500 0.296875 0.562500 0.296875 0.546875 0.292969 0.546875 0.289062 0.542969 0.289062 0.539062 0.285156 0.535156 0.277344 0.535156 0.273438 0.531250 0.250000 0.531250 0.246094 0.527344 0.246094 0.519531
3 0.519531 0.445312 0.519531 0.449219 0.515625 0.453125 0.515625 0.464844 0.519531 0.468750 0.519531 0.488281 0.527344 0.488281 0.531250 0.484375 0.546875 0.484375 0.550781 0.480469 0.558594 0.480469 0.562500 0.476562 0.570312 0.476562 0.574219 0.472656 0.574219 0.464844 0.542969 0.464844 0.539062 0.460938 0.539062 0.453125 0.535156 0.449219 0.531250 0.449219 0.527344 0.445312
3 0.339844 0.425781 0.335938 0.429688 0.332031 0.429688 0.328125 0.433594 0.328125 0.445312 0.332031 0.445312 0.335938 0.449219 0.339844 0.449219 0.343750 0.453125 0.343750 0.464844 0.355469 0.464844 0.359375 0.460938 0.363281 0.460938 0.367188 0.457031 0.371094 0.457031 0.378906 0.449219 0.390625 0.449219 0.394531 0.445312 0.406250 0.445312 0.410156 0.441406 0.410156 0.433594 0.390625 0.433594 0.386719 0.437500 0.355469 0.437500 0.351562 0.433594 0.351562 0.425781
3 0.273438 0.417969 0.273438 0.421875 0.269531 0.425781 0.269531 0.433594 0.296875 0.433594 0.296875 0.425781 0.289062 0.417969
3 0.187500 0.378906 0.175781 0.390625 0.175781 0.402344 0.207031 0.402344 0.210938 0.398438 0.214844 0.398438 0.214844 0.382812 0.199219 0.382812 0.195312 0.378906
3 0.742188 0.355469 0.722656 0.375000 0.703125 0.375000 0.703125 0.386719 0.707031 0.390625 0.722656 0.390625 0.726562 0.394531 0.726562 0.410156 0.730469 0.414062 0.730469 0.441406 0.726562 0.445312 0.687500 0.445312 0.683594 0.449219 0.675781 0.449219 0.675781 0.457031 0.667969 0.464844 0.667969 0.468750 0.664062 0.472656 0.660156 0.472656 0.656250 0.476562 0.648438 0.476562 0.648438 0.484375 0.640625 0.492188 0.640625 0.500000 0.667969 0.500000 0.671875 0.496094 0.679688 0.496094 0.679688 0.480469 0.683594 0.476562 0.703125 0.476562 0.707031 0.480469 0.730469 0.480469 0.734375 0.476562 0.738281 0.476562 0.738281 0.457031 0.742188 0.453125 0.753906 0.453125 0.757812 0.449219 0.757812 0.433594 0.761719 0.429688 0.761719 0.402344 0.765625 0.398438 0.765625 0.390625 0.757812 0.382812 0.757812 0.367188 0.750000 0.359375 0.750000 0.355469
3 0.410156 0.324219 0.398438 0.335938 0.398438 0.347656 0.406250 0.347656 0.410156 0.351562 0.410156 0.359375 0.437500 0.359375 0.445312 0.367188 0.445312 0.382812 0.441406 0.386719 0.433594 0.386719 0.433594 0.394531 0.441406 0.394531 0.445312 0.398438 0.449219 0.398438 0.453125 0.402344 0.453125 0.414062 0.460938 0.414062 0.460938 0.410156 0.464844 0.406250 0.464844 0.402344 0.468750 0.398438 0.476562 0.398438 0.476562 0.394531 0.480469 0.390625 0.500000 0.390625 0.503906 0.386719 0.503906 0.371094 0.500000 0.367188 0.496094 0.367188 0.492188 0.363281 0.492188 0.343750 0.476562 0.343750 0.472656 0.339844 0.437500 0.339844 0.433594 0.335938 0.429688 0.335938 0.421875 0.328125 0.421875 0.324219
3 0.875000 0.320312 0.875000 0.355469 0.871094 0.359375 0.867188 0.359375 0.863281 0.363281 0.851562 0.363281 0.851562 0.371094 0.863281 0.371094 0.871094 0.378906 0.871094 0.382812 0.890625 0.382812 0.894531 0.386719 0.894531 0.410156 0.890625 0.414062 0.867188 0.414062 0.863281 0.410156 0.863281 0.402344 0.835938 0.402344 0.832031 0.406250 0.824219 0.406250 0.820312 0.410156 0.812500 0.410156 0.808594 0.414062 0.804688 0.414062 0.804688 0.421875 0.812500 0.429688 0.812500 0.445312 0.808594 0.449219 0.808594 0.460938 0.804688 0.464844 0.804688 0.468750 0.800781 0.472656 0.796875 0.472656 0.796875 0.480469 0.792969 0.484375 0.777344 0.484375 0.773438 0.488281 0.765625 0.488281 0.761719 0.492188 0.757812 0.492188 0.757812 0.519531 0.792969 0.519531 0.796875 0.515625 0.804688 0.515625 0.804688 0.507812 0.800781 0.503906 0.800781 0.484375 0.804688 0.480469 0.804688 0.476562 0.808594 0.472656 0.816406 0.472656 0.820312 0.468750 0.824219 0.468750 0.824219 0.460938 0.832031 0.453125 0.835938 0.453125 0.843750 0.445312 0.851562 0.445312 0.855469 0.441406 0.878906 0.441406 0.882812 0.437500 0.906250 0.437500 0.910156 0.441406 0.910156 0.449219 0.921875 0.449219 0.921875 0.445312 0.925781 0.441406 0.925781 0.433594 0.929688 0.429688 0.929688 0.417969 0.925781 0.417969 0.921875 0.414062 0.921875 0.394531 0.925781 0.390625 0.925781 0.378906 0.914062 0.378906 0.910156 0.375000 0.894531 0.375000 0.890625 0.371094 0.890625 0.332031 0.886719 0.332031 0.882812 0.328125 0.882812 0.320312
3 0.703125 0.273438 0.699219 0.277344 0.699219 0.292969 0.695312 0.296875 0.679688 0.296875 0.679688 0.312500 0.683594 0.316406 0.683594 0.320312 0.707031 0.320312 0.710938 0.316406 0.714844 0.316406 0.718750 0.312500 0.718750 0.308594 0.722656 0.304688 0.722656 0.292969 0.730469 0.285156 0.734375 0.285156 0.734375 0.273438
3 0.550781 0.261719 0.550781 0.281250 0.539062 0.292969 0.535156 0.292969 0.531250 0.296875 0.503906 0.296875 0.500000 0.292969 0.492188 0.292969 0.488281 0.296875 0.484375 0.296875 0.484375 0.316406 0.492188 0.316406 0.496094 0.320312 0.496094 0.324219 0.511719 0.324219 0.515625 0.328125 0.531250 0.328125 0.535156 0.332031 0.535156 0.339844 0.542969 0.347656 0.542969 0.351562 0.550781 0.351562 0.554688 0.355469 0.554688 0.371094 0.558594 0.375000 0.558594 0.402344 0.566406 0.402344 0.566406 0.394531 0.570312 0.390625 0.597656 0.390625 0.601562 0.394531 0.601562 0.433594 0.617188 0.433594 0.625000 0.425781 0.625000 0.421875 0.628906 0.417969 0.652344 0.417969 0.656250 0.414062 0.656250 0.410156 0.660156 0.406250 0.660156 0.398438 0.656250 0.394531 0.656250 0.371094 0.648438 0.371094 0.644531 0.375000 0.570312 0.375000 0.566406 0.371094 0.566406 0.359375 0.558594 0.351562 0.558594 0.304688 0.562500 0.300781 0.578125 0.300781 0.582031 0.296875 0.582031 0.289062 0.578125 0.289062 0.570312 0.281250 0.562500 0.281250 0.558594 0.277344 0.558594 0.261719
3 0.792969 0.257812 0.792969 0.269531 0.789062 0.273438 0.785156 0.273438 0.785156 0.285156 0.796875 0.296875 0.796875 0.316406 0.792969 0.320312 0.792969 0.328125 0.800781 0.328125 0.804688 0.324219 0.808594 0.324219 0.808594 0.292969 0.812500 0.289062 0.828125 0.289062 0.835938 0.296875 0.843750 0.296875 0.851562 0.289062 0.851562 0.281250 0.839844 0.281250 0.832031 0.273438 0.832031 0.269531 0.828125 0.265625 0.808594 0.265625 0.804688 0.261719 0.804688 0.257812
3 0.742188 0.187500 0.742188 0.195312 0.734375 0.203125 0.734375 0.222656 0.730469 0.226562 0.710938 0.226562 0.707031 0.222656 0.699219 0.222656 0.695312 0.218750 0.691406 0.218750 0.687500 0.214844 0.687500 0.199219 0.675781 0.199219 0.675781 0.210938 0.667969 0.218750 0.636719 0.218750 0.636719 0.230469 0.640625 0.230469 0.644531 0.234375 0.648438 0.234375 0.656250 0.242188 0.656250 0.250000 0.667969 0.250000 0.667969 0.234375 0.671875 0.230469 0.687500 0.230469 0.695312 0.238281 0.695312 0.242188 0.707031 0.242188 0.710938 0.238281 0.726562 0.238281 0.730469 0.242188 0.746094 0.242188 0.750000 0.246094 0.750000 0.265625 0.769531 0.265625 0.769531 0.218750 0.765625 0.214844 0.765625 0.210938 0.761719 0.207031 0.757812 0.207031 0.753906 0.203125 0.753906 0.191406 0.750000 0.187500
3 0.640625 0.113281 0.636719 0.117188 0.632812 0.117188 0.632812 0.132812 0.628906 0.136719 0.621094 0.136719 0.617188 0.140625 0.613281 0.140625 0.609375 0.144531 0.605469 0.144531 0.605469 0.156250 0.621094 0.156250 0.628906 0.148438 0.644531 0.148438 0.644531 0.144531 0.648438 0.140625 0.660156 0.140625 0.660156 0.128906 0.656250 0.125000 0.652344 0.125000 0.648438 0.121094 0.648438 0.113281
