3 0.593750 0.906250 0.593750 0.921875 0.589844 0.925781 0.562500 0.925781 0.558594 0.921875 0.558594 0.917969 0.546875 0.917969 0.546875 0.925781 0.550781 0.929688 0.550781 0.941406 0.562500 0.941406 0.566406 0.945312 0.566406 0.953125 0.570312 0.957031 0.570312 0.964844 0.582031 0.964844 0.585938 0.960938 0.601562 0.960938 0.609375 0.953125 0.609375 0.929688 0.613281 0.925781 0.613281 0.906250
3 0.445312 0.902344 0.445312 0.914062 0.457031 0.914062 0.460938 0.910156 0.464844 0.910156 0.464844 0.902344
3 0.660156 0.816406 0.656250 0.820312 0.648438 0.820312 0.644531 0.824219 0.636719 0.824219 0.628906 0.832031 0.601562 0.832031 0.601562 0.843750 0.605469 0.847656 0.632812 0.847656 0.632812 0.843750 0.636719 0.839844 0.652344 0.839844 0.656250 0.835938 0.671875 0.835938 0.675781 0.832031 0.675781 0.820312 0.671875 0.820312 0.667969 0.816406
3 0.625000 0.722656 0.621094 0.726562 0.617188 0.726562 0.613281 0.730469 0.613281 0.734375 0.609375 0.738281 0.582031 0.738281 0.582031 0.750000 0.589844 0.750000 0.593750 0.746094 0.593750 0.742188 0.597656 0.738281 0.644531 0.738281 0.644531 0.730469 0.636719 0.730469 0.632812 0.726562 0.632812 0.722656
3 0.812500 0.710938 0.808594 0.714844 0.777344 0.714844 0.769531 0.722656 0.769531 0.730469 0.773438 0.734375 0.773438 0.757812 0.769531 0.761719 0.730469 0.761719 0.726562 0.757812 0.726562 0.746094 0.714844 0.746094 0.710938 0.750000 0.710938 0.769531 0.707031 0.773438 0.699219 0.773438 0.699219 0.781250 0.707031 0.789062 0.710938 0.789062 0.714844 0.792969 0.714844 0.796875 0.726562 0.796875 0.726562 0.785156 0.730469 0.781250 0.753906 0.781250 0.757812 0.777344 0.757812 0.765625 0.761719 0.761719 0.777344 0.761719 0.781250 0.765625 0.781250 0.769531 0.785156 0.773438 0.785156 0.789062 0.781250 0.792969 0.781250 0.808594 0.777344 0.812500 0.777344 0.820312 0.785156 0.820312 0.785156 0.804688 0.789062 0.800781 0.796875 0.800781 0.796875 0.792969 0.804688 0.785156 0.808594 0.785156 0.808594 0.781250 0.812500 0.777344 0.824219 0.777344 0.824219 0.761719 0.828125 0.757812 0.828125 0.753906 0.832031 0.750000 0.835938 0.750000 0.839844 0.746094 0.843750 0.746094 0.847656 0.742188 0.847656 0.726562 0.832031 0.726562 0.828125 0.722656 0.828125 0.714844 0.824219 0.710938
3 0.363281 0.691406 0.363281 0.707031 0.359375 0.710938 0.355469 0.710938 0.351562 0.714844 0.347656 0.714844 0.347656 0.722656 0.359375 0.722656 0.363281 0.718750 0.386719 0.718750 0.386719 0.710938 0.390625 0.707031 0.406250 0.707031 0.417969 0.718750 0.433594 0.718750 0.433594 0.710938 0.429688 0.707031 0.429688 0.703125 0.425781 0.703125 0.421875 0.699219 0.398438 0.699219 0.394531 0.695312 0.394531 0.691406
3 0.679688 0.664062 0.679688 0.667969 0.664062 0.683594 0.664062 0.695312 0.667969 0.695312 0.671875 0.699219 0.671875 0.703125 0.687500 0.703125 0.691406 0.707031 0.691406 0.710938 0.703125 0.710938 0.703125 0.703125 0.699219 0.699219 0.699219 0.679688 0.703125 0.675781 0.722656 0.675781 0.722656 0.667969 0.699219 0.667969 0.695312 0.664062
3 0.304688 0.652344 0.304688 0.695312 0.308594 0.699219 0.308594 0.710938 0.312500 0.714844 0.320312 0.714844 0.320312 0.687500 0.324219 0.683594 0.324219 0.652344
3 0.191406 0.652344 0.191406 0.675781 0.195312 0.679688 0.195312 0.691406 0.199219 0.691406 0.203125 0.695312 0.203125 0.699219 0.207031 0.699219 0.210938 0.703125 0.210938 0.718750 0.214844 0.722656 0.226562 0.722656 0.226562 0.714844 0.222656 0.710938 0.222656 0.707031 0.218750 0.703125 0.218750 0.699219 0.214844 0.699219 0.210938 0.695312 0.210938 0.664062 0.199219 0.652344
3 0.296875 0.585938 0.296875 0.597656 0.300781 0.601562 0.300781 0.605469 0.304688 0.609375 0.304688 0.613281 0.308594 0.617188 0.320312 0.617188 0.324219 0.613281 0.328125 0.613281 0.332031 0.609375 0.347656 0.609375 0.347656 0.601562 0.343750 0.601562 0.339844 0.597656 0.335938 0.597656 0.328125 0.589844 0.320312 0.589844 0.316406 0.585938
3 0.828125 0.566406 0.828125 0.570312 0.824219 0.574219 0.816406 0.574219 0.816406 0.578125 0.812500 0.582031 0.781250 0.582031 0.781250 0.589844 0.812500 0.589844 0.816406 0.593750 0.816406 0.601562 0.824219 0.609375 0.824219 0.613281 0.843750 0.613281 0.843750 0.593750 0.847656 0.589844 0.847656 0.582031 0.851562 0.578125 0.851562 0.570312 0.839844 0.570312 0.835938 0.566406
3 0.195312 0.484375 0.191406 0.488281 0.187500 0.488281 0.183594 0.492188 0.167969 0.492188 0.164062 0.496094 0.160156 0.496094 0.156250 0.500000 0.156250 0.507812 0.164062 0.507812 0.167969 0.511719 0.199219 0.511719 0.203125 0.507812 0.207031 0.507812 0.207031 0.488281 0.203125 0.484375
3 0.214844 0.441406 0.214844 0.457031 0.218750 0.460938 0.226562 0.460938 0.230469 0.464844 0.238281 0.464844 0.242188 0.468750 0.285156 0.468750 0.289062 0.472656 0.296875 0.472656 0.296875 0.468750 0.300781 0.464844 0.300781 0.457031 0.296875 0.453125 0.296875 0.445312 0.292969 0.445312 0.289062 0.441406 0.273438 0.441406 0.265625 0.449219 0.238281 0.449219 0.234375 0.445312 0.230469 0.445312 0.226562 0.441406
3 0.699219 0.433594 0.699219 0.449219 0.691406 0.457031 0.671875 0.457031 0.667969 0.453125 0.656250 0.453125 0.652344 0.457031 0.644531 0.457031 0.640625 0.460938 0.640625 0.468750 0.648438 0.476562 0.648438 0.492188 0.644531 0.496094 0.640625 0.496094 0.636719 0.500000 0.632812 0.500000 0.628906 0.503906 0.621094 0.503906 0.621094 0.511719 0.636719 0.511719 0.640625 0.507812 0.648438 0.507812 0.652344 0.503906 0.667969 0.503906 0.671875 0.507812 0.675781 0.507812 0.679688 0.511719 0.679688 0.523438 0.687500 0.523438 0.687500 0.503906 0.691406 0.500000 0.691406 0.496094 0.695312 0.492188 0.695312 0.472656 0.699219 0.468750 0.726562 0.468750 0.730469 0.472656 0.746094 0.472656 0.753906 0.480469 0.761719 0.480469 0.761719 0.472656 0.765625 0.468750 0.765625 0.460938 0.761719 0.457031 0.761719 0.445312 0.757812 0.441406 0.757812 0.433594 0.738281 0.433594 0.730469 0.441406 0.710938 0.441406 0.707031 0.437500 0.707031 0.433594
3 0.453125 0.425781 0.453125 0.460938 0.464844 0.460938 0.468750 0.457031 0.496094 0.457031 0.511719 0.472656 0.511719 0.511719 0.507812 0.515625 0.496094 0.515625 0.492188 0.519531 0.460938 0.519531 0.457031 0.515625 0.445312 0.515625 0.441406 0.519531 0.437500 0.519531 0.433594 0.523438 0.414062 0.523438 0.410156 0.519531 0.398438 0.519531 0.398438 0.531250 0.406250 0.531250 0.410156 0.535156 0.433594 0.535156 0.437500 0.539062 0.445312 0.539062 0.445312 0.535156 0.449219 0.531250 0.484375 0.531250 0.492188 0.539062 0.496094 0.539062 0.500000 0.542969 0.511719 0.542969 0.515625 0.546875 0.515625 0.554688 0.519531 0.558594 0.519531 0.589844 0.515625 0.593750 0.503906 0.593750 0.500000 0.597656 0.500000 0.601562 0.492188 0.609375 0.492188 0.621094 0.488281 0.625000 0.449219 0.625000 0.449219 0.628906 0.445312 0.632812 0.445312 0.640625 0.453125 0.648438 0.453125 0.652344 0.457031 0.656250 0.457031 0.679688 0.460938 0.683594 0.468750 0.683594 0.472656 0.679688 0.472656 0.656250 0.476562 0.652344 0.492188 0.652344 0.496094 0.656250 0.500000 0.656250 0.503906 0.660156 0.503906 0.695312 0.500000 0.699219 0.496094 0.699219 0.496094 0.714844 0.492188 0.718750 0.484375 0.718750 0.480469 0.722656 0.468750 0.722656 0.464844 0.726562 0.464844 0.738281 0.468750 0.738281 0.472656 0.742188 0.472656 0.757812 0.476562 0.757812 0.480469 0.761719 0.480469 0.785156 0.472656 0.792969 0.472656 0.800781 0.480469 0.800781 0.484375 0.804688 0.484375 0.835938 0.496094 0.835938 0.500000 0.839844 0.527344 0.839844 0.531250 0.843750 0.531250 0.886719 0.527344 0.890625 0.523438 0.890625 0.523438 0.898438 0.535156 0.898438 0.535156 0.882812 0.539062 0.878906 0.546875 0.878906 0.546875 0.867188 0.542969 0.863281 0.542969 0.843750 0.546875 0.839844 0.562500 0.839844 0.562500 0.832031 0.554688 0.832031 0.550781 0.828125 0.550781 0.816406 0.546875 0.812500 0.546875 0.800781 0.542969 0.796875 0.542969 0.773438 0.539062 0.769531 0.539062 0.750000 0.527344 0.750000 0.523438 0.753906 0.511719 0.753906 0.507812 0.757812 0.488281 0.757812 0.484375 0.753906 0.484375 0.738281 0.492188 0.730469 0.496094 0.730469 0.496094 0.714844 0.500000 0.710938 0.519531 0.710938 0.523438 0.707031 0.523438 0.703125 0.531250 0.695312 0.535156 0.695312 0.542969 0.687500 0.542969 0.667969 0.539062 0.667969 0.535156 0.664062 0.535156 0.648438 0.539062 0.644531 0.554688 0.644531 0.558594 0.648438 0.558594 0.656250 0.589844 0.656250 0.593750 0.652344 0.593750 0.648438 0.597656 0.644531 0.597656 0.632812 0.601562 0.628906 0.617188 0.628906 0.621094 0.625000 0.628906 0.625000 0.632812 0.621094 0.636719 0.621094 0.640625 0.617188 0.644531 0.617188 0.644531 0.613281 0.648438 0.609375 0.664062 0.609375 0.664062 0.601562 0.656250 0.601562 0.652344 0.597656 0.652344 0.578125 0.648438 0.578125 0.644531 0.574219 0.632812 0.574219 0.628906 0.578125 0.628906 0.593750 0.625000 0.597656 0.613281 0.597656 0.613281 0.601562 0.609375 0.605469 0.589844 0.605469 0.585938 0.609375 0.582031 0.609375 0.578125 0.613281 0.574219 0.613281 0.566406 0.621094 0.566406 0.625000 0.562500 0.628906 0.539062 0.628906 0.535156 0.625000 0.523438 0.625000 0.519531 0.621094 0.519531 0.589844 0.523438 0.585938 0.527344 0.585938 0.531250 0.582031 0.531250 0.554688 0.535156 0.550781 0.562500 0.550781 0.570312 0.542969 0.570312 0.527344 0.558594 0.527344 0.554688 0.523438 0.554688 0.507812 0.546875 0.507812 0.542969 0.503906 0.542969 0.484375 0.539062 0.484375 0.535156 0.480469 0.531250 0.480469 0.527344 0.476562 0.527344 0.472656 0.523438 0.468750 0.523438 0.457031 0.519531 0.453125 0.503906 0.453125 0.500000 0.449219 0.500000 0.433594 0.496094 0.429688 0.468750 0.429688 0.464844 0.425781
3 0.804688 0.382812 0.804688 0.398438 0.808594 0.402344 0.808594 0.417969 0.800781 0.425781 0.800781 0.429688 0.796875 0.433594 0.796875 0.441406 0.808594 0.441406 0.812500 0.437500 0.824219 0.437500 0.824219 0.421875 0.828125 0.417969 0.828125 0.414062 0.832031 0.410156 0.832031 0.402344 0.820312 0.402344 0.816406 0.398438 0.816406 0.382812
3 0.578125 0.363281 0.570312 0.371094 0.562500 0.371094 0.562500 0.382812 0.570312 0.382812 0.574219 0.386719 0.589844 0.386719 0.593750 0.390625 0.609375 0.390625 0.613281 0.386719 0.613281 0.375000 0.601562 0.363281
3 0.207031 0.316406 0.199219 0.324219 0.199219 0.343750 0.203125 0.343750 0.207031 0.347656 0.222656 0.347656 0.226562 0.351562 0.242188 0.351562 0.246094 0.347656 0.257812 0.347656 0.257812 0.328125 0.234375 0.328125 0.226562 0.320312 0.222656 0.320312 0.218750 0.316406
3 0.812500 0.269531 0.808594 0.273438 0.800781 0.273438 0.796875 0.277344 0.777344 0.277344 0.773438 0.273438 0.761719 0.273438 0.757812 0.277344 0.757812 0.296875 0.753906 0.300781 0.742188 0.300781 0.738281 0.304688 0.734375 0.304688 0.726562 0.312500 0.722656 0.312500 0.718750 0.316406 0.703125 0.316406 0.703125 0.328125 0.699219 0.332031 0.691406 0.332031 0.691406 0.347656 0.710938 0.347656 0.714844 0.343750 0.746094 0.343750 0.750000 0.339844 0.757812 0.339844 0.761719 0.335938 0.765625 0.335938 0.765625 0.316406 0.769531 0.312500 0.781250 0.312500 0.781250 0.296875 0.785156 0.292969 0.808594 0.292969 0.812500 0.289062 0.828125 0.289062 0.832031 0.292969 0.839844 0.292969 0.839844 0.289062 0.843750 0.285156 0.847656 0.285156 0.847656 0.269531
3 0.675781 0.171875 0.675781 0.175781 0.671875 0.179688 0.664062 0.179688 0.660156 0.183594 0.617188 0.183594 0.617188 0.191406 0.621094 0.195312 0.628906 0.195312 0.632812 0.199219 0.671875 0.199219 0.675781 0.203125 0.687500 0.203125 0.691406 0.199219 0.691406 0.191406 0.695312 0.187500 0.703125 0.187500 0.703125 0.179688 0.699219 0.179688 0.691406 0.171875
