3 0.234375 0.765625 0.234375 0.773438 0.238281 0.777344 0.246094 0.777344 0.246094 0.769531 0.242188 0.765625
3 0.167969 0.718750 0.167969 0.738281 0.175781 0.738281 0.179688 0.742188 0.183594 0.742188 0.187500 0.746094 0.199219 0.746094 0.199219 0.738281 0.191406 0.730469 0.187500 0.730469 0.183594 0.726562 0.183594 0.722656 0.179688 0.718750
3 0.097656 0.636719 0.097656 0.648438 0.093750 0.652344 0.093750 0.660156 0.097656 0.660156 0.101562 0.664062 0.101562 0.667969 0.187500 0.667969 0.187500 0.660156 0.183594 0.656250 0.125000 0.656250 0.121094 0.652344 0.117188 0.652344 0.109375 0.644531 0.109375 0.640625 0.105469 0.636719
3 0.054688 0.585938 0.054688 0.593750 0.058594 0.593750 0.062500 0.597656 0.085938 0.597656 0.089844 0.601562 0.093750 0.601562 0.097656 0.605469 0.140625 0.605469 0.140625 0.593750 0.113281 0.593750 0.109375 0.589844 0.101562 0.589844 0.097656 0.585938
3 0.761719 0.582031 0.753906 0.589844 0.726562 0.589844 0.726562 0.593750 0.722656 0.597656 0.707031 0.597656 0.707031 0.605469 0.710938 0.609375 0.718750 0.609375 0.722656 0.613281 0.726562 0.613281 0.730469 0.617188 0.753906 0.617188 0.757812 0.621094 0.757812 0.625000 0.765625 0.625000 0.765625 0.617188 0.769531 0.613281 0.789062 0.613281 0.796875 0.621094 0.804688 0.621094 0.808594 0.625000 0.816406 0.625000 0.824219 0.617188 0.824219 0.609375 0.812500 0.609375 0.808594 0.605469 0.804688 0.605469 0.800781 0.601562 0.800781 0.585938 0.792969 0.585938 0.789062 0.582031
3 0.035156 0.484375 0.031250 0.488281 0.031250 0.519531 0.039062 0.519531 0.042969 0.515625 0.046875 0.515625 0.050781 0.511719 0.078125 0.511719 0.082031 0.507812 0.128906 0.507812 0.132812 0.503906 0.136719 0.503906 0.136719 0.492188 0.132812 0.488281 0.128906 0.488281 0.125000 0.484375 0.109375 0.484375 0.105469 0.488281 0.058594 0.488281 0.054688 0.484375
3 0.671875 0.460938 0.667969 0.464844 0.660156 0.464844 0.652344 0.472656 0.648438 0.472656 0.644531 0.476562 0.617188 0.476562 0.613281 0.480469 0.613281 0.488281 0.656250 0.488281 0.660156 0.492188 0.691406 0.492188 0.691406 0.472656 0.695312 0.468750 0.703125 0.468750 0.703125 0.460938
3 0.800781 0.406250 0.800781 0.410156 0.792969 0.417969 0.785156 0.417969 0.781250 0.421875 0.761719 0.421875 0.757812 0.425781 0.742188 0.425781 0.738281 0.429688 0.734375 0.429688 0.730469 0.433594 0.730469 0.437500 0.726562 0.441406 0.718750 0.441406 0.718750 0.453125 0.738281 0.453125 0.738281 0.449219 0.742188 0.445312 0.750000 0.445312 0.753906 0.441406 0.769531 0.441406 0.773438 0.445312 0.773438 0.457031 0.785156 0.457031 0.785156 0.441406 0.789062 0.437500 0.804688 0.437500 0.820312 0.421875 0.820312 0.414062 0.812500 0.406250
3 0.640625 0.394531 0.636719 0.398438 0.582031 0.398438 0.582031 0.406250 0.585938 0.410156 0.585938 0.414062 0.589844 0.417969 0.589844 0.425781 0.621094 0.425781 0.625000 0.429688 0.640625 0.429688 0.644531 0.425781 0.644531 0.421875 0.648438 0.417969 0.664062 0.417969 0.664062 0.410156 0.660156 0.406250 0.660156 0.394531
3 0.031250 0.386719 0.031250 0.398438 0.035156 0.398438 0.039062 0.402344 0.042969 0.402344 0.046875 0.406250 0.066406 0.406250 0.070312 0.402344 0.074219 0.402344 0.074219 0.394531 0.062500 0.394531 0.058594 0.390625 0.046875 0.390625 0.042969 0.386719
3 0.308594 0.378906 0.308594 0.386719 0.316406 0.386719 0.316406 0.378906
3 0.722656 0.359375 0.714844 0.367188 0.714844 0.371094 0.710938 0.375000 0.691406 0.375000 0.687500 0.371094 0.675781 0.371094 0.675781 0.386719 0.703125 0.386719 0.707031 0.390625 0.718750 0.390625 0.722656 0.394531 0.738281 0.394531 0.738281 0.371094 0.742188 0.367188 0.742188 0.359375
3 0.078125 0.320312 0.074219 0.324219 0.066406 0.324219 0.066406 0.339844 0.062500 0.343750 0.062500 0.367188 0.074219 0.367188 0.074219 0.351562 0.078125 0.347656 0.078125 0.339844 0.085938 0.332031 0.085938 0.320312
3 0.113281 0.277344 0.113281 0.281250 0.109375 0.285156 0.109375 0.292969 0.140625 0.292969 0.140625 0.277344
3 0.167969 0.230469 0.164062 0.234375 0.164062 0.242188 0.160156 0.246094 0.148438 0.246094 0.148438 0.273438 0.156250 0.273438 0.160156 0.269531 0.207031 0.269531 0.210938 0.273438 0.210938 0.312500 0.218750 0.312500 0.222656 0.308594 0.257812 0.308594 0.261719 0.312500 0.273438 0.312500 0.277344 0.316406 0.277344 0.320312 0.281250 0.320312 0.289062 0.328125 0.289062 0.332031 0.343750 0.332031 0.347656 0.335938 0.355469 0.335938 0.359375 0.339844 0.359375 0.363281 0.355469 0.367188 0.355469 0.375000 0.359375 0.378906 0.359375 0.425781 0.355469 0.429688 0.351562 0.429688 0.347656 0.433594 0.347656 0.441406 0.343750 0.445312 0.324219 0.445312 0.316406 0.437500 0.273438 0.437500 0.269531 0.433594 0.261719 0.433594 0.257812 0.429688 0.257812 0.425781 0.242188 0.425781 0.234375 0.417969 0.234375 0.402344 0.242188 0.394531 0.242188 0.390625 0.246094 0.386719 0.265625 0.386719 0.269531 0.382812 0.277344 0.382812 0.281250 0.378906 0.285156 0.378906 0.285156 0.347656 0.265625 0.347656 0.261719 0.351562 0.238281 0.351562 0.238281 0.371094 0.234375 0.375000 0.234375 0.378906 0.230469 0.382812 0.230469 0.386719 0.226562 0.390625 0.210938 0.390625 0.210938 0.398438 0.214844 0.402344 0.214844 0.421875 0.210938 0.425781 0.195312 0.425781 0.191406 0.421875 0.187500 0.421875 0.179688 0.414062 0.171875 0.414062 0.167969 0.410156 0.125000 0.410156 0.117188 0.402344 0.105469 0.402344 0.105469 0.410156 0.109375 0.410156 0.113281 0.414062 0.125000 0.414062 0.128906 0.417969 0.128906 0.433594 0.125000 0.437500 0.113281 0.437500 0.113281 0.445312 0.132812 0.445312 0.136719 0.441406 0.195312 0.441406 0.203125 0.449219 0.207031 0.449219 0.210938 0.453125 0.214844 0.453125 0.218750 0.457031 0.218750 0.472656 0.214844 0.476562 0.214844 0.488281 0.234375 0.488281 0.238281 0.492188 0.246094 0.492188 0.250000 0.496094 0.250000 0.531250 0.261719 0.531250 0.265625 0.535156 0.265625 0.558594 0.261719 0.562500 0.257812 0.562500 0.257812 0.570312 0.253906 0.574219 0.250000 0.574219 0.246094 0.578125 0.230469 0.578125 0.226562 0.574219 0.226562 0.550781 0.230469 0.546875 0.230469 0.535156 0.199219 0.535156 0.199219 0.558594 0.195312 0.562500 0.183594 0.562500 0.183594 0.566406 0.179688 0.570312 0.156250 0.570312 0.152344 0.566406 0.152344 0.562500 0.136719 0.562500 0.136719 0.570312 0.140625 0.570312 0.144531 0.574219 0.144531 0.582031 0.183594 0.582031 0.195312 0.593750 0.195312 0.597656 0.199219 0.601562 0.253906 0.601562 0.257812 0.605469 0.269531 0.605469 0.273438 0.609375 0.292969 0.609375 0.296875 0.613281 0.300781 0.613281 0.308594 0.621094 0.308594 0.644531 0.316406 0.644531 0.320312 0.640625 0.324219 0.640625 0.324219 0.625000 0.328125 0.621094 0.347656 0.621094 0.351562 0.625000 0.359375 0.625000 0.363281 0.628906 0.371094 0.628906 0.375000 0.632812 0.378906 0.632812 0.382812 0.636719 0.382812 0.640625 0.398438 0.640625 0.402344 0.644531 0.406250 0.644531 0.410156 0.648438 0.410156 0.652344 0.421875 0.652344 0.425781 0.656250 0.429688 0.656250 0.433594 0.660156 0.433594 0.664062 0.449219 0.664062 0.453125 0.660156 0.457031 0.660156 0.460938 0.656250 0.464844 0.656250 0.472656 0.648438 0.476562 0.648438 0.480469 0.644531 0.503906 0.644531 0.507812 0.648438 0.507812 0.652344 0.515625 0.660156 0.515625 0.664062 0.519531 0.667969 0.519531 0.671875 0.535156 0.671875 0.539062 0.675781 0.539062 0.695312 0.535156 0.699219 0.523438 0.699219 0.523438 0.738281 0.519531 0.742188 0.503906 0.742188 0.500000 0.738281 0.500000 0.722656 0.492188 0.722656 0.488281 0.718750 0.480469 0.718750 0.476562 0.714844 0.468750 0.714844 0.464844 0.710938 0.457031 0.710938 0.457031 0.718750 0.460938 0.722656 0.468750 0.722656 0.472656 0.726562 0.476562 0.726562 0.480469 0.730469 0.488281 0.730469 0.492188 0.734375 0.492188 0.753906 0.496094 0.753906 0.500000 0.757812 0.500000 0.761719 0.503906 0.765625 0.503906 0.781250 0.500000 0.785156 0.496094 0.785156 0.496094 0.796875 0.503906 0.804688 0.503906 0.828125 0.550781 0.828125 0.554688 0.832031 0.554688 0.839844 0.558594 0.839844 0.562500 0.843750 0.562500 0.847656 0.582031 0.847656 0.585938 0.851562 0.597656 0.851562 0.597656 0.828125 0.578125 0.828125 0.574219 0.824219 0.570312 0.824219 0.562500 0.816406 0.562500 0.800781 0.566406 0.796875 0.566406 0.765625 0.570312 0.761719 0.585938 0.761719 0.589844 0.757812 0.593750 0.757812 0.593750 0.750000 0.589844 0.750000 0.585938 0.746094 0.585938 0.718750 0.589844 0.714844 0.609375 0.714844 0.613281 0.718750 0.613281 0.730469 0.636719 0.730469 0.640625 0.734375 0.648438 0.734375 0.652344 0.730469 0.660156 0.730469 0.664062 0.726562 0.707031 0.726562 0.707031 0.714844 0.683594 0.714844 0.679688 0.710938 0.679688 0.687500 0.675781 0.683594 0.675781 0.675781 0.671875 0.671875 0.671875 0.656250 0.675781 0.652344 0.675781 0.640625 0.656250 0.640625 0.648438 0.648438 0.648438 0.652344 0.644531 0.656250 0.625000 0.656250 0.621094 0.652344 0.621094 0.613281 0.625000 0.609375 0.632812 0.609375 0.632812 0.589844 0.636719 0.585938 0.660156 0.585938 0.664062 0.582031 0.667969 0.582031 0.667969 0.546875 0.671875 0.542969 0.679688 0.542969 0.679688 0.535156 0.687500 0.527344 0.714844 0.527344 0.718750 0.523438 0.738281 0.523438 0.742188 0.527344 0.757812 0.527344 0.757812 0.523438 0.761719 0.519531 0.773438 0.519531 0.773438 0.511719 0.769531 0.507812 0.734375 0.507812 0.730469 0.503906 0.718750 0.503906 0.714844 0.507812 0.707031 0.507812 0.707031 0.511719 0.695312 0.523438 0.675781 0.523438 0.671875 0.527344 0.656250 0.527344 0.652344 0.531250 0.648438 0.531250 0.644531 0.535156 0.628906 0.535156 0.625000 0.539062 0.617188 0.539062 0.613281 0.542969 0.601562 0.542969 0.597656 0.546875 0.574219 0.546875 0.562500 0.535156 0.558594 0.535156 0.550781 0.527344 0.546875 0.527344 0.542969 0.523438 0.531250 0.523438 0.531250 0.527344 0.527344 0.531250 0.511719 0.531250 0.507812 0.527344 0.507812 0.507812 0.511719 0.503906 0.511719 0.492188 0.515625 0.488281 0.527344 0.488281 0.531250 0.484375 0.531250 0.480469 0.535156 0.476562 0.535156 0.453125 0.531250 0.449219 0.531250 0.402344 0.535156 0.398438 0.550781 0.398438 0.550781 0.390625 0.539062 0.390625 0.535156 0.386719 0.535156 0.382812 0.531250 0.378906 0.531250 0.332031 0.507812 0.332031 0.503906 0.328125 0.503906 0.304688 0.500000 0.300781 0.500000 0.285156 0.503906 0.281250 0.503906 0.269531 0.500000 0.265625 0.500000 0.246094 0.492188 0.246094 0.488281 0.250000 0.488281 0.253906 0.484375 0.257812 0.476562 0.257812 0.476562 0.273438 0.472656 0.277344 0.453125 0.277344 0.453125 0.289062 0.457031 0.289062 0.460938 0.292969 0.468750 0.292969 0.472656 0.296875 0.492188 0.296875 0.496094 0.300781 0.496094 0.312500 0.500000 0.316406 0.500000 0.332031 0.488281 0.343750 0.472656 0.343750 0.468750 0.339844 0.425781 0.339844 0.417969 0.332031 0.394531 0.332031 0.390625 0.328125 0.378906 0.328125 0.375000 0.324219 0.363281 0.324219 0.355469 0.316406 0.355469 0.300781 0.339844 0.300781 0.339844 0.308594 0.335938 0.312500 0.316406 0.312500 0.312500 0.308594 0.296875 0.308594 0.292969 0.304688 0.289062 0.304688 0.285156 0.300781 0.285156 0.296875 0.281250 0.292969 0.281250 0.273438 0.273438 0.273438 0.269531 0.277344 0.238281 0.277344 0.234375 0.273438 0.234375 0.261719 0.218750 0.261719 0.214844 0.257812 0.210938 0.257812 0.207031 0.253906 0.207031 0.250000 0.203125 0.246094 0.203125 0.242188 0.199219 0.238281 0.187500 0.238281 0.183594 0.234375 0.179688 0.234375 0.175781 0.230469
3 0.296875 0.214844 0.292969 0.218750 0.289062 0.218750 0.289062 0.253906 0.312500 0.253906 0.316406 0.257812 0.316406 0.273438 0.339844 0.273438 0.339844 0.265625 0.343750 0.261719 0.371094 0.261719 0.371094 0.257812 0.375000 0.253906 0.410156 0.253906 0.410156 0.246094 0.406250 0.242188 0.406250 0.234375 0.375000 0.234375 0.371094 0.230469 0.371094 0.226562 0.367188 0.222656 0.355469 0.222656 0.355469 0.234375 0.351562 0.238281 0.328125 0.238281 0.324219 0.234375 0.324219 0.218750 0.320312 0.218750 0.316406 0.214844
3 0.484375 0.179688 0.484375 0.195312 0.496094 0.195312 0.500000 0.199219 0.500000 0.210938 0.503906 0.210938 0.507812 0.214844 0.519531 0.214844 0.519531 0.207031 0.523438 0.203125 0.523438 0.187500 0.503906 0.187500 0.500000 0.183594 0.496094 0.183594 0.492188 0.179688
3 0.277344 0.175781 0.277344 0.179688 0.273438 0.183594 0.257812 0.183594 0.250000 0.191406 0.246094 0.191406 0.242188 0.195312 0.242188 0.207031 0.238281 0.210938 0.238281 0.218750 0.242188 0.218750 0.246094 0.222656 0.261719 0.222656 0.261719 0.207031 0.273438 0.195312 0.281250 0.195312 0.285156 0.191406 0.285156 0.175781
3 0.535156 0.171875 0.535156 0.179688 0.546875 0.179688 0.546875 0.171875
3 0.632812 0.156250 0.625000 0.164062 0.625000 0.195312 0.621094 0.199219 0.613281 0.199219 0.609375 0.203125 0.601562 0.203125 0.597656 0.207031 0.593750 0.207031 0.589844 0.210938 0.589844 0.222656 0.582031 0.230469 0.562500 0.230469 0.562500 0.261719 0.558594 0.265625 0.554688 0.265625 0.550781 0.269531 0.550781 0.277344 0.554688 0.281250 0.558594 0.281250 0.562500 0.285156 0.562500 0.308594 0.558594 0.312500 0.554688 0.312500 0.554688 0.320312 0.558594 0.324219 0.558594 0.332031 0.562500 0.335938 0.562500 0.347656 0.585938 0.347656 0.589844 0.343750 0.617188 0.343750 0.625000 0.335938 0.625000 0.328125 0.613281 0.328125 0.609375 0.324219 0.609375 0.312500 0.605469 0.308594 0.601562 0.308594 0.597656 0.304688 0.597656 0.281250 0.601562 0.277344 0.648438 0.277344 0.652344 0.273438 0.660156 0.273438 0.660156 0.269531 0.664062 0.265625 0.671875 0.265625 0.675781 0.261719 0.675781 0.250000 0.644531 0.250000 0.640625 0.246094 0.640625 0.230469 0.644531 0.226562 0.644531 0.214844 0.648438 0.210938 0.664062 0.210938 0.667969 0.214844 0.671875 0.214844 0.675781 0.218750 0.683594 0.218750 0.687500 0.222656 0.687500 0.238281 0.695312 0.238281 0.699219 0.242188 0.746094 0.242188 0.753906 0.234375 0.753906 0.226562 0.726562 0.226562 0.722656 0.222656 0.722656 0.191406 0.726562 0.187500 0.730469 0.187500 0.730469 0.179688 0.675781 0.179688 0.671875 0.175781 0.648438 0.175781 0.644531 0.171875 0.644531 0.164062 0.640625 0.160156 0.640625 0.156250
3 0.593750 0.093750 0.593750 0.125000 0.597656 0.128906 0.605469 0.128906 0.609375 0.125000 0.621094 0.125000 0.621094 0.117188 0.628906 0.109375 0.628906 0.097656 0.609375 0.097656 0.605469 0.093750
3 0.738281 0.031250 0.734375 0.035156 0.734375 0.039062 0.730469 0.042969 0.718750 0.042969 0.718750 0.050781 0.714844 0.054688 0.687500 0.054688 0.683594 0.058594 0.675781 0.058594 0.675781 0.070312 0.679688 0.074219 0.703125 0.074219 0.707031 0.078125 0.714844 0.078125 0.722656 0.070312 0.726562 0.070312 0.738281 0.058594 0.738281 0.054688 0.742188 0.050781 0.742188 0.046875 0.746094 0.042969 0.746094 0.031250
