3 0.410156 0.925781 0.410156 0.933594 0.414062 0.937500 0.414062 0.953125 0.410156 0.957031 0.386719 0.957031 0.386719 0.964844 0.402344 0.964844 0.417969 0.980469 0.421875 0.980469 0.425781 0.984375 0.425781 0.996094 0.441406 0.996094 0.441406 0.988281 0.445312 0.984375 0.449219 0.984375 0.449219 0.976562 0.445312 0.972656 0.437500 0.972656 0.433594 0.968750 0.433594 0.945312 0.425781 0.937500 0.425781 0.933594 0.417969 0.925781
3 0.433594 0.750000 0.433594 0.753906 0.429688 0.757812 0.394531 0.757812 0.390625 0.761719 0.390625 0.781250 0.386719 0.785156 0.378906 0.785156 0.375000 0.789062 0.371094 0.789062 0.371094 0.808594 0.386719 0.808594 0.390625 0.812500 0.390625 0.824219 0.394531 0.828125 0.394531 0.835938 0.398438 0.839844 0.398438 0.863281 0.402344 0.863281 0.406250 0.867188 0.406250 0.878906 0.414062 0.878906 0.417969 0.875000 0.417969 0.859375 0.421875 0.855469 0.425781 0.855469 0.425781 0.843750 0.414062 0.832031 0.414062 0.820312 0.410156 0.816406 0.402344 0.816406 0.398438 0.812500 0.398438 0.792969 0.402344 0.789062 0.417969 0.789062 0.425781 0.796875 0.433594 0.796875 0.433594 0.792969 0.437500 0.789062 0.441406 0.789062 0.441406 0.785156 0.445312 0.781250 0.445312 0.777344 0.449219 0.773438 0.449219 0.757812 0.441406 0.750000
3 0.265625 0.714844 0.265625 0.726562 0.261719 0.730469 0.261719 0.761719 0.257812 0.765625 0.246094 0.765625 0.246094 0.777344 0.250000 0.781250 0.250000 0.785156 0.277344 0.785156 0.281250 0.789062 0.281250 0.796875 0.285156 0.800781 0.289062 0.800781 0.292969 0.804688 0.292969 0.816406 0.300781 0.824219 0.308594 0.824219 0.312500 0.828125 0.320312 0.828125 0.324219 0.832031 0.335938 0.832031 0.335938 0.824219 0.328125 0.816406 0.328125 0.812500 0.320312 0.812500 0.312500 0.804688 0.312500 0.789062 0.316406 0.785156 0.324219 0.785156 0.324219 0.781250 0.328125 0.777344 0.328125 0.769531 0.316406 0.769531 0.312500 0.765625 0.289062 0.765625 0.285156 0.761719 0.285156 0.750000 0.281250 0.746094 0.281250 0.730469 0.285156 0.726562 0.285156 0.714844
3 0.406250 0.710938 0.402344 0.714844 0.394531 0.714844 0.394531 0.726562 0.398438 0.726562 0.402344 0.730469 0.421875 0.730469 0.421875 0.726562 0.425781 0.722656 0.425781 0.714844 0.421875 0.714844 0.417969 0.710938
3 0.753906 0.703125 0.750000 0.707031 0.750000 0.714844 0.761719 0.714844 0.765625 0.718750 0.765625 0.722656 0.769531 0.726562 0.769531 0.746094 0.792969 0.746094 0.792969 0.738281 0.785156 0.730469 0.785156 0.726562 0.781250 0.722656 0.781250 0.707031 0.777344 0.703125
3 0.410156 0.648438 0.410156 0.656250 0.417969 0.656250 0.417969 0.648438
3 0.765625 0.632812 0.765625 0.644531 0.757812 0.652344 0.753906 0.652344 0.750000 0.656250 0.746094 0.656250 0.742188 0.660156 0.730469 0.660156 0.730469 0.667969 0.757812 0.667969 0.761719 0.671875 0.785156 0.671875 0.789062 0.675781 0.804688 0.675781 0.808594 0.679688 0.812500 0.679688 0.820312 0.687500 0.820312 0.691406 0.828125 0.691406 0.832031 0.695312 0.843750 0.695312 0.847656 0.691406 0.847656 0.683594 0.843750 0.679688 0.843750 0.660156 0.835938 0.660156 0.835938 0.664062 0.832031 0.667969 0.812500 0.667969 0.808594 0.664062 0.796875 0.664062 0.785156 0.652344 0.785156 0.632812
3 0.613281 0.632812 0.609375 0.636719 0.550781 0.636719 0.546875 0.640625 0.527344 0.640625 0.523438 0.636719 0.500000 0.636719 0.496094 0.640625 0.488281 0.640625 0.488281 0.660156 0.484375 0.664062 0.480469 0.664062 0.480469 0.679688 0.492188 0.679688 0.496094 0.683594 0.496094 0.703125 0.527344 0.703125 0.531250 0.707031 0.531250 0.714844 0.535156 0.718750 0.535156 0.753906 0.539062 0.757812 0.570312 0.757812 0.578125 0.765625 0.597656 0.765625 0.601562 0.761719 0.617188 0.761719 0.621094 0.757812 0.625000 0.757812 0.628906 0.753906 0.628906 0.742188 0.597656 0.742188 0.593750 0.738281 0.593750 0.710938 0.589844 0.710938 0.585938 0.707031 0.585938 0.683594 0.582031 0.683594 0.578125 0.679688 0.578125 0.660156 0.582031 0.656250 0.597656 0.656250 0.601562 0.660156 0.601562 0.679688 0.609375 0.679688 0.613281 0.683594 0.613281 0.699219 0.628906 0.699219 0.632812 0.703125 0.644531 0.703125 0.648438 0.699219 0.652344 0.699219 0.656250 0.695312 0.656250 0.671875 0.660156 0.667969 0.679688 0.667969 0.679688 0.660156 0.667969 0.660156 0.664062 0.664062 0.644531 0.664062 0.640625 0.660156 0.640625 0.644531 0.644531 0.640625 0.644531 0.632812
3 0.140625 0.605469 0.140625 0.613281 0.148438 0.621094 0.148438 0.644531 0.156250 0.652344 0.191406 0.652344 0.195312 0.648438 0.203125 0.648438 0.203125 0.644531 0.207031 0.640625 0.238281 0.640625 0.238281 0.632812 0.218750 0.632812 0.210938 0.625000 0.207031 0.625000 0.203125 0.621094 0.199219 0.621094 0.195312 0.617188 0.171875 0.617188 0.164062 0.609375 0.156250 0.609375 0.152344 0.605469
3 0.671875 0.566406 0.667969 0.570312 0.667969 0.574219 0.664062 0.578125 0.656250 0.578125 0.656250 0.582031 0.652344 0.585938 0.644531 0.585938 0.644531 0.597656 0.648438 0.601562 0.671875 0.601562 0.675781 0.605469 0.675781 0.617188 0.679688 0.621094 0.683594 0.621094 0.687500 0.625000 0.691406 0.625000 0.695312 0.628906 0.710938 0.628906 0.710938 0.605469 0.714844 0.601562 0.726562 0.601562 0.726562 0.593750 0.722656 0.589844 0.722656 0.574219 0.707031 0.574219 0.699219 0.566406
3 0.285156 0.535156 0.281250 0.539062 0.281250 0.562500 0.277344 0.566406 0.265625 0.566406 0.265625 0.582031 0.273438 0.589844 0.277344 0.589844 0.281250 0.593750 0.289062 0.593750 0.292969 0.597656 0.292969 0.617188 0.289062 0.621094 0.289062 0.628906 0.320312 0.628906 0.324219 0.632812 0.335938 0.632812 0.339844 0.636719 0.339844 0.656250 0.343750 0.660156 0.343750 0.691406 0.339844 0.695312 0.328125 0.695312 0.328125 0.703125 0.347656 0.703125 0.351562 0.707031 0.351562 0.722656 0.355469 0.722656 0.359375 0.726562 0.367188 0.726562 0.371094 0.722656 0.371094 0.683594 0.367188 0.683594 0.363281 0.679688 0.363281 0.664062 0.371094 0.656250 0.378906 0.656250 0.382812 0.652344 0.386719 0.652344 0.386719 0.636719 0.390625 0.632812 0.406250 0.632812 0.406250 0.609375 0.410156 0.605469 0.414062 0.605469 0.414062 0.597656 0.410156 0.593750 0.410156 0.578125 0.417969 0.570312 0.417969 0.562500 0.406250 0.562500 0.402344 0.558594 0.402344 0.550781 0.394531 0.542969 0.382812 0.542969 0.382812 0.554688 0.378906 0.558594 0.343750 0.558594 0.339844 0.554688 0.335938 0.554688 0.332031 0.550781 0.324219 0.550781 0.312500 0.539062 0.304688 0.539062 0.300781 0.535156
3 0.886719 0.492188 0.886719 0.496094 0.882812 0.500000 0.878906 0.500000 0.878906 0.507812 0.875000 0.511719 0.875000 0.519531 0.871094 0.523438 0.867188 0.523438 0.867188 0.539062 0.871094 0.542969 0.890625 0.542969 0.894531 0.546875 0.917969 0.546875 0.917969 0.535156 0.914062 0.535156 0.910156 0.531250 0.902344 0.531250 0.898438 0.527344 0.898438 0.492188
3 0.578125 0.488281 0.578125 0.503906 0.582031 0.507812 0.582031 0.527344 0.578125 0.531250 0.562500 0.531250 0.558594 0.527344 0.550781 0.527344 0.546875 0.531250 0.546875 0.542969 0.554688 0.542969 0.562500 0.550781 0.566406 0.550781 0.570312 0.554688 0.570312 0.558594 0.578125 0.558594 0.578125 0.554688 0.582031 0.550781 0.582031 0.535156 0.585938 0.531250 0.597656 0.531250 0.605469 0.523438 0.605469 0.507812 0.593750 0.496094 0.593750 0.488281
3 0.375000 0.472656 0.375000 0.480469 0.382812 0.480469 0.386719 0.484375 0.386719 0.488281 0.390625 0.492188 0.394531 0.492188 0.398438 0.496094 0.402344 0.496094 0.406250 0.500000 0.410156 0.500000 0.414062 0.503906 0.417969 0.503906 0.425781 0.511719 0.429688 0.511719 0.433594 0.515625 0.441406 0.515625 0.445312 0.511719 0.449219 0.511719 0.453125 0.507812 0.460938 0.507812 0.464844 0.503906 0.464844 0.492188 0.460938 0.492188 0.457031 0.488281 0.453125 0.488281 0.449219 0.484375 0.398438 0.484375 0.394531 0.480469 0.386719 0.480469 0.382812 0.476562 0.382812 0.472656
3 0.878906 0.433594 0.875000 0.437500 0.867188 0.437500 0.867188 0.445312 0.863281 0.449219 0.843750 0.449219 0.839844 0.445312 0.839844 0.437500 0.832031 0.437500 0.832031 0.441406 0.828125 0.445312 0.828125 0.460938 0.824219 0.464844 0.769531 0.464844 0.765625 0.460938 0.765625 0.453125 0.750000 0.453125 0.746094 0.457031 0.687500 0.457031 0.683594 0.453125 0.671875 0.453125 0.667969 0.449219 0.664062 0.449219 0.660156 0.445312 0.652344 0.445312 0.648438 0.441406 0.636719 0.441406 0.632812 0.445312 0.628906 0.445312 0.625000 0.449219 0.621094 0.449219 0.621094 0.460938 0.640625 0.460938 0.644531 0.464844 0.644531 0.492188 0.652344 0.492188 0.660156 0.484375 0.664062 0.484375 0.664062 0.472656 0.667969 0.468750 0.687500 0.468750 0.691406 0.472656 0.695312 0.472656 0.699219 0.476562 0.699219 0.492188 0.714844 0.492188 0.714844 0.480469 0.718750 0.476562 0.746094 0.476562 0.750000 0.480469 0.750000 0.496094 0.765625 0.496094 0.773438 0.488281 0.804688 0.488281 0.812500 0.496094 0.812500 0.503906 0.816406 0.507812 0.816406 0.511719 0.824219 0.519531 0.832031 0.519531 0.835938 0.515625 0.835938 0.507812 0.832031 0.503906 0.832031 0.500000 0.828125 0.500000 0.824219 0.496094 0.824219 0.480469 0.828125 0.476562 0.828125 0.468750 0.832031 0.464844 0.847656 0.464844 0.851562 0.460938 0.859375 0.460938 0.859375 0.457031 0.863281 0.453125 0.890625 0.453125 0.894531 0.449219 0.898438 0.449219 0.898438 0.437500 0.890625 0.437500 0.886719 0.433594
3 0.097656 0.386719 0.097656 0.410156 0.093750 0.414062 0.085938 0.414062 0.085938 0.429688 0.093750 0.437500 0.132812 0.437500 0.136719 0.433594 0.144531 0.433594 0.152344 0.425781 0.183594 0.425781 0.187500 0.421875 0.210938 0.421875 0.214844 0.417969 0.238281 0.417969 0.238281 0.410156 0.230469 0.410156 0.226562 0.406250 0.218750 0.406250 0.214844 0.402344 0.210938 0.402344 0.207031 0.398438 0.179688 0.398438 0.175781 0.394531 0.167969 0.394531 0.167969 0.398438 0.164062 0.402344 0.128906 0.402344 0.125000 0.398438 0.125000 0.394531 0.117188 0.386719
3 0.621094 0.351562 0.621094 0.363281 0.617188 0.367188 0.605469 0.367188 0.605469 0.371094 0.601562 0.375000 0.597656 0.375000 0.597656 0.382812 0.601562 0.382812 0.605469 0.386719 0.660156 0.386719 0.660156 0.367188 0.640625 0.367188 0.632812 0.359375 0.632812 0.355469 0.628906 0.351562
3 0.625000 0.242188 0.621094 0.246094 0.621094 0.250000 0.617188 0.253906 0.597656 0.253906 0.593750 0.257812 0.578125 0.257812 0.570312 0.250000 0.562500 0.250000 0.562500 0.265625 0.566406 0.269531 0.582031 0.269531 0.585938 0.273438 0.597656 0.273438 0.605469 0.265625 0.632812 0.265625 0.636719 0.269531 0.644531 0.269531 0.644531 0.265625 0.648438 0.261719 0.667969 0.261719 0.671875 0.257812 0.675781 0.257812 0.679688 0.253906 0.679688 0.246094 0.652344 0.246094 0.648438 0.242188
