3 0.410156 0.757812 0.410156 0.773438 0.414062 0.777344 0.417969 0.777344 0.421875 0.781250 0.453125 0.781250 0.464844 0.792969 0.464844 0.796875 0.468750 0.800781 0.468750 0.812500 0.472656 0.816406 0.472656 0.832031 0.464844 0.839844 0.441406 0.839844 0.437500 0.835938 0.437500 0.832031 0.425781 0.832031 0.425781 0.839844 0.429688 0.843750 0.429688 0.851562 0.437500 0.851562 0.445312 0.859375 0.445312 0.863281 0.460938 0.863281 0.464844 0.867188 0.464844 0.871094 0.468750 0.871094 0.472656 0.875000 0.480469 0.875000 0.484375 0.871094 0.496094 0.871094 0.496094 0.832031 0.492188 0.828125 0.492188 0.796875 0.496094 0.792969 0.500000 0.792969 0.500000 0.773438 0.457031 0.773438 0.449219 0.765625 0.429688 0.765625 0.425781 0.761719 0.421875 0.761719 0.417969 0.757812
3 0.316406 0.734375 0.316406 0.742188 0.324219 0.742188 0.328125 0.746094 0.335938 0.746094 0.339844 0.750000 0.339844 0.773438 0.355469 0.773438 0.355469 0.765625 0.359375 0.761719 0.382812 0.761719 0.382812 0.753906 0.378906 0.753906 0.363281 0.738281 0.335938 0.738281 0.332031 0.734375
3 0.753906 0.675781 0.750000 0.679688 0.742188 0.679688 0.738281 0.683594 0.734375 0.683594 0.730469 0.687500 0.726562 0.687500 0.722656 0.691406 0.718750 0.691406 0.718750 0.695312 0.714844 0.699219 0.710938 0.699219 0.707031 0.703125 0.699219 0.703125 0.691406 0.710938 0.687500 0.710938 0.683594 0.714844 0.671875 0.714844 0.667969 0.718750 0.660156 0.718750 0.656250 0.722656 0.652344 0.722656 0.648438 0.726562 0.644531 0.726562 0.640625 0.730469 0.632812 0.730469 0.632812 0.738281 0.636719 0.742188 0.660156 0.742188 0.667969 0.734375 0.675781 0.734375 0.679688 0.730469 0.691406 0.730469 0.699219 0.722656 0.707031 0.722656 0.710938 0.718750 0.710938 0.714844 0.714844 0.710938 0.718750 0.710938 0.718750 0.707031 0.722656 0.703125 0.730469 0.703125 0.738281 0.695312 0.742188 0.695312 0.746094 0.691406 0.750000 0.691406 0.750000 0.687500 0.753906 0.683594 0.765625 0.683594 0.765625 0.675781
3 0.644531 0.562500 0.644531 0.570312 0.664062 0.570312 0.664062 0.562500
3 0.191406 0.546875 0.191406 0.554688 0.199219 0.554688 0.199219 0.546875
3 0.285156 0.535156 0.285156 0.550781 0.281250 0.554688 0.257812 0.554688 0.253906 0.558594 0.238281 0.558594 0.234375 0.562500 0.218750 0.562500 0.218750 0.582031 0.226562 0.582031 0.230469 0.578125 0.257812 0.578125 0.261719 0.582031 0.308594 0.582031 0.312500 0.585938 0.320312 0.585938 0.324219 0.589844 0.347656 0.589844 0.355469 0.597656 0.363281 0.597656 0.367188 0.593750 0.367188 0.574219 0.371094 0.570312 0.371094 0.562500 0.351562 0.562500 0.351562 0.570312 0.347656 0.574219 0.320312 0.574219 0.316406 0.570312 0.316406 0.558594 0.300781 0.558594 0.296875 0.554688 0.296875 0.542969 0.292969 0.539062 0.292969 0.535156
3 0.281250 0.496094 0.277344 0.500000 0.273438 0.500000 0.269531 0.503906 0.261719 0.503906 0.261719 0.515625 0.273438 0.515625 0.277344 0.511719 0.289062 0.511719 0.292969 0.507812 0.304688 0.507812 0.308594 0.503906 0.308594 0.496094
3 0.226562 0.488281 0.226562 0.500000 0.250000 0.500000 0.250000 0.488281
3 0.703125 0.460938 0.699219 0.464844 0.695312 0.464844 0.695312 0.500000 0.691406 0.503906 0.667969 0.503906 0.664062 0.500000 0.648438 0.500000 0.644531 0.503906 0.644531 0.519531 0.667969 0.519531 0.667969 0.515625 0.671875 0.511719 0.699219 0.511719 0.703125 0.515625 0.714844 0.515625 0.722656 0.507812 0.722656 0.503906 0.726562 0.500000 0.746094 0.500000 0.746094 0.476562 0.750000 0.472656 0.750000 0.464844 0.746094 0.460938 0.738281 0.460938 0.734375 0.464844 0.718750 0.464844 0.714844 0.460938
3 0.066406 0.457031 0.066406 0.464844 0.074219 0.472656 0.074219 0.476562 0.078125 0.476562 0.082031 0.480469 0.082031 0.507812 0.078125 0.511719 0.078125 0.515625 0.074219 0.519531 0.074219 0.527344 0.085938 0.527344 0.093750 0.519531 0.093750 0.507812 0.097656 0.503906 0.140625 0.503906 0.144531 0.500000 0.144531 0.488281 0.136719 0.480469 0.128906 0.480469 0.125000 0.484375 0.085938 0.484375 0.082031 0.480469 0.082031 0.464844 0.074219 0.457031
3 0.527344 0.414062 0.519531 0.421875 0.507812 0.421875 0.503906 0.425781 0.503906 0.453125 0.500000 0.457031 0.492188 0.457031 0.492188 0.472656 0.488281 0.476562 0.480469 0.476562 0.480469 0.488281 0.472656 0.496094 0.472656 0.519531 0.468750 0.523438 0.468750 0.531250 0.464844 0.535156 0.464844 0.554688 0.460938 0.558594 0.460938 0.570312 0.472656 0.570312 0.476562 0.566406 0.476562 0.542969 0.480469 0.539062 0.488281 0.539062 0.488281 0.511719 0.496094 0.503906 0.507812 0.503906 0.507812 0.500000 0.511719 0.496094 0.535156 0.496094 0.535156 0.488281 0.527344 0.480469 0.523438 0.480469 0.519531 0.476562 0.519531 0.445312 0.523438 0.441406 0.535156 0.441406 0.539062 0.437500 0.542969 0.437500 0.542969 0.414062
3 0.265625 0.410156 0.265625 0.417969 0.261719 0.421875 0.253906 0.421875 0.253906 0.429688 0.257812 0.433594 0.269531 0.433594 0.273438 0.437500 0.285156 0.437500 0.292969 0.429688 0.316406 0.429688 0.316406 0.417969 0.292969 0.417969 0.289062 0.414062 0.281250 0.414062 0.277344 0.410156
3 0.519531 0.371094 0.515625 0.375000 0.515625 0.382812 0.527344 0.382812 0.531250 0.378906 0.550781 0.378906 0.550781 0.371094
3 0.843750 0.359375 0.839844 0.363281 0.839844 0.375000 0.835938 0.378906 0.812500 0.378906 0.812500 0.386719 0.820312 0.394531 0.820312 0.410156 0.816406 0.414062 0.812500 0.414062 0.808594 0.417969 0.808594 0.425781 0.898438 0.425781 0.902344 0.421875 0.902344 0.414062 0.878906 0.414062 0.875000 0.410156 0.875000 0.386719 0.878906 0.382812 0.890625 0.382812 0.894531 0.378906 0.894531 0.371094 0.886719 0.363281 0.878906 0.363281 0.875000 0.367188 0.859375 0.367188 0.855469 0.363281 0.855469 0.359375
3 0.664062 0.335938 0.664062 0.347656 0.656250 0.355469 0.648438 0.355469 0.644531 0.359375 0.640625 0.359375 0.632812 0.367188 0.589844 0.367188 0.589844 0.375000 0.597656 0.382812 0.597656 0.406250 0.585938 0.417969 0.578125 0.417969 0.574219 0.421875 0.570312 0.421875 0.570312 0.437500 0.566406 0.441406 0.558594 0.441406 0.558594 0.453125 0.562500 0.457031 0.574219 0.457031 0.578125 0.460938 0.578125 0.480469 0.585938 0.488281 0.589844 0.488281 0.593750 0.492188 0.597656 0.492188 0.601562 0.496094 0.601562 0.511719 0.593750 0.519531 0.593750 0.546875 0.589844 0.550781 0.558594 0.550781 0.558594 0.558594 0.562500 0.562500 0.578125 0.562500 0.582031 0.558594 0.605469 0.558594 0.609375 0.562500 0.621094 0.562500 0.621094 0.535156 0.617188 0.531250 0.617188 0.523438 0.613281 0.519531 0.613281 0.515625 0.605469 0.507812 0.605469 0.492188 0.609375 0.488281 0.609375 0.476562 0.605469 0.472656 0.601562 0.472656 0.597656 0.468750 0.597656 0.453125 0.601562 0.449219 0.605469 0.449219 0.609375 0.445312 0.628906 0.445312 0.632812 0.441406 0.636719 0.441406 0.636719 0.437500 0.640625 0.433594 0.644531 0.433594 0.644531 0.417969 0.648438 0.414062 0.648438 0.410156 0.652344 0.406250 0.667969 0.406250 0.671875 0.402344 0.679688 0.402344 0.679688 0.394531 0.675781 0.394531 0.671875 0.390625 0.671875 0.375000 0.667969 0.371094 0.667969 0.347656 0.671875 0.343750 0.671875 0.335938
3 0.687500 0.316406 0.683594 0.320312 0.683594 0.328125 0.714844 0.328125 0.718750 0.332031 0.738281 0.332031 0.742188 0.328125 0.757812 0.328125 0.761719 0.332031 0.761719 0.343750 0.765625 0.347656 0.781250 0.347656 0.785156 0.351562 0.785156 0.355469 0.792969 0.355469 0.792969 0.347656 0.781250 0.347656 0.777344 0.343750 0.777344 0.332031 0.769531 0.332031 0.765625 0.328125 0.765625 0.320312 0.761719 0.316406 0.753906 0.316406 0.750000 0.320312 0.722656 0.320312 0.718750 0.316406
3 0.199219 0.312500 0.191406 0.320312 0.160156 0.320312 0.160156 0.328125 0.183594 0.328125 0.187500 0.332031 0.195312 0.332031 0.203125 0.339844 0.222656 0.339844 0.226562 0.335938 0.230469 0.335938 0.238281 0.328125 0.242188 0.328125 0.242188 0.320312 0.218750 0.320312 0.214844 0.316406 0.210938 0.316406 0.207031 0.312500
3 0.269531 0.250000 0.269531 0.261719 0.273438 0.265625 0.273438 0.269531 0.277344 0.269531 0.281250 0.273438 0.292969 0.273438 0.296875 0.277344 0.300781 0.277344 0.304688 0.281250 0.308594 0.281250 0.312500 0.285156 0.312500 0.320312 0.308594 0.324219 0.273438 0.324219 0.273438 0.332031 0.277344 0.332031 0.281250 0.335938 0.292969 0.335938 0.304688 0.347656 0.316406 0.347656 0.324219 0.339844 0.363281 0.339844 0.367188 0.343750 0.371094 0.343750 0.375000 0.347656 0.375000 0.351562 0.382812 0.351562 0.386719 0.355469 0.398438 0.355469 0.398438 0.347656 0.394531 0.347656 0.382812 0.335938 0.382812 0.328125 0.378906 0.324219 0.378906 0.304688 0.382812 0.300781 0.417969 0.300781 0.421875 0.296875 0.437500 0.296875 0.445312 0.304688 0.445312 0.320312 0.441406 0.324219 0.441406 0.332031 0.457031 0.332031 0.460938 0.335938 0.480469 0.335938 0.484375 0.339844 0.484375 0.347656 0.492188 0.347656 0.500000 0.339844 0.503906 0.339844 0.503906 0.332031 0.496094 0.324219 0.496094 0.320312 0.476562 0.320312 0.472656 0.316406 0.472656 0.281250 0.468750 0.277344 0.460938 0.277344 0.449219 0.289062 0.433594 0.289062 0.429688 0.285156 0.429688 0.281250 0.421875 0.281250 0.417969 0.277344 0.417969 0.261719 0.414062 0.257812 0.402344 0.257812 0.398438 0.253906 0.367188 0.253906 0.367188 0.261719 0.371094 0.261719 0.375000 0.265625 0.375000 0.300781 0.371094 0.304688 0.347656 0.304688 0.343750 0.300781 0.343750 0.277344 0.339844 0.273438 0.335938 0.273438 0.332031 0.269531 0.328125 0.269531 0.324219 0.265625 0.320312 0.265625 0.316406 0.261719 0.312500 0.261719 0.308594 0.257812 0.304688 0.257812 0.296875 0.250000
3 0.675781 0.187500 0.671875 0.191406 0.652344 0.191406 0.648438 0.195312 0.640625 0.195312 0.636719 0.199219 0.613281 0.199219 0.609375 0.195312 0.609375 0.191406 0.585938 0.191406 0.585938 0.199219 0.593750 0.207031 0.593750 0.238281 0.589844 0.242188 0.574219 0.242188 0.570312 0.238281 0.570312 0.222656 0.550781 0.222656 0.546875 0.218750 0.546875 0.207031 0.542969 0.203125 0.507812 0.203125 0.503906 0.199219 0.476562 0.199219 0.472656 0.203125 0.472656 0.207031 0.468750 0.210938 0.468750 0.218750 0.472656 0.218750 0.476562 0.222656 0.476562 0.226562 0.480469 0.230469 0.480469 0.238281 0.488281 0.238281 0.488281 0.226562 0.492188 0.222656 0.507812 0.222656 0.515625 0.230469 0.535156 0.230469 0.539062 0.234375 0.539062 0.265625 0.546875 0.265625 0.550781 0.261719 0.554688 0.261719 0.558594 0.257812 0.562500 0.257812 0.570312 0.250000 0.574219 0.250000 0.578125 0.246094 0.593750 0.246094 0.601562 0.253906 0.609375 0.253906 0.613281 0.257812 0.613281 0.281250 0.636719 0.281250 0.636719 0.277344 0.640625 0.273438 0.640625 0.253906 0.648438 0.246094 0.667969 0.246094 0.671875 0.250000 0.671875 0.273438 0.691406 0.273438 0.699219 0.265625 0.714844 0.265625 0.718750 0.261719 0.730469 0.261719 0.734375 0.257812 0.738281 0.257812 0.742188 0.253906 0.753906 0.253906 0.753906 0.246094 0.738281 0.246094 0.734375 0.242188 0.734375 0.210938 0.738281 0.207031 0.742188 0.207031 0.742188 0.199219 0.730469 0.199219 0.730469 0.222656 0.726562 0.226562 0.710938 0.226562 0.707031 0.222656 0.707031 0.199219 0.703125 0.195312 0.703125 0.191406 0.699219 0.187500
3 0.519531 0.117188 0.515625 0.121094 0.511719 0.121094 0.507812 0.125000 0.503906 0.125000 0.496094 0.132812 0.488281 0.132812 0.488281 0.136719 0.484375 0.140625 0.429688 0.140625 0.425781 0.144531 0.425781 0.164062 0.421875 0.167969 0.398438 0.167969 0.394531 0.164062 0.375000 0.164062 0.371094 0.167969 0.359375 0.167969 0.359375 0.171875 0.351562 0.179688 0.332031 0.179688 0.328125 0.183594 0.328125 0.191406 0.332031 0.191406 0.335938 0.195312 0.355469 0.195312 0.363281 0.187500 0.382812 0.187500 0.386719 0.191406 0.394531 0.191406 0.394531 0.183594 0.398438 0.179688 0.414062 0.179688 0.417969 0.183594 0.421875 0.183594 0.425781 0.187500 0.437500 0.187500 0.441406 0.183594 0.445312 0.183594 0.445312 0.164062 0.453125 0.156250 0.460938 0.156250 0.468750 0.148438 0.468750 0.144531 0.472656 0.140625 0.503906 0.140625 0.507812 0.144531 0.507812 0.164062 0.519531 0.164062 0.523438 0.160156 0.531250 0.160156 0.535156 0.156250 0.546875 0.156250 0.546875 0.140625 0.539062 0.140625 0.535156 0.136719 0.535156 0.117188
