3 0.289062 0.851562 0.281250 0.859375 0.277344 0.859375 0.277344 0.875000 0.281250 0.875000 0.285156 0.878906 0.285156 0.898438 0.281250 0.902344 0.277344 0.902344 0.277344 0.925781 0.285156 0.925781 0.285156 0.921875 0.296875 0.910156 0.296875 0.906250 0.300781 0.902344 0.300781 0.878906 0.304688 0.875000 0.304688 0.871094 0.316406 0.859375 0.316406 0.851562
3 0.566406 0.707031 0.562500 0.710938 0.542969 0.710938 0.542969 0.714844 0.539062 0.718750 0.535156 0.718750 0.531250 0.722656 0.527344 0.722656 0.523438 0.726562 0.484375 0.726562 0.480469 0.730469 0.480469 0.746094 0.476562 0.750000 0.457031 0.750000 0.453125 0.746094 0.453125 0.730469 0.449219 0.726562 0.445312 0.726562 0.441406 0.722656 0.441406 0.714844 0.417969 0.714844 0.414062 0.710938 0.406250 0.710938 0.402344 0.714844 0.402344 0.722656 0.414062 0.722656 0.417969 0.726562 0.417969 0.750000 0.441406 0.750000 0.445312 0.753906 0.445312 0.761719 0.480469 0.761719 0.484375 0.757812 0.511719 0.757812 0.515625 0.753906 0.558594 0.753906 0.558594 0.734375 0.562500 0.730469 0.566406 0.730469 0.570312 0.726562 0.589844 0.726562 0.593750 0.730469 0.601562 0.730469 0.605469 0.726562 0.609375 0.726562 0.613281 0.722656 0.625000 0.722656 0.628906 0.718750 0.628906 0.707031
3 0.304688 0.691406 0.304688 0.699219 0.296875 0.707031 0.296875 0.718750 0.300781 0.722656 0.300781 0.742188 0.312500 0.742188 0.316406 0.746094 0.316406 0.753906 0.332031 0.753906 0.335938 0.757812 0.351562 0.757812 0.351562 0.750000 0.343750 0.750000 0.339844 0.746094 0.339844 0.742188 0.332031 0.742188 0.320312 0.730469 0.320312 0.699219 0.316406 0.695312 0.316406 0.691406
3 0.292969 0.519531 0.292969 0.527344 0.289062 0.531250 0.285156 0.531250 0.285156 0.554688 0.281250 0.558594 0.265625 0.558594 0.265625 0.566406 0.269531 0.570312 0.269531 0.574219 0.273438 0.578125 0.281250 0.578125 0.285156 0.582031 0.312500 0.582031 0.312500 0.570312 0.316406 0.566406 0.328125 0.566406 0.328125 0.554688 0.320312 0.554688 0.312500 0.546875 0.312500 0.535156 0.308594 0.531250 0.308594 0.523438 0.304688 0.523438 0.300781 0.519531
3 0.199219 0.519531 0.199219 0.527344 0.195312 0.531250 0.156250 0.531250 0.156250 0.554688 0.160156 0.558594 0.183594 0.558594 0.183594 0.554688 0.187500 0.550781 0.218750 0.550781 0.222656 0.546875 0.230469 0.546875 0.230469 0.535156 0.226562 0.531250 0.222656 0.531250 0.210938 0.519531
3 0.425781 0.492188 0.425781 0.500000 0.429688 0.503906 0.429688 0.519531 0.425781 0.523438 0.414062 0.523438 0.414062 0.531250 0.417969 0.535156 0.417969 0.539062 0.445312 0.539062 0.445312 0.535156 0.449219 0.531250 0.453125 0.531250 0.453125 0.515625 0.449219 0.511719 0.449219 0.507812 0.445312 0.503906 0.445312 0.496094 0.437500 0.496094 0.433594 0.492188
3 0.648438 0.476562 0.644531 0.480469 0.640625 0.480469 0.640625 0.488281 0.648438 0.496094 0.648438 0.500000 0.652344 0.503906 0.660156 0.503906 0.660156 0.488281 0.664062 0.484375 0.664062 0.476562
3 0.828125 0.441406 0.824219 0.445312 0.824219 0.453125 0.828125 0.457031 0.828125 0.460938 0.835938 0.460938 0.835938 0.453125 0.839844 0.449219 0.839844 0.441406
3 0.343750 0.441406 0.339844 0.445312 0.320312 0.445312 0.316406 0.449219 0.316406 0.453125 0.312500 0.457031 0.312500 0.464844 0.308594 0.468750 0.304688 0.468750 0.304688 0.476562 0.328125 0.476562 0.332031 0.472656 0.339844 0.472656 0.339844 0.468750 0.343750 0.464844 0.359375 0.464844 0.363281 0.460938 0.367188 0.460938 0.367188 0.453125 0.363281 0.449219 0.363281 0.441406
3 0.406250 0.437500 0.406250 0.445312 0.402344 0.449219 0.394531 0.449219 0.394531 0.460938 0.390625 0.464844 0.390625 0.476562 0.394531 0.480469 0.410156 0.480469 0.410156 0.453125 0.414062 0.449219 0.417969 0.449219 0.417969 0.437500
3 0.625000 0.378906 0.625000 0.402344 0.636719 0.402344 0.640625 0.406250 0.640625 0.425781 0.644531 0.425781 0.648438 0.429688 0.648438 0.441406 0.660156 0.441406 0.664062 0.437500 0.671875 0.437500 0.671875 0.429688 0.675781 0.425781 0.691406 0.425781 0.691406 0.421875 0.695312 0.417969 0.703125 0.417969 0.703125 0.406250 0.699219 0.406250 0.695312 0.402344 0.695312 0.390625 0.691406 0.386719 0.691406 0.382812 0.636719 0.382812 0.632812 0.378906
3 0.800781 0.238281 0.800781 0.250000 0.796875 0.253906 0.796875 0.265625 0.800781 0.269531 0.812500 0.269531 0.816406 0.273438 0.816406 0.289062 0.812500 0.292969 0.808594 0.292969 0.804688 0.296875 0.796875 0.296875 0.792969 0.300781 0.792969 0.320312 0.789062 0.324219 0.781250 0.324219 0.781250 0.359375 0.777344 0.363281 0.765625 0.363281 0.765625 0.371094 0.789062 0.371094 0.792969 0.375000 0.792969 0.390625 0.796875 0.394531 0.808594 0.394531 0.816406 0.386719 0.816406 0.382812 0.820312 0.378906 0.832031 0.378906 0.832031 0.359375 0.835938 0.355469 0.855469 0.355469 0.859375 0.359375 0.859375 0.371094 0.863281 0.375000 0.863281 0.382812 0.867188 0.382812 0.871094 0.386719 0.878906 0.386719 0.890625 0.375000 0.890625 0.371094 0.894531 0.367188 0.898438 0.367188 0.902344 0.363281 0.910156 0.363281 0.917969 0.355469 0.917969 0.343750 0.910156 0.335938 0.910156 0.332031 0.894531 0.332031 0.890625 0.335938 0.890625 0.347656 0.886719 0.351562 0.855469 0.351562 0.851562 0.347656 0.851562 0.335938 0.847656 0.332031 0.847656 0.328125 0.816406 0.328125 0.812500 0.324219 0.812500 0.308594 0.816406 0.304688 0.820312 0.304688 0.824219 0.300781 0.824219 0.292969 0.832031 0.285156 0.847656 0.285156 0.851562 0.289062 0.851562 0.296875 0.863281 0.296875 0.863281 0.292969 0.867188 0.289062 0.890625 0.289062 0.894531 0.285156 0.894531 0.269531 0.898438 0.265625 0.906250 0.265625 0.906250 0.257812 0.902344 0.253906 0.898438 0.253906 0.894531 0.250000 0.890625 0.250000 0.886719 0.246094 0.882812 0.246094 0.878906 0.242188 0.867188 0.242188 0.867188 0.253906 0.863281 0.257812 0.851562 0.257812 0.847656 0.261719 0.832031 0.261719 0.812500 0.242188 0.812500 0.238281
3 0.316406 0.183594 0.316406 0.191406 0.324219 0.199219 0.324219 0.242188 0.339844 0.242188 0.339844 0.230469 0.343750 0.226562 0.359375 0.226562 0.359375 0.214844 0.355469 0.210938 0.351562 0.210938 0.343750 0.203125 0.343750 0.183594
3 0.218750 0.156250 0.214844 0.160156 0.210938 0.160156 0.210938 0.171875 0.203125 0.179688 0.171875 0.179688 0.160156 0.191406 0.156250 0.191406 0.152344 0.195312 0.148438 0.195312 0.140625 0.203125 0.128906 0.203125 0.125000 0.207031 0.121094 0.207031 0.121094 0.214844 0.156250 0.214844 0.156250 0.207031 0.160156 0.203125 0.164062 0.203125 0.167969 0.199219 0.171875 0.199219 0.175781 0.195312 0.214844 0.195312 0.214844 0.191406 0.222656 0.183594 0.226562 0.183594 0.230469 0.179688 0.253906 0.179688 0.253906 0.167969 0.246094 0.160156 0.242188 0.160156 0.238281 0.156250
3 0.636719 0.132812 0.636719 0.144531 0.632812 0.148438 0.613281 0.148438 0.609375 0.144531 0.601562 0.144531 0.593750 0.152344 0.593750 0.167969 0.589844 0.171875 0.574219 0.171875 0.574219 0.183594 0.570312 0.187500 0.570312 0.195312 0.574219 0.195312 0.578125 0.199219 0.578125 0.222656 0.574219 0.226562 0.562500 0.226562 0.558594 0.230469 0.539062 0.230469 0.535156 0.226562 0.535156 0.214844 0.503906 0.214844 0.500000 0.210938 0.500000 0.207031 0.496094 0.203125 0.496094 0.191406 0.488281 0.191406 0.480469 0.199219 0.480469 0.203125 0.476562 0.207031 0.457031 0.207031 0.453125 0.203125 0.453125 0.199219 0.445312 0.199219 0.445312 0.203125 0.437500 0.210938 0.414062 0.210938 0.410156 0.207031 0.390625 0.207031 0.390625 0.218750 0.394531 0.218750 0.402344 0.226562 0.402344 0.261719 0.398438 0.265625 0.363281 0.265625 0.359375 0.261719 0.359375 0.257812 0.355469 0.253906 0.347656 0.253906 0.347656 0.277344 0.355469 0.277344 0.359375 0.281250 0.363281 0.281250 0.367188 0.285156 0.367188 0.289062 0.406250 0.289062 0.410156 0.285156 0.433594 0.285156 0.437500 0.289062 0.437500 0.308594 0.433594 0.312500 0.429688 0.312500 0.429688 0.320312 0.425781 0.324219 0.406250 0.324219 0.406250 0.339844 0.410156 0.339844 0.414062 0.343750 0.414062 0.382812 0.417969 0.382812 0.421875 0.386719 0.421875 0.402344 0.468750 0.402344 0.472656 0.406250 0.472656 0.421875 0.468750 0.425781 0.433594 0.425781 0.433594 0.433594 0.437500 0.433594 0.445312 0.441406 0.464844 0.441406 0.468750 0.445312 0.468750 0.468750 0.484375 0.468750 0.488281 0.464844 0.531250 0.464844 0.535156 0.468750 0.535156 0.472656 0.542969 0.480469 0.550781 0.480469 0.550781 0.472656 0.554688 0.468750 0.554688 0.453125 0.558594 0.449219 0.578125 0.449219 0.582031 0.453125 0.582031 0.488281 0.562500 0.507812 0.562500 0.523438 0.558594 0.527344 0.554688 0.527344 0.554688 0.531250 0.550781 0.535156 0.519531 0.535156 0.515625 0.531250 0.507812 0.531250 0.507812 0.535156 0.503906 0.539062 0.500000 0.539062 0.500000 0.558594 0.503906 0.558594 0.507812 0.562500 0.507812 0.566406 0.527344 0.566406 0.531250 0.562500 0.546875 0.562500 0.550781 0.566406 0.550781 0.585938 0.546875 0.589844 0.546875 0.597656 0.550781 0.597656 0.554688 0.601562 0.554688 0.617188 0.550781 0.621094 0.535156 0.621094 0.531250 0.625000 0.531250 0.648438 0.558594 0.648438 0.558594 0.636719 0.562500 0.632812 0.593750 0.632812 0.597656 0.636719 0.597656 0.660156 0.601562 0.664062 0.605469 0.664062 0.609375 0.667969 0.621094 0.667969 0.621094 0.664062 0.625000 0.660156 0.636719 0.660156 0.640625 0.656250 0.660156 0.656250 0.660156 0.648438 0.644531 0.648438 0.640625 0.644531 0.640625 0.628906 0.636719 0.628906 0.628906 0.621094 0.628906 0.597656 0.632812 0.593750 0.656250 0.593750 0.656250 0.589844 0.660156 0.585938 0.679688 0.585938 0.683594 0.582031 0.718750 0.582031 0.726562 0.574219 0.726562 0.562500 0.730469 0.558594 0.761719 0.558594 0.765625 0.562500 0.769531 0.562500 0.773438 0.566406 0.773438 0.582031 0.769531 0.585938 0.769531 0.605469 0.777344 0.605469 0.777344 0.597656 0.781250 0.593750 0.796875 0.593750 0.796875 0.562500 0.789062 0.554688 0.789062 0.523438 0.792969 0.519531 0.812500 0.519531 0.812500 0.511719 0.808594 0.507812 0.808594 0.488281 0.800781 0.480469 0.796875 0.480469 0.792969 0.476562 0.792969 0.472656 0.789062 0.468750 0.789062 0.457031 0.785156 0.453125 0.785156 0.433594 0.753906 0.433594 0.750000 0.429688 0.746094 0.429688 0.742188 0.425781 0.714844 0.425781 0.714844 0.449219 0.710938 0.453125 0.707031 0.453125 0.703125 0.457031 0.687500 0.457031 0.679688 0.464844 0.679688 0.472656 0.703125 0.472656 0.707031 0.476562 0.707031 0.496094 0.710938 0.496094 0.714844 0.500000 0.742188 0.500000 0.746094 0.503906 0.750000 0.503906 0.753906 0.507812 0.765625 0.507812 0.769531 0.511719 0.769531 0.515625 0.773438 0.519531 0.773438 0.546875 0.769531 0.550781 0.730469 0.550781 0.726562 0.554688 0.695312 0.554688 0.691406 0.550781 0.691406 0.546875 0.664062 0.546875 0.660156 0.542969 0.660156 0.539062 0.652344 0.531250 0.652344 0.527344 0.636719 0.527344 0.636719 0.531250 0.628906 0.539062 0.605469 0.539062 0.605469 0.550781 0.621094 0.550781 0.625000 0.554688 0.625000 0.582031 0.621094 0.585938 0.593750 0.585938 0.589844 0.582031 0.589844 0.562500 0.578125 0.562500 0.574219 0.558594 0.546875 0.558594 0.542969 0.554688 0.542969 0.539062 0.546875 0.535156 0.593750 0.535156 0.593750 0.515625 0.589844 0.511719 0.589844 0.468750 0.593750 0.464844 0.597656 0.464844 0.597656 0.457031 0.585938 0.457031 0.582031 0.453125 0.582031 0.437500 0.574219 0.429688 0.570312 0.429688 0.566406 0.425781 0.558594 0.425781 0.558594 0.441406 0.554688 0.445312 0.519531 0.445312 0.515625 0.449219 0.515625 0.453125 0.511719 0.457031 0.488281 0.457031 0.476562 0.445312 0.476562 0.429688 0.480469 0.425781 0.480469 0.410156 0.492188 0.398438 0.492188 0.390625 0.496094 0.386719 0.496094 0.382812 0.500000 0.378906 0.503906 0.378906 0.503906 0.371094 0.500000 0.371094 0.496094 0.367188 0.496094 0.347656 0.492188 0.343750 0.492188 0.308594 0.496094 0.304688 0.503906 0.304688 0.503906 0.300781 0.507812 0.296875 0.523438 0.296875 0.527344 0.292969 0.546875 0.292969 0.550781 0.289062 0.570312 0.289062 0.578125 0.296875 0.578125 0.324219 0.574219 0.328125 0.570312 0.328125 0.570312 0.335938 0.562500 0.343750 0.542969 0.343750 0.542969 0.367188 0.546875 0.367188 0.550781 0.371094 0.570312 0.371094 0.570312 0.367188 0.578125 0.359375 0.582031 0.359375 0.582031 0.355469 0.585938 0.351562 0.589844 0.351562 0.597656 0.343750 0.601562 0.343750 0.605469 0.339844 0.609375 0.339844 0.617188 0.332031 0.621094 0.332031 0.625000 0.328125 0.664062 0.328125 0.664062 0.296875 0.667969 0.292969 0.683594 0.292969 0.687500 0.296875 0.707031 0.296875 0.710938 0.300781 0.710938 0.312500 0.714844 0.316406 0.730469 0.316406 0.730469 0.304688 0.714844 0.304688 0.710938 0.300781 0.710938 0.281250 0.699219 0.281250 0.695312 0.277344 0.695312 0.265625 0.687500 0.265625 0.683594 0.261719 0.664062 0.261719 0.664062 0.277344 0.660156 0.281250 0.652344 0.281250 0.648438 0.285156 0.632812 0.285156 0.628906 0.281250 0.597656 0.281250 0.593750 0.277344 0.546875 0.277344 0.542969 0.281250 0.511719 0.281250 0.507812 0.277344 0.507812 0.253906 0.511719 0.250000 0.531250 0.250000 0.535156 0.246094 0.554688 0.246094 0.558594 0.250000 0.570312 0.250000 0.574219 0.246094 0.578125 0.246094 0.582031 0.242188 0.585938 0.242188 0.585938 0.222656 0.589844 0.218750 0.597656 0.218750 0.597656 0.191406 0.605469 0.183594 0.617188 0.183594 0.625000 0.175781 0.628906 0.175781 0.632812 0.171875 0.656250 0.171875 0.660156 0.175781 0.660156 0.195312 0.664062 0.199219 0.671875 0.199219 0.671875 0.187500 0.675781 0.183594 0.691406 0.183594 0.695312 0.187500 0.695312 0.203125 0.699219 0.207031 0.710938 0.207031 0.718750 0.199219 0.722656 0.199219 0.726562 0.195312 0.730469 0.195312 0.734375 0.191406 0.738281 0.191406 0.742188 0.187500 0.765625 0.187500 0.769531 0.183594 0.769531 0.171875 0.742188 0.171875 0.738281 0.175781 0.722656 0.175781 0.718750 0.171875 0.718750 0.160156 0.695312 0.160156 0.691406 0.156250 0.691406 0.144531 0.683594 0.144531 0.679688 0.140625 0.671875 0.140625 0.667969 0.136719 0.656250 0.136719 0.652344 0.132812
3 0.507812 0.085938 0.503906 0.089844 0.492188 0.089844 0.488281 0.093750 0.468750 0.093750 0.468750 0.101562 0.476562 0.109375 0.484375 0.109375 0.488281 0.105469 0.492188 0.105469 0.500000 0.097656 0.527344 0.097656 0.531250 0.101562 0.558594 0.101562 0.558594 0.093750 0.550781 0.093750 0.546875 0.089844 0.539062 0.089844 0.535156 0.085938
