3 0.621094 0.867188 0.621094 0.890625 0.617188 0.894531 0.613281 0.894531 0.613281 0.898438 0.609375 0.902344 0.593750 0.902344 0.593750 0.910156 0.601562 0.910156 0.605469 0.914062 0.605469 0.921875 0.609375 0.925781 0.609375 0.933594 0.617188 0.933594 0.621094 0.937500 0.621094 0.945312 0.625000 0.949219 0.628906 0.949219 0.632812 0.953125 0.632812 0.957031 0.636719 0.960938 0.636719 0.964844 0.644531 0.972656 0.660156 0.972656 0.667969 0.980469 0.683594 0.980469 0.687500 0.984375 0.703125 0.984375 0.703125 0.976562 0.699219 0.972656 0.699219 0.964844 0.691406 0.957031 0.691406 0.949219 0.687500 0.945312 0.687500 0.941406 0.652344 0.941406 0.644531 0.933594 0.644531 0.929688 0.636719 0.921875 0.636719 0.902344 0.640625 0.898438 0.648438 0.898438 0.648438 0.882812 0.644531 0.878906 0.644531 0.871094 0.636719 0.871094 0.632812 0.867188
3 0.664062 0.824219 0.664062 0.832031 0.660156 0.835938 0.660156 0.847656 0.664062 0.851562 0.675781 0.851562 0.679688 0.847656 0.683594 0.847656 0.687500 0.843750 0.687500 0.832031 0.683594 0.828125 0.683594 0.824219
3 0.570312 0.796875 0.570312 0.800781 0.558594 0.812500 0.535156 0.812500 0.535156 0.824219 0.570312 0.824219 0.574219 0.828125 0.578125 0.828125 0.582031 0.832031 0.582031 0.839844 0.593750 0.851562 0.593750 0.855469 0.601562 0.855469 0.601562 0.839844 0.597656 0.835938 0.597656 0.832031 0.593750 0.828125 0.593750 0.820312 0.585938 0.812500 0.585938 0.800781 0.582031 0.796875
3 0.472656 0.769531 0.472656 0.781250 0.468750 0.785156 0.457031 0.785156 0.453125 0.789062 0.445312 0.789062 0.441406 0.792969 0.441406 0.812500 0.437500 0.816406 0.421875 0.816406 0.417969 0.812500 0.402344 0.812500 0.398438 0.808594 0.390625 0.808594 0.386719 0.804688 0.378906 0.804688 0.378906 0.812500 0.375000 0.816406 0.355469 0.816406 0.355469 0.828125 0.378906 0.828125 0.382812 0.832031 0.382812 0.835938 0.386719 0.839844 0.390625 0.839844 0.394531 0.843750 0.433594 0.843750 0.445312 0.855469 0.464844 0.855469 0.468750 0.859375 0.472656 0.859375 0.476562 0.863281 0.503906 0.863281 0.511719 0.871094 0.511719 0.875000 0.531250 0.875000 0.531250 0.871094 0.535156 0.867188 0.542969 0.867188 0.542969 0.859375 0.539062 0.859375 0.535156 0.855469 0.523438 0.855469 0.519531 0.851562 0.519531 0.828125 0.484375 0.828125 0.480469 0.824219 0.480469 0.804688 0.484375 0.800781 0.507812 0.800781 0.511719 0.796875 0.511719 0.785156 0.507812 0.781250 0.507812 0.777344 0.492188 0.777344 0.488281 0.773438 0.488281 0.769531
3 0.238281 0.750000 0.238281 0.761719 0.242188 0.765625 0.246094 0.765625 0.253906 0.773438 0.257812 0.773438 0.261719 0.777344 0.261719 0.781250 0.273438 0.781250 0.277344 0.785156 0.285156 0.785156 0.289062 0.789062 0.289062 0.800781 0.312500 0.800781 0.320312 0.808594 0.328125 0.808594 0.328125 0.800781 0.324219 0.796875 0.324219 0.785156 0.316406 0.777344 0.316406 0.773438 0.292969 0.773438 0.285156 0.765625 0.281250 0.765625 0.277344 0.761719 0.261719 0.761719 0.250000 0.750000
3 0.183594 0.699219 0.183594 0.710938 0.187500 0.714844 0.187500 0.718750 0.191406 0.718750 0.199219 0.726562 0.207031 0.726562 0.210938 0.730469 0.218750 0.730469 0.218750 0.718750 0.214844 0.714844 0.214844 0.710938 0.207031 0.703125 0.203125 0.703125 0.199219 0.699219
3 0.144531 0.648438 0.144531 0.656250 0.148438 0.656250 0.152344 0.660156 0.152344 0.664062 0.156250 0.667969 0.164062 0.667969 0.164062 0.660156 0.160156 0.656250 0.160156 0.648438
3 0.765625 0.636719 0.765625 0.640625 0.761719 0.644531 0.757812 0.644531 0.757812 0.648438 0.753906 0.652344 0.750000 0.652344 0.750000 0.660156 0.746094 0.664062 0.730469 0.664062 0.730469 0.667969 0.726562 0.671875 0.722656 0.671875 0.722656 0.675781 0.714844 0.683594 0.714844 0.699219 0.710938 0.703125 0.695312 0.703125 0.695312 0.714844 0.699219 0.718750 0.707031 0.718750 0.710938 0.714844 0.710938 0.710938 0.714844 0.707031 0.722656 0.707031 0.726562 0.703125 0.746094 0.703125 0.750000 0.699219 0.753906 0.699219 0.753906 0.691406 0.757812 0.687500 0.757812 0.664062 0.761719 0.660156 0.761719 0.656250 0.765625 0.652344 0.769531 0.652344 0.773438 0.648438 0.773438 0.636719
3 0.199219 0.574219 0.199219 0.593750 0.195312 0.597656 0.191406 0.597656 0.191406 0.609375 0.214844 0.609375 0.218750 0.613281 0.218750 0.617188 0.222656 0.621094 0.230469 0.621094 0.234375 0.625000 0.242188 0.625000 0.246094 0.621094 0.246094 0.605469 0.250000 0.601562 0.250000 0.589844 0.234375 0.589844 0.230469 0.585938 0.226562 0.585938 0.222656 0.582031 0.218750 0.582031 0.214844 0.578125 0.210938 0.578125 0.207031 0.574219
3 0.878906 0.554688 0.878906 0.558594 0.875000 0.562500 0.875000 0.566406 0.871094 0.570312 0.867188 0.570312 0.867188 0.585938 0.863281 0.589844 0.863281 0.597656 0.867188 0.601562 0.867188 0.617188 0.863281 0.621094 0.855469 0.621094 0.855469 0.632812 0.851562 0.636719 0.847656 0.636719 0.847656 0.648438 0.851562 0.652344 0.851562 0.687500 0.847656 0.691406 0.847656 0.714844 0.843750 0.718750 0.832031 0.718750 0.832031 0.730469 0.847656 0.730469 0.847656 0.722656 0.851562 0.718750 0.859375 0.718750 0.859375 0.714844 0.863281 0.710938 0.867188 0.710938 0.871094 0.707031 0.871094 0.695312 0.875000 0.691406 0.875000 0.656250 0.878906 0.652344 0.878906 0.632812 0.875000 0.628906 0.875000 0.609375 0.878906 0.605469 0.886719 0.605469 0.890625 0.601562 0.890625 0.589844 0.898438 0.582031 0.906250 0.582031 0.906250 0.570312 0.902344 0.566406 0.902344 0.562500 0.898438 0.558594 0.894531 0.558594 0.890625 0.554688
3 0.906250 0.480469 0.906250 0.507812 0.914062 0.507812 0.914062 0.500000 0.917969 0.496094 0.917969 0.480469
3 0.687500 0.421875 0.683594 0.425781 0.679688 0.425781 0.675781 0.429688 0.671875 0.429688 0.667969 0.433594 0.644531 0.433594 0.640625 0.437500 0.632812 0.437500 0.628906 0.441406 0.617188 0.441406 0.617188 0.449219 0.613281 0.453125 0.605469 0.453125 0.605469 0.457031 0.601562 0.460938 0.601562 0.472656 0.617188 0.472656 0.617188 0.464844 0.621094 0.460938 0.632812 0.460938 0.636719 0.457031 0.648438 0.457031 0.652344 0.453125 0.660156 0.453125 0.660156 0.449219 0.664062 0.445312 0.683594 0.445312 0.687500 0.441406 0.695312 0.441406 0.695312 0.433594 0.699219 0.429688 0.699219 0.421875
3 0.085938 0.406250 0.085938 0.410156 0.082031 0.414062 0.082031 0.417969 0.074219 0.425781 0.074219 0.445312 0.089844 0.445312 0.089844 0.437500 0.093750 0.433594 0.113281 0.433594 0.117188 0.437500 0.117188 0.441406 0.121094 0.445312 0.125000 0.445312 0.128906 0.449219 0.128906 0.472656 0.125000 0.476562 0.117188 0.476562 0.117188 0.503906 0.121094 0.503906 0.125000 0.507812 0.125000 0.523438 0.128906 0.527344 0.128906 0.535156 0.144531 0.535156 0.148438 0.539062 0.148438 0.546875 0.160156 0.546875 0.160156 0.539062 0.148438 0.539062 0.144531 0.535156 0.144531 0.515625 0.148438 0.511719 0.164062 0.511719 0.167969 0.515625 0.167969 0.531250 0.179688 0.531250 0.179688 0.527344 0.183594 0.523438 0.183594 0.515625 0.187500 0.511719 0.207031 0.511719 0.210938 0.515625 0.222656 0.515625 0.226562 0.511719 0.234375 0.511719 0.234375 0.492188 0.238281 0.488281 0.242188 0.488281 0.242188 0.480469 0.238281 0.480469 0.234375 0.476562 0.222656 0.476562 0.218750 0.472656 0.218750 0.468750 0.203125 0.468750 0.199219 0.464844 0.199219 0.449219 0.179688 0.449219 0.175781 0.445312 0.175781 0.433594 0.171875 0.429688 0.164062 0.429688 0.160156 0.433594 0.144531 0.433594 0.140625 0.429688 0.140625 0.421875 0.136719 0.421875 0.132812 0.417969 0.132812 0.406250 0.125000 0.406250 0.121094 0.410156 0.097656 0.410156 0.093750 0.406250
3 0.347656 0.371094 0.347656 0.375000 0.343750 0.378906 0.343750 0.386719 0.347656 0.390625 0.363281 0.390625 0.367188 0.394531 0.367188 0.398438 0.371094 0.402344 0.371094 0.425781 0.386719 0.425781 0.394531 0.417969 0.410156 0.417969 0.410156 0.386719 0.414062 0.382812 0.414062 0.375000 0.410156 0.375000 0.406250 0.371094 0.394531 0.371094 0.390625 0.375000 0.386719 0.375000 0.382812 0.378906 0.363281 0.378906 0.359375 0.375000 0.359375 0.371094
3 0.835938 0.316406 0.835938 0.328125 0.832031 0.332031 0.832031 0.339844 0.859375 0.339844 0.871094 0.351562 0.871094 0.367188 0.863281 0.375000 0.863281 0.378906 0.859375 0.382812 0.847656 0.382812 0.847656 0.398438 0.851562 0.398438 0.855469 0.402344 0.871094 0.402344 0.875000 0.406250 0.886719 0.406250 0.890625 0.410156 0.890625 0.414062 0.894531 0.417969 0.894531 0.441406 0.890625 0.445312 0.875000 0.445312 0.875000 0.453125 0.890625 0.453125 0.894531 0.457031 0.902344 0.457031 0.906250 0.453125 0.906250 0.433594 0.902344 0.429688 0.902344 0.406250 0.894531 0.406250 0.890625 0.402344 0.890625 0.371094 0.886719 0.371094 0.882812 0.367188 0.882812 0.339844 0.878906 0.335938 0.878906 0.332031 0.875000 0.332031 0.871094 0.328125 0.867188 0.328125 0.859375 0.320312 0.855469 0.320312 0.851562 0.316406
3 0.714844 0.304688 0.710938 0.308594 0.707031 0.308594 0.703125 0.312500 0.683594 0.312500 0.683594 0.320312 0.703125 0.320312 0.707031 0.324219 0.718750 0.324219 0.722656 0.328125 0.722656 0.332031 0.726562 0.335938 0.726562 0.347656 0.734375 0.347656 0.734375 0.335938 0.738281 0.332031 0.738281 0.316406 0.734375 0.312500 0.726562 0.312500 0.722656 0.308594 0.722656 0.304688
3 0.218750 0.265625 0.214844 0.269531 0.214844 0.281250 0.210938 0.285156 0.203125 0.285156 0.199219 0.289062 0.199219 0.292969 0.191406 0.300781 0.175781 0.300781 0.171875 0.296875 0.148438 0.296875 0.144531 0.292969 0.132812 0.292969 0.128906 0.289062 0.121094 0.289062 0.121094 0.296875 0.117188 0.300781 0.117188 0.304688 0.113281 0.308594 0.113281 0.332031 0.109375 0.335938 0.109375 0.339844 0.105469 0.343750 0.105469 0.359375 0.113281 0.359375 0.117188 0.363281 0.117188 0.375000 0.128906 0.375000 0.132812 0.378906 0.152344 0.378906 0.156250 0.375000 0.160156 0.375000 0.167969 0.367188 0.167969 0.359375 0.160156 0.359375 0.156250 0.355469 0.144531 0.355469 0.140625 0.351562 0.132812 0.351562 0.125000 0.343750 0.125000 0.324219 0.128906 0.320312 0.144531 0.320312 0.148438 0.324219 0.160156 0.324219 0.164062 0.328125 0.199219 0.328125 0.199219 0.316406 0.203125 0.312500 0.226562 0.312500 0.230469 0.308594 0.230469 0.300781 0.226562 0.296875 0.226562 0.281250 0.230469 0.277344 0.261719 0.277344 0.265625 0.281250 0.265625 0.285156 0.312500 0.285156 0.312500 0.265625 0.296875 0.265625 0.292969 0.269531 0.277344 0.269531 0.273438 0.265625 0.261719 0.265625 0.257812 0.269531 0.230469 0.269531 0.226562 0.265625
3 0.777344 0.253906 0.761719 0.269531 0.761719 0.273438 0.757812 0.277344 0.750000 0.277344 0.750000 0.285156 0.765625 0.300781 0.765625 0.304688 0.792969 0.304688 0.796875 0.308594 0.796875 0.332031 0.800781 0.335938 0.808594 0.335938 0.808594 0.316406 0.816406 0.308594 0.828125 0.308594 0.828125 0.292969 0.820312 0.292969 0.816406 0.289062 0.812500 0.289062 0.808594 0.285156 0.796875 0.285156 0.792969 0.281250 0.792969 0.253906
3 0.527344 0.250000 0.527344 0.253906 0.523438 0.257812 0.523438 0.277344 0.519531 0.281250 0.492188 0.281250 0.492188 0.289062 0.500000 0.296875 0.500000 0.300781 0.507812 0.300781 0.511719 0.304688 0.511719 0.320312 0.507812 0.324219 0.500000 0.324219 0.492188 0.332031 0.492188 0.339844 0.500000 0.347656 0.500000 0.351562 0.503906 0.355469 0.503906 0.375000 0.515625 0.375000 0.519531 0.378906 0.519531 0.433594 0.515625 0.437500 0.515625 0.441406 0.511719 0.445312 0.507812 0.445312 0.503906 0.449219 0.503906 0.464844 0.500000 0.468750 0.484375 0.468750 0.480469 0.464844 0.464844 0.464844 0.460938 0.460938 0.460938 0.453125 0.457031 0.449219 0.457031 0.445312 0.441406 0.445312 0.441406 0.460938 0.433594 0.468750 0.425781 0.468750 0.425781 0.480469 0.421875 0.484375 0.406250 0.484375 0.402344 0.480469 0.394531 0.480469 0.390625 0.476562 0.382812 0.476562 0.378906 0.472656 0.378906 0.460938 0.375000 0.457031 0.375000 0.453125 0.367188 0.453125 0.363281 0.449219 0.363281 0.429688 0.351562 0.429688 0.351562 0.437500 0.347656 0.441406 0.316406 0.441406 0.312500 0.437500 0.289062 0.437500 0.285156 0.433594 0.261719 0.433594 0.257812 0.429688 0.257812 0.406250 0.250000 0.406250 0.250000 0.410156 0.246094 0.414062 0.246094 0.421875 0.242188 0.425781 0.234375 0.425781 0.234375 0.429688 0.226562 0.437500 0.226562 0.445312 0.230469 0.449219 0.230469 0.453125 0.246094 0.453125 0.246094 0.445312 0.250000 0.441406 0.269531 0.441406 0.273438 0.445312 0.273438 0.449219 0.296875 0.449219 0.300781 0.453125 0.300781 0.457031 0.312500 0.468750 0.312500 0.500000 0.308594 0.503906 0.292969 0.503906 0.289062 0.500000 0.269531 0.500000 0.269531 0.507812 0.277344 0.515625 0.277344 0.531250 0.261719 0.546875 0.261719 0.554688 0.289062 0.554688 0.292969 0.550781 0.296875 0.550781 0.300781 0.546875 0.304688 0.546875 0.308594 0.542969 0.320312 0.542969 0.320312 0.515625 0.324219 0.511719 0.339844 0.511719 0.343750 0.515625 0.355469 0.515625 0.359375 0.519531 0.359375 0.535156 0.367188 0.535156 0.367188 0.519531 0.359375 0.519531 0.355469 0.515625 0.355469 0.496094 0.359375 0.492188 0.382812 0.492188 0.386719 0.496094 0.386719 0.500000 0.398438 0.500000 0.402344 0.503906 0.402344 0.519531 0.394531 0.527344 0.390625 0.527344 0.390625 0.535156 0.425781 0.535156 0.429688 0.539062 0.453125 0.539062 0.464844 0.550781 0.464844 0.562500 0.511719 0.562500 0.515625 0.566406 0.515625 0.574219 0.519531 0.574219 0.523438 0.578125 0.523438 0.593750 0.519531 0.597656 0.519531 0.617188 0.515625 0.621094 0.437500 0.621094 0.433594 0.617188 0.425781 0.617188 0.421875 0.613281 0.421875 0.597656 0.417969 0.593750 0.410156 0.593750 0.406250 0.597656 0.390625 0.597656 0.386719 0.593750 0.378906 0.593750 0.378906 0.617188 0.375000 0.621094 0.371094 0.621094 0.367188 0.625000 0.367188 0.632812 0.375000 0.640625 0.390625 0.640625 0.394531 0.644531 0.406250 0.644531 0.410156 0.648438 0.414062 0.648438 0.417969 0.652344 0.417969 0.656250 0.425781 0.656250 0.429688 0.660156 0.429688 0.699219 0.425781 0.703125 0.410156 0.703125 0.406250 0.699219 0.406250 0.695312 0.402344 0.691406 0.402344 0.687500 0.394531 0.687500 0.390625 0.691406 0.386719 0.691406 0.382812 0.695312 0.378906 0.695312 0.375000 0.699219 0.371094 0.699219 0.367188 0.703125 0.359375 0.703125 0.355469 0.707031 0.351562 0.707031 0.351562 0.714844 0.359375 0.714844 0.363281 0.710938 0.390625 0.710938 0.394531 0.714844 0.457031 0.714844 0.460938 0.718750 0.460938 0.722656 0.468750 0.722656 0.472656 0.726562 0.484375 0.726562 0.488281 0.722656 0.515625 0.722656 0.519531 0.718750 0.542969 0.718750 0.546875 0.722656 0.546875 0.726562 0.550781 0.726562 0.554688 0.730469 0.554688 0.734375 0.558594 0.738281 0.558594 0.742188 0.562500 0.746094 0.562500 0.750000 0.566406 0.753906 0.566406 0.765625 0.574219 0.765625 0.574219 0.738281 0.578125 0.734375 0.605469 0.734375 0.605469 0.718750 0.609375 0.714844 0.609375 0.707031 0.585938 0.707031 0.582031 0.703125 0.582031 0.683594 0.585938 0.679688 0.585938 0.675781 0.589844 0.671875 0.589844 0.656250 0.597656 0.648438 0.609375 0.648438 0.609375 0.640625 0.613281 0.636719 0.613281 0.628906 0.609375 0.628906 0.605469 0.625000 0.605469 0.609375 0.601562 0.605469 0.601562 0.589844 0.605469 0.585938 0.617188 0.585938 0.617188 0.578125 0.613281 0.574219 0.613281 0.570312 0.605469 0.570312 0.601562 0.574219 0.601562 0.597656 0.597656 0.601562 0.593750 0.601562 0.593750 0.621094 0.589844 0.625000 0.574219 0.625000 0.570312 0.621094 0.570312 0.617188 0.566406 0.613281 0.542969 0.613281 0.539062 0.609375 0.539062 0.585938 0.542969 0.582031 0.546875 0.582031 0.546875 0.566406 0.550781 0.562500 0.558594 0.562500 0.566406 0.554688 0.566406 0.542969 0.562500 0.542969 0.554688 0.535156 0.554688 0.519531 0.550781 0.519531 0.539062 0.507812 0.539062 0.476562 0.542969 0.472656 0.558594 0.472656 0.558594 0.449219 0.562500 0.445312 0.562500 0.433594 0.566406 0.429688 0.574219 0.429688 0.574219 0.417969 0.566406 0.417969 0.562500 0.414062 0.539062 0.414062 0.535156 0.410156 0.535156 0.386719 0.527344 0.378906 0.527344 0.363281 0.531250 0.359375 0.539062 0.359375 0.542969 0.355469 0.574219 0.355469 0.578125 0.351562 0.585938 0.351562 0.585938 0.343750 0.578125 0.343750 0.570312 0.335938 0.558594 0.335938 0.554688 0.332031 0.554688 0.308594 0.542969 0.308594 0.539062 0.304688 0.539062 0.277344 0.542969 0.273438 0.542969 0.261719 0.539062 0.257812 0.539062 0.250000
3 0.539062 0.175781 0.531250 0.183594 0.531250 0.191406 0.527344 0.195312 0.527344 0.203125 0.531250 0.207031 0.531250 0.214844 0.535156 0.214844 0.539062 0.218750 0.539062 0.226562 0.542969 0.230469 0.554688 0.230469 0.558594 0.226562 0.574219 0.226562 0.578125 0.230469 0.578125 0.234375 0.601562 0.234375 0.601562 0.226562 0.605469 0.222656 0.621094 0.222656 0.625000 0.226562 0.644531 0.226562 0.648438 0.230469 0.648438 0.238281 0.652344 0.242188 0.679688 0.242188 0.683594 0.238281 0.683594 0.226562 0.691406 0.218750 0.695312 0.218750 0.699219 0.214844 0.699219 0.207031 0.691406 0.207031 0.687500 0.203125 0.687500 0.187500 0.683594 0.183594 0.671875 0.183594 0.667969 0.187500 0.664062 0.187500 0.660156 0.191406 0.644531 0.191406 0.640625 0.195312 0.632812 0.195312 0.628906 0.199219 0.625000 0.199219 0.621094 0.203125 0.621094 0.207031 0.613281 0.214844 0.609375 0.214844 0.609375 0.218750 0.605469 0.222656 0.593750 0.222656 0.589844 0.226562 0.562500 0.226562 0.558594 0.222656 0.558594 0.214844 0.550781 0.214844 0.546875 0.210938 0.546875 0.187500 0.550781 0.183594 0.550781 0.175781
3 0.378906 0.148438 0.375000 0.152344 0.367188 0.152344 0.359375 0.160156 0.355469 0.160156 0.347656 0.167969 0.312500 0.167969 0.308594 0.171875 0.300781 0.171875 0.300781 0.179688 0.308594 0.179688 0.312500 0.183594 0.312500 0.187500 0.320312 0.187500 0.320312 0.183594 0.324219 0.179688 0.363281 0.179688 0.367188 0.183594 0.367188 0.191406 0.371094 0.195312 0.371094 0.199219 0.402344 0.199219 0.414062 0.187500 0.421875 0.187500 0.421875 0.175781 0.402344 0.175781 0.398438 0.171875 0.390625 0.171875 0.386719 0.167969 0.386719 0.148438
3 0.558594 0.062500 0.550781 0.070312 0.546875 0.070312 0.542969 0.074219 0.542969 0.089844 0.546875 0.089844 0.550781 0.093750 0.550781 0.097656 0.562500 0.097656 0.566406 0.101562 0.570312 0.101562 0.574219 0.105469 0.582031 0.105469 0.589844 0.097656 0.589844 0.093750 0.593750 0.089844 0.593750 0.082031 0.589844 0.078125 0.589844 0.074219 0.570312 0.074219 0.566406 0.070312 0.566406 0.062500
