3 0.511719 0.890625 0.511719 0.894531 0.507812 0.898438 0.503906 0.898438 0.500000 0.902344 0.500000 0.917969 0.507812 0.917969 0.511719 0.921875 0.511719 0.925781 0.515625 0.929688 0.515625 0.933594 0.527344 0.933594 0.527344 0.925781 0.531250 0.921875 0.539062 0.921875 0.539062 0.917969 0.542969 0.914062 0.542969 0.898438 0.527344 0.898438 0.519531 0.890625
3 0.554688 0.875000 0.554688 0.894531 0.562500 0.894531 0.562500 0.875000
3 0.300781 0.761719 0.296875 0.765625 0.296875 0.773438 0.300781 0.777344 0.300781 0.800781 0.312500 0.800781 0.316406 0.796875 0.320312 0.796875 0.328125 0.789062 0.332031 0.789062 0.335938 0.785156 0.351562 0.785156 0.351562 0.777344 0.347656 0.773438 0.343750 0.773438 0.339844 0.769531 0.324219 0.769531 0.316406 0.761719
3 0.156250 0.703125 0.156250 0.710938 0.164062 0.718750 0.164062 0.722656 0.167969 0.726562 0.171875 0.726562 0.179688 0.734375 0.183594 0.734375 0.191406 0.742188 0.191406 0.746094 0.199219 0.746094 0.203125 0.750000 0.203125 0.757812 0.222656 0.777344 0.222656 0.781250 0.230469 0.789062 0.242188 0.789062 0.242188 0.777344 0.234375 0.769531 0.234375 0.757812 0.230469 0.753906 0.230469 0.750000 0.226562 0.746094 0.214844 0.746094 0.207031 0.738281 0.207031 0.734375 0.195312 0.722656 0.187500 0.722656 0.183594 0.718750 0.183594 0.714844 0.179688 0.710938 0.175781 0.710938 0.167969 0.703125
3 0.375000 0.675781 0.371094 0.679688 0.363281 0.679688 0.359375 0.683594 0.351562 0.683594 0.347656 0.687500 0.335938 0.687500 0.335938 0.695312 0.343750 0.703125 0.398438 0.703125 0.402344 0.699219 0.410156 0.699219 0.414062 0.695312 0.417969 0.695312 0.417969 0.687500 0.410156 0.687500 0.402344 0.679688 0.398438 0.679688 0.394531 0.675781
3 0.750000 0.640625 0.746094 0.644531 0.742188 0.644531 0.738281 0.648438 0.726562 0.648438 0.726562 0.656250 0.734375 0.664062 0.738281 0.664062 0.742188 0.667969 0.746094 0.667969 0.750000 0.671875 0.757812 0.671875 0.761719 0.675781 0.781250 0.675781 0.789062 0.683594 0.796875 0.683594 0.796875 0.679688 0.800781 0.675781 0.812500 0.675781 0.812500 0.667969 0.808594 0.664062 0.808594 0.660156 0.792969 0.660156 0.789062 0.656250 0.777344 0.656250 0.773438 0.652344 0.769531 0.652344 0.761719 0.644531 0.761719 0.640625
3 0.414062 0.621094 0.414062 0.636719 0.417969 0.636719 0.421875 0.640625 0.433594 0.640625 0.437500 0.644531 0.457031 0.644531 0.457031 0.632812 0.437500 0.632812 0.433594 0.628906 0.429688 0.628906 0.425781 0.625000 0.425781 0.621094
3 0.402344 0.605469 0.402344 0.613281 0.410156 0.613281 0.410156 0.605469
3 0.363281 0.589844 0.363281 0.597656 0.382812 0.597656 0.382812 0.589844
3 0.640625 0.585938 0.640625 0.605469 0.636719 0.609375 0.621094 0.609375 0.617188 0.613281 0.570312 0.613281 0.562500 0.621094 0.562500 0.644531 0.570312 0.644531 0.570312 0.636719 0.574219 0.632812 0.578125 0.632812 0.582031 0.628906 0.589844 0.628906 0.593750 0.625000 0.609375 0.625000 0.613281 0.628906 0.632812 0.628906 0.636719 0.632812 0.636719 0.640625 0.660156 0.640625 0.664062 0.636719 0.664062 0.632812 0.671875 0.625000 0.675781 0.625000 0.679688 0.621094 0.679688 0.605469 0.683594 0.601562 0.683594 0.589844 0.667969 0.589844 0.664062 0.585938
3 0.207031 0.585938 0.203125 0.589844 0.195312 0.589844 0.195312 0.605469 0.207031 0.605469 0.210938 0.609375 0.210938 0.621094 0.218750 0.628906 0.226562 0.628906 0.230469 0.632812 0.238281 0.632812 0.242188 0.628906 0.273438 0.628906 0.273438 0.621094 0.269531 0.617188 0.269531 0.605469 0.238281 0.605469 0.234375 0.601562 0.234375 0.593750 0.226562 0.585938
3 0.894531 0.582031 0.890625 0.585938 0.886719 0.585938 0.882812 0.589844 0.875000 0.589844 0.871094 0.593750 0.863281 0.593750 0.859375 0.597656 0.855469 0.597656 0.847656 0.605469 0.847656 0.621094 0.851562 0.625000 0.851562 0.628906 0.859375 0.628906 0.863281 0.632812 0.871094 0.632812 0.875000 0.628906 0.878906 0.628906 0.882812 0.625000 0.890625 0.625000 0.890625 0.621094 0.898438 0.613281 0.898438 0.601562 0.902344 0.597656 0.902344 0.593750 0.906250 0.589844 0.906250 0.582031
3 0.332031 0.570312 0.328125 0.574219 0.324219 0.574219 0.316406 0.582031 0.304688 0.582031 0.300781 0.585938 0.296875 0.585938 0.296875 0.593750 0.300781 0.593750 0.312500 0.605469 0.339844 0.605469 0.343750 0.609375 0.351562 0.609375 0.351562 0.601562 0.343750 0.601562 0.339844 0.597656 0.339844 0.570312
3 0.398438 0.550781 0.398438 0.554688 0.390625 0.562500 0.390625 0.570312 0.425781 0.570312 0.429688 0.574219 0.429688 0.578125 0.437500 0.578125 0.441406 0.574219 0.441406 0.570312 0.445312 0.566406 0.457031 0.566406 0.457031 0.558594 0.425781 0.558594 0.421875 0.554688 0.421875 0.550781
3 0.128906 0.460938 0.128906 0.464844 0.125000 0.468750 0.125000 0.496094 0.140625 0.496094 0.144531 0.500000 0.144531 0.519531 0.140625 0.523438 0.125000 0.523438 0.121094 0.527344 0.121094 0.535156 0.140625 0.535156 0.144531 0.539062 0.167969 0.539062 0.171875 0.535156 0.195312 0.535156 0.203125 0.542969 0.210938 0.542969 0.214844 0.539062 0.238281 0.539062 0.238281 0.531250 0.214844 0.531250 0.210938 0.527344 0.210938 0.523438 0.203125 0.515625 0.187500 0.515625 0.179688 0.523438 0.164062 0.523438 0.160156 0.519531 0.160156 0.500000 0.164062 0.496094 0.164062 0.480469 0.156250 0.480469 0.152344 0.476562 0.152344 0.472656 0.144531 0.472656 0.136719 0.464844 0.136719 0.460938
3 0.500000 0.457031 0.500000 0.496094 0.496094 0.500000 0.496094 0.503906 0.492188 0.507812 0.492188 0.542969 0.488281 0.546875 0.488281 0.558594 0.492188 0.562500 0.492188 0.566406 0.496094 0.570312 0.496094 0.605469 0.492188 0.609375 0.492188 0.621094 0.488281 0.625000 0.488281 0.628906 0.480469 0.636719 0.480469 0.660156 0.488281 0.667969 0.488281 0.675781 0.492188 0.679688 0.492188 0.683594 0.500000 0.683594 0.500000 0.667969 0.503906 0.664062 0.503906 0.648438 0.496094 0.640625 0.496094 0.625000 0.500000 0.621094 0.500000 0.597656 0.503906 0.593750 0.503906 0.566406 0.500000 0.562500 0.500000 0.515625 0.503906 0.511719 0.503906 0.488281 0.507812 0.484375 0.507812 0.476562 0.511719 0.472656 0.511719 0.460938 0.507812 0.457031
3 0.945312 0.441406 0.945312 0.445312 0.941406 0.449219 0.941406 0.460938 0.937500 0.464844 0.929688 0.464844 0.925781 0.468750 0.882812 0.468750 0.878906 0.472656 0.871094 0.472656 0.867188 0.476562 0.867188 0.488281 0.917969 0.488281 0.921875 0.492188 0.921875 0.496094 0.925781 0.496094 0.929688 0.500000 0.929688 0.515625 0.933594 0.519531 0.933594 0.527344 0.941406 0.527344 0.945312 0.523438 0.949219 0.523438 0.949219 0.500000 0.945312 0.496094 0.945312 0.488281 0.941406 0.484375 0.941406 0.460938 0.945312 0.457031 0.957031 0.457031 0.957031 0.453125 0.960938 0.449219 0.960938 0.441406
3 0.414062 0.406250 0.410156 0.410156 0.402344 0.410156 0.398438 0.414062 0.390625 0.414062 0.386719 0.417969 0.378906 0.417969 0.375000 0.421875 0.371094 0.421875 0.371094 0.433594 0.382812 0.433594 0.386719 0.437500 0.394531 0.437500 0.402344 0.445312 0.410156 0.445312 0.417969 0.437500 0.417969 0.429688 0.425781 0.421875 0.425781 0.406250
3 0.531250 0.101562 0.519531 0.113281 0.519531 0.136719 0.515625 0.140625 0.496094 0.140625 0.496094 0.144531 0.492188 0.148438 0.464844 0.148438 0.457031 0.156250 0.457031 0.164062 0.472656 0.164062 0.472656 0.160156 0.480469 0.152344 0.511719 0.152344 0.515625 0.156250 0.515625 0.160156 0.519531 0.164062 0.519531 0.171875 0.527344 0.171875 0.531250 0.167969 0.535156 0.167969 0.539062 0.164062 0.539062 0.156250 0.535156 0.156250 0.531250 0.152344 0.527344 0.152344 0.523438 0.148438 0.523438 0.132812 0.527344 0.128906 0.535156 0.128906 0.542969 0.121094 0.546875 0.121094 0.546875 0.101562
