3 0.441406 0.718750 0.441406 0.730469 0.453125 0.730469 0.453125 0.718750
3 0.421875 0.707031 0.421875 0.714844 0.429688 0.714844 0.429688 0.707031
3 0.386719 0.703125 0.382812 0.707031 0.382812 0.714844 0.398438 0.714844 0.398438 0.707031 0.394531 0.703125
3 0.414062 0.640625 0.414062 0.652344 0.417969 0.656250 0.421875 0.656250 0.429688 0.664062 0.433594 0.664062 0.437500 0.667969 0.445312 0.667969 0.449219 0.671875 0.449219 0.687500 0.453125 0.687500 0.457031 0.691406 0.457031 0.710938 0.468750 0.710938 0.468750 0.695312 0.472656 0.691406 0.480469 0.691406 0.480469 0.683594 0.468750 0.683594 0.464844 0.679688 0.464844 0.656250 0.441406 0.656250 0.437500 0.652344 0.429688 0.652344 0.425781 0.648438 0.425781 0.644531 0.421875 0.640625
3 0.312500 0.636719 0.312500 0.644531 0.308594 0.648438 0.300781 0.648438 0.296875 0.652344 0.292969 0.652344 0.292969 0.664062 0.296875 0.664062 0.300781 0.667969 0.300781 0.671875 0.304688 0.675781 0.304688 0.687500 0.316406 0.687500 0.320312 0.683594 0.324219 0.683594 0.324219 0.667969 0.328125 0.664062 0.328125 0.656250 0.324219 0.656250 0.320312 0.652344 0.320312 0.636719
3 0.214844 0.609375 0.214844 0.632812 0.210938 0.636719 0.210938 0.640625 0.207031 0.644531 0.203125 0.644531 0.203125 0.648438 0.199219 0.652344 0.191406 0.652344 0.191406 0.660156 0.203125 0.660156 0.203125 0.656250 0.207031 0.652344 0.226562 0.652344 0.226562 0.628906 0.222656 0.625000 0.222656 0.609375
3 0.843750 0.574219 0.839844 0.578125 0.824219 0.578125 0.824219 0.605469 0.820312 0.609375 0.812500 0.609375 0.812500 0.617188 0.847656 0.617188 0.847656 0.605469 0.855469 0.597656 0.859375 0.597656 0.863281 0.593750 0.867188 0.593750 0.867188 0.578125 0.855469 0.578125 0.851562 0.574219
3 0.132812 0.562500 0.128906 0.566406 0.128906 0.578125 0.132812 0.582031 0.132812 0.589844 0.136719 0.589844 0.140625 0.593750 0.140625 0.597656 0.144531 0.601562 0.148438 0.601562 0.152344 0.605469 0.152344 0.609375 0.164062 0.609375 0.167969 0.605469 0.167969 0.593750 0.164062 0.589844 0.164062 0.582031 0.160156 0.578125 0.160156 0.570312 0.156250 0.570312 0.152344 0.566406 0.148438 0.566406 0.144531 0.562500
3 0.238281 0.527344 0.238281 0.558594 0.234375 0.562500 0.222656 0.562500 0.218750 0.566406 0.207031 0.566406 0.207031 0.574219 0.210938 0.578125 0.210938 0.582031 0.214844 0.582031 0.218750 0.585938 0.230469 0.585938 0.230469 0.578125 0.234375 0.574219 0.242188 0.574219 0.242188 0.546875 0.246094 0.542969 0.250000 0.542969 0.250000 0.527344
3 0.710938 0.519531 0.707031 0.523438 0.675781 0.523438 0.671875 0.527344 0.667969 0.527344 0.664062 0.531250 0.652344 0.531250 0.652344 0.535156 0.648438 0.539062 0.632812 0.539062 0.628906 0.542969 0.625000 0.542969 0.621094 0.546875 0.617188 0.546875 0.613281 0.550781 0.597656 0.550781 0.589844 0.558594 0.574219 0.558594 0.574219 0.574219 0.570312 0.578125 0.542969 0.578125 0.542969 0.582031 0.539062 0.585938 0.511719 0.585938 0.511719 0.601562 0.515625 0.605469 0.531250 0.605469 0.535156 0.609375 0.535156 0.628906 0.531250 0.632812 0.527344 0.632812 0.527344 0.640625 0.523438 0.644531 0.519531 0.644531 0.519531 0.648438 0.515625 0.652344 0.511719 0.652344 0.507812 0.656250 0.503906 0.656250 0.503906 0.664062 0.527344 0.664062 0.531250 0.667969 0.531250 0.691406 0.554688 0.691406 0.562500 0.699219 0.562500 0.714844 0.566406 0.718750 0.566406 0.765625 0.574219 0.773438 0.574219 0.800781 0.570312 0.804688 0.554688 0.804688 0.550781 0.800781 0.539062 0.800781 0.539062 0.820312 0.535156 0.824219 0.527344 0.824219 0.527344 0.832031 0.539062 0.832031 0.546875 0.839844 0.546875 0.843750 0.558594 0.855469 0.558594 0.859375 0.566406 0.867188 0.566406 0.871094 0.570312 0.871094 0.589844 0.890625 0.589844 0.894531 0.593750 0.898438 0.593750 0.906250 0.597656 0.910156 0.597656 0.917969 0.609375 0.929688 0.609375 0.933594 0.613281 0.937500 0.628906 0.937500 0.632812 0.941406 0.632812 0.960938 0.640625 0.960938 0.640625 0.937500 0.644531 0.933594 0.648438 0.933594 0.648438 0.925781 0.640625 0.917969 0.640625 0.914062 0.636719 0.910156 0.636719 0.906250 0.632812 0.902344 0.632812 0.898438 0.625000 0.890625 0.625000 0.886719 0.617188 0.878906 0.617188 0.867188 0.613281 0.863281 0.613281 0.843750 0.621094 0.835938 0.621094 0.828125 0.617188 0.824219 0.617188 0.816406 0.609375 0.808594 0.597656 0.808594 0.593750 0.804688 0.593750 0.789062 0.597656 0.785156 0.605469 0.785156 0.605469 0.765625 0.601562 0.761719 0.601562 0.753906 0.585938 0.753906 0.582031 0.750000 0.582031 0.746094 0.578125 0.742188 0.578125 0.714844 0.582031 0.710938 0.597656 0.710938 0.601562 0.707031 0.617188 0.707031 0.621094 0.710938 0.621094 0.718750 0.628906 0.718750 0.632812 0.714844 0.644531 0.714844 0.652344 0.707031 0.656250 0.707031 0.660156 0.703125 0.660156 0.695312 0.640625 0.695312 0.636719 0.691406 0.636719 0.675781 0.632812 0.671875 0.617188 0.671875 0.613281 0.675781 0.613281 0.679688 0.609375 0.683594 0.589844 0.683594 0.585938 0.679688 0.582031 0.679688 0.578125 0.675781 0.578125 0.660156 0.582031 0.656250 0.585938 0.656250 0.589844 0.652344 0.589844 0.644531 0.597656 0.636719 0.660156 0.636719 0.664062 0.632812 0.667969 0.632812 0.667969 0.625000 0.671875 0.621094 0.710938 0.621094 0.714844 0.617188 0.722656 0.617188 0.726562 0.613281 0.734375 0.613281 0.738281 0.609375 0.738281 0.558594 0.742188 0.554688 0.742188 0.546875 0.738281 0.542969 0.738281 0.523438 0.734375 0.519531
3 0.558594 0.425781 0.558594 0.445312 0.554688 0.449219 0.550781 0.449219 0.550781 0.453125 0.546875 0.457031 0.519531 0.457031 0.519531 0.464844 0.523438 0.464844 0.527344 0.468750 0.527344 0.503906 0.519531 0.511719 0.519531 0.515625 0.515625 0.519531 0.515625 0.527344 0.527344 0.527344 0.531250 0.531250 0.535156 0.531250 0.539062 0.535156 0.539062 0.539062 0.546875 0.539062 0.546875 0.527344 0.550781 0.523438 0.550781 0.519531 0.554688 0.515625 0.578125 0.515625 0.582031 0.511719 0.582031 0.507812 0.589844 0.500000 0.597656 0.500000 0.597656 0.496094 0.601562 0.492188 0.609375 0.492188 0.613281 0.488281 0.644531 0.488281 0.648438 0.484375 0.656250 0.484375 0.660156 0.480469 0.667969 0.480469 0.671875 0.476562 0.679688 0.476562 0.679688 0.460938 0.648438 0.460938 0.644531 0.464844 0.640625 0.464844 0.636719 0.468750 0.628906 0.468750 0.625000 0.472656 0.621094 0.472656 0.617188 0.476562 0.593750 0.476562 0.589844 0.480469 0.574219 0.480469 0.570312 0.476562 0.566406 0.476562 0.558594 0.468750 0.558594 0.437500 0.562500 0.433594 0.566406 0.433594 0.566406 0.425781
3 0.171875 0.425781 0.171875 0.460938 0.167969 0.464844 0.167969 0.472656 0.164062 0.476562 0.160156 0.476562 0.156250 0.480469 0.140625 0.480469 0.136719 0.476562 0.132812 0.476562 0.128906 0.472656 0.128906 0.449219 0.105469 0.449219 0.105469 0.457031 0.109375 0.460938 0.109375 0.472656 0.117188 0.472656 0.121094 0.476562 0.121094 0.496094 0.128906 0.503906 0.128906 0.527344 0.140625 0.527344 0.144531 0.523438 0.167969 0.523438 0.171875 0.527344 0.171875 0.531250 0.175781 0.535156 0.183594 0.535156 0.183594 0.523438 0.171875 0.523438 0.167969 0.519531 0.167969 0.503906 0.175781 0.496094 0.191406 0.496094 0.191406 0.492188 0.199219 0.484375 0.207031 0.484375 0.207031 0.468750 0.191406 0.453125 0.191406 0.429688 0.187500 0.425781
3 0.765625 0.398438 0.757812 0.406250 0.750000 0.406250 0.746094 0.410156 0.742188 0.410156 0.742188 0.421875 0.738281 0.425781 0.734375 0.425781 0.730469 0.429688 0.726562 0.429688 0.726562 0.441406 0.730469 0.445312 0.730469 0.449219 0.742188 0.449219 0.742188 0.445312 0.746094 0.441406 0.769531 0.441406 0.773438 0.437500 0.773438 0.429688 0.781250 0.421875 0.820312 0.421875 0.824219 0.417969 0.824219 0.410156 0.820312 0.406250 0.820312 0.402344 0.816406 0.398438 0.808594 0.398438 0.804688 0.402344 0.785156 0.402344 0.781250 0.398438
3 0.765625 0.261719 0.761719 0.265625 0.761719 0.277344 0.765625 0.277344 0.769531 0.281250 0.781250 0.281250 0.785156 0.285156 0.785156 0.300781 0.789062 0.300781 0.792969 0.304688 0.796875 0.304688 0.800781 0.308594 0.808594 0.308594 0.812500 0.312500 0.828125 0.312500 0.828125 0.300781 0.824219 0.296875 0.820312 0.296875 0.816406 0.292969 0.800781 0.292969 0.796875 0.289062 0.789062 0.289062 0.785156 0.285156 0.785156 0.261719
3 0.738281 0.195312 0.738281 0.199219 0.734375 0.203125 0.730469 0.203125 0.726562 0.207031 0.699219 0.207031 0.695312 0.210938 0.683594 0.210938 0.675781 0.218750 0.640625 0.218750 0.636719 0.214844 0.636719 0.203125 0.628906 0.203125 0.625000 0.207031 0.625000 0.218750 0.628906 0.218750 0.632812 0.222656 0.632812 0.234375 0.636719 0.238281 0.664062 0.238281 0.667969 0.234375 0.671875 0.234375 0.679688 0.226562 0.707031 0.226562 0.710938 0.222656 0.761719 0.222656 0.765625 0.218750 0.769531 0.218750 0.773438 0.214844 0.773438 0.207031 0.769531 0.203125 0.750000 0.203125 0.746094 0.199219 0.746094 0.195312
3 0.500000 0.183594 0.496094 0.187500 0.488281 0.187500 0.484375 0.191406 0.476562 0.191406 0.472656 0.195312 0.468750 0.195312 0.464844 0.199219 0.460938 0.199219 0.460938 0.210938 0.468750 0.210938 0.472656 0.214844 0.492188 0.214844 0.492188 0.210938 0.496094 0.207031 0.503906 0.207031 0.511719 0.199219 0.515625 0.199219 0.515625 0.183594
3 0.375000 0.179688 0.371094 0.183594 0.367188 0.183594 0.367188 0.195312 0.363281 0.199219 0.359375 0.199219 0.355469 0.203125 0.332031 0.203125 0.324219 0.210938 0.320312 0.210938 0.316406 0.214844 0.312500 0.214844 0.304688 0.222656 0.300781 0.222656 0.292969 0.230469 0.285156 0.230469 0.285156 0.242188 0.289062 0.246094 0.300781 0.246094 0.300781 0.238281 0.308594 0.230469 0.312500 0.230469 0.316406 0.226562 0.339844 0.226562 0.343750 0.230469 0.363281 0.230469 0.363281 0.218750 0.367188 0.214844 0.390625 0.214844 0.394531 0.218750 0.394531 0.238281 0.402344 0.238281 0.406250 0.242188 0.406250 0.261719 0.402344 0.265625 0.394531 0.265625 0.390625 0.269531 0.386719 0.269531 0.382812 0.273438 0.355469 0.273438 0.351562 0.269531 0.335938 0.269531 0.332031 0.265625 0.332031 0.257812 0.312500 0.257812 0.312500 0.273438 0.308594 0.277344 0.304688 0.277344 0.300781 0.281250 0.289062 0.281250 0.285156 0.285156 0.253906 0.285156 0.250000 0.281250 0.250000 0.250000 0.238281 0.250000 0.226562 0.261719 0.222656 0.261719 0.218750 0.265625 0.218750 0.292969 0.214844 0.296875 0.195312 0.296875 0.191406 0.292969 0.191406 0.289062 0.179688 0.289062 0.179688 0.316406 0.175781 0.320312 0.167969 0.320312 0.164062 0.324219 0.144531 0.324219 0.136719 0.316406 0.136719 0.308594 0.125000 0.308594 0.125000 0.312500 0.117188 0.320312 0.117188 0.324219 0.113281 0.328125 0.113281 0.335938 0.117188 0.339844 0.117188 0.347656 0.128906 0.347656 0.132812 0.343750 0.132812 0.335938 0.136719 0.332031 0.167969 0.332031 0.175781 0.339844 0.199219 0.339844 0.207031 0.347656 0.207031 0.367188 0.210938 0.371094 0.210938 0.375000 0.234375 0.375000 0.238281 0.378906 0.238281 0.406250 0.234375 0.410156 0.234375 0.417969 0.238281 0.421875 0.238281 0.425781 0.242188 0.429688 0.242188 0.445312 0.238281 0.449219 0.238281 0.457031 0.261719 0.457031 0.265625 0.460938 0.265625 0.496094 0.261719 0.500000 0.257812 0.500000 0.257812 0.511719 0.273438 0.511719 0.273438 0.507812 0.277344 0.503906 0.277344 0.500000 0.281250 0.496094 0.285156 0.496094 0.289062 0.492188 0.308594 0.492188 0.312500 0.496094 0.312500 0.511719 0.316406 0.515625 0.320312 0.515625 0.324219 0.519531 0.335938 0.519531 0.335938 0.515625 0.339844 0.511719 0.359375 0.511719 0.363281 0.515625 0.414062 0.515625 0.417969 0.511719 0.433594 0.511719 0.437500 0.515625 0.437500 0.523438 0.445312 0.531250 0.449219 0.531250 0.453125 0.535156 0.453125 0.539062 0.457031 0.539062 0.460938 0.542969 0.480469 0.542969 0.484375 0.539062 0.488281 0.539062 0.488281 0.531250 0.492188 0.527344 0.492188 0.519531 0.488281 0.515625 0.488281 0.511719 0.476562 0.511719 0.472656 0.507812 0.472656 0.500000 0.437500 0.500000 0.433594 0.496094 0.386719 0.496094 0.382812 0.500000 0.375000 0.500000 0.375000 0.503906 0.371094 0.507812 0.347656 0.507812 0.343750 0.503906 0.339844 0.503906 0.335938 0.500000 0.328125 0.500000 0.324219 0.496094 0.316406 0.496094 0.312500 0.492188 0.312500 0.480469 0.308594 0.480469 0.300781 0.472656 0.292969 0.472656 0.285156 0.464844 0.285156 0.433594 0.281250 0.433594 0.277344 0.429688 0.277344 0.394531 0.281250 0.390625 0.289062 0.390625 0.292969 0.386719 0.292969 0.375000 0.285156 0.375000 0.281250 0.371094 0.281250 0.367188 0.273438 0.367188 0.269531 0.363281 0.269531 0.355469 0.257812 0.355469 0.253906 0.351562 0.253906 0.328125 0.257812 0.324219 0.261719 0.324219 0.273438 0.312500 0.359375 0.312500 0.359375 0.300781 0.363281 0.296875 0.367188 0.296875 0.371094 0.292969 0.386719 0.292969 0.390625 0.296875 0.406250 0.296875 0.410156 0.300781 0.410156 0.308594 0.429688 0.308594 0.429688 0.292969 0.437500 0.285156 0.492188 0.285156 0.492188 0.257812 0.496094 0.253906 0.527344 0.253906 0.535156 0.261719 0.535156 0.269531 0.566406 0.269531 0.578125 0.281250 0.578125 0.296875 0.574219 0.300781 0.574219 0.304688 0.566406 0.312500 0.562500 0.312500 0.562500 0.343750 0.550781 0.355469 0.550781 0.363281 0.562500 0.363281 0.562500 0.359375 0.570312 0.351562 0.570312 0.347656 0.574219 0.343750 0.574219 0.335938 0.578125 0.332031 0.578125 0.324219 0.582031 0.320312 0.582031 0.300781 0.585938 0.296875 0.589844 0.296875 0.589844 0.281250 0.593750 0.277344 0.593750 0.273438 0.597656 0.269531 0.597656 0.257812 0.593750 0.253906 0.585938 0.253906 0.582031 0.257812 0.566406 0.257812 0.562500 0.253906 0.554688 0.253906 0.550781 0.250000 0.550781 0.246094 0.542969 0.246094 0.531250 0.234375 0.527344 0.234375 0.523438 0.230469 0.503906 0.230469 0.503906 0.242188 0.500000 0.246094 0.488281 0.246094 0.484375 0.250000 0.472656 0.250000 0.468750 0.253906 0.464844 0.253906 0.460938 0.257812 0.453125 0.257812 0.445312 0.265625 0.429688 0.265625 0.425781 0.261719 0.425781 0.246094 0.429688 0.242188 0.429688 0.230469 0.433594 0.226562 0.441406 0.226562 0.441406 0.214844 0.437500 0.210938 0.414062 0.210938 0.410156 0.207031 0.410156 0.183594 0.406250 0.179688
3 0.562500 0.132812 0.558594 0.136719 0.550781 0.136719 0.546875 0.140625 0.542969 0.140625 0.531250 0.152344 0.515625 0.152344 0.515625 0.160156 0.519531 0.160156 0.523438 0.164062 0.523438 0.167969 0.542969 0.167969 0.546875 0.164062 0.546875 0.156250 0.550781 0.152344 0.570312 0.152344 0.574219 0.156250 0.578125 0.156250 0.582031 0.160156 0.582031 0.171875 0.585938 0.175781 0.605469 0.175781 0.609375 0.171875 0.609375 0.164062 0.613281 0.160156 0.632812 0.160156 0.632812 0.144531 0.628906 0.144531 0.625000 0.140625 0.585938 0.140625 0.582031 0.136719 0.574219 0.136719 0.570312 0.132812
