3 0.566406 0.898438 0.566406 0.902344 0.562500 0.906250 0.562500 0.968750 0.558594 0.972656 0.558594 0.996094 0.601562 0.996094 0.601562 0.980469 0.597656 0.976562 0.597656 0.953125 0.593750 0.949219 0.593750 0.945312 0.585938 0.937500 0.585938 0.929688 0.582031 0.925781 0.582031 0.917969 0.578125 0.914062 0.578125 0.910156 0.574219 0.906250 0.574219 0.898438
3 0.531250 0.843750 0.531250 0.851562 0.535156 0.855469 0.542969 0.855469 0.542969 0.843750
3 0.480469 0.843750 0.480469 0.851562 0.484375 0.855469 0.496094 0.855469 0.500000 0.851562 0.500000 0.843750
3 0.421875 0.796875 0.421875 0.808594 0.433594 0.808594 0.437500 0.812500 0.437500 0.828125 0.441406 0.832031 0.445312 0.832031 0.449219 0.835938 0.449219 0.839844 0.457031 0.839844 0.457031 0.832031 0.460938 0.828125 0.476562 0.828125 0.476562 0.820312 0.453125 0.820312 0.449219 0.816406 0.449219 0.800781 0.445312 0.800781 0.441406 0.796875
3 0.843750 0.675781 0.839844 0.679688 0.839844 0.687500 0.855469 0.687500 0.855469 0.675781
3 0.156250 0.671875 0.156250 0.691406 0.152344 0.695312 0.152344 0.707031 0.164062 0.707031 0.164062 0.687500 0.167969 0.683594 0.171875 0.683594 0.171875 0.675781 0.167969 0.671875
3 0.789062 0.660156 0.785156 0.664062 0.773438 0.664062 0.773438 0.671875 0.777344 0.671875 0.781250 0.675781 0.785156 0.675781 0.789062 0.679688 0.792969 0.679688 0.796875 0.683594 0.816406 0.683594 0.816406 0.664062 0.812500 0.664062 0.808594 0.660156
3 0.207031 0.652344 0.207031 0.660156 0.222656 0.660156 0.226562 0.664062 0.226562 0.667969 0.230469 0.667969 0.234375 0.671875 0.238281 0.671875 0.242188 0.675781 0.242188 0.679688 0.246094 0.679688 0.250000 0.683594 0.250000 0.695312 0.265625 0.695312 0.269531 0.699219 0.269531 0.703125 0.277344 0.703125 0.281250 0.699219 0.292969 0.699219 0.292969 0.687500 0.296875 0.683594 0.300781 0.683594 0.304688 0.679688 0.304688 0.671875 0.300781 0.667969 0.300781 0.656250 0.292969 0.656250 0.289062 0.660156 0.277344 0.660156 0.273438 0.664062 0.250000 0.664062 0.246094 0.660156 0.242188 0.660156 0.238281 0.656250 0.218750 0.656250 0.214844 0.652344
3 0.105469 0.589844 0.105469 0.601562 0.109375 0.605469 0.109375 0.625000 0.105469 0.628906 0.105469 0.644531 0.109375 0.648438 0.121094 0.648438 0.121094 0.625000 0.125000 0.621094 0.148438 0.621094 0.152344 0.617188 0.160156 0.617188 0.160156 0.613281 0.167969 0.605469 0.179688 0.605469 0.179688 0.597656 0.171875 0.597656 0.167969 0.593750 0.148438 0.593750 0.144531 0.589844
3 0.070312 0.578125 0.070312 0.585938 0.078125 0.585938 0.078125 0.578125
3 0.289062 0.558594 0.285156 0.562500 0.273438 0.562500 0.265625 0.570312 0.250000 0.570312 0.246094 0.566406 0.246094 0.562500 0.218750 0.562500 0.214844 0.566406 0.199219 0.566406 0.199219 0.574219 0.226562 0.574219 0.230469 0.578125 0.230469 0.582031 0.234375 0.582031 0.238281 0.585938 0.238281 0.605469 0.281250 0.605469 0.289062 0.613281 0.316406 0.613281 0.320312 0.617188 0.339844 0.617188 0.339844 0.605469 0.335938 0.601562 0.300781 0.601562 0.296875 0.597656 0.296875 0.582031 0.300781 0.578125 0.300781 0.558594
3 0.429688 0.539062 0.429688 0.566406 0.421875 0.574219 0.417969 0.574219 0.417969 0.578125 0.414062 0.582031 0.414062 0.593750 0.429688 0.593750 0.433594 0.597656 0.433594 0.617188 0.437500 0.617188 0.441406 0.621094 0.441406 0.644531 0.437500 0.648438 0.433594 0.648438 0.433594 0.660156 0.437500 0.664062 0.437500 0.667969 0.441406 0.671875 0.441406 0.683594 0.445312 0.687500 0.445312 0.691406 0.464844 0.691406 0.472656 0.699219 0.472656 0.703125 0.476562 0.707031 0.476562 0.730469 0.484375 0.730469 0.488281 0.734375 0.492188 0.734375 0.496094 0.738281 0.496094 0.765625 0.492188 0.769531 0.492188 0.777344 0.500000 0.785156 0.511719 0.785156 0.515625 0.789062 0.515625 0.804688 0.523438 0.812500 0.523438 0.816406 0.542969 0.816406 0.546875 0.820312 0.546875 0.835938 0.566406 0.835938 0.566406 0.824219 0.562500 0.820312 0.546875 0.820312 0.542969 0.816406 0.542969 0.804688 0.539062 0.800781 0.539062 0.785156 0.542969 0.781250 0.546875 0.781250 0.546875 0.761719 0.515625 0.761719 0.511719 0.757812 0.511719 0.746094 0.503906 0.738281 0.503906 0.722656 0.500000 0.722656 0.496094 0.718750 0.496094 0.714844 0.484375 0.714844 0.480469 0.710938 0.480469 0.695312 0.484375 0.691406 0.496094 0.691406 0.507812 0.679688 0.511719 0.679688 0.511719 0.671875 0.480469 0.671875 0.476562 0.667969 0.457031 0.667969 0.449219 0.660156 0.449219 0.625000 0.453125 0.621094 0.457031 0.621094 0.457031 0.605469 0.460938 0.601562 0.464844 0.601562 0.468750 0.597656 0.484375 0.597656 0.488281 0.601562 0.488281 0.617188 0.500000 0.617188 0.507812 0.609375 0.558594 0.609375 0.562500 0.613281 0.562500 0.628906 0.558594 0.632812 0.550781 0.632812 0.550781 0.640625 0.589844 0.640625 0.593750 0.644531 0.593750 0.656250 0.601562 0.656250 0.609375 0.648438 0.609375 0.632812 0.613281 0.628906 0.628906 0.628906 0.632812 0.632812 0.632812 0.652344 0.640625 0.660156 0.648438 0.660156 0.652344 0.664062 0.660156 0.664062 0.664062 0.667969 0.664062 0.671875 0.671875 0.679688 0.683594 0.679688 0.687500 0.675781 0.687500 0.656250 0.691406 0.652344 0.707031 0.652344 0.714844 0.644531 0.722656 0.644531 0.722656 0.636719 0.707031 0.636719 0.703125 0.632812 0.687500 0.632812 0.687500 0.636719 0.683594 0.640625 0.648438 0.640625 0.644531 0.636719 0.644531 0.621094 0.648438 0.617188 0.648438 0.609375 0.644531 0.605469 0.632812 0.605469 0.628906 0.601562 0.628906 0.585938 0.617188 0.585938 0.613281 0.582031 0.601562 0.582031 0.597656 0.585938 0.593750 0.585938 0.589844 0.589844 0.570312 0.589844 0.566406 0.593750 0.546875 0.593750 0.542969 0.589844 0.542969 0.574219 0.550781 0.566406 0.554688 0.566406 0.558594 0.562500 0.558594 0.550781 0.527344 0.550781 0.523438 0.546875 0.523438 0.542969 0.507812 0.542969 0.507812 0.585938 0.496094 0.597656 0.476562 0.597656 0.472656 0.593750 0.472656 0.585938 0.468750 0.582031 0.468750 0.566406 0.460938 0.566406 0.457031 0.562500 0.457031 0.542969 0.453125 0.539062
3 0.335938 0.507812 0.332031 0.511719 0.332031 0.519531 0.328125 0.523438 0.324219 0.523438 0.324219 0.535156 0.328125 0.539062 0.328125 0.542969 0.343750 0.542969 0.347656 0.539062 0.359375 0.539062 0.367188 0.531250 0.375000 0.531250 0.375000 0.523438 0.367188 0.523438 0.363281 0.519531 0.355469 0.519531 0.351562 0.515625 0.351562 0.507812
3 0.765625 0.457031 0.765625 0.460938 0.761719 0.464844 0.761719 0.484375 0.757812 0.488281 0.757812 0.500000 0.769531 0.500000 0.773438 0.503906 0.773438 0.515625 0.789062 0.515625 0.792969 0.519531 0.796875 0.519531 0.800781 0.523438 0.816406 0.523438 0.824219 0.531250 0.828125 0.531250 0.832031 0.535156 0.839844 0.535156 0.843750 0.531250 0.863281 0.531250 0.863281 0.523438 0.859375 0.519531 0.832031 0.519531 0.828125 0.515625 0.824219 0.515625 0.820312 0.511719 0.808594 0.511719 0.804688 0.507812 0.796875 0.507812 0.789062 0.500000 0.789062 0.476562 0.792969 0.472656 0.796875 0.472656 0.800781 0.468750 0.804688 0.468750 0.804688 0.460938 0.781250 0.460938 0.777344 0.457031
3 0.636719 0.449219 0.636719 0.457031 0.632812 0.460938 0.628906 0.460938 0.628906 0.468750 0.625000 0.472656 0.578125 0.472656 0.578125 0.484375 0.582031 0.488281 0.609375 0.488281 0.613281 0.492188 0.613281 0.507812 0.621094 0.507812 0.625000 0.511719 0.625000 0.531250 0.632812 0.531250 0.636719 0.535156 0.636719 0.558594 0.648438 0.558594 0.652344 0.554688 0.656250 0.554688 0.664062 0.546875 0.664062 0.539062 0.660156 0.539062 0.656250 0.535156 0.656250 0.500000 0.660156 0.496094 0.664062 0.496094 0.664062 0.484375 0.656250 0.484375 0.652344 0.480469 0.652344 0.453125 0.648438 0.453125 0.644531 0.449219
3 0.691406 0.414062 0.691406 0.421875 0.687500 0.425781 0.683594 0.425781 0.679688 0.429688 0.667969 0.429688 0.667969 0.437500 0.675781 0.437500 0.679688 0.441406 0.683594 0.441406 0.687500 0.445312 0.703125 0.445312 0.707031 0.441406 0.722656 0.441406 0.722656 0.433594 0.710938 0.433594 0.707031 0.429688 0.707031 0.414062
3 0.218750 0.324219 0.218750 0.332031 0.222656 0.335938 0.222656 0.339844 0.226562 0.343750 0.226562 0.347656 0.230469 0.347656 0.238281 0.355469 0.242188 0.355469 0.246094 0.359375 0.246094 0.363281 0.250000 0.363281 0.253906 0.367188 0.269531 0.367188 0.273438 0.371094 0.273438 0.386719 0.269531 0.390625 0.257812 0.390625 0.253906 0.394531 0.253906 0.417969 0.250000 0.421875 0.226562 0.421875 0.222656 0.417969 0.210938 0.417969 0.210938 0.421875 0.207031 0.425781 0.191406 0.425781 0.187500 0.421875 0.128906 0.421875 0.125000 0.425781 0.121094 0.425781 0.121094 0.433594 0.144531 0.433594 0.148438 0.437500 0.148438 0.441406 0.156250 0.441406 0.160156 0.437500 0.175781 0.437500 0.179688 0.441406 0.183594 0.441406 0.187500 0.445312 0.195312 0.445312 0.199219 0.441406 0.222656 0.441406 0.226562 0.445312 0.226562 0.453125 0.234375 0.453125 0.238281 0.457031 0.238281 0.468750 0.250000 0.468750 0.253906 0.464844 0.257812 0.464844 0.261719 0.460938 0.277344 0.460938 0.281250 0.464844 0.292969 0.464844 0.292969 0.449219 0.296875 0.445312 0.332031 0.445312 0.335938 0.449219 0.343750 0.449219 0.347656 0.453125 0.359375 0.453125 0.363281 0.449219 0.363281 0.437500 0.359375 0.433594 0.359375 0.414062 0.355469 0.410156 0.355469 0.371094 0.359375 0.367188 0.375000 0.367188 0.378906 0.371094 0.378906 0.390625 0.386719 0.398438 0.406250 0.398438 0.410156 0.402344 0.410156 0.425781 0.429688 0.425781 0.445312 0.441406 0.445312 0.449219 0.453125 0.449219 0.457031 0.453125 0.457031 0.484375 0.453125 0.488281 0.445312 0.488281 0.445312 0.500000 0.457031 0.500000 0.457031 0.480469 0.460938 0.476562 0.472656 0.476562 0.472656 0.453125 0.476562 0.449219 0.476562 0.441406 0.480469 0.437500 0.500000 0.437500 0.503906 0.441406 0.503906 0.445312 0.519531 0.445312 0.523438 0.441406 0.527344 0.441406 0.531250 0.437500 0.570312 0.437500 0.570312 0.429688 0.578125 0.421875 0.585938 0.421875 0.585938 0.414062 0.589844 0.410156 0.609375 0.410156 0.609375 0.406250 0.617188 0.398438 0.621094 0.398438 0.621094 0.390625 0.625000 0.386719 0.628906 0.386719 0.628906 0.378906 0.617188 0.378906 0.613281 0.375000 0.613281 0.359375 0.617188 0.355469 0.632812 0.355469 0.636719 0.359375 0.636719 0.367188 0.648438 0.367188 0.652344 0.363281 0.671875 0.363281 0.679688 0.371094 0.687500 0.371094 0.687500 0.363281 0.691406 0.359375 0.695312 0.359375 0.699219 0.355469 0.707031 0.355469 0.707031 0.339844 0.687500 0.339844 0.683594 0.335938 0.683594 0.328125 0.675781 0.328125 0.664062 0.339844 0.617188 0.339844 0.613281 0.335938 0.605469 0.335938 0.601562 0.339844 0.593750 0.339844 0.589844 0.343750 0.585938 0.343750 0.585938 0.378906 0.582031 0.382812 0.562500 0.382812 0.562500 0.394531 0.558594 0.398438 0.558594 0.410156 0.554688 0.414062 0.531250 0.414062 0.527344 0.410156 0.527344 0.402344 0.523438 0.398438 0.523438 0.375000 0.507812 0.375000 0.507812 0.394531 0.503906 0.398438 0.480469 0.398438 0.476562 0.394531 0.476562 0.386719 0.437500 0.386719 0.425781 0.375000 0.398438 0.375000 0.394531 0.371094 0.394531 0.359375 0.363281 0.359375 0.359375 0.355469 0.343750 0.355469 0.339844 0.359375 0.332031 0.359375 0.332031 0.378906 0.328125 0.382812 0.312500 0.382812 0.308594 0.378906 0.308594 0.359375 0.281250 0.359375 0.277344 0.355469 0.261719 0.355469 0.257812 0.351562 0.250000 0.351562 0.246094 0.347656 0.246094 0.335938 0.242188 0.335938 0.234375 0.328125 0.234375 0.324219
3 0.187500 0.304688 0.183594 0.308594 0.179688 0.308594 0.179688 0.328125 0.171875 0.335938 0.160156 0.335938 0.156250 0.339844 0.156250 0.347656 0.179688 0.347656 0.183594 0.343750 0.187500 0.343750 0.191406 0.339844 0.191406 0.316406 0.195312 0.312500 0.195312 0.304688
3 0.636719 0.250000 0.632812 0.253906 0.625000 0.253906 0.621094 0.257812 0.597656 0.257812 0.593750 0.261719 0.582031 0.261719 0.574219 0.269531 0.570312 0.269531 0.570312 0.277344 0.566406 0.281250 0.566406 0.296875 0.574219 0.296875 0.578125 0.292969 0.593750 0.292969 0.597656 0.289062 0.601562 0.289062 0.605469 0.285156 0.605469 0.281250 0.609375 0.277344 0.613281 0.277344 0.617188 0.273438 0.632812 0.273438 0.636719 0.277344 0.636719 0.281250 0.648438 0.281250 0.652344 0.277344 0.656250 0.277344 0.664062 0.269531 0.667969 0.269531 0.667969 0.261719 0.656250 0.250000
3 0.531250 0.238281 0.523438 0.246094 0.519531 0.246094 0.507812 0.257812 0.507812 0.261719 0.500000 0.269531 0.500000 0.273438 0.496094 0.277344 0.480469 0.277344 0.472656 0.269531 0.464844 0.269531 0.460938 0.265625 0.460938 0.257812 0.457031 0.257812 0.453125 0.253906 0.445312 0.253906 0.445312 0.269531 0.449219 0.273438 0.453125 0.273438 0.457031 0.277344 0.457031 0.281250 0.464844 0.281250 0.468750 0.285156 0.476562 0.285156 0.480469 0.289062 0.484375 0.289062 0.492188 0.296875 0.503906 0.296875 0.507812 0.300781 0.507812 0.312500 0.511719 0.316406 0.546875 0.316406 0.546875 0.300781 0.542969 0.296875 0.523438 0.296875 0.519531 0.292969 0.519531 0.273438 0.523438 0.269531 0.523438 0.261719 0.527344 0.257812 0.527344 0.253906 0.531250 0.250000 0.542969 0.250000 0.542969 0.238281
3 0.347656 0.183594 0.343750 0.187500 0.328125 0.187500 0.324219 0.191406 0.320312 0.191406 0.320312 0.199219 0.328125 0.199219 0.332031 0.203125 0.332031 0.234375 0.328125 0.238281 0.316406 0.238281 0.316406 0.281250 0.320312 0.285156 0.343750 0.285156 0.347656 0.289062 0.347656 0.316406 0.367188 0.316406 0.371094 0.312500 0.382812 0.312500 0.382812 0.308594 0.386719 0.304688 0.386719 0.289062 0.378906 0.281250 0.378906 0.265625 0.382812 0.261719 0.382812 0.253906 0.378906 0.250000 0.375000 0.250000 0.371094 0.246094 0.371094 0.226562 0.367188 0.226562 0.363281 0.222656 0.363281 0.199219 0.359375 0.195312 0.359375 0.187500 0.355469 0.183594
3 0.511719 0.113281 0.507812 0.117188 0.500000 0.117188 0.500000 0.121094 0.496094 0.125000 0.472656 0.125000 0.468750 0.128906 0.464844 0.128906 0.460938 0.132812 0.453125 0.132812 0.453125 0.148438 0.449219 0.152344 0.445312 0.152344 0.441406 0.156250 0.425781 0.156250 0.425781 0.175781 0.445312 0.175781 0.449219 0.179688 0.449219 0.195312 0.445312 0.199219 0.441406 0.199219 0.441406 0.218750 0.453125 0.218750 0.453125 0.210938 0.457031 0.207031 0.460938 0.207031 0.468750 0.199219 0.476562 0.199219 0.480469 0.195312 0.488281 0.195312 0.488281 0.183594 0.480469 0.183594 0.476562 0.179688 0.468750 0.179688 0.464844 0.175781 0.464844 0.152344 0.476562 0.140625 0.496094 0.140625 0.500000 0.144531 0.500000 0.160156 0.507812 0.160156 0.511719 0.156250 0.562500 0.156250 0.566406 0.160156 0.574219 0.160156 0.578125 0.156250 0.578125 0.148438 0.574219 0.148438 0.570312 0.144531 0.558594 0.144531 0.554688 0.140625 0.554688 0.136719 0.550781 0.132812 0.531250 0.132812 0.527344 0.128906 0.527344 0.113281
