3 0.710938 0.929688 0.710938 0.941406 0.718750 0.949219 0.718750 0.976562 0.726562 0.984375 0.738281 0.984375 0.738281 0.976562 0.742188 0.972656 0.742188 0.953125 0.738281 0.949219 0.738281 0.945312 0.722656 0.929688
3 0.675781 0.773438 0.671875 0.777344 0.671875 0.785156 0.675781 0.789062 0.675781 0.792969 0.679688 0.796875 0.683594 0.796875 0.687500 0.800781 0.691406 0.800781 0.695312 0.804688 0.718750 0.804688 0.726562 0.796875 0.726562 0.789062 0.722656 0.785156 0.722656 0.781250 0.703125 0.781250 0.699219 0.777344 0.695312 0.777344 0.691406 0.773438
3 0.445312 0.699219 0.441406 0.703125 0.437500 0.703125 0.437500 0.707031 0.433594 0.710938 0.433594 0.722656 0.437500 0.726562 0.457031 0.726562 0.460938 0.722656 0.472656 0.722656 0.476562 0.718750 0.476562 0.710938 0.468750 0.703125 0.460938 0.703125 0.457031 0.699219
3 0.281250 0.687500 0.273438 0.695312 0.238281 0.695312 0.234375 0.699219 0.222656 0.699219 0.218750 0.703125 0.218750 0.714844 0.246094 0.714844 0.250000 0.710938 0.273438 0.710938 0.277344 0.707031 0.281250 0.707031 0.292969 0.695312 0.292969 0.687500
3 0.710938 0.656250 0.710938 0.660156 0.707031 0.664062 0.695312 0.664062 0.691406 0.667969 0.664062 0.667969 0.660156 0.671875 0.648438 0.671875 0.648438 0.675781 0.644531 0.679688 0.636719 0.679688 0.636719 0.695312 0.660156 0.695312 0.664062 0.691406 0.679688 0.691406 0.683594 0.687500 0.707031 0.687500 0.710938 0.691406 0.710938 0.710938 0.714844 0.714844 0.718750 0.714844 0.722656 0.718750 0.722656 0.734375 0.730469 0.742188 0.746094 0.742188 0.750000 0.738281 0.757812 0.738281 0.761719 0.734375 0.761719 0.722656 0.757812 0.722656 0.753906 0.718750 0.742188 0.718750 0.738281 0.714844 0.738281 0.687500 0.742188 0.683594 0.796875 0.683594 0.796875 0.675781 0.789062 0.667969 0.785156 0.667969 0.781250 0.664062 0.753906 0.664062 0.750000 0.667969 0.730469 0.667969 0.726562 0.664062 0.722656 0.664062 0.718750 0.660156 0.718750 0.656250
3 0.546875 0.621094 0.546875 0.625000 0.539062 0.632812 0.539062 0.640625 0.546875 0.648438 0.546875 0.652344 0.554688 0.652344 0.558594 0.656250 0.558594 0.660156 0.562500 0.664062 0.562500 0.691406 0.570312 0.699219 0.570312 0.703125 0.574219 0.707031 0.574219 0.710938 0.578125 0.714844 0.578125 0.726562 0.582031 0.730469 0.582031 0.734375 0.585938 0.738281 0.585938 0.753906 0.589844 0.757812 0.589844 0.765625 0.593750 0.769531 0.593750 0.804688 0.597656 0.808594 0.597656 0.812500 0.605469 0.820312 0.605469 0.843750 0.609375 0.847656 0.609375 0.851562 0.613281 0.855469 0.621094 0.855469 0.625000 0.851562 0.625000 0.835938 0.621094 0.832031 0.621094 0.808594 0.617188 0.804688 0.617188 0.796875 0.613281 0.792969 0.613281 0.789062 0.609375 0.785156 0.609375 0.769531 0.613281 0.765625 0.613281 0.750000 0.605469 0.742188 0.605469 0.734375 0.597656 0.726562 0.597656 0.683594 0.601562 0.679688 0.609375 0.679688 0.613281 0.675781 0.621094 0.675781 0.621094 0.660156 0.625000 0.656250 0.640625 0.656250 0.640625 0.644531 0.636719 0.640625 0.617188 0.640625 0.613281 0.644531 0.574219 0.644531 0.570312 0.640625 0.570312 0.636719 0.566406 0.632812 0.566406 0.625000 0.562500 0.625000 0.558594 0.621094
3 0.328125 0.605469 0.320312 0.613281 0.320312 0.625000 0.324219 0.628906 0.324219 0.648438 0.328125 0.652344 0.328125 0.664062 0.335938 0.664062 0.339844 0.667969 0.386719 0.667969 0.390625 0.671875 0.417969 0.671875 0.417969 0.664062 0.398438 0.664062 0.394531 0.660156 0.367188 0.660156 0.363281 0.656250 0.363281 0.636719 0.371094 0.628906 0.371094 0.617188 0.367188 0.613281 0.363281 0.613281 0.355469 0.605469
3 0.453125 0.589844 0.449219 0.593750 0.445312 0.593750 0.441406 0.597656 0.417969 0.597656 0.417969 0.605469 0.429688 0.605469 0.437500 0.613281 0.445312 0.613281 0.449219 0.617188 0.449219 0.628906 0.453125 0.632812 0.457031 0.632812 0.460938 0.636719 0.472656 0.636719 0.476562 0.632812 0.476562 0.625000 0.480469 0.621094 0.496094 0.621094 0.496094 0.613281 0.476562 0.593750 0.472656 0.593750 0.468750 0.589844
3 0.871094 0.578125 0.867188 0.582031 0.867188 0.589844 0.863281 0.593750 0.839844 0.593750 0.832031 0.601562 0.832031 0.613281 0.828125 0.617188 0.824219 0.617188 0.820312 0.621094 0.820312 0.632812 0.828125 0.640625 0.843750 0.640625 0.847656 0.636719 0.863281 0.636719 0.863281 0.625000 0.867188 0.621094 0.867188 0.597656 0.871094 0.593750 0.878906 0.593750 0.882812 0.589844 0.882812 0.578125
3 0.816406 0.507812 0.812500 0.511719 0.781250 0.511719 0.781250 0.527344 0.777344 0.531250 0.753906 0.531250 0.753906 0.542969 0.769531 0.542969 0.773438 0.546875 0.773438 0.554688 0.781250 0.554688 0.785156 0.558594 0.792969 0.558594 0.796875 0.554688 0.812500 0.554688 0.816406 0.558594 0.824219 0.558594 0.824219 0.550781 0.828125 0.546875 0.832031 0.546875 0.835938 0.542969 0.835938 0.511719 0.832031 0.507812
3 0.179688 0.492188 0.175781 0.496094 0.167969 0.496094 0.167969 0.511719 0.164062 0.515625 0.152344 0.515625 0.152344 0.531250 0.148438 0.535156 0.125000 0.535156 0.125000 0.554688 0.128906 0.558594 0.148438 0.558594 0.152344 0.554688 0.164062 0.554688 0.164062 0.531250 0.167969 0.527344 0.183594 0.527344 0.187500 0.531250 0.187500 0.546875 0.218750 0.546875 0.218750 0.535156 0.214844 0.535156 0.210938 0.531250 0.210938 0.515625 0.214844 0.511719 0.218750 0.511719 0.218750 0.503906 0.214844 0.503906 0.210938 0.500000 0.203125 0.500000 0.195312 0.492188
3 0.687500 0.480469 0.683594 0.484375 0.683594 0.492188 0.679688 0.496094 0.675781 0.496094 0.667969 0.503906 0.617188 0.503906 0.617188 0.519531 0.660156 0.519531 0.664062 0.523438 0.667969 0.523438 0.671875 0.527344 0.691406 0.527344 0.691406 0.519531 0.695312 0.515625 0.695312 0.511719 0.699219 0.507812 0.699219 0.480469
3 0.296875 0.457031 0.296875 0.464844 0.316406 0.464844 0.316406 0.457031
3 0.210938 0.425781 0.207031 0.429688 0.203125 0.429688 0.203125 0.441406 0.210938 0.441406 0.214844 0.445312 0.226562 0.445312 0.230469 0.449219 0.238281 0.449219 0.242188 0.453125 0.273438 0.453125 0.273438 0.441406 0.269531 0.441406 0.265625 0.437500 0.246094 0.437500 0.242188 0.433594 0.230469 0.433594 0.222656 0.425781
3 0.460938 0.421875 0.460938 0.433594 0.464844 0.437500 0.464844 0.445312 0.468750 0.449219 0.468750 0.464844 0.464844 0.468750 0.437500 0.468750 0.433594 0.464844 0.425781 0.464844 0.421875 0.460938 0.414062 0.460938 0.410156 0.457031 0.386719 0.457031 0.375000 0.445312 0.355469 0.445312 0.355469 0.453125 0.363281 0.453125 0.371094 0.460938 0.371094 0.464844 0.382812 0.464844 0.386719 0.468750 0.406250 0.468750 0.421875 0.484375 0.421875 0.488281 0.457031 0.488281 0.457031 0.484375 0.460938 0.480469 0.476562 0.480469 0.484375 0.488281 0.484375 0.492188 0.488281 0.496094 0.488281 0.500000 0.496094 0.500000 0.500000 0.503906 0.500000 0.523438 0.507812 0.531250 0.507812 0.539062 0.511719 0.542969 0.511719 0.546875 0.515625 0.550781 0.515625 0.562500 0.519531 0.562500 0.523438 0.566406 0.523438 0.582031 0.527344 0.585938 0.527344 0.589844 0.550781 0.589844 0.554688 0.585938 0.554688 0.578125 0.546875 0.570312 0.546875 0.546875 0.542969 0.546875 0.539062 0.542969 0.531250 0.542969 0.527344 0.539062 0.523438 0.539062 0.519531 0.535156 0.519531 0.531250 0.515625 0.527344 0.515625 0.515625 0.503906 0.515625 0.500000 0.511719 0.500000 0.488281 0.496094 0.488281 0.492188 0.484375 0.492188 0.476562 0.488281 0.472656 0.488281 0.468750 0.484375 0.464844 0.484375 0.457031 0.480469 0.453125 0.480469 0.449219 0.476562 0.445312 0.476562 0.437500 0.472656 0.433594 0.472656 0.425781 0.468750 0.421875
3 0.164062 0.347656 0.164062 0.375000 0.160156 0.378906 0.160156 0.394531 0.156250 0.398438 0.144531 0.398438 0.140625 0.402344 0.136719 0.402344 0.136719 0.410156 0.140625 0.414062 0.140625 0.421875 0.144531 0.421875 0.148438 0.425781 0.156250 0.425781 0.160156 0.421875 0.167969 0.421875 0.171875 0.417969 0.171875 0.398438 0.179688 0.390625 0.199219 0.390625 0.203125 0.386719 0.218750 0.386719 0.226562 0.378906 0.226562 0.371094 0.218750 0.363281 0.203125 0.363281 0.199219 0.359375 0.195312 0.359375 0.191406 0.355469 0.183594 0.355469 0.179688 0.351562 0.179688 0.347656
3 0.476562 0.312500 0.476562 0.320312 0.472656 0.324219 0.457031 0.324219 0.449219 0.332031 0.445312 0.332031 0.445312 0.339844 0.437500 0.347656 0.429688 0.347656 0.429688 0.359375 0.433594 0.363281 0.449219 0.363281 0.449219 0.359375 0.453125 0.355469 0.453125 0.351562 0.457031 0.347656 0.457031 0.339844 0.464844 0.332031 0.488281 0.332031 0.496094 0.324219 0.496094 0.316406 0.492188 0.312500
3 0.707031 0.285156 0.707031 0.289062 0.703125 0.292969 0.703125 0.300781 0.699219 0.304688 0.695312 0.304688 0.695312 0.308594 0.691406 0.312500 0.691406 0.320312 0.695312 0.320312 0.699219 0.324219 0.703125 0.324219 0.710938 0.332031 0.738281 0.332031 0.742188 0.328125 0.742188 0.316406 0.746094 0.312500 0.746094 0.300781 0.738281 0.300781 0.734375 0.296875 0.730469 0.296875 0.726562 0.292969 0.726562 0.285156
3 0.546875 0.281250 0.539062 0.289062 0.535156 0.289062 0.531250 0.292969 0.523438 0.292969 0.523438 0.296875 0.519531 0.300781 0.519531 0.308594 0.523438 0.308594 0.527344 0.312500 0.527344 0.324219 0.554688 0.324219 0.562500 0.316406 0.578125 0.316406 0.585938 0.324219 0.605469 0.324219 0.609375 0.328125 0.609375 0.347656 0.613281 0.351562 0.617188 0.351562 0.621094 0.355469 0.628906 0.355469 0.632812 0.351562 0.636719 0.351562 0.640625 0.347656 0.648438 0.347656 0.648438 0.328125 0.644531 0.328125 0.640625 0.324219 0.640625 0.320312 0.632812 0.320312 0.628906 0.316406 0.609375 0.316406 0.605469 0.312500 0.605469 0.296875 0.601562 0.296875 0.597656 0.292969 0.566406 0.292969 0.562500 0.289062 0.558594 0.289062 0.554688 0.285156 0.554688 0.281250
3 0.503906 0.222656 0.503906 0.238281 0.519531 0.238281 0.519531 0.226562 0.515625 0.226562 0.511719 0.222656
3 0.468750 0.210938 0.464844 0.214844 0.464844 0.222656 0.460938 0.226562 0.441406 0.226562 0.441406 0.242188 0.437500 0.246094 0.433594 0.246094 0.425781 0.253906 0.425781 0.285156 0.421875 0.289062 0.394531 0.289062 0.390625 0.285156 0.382812 0.285156 0.382812 0.292969 0.398438 0.292969 0.402344 0.296875 0.414062 0.296875 0.417969 0.300781 0.417969 0.304688 0.421875 0.308594 0.433594 0.308594 0.433594 0.292969 0.437500 0.289062 0.441406 0.289062 0.441406 0.281250 0.445312 0.277344 0.445312 0.269531 0.453125 0.261719 0.460938 0.261719 0.468750 0.253906 0.476562 0.253906 0.476562 0.210938
3 0.304688 0.167969 0.304688 0.183594 0.300781 0.187500 0.292969 0.187500 0.292969 0.195312 0.289062 0.199219 0.289062 0.210938 0.285156 0.214844 0.257812 0.214844 0.253906 0.218750 0.253906 0.238281 0.250000 0.242188 0.238281 0.242188 0.238281 0.246094 0.230469 0.253906 0.214844 0.253906 0.210938 0.257812 0.210938 0.265625 0.207031 0.269531 0.207031 0.281250 0.218750 0.281250 0.222656 0.285156 0.238281 0.285156 0.238281 0.265625 0.242188 0.261719 0.246094 0.261719 0.253906 0.253906 0.253906 0.230469 0.257812 0.226562 0.273438 0.226562 0.277344 0.230469 0.277344 0.246094 0.281250 0.250000 0.281250 0.257812 0.285156 0.261719 0.285156 0.277344 0.281250 0.281250 0.281250 0.285156 0.277344 0.289062 0.273438 0.289062 0.273438 0.296875 0.277344 0.296875 0.281250 0.300781 0.281250 0.304688 0.296875 0.304688 0.296875 0.292969 0.300781 0.289062 0.304688 0.289062 0.304688 0.273438 0.308594 0.269531 0.308594 0.253906 0.304688 0.253906 0.300781 0.250000 0.296875 0.250000 0.292969 0.246094 0.292969 0.222656 0.296875 0.218750 0.324219 0.218750 0.324219 0.210938 0.320312 0.210938 0.312500 0.203125 0.312500 0.183594 0.316406 0.179688 0.316406 0.167969
3 0.460938 0.152344 0.453125 0.160156 0.453125 0.164062 0.449219 0.167969 0.421875 0.167969 0.417969 0.171875 0.417969 0.175781 0.414062 0.179688 0.414062 0.183594 0.410156 0.187500 0.410156 0.210938 0.417969 0.210938 0.421875 0.207031 0.425781 0.207031 0.429688 0.203125 0.429688 0.195312 0.433594 0.191406 0.433594 0.187500 0.437500 0.183594 0.460938 0.183594 0.464844 0.179688 0.476562 0.179688 0.480469 0.175781 0.480469 0.152344
3 0.449219 0.042969 0.445312 0.046875 0.445312 0.050781 0.437500 0.058594 0.437500 0.066406 0.441406 0.070312 0.445312 0.070312 0.453125 0.078125 0.453125 0.093750 0.460938 0.093750 0.464844 0.089844 0.464844 0.085938 0.472656 0.078125 0.472656 0.042969
