3 0.503906 0.851562 0.503906 0.875000 0.507812 0.875000 0.511719 0.878906 0.511719 0.890625 0.515625 0.894531 0.515625 0.898438 0.523438 0.906250 0.523438 0.910156 0.527344 0.914062 0.527344 0.929688 0.523438 0.933594 0.523438 0.937500 0.519531 0.941406 0.515625 0.941406 0.515625 0.953125 0.519531 0.953125 0.523438 0.957031 0.523438 0.972656 0.546875 0.972656 0.546875 0.968750 0.550781 0.964844 0.574219 0.964844 0.578125 0.968750 0.585938 0.968750 0.585938 0.949219 0.582031 0.949219 0.578125 0.945312 0.578125 0.933594 0.574219 0.929688 0.574219 0.921875 0.562500 0.921875 0.562500 0.925781 0.558594 0.929688 0.542969 0.929688 0.539062 0.925781 0.539062 0.910156 0.542969 0.906250 0.546875 0.906250 0.546875 0.898438 0.542969 0.894531 0.539062 0.894531 0.535156 0.890625 0.535156 0.882812 0.531250 0.882812 0.527344 0.878906 0.527344 0.875000 0.523438 0.871094 0.523438 0.867188 0.515625 0.859375 0.515625 0.855469 0.511719 0.851562
3 0.398438 0.750000 0.398438 0.757812 0.417969 0.757812 0.421875 0.761719 0.421875 0.777344 0.425781 0.777344 0.429688 0.781250 0.429688 0.796875 0.433594 0.796875 0.437500 0.800781 0.441406 0.800781 0.445312 0.804688 0.445312 0.808594 0.453125 0.808594 0.457031 0.812500 0.457031 0.820312 0.472656 0.820312 0.484375 0.832031 0.484375 0.839844 0.500000 0.839844 0.500000 0.832031 0.496094 0.828125 0.496094 0.808594 0.488281 0.808594 0.484375 0.804688 0.484375 0.781250 0.476562 0.781250 0.472656 0.785156 0.453125 0.785156 0.449219 0.781250 0.449219 0.757812 0.410156 0.757812 0.406250 0.753906 0.406250 0.750000
3 0.242188 0.730469 0.242188 0.738281 0.250000 0.738281 0.250000 0.730469
3 0.289062 0.703125 0.289062 0.707031 0.281250 0.714844 0.277344 0.714844 0.277344 0.718750 0.273438 0.722656 0.273438 0.734375 0.281250 0.734375 0.285156 0.738281 0.292969 0.738281 0.296875 0.734375 0.300781 0.734375 0.300781 0.730469 0.304688 0.726562 0.304688 0.707031 0.300781 0.703125
3 0.199219 0.617188 0.199219 0.628906 0.226562 0.628906 0.230469 0.632812 0.230469 0.636719 0.234375 0.636719 0.246094 0.648438 0.300781 0.648438 0.300781 0.628906 0.289062 0.628906 0.285156 0.625000 0.242188 0.625000 0.238281 0.621094 0.218750 0.621094 0.214844 0.617188
3 0.710938 0.582031 0.707031 0.585938 0.703125 0.585938 0.703125 0.589844 0.699219 0.593750 0.695312 0.593750 0.695312 0.609375 0.691406 0.613281 0.691406 0.621094 0.687500 0.625000 0.687500 0.632812 0.707031 0.632812 0.707031 0.625000 0.714844 0.617188 0.726562 0.617188 0.726562 0.605469 0.730469 0.601562 0.750000 0.601562 0.750000 0.593750 0.746094 0.589844 0.730469 0.589844 0.726562 0.585938 0.722656 0.585938 0.718750 0.582031
3 0.316406 0.558594 0.312500 0.562500 0.308594 0.562500 0.304688 0.566406 0.304688 0.578125 0.308594 0.578125 0.316406 0.585938 0.316406 0.605469 0.320312 0.609375 0.320312 0.613281 0.324219 0.613281 0.328125 0.617188 0.328125 0.621094 0.339844 0.621094 0.343750 0.617188 0.343750 0.613281 0.347656 0.609375 0.363281 0.609375 0.363281 0.597656 0.367188 0.593750 0.375000 0.593750 0.375000 0.582031 0.367188 0.574219 0.367188 0.570312 0.363281 0.566406 0.328125 0.566406 0.324219 0.562500 0.324219 0.558594
3 0.863281 0.531250 0.855469 0.539062 0.843750 0.539062 0.843750 0.550781 0.839844 0.554688 0.792969 0.554688 0.792969 0.562500 0.796875 0.566406 0.800781 0.566406 0.804688 0.570312 0.820312 0.570312 0.824219 0.566406 0.828125 0.566406 0.832031 0.562500 0.832031 0.558594 0.835938 0.554688 0.855469 0.554688 0.863281 0.546875 0.867188 0.546875 0.867188 0.542969 0.871094 0.539062 0.871094 0.531250
3 0.167969 0.500000 0.167969 0.503906 0.164062 0.507812 0.156250 0.507812 0.156250 0.515625 0.164062 0.515625 0.171875 0.523438 0.171875 0.550781 0.167969 0.554688 0.105469 0.554688 0.101562 0.550781 0.101562 0.535156 0.109375 0.527344 0.109375 0.519531 0.062500 0.519531 0.058594 0.515625 0.050781 0.515625 0.050781 0.527344 0.058594 0.535156 0.062500 0.535156 0.066406 0.539062 0.066406 0.542969 0.070312 0.546875 0.070312 0.550781 0.074219 0.550781 0.078125 0.554688 0.078125 0.574219 0.082031 0.578125 0.082031 0.582031 0.085938 0.585938 0.085938 0.597656 0.089844 0.597656 0.101562 0.609375 0.101562 0.628906 0.105469 0.628906 0.109375 0.632812 0.113281 0.632812 0.117188 0.636719 0.117188 0.640625 0.132812 0.640625 0.132812 0.617188 0.136719 0.613281 0.160156 0.613281 0.164062 0.609375 0.164062 0.601562 0.160156 0.601562 0.156250 0.597656 0.156250 0.582031 0.160156 0.578125 0.167969 0.578125 0.171875 0.574219 0.179688 0.574219 0.183594 0.570312 0.183594 0.546875 0.187500 0.542969 0.191406 0.542969 0.191406 0.519531 0.195312 0.515625 0.203125 0.515625 0.203125 0.507812 0.187500 0.507812 0.183594 0.503906 0.179688 0.503906 0.175781 0.500000
3 0.359375 0.472656 0.359375 0.507812 0.367188 0.507812 0.371094 0.503906 0.382812 0.503906 0.382812 0.500000 0.386719 0.496094 0.414062 0.496094 0.414062 0.488281 0.402344 0.488281 0.398438 0.484375 0.386719 0.484375 0.375000 0.472656
3 0.140625 0.382812 0.140625 0.386719 0.136719 0.390625 0.132812 0.390625 0.132812 0.398438 0.136719 0.398438 0.148438 0.410156 0.156250 0.410156 0.160156 0.414062 0.160156 0.425781 0.171875 0.425781 0.171875 0.406250 0.175781 0.402344 0.191406 0.402344 0.195312 0.406250 0.207031 0.406250 0.207031 0.390625 0.183594 0.390625 0.175781 0.382812
3 0.734375 0.375000 0.734375 0.378906 0.718750 0.394531 0.714844 0.394531 0.703125 0.406250 0.699219 0.406250 0.699219 0.414062 0.695312 0.417969 0.687500 0.417969 0.687500 0.421875 0.683594 0.425781 0.675781 0.425781 0.671875 0.429688 0.660156 0.429688 0.656250 0.433594 0.636719 0.433594 0.632812 0.429688 0.617188 0.429688 0.617188 0.433594 0.613281 0.437500 0.613281 0.445312 0.617188 0.449219 0.656250 0.449219 0.660156 0.453125 0.660156 0.480469 0.656250 0.484375 0.652344 0.484375 0.652344 0.488281 0.648438 0.492188 0.617188 0.492188 0.613281 0.496094 0.609375 0.496094 0.609375 0.507812 0.605469 0.511719 0.570312 0.511719 0.570312 0.519531 0.566406 0.523438 0.558594 0.523438 0.558594 0.527344 0.554688 0.531250 0.550781 0.531250 0.546875 0.535156 0.546875 0.539062 0.542969 0.542969 0.542969 0.546875 0.539062 0.550781 0.535156 0.550781 0.527344 0.558594 0.523438 0.558594 0.519531 0.562500 0.519531 0.578125 0.535156 0.578125 0.539062 0.582031 0.539062 0.589844 0.550781 0.589844 0.554688 0.593750 0.554688 0.621094 0.550781 0.625000 0.546875 0.625000 0.542969 0.628906 0.539062 0.628906 0.539062 0.632812 0.535156 0.636719 0.515625 0.636719 0.515625 0.648438 0.511719 0.652344 0.480469 0.652344 0.476562 0.648438 0.476562 0.628906 0.472656 0.625000 0.472656 0.589844 0.476562 0.585938 0.480469 0.585938 0.480469 0.582031 0.492188 0.570312 0.492188 0.515625 0.496094 0.511719 0.500000 0.511719 0.500000 0.503906 0.488281 0.503906 0.484375 0.500000 0.468750 0.500000 0.464844 0.503906 0.464844 0.609375 0.460938 0.613281 0.457031 0.613281 0.453125 0.617188 0.453125 0.625000 0.457031 0.628906 0.457031 0.644531 0.460938 0.648438 0.460938 0.652344 0.484375 0.652344 0.488281 0.656250 0.488281 0.671875 0.492188 0.675781 0.492188 0.695312 0.503906 0.695312 0.507812 0.699219 0.507812 0.718750 0.503906 0.722656 0.496094 0.722656 0.496094 0.742188 0.500000 0.742188 0.507812 0.750000 0.515625 0.750000 0.519531 0.753906 0.519531 0.765625 0.523438 0.769531 0.523438 0.773438 0.527344 0.773438 0.531250 0.777344 0.546875 0.777344 0.550781 0.781250 0.550781 0.792969 0.570312 0.792969 0.570312 0.781250 0.566406 0.781250 0.562500 0.777344 0.562500 0.773438 0.558594 0.769531 0.554688 0.769531 0.535156 0.750000 0.523438 0.750000 0.519531 0.746094 0.519531 0.722656 0.523438 0.718750 0.531250 0.718750 0.531250 0.710938 0.527344 0.710938 0.523438 0.707031 0.523438 0.703125 0.519531 0.703125 0.515625 0.699219 0.515625 0.687500 0.511719 0.683594 0.511719 0.667969 0.515625 0.664062 0.515625 0.648438 0.519531 0.644531 0.523438 0.644531 0.523438 0.640625 0.527344 0.636719 0.542969 0.636719 0.546875 0.640625 0.546875 0.656250 0.550781 0.656250 0.554688 0.660156 0.554688 0.675781 0.550781 0.679688 0.542969 0.679688 0.542969 0.687500 0.562500 0.687500 0.566406 0.691406 0.570312 0.691406 0.578125 0.699219 0.578125 0.710938 0.593750 0.710938 0.593750 0.707031 0.597656 0.703125 0.621094 0.703125 0.621094 0.687500 0.617188 0.687500 0.613281 0.683594 0.593750 0.683594 0.589844 0.679688 0.578125 0.679688 0.574219 0.675781 0.574219 0.644531 0.578125 0.640625 0.585938 0.640625 0.585938 0.632812 0.578125 0.632812 0.574219 0.628906 0.574219 0.613281 0.570312 0.613281 0.566406 0.609375 0.566406 0.585938 0.570312 0.582031 0.585938 0.582031 0.589844 0.585938 0.593750 0.585938 0.597656 0.589844 0.609375 0.589844 0.613281 0.585938 0.621094 0.585938 0.625000 0.582031 0.640625 0.582031 0.644531 0.585938 0.667969 0.585938 0.667969 0.582031 0.675781 0.574219 0.679688 0.574219 0.683594 0.570312 0.687500 0.570312 0.687500 0.562500 0.667969 0.562500 0.664062 0.558594 0.664062 0.542969 0.656250 0.542969 0.652344 0.539062 0.652344 0.523438 0.656250 0.519531 0.660156 0.519531 0.664062 0.515625 0.687500 0.515625 0.691406 0.519531 0.691406 0.535156 0.695312 0.539062 0.722656 0.539062 0.726562 0.542969 0.746094 0.542969 0.746094 0.539062 0.750000 0.535156 0.750000 0.515625 0.753906 0.511719 0.757812 0.511719 0.757812 0.496094 0.761719 0.492188 0.777344 0.492188 0.777344 0.480469 0.773438 0.476562 0.742188 0.476562 0.734375 0.484375 0.718750 0.484375 0.710938 0.476562 0.710938 0.457031 0.714844 0.453125 0.718750 0.453125 0.718750 0.445312 0.714844 0.445312 0.710938 0.441406 0.710938 0.425781 0.714844 0.421875 0.714844 0.414062 0.718750 0.410156 0.738281 0.410156 0.742188 0.406250 0.765625 0.406250 0.769531 0.410156 0.777344 0.410156 0.781250 0.414062 0.781250 0.429688 0.785156 0.429688 0.792969 0.437500 0.792969 0.457031 0.796875 0.460938 0.796875 0.468750 0.812500 0.468750 0.816406 0.472656 0.824219 0.472656 0.828125 0.476562 0.835938 0.476562 0.839844 0.480469 0.855469 0.480469 0.859375 0.484375 0.867188 0.484375 0.867188 0.476562 0.863281 0.476562 0.859375 0.472656 0.855469 0.472656 0.851562 0.468750 0.839844 0.468750 0.835938 0.464844 0.828125 0.464844 0.824219 0.460938 0.824219 0.437500 0.828125 0.433594 0.835938 0.433594 0.835938 0.425781 0.832031 0.421875 0.832031 0.394531 0.839844 0.386719 0.839844 0.378906 0.816406 0.378906 0.816406 0.382812 0.812500 0.386719 0.808594 0.386719 0.808594 0.410156 0.800781 0.417969 0.785156 0.417969 0.781250 0.414062 0.781250 0.398438 0.777344 0.394531 0.777344 0.386719 0.757812 0.386719 0.746094 0.375000
3 0.445312 0.343750 0.441406 0.347656 0.425781 0.347656 0.425781 0.355469 0.429688 0.355469 0.433594 0.359375 0.437500 0.359375 0.445312 0.367188 0.445312 0.375000 0.453125 0.375000 0.453125 0.371094 0.457031 0.367188 0.457031 0.363281 0.460938 0.359375 0.460938 0.351562 0.453125 0.343750
3 0.308594 0.339844 0.304688 0.343750 0.261719 0.343750 0.261719 0.351562 0.265625 0.351562 0.269531 0.355469 0.269531 0.378906 0.265625 0.382812 0.238281 0.382812 0.238281 0.390625 0.246094 0.390625 0.250000 0.394531 0.257812 0.394531 0.261719 0.398438 0.281250 0.398438 0.285156 0.402344 0.320312 0.402344 0.324219 0.398438 0.355469 0.398438 0.359375 0.402344 0.359375 0.417969 0.363281 0.417969 0.367188 0.421875 0.375000 0.421875 0.378906 0.417969 0.378906 0.382812 0.375000 0.378906 0.335938 0.378906 0.332031 0.375000 0.332031 0.363281 0.320312 0.363281 0.316406 0.359375 0.316406 0.339844
3 0.726562 0.304688 0.722656 0.308594 0.722656 0.312500 0.718750 0.316406 0.714844 0.316406 0.710938 0.320312 0.703125 0.320312 0.699219 0.324219 0.695312 0.324219 0.691406 0.328125 0.687500 0.328125 0.687500 0.335938 0.699219 0.335938 0.703125 0.332031 0.722656 0.332031 0.726562 0.335938 0.726562 0.347656 0.734375 0.347656 0.738281 0.343750 0.757812 0.343750 0.761719 0.347656 0.761719 0.351562 0.781250 0.351562 0.781250 0.347656 0.785156 0.343750 0.785156 0.339844 0.789062 0.335938 0.789062 0.328125 0.785156 0.324219 0.785156 0.308594 0.769531 0.308594 0.765625 0.312500 0.738281 0.312500 0.734375 0.308594 0.734375 0.304688
3 0.578125 0.281250 0.578125 0.292969 0.574219 0.296875 0.570312 0.296875 0.566406 0.300781 0.550781 0.300781 0.542969 0.308594 0.523438 0.308594 0.515625 0.316406 0.515625 0.324219 0.511719 0.328125 0.507812 0.328125 0.507812 0.339844 0.500000 0.347656 0.500000 0.351562 0.496094 0.355469 0.496094 0.367188 0.500000 0.371094 0.511719 0.371094 0.515625 0.375000 0.515625 0.394531 0.511719 0.398438 0.503906 0.398438 0.503906 0.402344 0.500000 0.406250 0.500000 0.414062 0.496094 0.417969 0.476562 0.417969 0.472656 0.414062 0.472656 0.410156 0.468750 0.406250 0.468750 0.402344 0.464844 0.402344 0.460938 0.398438 0.453125 0.398438 0.453125 0.406250 0.464844 0.417969 0.464844 0.449219 0.472656 0.449219 0.480469 0.457031 0.480469 0.460938 0.484375 0.464844 0.484375 0.468750 0.496094 0.468750 0.496094 0.457031 0.503906 0.449219 0.507812 0.449219 0.507812 0.445312 0.519531 0.433594 0.519531 0.417969 0.523438 0.414062 0.539062 0.414062 0.542969 0.410156 0.593750 0.410156 0.597656 0.406250 0.601562 0.406250 0.605469 0.402344 0.613281 0.402344 0.613281 0.382812 0.621094 0.375000 0.644531 0.375000 0.644531 0.371094 0.648438 0.367188 0.648438 0.359375 0.632812 0.359375 0.628906 0.355469 0.628906 0.335938 0.636719 0.328125 0.640625 0.328125 0.652344 0.316406 0.652344 0.300781 0.644531 0.300781 0.644531 0.304688 0.636719 0.312500 0.625000 0.312500 0.617188 0.320312 0.617188 0.324219 0.613281 0.328125 0.613281 0.347656 0.609375 0.351562 0.593750 0.351562 0.593750 0.382812 0.589844 0.386719 0.585938 0.386719 0.582031 0.390625 0.566406 0.390625 0.562500 0.386719 0.562500 0.371094 0.554688 0.363281 0.554688 0.335938 0.558594 0.332031 0.562500 0.332031 0.562500 0.312500 0.566406 0.308594 0.570312 0.308594 0.574219 0.304688 0.578125 0.304688 0.582031 0.300781 0.589844 0.300781 0.589844 0.281250
3 0.804688 0.242188 0.804688 0.250000 0.816406 0.261719 0.816406 0.285156 0.824219 0.285156 0.828125 0.289062 0.832031 0.289062 0.835938 0.292969 0.835938 0.300781 0.847656 0.300781 0.851562 0.296875 0.851562 0.289062 0.847656 0.285156 0.847656 0.265625 0.828125 0.265625 0.824219 0.261719 0.824219 0.250000 0.820312 0.246094 0.816406 0.246094 0.812500 0.242188
3 0.667969 0.234375 0.664062 0.238281 0.636719 0.238281 0.632812 0.242188 0.628906 0.242188 0.625000 0.246094 0.613281 0.246094 0.609375 0.250000 0.605469 0.250000 0.601562 0.253906 0.601562 0.277344 0.609375 0.277344 0.617188 0.269531 0.644531 0.269531 0.644531 0.265625 0.652344 0.257812 0.675781 0.257812 0.679688 0.261719 0.687500 0.261719 0.691406 0.257812 0.710938 0.257812 0.714844 0.253906 0.718750 0.253906 0.722656 0.250000 0.722656 0.242188 0.714844 0.242188 0.710938 0.238281 0.703125 0.238281 0.699219 0.234375
3 0.550781 0.226562 0.550781 0.230469 0.546875 0.234375 0.546875 0.238281 0.542969 0.242188 0.539062 0.242188 0.527344 0.253906 0.507812 0.253906 0.503906 0.250000 0.503906 0.246094 0.500000 0.242188 0.492188 0.242188 0.492188 0.250000 0.496094 0.253906 0.507812 0.253906 0.511719 0.257812 0.511719 0.261719 0.515625 0.265625 0.519531 0.265625 0.527344 0.273438 0.539062 0.273438 0.542969 0.269531 0.542969 0.265625 0.550781 0.257812 0.550781 0.253906 0.558594 0.246094 0.558594 0.238281 0.562500 0.234375 0.562500 0.226562
3 0.367188 0.195312 0.367188 0.203125 0.378906 0.203125 0.382812 0.207031 0.390625 0.207031 0.390625 0.195312
3 0.425781 0.187500 0.425781 0.191406 0.421875 0.195312 0.421875 0.199219 0.417969 0.203125 0.417969 0.210938 0.414062 0.214844 0.402344 0.214844 0.402344 0.250000 0.398438 0.253906 0.378906 0.253906 0.375000 0.250000 0.371094 0.250000 0.367188 0.246094 0.367188 0.242188 0.363281 0.238281 0.363281 0.234375 0.355469 0.234375 0.343750 0.246094 0.335938 0.246094 0.335938 0.257812 0.363281 0.257812 0.367188 0.261719 0.367188 0.265625 0.371094 0.265625 0.375000 0.269531 0.375000 0.277344 0.378906 0.281250 0.394531 0.281250 0.398438 0.277344 0.398438 0.269531 0.402344 0.265625 0.402344 0.250000 0.406250 0.246094 0.429688 0.246094 0.433594 0.250000 0.433594 0.269531 0.429688 0.273438 0.429688 0.285156 0.437500 0.285156 0.441406 0.281250 0.441406 0.273438 0.445312 0.269531 0.449219 0.269531 0.457031 0.261719 0.457031 0.250000 0.453125 0.246094 0.437500 0.246094 0.433594 0.242188 0.433594 0.210938 0.437500 0.207031 0.441406 0.207031 0.441406 0.199219 0.433594 0.191406 0.433594 0.187500
3 0.488281 0.156250 0.488281 0.175781 0.480469 0.183594 0.468750 0.183594 0.468750 0.199219 0.500000 0.199219 0.503906 0.195312 0.503906 0.191406 0.511719 0.183594 0.515625 0.183594 0.519531 0.179688 0.527344 0.179688 0.527344 0.167969 0.511719 0.167969 0.507812 0.164062 0.507812 0.160156 0.503906 0.160156 0.500000 0.156250
3 0.601562 0.074219 0.597656 0.078125 0.582031 0.078125 0.582031 0.082031 0.574219 0.089844 0.570312 0.089844 0.566406 0.093750 0.562500 0.093750 0.562500 0.097656 0.558594 0.101562 0.554688 0.101562 0.550781 0.105469 0.542969 0.105469 0.539062 0.109375 0.531250 0.109375 0.527344 0.113281 0.527344 0.121094 0.535156 0.121094 0.539062 0.125000 0.539062 0.144531 0.542969 0.148438 0.542969 0.152344 0.550781 0.152344 0.554688 0.148438 0.570312 0.148438 0.570312 0.140625 0.574219 0.136719 0.589844 0.136719 0.593750 0.140625 0.593750 0.156250 0.589844 0.160156 0.585938 0.160156 0.585938 0.175781 0.593750 0.175781 0.593750 0.171875 0.597656 0.167969 0.597656 0.164062 0.601562 0.160156 0.605469 0.160156 0.605469 0.156250 0.617188 0.144531 0.617188 0.136719 0.605469 0.136719 0.597656 0.128906 0.597656 0.125000 0.593750 0.121094 0.593750 0.097656 0.609375 0.082031 0.609375 0.074219
3 0.652344 0.031250 0.652344 0.042969 0.667969 0.042969 0.671875 0.046875 0.675781 0.046875 0.679688 0.050781 0.679688 0.066406 0.675781 0.070312 0.656250 0.070312 0.648438 0.078125 0.648438 0.082031 0.644531 0.085938 0.636719 0.085938 0.636719 0.089844 0.632812 0.093750 0.632812 0.109375 0.640625 0.109375 0.656250 0.093750 0.656250 0.089844 0.660156 0.085938 0.664062 0.085938 0.664062 0.082031 0.667969 0.078125 0.667969 0.074219 0.671875 0.070312 0.687500 0.070312 0.699219 0.082031 0.699219 0.101562 0.707031 0.101562 0.710938 0.097656 0.714844 0.097656 0.714844 0.085938 0.707031 0.078125 0.707031 0.058594 0.710938 0.054688 0.714844 0.054688 0.714844 0.035156 0.707031 0.035156 0.703125 0.031250 0.695312 0.031250 0.695312 0.035156 0.691406 0.039062 0.675781 0.039062 0.671875 0.035156 0.671875 0.031250
