3 0.742188 0.476562 0.738281 0.480469 0.734375 0.480469 0.730469 0.484375 0.714844 0.484375 0.710938 0.488281 0.707031 0.488281 0.695312 0.500000 0.683594 0.500000 0.683594 0.511719 0.679688 0.515625 0.679688 0.523438 0.687500 0.523438 0.691406 0.527344 0.695312 0.527344 0.699219 0.531250 0.722656 0.531250 0.722656 0.507812 0.726562 0.503906 0.746094 0.503906 0.750000 0.507812 0.750000 0.531250 0.753906 0.535156 0.761719 0.535156 0.773438 0.546875 0.773438 0.554688 0.777344 0.554688 0.785156 0.562500 0.789062 0.562500 0.792969 0.566406 0.796875 0.566406 0.800781 0.570312 0.804688 0.570312 0.808594 0.574219 0.808594 0.582031 0.820312 0.582031 0.824219 0.578125 0.828125 0.578125 0.828125 0.562500 0.824219 0.558594 0.820312 0.558594 0.816406 0.554688 0.816406 0.527344 0.800781 0.527344 0.796875 0.523438 0.796875 0.515625 0.792969 0.511719 0.792969 0.500000 0.781250 0.500000 0.777344 0.496094 0.777344 0.492188 0.773438 0.488281 0.765625 0.488281 0.761719 0.484375 0.757812 0.484375 0.753906 0.480469 0.753906 0.476562
3 0.605469 0.398438 0.597656 0.406250 0.589844 0.406250 0.589844 0.417969 0.605469 0.433594 0.605469 0.437500 0.617188 0.437500 0.621094 0.441406 0.628906 0.441406 0.628906 0.437500 0.632812 0.433594 0.648438 0.433594 0.648438 0.425781 0.652344 0.421875 0.652344 0.410156 0.648438 0.406250 0.625000 0.406250 0.617188 0.398438
3 0.300781 0.347656 0.300781 0.355469 0.304688 0.359375 0.304688 0.363281 0.308594 0.367188 0.308594 0.375000 0.312500 0.378906 0.312500 0.382812 0.320312 0.382812 0.324219 0.378906 0.328125 0.378906 0.332031 0.375000 0.332031 0.371094 0.335938 0.367188 0.335938 0.363281 0.339844 0.359375 0.339844 0.351562 0.312500 0.351562 0.308594 0.347656
3 0.625000 0.335938 0.621094 0.339844 0.617188 0.339844 0.617188 0.343750 0.613281 0.347656 0.589844 0.347656 0.585938 0.343750 0.585938 0.339844 0.574219 0.339844 0.574219 0.347656 0.585938 0.347656 0.589844 0.351562 0.589844 0.359375 0.597656 0.359375 0.601562 0.363281 0.601562 0.371094 0.613281 0.371094 0.613281 0.367188 0.621094 0.359375 0.625000 0.359375 0.632812 0.351562 0.636719 0.351562 0.644531 0.343750 0.644531 0.335938
3 0.273438 0.324219 0.273438 0.335938 0.277344 0.335938 0.281250 0.339844 0.292969 0.339844 0.292969 0.332031 0.289062 0.328125 0.289062 0.324219
3 0.839844 0.265625 0.835938 0.269531 0.832031 0.269531 0.832031 0.277344 0.828125 0.281250 0.828125 0.285156 0.824219 0.289062 0.820312 0.289062 0.816406 0.292969 0.812500 0.292969 0.808594 0.296875 0.792969 0.296875 0.792969 0.316406 0.789062 0.320312 0.734375 0.320312 0.730469 0.316406 0.730469 0.312500 0.718750 0.312500 0.714844 0.308594 0.707031 0.308594 0.707031 0.328125 0.722656 0.328125 0.726562 0.332031 0.730469 0.332031 0.734375 0.335938 0.738281 0.335938 0.742188 0.339844 0.792969 0.339844 0.796875 0.343750 0.804688 0.343750 0.808594 0.339844 0.812500 0.339844 0.816406 0.335938 0.816406 0.332031 0.820312 0.328125 0.820312 0.324219 0.828125 0.316406 0.828125 0.296875 0.832031 0.292969 0.835938 0.292969 0.835938 0.281250 0.843750 0.273438 0.847656 0.273438 0.847656 0.265625
3 0.535156 0.250000 0.535156 0.257812 0.531250 0.261719 0.523438 0.261719 0.523438 0.296875 0.535156 0.296875 0.539062 0.300781 0.539062 0.308594 0.550781 0.308594 0.554688 0.304688 0.562500 0.304688 0.566406 0.300781 0.566406 0.292969 0.562500 0.292969 0.558594 0.289062 0.558594 0.281250 0.554688 0.281250 0.550781 0.277344 0.550781 0.250000
3 0.500000 0.199219 0.500000 0.226562 0.511719 0.226562 0.511719 0.199219
3 0.414062 0.191406 0.410156 0.195312 0.386719 0.195312 0.382812 0.199219 0.371094 0.199219 0.371094 0.210938 0.375000 0.210938 0.382812 0.218750 0.386719 0.218750 0.390625 0.222656 0.390625 0.234375 0.398438 0.242188 0.410156 0.242188 0.414062 0.238281 0.417969 0.238281 0.421875 0.234375 0.421875 0.214844 0.425781 0.210938 0.441406 0.210938 0.441406 0.203125 0.437500 0.203125 0.433594 0.199219 0.429688 0.199219 0.425781 0.195312 0.425781 0.191406
3 0.335938 0.187500 0.332031 0.191406 0.324219 0.191406 0.324219 0.199219 0.332031 0.199219 0.335938 0.195312 0.359375 0.195312 0.359375 0.187500
3 0.695312 0.183594 0.687500 0.191406 0.664062 0.191406 0.664062 0.203125 0.667969 0.203125 0.671875 0.207031 0.683594 0.207031 0.687500 0.210938 0.695312 0.210938 0.699219 0.214844 0.699219 0.226562 0.707031 0.226562 0.710938 0.230469 0.722656 0.230469 0.722656 0.226562 0.726562 0.222656 0.726562 0.210938 0.722656 0.210938 0.718750 0.207031 0.710938 0.207031 0.707031 0.203125 0.707031 0.183594
3 0.453125 0.156250 0.453125 0.164062 0.457031 0.167969 0.480469 0.167969 0.484375 0.171875 0.519531 0.171875 0.523438 0.175781 0.523438 0.191406 0.539062 0.191406 0.546875 0.199219 0.566406 0.199219 0.570312 0.203125 0.570312 0.218750 0.585938 0.218750 0.589844 0.222656 0.589844 0.226562 0.597656 0.226562 0.601562 0.222656 0.601562 0.214844 0.593750 0.214844 0.585938 0.207031 0.585938 0.187500 0.589844 0.183594 0.589844 0.179688 0.597656 0.171875 0.601562 0.171875 0.601562 0.160156 0.589844 0.160156 0.585938 0.164062 0.582031 0.164062 0.578125 0.167969 0.578125 0.175781 0.574219 0.179688 0.570312 0.179688 0.570312 0.183594 0.566406 0.187500 0.542969 0.187500 0.539062 0.183594 0.539062 0.167969 0.535156 0.164062 0.535156 0.160156 0.515625 0.160156 0.511719 0.164062 0.496094 0.164062 0.492188 0.160156 0.464844 0.160156 0.460938 0.156250
