3 0.035156 0.917969 0.035156 0.941406 0.031250 0.945312 0.027344 0.945312 0.027344 0.964844 0.031250 0.968750 0.070312 0.968750 0.078125 0.976562 0.078125 0.980469 0.089844 0.980469 0.089844 0.968750 0.085938 0.964844 0.085938 0.953125 0.078125 0.953125 0.074219 0.949219 0.074219 0.929688 0.066406 0.929688 0.058594 0.921875 0.046875 0.921875 0.042969 0.917969
3 0.195312 0.753906 0.195312 0.761719 0.203125 0.761719 0.203125 0.753906
3 0.171875 0.730469 0.171875 0.738281 0.175781 0.742188 0.175781 0.750000 0.183594 0.750000 0.183594 0.730469
3 0.285156 0.714844 0.281250 0.718750 0.281250 0.726562 0.285156 0.730469 0.292969 0.730469 0.300781 0.722656 0.300781 0.714844
3 0.417969 0.699219 0.414062 0.703125 0.410156 0.703125 0.406250 0.707031 0.406250 0.710938 0.402344 0.714844 0.398438 0.714844 0.398438 0.718750 0.390625 0.726562 0.382812 0.726562 0.382812 0.738281 0.378906 0.742188 0.375000 0.742188 0.371094 0.746094 0.371094 0.753906 0.375000 0.757812 0.402344 0.757812 0.410156 0.750000 0.421875 0.750000 0.429688 0.742188 0.433594 0.742188 0.437500 0.738281 0.445312 0.738281 0.449219 0.734375 0.453125 0.734375 0.457031 0.730469 0.457031 0.722656 0.441406 0.722656 0.433594 0.714844 0.433594 0.699219
3 0.312500 0.683594 0.312500 0.710938 0.320312 0.710938 0.324219 0.714844 0.328125 0.714844 0.332031 0.718750 0.343750 0.718750 0.343750 0.683594
3 0.140625 0.683594 0.140625 0.691406 0.148438 0.691406 0.148438 0.683594
3 0.367188 0.636719 0.367188 0.652344 0.363281 0.656250 0.363281 0.664062 0.367188 0.667969 0.367188 0.679688 0.371094 0.683594 0.378906 0.683594 0.382812 0.679688 0.386719 0.679688 0.386719 0.671875 0.375000 0.671875 0.371094 0.667969 0.371094 0.648438 0.375000 0.644531 0.378906 0.644531 0.378906 0.636719
3 0.722656 0.386719 0.722656 0.394531 0.718750 0.398438 0.703125 0.398438 0.691406 0.410156 0.675781 0.410156 0.675781 0.421875 0.671875 0.425781 0.652344 0.425781 0.648438 0.429688 0.648438 0.433594 0.644531 0.437500 0.628906 0.437500 0.628906 0.445312 0.632812 0.445312 0.636719 0.449219 0.636719 0.457031 0.644531 0.457031 0.648438 0.453125 0.664062 0.453125 0.667969 0.457031 0.667969 0.464844 0.671875 0.468750 0.671875 0.472656 0.675781 0.476562 0.675781 0.488281 0.695312 0.488281 0.695312 0.484375 0.699219 0.480469 0.699219 0.468750 0.703125 0.464844 0.707031 0.464844 0.707031 0.457031 0.699219 0.457031 0.695312 0.453125 0.691406 0.453125 0.683594 0.445312 0.683594 0.425781 0.687500 0.421875 0.734375 0.421875 0.738281 0.417969 0.738281 0.410156 0.750000 0.398438 0.750000 0.390625 0.746094 0.386719
3 0.621094 0.386719 0.621094 0.390625 0.609375 0.402344 0.597656 0.402344 0.593750 0.406250 0.593750 0.414062 0.589844 0.417969 0.589844 0.425781 0.613281 0.425781 0.613281 0.417969 0.617188 0.414062 0.621094 0.414062 0.625000 0.410156 0.628906 0.410156 0.628906 0.406250 0.632812 0.402344 0.632812 0.390625 0.628906 0.386719
3 0.324219 0.378906 0.324219 0.398438 0.328125 0.402344 0.328125 0.417969 0.324219 0.421875 0.324219 0.425781 0.312500 0.437500 0.312500 0.445312 0.308594 0.449219 0.289062 0.449219 0.289062 0.457031 0.296875 0.457031 0.300781 0.453125 0.332031 0.453125 0.332031 0.437500 0.335938 0.433594 0.351562 0.433594 0.355469 0.429688 0.375000 0.429688 0.375000 0.421875 0.363281 0.421875 0.359375 0.417969 0.359375 0.414062 0.355469 0.410156 0.351562 0.410156 0.347656 0.406250 0.347656 0.390625 0.343750 0.390625 0.332031 0.378906
3 0.246094 0.332031 0.238281 0.339844 0.230469 0.339844 0.230469 0.355469 0.234375 0.359375 0.234375 0.394531 0.222656 0.406250 0.218750 0.406250 0.214844 0.410156 0.214844 0.449219 0.218750 0.453125 0.218750 0.460938 0.222656 0.464844 0.222656 0.472656 0.226562 0.476562 0.226562 0.488281 0.230469 0.492188 0.230469 0.500000 0.242188 0.511719 0.242188 0.550781 0.257812 0.550781 0.261719 0.554688 0.261719 0.570312 0.257812 0.574219 0.257812 0.578125 0.250000 0.585938 0.238281 0.585938 0.238281 0.589844 0.234375 0.593750 0.199219 0.593750 0.195312 0.589844 0.195312 0.582031 0.191406 0.582031 0.187500 0.578125 0.187500 0.562500 0.191406 0.558594 0.191406 0.550781 0.187500 0.546875 0.187500 0.527344 0.191406 0.523438 0.191406 0.515625 0.183594 0.515625 0.175781 0.507812 0.175781 0.503906 0.160156 0.503906 0.160156 0.511719 0.156250 0.515625 0.140625 0.515625 0.136719 0.511719 0.136719 0.507812 0.132812 0.503906 0.132812 0.500000 0.125000 0.500000 0.121094 0.503906 0.121094 0.515625 0.117188 0.519531 0.117188 0.570312 0.125000 0.570312 0.132812 0.562500 0.132812 0.558594 0.140625 0.550781 0.164062 0.550781 0.167969 0.554688 0.167969 0.558594 0.171875 0.562500 0.171875 0.582031 0.167969 0.585938 0.167969 0.593750 0.171875 0.597656 0.175781 0.597656 0.179688 0.601562 0.179688 0.609375 0.183594 0.613281 0.183594 0.628906 0.187500 0.632812 0.195312 0.632812 0.203125 0.640625 0.203125 0.644531 0.207031 0.648438 0.207031 0.652344 0.210938 0.652344 0.214844 0.656250 0.214844 0.667969 0.222656 0.675781 0.222656 0.683594 0.226562 0.687500 0.226562 0.691406 0.234375 0.691406 0.234375 0.687500 0.238281 0.683594 0.242188 0.683594 0.242188 0.664062 0.246094 0.660156 0.250000 0.660156 0.253906 0.656250 0.261719 0.656250 0.265625 0.652344 0.265625 0.648438 0.269531 0.644531 0.269531 0.613281 0.273438 0.609375 0.296875 0.609375 0.296875 0.585938 0.316406 0.566406 0.316406 0.562500 0.320312 0.558594 0.320312 0.546875 0.324219 0.542969 0.339844 0.542969 0.343750 0.539062 0.359375 0.539062 0.363281 0.542969 0.363281 0.570312 0.371094 0.570312 0.375000 0.574219 0.378906 0.574219 0.382812 0.578125 0.394531 0.578125 0.398438 0.582031 0.398438 0.593750 0.410156 0.593750 0.414062 0.597656 0.414062 0.613281 0.410156 0.617188 0.406250 0.617188 0.406250 0.621094 0.402344 0.625000 0.402344 0.632812 0.406250 0.636719 0.406250 0.652344 0.402344 0.656250 0.402344 0.667969 0.410156 0.667969 0.414062 0.671875 0.425781 0.671875 0.425781 0.656250 0.429688 0.652344 0.429688 0.632812 0.414062 0.617188 0.414062 0.601562 0.417969 0.597656 0.421875 0.597656 0.421875 0.589844 0.417969 0.585938 0.417969 0.574219 0.406250 0.574219 0.402344 0.570312 0.402344 0.550781 0.406250 0.546875 0.429688 0.546875 0.433594 0.550781 0.433594 0.566406 0.445312 0.566406 0.449219 0.562500 0.468750 0.562500 0.472656 0.558594 0.476562 0.558594 0.476562 0.523438 0.480469 0.519531 0.503906 0.519531 0.503906 0.500000 0.507812 0.496094 0.527344 0.496094 0.535156 0.503906 0.539062 0.503906 0.542969 0.507812 0.542969 0.523438 0.535156 0.531250 0.523438 0.531250 0.523438 0.546875 0.519531 0.550781 0.519531 0.585938 0.515625 0.589844 0.503906 0.589844 0.503906 0.597656 0.500000 0.601562 0.500000 0.628906 0.496094 0.632812 0.492188 0.632812 0.488281 0.636719 0.488281 0.648438 0.484375 0.652344 0.484375 0.671875 0.480469 0.675781 0.468750 0.675781 0.468750 0.683594 0.492188 0.683594 0.496094 0.687500 0.496094 0.691406 0.503906 0.691406 0.503906 0.675781 0.511719 0.667969 0.542969 0.667969 0.550781 0.660156 0.550781 0.656250 0.558594 0.648438 0.562500 0.648438 0.566406 0.644531 0.570312 0.644531 0.574219 0.640625 0.574219 0.632812 0.570312 0.628906 0.570312 0.613281 0.574219 0.609375 0.578125 0.609375 0.578125 0.593750 0.570312 0.585938 0.570312 0.562500 0.574219 0.558594 0.605469 0.558594 0.609375 0.562500 0.609375 0.566406 0.617188 0.566406 0.621094 0.562500 0.628906 0.562500 0.628906 0.546875 0.632812 0.542969 0.640625 0.542969 0.640625 0.531250 0.632812 0.531250 0.632812 0.542969 0.628906 0.546875 0.613281 0.546875 0.605469 0.539062 0.605469 0.531250 0.589844 0.531250 0.585938 0.527344 0.585938 0.523438 0.582031 0.519531 0.582031 0.503906 0.585938 0.500000 0.589844 0.500000 0.593750 0.496094 0.593750 0.488281 0.589844 0.484375 0.589844 0.468750 0.593750 0.464844 0.597656 0.464844 0.601562 0.460938 0.601562 0.453125 0.578125 0.453125 0.574219 0.449219 0.554688 0.449219 0.550781 0.445312 0.550781 0.437500 0.542969 0.429688 0.527344 0.429688 0.527344 0.460938 0.531250 0.464844 0.531250 0.484375 0.527344 0.488281 0.511719 0.488281 0.496094 0.472656 0.496094 0.468750 0.488281 0.468750 0.484375 0.464844 0.484375 0.460938 0.476562 0.460938 0.472656 0.464844 0.472656 0.472656 0.464844 0.480469 0.464844 0.503906 0.460938 0.507812 0.417969 0.507812 0.417969 0.515625 0.414062 0.519531 0.410156 0.519531 0.410156 0.542969 0.406250 0.546875 0.386719 0.546875 0.382812 0.542969 0.382812 0.531250 0.378906 0.527344 0.367188 0.527344 0.363281 0.523438 0.363281 0.488281 0.355469 0.488281 0.351562 0.484375 0.343750 0.484375 0.343750 0.488281 0.328125 0.503906 0.320312 0.503906 0.320312 0.511719 0.316406 0.515625 0.273438 0.515625 0.265625 0.507812 0.265625 0.488281 0.261719 0.484375 0.261719 0.480469 0.257812 0.476562 0.257812 0.453125 0.261719 0.449219 0.261719 0.421875 0.246094 0.421875 0.242188 0.417969 0.242188 0.390625 0.246094 0.386719 0.246094 0.363281 0.250000 0.359375 0.250000 0.355469 0.253906 0.351562 0.261719 0.351562 0.265625 0.347656 0.265625 0.332031
3 0.753906 0.285156 0.746094 0.292969 0.742188 0.292969 0.742188 0.300781 0.757812 0.300781 0.757812 0.296875 0.761719 0.292969 0.761719 0.285156
3 0.320312 0.253906 0.320312 0.261719 0.328125 0.261719 0.328125 0.253906
3 0.812500 0.171875 0.812500 0.183594 0.804688 0.191406 0.804688 0.199219 0.808594 0.203125 0.808594 0.207031 0.812500 0.207031 0.816406 0.210938 0.816406 0.265625 0.824219 0.265625 0.824219 0.238281 0.828125 0.234375 0.828125 0.218750 0.832031 0.214844 0.832031 0.207031 0.835938 0.203125 0.835938 0.199219 0.839844 0.195312 0.839844 0.187500 0.824219 0.187500 0.820312 0.183594 0.820312 0.171875
3 0.449219 0.160156 0.449219 0.171875 0.445312 0.175781 0.406250 0.175781 0.402344 0.171875 0.402344 0.164062 0.390625 0.164062 0.386719 0.167969 0.382812 0.167969 0.378906 0.171875 0.378906 0.175781 0.367188 0.187500 0.324219 0.187500 0.324219 0.191406 0.320312 0.195312 0.320312 0.203125 0.324219 0.203125 0.332031 0.210938 0.332031 0.214844 0.335938 0.218750 0.335938 0.250000 0.359375 0.250000 0.363281 0.253906 0.363281 0.277344 0.371094 0.277344 0.375000 0.281250 0.375000 0.289062 0.382812 0.289062 0.382812 0.281250 0.378906 0.281250 0.375000 0.277344 0.375000 0.238281 0.378906 0.234375 0.378906 0.207031 0.382812 0.203125 0.382812 0.187500 0.394531 0.175781 0.410156 0.175781 0.414062 0.179688 0.414062 0.187500 0.421875 0.187500 0.425781 0.191406 0.425781 0.214844 0.429688 0.218750 0.429688 0.222656 0.437500 0.222656 0.441406 0.226562 0.441406 0.246094 0.433594 0.253906 0.429688 0.253906 0.429688 0.261719 0.437500 0.269531 0.437500 0.292969 0.433594 0.296875 0.421875 0.296875 0.410156 0.308594 0.410156 0.312500 0.406250 0.316406 0.402344 0.316406 0.402344 0.328125 0.406250 0.332031 0.406250 0.339844 0.410156 0.343750 0.410156 0.347656 0.433594 0.347656 0.437500 0.351562 0.437500 0.382812 0.429688 0.390625 0.421875 0.390625 0.421875 0.398438 0.414062 0.406250 0.414062 0.421875 0.410156 0.425781 0.402344 0.425781 0.402344 0.445312 0.406250 0.449219 0.449219 0.449219 0.449219 0.445312 0.453125 0.441406 0.453125 0.433594 0.460938 0.425781 0.460938 0.421875 0.464844 0.417969 0.472656 0.417969 0.472656 0.414062 0.484375 0.402344 0.488281 0.402344 0.492188 0.398438 0.492188 0.386719 0.496094 0.382812 0.496094 0.378906 0.500000 0.375000 0.503906 0.375000 0.503906 0.371094 0.507812 0.367188 0.558594 0.367188 0.562500 0.363281 0.589844 0.363281 0.589844 0.355469 0.593750 0.351562 0.593750 0.343750 0.585938 0.335938 0.578125 0.335938 0.574219 0.332031 0.574219 0.292969 0.566406 0.292969 0.566406 0.296875 0.562500 0.300781 0.558594 0.300781 0.554688 0.304688 0.492188 0.304688 0.488281 0.308594 0.484375 0.308594 0.480469 0.312500 0.464844 0.312500 0.460938 0.308594 0.460938 0.285156 0.464844 0.281250 0.464844 0.273438 0.472656 0.265625 0.472656 0.261719 0.480469 0.253906 0.480469 0.242188 0.457031 0.242188 0.453125 0.238281 0.453125 0.222656 0.457031 0.218750 0.457031 0.207031 0.445312 0.195312 0.445312 0.179688 0.449219 0.175781 0.460938 0.175781 0.460938 0.160156
3 0.402344 0.089844 0.394531 0.097656 0.394531 0.101562 0.390625 0.105469 0.390625 0.117188 0.394531 0.121094 0.414062 0.121094 0.417969 0.125000 0.417969 0.128906 0.425781 0.128906 0.425781 0.125000 0.429688 0.121094 0.429688 0.105469 0.433594 0.101562 0.433594 0.089844
3 0.914062 0.039062 0.910156 0.042969 0.894531 0.042969 0.890625 0.046875 0.886719 0.046875 0.878906 0.054688 0.875000 0.054688 0.875000 0.066406 0.882812 0.066406 0.886719 0.062500 0.894531 0.062500 0.898438 0.058594 0.921875 0.058594 0.925781 0.062500 0.941406 0.062500 0.945312 0.058594 0.945312 0.046875 0.941406 0.042969 0.937500 0.042969 0.933594 0.039062
3 0.613281 0.031250 0.609375 0.035156 0.605469 0.035156 0.597656 0.042969 0.582031 0.042969 0.578125 0.039062 0.546875 0.039062 0.539062 0.046875 0.539062 0.054688 0.554688 0.054688 0.558594 0.058594 0.558594 0.085938 0.554688 0.089844 0.542969 0.089844 0.542969 0.093750 0.539062 0.097656 0.523438 0.097656 0.519531 0.093750 0.515625 0.093750 0.511719 0.089844 0.511719 0.082031 0.507812 0.078125 0.507812 0.074219 0.503906 0.070312 0.492188 0.070312 0.488281 0.074219 0.488281 0.085938 0.492188 0.085938 0.500000 0.093750 0.500000 0.109375 0.496094 0.113281 0.492188 0.113281 0.492188 0.121094 0.507812 0.121094 0.515625 0.128906 0.535156 0.128906 0.539062 0.132812 0.539062 0.167969 0.535156 0.171875 0.531250 0.171875 0.531250 0.183594 0.535156 0.183594 0.539062 0.187500 0.539062 0.195312 0.546875 0.195312 0.546875 0.136719 0.550781 0.132812 0.550781 0.128906 0.558594 0.121094 0.562500 0.121094 0.562500 0.109375 0.566406 0.105469 0.582031 0.105469 0.585938 0.109375 0.593750 0.109375 0.597656 0.105469 0.597656 0.089844 0.601562 0.085938 0.601562 0.058594 0.605469 0.054688 0.625000 0.054688 0.628906 0.058594 0.628906 0.062500 0.640625 0.062500 0.644531 0.058594 0.648438 0.058594 0.656250 0.050781 0.675781 0.050781 0.679688 0.054688 0.679688 0.082031 0.675781 0.085938 0.656250 0.085938 0.656250 0.136719 0.660156 0.136719 0.664062 0.140625 0.664062 0.183594 0.660156 0.187500 0.660156 0.199219 0.656250 0.203125 0.656250 0.218750 0.652344 0.222656 0.632812 0.222656 0.628906 0.218750 0.617188 0.218750 0.613281 0.222656 0.609375 0.222656 0.609375 0.234375 0.613281 0.238281 0.613281 0.261719 0.609375 0.265625 0.589844 0.265625 0.585938 0.261719 0.585938 0.257812 0.574219 0.257812 0.574219 0.265625 0.578125 0.269531 0.578125 0.285156 0.593750 0.285156 0.597656 0.281250 0.597656 0.273438 0.601562 0.269531 0.621094 0.269531 0.621094 0.250000 0.625000 0.246094 0.644531 0.246094 0.648438 0.250000 0.648438 0.253906 0.652344 0.257812 0.652344 0.296875 0.656250 0.296875 0.660156 0.300781 0.671875 0.300781 0.675781 0.304688 0.675781 0.324219 0.671875 0.328125 0.667969 0.328125 0.667969 0.339844 0.664062 0.343750 0.664062 0.351562 0.667969 0.355469 0.667969 0.359375 0.675781 0.359375 0.675781 0.355469 0.683594 0.347656 0.691406 0.347656 0.691406 0.335938 0.695312 0.332031 0.703125 0.332031 0.703125 0.312500 0.699219 0.308594 0.699219 0.304688 0.695312 0.300781 0.687500 0.300781 0.683594 0.296875 0.683594 0.277344 0.691406 0.269531 0.691406 0.257812 0.695312 0.253906 0.695312 0.246094 0.699219 0.242188 0.714844 0.242188 0.718750 0.246094 0.722656 0.246094 0.734375 0.257812 0.738281 0.257812 0.742188 0.261719 0.753906 0.261719 0.757812 0.257812 0.757812 0.250000 0.753906 0.246094 0.753906 0.238281 0.750000 0.234375 0.750000 0.226562 0.746094 0.226562 0.742188 0.222656 0.742188 0.203125 0.734375 0.203125 0.730469 0.199219 0.730469 0.179688 0.734375 0.175781 0.773438 0.175781 0.773438 0.152344 0.777344 0.148438 0.789062 0.148438 0.792969 0.144531 0.792969 0.136719 0.789062 0.132812 0.789062 0.117188 0.792969 0.113281 0.792969 0.105469 0.789062 0.101562 0.789062 0.082031 0.781250 0.082031 0.777344 0.085938 0.777344 0.109375 0.773438 0.113281 0.769531 0.113281 0.765625 0.117188 0.757812 0.117188 0.750000 0.125000 0.750000 0.140625 0.746094 0.144531 0.742188 0.144531 0.738281 0.148438 0.718750 0.148438 0.710938 0.140625 0.710938 0.113281 0.703125 0.113281 0.699219 0.109375 0.699219 0.078125 0.695312 0.074219 0.695312 0.070312 0.687500 0.062500 0.687500 0.035156 0.683594 0.031250 0.671875 0.031250 0.667969 0.035156 0.632812 0.035156 0.628906 0.031250
