3 0.308594 0.851562 0.304688 0.855469 0.304688 0.867188 0.300781 0.871094 0.296875 0.871094 0.285156 0.882812 0.285156 0.886719 0.281250 0.890625 0.277344 0.890625 0.265625 0.902344 0.265625 0.906250 0.261719 0.910156 0.257812 0.910156 0.257812 0.914062 0.250000 0.921875 0.250000 0.925781 0.242188 0.933594 0.242188 0.937500 0.238281 0.941406 0.238281 0.945312 0.230469 0.953125 0.230469 0.964844 0.226562 0.968750 0.218750 0.968750 0.218750 0.972656 0.214844 0.976562 0.210938 0.976562 0.210938 0.984375 0.218750 0.984375 0.218750 0.980469 0.222656 0.976562 0.230469 0.976562 0.234375 0.972656 0.238281 0.972656 0.238281 0.964844 0.242188 0.960938 0.242188 0.957031 0.261719 0.937500 0.261719 0.929688 0.273438 0.917969 0.273438 0.914062 0.277344 0.910156 0.285156 0.910156 0.285156 0.894531 0.289062 0.890625 0.296875 0.890625 0.296875 0.886719 0.300781 0.882812 0.304688 0.882812 0.304688 0.871094 0.308594 0.867188 0.316406 0.867188 0.316406 0.851562
3 0.402344 0.730469 0.402344 0.734375 0.398438 0.738281 0.398438 0.750000 0.394531 0.753906 0.375000 0.753906 0.371094 0.757812 0.335938 0.757812 0.335938 0.761719 0.332031 0.765625 0.332031 0.777344 0.335938 0.781250 0.339844 0.781250 0.347656 0.789062 0.347656 0.812500 0.343750 0.816406 0.332031 0.816406 0.332031 0.824219 0.328125 0.828125 0.328125 0.835938 0.324219 0.839844 0.324219 0.847656 0.339844 0.847656 0.339844 0.839844 0.343750 0.835938 0.347656 0.835938 0.347656 0.828125 0.351562 0.824219 0.359375 0.824219 0.359375 0.812500 0.367188 0.804688 0.367188 0.789062 0.371094 0.785156 0.386719 0.785156 0.398438 0.773438 0.410156 0.773438 0.410156 0.761719 0.421875 0.750000 0.433594 0.750000 0.433594 0.742188 0.417969 0.742188 0.414062 0.738281 0.414062 0.730469
3 0.265625 0.683594 0.265625 0.691406 0.269531 0.691406 0.277344 0.699219 0.281250 0.699219 0.285156 0.703125 0.285156 0.722656 0.281250 0.726562 0.281250 0.734375 0.285156 0.738281 0.292969 0.738281 0.292969 0.730469 0.296875 0.726562 0.312500 0.726562 0.316406 0.730469 0.316406 0.738281 0.332031 0.738281 0.335938 0.734375 0.335938 0.726562 0.308594 0.726562 0.304688 0.722656 0.304688 0.707031 0.292969 0.707031 0.289062 0.703125 0.289062 0.687500 0.281250 0.687500 0.277344 0.683594
3 0.531250 0.679688 0.531250 0.691406 0.527344 0.695312 0.523438 0.695312 0.523438 0.707031 0.527344 0.707031 0.531250 0.710938 0.531250 0.714844 0.542969 0.714844 0.546875 0.718750 0.554688 0.718750 0.554688 0.714844 0.558594 0.710938 0.558594 0.695312 0.554688 0.695312 0.550781 0.691406 0.546875 0.691406 0.542969 0.687500 0.542969 0.679688
3 0.742188 0.671875 0.730469 0.683594 0.710938 0.683594 0.707031 0.687500 0.707031 0.699219 0.726562 0.699219 0.730469 0.695312 0.750000 0.695312 0.753906 0.691406 0.757812 0.691406 0.765625 0.683594 0.765625 0.675781 0.761719 0.675781 0.757812 0.671875
3 0.722656 0.640625 0.722656 0.648438 0.730469 0.648438 0.730469 0.640625
3 0.312500 0.546875 0.308594 0.550781 0.289062 0.550781 0.289062 0.558594 0.292969 0.562500 0.292969 0.570312 0.300781 0.570312 0.300781 0.566406 0.304688 0.562500 0.304688 0.558594 0.308594 0.554688 0.324219 0.554688 0.324219 0.546875
3 0.214844 0.500000 0.214844 0.503906 0.210938 0.507812 0.203125 0.507812 0.199219 0.511719 0.199219 0.519531 0.218750 0.519531 0.222656 0.523438 0.222656 0.546875 0.218750 0.550781 0.199219 0.550781 0.191406 0.558594 0.183594 0.558594 0.183594 0.562500 0.179688 0.566406 0.156250 0.566406 0.156250 0.582031 0.152344 0.585938 0.132812 0.585938 0.132812 0.601562 0.136719 0.605469 0.148438 0.605469 0.148438 0.593750 0.152344 0.589844 0.167969 0.589844 0.171875 0.585938 0.187500 0.585938 0.191406 0.589844 0.222656 0.589844 0.222656 0.578125 0.226562 0.574219 0.246094 0.574219 0.246094 0.566406 0.253906 0.558594 0.253906 0.554688 0.257812 0.550781 0.265625 0.550781 0.265625 0.542969 0.257812 0.535156 0.253906 0.535156 0.250000 0.531250 0.250000 0.503906 0.226562 0.503906 0.222656 0.500000
3 0.191406 0.367188 0.191406 0.375000 0.187500 0.378906 0.171875 0.378906 0.167969 0.375000 0.156250 0.375000 0.156250 0.386719 0.152344 0.390625 0.148438 0.390625 0.144531 0.394531 0.140625 0.394531 0.140625 0.406250 0.179688 0.406250 0.183594 0.410156 0.195312 0.410156 0.203125 0.417969 0.203125 0.441406 0.191406 0.453125 0.191406 0.464844 0.203125 0.464844 0.203125 0.460938 0.207031 0.457031 0.207031 0.453125 0.210938 0.449219 0.222656 0.449219 0.222656 0.441406 0.226562 0.437500 0.234375 0.437500 0.234375 0.429688 0.230469 0.425781 0.222656 0.425781 0.218750 0.421875 0.218750 0.414062 0.214844 0.410156 0.214844 0.386719 0.210938 0.382812 0.210938 0.375000 0.207031 0.375000 0.199219 0.367188
3 0.136719 0.226562 0.136719 0.238281 0.144531 0.238281 0.148438 0.242188 0.160156 0.242188 0.160156 0.226562
3 0.222656 0.175781 0.222656 0.179688 0.218750 0.183594 0.207031 0.183594 0.195312 0.195312 0.187500 0.195312 0.183594 0.199219 0.179688 0.199219 0.175781 0.203125 0.167969 0.203125 0.164062 0.207031 0.164062 0.218750 0.179688 0.218750 0.191406 0.207031 0.210938 0.207031 0.214844 0.210938 0.226562 0.210938 0.230469 0.207031 0.234375 0.207031 0.238281 0.203125 0.246094 0.203125 0.250000 0.199219 0.253906 0.199219 0.253906 0.191406 0.246094 0.183594 0.238281 0.183594 0.230469 0.175781
3 0.363281 0.117188 0.359375 0.121094 0.343750 0.121094 0.343750 0.144531 0.363281 0.144531 0.367188 0.148438 0.386719 0.148438 0.386719 0.140625 0.390625 0.136719 0.414062 0.136719 0.417969 0.132812 0.417969 0.125000 0.406250 0.125000 0.402344 0.121094 0.402344 0.117188
3 0.562500 0.097656 0.562500 0.117188 0.554688 0.125000 0.546875 0.125000 0.542969 0.128906 0.539062 0.128906 0.527344 0.140625 0.523438 0.140625 0.523438 0.148438 0.531250 0.148438 0.539062 0.156250 0.539062 0.160156 0.546875 0.160156 0.550781 0.164062 0.550781 0.179688 0.546875 0.183594 0.535156 0.183594 0.535156 0.191406 0.539062 0.195312 0.542969 0.195312 0.546875 0.199219 0.546875 0.222656 0.566406 0.222656 0.570312 0.226562 0.570312 0.257812 0.566406 0.261719 0.539062 0.261719 0.535156 0.257812 0.535156 0.226562 0.527344 0.226562 0.523438 0.222656 0.503906 0.222656 0.500000 0.218750 0.500000 0.214844 0.496094 0.210938 0.496094 0.179688 0.492188 0.179688 0.488281 0.175781 0.488281 0.156250 0.480469 0.148438 0.480469 0.136719 0.476562 0.132812 0.476562 0.128906 0.472656 0.125000 0.472656 0.121094 0.468750 0.117188 0.457031 0.117188 0.457031 0.125000 0.460938 0.128906 0.460938 0.152344 0.457031 0.156250 0.453125 0.156250 0.449219 0.160156 0.417969 0.160156 0.417969 0.167969 0.449219 0.167969 0.453125 0.171875 0.453125 0.179688 0.457031 0.179688 0.460938 0.183594 0.460938 0.210938 0.457031 0.214844 0.445312 0.214844 0.445312 0.230469 0.441406 0.234375 0.386719 0.234375 0.382812 0.238281 0.378906 0.238281 0.375000 0.242188 0.359375 0.242188 0.355469 0.238281 0.343750 0.238281 0.339844 0.234375 0.324219 0.234375 0.324219 0.250000 0.332031 0.250000 0.335938 0.253906 0.347656 0.253906 0.351562 0.257812 0.355469 0.257812 0.359375 0.261719 0.359375 0.285156 0.355469 0.289062 0.343750 0.289062 0.343750 0.304688 0.339844 0.308594 0.312500 0.308594 0.312500 0.320312 0.308594 0.324219 0.304688 0.324219 0.300781 0.328125 0.300781 0.335938 0.308594 0.343750 0.308594 0.347656 0.312500 0.351562 0.320312 0.351562 0.324219 0.347656 0.332031 0.347656 0.335938 0.343750 0.339844 0.343750 0.343750 0.339844 0.343750 0.316406 0.347656 0.312500 0.363281 0.312500 0.367188 0.316406 0.367188 0.324219 0.386719 0.324219 0.386719 0.320312 0.390625 0.316406 0.406250 0.316406 0.406250 0.312500 0.410156 0.308594 0.410156 0.300781 0.414062 0.296875 0.433594 0.296875 0.437500 0.292969 0.457031 0.292969 0.460938 0.296875 0.460938 0.316406 0.464844 0.320312 0.464844 0.328125 0.468750 0.332031 0.480469 0.332031 0.484375 0.335938 0.484375 0.359375 0.480469 0.363281 0.460938 0.363281 0.453125 0.355469 0.453125 0.351562 0.433594 0.351562 0.429688 0.347656 0.429688 0.343750 0.425781 0.343750 0.421875 0.339844 0.410156 0.339844 0.410156 0.343750 0.406250 0.347656 0.406250 0.367188 0.410156 0.371094 0.410156 0.375000 0.414062 0.378906 0.433594 0.378906 0.437500 0.375000 0.460938 0.375000 0.464844 0.378906 0.464844 0.398438 0.460938 0.402344 0.410156 0.402344 0.410156 0.414062 0.414062 0.417969 0.414062 0.441406 0.410156 0.445312 0.410156 0.449219 0.406250 0.453125 0.371094 0.453125 0.359375 0.464844 0.343750 0.464844 0.343750 0.472656 0.351562 0.472656 0.355469 0.476562 0.355469 0.496094 0.347656 0.503906 0.335938 0.503906 0.335938 0.511719 0.347656 0.511719 0.351562 0.515625 0.351562 0.519531 0.371094 0.519531 0.375000 0.515625 0.417969 0.515625 0.421875 0.519531 0.421875 0.531250 0.433594 0.531250 0.437500 0.535156 0.437500 0.550781 0.433594 0.554688 0.417969 0.554688 0.414062 0.558594 0.398438 0.558594 0.398438 0.570312 0.414062 0.570312 0.421875 0.578125 0.421875 0.585938 0.425781 0.589844 0.425781 0.613281 0.441406 0.613281 0.445312 0.609375 0.480469 0.609375 0.484375 0.613281 0.484375 0.625000 0.488281 0.628906 0.488281 0.632812 0.503906 0.632812 0.507812 0.628906 0.523438 0.628906 0.527344 0.632812 0.531250 0.632812 0.539062 0.640625 0.542969 0.640625 0.546875 0.644531 0.546875 0.656250 0.550781 0.660156 0.550781 0.664062 0.589844 0.664062 0.593750 0.667969 0.593750 0.687500 0.625000 0.687500 0.628906 0.683594 0.632812 0.683594 0.632812 0.675781 0.621094 0.675781 0.617188 0.671875 0.617188 0.640625 0.621094 0.636719 0.621094 0.632812 0.625000 0.628906 0.640625 0.628906 0.640625 0.617188 0.644531 0.613281 0.687500 0.613281 0.691406 0.609375 0.707031 0.609375 0.707031 0.605469 0.722656 0.589844 0.742188 0.589844 0.746094 0.593750 0.746094 0.609375 0.742188 0.613281 0.742188 0.636719 0.750000 0.636719 0.753906 0.632812 0.757812 0.632812 0.757812 0.625000 0.761719 0.621094 0.769531 0.621094 0.769531 0.613281 0.773438 0.609375 0.792969 0.609375 0.796875 0.613281 0.796875 0.617188 0.804688 0.617188 0.804688 0.597656 0.773438 0.597656 0.769531 0.593750 0.769531 0.578125 0.773438 0.574219 0.773438 0.562500 0.781250 0.554688 0.796875 0.554688 0.808594 0.542969 0.835938 0.542969 0.835938 0.519531 0.843750 0.511719 0.843750 0.507812 0.847656 0.503906 0.847656 0.500000 0.851562 0.496094 0.851562 0.484375 0.855469 0.480469 0.855469 0.472656 0.863281 0.464844 0.867188 0.464844 0.867188 0.457031 0.871094 0.453125 0.871094 0.441406 0.878906 0.433594 0.886719 0.433594 0.886719 0.421875 0.890625 0.417969 0.914062 0.417969 0.914062 0.406250 0.917969 0.402344 0.925781 0.402344 0.925781 0.398438 0.929688 0.394531 0.941406 0.394531 0.945312 0.390625 0.953125 0.390625 0.953125 0.386719 0.957031 0.382812 0.957031 0.367188 0.949219 0.367188 0.941406 0.375000 0.906250 0.375000 0.906250 0.406250 0.902344 0.410156 0.871094 0.410156 0.867188 0.406250 0.867188 0.394531 0.859375 0.394531 0.855469 0.398438 0.835938 0.398438 0.832031 0.394531 0.824219 0.394531 0.820312 0.398438 0.804688 0.398438 0.800781 0.402344 0.792969 0.402344 0.792969 0.433594 0.789062 0.437500 0.789062 0.453125 0.785156 0.457031 0.785156 0.468750 0.781250 0.472656 0.757812 0.472656 0.753906 0.468750 0.750000 0.468750 0.746094 0.464844 0.742188 0.464844 0.734375 0.457031 0.734375 0.445312 0.726562 0.445312 0.722656 0.441406 0.722656 0.429688 0.718750 0.429688 0.714844 0.425781 0.714844 0.410156 0.710938 0.410156 0.707031 0.406250 0.703125 0.406250 0.699219 0.402344 0.691406 0.402344 0.687500 0.398438 0.687500 0.378906 0.691406 0.375000 0.726562 0.375000 0.730469 0.378906 0.730469 0.386719 0.742188 0.386719 0.742188 0.382812 0.746094 0.378906 0.746094 0.351562 0.750000 0.347656 0.750000 0.332031 0.753906 0.328125 0.757812 0.328125 0.761719 0.324219 0.792969 0.324219 0.796875 0.328125 0.796875 0.339844 0.808594 0.339844 0.816406 0.332031 0.847656 0.332031 0.851562 0.335938 0.851562 0.355469 0.863281 0.355469 0.867188 0.359375 0.882812 0.359375 0.886719 0.363281 0.902344 0.363281 0.902344 0.343750 0.906250 0.339844 0.929688 0.339844 0.929688 0.320312 0.933594 0.316406 0.949219 0.316406 0.949219 0.296875 0.933594 0.296875 0.929688 0.292969 0.929688 0.281250 0.925781 0.281250 0.921875 0.277344 0.921875 0.273438 0.914062 0.273438 0.910156 0.269531 0.910156 0.265625 0.906250 0.261719 0.902344 0.261719 0.898438 0.257812 0.878906 0.257812 0.875000 0.253906 0.875000 0.242188 0.871094 0.238281 0.871094 0.234375 0.867188 0.230469 0.867188 0.226562 0.863281 0.222656 0.859375 0.222656 0.855469 0.218750 0.851562 0.218750 0.847656 0.214844 0.835938 0.214844 0.828125 0.207031 0.828125 0.203125 0.820312 0.203125 0.808594 0.191406 0.789062 0.191406 0.785156 0.187500 0.773438 0.187500 0.769531 0.183594 0.757812 0.183594 0.753906 0.179688 0.734375 0.179688 0.726562 0.171875 0.726562 0.164062 0.722656 0.160156 0.714844 0.160156 0.707031 0.152344 0.707031 0.148438 0.703125 0.144531 0.703125 0.140625 0.683594 0.140625 0.679688 0.136719 0.671875 0.136719 0.664062 0.128906 0.660156 0.128906 0.656250 0.125000 0.652344 0.125000 0.648438 0.121094 0.636719 0.121094 0.628906 0.113281 0.609375 0.113281 0.593750 0.097656
3 0.492188 0.058594 0.492188 0.078125 0.488281 0.082031 0.484375 0.082031 0.484375 0.089844 0.488281 0.093750 0.488281 0.097656 0.496094 0.097656 0.500000 0.101562 0.511719 0.101562 0.515625 0.097656 0.519531 0.097656 0.519531 0.089844 0.515625 0.089844 0.511719 0.085938 0.511719 0.074219 0.500000 0.062500 0.500000 0.058594
