3 0.378906 0.816406 0.375000 0.820312 0.371094 0.820312 0.371094 0.835938 0.386719 0.851562 0.386719 0.855469 0.390625 0.859375 0.390625 0.867188 0.410156 0.867188 0.414062 0.863281 0.414062 0.843750 0.410156 0.839844 0.410156 0.835938 0.406250 0.832031 0.406250 0.828125 0.394531 0.816406
3 0.414062 0.687500 0.414062 0.695312 0.406250 0.703125 0.402344 0.703125 0.394531 0.710938 0.390625 0.710938 0.390625 0.718750 0.394531 0.722656 0.433594 0.722656 0.437500 0.726562 0.453125 0.726562 0.457031 0.730469 0.531250 0.730469 0.535156 0.726562 0.535156 0.714844 0.519531 0.714844 0.515625 0.718750 0.488281 0.718750 0.484375 0.714844 0.464844 0.714844 0.460938 0.710938 0.445312 0.710938 0.441406 0.707031 0.441406 0.695312 0.433594 0.687500
3 0.355469 0.664062 0.355469 0.667969 0.343750 0.679688 0.339844 0.679688 0.335938 0.683594 0.335938 0.691406 0.339844 0.691406 0.343750 0.695312 0.351562 0.695312 0.355469 0.699219 0.363281 0.699219 0.363281 0.691406 0.367188 0.687500 0.367188 0.683594 0.371094 0.679688 0.371094 0.675781 0.375000 0.671875 0.390625 0.671875 0.390625 0.664062
3 0.687500 0.589844 0.683594 0.593750 0.679688 0.593750 0.671875 0.601562 0.667969 0.601562 0.667969 0.609375 0.687500 0.609375 0.695312 0.601562 0.699219 0.601562 0.699219 0.593750 0.695312 0.589844
3 0.429688 0.554688 0.425781 0.558594 0.425781 0.566406 0.429688 0.570312 0.429688 0.574219 0.433594 0.574219 0.437500 0.578125 0.441406 0.578125 0.449219 0.585938 0.449219 0.589844 0.457031 0.589844 0.460938 0.593750 0.460938 0.597656 0.476562 0.597656 0.480469 0.593750 0.503906 0.593750 0.503906 0.585938 0.511719 0.578125 0.511719 0.566406 0.460938 0.566406 0.449219 0.554688
3 0.160156 0.511719 0.160156 0.515625 0.156250 0.519531 0.152344 0.519531 0.148438 0.523438 0.144531 0.523438 0.144531 0.531250 0.148438 0.531250 0.152344 0.535156 0.164062 0.535156 0.167969 0.539062 0.167969 0.570312 0.160156 0.578125 0.152344 0.578125 0.148438 0.582031 0.140625 0.582031 0.140625 0.589844 0.152344 0.589844 0.156250 0.593750 0.183594 0.593750 0.187500 0.597656 0.187500 0.605469 0.203125 0.605469 0.203125 0.597656 0.207031 0.593750 0.207031 0.578125 0.203125 0.574219 0.203125 0.570312 0.195312 0.562500 0.191406 0.562500 0.187500 0.558594 0.187500 0.542969 0.191406 0.539062 0.195312 0.539062 0.199219 0.535156 0.203125 0.535156 0.207031 0.531250 0.207031 0.523438 0.203125 0.519531 0.199219 0.519531 0.195312 0.515625 0.183594 0.515625 0.179688 0.511719
3 0.480469 0.488281 0.480469 0.496094 0.496094 0.496094 0.496094 0.488281
3 0.519531 0.460938 0.519531 0.468750 0.523438 0.472656 0.523438 0.488281 0.527344 0.492188 0.527344 0.507812 0.531250 0.511719 0.531250 0.527344 0.527344 0.531250 0.515625 0.531250 0.515625 0.542969 0.519531 0.546875 0.519531 0.550781 0.558594 0.550781 0.562500 0.546875 0.585938 0.546875 0.589844 0.550781 0.589844 0.558594 0.605469 0.558594 0.609375 0.562500 0.625000 0.562500 0.625000 0.554688 0.628906 0.550781 0.636719 0.550781 0.640625 0.546875 0.648438 0.546875 0.648438 0.535156 0.652344 0.531250 0.652344 0.511719 0.656250 0.507812 0.687500 0.507812 0.691406 0.503906 0.691406 0.500000 0.695312 0.496094 0.695312 0.484375 0.683594 0.484375 0.679688 0.488281 0.675781 0.488281 0.671875 0.492188 0.644531 0.492188 0.632812 0.503906 0.617188 0.503906 0.613281 0.500000 0.613281 0.496094 0.609375 0.492188 0.605469 0.492188 0.601562 0.488281 0.601562 0.484375 0.589844 0.484375 0.585938 0.488281 0.570312 0.488281 0.566406 0.484375 0.566406 0.480469 0.558594 0.472656 0.550781 0.472656 0.539062 0.460938
3 0.281250 0.433594 0.281250 0.441406 0.277344 0.445312 0.273438 0.445312 0.273438 0.449219 0.269531 0.453125 0.265625 0.453125 0.261719 0.457031 0.250000 0.457031 0.246094 0.460938 0.246094 0.472656 0.242188 0.476562 0.230469 0.476562 0.230469 0.484375 0.234375 0.484375 0.238281 0.488281 0.238281 0.496094 0.285156 0.496094 0.289062 0.500000 0.289062 0.515625 0.296875 0.515625 0.304688 0.523438 0.304688 0.527344 0.312500 0.527344 0.316406 0.531250 0.316406 0.539062 0.320312 0.539062 0.324219 0.542969 0.324219 0.570312 0.320312 0.574219 0.285156 0.574219 0.285156 0.582031 0.308594 0.582031 0.328125 0.601562 0.351562 0.601562 0.355469 0.597656 0.375000 0.597656 0.375000 0.589844 0.371094 0.585938 0.371094 0.566406 0.367188 0.566406 0.363281 0.562500 0.359375 0.562500 0.355469 0.558594 0.351562 0.558594 0.347656 0.554688 0.332031 0.554688 0.328125 0.550781 0.328125 0.527344 0.332031 0.523438 0.332031 0.515625 0.328125 0.515625 0.324219 0.511719 0.320312 0.511719 0.316406 0.507812 0.308594 0.507812 0.304688 0.503906 0.304688 0.472656 0.300781 0.468750 0.300781 0.449219 0.296875 0.449219 0.292969 0.445312 0.292969 0.437500 0.289062 0.433594
3 0.707031 0.375000 0.707031 0.378906 0.703125 0.382812 0.703125 0.390625 0.710938 0.390625 0.710938 0.386719 0.714844 0.382812 0.714844 0.375000
3 0.757812 0.367188 0.757812 0.390625 0.753906 0.394531 0.750000 0.394531 0.750000 0.410156 0.753906 0.410156 0.757812 0.414062 0.757812 0.429688 0.753906 0.433594 0.738281 0.433594 0.734375 0.437500 0.734375 0.441406 0.722656 0.453125 0.718750 0.453125 0.718750 0.468750 0.757812 0.468750 0.757812 0.464844 0.765625 0.457031 0.781250 0.457031 0.785156 0.460938 0.785156 0.496094 0.781250 0.500000 0.773438 0.500000 0.773438 0.511719 0.777344 0.515625 0.777344 0.535156 0.765625 0.546875 0.761719 0.546875 0.757812 0.550781 0.753906 0.550781 0.750000 0.554688 0.734375 0.554688 0.734375 0.558594 0.726562 0.566406 0.726562 0.605469 0.722656 0.609375 0.722656 0.617188 0.734375 0.617188 0.738281 0.621094 0.757812 0.621094 0.761719 0.625000 0.765625 0.625000 0.773438 0.632812 0.789062 0.632812 0.789062 0.621094 0.792969 0.617188 0.816406 0.617188 0.820312 0.621094 0.832031 0.621094 0.835938 0.625000 0.851562 0.625000 0.855469 0.621094 0.855469 0.613281 0.847656 0.605469 0.843750 0.605469 0.839844 0.601562 0.832031 0.601562 0.828125 0.597656 0.816406 0.597656 0.812500 0.601562 0.808594 0.601562 0.804688 0.605469 0.765625 0.605469 0.761719 0.601562 0.761719 0.578125 0.765625 0.574219 0.789062 0.574219 0.789062 0.566406 0.792969 0.562500 0.808594 0.562500 0.812500 0.558594 0.816406 0.558594 0.820312 0.554688 0.832031 0.554688 0.835938 0.550781 0.839844 0.550781 0.839844 0.539062 0.843750 0.535156 0.867188 0.535156 0.871094 0.531250 0.875000 0.531250 0.875000 0.523438 0.812500 0.523438 0.808594 0.519531 0.808594 0.503906 0.812500 0.500000 0.820312 0.500000 0.828125 0.492188 0.828125 0.468750 0.832031 0.464844 0.839844 0.464844 0.839844 0.449219 0.812500 0.449219 0.808594 0.453125 0.785156 0.453125 0.781250 0.449219 0.781250 0.414062 0.785156 0.410156 0.800781 0.410156 0.804688 0.406250 0.808594 0.406250 0.808594 0.398438 0.800781 0.390625 0.800781 0.378906 0.781250 0.378906 0.777344 0.375000 0.777344 0.371094 0.773438 0.367188
3 0.328125 0.367188 0.324219 0.371094 0.324219 0.382812 0.332031 0.390625 0.332031 0.410156 0.335938 0.410156 0.343750 0.417969 0.343750 0.425781 0.351562 0.425781 0.351562 0.414062 0.355469 0.410156 0.378906 0.410156 0.378906 0.394531 0.382812 0.390625 0.386719 0.390625 0.386719 0.382812 0.375000 0.382812 0.371094 0.378906 0.367188 0.378906 0.363281 0.375000 0.363281 0.371094 0.359375 0.367188
3 0.570312 0.328125 0.570312 0.339844 0.566406 0.343750 0.527344 0.343750 0.523438 0.347656 0.515625 0.347656 0.515625 0.355469 0.519531 0.355469 0.527344 0.363281 0.531250 0.363281 0.535156 0.367188 0.535156 0.371094 0.539062 0.371094 0.542969 0.375000 0.566406 0.375000 0.570312 0.378906 0.570312 0.410156 0.566406 0.414062 0.523438 0.414062 0.523438 0.433594 0.535156 0.433594 0.539062 0.429688 0.542969 0.429688 0.546875 0.425781 0.593750 0.425781 0.597656 0.429688 0.613281 0.429688 0.617188 0.433594 0.617188 0.437500 0.621094 0.437500 0.625000 0.441406 0.628906 0.441406 0.632812 0.445312 0.644531 0.445312 0.644531 0.437500 0.648438 0.433594 0.648438 0.410156 0.652344 0.406250 0.652344 0.398438 0.644531 0.398438 0.640625 0.394531 0.640625 0.390625 0.636719 0.386719 0.632812 0.386719 0.625000 0.378906 0.625000 0.359375 0.628906 0.355469 0.632812 0.355469 0.636719 0.351562 0.648438 0.351562 0.652344 0.347656 0.652344 0.335938 0.628906 0.335938 0.625000 0.339844 0.609375 0.339844 0.605469 0.335938 0.605469 0.332031 0.601562 0.332031 0.597656 0.328125
3 0.679688 0.308594 0.679688 0.316406 0.687500 0.316406 0.687500 0.308594
3 0.355469 0.285156 0.351562 0.289062 0.347656 0.289062 0.347656 0.308594 0.351562 0.308594 0.355469 0.312500 0.367188 0.312500 0.371094 0.316406 0.390625 0.316406 0.390625 0.300781 0.386719 0.300781 0.378906 0.292969 0.375000 0.292969 0.371094 0.289062 0.367188 0.289062 0.363281 0.285156
