5 0.277344 0.960938 0.277344 0.968750 0.285156 0.968750 0.285156 0.960938
5 0.878906 0.824219 0.878906 0.828125 0.875000 0.832031 0.855469 0.832031 0.855469 0.839844 0.859375 0.839844 0.863281 0.843750 0.863281 0.855469 0.867188 0.859375 0.867188 0.871094 0.878906 0.871094 0.878906 0.843750 0.882812 0.839844 0.890625 0.839844 0.890625 0.832031 0.886719 0.828125 0.886719 0.824219
5 0.125000 0.820312 0.125000 0.839844 0.128906 0.843750 0.128906 0.847656 0.136719 0.855469 0.148438 0.855469 0.148438 0.839844 0.144531 0.835938 0.144531 0.828125 0.140625 0.824219 0.140625 0.820312
5 0.851562 0.777344 0.851562 0.785156 0.847656 0.789062 0.828125 0.789062 0.828125 0.796875 0.843750 0.812500 0.851562 0.812500 0.851562 0.789062 0.855469 0.785156 0.859375 0.785156 0.859375 0.777344
5 0.613281 0.707031 0.613281 0.714844 0.617188 0.718750 0.640625 0.718750 0.644531 0.714844 0.648438 0.714844 0.648438 0.707031
5 0.792969 0.667969 0.792969 0.675781 0.789062 0.679688 0.789062 0.687500 0.800781 0.687500 0.804688 0.683594 0.816406 0.683594 0.816406 0.675781 0.804688 0.675781 0.800781 0.671875 0.800781 0.667969
5 0.898438 0.656250 0.898438 0.667969 0.910156 0.667969 0.910156 0.656250
5 0.527344 0.621094 0.527344 0.632812 0.542969 0.632812 0.542969 0.625000 0.539062 0.625000 0.535156 0.621094
5 0.855469 0.617188 0.851562 0.621094 0.847656 0.621094 0.843750 0.625000 0.843750 0.628906 0.839844 0.632812 0.839844 0.652344 0.835938 0.656250 0.828125 0.656250 0.824219 0.660156 0.824219 0.667969 0.835938 0.667969 0.839844 0.664062 0.855469 0.664062 0.859375 0.660156 0.863281 0.660156 0.863281 0.656250 0.867188 0.652344 0.882812 0.652344 0.882812 0.644531 0.878906 0.640625 0.878906 0.636719 0.867188 0.636719 0.863281 0.632812 0.863281 0.617188
5 0.402344 0.582031 0.402344 0.589844 0.398438 0.593750 0.394531 0.593750 0.394531 0.605469 0.406250 0.605469 0.406250 0.593750 0.410156 0.589844 0.410156 0.582031
5 0.839844 0.578125 0.839844 0.582031 0.835938 0.585938 0.820312 0.585938 0.820312 0.597656 0.832031 0.597656 0.832031 0.589844 0.835938 0.585938 0.847656 0.585938 0.847656 0.578125
5 0.097656 0.566406 0.097656 0.574219 0.105469 0.574219 0.105469 0.566406
5 0.886719 0.546875 0.878906 0.554688 0.871094 0.554688 0.871094 0.562500 0.867188 0.566406 0.867188 0.574219 0.871094 0.578125 0.871094 0.582031 0.875000 0.585938 0.906250 0.585938 0.906250 0.578125 0.910156 0.574219 0.917969 0.574219 0.917969 0.562500 0.906250 0.562500 0.902344 0.558594 0.902344 0.546875
5 0.457031 0.542969 0.457031 0.558594 0.453125 0.562500 0.453125 0.566406 0.449219 0.570312 0.449219 0.632812 0.453125 0.636719 0.453125 0.675781 0.457031 0.679688 0.457031 0.699219 0.453125 0.703125 0.453125 0.710938 0.457031 0.714844 0.457031 0.750000 0.460938 0.753906 0.460938 0.757812 0.464844 0.761719 0.464844 0.785156 0.460938 0.789062 0.421875 0.789062 0.417969 0.785156 0.417969 0.781250 0.406250 0.781250 0.406250 0.789062 0.398438 0.796875 0.367188 0.796875 0.363281 0.792969 0.355469 0.792969 0.355469 0.800781 0.347656 0.808594 0.343750 0.808594 0.343750 0.828125 0.339844 0.832031 0.335938 0.832031 0.335938 0.835938 0.332031 0.839844 0.312500 0.839844 0.308594 0.835938 0.308594 0.832031 0.292969 0.832031 0.292969 0.839844 0.289062 0.843750 0.273438 0.843750 0.265625 0.835938 0.265625 0.824219 0.257812 0.824219 0.253906 0.820312 0.246094 0.820312 0.246094 0.828125 0.242188 0.832031 0.222656 0.832031 0.218750 0.835938 0.218750 0.851562 0.214844 0.855469 0.210938 0.855469 0.207031 0.859375 0.191406 0.859375 0.183594 0.851562 0.175781 0.851562 0.175781 0.855469 0.171875 0.859375 0.160156 0.859375 0.160156 0.867188 0.167969 0.867188 0.171875 0.871094 0.171875 0.875000 0.175781 0.875000 0.183594 0.882812 0.183594 0.933594 0.187500 0.937500 0.191406 0.937500 0.195312 0.941406 0.195312 0.949219 0.199219 0.953125 0.199219 0.957031 0.210938 0.957031 0.214844 0.953125 0.230469 0.953125 0.234375 0.957031 0.242188 0.957031 0.246094 0.953125 0.250000 0.953125 0.253906 0.949219 0.269531 0.949219 0.269531 0.933594 0.277344 0.925781 0.277344 0.921875 0.281250 0.917969 0.285156 0.917969 0.285156 0.910156 0.292969 0.902344 0.304688 0.902344 0.304688 0.898438 0.312500 0.890625 0.316406 0.890625 0.316406 0.886719 0.320312 0.882812 0.324219 0.882812 0.328125 0.878906 0.351562 0.878906 0.355469 0.875000 0.359375 0.875000 0.359375 0.871094 0.367188 0.863281 0.371094 0.863281 0.371094 0.843750 0.378906 0.835938 0.402344 0.835938 0.406250 0.839844 0.406250 0.843750 0.414062 0.843750 0.425781 0.832031 0.429688 0.832031 0.429688 0.816406 0.433594 0.812500 0.437500 0.812500 0.445312 0.804688 0.480469 0.804688 0.484375 0.808594 0.496094 0.808594 0.496094 0.800781 0.492188 0.796875 0.492188 0.750000 0.496094 0.746094 0.496094 0.738281 0.500000 0.734375 0.500000 0.699219 0.503906 0.695312 0.503906 0.671875 0.507812 0.667969 0.507812 0.648438 0.511719 0.644531 0.515625 0.644531 0.515625 0.636719 0.503906 0.636719 0.500000 0.640625 0.480469 0.640625 0.476562 0.636719 0.476562 0.613281 0.472656 0.609375 0.468750 0.609375 0.464844 0.605469 0.464844 0.589844 0.472656 0.582031 0.472656 0.574219 0.468750 0.570312 0.468750 0.566406 0.464844 0.562500 0.464844 0.542969
5 0.523438 0.539062 0.519531 0.542969 0.519531 0.550781 0.515625 0.554688 0.511719 0.554688 0.511719 0.562500 0.519531 0.562500 0.523438 0.558594 0.531250 0.558594 0.531250 0.539062
5 0.902344 0.484375 0.898438 0.488281 0.898438 0.503906 0.906250 0.503906 0.906250 0.500000 0.910156 0.496094 0.914062 0.496094 0.914062 0.484375
5 0.804688 0.421875 0.804688 0.429688 0.808594 0.429688 0.812500 0.433594 0.812500 0.449219 0.820312 0.457031 0.839844 0.457031 0.839844 0.441406 0.843750 0.437500 0.843750 0.429688 0.824219 0.429688 0.820312 0.425781 0.816406 0.425781 0.812500 0.421875
5 0.441406 0.402344 0.441406 0.410156 0.445312 0.414062 0.445312 0.488281 0.453125 0.488281 0.457031 0.484375 0.457031 0.476562 0.453125 0.472656 0.453125 0.457031 0.457031 0.453125 0.457031 0.421875 0.460938 0.417969 0.460938 0.414062 0.464844 0.410156 0.464844 0.402344
5 0.699219 0.390625 0.699219 0.394531 0.691406 0.402344 0.687500 0.402344 0.683594 0.406250 0.671875 0.406250 0.667969 0.410156 0.664062 0.410156 0.660156 0.414062 0.652344 0.414062 0.652344 0.417969 0.648438 0.421875 0.648438 0.425781 0.644531 0.429688 0.617188 0.429688 0.613281 0.425781 0.613281 0.417969 0.609375 0.417969 0.601562 0.410156 0.601562 0.406250 0.593750 0.406250 0.593750 0.414062 0.582031 0.425781 0.582031 0.429688 0.578125 0.433594 0.578125 0.449219 0.570312 0.457031 0.566406 0.457031 0.566406 0.464844 0.562500 0.468750 0.562500 0.480469 0.558594 0.484375 0.546875 0.484375 0.546875 0.492188 0.542969 0.496094 0.539062 0.496094 0.539062 0.500000 0.535156 0.503906 0.531250 0.503906 0.531250 0.511719 0.539062 0.511719 0.542969 0.515625 0.542969 0.523438 0.582031 0.523438 0.589844 0.531250 0.589844 0.535156 0.593750 0.539062 0.593750 0.554688 0.589844 0.558594 0.589844 0.589844 0.593750 0.593750 0.593750 0.605469 0.597656 0.609375 0.597656 0.617188 0.605469 0.617188 0.609375 0.621094 0.609375 0.632812 0.613281 0.636719 0.613281 0.664062 0.617188 0.667969 0.640625 0.667969 0.648438 0.660156 0.656250 0.660156 0.656250 0.632812 0.660156 0.628906 0.691406 0.628906 0.691406 0.613281 0.687500 0.613281 0.683594 0.609375 0.683594 0.585938 0.703125 0.566406 0.718750 0.566406 0.718750 0.562500 0.722656 0.558594 0.722656 0.546875 0.726562 0.542969 0.726562 0.527344 0.699219 0.527344 0.699219 0.542969 0.695312 0.546875 0.695312 0.550781 0.683594 0.562500 0.656250 0.562500 0.652344 0.558594 0.652344 0.546875 0.648438 0.542969 0.648438 0.527344 0.652344 0.523438 0.656250 0.523438 0.664062 0.515625 0.664062 0.503906 0.660156 0.500000 0.660156 0.484375 0.664062 0.480469 0.687500 0.480469 0.691406 0.484375 0.691406 0.488281 0.703125 0.488281 0.707031 0.492188 0.707031 0.496094 0.750000 0.496094 0.750000 0.492188 0.761719 0.480469 0.761719 0.476562 0.769531 0.468750 0.773438 0.468750 0.773438 0.460938 0.777344 0.457031 0.781250 0.457031 0.781250 0.453125 0.785156 0.449219 0.785156 0.441406 0.765625 0.441406 0.761719 0.437500 0.753906 0.437500 0.750000 0.433594 0.742188 0.433594 0.738281 0.437500 0.734375 0.437500 0.734375 0.449219 0.730469 0.453125 0.722656 0.453125 0.722656 0.457031 0.710938 0.468750 0.691406 0.468750 0.687500 0.464844 0.687500 0.457031 0.683594 0.453125 0.675781 0.453125 0.671875 0.449219 0.671875 0.433594 0.675781 0.429688 0.699219 0.429688 0.699219 0.425781 0.703125 0.421875 0.703125 0.414062 0.710938 0.406250 0.710938 0.394531 0.707031 0.390625
5 0.117188 0.371094 0.113281 0.375000 0.113281 0.390625 0.121094 0.398438 0.121094 0.421875 0.125000 0.425781 0.125000 0.441406 0.144531 0.441406 0.148438 0.445312 0.148438 0.460938 0.144531 0.464844 0.140625 0.464844 0.136719 0.468750 0.132812 0.468750 0.128906 0.472656 0.128906 0.480469 0.125000 0.484375 0.101562 0.484375 0.101562 0.519531 0.105469 0.523438 0.109375 0.523438 0.117188 0.531250 0.117188 0.546875 0.113281 0.550781 0.113281 0.562500 0.136719 0.562500 0.140625 0.566406 0.140625 0.578125 0.160156 0.578125 0.164062 0.582031 0.164062 0.605469 0.171875 0.605469 0.171875 0.593750 0.175781 0.589844 0.191406 0.589844 0.195312 0.593750 0.195312 0.617188 0.199219 0.617188 0.203125 0.621094 0.203125 0.648438 0.199219 0.652344 0.199219 0.660156 0.195312 0.664062 0.187500 0.664062 0.183594 0.667969 0.167969 0.667969 0.164062 0.664062 0.164062 0.644531 0.156250 0.644531 0.152344 0.648438 0.140625 0.648438 0.140625 0.656250 0.136719 0.660156 0.125000 0.660156 0.121094 0.664062 0.117188 0.664062 0.117188 0.671875 0.113281 0.675781 0.113281 0.687500 0.109375 0.691406 0.105469 0.691406 0.105469 0.699219 0.125000 0.699219 0.128906 0.703125 0.128906 0.714844 0.136719 0.714844 0.140625 0.710938 0.160156 0.710938 0.164062 0.714844 0.164062 0.738281 0.160156 0.742188 0.152344 0.742188 0.152344 0.757812 0.164062 0.757812 0.171875 0.765625 0.171875 0.773438 0.175781 0.777344 0.175781 0.808594 0.203125 0.808594 0.203125 0.792969 0.207031 0.789062 0.210938 0.789062 0.214844 0.785156 0.257812 0.785156 0.257812 0.773438 0.265625 0.765625 0.269531 0.765625 0.273438 0.761719 0.277344 0.761719 0.277344 0.753906 0.281250 0.750000 0.281250 0.746094 0.289062 0.738281 0.304688 0.738281 0.304688 0.726562 0.308594 0.722656 0.316406 0.722656 0.324219 0.714844 0.324219 0.710938 0.332031 0.703125 0.355469 0.703125 0.359375 0.707031 0.367188 0.707031 0.371094 0.710938 0.371094 0.722656 0.378906 0.722656 0.382812 0.718750 0.382812 0.710938 0.371094 0.710938 0.367188 0.707031 0.367188 0.691406 0.363281 0.691406 0.359375 0.687500 0.359375 0.667969 0.367188 0.660156 0.382812 0.660156 0.382812 0.648438 0.378906 0.644531 0.378906 0.628906 0.375000 0.625000 0.375000 0.617188 0.355469 0.617188 0.351562 0.613281 0.351562 0.589844 0.355469 0.585938 0.355469 0.574219 0.343750 0.574219 0.339844 0.570312 0.339844 0.554688 0.328125 0.554688 0.324219 0.558594 0.316406 0.558594 0.312500 0.562500 0.308594 0.562500 0.304688 0.566406 0.304688 0.570312 0.300781 0.574219 0.285156 0.574219 0.285156 0.593750 0.281250 0.597656 0.230469 0.597656 0.226562 0.593750 0.226562 0.562500 0.238281 0.550781 0.238281 0.542969 0.242188 0.539062 0.242188 0.523438 0.238281 0.519531 0.238281 0.500000 0.242188 0.496094 0.242188 0.492188 0.250000 0.484375 0.253906 0.484375 0.257812 0.480469 0.289062 0.480469 0.289062 0.464844 0.292969 0.460938 0.292969 0.453125 0.296875 0.449219 0.304688 0.449219 0.308594 0.445312 0.308594 0.441406 0.312500 0.437500 0.316406 0.437500 0.316406 0.417969 0.312500 0.417969 0.308594 0.414062 0.308594 0.410156 0.285156 0.410156 0.281250 0.406250 0.281250 0.386719 0.273438 0.386719 0.269531 0.390625 0.269531 0.398438 0.265625 0.402344 0.261719 0.402344 0.261719 0.410156 0.257812 0.414062 0.253906 0.414062 0.250000 0.417969 0.250000 0.425781 0.246094 0.429688 0.222656 0.429688 0.222656 0.433594 0.218750 0.437500 0.214844 0.437500 0.214844 0.453125 0.210938 0.457031 0.187500 0.457031 0.183594 0.453125 0.167969 0.453125 0.164062 0.449219 0.164062 0.441406 0.160156 0.441406 0.156250 0.437500 0.156250 0.425781 0.144531 0.425781 0.136719 0.417969 0.136719 0.375000 0.132812 0.375000 0.128906 0.371094
5 0.878906 0.296875 0.875000 0.300781 0.859375 0.300781 0.855469 0.304688 0.855469 0.308594 0.847656 0.316406 0.843750 0.316406 0.843750 0.339844 0.839844 0.343750 0.820312 0.343750 0.820312 0.355469 0.824219 0.355469 0.828125 0.359375 0.828125 0.386719 0.832031 0.390625 0.832031 0.398438 0.835938 0.398438 0.839844 0.402344 0.867188 0.402344 0.875000 0.410156 0.875000 0.414062 0.878906 0.417969 0.878906 0.421875 0.882812 0.425781 0.882812 0.429688 0.890625 0.429688 0.898438 0.437500 0.902344 0.437500 0.910156 0.445312 0.917969 0.445312 0.921875 0.449219 0.921875 0.453125 0.929688 0.453125 0.929688 0.445312 0.921875 0.445312 0.917969 0.441406 0.917969 0.410156 0.921875 0.406250 0.921875 0.398438 0.917969 0.394531 0.917969 0.390625 0.914062 0.390625 0.910156 0.386719 0.910156 0.375000 0.906250 0.371094 0.906250 0.367188 0.902344 0.363281 0.902344 0.343750 0.906250 0.339844 0.906250 0.328125 0.902344 0.324219 0.902344 0.316406 0.890625 0.316406 0.886719 0.312500 0.886719 0.296875
5 0.687500 0.273438 0.687500 0.300781 0.691406 0.300781 0.699219 0.308594 0.699219 0.312500 0.703125 0.312500 0.707031 0.316406 0.707031 0.343750 0.710938 0.347656 0.714844 0.347656 0.718750 0.351562 0.734375 0.351562 0.734375 0.339844 0.730469 0.335938 0.718750 0.335938 0.714844 0.332031 0.714844 0.328125 0.710938 0.324219 0.710938 0.308594 0.714844 0.304688 0.714844 0.289062 0.699219 0.273438
5 0.441406 0.148438 0.441406 0.152344 0.437500 0.156250 0.437500 0.183594 0.433594 0.187500 0.433594 0.214844 0.429688 0.218750 0.429688 0.253906 0.425781 0.257812 0.425781 0.265625 0.421875 0.269531 0.410156 0.269531 0.406250 0.273438 0.402344 0.273438 0.398438 0.277344 0.398438 0.285156 0.394531 0.289062 0.382812 0.289062 0.378906 0.292969 0.378906 0.300781 0.382812 0.300781 0.386719 0.304688 0.386719 0.312500 0.390625 0.316406 0.390625 0.335938 0.406250 0.335938 0.410156 0.339844 0.414062 0.339844 0.417969 0.343750 0.417969 0.351562 0.421875 0.351562 0.425781 0.355469 0.425781 0.359375 0.429688 0.363281 0.437500 0.363281 0.441406 0.359375 0.453125 0.359375 0.453125 0.335938 0.460938 0.328125 0.484375 0.328125 0.484375 0.308594 0.488281 0.304688 0.496094 0.304688 0.496094 0.292969 0.492188 0.289062 0.492188 0.273438 0.472656 0.273438 0.460938 0.261719 0.460938 0.253906 0.453125 0.246094 0.453125 0.210938 0.445312 0.203125 0.445312 0.160156 0.449219 0.156250 0.453125 0.156250 0.453125 0.148438
5 0.476562 0.078125 0.476562 0.085938 0.472656 0.089844 0.472656 0.105469 0.480469 0.105469 0.484375 0.109375 0.484375 0.113281 0.492188 0.113281 0.492188 0.109375 0.496094 0.105469 0.531250 0.105469 0.531250 0.097656 0.515625 0.082031 0.511719 0.082031 0.507812 0.078125
