5 0.609375 0.894531 0.609375 0.902344 0.621094 0.902344 0.621094 0.894531
5 0.148438 0.890625 0.148438 0.902344 0.152344 0.906250 0.156250 0.906250 0.160156 0.910156 0.164062 0.910156 0.171875 0.917969 0.171875 0.921875 0.183594 0.921875 0.191406 0.929688 0.199219 0.929688 0.199219 0.921875 0.195312 0.917969 0.187500 0.917969 0.183594 0.914062 0.183594 0.910156 0.179688 0.906250 0.179688 0.902344 0.175781 0.898438 0.171875 0.898438 0.167969 0.894531 0.160156 0.894531 0.156250 0.890625
5 0.800781 0.847656 0.796875 0.851562 0.792969 0.851562 0.792969 0.859375 0.796875 0.863281 0.796875 0.875000 0.828125 0.875000 0.828125 0.859375 0.832031 0.855469 0.835938 0.855469 0.835938 0.847656
5 0.765625 0.812500 0.765625 0.824219 0.757812 0.832031 0.757812 0.843750 0.761719 0.847656 0.769531 0.847656 0.769531 0.832031 0.773438 0.828125 0.785156 0.828125 0.785156 0.816406 0.781250 0.816406 0.777344 0.812500
5 0.558594 0.804688 0.558594 0.812500 0.562500 0.816406 0.562500 0.847656 0.570312 0.855469 0.570312 0.859375 0.578125 0.859375 0.582031 0.855469 0.601562 0.855469 0.605469 0.859375 0.617188 0.859375 0.617188 0.839844 0.605469 0.839844 0.601562 0.835938 0.601562 0.828125 0.597656 0.824219 0.597656 0.816406 0.589844 0.816406 0.589844 0.820312 0.585938 0.824219 0.570312 0.824219 0.566406 0.820312 0.566406 0.804688
5 0.664062 0.796875 0.664062 0.804688 0.652344 0.816406 0.652344 0.835938 0.648438 0.839844 0.648438 0.847656 0.660156 0.847656 0.664062 0.843750 0.667969 0.843750 0.675781 0.835938 0.691406 0.835938 0.695312 0.839844 0.695312 0.843750 0.718750 0.843750 0.722656 0.847656 0.722656 0.867188 0.718750 0.871094 0.695312 0.871094 0.695312 0.875000 0.691406 0.878906 0.675781 0.878906 0.675781 0.914062 0.671875 0.917969 0.671875 0.925781 0.675781 0.929688 0.714844 0.929688 0.714844 0.914062 0.710938 0.910156 0.710938 0.894531 0.718750 0.886719 0.718750 0.871094 0.722656 0.867188 0.730469 0.867188 0.730469 0.859375 0.726562 0.855469 0.726562 0.832031 0.718750 0.832031 0.710938 0.824219 0.699219 0.824219 0.695312 0.820312 0.695312 0.812500 0.691406 0.808594 0.691406 0.804688 0.687500 0.800781 0.683594 0.800781 0.679688 0.796875
5 0.539062 0.789062 0.539062 0.796875 0.546875 0.796875 0.546875 0.789062
5 0.410156 0.781250 0.406250 0.785156 0.406250 0.800781 0.402344 0.804688 0.394531 0.804688 0.394531 0.812500 0.386719 0.820312 0.386719 0.828125 0.382812 0.832031 0.382812 0.843750 0.378906 0.847656 0.378906 0.851562 0.371094 0.859375 0.371094 0.867188 0.367188 0.871094 0.367188 0.894531 0.375000 0.894531 0.382812 0.886719 0.382812 0.882812 0.386719 0.878906 0.386719 0.863281 0.390625 0.859375 0.394531 0.859375 0.394531 0.855469 0.398438 0.851562 0.398438 0.835938 0.402344 0.832031 0.402344 0.824219 0.406250 0.820312 0.406250 0.804688 0.410156 0.800781 0.414062 0.800781 0.414062 0.796875 0.417969 0.792969 0.417969 0.781250
5 0.515625 0.761719 0.515625 0.773438 0.519531 0.773438 0.523438 0.777344 0.535156 0.777344 0.535156 0.765625 0.531250 0.765625 0.527344 0.761719
5 0.113281 0.707031 0.109375 0.710938 0.105469 0.710938 0.105469 0.714844 0.101562 0.718750 0.101562 0.730469 0.097656 0.734375 0.093750 0.734375 0.089844 0.738281 0.085938 0.738281 0.085938 0.746094 0.089844 0.746094 0.093750 0.750000 0.113281 0.750000 0.117188 0.746094 0.132812 0.746094 0.132812 0.742188 0.136719 0.738281 0.140625 0.738281 0.140625 0.726562 0.136719 0.726562 0.132812 0.722656 0.132812 0.718750 0.125000 0.718750 0.121094 0.714844 0.121094 0.707031
5 0.218750 0.695312 0.218750 0.699219 0.214844 0.703125 0.210938 0.703125 0.207031 0.707031 0.199219 0.707031 0.195312 0.710938 0.191406 0.710938 0.191406 0.714844 0.187500 0.718750 0.167969 0.718750 0.167969 0.730469 0.187500 0.730469 0.195312 0.738281 0.214844 0.738281 0.214844 0.734375 0.218750 0.730469 0.218750 0.726562 0.222656 0.722656 0.222656 0.707031 0.226562 0.703125 0.226562 0.695312
5 0.496094 0.617188 0.496094 0.625000 0.500000 0.628906 0.500000 0.632812 0.511719 0.632812 0.511719 0.625000 0.507812 0.625000 0.503906 0.621094 0.503906 0.617188
5 0.324219 0.593750 0.324219 0.601562 0.332031 0.601562 0.332031 0.593750
5 0.109375 0.593750 0.109375 0.601562 0.117188 0.601562 0.117188 0.593750
5 0.449219 0.582031 0.449219 0.585938 0.445312 0.589844 0.445312 0.605469 0.441406 0.609375 0.441406 0.613281 0.433594 0.621094 0.425781 0.621094 0.421875 0.625000 0.417969 0.625000 0.414062 0.628906 0.414062 0.632812 0.410156 0.636719 0.382812 0.636719 0.378906 0.640625 0.378906 0.660156 0.394531 0.660156 0.394531 0.656250 0.398438 0.652344 0.398438 0.648438 0.402344 0.644531 0.417969 0.644531 0.421875 0.648438 0.437500 0.648438 0.441406 0.652344 0.441406 0.660156 0.445312 0.664062 0.445312 0.699219 0.441406 0.703125 0.441406 0.714844 0.437500 0.718750 0.437500 0.722656 0.433594 0.726562 0.433594 0.738281 0.429688 0.742188 0.429688 0.753906 0.437500 0.753906 0.437500 0.746094 0.445312 0.738281 0.476562 0.738281 0.480469 0.734375 0.492188 0.734375 0.492188 0.730469 0.496094 0.726562 0.496094 0.722656 0.500000 0.718750 0.515625 0.718750 0.519531 0.722656 0.531250 0.722656 0.535156 0.726562 0.535156 0.742188 0.542969 0.742188 0.542969 0.734375 0.546875 0.730469 0.558594 0.730469 0.562500 0.726562 0.562500 0.718750 0.546875 0.718750 0.542969 0.714844 0.542969 0.710938 0.535156 0.710938 0.531250 0.707031 0.531250 0.695312 0.523438 0.695312 0.519531 0.699219 0.519531 0.707031 0.515625 0.710938 0.492188 0.710938 0.488281 0.707031 0.484375 0.707031 0.480469 0.703125 0.480469 0.687500 0.488281 0.679688 0.492188 0.679688 0.492188 0.667969 0.468750 0.667969 0.460938 0.660156 0.460938 0.640625 0.468750 0.632812 0.468750 0.628906 0.472656 0.625000 0.472656 0.609375 0.464844 0.609375 0.460938 0.605469 0.460938 0.582031
5 0.476562 0.539062 0.476562 0.550781 0.472656 0.554688 0.468750 0.554688 0.468750 0.558594 0.464844 0.562500 0.464844 0.574219 0.472656 0.574219 0.472656 0.566406 0.476562 0.562500 0.484375 0.562500 0.488281 0.558594 0.488281 0.546875 0.484375 0.542969 0.484375 0.539062
5 0.187500 0.515625 0.187500 0.519531 0.183594 0.523438 0.179688 0.523438 0.179688 0.531250 0.183594 0.531250 0.191406 0.539062 0.191406 0.558594 0.187500 0.562500 0.171875 0.562500 0.171875 0.570312 0.187500 0.570312 0.199219 0.582031 0.199219 0.609375 0.195312 0.613281 0.195312 0.617188 0.191406 0.621094 0.191406 0.625000 0.187500 0.628906 0.187500 0.640625 0.195312 0.640625 0.195312 0.632812 0.199219 0.628906 0.222656 0.628906 0.222656 0.621094 0.226562 0.617188 0.226562 0.609375 0.230469 0.605469 0.230469 0.601562 0.234375 0.597656 0.242188 0.597656 0.242188 0.589844 0.250000 0.582031 0.273438 0.582031 0.277344 0.585938 0.289062 0.585938 0.289062 0.582031 0.292969 0.578125 0.292969 0.570312 0.285156 0.570312 0.277344 0.562500 0.277344 0.558594 0.273438 0.554688 0.261719 0.554688 0.257812 0.550781 0.257812 0.546875 0.253906 0.542969 0.253906 0.539062 0.250000 0.535156 0.234375 0.535156 0.226562 0.542969 0.203125 0.542969 0.199219 0.539062 0.199219 0.515625
5 0.382812 0.507812 0.382812 0.531250 0.378906 0.535156 0.347656 0.535156 0.343750 0.531250 0.343750 0.527344 0.332031 0.527344 0.332031 0.539062 0.339844 0.539062 0.343750 0.542969 0.347656 0.542969 0.351562 0.546875 0.351562 0.566406 0.371094 0.566406 0.375000 0.562500 0.382812 0.562500 0.390625 0.554688 0.394531 0.554688 0.398438 0.550781 0.398438 0.546875 0.402344 0.542969 0.402344 0.531250 0.394531 0.531250 0.390625 0.527344 0.390625 0.507812
5 0.343750 0.488281 0.343750 0.503906 0.351562 0.503906 0.351562 0.500000 0.355469 0.496094 0.355469 0.488281
5 0.367188 0.476562 0.367188 0.484375 0.375000 0.484375 0.375000 0.476562
5 0.941406 0.453125 0.941406 0.468750 0.949219 0.468750 0.949219 0.453125
5 0.250000 0.371094 0.250000 0.382812 0.246094 0.386719 0.242188 0.386719 0.238281 0.390625 0.222656 0.390625 0.218750 0.386719 0.210938 0.386719 0.207031 0.390625 0.203125 0.390625 0.195312 0.398438 0.195312 0.406250 0.187500 0.414062 0.183594 0.414062 0.179688 0.417969 0.179688 0.425781 0.183594 0.429688 0.183594 0.441406 0.207031 0.441406 0.210938 0.445312 0.210938 0.453125 0.214844 0.457031 0.253906 0.457031 0.257812 0.460938 0.257812 0.464844 0.265625 0.472656 0.277344 0.472656 0.281250 0.476562 0.281250 0.484375 0.285156 0.488281 0.285156 0.503906 0.289062 0.503906 0.300781 0.515625 0.308594 0.515625 0.308594 0.476562 0.316406 0.468750 0.320312 0.468750 0.320312 0.457031 0.332031 0.445312 0.332031 0.437500 0.312500 0.437500 0.308594 0.433594 0.308594 0.429688 0.304688 0.429688 0.300781 0.425781 0.300781 0.421875 0.296875 0.417969 0.296875 0.402344 0.292969 0.398438 0.292969 0.394531 0.281250 0.394531 0.273438 0.386719 0.273438 0.382812 0.269531 0.382812 0.265625 0.378906 0.261719 0.378906 0.257812 0.375000 0.257812 0.371094
5 0.546875 0.359375 0.542969 0.363281 0.542969 0.386719 0.539062 0.390625 0.523438 0.390625 0.519531 0.394531 0.519531 0.417969 0.531250 0.417969 0.535156 0.421875 0.535156 0.425781 0.546875 0.425781 0.550781 0.421875 0.578125 0.421875 0.582031 0.425781 0.582031 0.445312 0.578125 0.449219 0.578125 0.464844 0.566406 0.476562 0.562500 0.476562 0.562500 0.519531 0.554688 0.527344 0.546875 0.527344 0.542969 0.531250 0.527344 0.531250 0.523438 0.527344 0.507812 0.527344 0.507812 0.539062 0.527344 0.539062 0.531250 0.535156 0.554688 0.535156 0.558594 0.539062 0.558594 0.562500 0.554688 0.566406 0.539062 0.566406 0.539062 0.574219 0.542969 0.578125 0.542969 0.593750 0.539062 0.597656 0.539062 0.613281 0.535156 0.617188 0.535156 0.625000 0.542969 0.625000 0.546875 0.628906 0.566406 0.628906 0.570312 0.625000 0.570312 0.621094 0.574219 0.617188 0.574219 0.601562 0.578125 0.597656 0.585938 0.597656 0.585938 0.593750 0.593750 0.585938 0.597656 0.585938 0.597656 0.570312 0.601562 0.566406 0.613281 0.566406 0.613281 0.562500 0.617188 0.558594 0.640625 0.558594 0.644531 0.562500 0.644531 0.566406 0.667969 0.566406 0.675781 0.574219 0.675781 0.578125 0.679688 0.578125 0.683594 0.582031 0.683594 0.593750 0.710938 0.593750 0.714844 0.597656 0.714844 0.601562 0.718750 0.601562 0.722656 0.605469 0.722656 0.617188 0.730469 0.625000 0.730469 0.644531 0.722656 0.652344 0.722656 0.664062 0.718750 0.667969 0.718750 0.671875 0.710938 0.679688 0.691406 0.679688 0.687500 0.675781 0.687500 0.636719 0.691406 0.632812 0.703125 0.632812 0.703125 0.625000 0.679688 0.625000 0.675781 0.621094 0.660156 0.621094 0.656250 0.625000 0.656250 0.632812 0.660156 0.636719 0.664062 0.636719 0.667969 0.640625 0.667969 0.664062 0.671875 0.667969 0.671875 0.683594 0.667969 0.687500 0.664062 0.687500 0.660156 0.691406 0.660156 0.699219 0.667969 0.707031 0.667969 0.722656 0.660156 0.730469 0.660156 0.742188 0.664062 0.746094 0.671875 0.746094 0.671875 0.738281 0.675781 0.734375 0.699219 0.734375 0.703125 0.730469 0.738281 0.730469 0.742188 0.734375 0.742188 0.753906 0.746094 0.757812 0.761719 0.757812 0.765625 0.753906 0.765625 0.738281 0.773438 0.730469 0.789062 0.730469 0.792969 0.734375 0.792969 0.753906 0.796875 0.757812 0.796875 0.765625 0.804688 0.765625 0.808594 0.761719 0.828125 0.761719 0.828125 0.757812 0.832031 0.753906 0.843750 0.753906 0.847656 0.750000 0.847656 0.738281 0.843750 0.738281 0.839844 0.734375 0.839844 0.726562 0.835938 0.722656 0.835938 0.714844 0.832031 0.710938 0.832031 0.707031 0.808594 0.707031 0.804688 0.703125 0.804688 0.687500 0.808594 0.683594 0.824219 0.683594 0.828125 0.679688 0.828125 0.675781 0.832031 0.671875 0.832031 0.664062 0.835938 0.660156 0.863281 0.660156 0.867188 0.664062 0.867188 0.687500 0.875000 0.687500 0.875000 0.683594 0.878906 0.679688 0.886719 0.679688 0.890625 0.675781 0.921875 0.675781 0.925781 0.679688 0.925781 0.695312 0.929688 0.699219 0.929688 0.703125 0.937500 0.703125 0.937500 0.695312 0.933594 0.691406 0.933594 0.679688 0.929688 0.679688 0.925781 0.675781 0.925781 0.648438 0.929688 0.644531 0.929688 0.621094 0.933594 0.617188 0.933594 0.609375 0.937500 0.605469 0.937500 0.601562 0.941406 0.597656 0.941406 0.589844 0.945312 0.585938 0.945312 0.566406 0.941406 0.562500 0.941406 0.558594 0.937500 0.554688 0.937500 0.527344 0.945312 0.519531 0.945312 0.507812 0.941406 0.503906 0.933594 0.503906 0.925781 0.511719 0.925781 0.515625 0.914062 0.527344 0.894531 0.527344 0.886719 0.519531 0.882812 0.519531 0.878906 0.515625 0.878906 0.500000 0.875000 0.500000 0.871094 0.496094 0.871094 0.480469 0.875000 0.476562 0.890625 0.476562 0.890625 0.457031 0.886719 0.453125 0.863281 0.453125 0.859375 0.449219 0.859375 0.433594 0.847656 0.433594 0.843750 0.437500 0.835938 0.437500 0.835938 0.449219 0.824219 0.460938 0.800781 0.460938 0.796875 0.457031 0.796875 0.410156 0.792969 0.410156 0.789062 0.406250 0.773438 0.406250 0.769531 0.402344 0.769531 0.382812 0.746094 0.382812 0.742188 0.378906 0.730469 0.378906 0.726562 0.382812 0.718750 0.382812 0.714844 0.386719 0.699219 0.386719 0.687500 0.375000 0.679688 0.375000 0.675781 0.378906 0.671875 0.378906 0.667969 0.382812 0.660156 0.382812 0.656250 0.386719 0.656250 0.390625 0.652344 0.394531 0.636719 0.394531 0.632812 0.390625 0.632812 0.371094 0.621094 0.371094 0.621094 0.390625 0.617188 0.394531 0.593750 0.394531 0.589844 0.390625 0.589844 0.382812 0.574219 0.382812 0.570312 0.378906 0.570312 0.363281 0.562500 0.363281 0.558594 0.359375
5 0.820312 0.332031 0.816406 0.335938 0.796875 0.335938 0.792969 0.339844 0.792969 0.343750 0.781250 0.355469 0.781250 0.375000 0.800781 0.375000 0.804688 0.371094 0.812500 0.371094 0.812500 0.363281 0.820312 0.355469 0.824219 0.355469 0.828125 0.351562 0.832031 0.351562 0.832031 0.343750 0.828125 0.339844 0.828125 0.332031
5 0.273438 0.230469 0.273438 0.238281 0.277344 0.238281 0.285156 0.246094 0.285156 0.265625 0.292969 0.265625 0.296875 0.269531 0.296875 0.277344 0.300781 0.281250 0.308594 0.281250 0.312500 0.285156 0.312500 0.289062 0.316406 0.292969 0.316406 0.304688 0.328125 0.304688 0.332031 0.308594 0.332031 0.320312 0.339844 0.320312 0.347656 0.328125 0.347656 0.343750 0.343750 0.347656 0.324219 0.347656 0.324219 0.359375 0.328125 0.363281 0.339844 0.363281 0.343750 0.367188 0.343750 0.386719 0.351562 0.386719 0.355469 0.390625 0.355469 0.414062 0.367188 0.425781 0.382812 0.425781 0.382812 0.417969 0.386719 0.414062 0.402344 0.414062 0.406250 0.410156 0.421875 0.410156 0.425781 0.414062 0.425781 0.441406 0.433594 0.441406 0.437500 0.445312 0.453125 0.445312 0.453125 0.441406 0.457031 0.437500 0.457031 0.425781 0.464844 0.417969 0.476562 0.417969 0.476562 0.414062 0.480469 0.410156 0.484375 0.410156 0.484375 0.390625 0.488281 0.386719 0.488281 0.375000 0.492188 0.371094 0.492188 0.351562 0.496094 0.347656 0.511719 0.347656 0.511719 0.339844 0.507812 0.339844 0.503906 0.335938 0.503906 0.320312 0.515625 0.308594 0.519531 0.308594 0.519531 0.296875 0.515625 0.292969 0.511719 0.292969 0.507812 0.289062 0.488281 0.289062 0.488281 0.308594 0.480469 0.316406 0.480469 0.328125 0.476562 0.332031 0.468750 0.332031 0.468750 0.339844 0.464844 0.343750 0.441406 0.343750 0.437500 0.339844 0.437500 0.332031 0.433594 0.332031 0.429688 0.328125 0.394531 0.328125 0.390625 0.324219 0.390625 0.304688 0.386719 0.304688 0.382812 0.300781 0.382812 0.269531 0.378906 0.265625 0.378906 0.257812 0.332031 0.257812 0.328125 0.253906 0.328125 0.230469 0.316406 0.230469 0.312500 0.234375 0.289062 0.234375 0.285156 0.230469
5 0.832031 0.183594 0.832031 0.210938 0.839844 0.210938 0.843750 0.214844 0.843750 0.218750 0.851562 0.218750 0.855469 0.222656 0.859375 0.222656 0.863281 0.226562 0.871094 0.226562 0.882812 0.238281 0.890625 0.238281 0.890625 0.222656 0.882812 0.214844 0.863281 0.214844 0.859375 0.210938 0.859375 0.199219 0.851562 0.199219 0.847656 0.195312 0.847656 0.187500 0.843750 0.187500 0.839844 0.183594
5 0.449219 0.128906 0.445312 0.132812 0.441406 0.132812 0.441406 0.140625 0.445312 0.140625 0.449219 0.144531 0.449219 0.156250 0.457031 0.156250 0.464844 0.164062 0.468750 0.164062 0.472656 0.167969 0.476562 0.167969 0.480469 0.171875 0.480469 0.175781 0.500000 0.175781 0.503906 0.179688 0.503906 0.187500 0.515625 0.187500 0.519531 0.183594 0.535156 0.183594 0.539062 0.187500 0.539062 0.203125 0.562500 0.203125 0.566406 0.207031 0.566406 0.214844 0.574219 0.214844 0.578125 0.218750 0.578125 0.226562 0.582031 0.226562 0.585938 0.230469 0.585938 0.238281 0.593750 0.238281 0.593750 0.230469 0.589844 0.230469 0.585938 0.226562 0.585938 0.191406 0.574219 0.191406 0.574219 0.195312 0.570312 0.199219 0.554688 0.199219 0.550781 0.195312 0.550781 0.171875 0.554688 0.167969 0.558594 0.167969 0.558594 0.160156 0.546875 0.160156 0.546875 0.167969 0.542969 0.171875 0.539062 0.171875 0.535156 0.175781 0.519531 0.175781 0.515625 0.171875 0.515625 0.167969 0.488281 0.167969 0.484375 0.164062 0.484375 0.132812 0.468750 0.132812 0.464844 0.128906
5 0.320312 0.089844 0.320312 0.101562 0.332031 0.101562 0.335938 0.097656 0.382812 0.097656 0.390625 0.105469 0.390625 0.109375 0.394531 0.113281 0.406250 0.113281 0.410156 0.109375 0.421875 0.109375 0.421875 0.097656 0.417969 0.097656 0.414062 0.093750 0.390625 0.093750 0.386719 0.089844
