5 0.218750 0.820312 0.214844 0.824219 0.214844 0.832031 0.222656 0.832031 0.226562 0.828125 0.226562 0.820312
5 0.320312 0.796875 0.320312 0.804688 0.312500 0.812500 0.312500 0.820312 0.308594 0.824219 0.304688 0.824219 0.304688 0.835938 0.308594 0.839844 0.316406 0.839844 0.316406 0.835938 0.320312 0.832031 0.332031 0.832031 0.332031 0.816406 0.335938 0.812500 0.339844 0.812500 0.339844 0.808594 0.343750 0.804688 0.343750 0.796875
5 0.792969 0.785156 0.789062 0.789062 0.789062 0.800781 0.812500 0.800781 0.812500 0.796875 0.816406 0.792969 0.820312 0.792969 0.820312 0.785156
5 0.246094 0.765625 0.242188 0.769531 0.242188 0.800781 0.250000 0.800781 0.250000 0.792969 0.269531 0.773438 0.269531 0.765625
5 0.605469 0.714844 0.601562 0.718750 0.593750 0.718750 0.593750 0.726562 0.589844 0.730469 0.570312 0.730469 0.566406 0.734375 0.554688 0.734375 0.550781 0.738281 0.542969 0.738281 0.539062 0.742188 0.539062 0.750000 0.542969 0.753906 0.554688 0.753906 0.558594 0.750000 0.574219 0.750000 0.578125 0.753906 0.589844 0.753906 0.593750 0.757812 0.593750 0.781250 0.589844 0.785156 0.589844 0.792969 0.644531 0.792969 0.648438 0.796875 0.648438 0.800781 0.652344 0.800781 0.656250 0.804688 0.656250 0.808594 0.660156 0.812500 0.660156 0.816406 0.671875 0.828125 0.679688 0.828125 0.683594 0.824219 0.683594 0.800781 0.687500 0.796875 0.691406 0.796875 0.695312 0.792969 0.722656 0.792969 0.722656 0.773438 0.726562 0.769531 0.726562 0.746094 0.695312 0.746094 0.687500 0.738281 0.671875 0.738281 0.667969 0.734375 0.667969 0.726562 0.660156 0.726562 0.660156 0.742188 0.656250 0.746094 0.640625 0.746094 0.636719 0.742188 0.636719 0.734375 0.632812 0.730469 0.632812 0.726562 0.621094 0.726562 0.613281 0.718750 0.613281 0.714844
5 0.824219 0.699219 0.824219 0.707031 0.820312 0.710938 0.757812 0.710938 0.757812 0.714844 0.750000 0.722656 0.746094 0.722656 0.746094 0.734375 0.757812 0.746094 0.804688 0.746094 0.808594 0.750000 0.816406 0.750000 0.820312 0.746094 0.835938 0.746094 0.835938 0.742188 0.843750 0.734375 0.843750 0.718750 0.835938 0.718750 0.832031 0.714844 0.832031 0.699219
5 0.089844 0.675781 0.089844 0.687500 0.093750 0.691406 0.097656 0.691406 0.101562 0.695312 0.101562 0.714844 0.109375 0.714844 0.113281 0.710938 0.113281 0.695312 0.105469 0.695312 0.101562 0.691406 0.101562 0.675781
5 0.113281 0.660156 0.113281 0.667969 0.125000 0.667969 0.125000 0.660156
5 0.171875 0.636719 0.164062 0.644531 0.160156 0.644531 0.160156 0.671875 0.164062 0.675781 0.167969 0.675781 0.171875 0.679688 0.171875 0.683594 0.175781 0.683594 0.179688 0.687500 0.183594 0.687500 0.187500 0.691406 0.191406 0.691406 0.195312 0.695312 0.199219 0.695312 0.203125 0.699219 0.203125 0.722656 0.199219 0.726562 0.183594 0.726562 0.179688 0.730469 0.175781 0.730469 0.175781 0.742188 0.171875 0.746094 0.167969 0.746094 0.167969 0.765625 0.175781 0.765625 0.175781 0.761719 0.179688 0.757812 0.183594 0.757812 0.187500 0.753906 0.187500 0.750000 0.191406 0.746094 0.191406 0.742188 0.199219 0.734375 0.210938 0.734375 0.214844 0.730469 0.214844 0.726562 0.218750 0.722656 0.234375 0.722656 0.238281 0.718750 0.242188 0.718750 0.242188 0.714844 0.246094 0.710938 0.281250 0.710938 0.285156 0.714844 0.292969 0.714844 0.296875 0.718750 0.296875 0.738281 0.304688 0.738281 0.308594 0.734375 0.308594 0.714844 0.312500 0.710938 0.339844 0.710938 0.339844 0.703125 0.335938 0.703125 0.332031 0.699219 0.332031 0.679688 0.320312 0.679688 0.320312 0.683594 0.316406 0.687500 0.289062 0.687500 0.285156 0.683594 0.285156 0.648438 0.273438 0.648438 0.273438 0.652344 0.269531 0.656250 0.250000 0.656250 0.242188 0.664062 0.242188 0.675781 0.234375 0.683594 0.195312 0.683594 0.191406 0.679688 0.191406 0.652344 0.187500 0.648438 0.187500 0.636719
5 0.839844 0.589844 0.832031 0.597656 0.832031 0.605469 0.847656 0.605469 0.847656 0.601562 0.851562 0.597656 0.851562 0.589844
5 0.699219 0.546875 0.699219 0.550781 0.695312 0.554688 0.675781 0.554688 0.675781 0.566406 0.679688 0.570312 0.679688 0.585938 0.675781 0.589844 0.675781 0.605469 0.679688 0.609375 0.683594 0.609375 0.687500 0.613281 0.687500 0.625000 0.703125 0.625000 0.718750 0.609375 0.730469 0.609375 0.730469 0.601562 0.726562 0.597656 0.726562 0.566406 0.730469 0.562500 0.746094 0.562500 0.746094 0.550781 0.718750 0.550781 0.714844 0.546875
5 0.828125 0.531250 0.828125 0.554688 0.824219 0.558594 0.816406 0.558594 0.812500 0.562500 0.789062 0.562500 0.785156 0.558594 0.785156 0.550781 0.773438 0.550781 0.773438 0.570312 0.769531 0.574219 0.750000 0.574219 0.750000 0.589844 0.796875 0.589844 0.796875 0.582031 0.800781 0.578125 0.804688 0.578125 0.804688 0.574219 0.808594 0.570312 0.835938 0.570312 0.835938 0.562500 0.832031 0.558594 0.832031 0.542969 0.835938 0.539062 0.835938 0.531250
5 0.078125 0.488281 0.078125 0.496094 0.085938 0.496094 0.085938 0.488281
5 0.792969 0.460938 0.792969 0.488281 0.789062 0.492188 0.789062 0.500000 0.796875 0.500000 0.796875 0.476562 0.800781 0.472656 0.800781 0.460938
5 0.093750 0.449219 0.089844 0.453125 0.089844 0.464844 0.097656 0.464844 0.097656 0.460938 0.101562 0.457031 0.101562 0.449219
5 0.851562 0.437500 0.847656 0.441406 0.847656 0.449219 0.855469 0.449219 0.859375 0.445312 0.859375 0.437500
5 0.617188 0.261719 0.617188 0.273438 0.628906 0.273438 0.628906 0.261719
5 0.652344 0.246094 0.652344 0.253906 0.667969 0.253906 0.667969 0.246094
5 0.789062 0.183594 0.789062 0.191406 0.808594 0.191406 0.812500 0.195312 0.832031 0.195312 0.832031 0.187500 0.800781 0.187500 0.796875 0.183594
5 0.488281 0.058594 0.488281 0.074219 0.496094 0.074219 0.500000 0.078125 0.500000 0.097656 0.503906 0.097656 0.507812 0.101562 0.507812 0.132812 0.500000 0.140625 0.480469 0.140625 0.476562 0.144531 0.476562 0.148438 0.472656 0.152344 0.472656 0.175781 0.468750 0.179688 0.460938 0.179688 0.460938 0.195312 0.457031 0.199219 0.457031 0.226562 0.453125 0.230469 0.437500 0.230469 0.433594 0.226562 0.433594 0.214844 0.429688 0.210938 0.429688 0.203125 0.421875 0.203125 0.417969 0.199219 0.417969 0.175781 0.402344 0.175781 0.398438 0.179688 0.398438 0.207031 0.406250 0.207031 0.410156 0.210938 0.410156 0.230469 0.406250 0.234375 0.402344 0.234375 0.402344 0.238281 0.390625 0.250000 0.367188 0.250000 0.363281 0.253906 0.355469 0.253906 0.355469 0.257812 0.351562 0.261719 0.335938 0.261719 0.332031 0.257812 0.332031 0.242188 0.335938 0.238281 0.339844 0.238281 0.339844 0.230469 0.328125 0.230469 0.324219 0.234375 0.312500 0.234375 0.312500 0.238281 0.308594 0.242188 0.308594 0.246094 0.304688 0.250000 0.265625 0.250000 0.261719 0.246094 0.261719 0.234375 0.250000 0.234375 0.246094 0.238281 0.238281 0.238281 0.238281 0.246094 0.234375 0.250000 0.230469 0.250000 0.230469 0.273438 0.226562 0.277344 0.207031 0.277344 0.203125 0.273438 0.203125 0.265625 0.195312 0.265625 0.191406 0.269531 0.191406 0.292969 0.187500 0.296875 0.179688 0.296875 0.179688 0.308594 0.183594 0.308594 0.191406 0.316406 0.195312 0.316406 0.199219 0.320312 0.199219 0.324219 0.207031 0.324219 0.210938 0.328125 0.210938 0.347656 0.207031 0.351562 0.187500 0.351562 0.187500 0.378906 0.183594 0.382812 0.179688 0.382812 0.179688 0.386719 0.171875 0.394531 0.171875 0.433594 0.164062 0.441406 0.164062 0.453125 0.175781 0.453125 0.179688 0.457031 0.179688 0.472656 0.175781 0.476562 0.160156 0.476562 0.156250 0.480469 0.144531 0.480469 0.140625 0.484375 0.109375 0.484375 0.109375 0.492188 0.117188 0.492188 0.121094 0.496094 0.156250 0.496094 0.160156 0.500000 0.160156 0.507812 0.164062 0.511719 0.164062 0.515625 0.167969 0.515625 0.171875 0.519531 0.171875 0.539062 0.167969 0.542969 0.152344 0.542969 0.148438 0.539062 0.148438 0.531250 0.140625 0.531250 0.136719 0.527344 0.128906 0.527344 0.128906 0.550781 0.121094 0.558594 0.117188 0.558594 0.117188 0.566406 0.132812 0.566406 0.132812 0.558594 0.136719 0.554688 0.195312 0.554688 0.203125 0.562500 0.226562 0.562500 0.230469 0.566406 0.230469 0.570312 0.234375 0.570312 0.238281 0.574219 0.250000 0.574219 0.253906 0.578125 0.257812 0.578125 0.261719 0.582031 0.265625 0.582031 0.269531 0.585938 0.277344 0.585938 0.281250 0.582031 0.304688 0.582031 0.308594 0.585938 0.308594 0.589844 0.347656 0.589844 0.355469 0.597656 0.355469 0.601562 0.367188 0.601562 0.371094 0.605469 0.371094 0.628906 0.375000 0.632812 0.375000 0.648438 0.382812 0.648438 0.382812 0.636719 0.386719 0.632812 0.402344 0.632812 0.406250 0.636719 0.406250 0.679688 0.414062 0.679688 0.414062 0.664062 0.417969 0.660156 0.425781 0.660156 0.429688 0.656250 0.449219 0.656250 0.453125 0.660156 0.453125 0.675781 0.449219 0.679688 0.449219 0.699219 0.476562 0.699219 0.476562 0.691406 0.472656 0.687500 0.472656 0.667969 0.457031 0.667969 0.453125 0.664062 0.453125 0.648438 0.445312 0.648438 0.441406 0.644531 0.441406 0.628906 0.445312 0.625000 0.445312 0.605469 0.449219 0.601562 0.468750 0.601562 0.476562 0.609375 0.476562 0.621094 0.480469 0.621094 0.484375 0.625000 0.484375 0.652344 0.492188 0.652344 0.492188 0.640625 0.488281 0.640625 0.484375 0.636719 0.484375 0.621094 0.488281 0.617188 0.492188 0.617188 0.492188 0.601562 0.496094 0.597656 0.496094 0.589844 0.492188 0.585938 0.492188 0.582031 0.488281 0.582031 0.480469 0.574219 0.480469 0.507812 0.484375 0.503906 0.503906 0.503906 0.503906 0.468750 0.507812 0.464844 0.519531 0.464844 0.523438 0.460938 0.523438 0.457031 0.527344 0.453125 0.527344 0.437500 0.535156 0.429688 0.558594 0.429688 0.558594 0.417969 0.562500 0.414062 0.562500 0.410156 0.566406 0.406250 0.570312 0.406250 0.574219 0.402344 0.578125 0.402344 0.585938 0.394531 0.585938 0.386719 0.589844 0.382812 0.589844 0.375000 0.597656 0.367188 0.601562 0.367188 0.601562 0.359375 0.597656 0.355469 0.597656 0.339844 0.605469 0.332031 0.628906 0.332031 0.632812 0.335938 0.632812 0.359375 0.636719 0.359375 0.640625 0.363281 0.640625 0.378906 0.636719 0.382812 0.628906 0.382812 0.628906 0.386719 0.625000 0.390625 0.625000 0.406250 0.617188 0.414062 0.617188 0.421875 0.628906 0.421875 0.632812 0.425781 0.632812 0.449219 0.628906 0.453125 0.625000 0.453125 0.625000 0.464844 0.632812 0.464844 0.636719 0.460938 0.652344 0.460938 0.656250 0.464844 0.656250 0.468750 0.660156 0.472656 0.660156 0.476562 0.664062 0.476562 0.667969 0.480469 0.667969 0.503906 0.664062 0.507812 0.644531 0.507812 0.644531 0.511719 0.640625 0.515625 0.636719 0.515625 0.632812 0.519531 0.617188 0.519531 0.613281 0.515625 0.613281 0.500000 0.582031 0.500000 0.582031 0.507812 0.578125 0.511719 0.578125 0.527344 0.574219 0.531250 0.570312 0.531250 0.566406 0.535156 0.566406 0.546875 0.558594 0.554688 0.558594 0.558594 0.554688 0.562500 0.554688 0.570312 0.558594 0.570312 0.570312 0.582031 0.570312 0.597656 0.566406 0.601562 0.566406 0.609375 0.562500 0.613281 0.554688 0.613281 0.554688 0.621094 0.550781 0.625000 0.535156 0.625000 0.531250 0.628906 0.527344 0.628906 0.523438 0.632812 0.523438 0.640625 0.539062 0.640625 0.539062 0.636719 0.542969 0.632812 0.578125 0.632812 0.578125 0.628906 0.582031 0.625000 0.589844 0.625000 0.589844 0.613281 0.593750 0.609375 0.601562 0.609375 0.601562 0.601562 0.605469 0.597656 0.617188 0.597656 0.617188 0.585938 0.621094 0.582031 0.648438 0.582031 0.652344 0.578125 0.656250 0.578125 0.656250 0.570312 0.652344 0.570312 0.648438 0.566406 0.648438 0.550781 0.656250 0.542969 0.664062 0.542969 0.664062 0.531250 0.667969 0.527344 0.667969 0.523438 0.675781 0.515625 0.691406 0.515625 0.691406 0.496094 0.699219 0.488281 0.699219 0.484375 0.703125 0.480469 0.707031 0.480469 0.710938 0.476562 0.730469 0.476562 0.730469 0.460938 0.734375 0.457031 0.738281 0.457031 0.738281 0.453125 0.742188 0.449219 0.742188 0.433594 0.750000 0.425781 0.757812 0.425781 0.757812 0.414062 0.761719 0.410156 0.789062 0.410156 0.789062 0.406250 0.792969 0.402344 0.796875 0.402344 0.800781 0.398438 0.800781 0.394531 0.804688 0.390625 0.808594 0.390625 0.808594 0.378906 0.800781 0.378906 0.796875 0.375000 0.792969 0.375000 0.789062 0.371094 0.789062 0.355469 0.792969 0.351562 0.804688 0.351562 0.804688 0.312500 0.808594 0.308594 0.824219 0.308594 0.824219 0.292969 0.804688 0.292969 0.800781 0.289062 0.800781 0.250000 0.804688 0.246094 0.808594 0.246094 0.812500 0.242188 0.828125 0.242188 0.828125 0.234375 0.812500 0.234375 0.796875 0.218750 0.777344 0.218750 0.773438 0.214844 0.773438 0.207031 0.761719 0.207031 0.750000 0.195312 0.750000 0.175781 0.753906 0.171875 0.777344 0.171875 0.777344 0.144531 0.773438 0.140625 0.773438 0.132812 0.765625 0.132812 0.761719 0.136719 0.761719 0.140625 0.757812 0.144531 0.750000 0.144531 0.746094 0.148438 0.742188 0.148438 0.734375 0.156250 0.714844 0.156250 0.714844 0.164062 0.710938 0.167969 0.707031 0.167969 0.699219 0.175781 0.699219 0.195312 0.695312 0.199219 0.695312 0.222656 0.691406 0.226562 0.683594 0.226562 0.683594 0.242188 0.687500 0.242188 0.691406 0.246094 0.699219 0.246094 0.703125 0.242188 0.734375 0.242188 0.738281 0.246094 0.738281 0.250000 0.742188 0.253906 0.742188 0.277344 0.738281 0.281250 0.707031 0.281250 0.703125 0.285156 0.679688 0.285156 0.679688 0.312500 0.675781 0.316406 0.652344 0.316406 0.648438 0.312500 0.636719 0.312500 0.632812 0.308594 0.632812 0.300781 0.601562 0.300781 0.601562 0.304688 0.597656 0.308594 0.597656 0.312500 0.589844 0.320312 0.578125 0.320312 0.578125 0.335938 0.574219 0.339844 0.546875 0.339844 0.546875 0.359375 0.539062 0.367188 0.519531 0.367188 0.515625 0.363281 0.515625 0.359375 0.511719 0.355469 0.511719 0.335938 0.523438 0.324219 0.523438 0.316406 0.527344 0.312500 0.527344 0.296875 0.531250 0.292969 0.535156 0.292969 0.535156 0.285156 0.515625 0.285156 0.511719 0.281250 0.511719 0.257812 0.515625 0.253906 0.515625 0.238281 0.523438 0.230469 0.562500 0.230469 0.566406 0.234375 0.566406 0.246094 0.582031 0.246094 0.582031 0.230469 0.585938 0.226562 0.589844 0.226562 0.589844 0.218750 0.593750 0.214844 0.613281 0.214844 0.617188 0.210938 0.617188 0.195312 0.597656 0.195312 0.593750 0.191406 0.593750 0.187500 0.589844 0.187500 0.585938 0.183594 0.585938 0.179688 0.574219 0.179688 0.566406 0.171875 0.558594 0.171875 0.554688 0.167969 0.554688 0.152344 0.558594 0.148438 0.558594 0.140625 0.550781 0.140625 0.546875 0.144531 0.531250 0.144531 0.519531 0.132812 0.519531 0.109375 0.523438 0.105469 0.539062 0.105469 0.542969 0.109375 0.550781 0.109375 0.554688 0.105469 0.554688 0.093750 0.542969 0.082031 0.535156 0.082031 0.527344 0.074219 0.523438 0.074219 0.519531 0.070312 0.515625 0.070312 0.503906 0.058594
5 0.449219 0.058594 0.449219 0.066406 0.453125 0.070312 0.464844 0.070312 0.464844 0.062500 0.460938 0.058594
