5 0.781250 0.941406 0.781250 0.949219 0.789062 0.949219 0.789062 0.941406
5 0.699219 0.863281 0.695312 0.867188 0.695312 0.875000 0.699219 0.878906 0.707031 0.878906 0.707031 0.863281
5 0.906250 0.851562 0.902344 0.855469 0.902344 0.871094 0.898438 0.875000 0.894531 0.875000 0.890625 0.878906 0.890625 0.886719 0.898438 0.886719 0.902344 0.882812 0.902344 0.875000 0.906250 0.871094 0.910156 0.871094 0.910156 0.863281 0.914062 0.859375 0.914062 0.851562
5 0.679688 0.812500 0.675781 0.816406 0.652344 0.816406 0.652344 0.824219 0.656250 0.828125 0.683594 0.828125 0.683594 0.824219 0.687500 0.820312 0.687500 0.812500
5 0.285156 0.792969 0.285156 0.796875 0.281250 0.800781 0.281250 0.804688 0.277344 0.808594 0.261719 0.808594 0.257812 0.812500 0.257812 0.820312 0.261719 0.820312 0.265625 0.824219 0.277344 0.824219 0.281250 0.820312 0.281250 0.816406 0.285156 0.812500 0.316406 0.812500 0.316406 0.804688 0.320312 0.800781 0.324219 0.800781 0.324219 0.792969
5 0.179688 0.765625 0.175781 0.769531 0.167969 0.769531 0.167969 0.789062 0.164062 0.792969 0.164062 0.812500 0.160156 0.816406 0.156250 0.816406 0.156250 0.824219 0.152344 0.828125 0.148438 0.828125 0.148438 0.835938 0.156250 0.835938 0.156250 0.832031 0.160156 0.828125 0.175781 0.828125 0.179688 0.832031 0.179688 0.835938 0.187500 0.835938 0.187500 0.824219 0.183594 0.820312 0.183594 0.796875 0.187500 0.792969 0.187500 0.765625
5 0.925781 0.750000 0.925781 0.757812 0.937500 0.757812 0.937500 0.750000
5 0.250000 0.714844 0.242188 0.722656 0.234375 0.722656 0.234375 0.726562 0.230469 0.730469 0.226562 0.730469 0.222656 0.734375 0.207031 0.734375 0.203125 0.730469 0.195312 0.730469 0.195312 0.738281 0.218750 0.738281 0.222656 0.742188 0.222656 0.750000 0.246094 0.750000 0.250000 0.746094 0.253906 0.746094 0.253906 0.742188 0.257812 0.738281 0.261719 0.738281 0.261719 0.726562 0.265625 0.722656 0.273438 0.722656 0.273438 0.714844
5 0.679688 0.707031 0.675781 0.710938 0.644531 0.710938 0.644531 0.742188 0.640625 0.746094 0.636719 0.746094 0.632812 0.750000 0.632812 0.757812 0.636719 0.757812 0.640625 0.761719 0.640625 0.765625 0.656250 0.765625 0.656250 0.753906 0.652344 0.750000 0.652344 0.734375 0.656250 0.730469 0.660156 0.730469 0.664062 0.726562 0.679688 0.726562 0.683594 0.730469 0.683594 0.750000 0.687500 0.753906 0.687500 0.761719 0.691406 0.765625 0.695312 0.765625 0.699219 0.769531 0.699219 0.792969 0.710938 0.792969 0.714844 0.796875 0.714844 0.816406 0.710938 0.820312 0.710938 0.828125 0.707031 0.832031 0.707031 0.839844 0.718750 0.839844 0.718750 0.835938 0.726562 0.828125 0.726562 0.816406 0.730469 0.812500 0.746094 0.812500 0.746094 0.773438 0.738281 0.773438 0.738281 0.785156 0.734375 0.789062 0.714844 0.789062 0.710938 0.785156 0.707031 0.785156 0.703125 0.781250 0.703125 0.757812 0.699219 0.753906 0.699219 0.750000 0.695312 0.746094 0.695312 0.738281 0.691406 0.734375 0.691406 0.707031
5 0.605469 0.707031 0.605469 0.714844 0.613281 0.714844 0.613281 0.707031
5 0.953125 0.679688 0.949219 0.683594 0.949219 0.687500 0.945312 0.691406 0.945312 0.722656 0.941406 0.726562 0.941406 0.742188 0.949219 0.742188 0.949219 0.738281 0.953125 0.734375 0.957031 0.734375 0.957031 0.722656 0.964844 0.714844 0.964844 0.707031 0.960938 0.703125 0.960938 0.679688
5 0.476562 0.667969 0.476562 0.671875 0.468750 0.679688 0.460938 0.679688 0.457031 0.683594 0.449219 0.683594 0.445312 0.687500 0.437500 0.687500 0.433594 0.691406 0.429688 0.691406 0.429688 0.695312 0.425781 0.699219 0.406250 0.699219 0.402344 0.695312 0.394531 0.695312 0.394531 0.703125 0.398438 0.703125 0.402344 0.707031 0.410156 0.707031 0.410156 0.703125 0.414062 0.699219 0.453125 0.699219 0.457031 0.703125 0.457031 0.718750 0.449219 0.726562 0.445312 0.726562 0.437500 0.734375 0.437500 0.746094 0.429688 0.753906 0.429688 0.757812 0.425781 0.761719 0.421875 0.761719 0.421875 0.769531 0.417969 0.773438 0.414062 0.773438 0.414062 0.777344 0.406250 0.785156 0.406250 0.789062 0.386719 0.808594 0.386719 0.816406 0.382812 0.820312 0.382812 0.824219 0.378906 0.828125 0.378906 0.835938 0.371094 0.843750 0.371094 0.851562 0.367188 0.855469 0.367188 0.863281 0.363281 0.867188 0.363281 0.871094 0.359375 0.875000 0.359375 0.890625 0.367188 0.890625 0.367188 0.886719 0.371094 0.882812 0.371094 0.878906 0.375000 0.875000 0.375000 0.871094 0.378906 0.867188 0.378906 0.855469 0.386719 0.847656 0.386719 0.839844 0.390625 0.835938 0.390625 0.832031 0.394531 0.828125 0.394531 0.824219 0.398438 0.820312 0.398438 0.816406 0.402344 0.812500 0.402344 0.808594 0.410156 0.800781 0.410156 0.796875 0.417969 0.789062 0.417969 0.785156 0.421875 0.781250 0.421875 0.777344 0.425781 0.773438 0.433594 0.773438 0.441406 0.765625 0.441406 0.757812 0.445312 0.753906 0.445312 0.746094 0.449219 0.742188 0.457031 0.742188 0.464844 0.734375 0.472656 0.734375 0.476562 0.730469 0.492188 0.730469 0.503906 0.742188 0.503906 0.746094 0.507812 0.750000 0.507812 0.765625 0.511719 0.769531 0.511719 0.773438 0.515625 0.773438 0.519531 0.777344 0.519531 0.785156 0.527344 0.792969 0.527344 0.804688 0.535156 0.812500 0.535156 0.828125 0.539062 0.832031 0.546875 0.832031 0.546875 0.800781 0.542969 0.796875 0.542969 0.781250 0.539062 0.777344 0.539062 0.750000 0.542969 0.746094 0.554688 0.746094 0.562500 0.738281 0.566406 0.738281 0.570312 0.734375 0.570312 0.722656 0.574219 0.718750 0.578125 0.718750 0.578125 0.707031 0.574219 0.703125 0.566406 0.703125 0.562500 0.707031 0.546875 0.707031 0.542969 0.703125 0.542969 0.695312 0.539062 0.695312 0.535156 0.691406 0.535156 0.687500 0.523438 0.675781 0.500000 0.675781 0.496094 0.671875 0.496094 0.667969
5 0.808594 0.628906 0.808594 0.632812 0.804688 0.636719 0.804688 0.652344 0.800781 0.656250 0.796875 0.656250 0.796875 0.660156 0.792969 0.664062 0.785156 0.664062 0.785156 0.671875 0.781250 0.675781 0.781250 0.679688 0.777344 0.683594 0.753906 0.683594 0.750000 0.687500 0.750000 0.695312 0.746094 0.699219 0.730469 0.699219 0.730469 0.707031 0.738281 0.714844 0.738281 0.718750 0.742188 0.722656 0.742188 0.734375 0.746094 0.738281 0.769531 0.738281 0.773438 0.742188 0.773438 0.750000 0.781250 0.750000 0.785156 0.746094 0.789062 0.746094 0.789062 0.734375 0.785156 0.730469 0.785156 0.687500 0.789062 0.683594 0.824219 0.683594 0.828125 0.687500 0.828125 0.691406 0.871094 0.691406 0.871094 0.683594 0.875000 0.679688 0.875000 0.671875 0.871094 0.667969 0.871094 0.660156 0.867188 0.660156 0.863281 0.656250 0.820312 0.656250 0.816406 0.652344 0.816406 0.628906
5 0.828125 0.617188 0.828125 0.625000 0.835938 0.625000 0.835938 0.617188
5 0.121094 0.601562 0.121094 0.617188 0.132812 0.617188 0.136719 0.621094 0.136719 0.625000 0.156250 0.625000 0.160156 0.628906 0.160156 0.648438 0.167969 0.648438 0.171875 0.652344 0.179688 0.652344 0.183594 0.656250 0.187500 0.656250 0.191406 0.660156 0.191406 0.679688 0.226562 0.679688 0.230469 0.683594 0.230469 0.687500 0.234375 0.691406 0.253906 0.691406 0.257812 0.687500 0.281250 0.687500 0.285156 0.691406 0.285156 0.710938 0.300781 0.710938 0.304688 0.707031 0.308594 0.707031 0.312500 0.703125 0.351562 0.703125 0.355469 0.699219 0.355469 0.691406 0.347656 0.691406 0.343750 0.687500 0.328125 0.687500 0.324219 0.683594 0.324219 0.679688 0.300781 0.679688 0.296875 0.675781 0.277344 0.675781 0.273438 0.671875 0.269531 0.671875 0.265625 0.667969 0.261719 0.667969 0.257812 0.664062 0.250000 0.664062 0.246094 0.660156 0.226562 0.660156 0.222656 0.656250 0.222656 0.648438 0.218750 0.648438 0.214844 0.644531 0.210938 0.644531 0.207031 0.640625 0.203125 0.640625 0.199219 0.636719 0.195312 0.636719 0.187500 0.628906 0.183594 0.628906 0.179688 0.625000 0.156250 0.625000 0.152344 0.621094 0.152344 0.613281 0.144531 0.613281 0.136719 0.605469 0.132812 0.605469 0.128906 0.601562
5 0.050781 0.558594 0.050781 0.570312 0.066406 0.570312 0.066406 0.562500 0.062500 0.558594
5 0.355469 0.511719 0.355469 0.519531 0.359375 0.519531 0.363281 0.523438 0.363281 0.531250 0.367188 0.531250 0.371094 0.535156 0.371094 0.539062 0.375000 0.539062 0.378906 0.542969 0.378906 0.562500 0.394531 0.562500 0.394531 0.550781 0.390625 0.550781 0.386719 0.546875 0.386719 0.511719
5 0.496094 0.507812 0.496094 0.527344 0.503906 0.527344 0.507812 0.531250 0.507812 0.550781 0.503906 0.554688 0.496094 0.554688 0.496094 0.570312 0.500000 0.570312 0.503906 0.574219 0.507812 0.574219 0.511719 0.578125 0.519531 0.578125 0.519531 0.566406 0.515625 0.562500 0.515625 0.539062 0.511719 0.539062 0.507812 0.535156 0.507812 0.519531 0.503906 0.515625 0.503906 0.507812
5 0.046875 0.488281 0.046875 0.496094 0.050781 0.500000 0.050781 0.531250 0.062500 0.531250 0.062500 0.515625 0.074219 0.503906 0.074219 0.492188 0.070312 0.488281
5 0.339844 0.484375 0.339844 0.492188 0.347656 0.492188 0.347656 0.484375
5 0.371094 0.468750 0.371094 0.480469 0.390625 0.480469 0.390625 0.472656 0.382812 0.472656 0.378906 0.468750
5 0.597656 0.460938 0.597656 0.468750 0.601562 0.468750 0.605469 0.472656 0.605469 0.496094 0.601562 0.500000 0.597656 0.500000 0.597656 0.511719 0.593750 0.515625 0.593750 0.523438 0.601562 0.531250 0.601562 0.542969 0.605469 0.542969 0.609375 0.546875 0.609375 0.550781 0.613281 0.550781 0.621094 0.558594 0.621094 0.574219 0.617188 0.578125 0.601562 0.578125 0.597656 0.574219 0.589844 0.574219 0.589844 0.578125 0.585938 0.582031 0.585938 0.589844 0.582031 0.593750 0.582031 0.597656 0.578125 0.601562 0.570312 0.601562 0.570312 0.609375 0.578125 0.609375 0.578125 0.605469 0.582031 0.601562 0.593750 0.601562 0.593750 0.597656 0.597656 0.593750 0.601562 0.593750 0.605469 0.589844 0.621094 0.589844 0.625000 0.593750 0.636719 0.593750 0.640625 0.597656 0.640625 0.613281 0.656250 0.613281 0.660156 0.617188 0.660156 0.636719 0.656250 0.640625 0.652344 0.640625 0.648438 0.644531 0.648438 0.652344 0.656250 0.652344 0.660156 0.656250 0.667969 0.656250 0.671875 0.652344 0.683594 0.652344 0.683594 0.648438 0.687500 0.644531 0.699219 0.644531 0.703125 0.640625 0.710938 0.640625 0.718750 0.632812 0.722656 0.632812 0.722656 0.625000 0.718750 0.625000 0.714844 0.621094 0.714844 0.613281 0.710938 0.613281 0.707031 0.609375 0.707031 0.605469 0.699219 0.605469 0.695312 0.609375 0.695312 0.617188 0.691406 0.621094 0.664062 0.621094 0.660156 0.617188 0.660156 0.601562 0.664062 0.597656 0.667969 0.597656 0.667969 0.589844 0.664062 0.589844 0.660156 0.585938 0.660156 0.550781 0.664062 0.546875 0.671875 0.546875 0.671875 0.535156 0.667969 0.535156 0.664062 0.531250 0.664062 0.523438 0.660156 0.519531 0.660156 0.511719 0.640625 0.511719 0.636719 0.507812 0.636719 0.496094 0.628906 0.496094 0.625000 0.492188 0.625000 0.468750 0.617188 0.460938
5 0.722656 0.429688 0.722656 0.437500 0.718750 0.441406 0.710938 0.441406 0.710938 0.449219 0.707031 0.453125 0.691406 0.453125 0.687500 0.449219 0.683594 0.449219 0.679688 0.445312 0.675781 0.445312 0.671875 0.441406 0.671875 0.433594 0.664062 0.433594 0.660156 0.437500 0.652344 0.437500 0.652344 0.441406 0.648438 0.445312 0.648438 0.453125 0.656250 0.460938 0.664062 0.460938 0.667969 0.464844 0.683594 0.464844 0.691406 0.472656 0.691406 0.480469 0.707031 0.480469 0.710938 0.484375 0.710938 0.511719 0.714844 0.515625 0.730469 0.515625 0.734375 0.519531 0.738281 0.519531 0.742188 0.523438 0.746094 0.523438 0.750000 0.527344 0.757812 0.527344 0.757812 0.519531 0.761719 0.515625 0.781250 0.515625 0.785156 0.519531 0.792969 0.519531 0.796875 0.523438 0.804688 0.523438 0.804688 0.519531 0.808594 0.515625 0.812500 0.515625 0.812500 0.507812 0.816406 0.503906 0.816406 0.496094 0.812500 0.492188 0.812500 0.472656 0.808594 0.468750 0.792969 0.468750 0.789062 0.464844 0.789062 0.457031 0.765625 0.457031 0.761719 0.453125 0.761719 0.445312 0.757812 0.445312 0.753906 0.441406 0.753906 0.433594 0.738281 0.433594 0.734375 0.429688
5 0.589844 0.351562 0.582031 0.359375 0.562500 0.359375 0.562500 0.371094 0.558594 0.375000 0.542969 0.375000 0.535156 0.367188 0.527344 0.367188 0.523438 0.371094 0.507812 0.371094 0.503906 0.367188 0.496094 0.367188 0.496094 0.382812 0.500000 0.386719 0.500000 0.421875 0.527344 0.421875 0.527344 0.414062 0.531250 0.410156 0.546875 0.410156 0.550781 0.414062 0.550781 0.421875 0.554688 0.421875 0.558594 0.425781 0.558594 0.429688 0.566406 0.429688 0.570312 0.425781 0.570312 0.414062 0.574219 0.410156 0.578125 0.410156 0.582031 0.406250 0.585938 0.406250 0.585938 0.390625 0.593750 0.382812 0.597656 0.382812 0.597656 0.351562
5 0.496094 0.316406 0.496094 0.335938 0.492188 0.339844 0.480469 0.339844 0.476562 0.343750 0.472656 0.343750 0.472656 0.351562 0.488281 0.351562 0.488281 0.347656 0.492188 0.343750 0.519531 0.343750 0.519531 0.335938 0.527344 0.328125 0.535156 0.328125 0.535156 0.316406
5 0.679688 0.312500 0.679688 0.324219 0.675781 0.328125 0.671875 0.328125 0.671875 0.359375 0.667969 0.363281 0.664062 0.363281 0.664062 0.390625 0.660156 0.394531 0.660156 0.402344 0.695312 0.402344 0.699219 0.406250 0.699219 0.414062 0.703125 0.417969 0.718750 0.417969 0.718750 0.410156 0.722656 0.406250 0.722656 0.398438 0.718750 0.394531 0.718750 0.386719 0.714844 0.382812 0.714844 0.367188 0.718750 0.363281 0.734375 0.363281 0.734375 0.355469 0.738281 0.351562 0.753906 0.351562 0.757812 0.355469 0.757812 0.367188 0.761719 0.371094 0.761719 0.375000 0.769531 0.382812 0.777344 0.382812 0.777344 0.378906 0.781250 0.375000 0.789062 0.375000 0.789062 0.363281 0.785156 0.359375 0.785156 0.355469 0.777344 0.347656 0.777344 0.335938 0.773438 0.332031 0.773438 0.312500 0.738281 0.312500 0.734375 0.316406 0.726562 0.316406 0.722656 0.320312 0.703125 0.320312 0.699219 0.316406 0.699219 0.312500
5 0.304688 0.292969 0.304688 0.296875 0.300781 0.300781 0.289062 0.300781 0.285156 0.304688 0.285156 0.312500 0.281250 0.316406 0.281250 0.332031 0.277344 0.335938 0.250000 0.335938 0.246094 0.332031 0.246094 0.316406 0.242188 0.312500 0.242188 0.304688 0.218750 0.304688 0.214844 0.300781 0.203125 0.300781 0.203125 0.304688 0.199219 0.308594 0.187500 0.308594 0.187500 0.320312 0.183594 0.324219 0.183594 0.339844 0.199219 0.339844 0.203125 0.343750 0.203125 0.347656 0.207031 0.351562 0.207031 0.367188 0.199219 0.375000 0.199219 0.378906 0.195312 0.382812 0.171875 0.382812 0.171875 0.398438 0.175781 0.398438 0.179688 0.402344 0.187500 0.402344 0.191406 0.406250 0.191406 0.433594 0.187500 0.437500 0.183594 0.437500 0.179688 0.441406 0.179688 0.453125 0.183594 0.457031 0.183594 0.468750 0.195312 0.468750 0.199219 0.472656 0.199219 0.480469 0.207031 0.480469 0.214844 0.488281 0.214844 0.511719 0.218750 0.515625 0.218750 0.523438 0.226562 0.523438 0.230469 0.527344 0.230469 0.531250 0.234375 0.531250 0.238281 0.535156 0.253906 0.535156 0.253906 0.531250 0.257812 0.527344 0.257812 0.519531 0.253906 0.519531 0.250000 0.515625 0.250000 0.511719 0.246094 0.507812 0.246094 0.503906 0.242188 0.500000 0.242188 0.488281 0.230469 0.488281 0.226562 0.484375 0.226562 0.468750 0.222656 0.464844 0.210938 0.464844 0.207031 0.460938 0.207031 0.445312 0.214844 0.437500 0.218750 0.437500 0.222656 0.433594 0.238281 0.433594 0.242188 0.437500 0.246094 0.437500 0.250000 0.441406 0.250000 0.445312 0.257812 0.445312 0.257812 0.425781 0.261719 0.421875 0.269531 0.421875 0.269531 0.417969 0.273438 0.414062 0.296875 0.414062 0.308594 0.425781 0.308594 0.429688 0.316406 0.429688 0.320312 0.433594 0.328125 0.433594 0.328125 0.421875 0.335938 0.414062 0.339844 0.414062 0.339844 0.402344 0.343750 0.398438 0.343750 0.390625 0.339844 0.386719 0.339844 0.378906 0.335938 0.378906 0.332031 0.375000 0.332031 0.371094 0.324219 0.371094 0.320312 0.367188 0.320312 0.363281 0.316406 0.359375 0.316406 0.343750 0.320312 0.339844 0.335938 0.339844 0.335938 0.300781 0.328125 0.292969
5 0.402344 0.289062 0.402344 0.300781 0.406250 0.300781 0.410156 0.304688 0.410156 0.324219 0.417969 0.324219 0.417969 0.316406 0.414062 0.312500 0.414062 0.292969 0.410156 0.289062
5 0.558594 0.265625 0.558594 0.281250 0.562500 0.285156 0.562500 0.289062 0.570312 0.289062 0.574219 0.285156 0.574219 0.265625
5 0.449219 0.253906 0.441406 0.261719 0.441406 0.269531 0.445312 0.273438 0.445312 0.281250 0.449219 0.285156 0.449219 0.300781 0.453125 0.300781 0.460938 0.308594 0.492188 0.308594 0.492188 0.289062 0.488281 0.285156 0.488281 0.269531 0.464844 0.269531 0.460938 0.265625 0.460938 0.253906
5 0.585938 0.250000 0.585938 0.257812 0.597656 0.257812 0.601562 0.261719 0.601562 0.277344 0.597656 0.281250 0.597656 0.285156 0.593750 0.289062 0.593750 0.296875 0.601562 0.304688 0.601562 0.324219 0.605469 0.324219 0.609375 0.328125 0.609375 0.343750 0.617188 0.343750 0.617188 0.324219 0.621094 0.320312 0.640625 0.320312 0.640625 0.292969 0.644531 0.289062 0.648438 0.289062 0.648438 0.273438 0.636719 0.273438 0.628906 0.265625 0.628906 0.261719 0.625000 0.257812 0.625000 0.253906 0.601562 0.253906 0.597656 0.250000
5 0.289062 0.187500 0.289062 0.203125 0.292969 0.203125 0.296875 0.207031 0.296875 0.214844 0.300781 0.214844 0.304688 0.218750 0.304688 0.234375 0.308594 0.238281 0.316406 0.238281 0.320312 0.234375 0.324219 0.234375 0.324219 0.230469 0.328125 0.226562 0.328125 0.210938 0.320312 0.210938 0.316406 0.207031 0.308594 0.207031 0.300781 0.199219 0.300781 0.191406 0.296875 0.187500
5 0.359375 0.164062 0.359375 0.167969 0.355469 0.171875 0.355469 0.179688 0.363281 0.179688 0.367188 0.183594 0.367188 0.187500 0.371094 0.187500 0.375000 0.191406 0.375000 0.207031 0.390625 0.207031 0.390625 0.203125 0.394531 0.199219 0.398438 0.199219 0.398438 0.187500 0.394531 0.183594 0.394531 0.175781 0.386719 0.167969 0.378906 0.167969 0.375000 0.164062
