5 0.437500 0.761719 0.437500 0.769531 0.445312 0.769531 0.445312 0.761719
5 0.503906 0.753906 0.503906 0.769531 0.500000 0.773438 0.492188 0.773438 0.492188 0.781250 0.488281 0.785156 0.484375 0.785156 0.484375 0.789062 0.480469 0.792969 0.480469 0.812500 0.476562 0.816406 0.460938 0.816406 0.457031 0.812500 0.457031 0.792969 0.449219 0.792969 0.449219 0.796875 0.445312 0.800781 0.433594 0.800781 0.429688 0.804688 0.429688 0.808594 0.425781 0.812500 0.425781 0.832031 0.417969 0.839844 0.382812 0.839844 0.378906 0.843750 0.375000 0.843750 0.371094 0.847656 0.351562 0.847656 0.347656 0.843750 0.343750 0.843750 0.339844 0.839844 0.339844 0.835938 0.316406 0.835938 0.312500 0.832031 0.312500 0.816406 0.304688 0.808594 0.304688 0.804688 0.292969 0.804688 0.289062 0.800781 0.289062 0.781250 0.265625 0.781250 0.261719 0.777344 0.253906 0.777344 0.242188 0.765625 0.234375 0.765625 0.234375 0.773438 0.238281 0.777344 0.238281 0.781250 0.250000 0.781250 0.253906 0.785156 0.253906 0.800781 0.261719 0.808594 0.273438 0.808594 0.277344 0.812500 0.277344 0.828125 0.281250 0.832031 0.281250 0.835938 0.289062 0.835938 0.292969 0.839844 0.296875 0.839844 0.300781 0.843750 0.300781 0.847656 0.328125 0.847656 0.335938 0.855469 0.335938 0.863281 0.339844 0.867188 0.351562 0.867188 0.355469 0.863281 0.367188 0.863281 0.371094 0.859375 0.417969 0.859375 0.421875 0.863281 0.437500 0.863281 0.441406 0.867188 0.449219 0.867188 0.453125 0.863281 0.460938 0.863281 0.464844 0.859375 0.472656 0.859375 0.472656 0.835938 0.480469 0.828125 0.484375 0.828125 0.488281 0.824219 0.488281 0.812500 0.492188 0.808594 0.496094 0.808594 0.500000 0.804688 0.500000 0.800781 0.503906 0.796875 0.503906 0.789062 0.507812 0.785156 0.507812 0.765625 0.511719 0.761719 0.511719 0.753906
5 0.207031 0.738281 0.207031 0.746094 0.210938 0.750000 0.218750 0.750000 0.218750 0.742188 0.214844 0.738281
5 0.863281 0.726562 0.859375 0.730469 0.843750 0.730469 0.839844 0.734375 0.816406 0.734375 0.812500 0.730469 0.800781 0.730469 0.800781 0.734375 0.796875 0.738281 0.796875 0.746094 0.792969 0.750000 0.792969 0.761719 0.785156 0.769531 0.785156 0.785156 0.781250 0.789062 0.781250 0.792969 0.777344 0.796875 0.746094 0.796875 0.746094 0.804688 0.796875 0.804688 0.796875 0.800781 0.800781 0.796875 0.812500 0.796875 0.816406 0.792969 0.816406 0.765625 0.824219 0.757812 0.828125 0.757812 0.832031 0.753906 0.863281 0.753906 0.863281 0.746094 0.867188 0.742188 0.875000 0.742188 0.875000 0.726562
5 0.738281 0.671875 0.738281 0.679688 0.746094 0.679688 0.746094 0.671875
5 0.851562 0.660156 0.851562 0.671875 0.855469 0.671875 0.859375 0.675781 0.859375 0.679688 0.867188 0.687500 0.878906 0.687500 0.878906 0.675781 0.875000 0.675781 0.871094 0.671875 0.863281 0.671875 0.859375 0.667969 0.859375 0.660156
5 0.683594 0.656250 0.675781 0.664062 0.675781 0.671875 0.679688 0.671875 0.683594 0.675781 0.683594 0.707031 0.679688 0.710938 0.671875 0.710938 0.667969 0.714844 0.667969 0.722656 0.660156 0.730469 0.628906 0.730469 0.621094 0.722656 0.621094 0.718750 0.617188 0.714844 0.609375 0.714844 0.609375 0.722656 0.613281 0.726562 0.613281 0.734375 0.636719 0.734375 0.640625 0.738281 0.640625 0.750000 0.652344 0.750000 0.656250 0.753906 0.675781 0.753906 0.679688 0.757812 0.679688 0.773438 0.691406 0.773438 0.695312 0.777344 0.695312 0.781250 0.703125 0.781250 0.703125 0.765625 0.707031 0.761719 0.710938 0.761719 0.710938 0.753906 0.699219 0.753906 0.695312 0.750000 0.695312 0.738281 0.691406 0.734375 0.691406 0.726562 0.687500 0.722656 0.687500 0.695312 0.691406 0.691406 0.691406 0.679688 0.699219 0.671875 0.703125 0.671875 0.703125 0.664062 0.695312 0.664062 0.691406 0.660156 0.691406 0.656250
5 0.890625 0.621094 0.886719 0.625000 0.882812 0.625000 0.878906 0.628906 0.875000 0.628906 0.871094 0.632812 0.871094 0.644531 0.878906 0.644531 0.890625 0.632812 0.894531 0.632812 0.898438 0.628906 0.898438 0.621094
5 0.828125 0.609375 0.824219 0.613281 0.804688 0.613281 0.800781 0.617188 0.800781 0.640625 0.804688 0.644531 0.812500 0.644531 0.816406 0.640625 0.832031 0.640625 0.835938 0.636719 0.835938 0.632812 0.839844 0.628906 0.839844 0.617188 0.835938 0.613281 0.835938 0.609375
5 0.210938 0.203125 0.207031 0.207031 0.203125 0.207031 0.191406 0.218750 0.191406 0.230469 0.187500 0.234375 0.187500 0.238281 0.183594 0.242188 0.183594 0.253906 0.187500 0.253906 0.191406 0.257812 0.191406 0.273438 0.187500 0.277344 0.187500 0.292969 0.183594 0.296875 0.179688 0.296875 0.179688 0.300781 0.175781 0.304688 0.175781 0.312500 0.187500 0.312500 0.187500 0.296875 0.191406 0.292969 0.207031 0.292969 0.214844 0.300781 0.214844 0.320312 0.210938 0.324219 0.210938 0.335938 0.203125 0.343750 0.199219 0.343750 0.195312 0.347656 0.195312 0.355469 0.226562 0.355469 0.230469 0.359375 0.230469 0.367188 0.238281 0.367188 0.238281 0.363281 0.242188 0.359375 0.265625 0.359375 0.265625 0.355469 0.269531 0.351562 0.269531 0.343750 0.265625 0.339844 0.234375 0.339844 0.230469 0.335938 0.230469 0.296875 0.226562 0.296875 0.214844 0.285156 0.214844 0.250000 0.218750 0.246094 0.222656 0.246094 0.226562 0.242188 0.230469 0.242188 0.230469 0.230469 0.226562 0.226562 0.226562 0.222656 0.222656 0.222656 0.218750 0.218750 0.218750 0.203125
5 0.320312 0.179688 0.320312 0.187500 0.328125 0.187500 0.332031 0.191406 0.332031 0.207031 0.328125 0.210938 0.289062 0.210938 0.281250 0.218750 0.265625 0.218750 0.261719 0.222656 0.261719 0.230469 0.277344 0.230469 0.281250 0.226562 0.285156 0.226562 0.289062 0.222656 0.296875 0.222656 0.300781 0.218750 0.347656 0.218750 0.351562 0.214844 0.359375 0.214844 0.359375 0.207031 0.355469 0.203125 0.355469 0.191406 0.347656 0.183594 0.332031 0.183594 0.328125 0.179688
5 0.574219 0.148438 0.566406 0.156250 0.566406 0.160156 0.562500 0.164062 0.550781 0.164062 0.546875 0.167969 0.519531 0.167969 0.515625 0.164062 0.507812 0.164062 0.507812 0.175781 0.503906 0.179688 0.503906 0.195312 0.500000 0.199219 0.500000 0.203125 0.496094 0.207031 0.496094 0.218750 0.503906 0.218750 0.507812 0.222656 0.507812 0.226562 0.523438 0.226562 0.523438 0.199219 0.527344 0.195312 0.531250 0.195312 0.531250 0.191406 0.535156 0.187500 0.550781 0.187500 0.554688 0.191406 0.554688 0.195312 0.558594 0.199219 0.562500 0.199219 0.566406 0.203125 0.566406 0.207031 0.570312 0.210938 0.570312 0.214844 0.578125 0.214844 0.582031 0.218750 0.582031 0.234375 0.585938 0.238281 0.585938 0.261719 0.582031 0.265625 0.582031 0.269531 0.574219 0.277344 0.558594 0.277344 0.554688 0.273438 0.554688 0.269531 0.546875 0.269531 0.539062 0.277344 0.531250 0.277344 0.531250 0.308594 0.527344 0.312500 0.527344 0.316406 0.523438 0.320312 0.507812 0.320312 0.503906 0.316406 0.503906 0.285156 0.496094 0.285156 0.492188 0.289062 0.492188 0.304688 0.488281 0.308594 0.468750 0.308594 0.464844 0.304688 0.464844 0.300781 0.441406 0.300781 0.441406 0.312500 0.445312 0.316406 0.445312 0.328125 0.457031 0.339844 0.457031 0.343750 0.472656 0.343750 0.480469 0.351562 0.480469 0.359375 0.492188 0.359375 0.500000 0.367188 0.500000 0.402344 0.496094 0.406250 0.460938 0.406250 0.457031 0.402344 0.449219 0.402344 0.445312 0.398438 0.445312 0.394531 0.441406 0.394531 0.437500 0.390625 0.437500 0.382812 0.421875 0.382812 0.417969 0.378906 0.417969 0.355469 0.421875 0.351562 0.421875 0.343750 0.414062 0.343750 0.414062 0.359375 0.410156 0.363281 0.406250 0.363281 0.406250 0.371094 0.410156 0.371094 0.414062 0.375000 0.414062 0.394531 0.410156 0.398438 0.398438 0.398438 0.398438 0.414062 0.394531 0.417969 0.394531 0.421875 0.390625 0.425781 0.375000 0.425781 0.371094 0.421875 0.371094 0.410156 0.367188 0.410156 0.363281 0.406250 0.363281 0.390625 0.359375 0.386719 0.359375 0.382812 0.351562 0.375000 0.351562 0.367188 0.343750 0.367188 0.343750 0.375000 0.339844 0.378906 0.339844 0.390625 0.343750 0.390625 0.347656 0.394531 0.347656 0.410156 0.343750 0.414062 0.343750 0.437500 0.339844 0.441406 0.328125 0.441406 0.324219 0.445312 0.308594 0.445312 0.304688 0.441406 0.304688 0.437500 0.300781 0.433594 0.292969 0.433594 0.289062 0.437500 0.269531 0.437500 0.269531 0.445312 0.292969 0.445312 0.296875 0.449219 0.296875 0.453125 0.324219 0.453125 0.328125 0.457031 0.335938 0.457031 0.339844 0.453125 0.375000 0.453125 0.378906 0.457031 0.378906 0.488281 0.375000 0.492188 0.367188 0.492188 0.363281 0.496094 0.359375 0.496094 0.351562 0.503906 0.347656 0.503906 0.347656 0.507812 0.343750 0.511719 0.320312 0.511719 0.320312 0.515625 0.316406 0.519531 0.292969 0.519531 0.289062 0.515625 0.289062 0.484375 0.285156 0.480469 0.285156 0.476562 0.265625 0.476562 0.265625 0.484375 0.273438 0.484375 0.277344 0.488281 0.277344 0.492188 0.281250 0.496094 0.281250 0.527344 0.289062 0.527344 0.296875 0.535156 0.300781 0.535156 0.312500 0.546875 0.312500 0.562500 0.304688 0.570312 0.300781 0.570312 0.300781 0.585938 0.296875 0.589844 0.289062 0.589844 0.289062 0.613281 0.281250 0.621094 0.265625 0.621094 0.261719 0.617188 0.261719 0.613281 0.253906 0.605469 0.253906 0.601562 0.250000 0.601562 0.246094 0.597656 0.246094 0.593750 0.234375 0.582031 0.230469 0.582031 0.226562 0.578125 0.218750 0.578125 0.210938 0.570312 0.203125 0.570312 0.199219 0.566406 0.199219 0.558594 0.195312 0.558594 0.191406 0.554688 0.191406 0.539062 0.187500 0.535156 0.187500 0.527344 0.183594 0.527344 0.179688 0.523438 0.179688 0.519531 0.175781 0.515625 0.175781 0.503906 0.171875 0.503906 0.167969 0.500000 0.160156 0.500000 0.160156 0.511719 0.167969 0.519531 0.167969 0.535156 0.160156 0.542969 0.144531 0.542969 0.140625 0.546875 0.132812 0.546875 0.132812 0.550781 0.128906 0.554688 0.101562 0.554688 0.097656 0.550781 0.097656 0.546875 0.089844 0.546875 0.089844 0.554688 0.093750 0.554688 0.097656 0.558594 0.097656 0.578125 0.101562 0.582031 0.101562 0.609375 0.105469 0.613281 0.105469 0.617188 0.109375 0.617188 0.113281 0.621094 0.113281 0.625000 0.121094 0.625000 0.125000 0.628906 0.128906 0.628906 0.136719 0.636719 0.148438 0.636719 0.156250 0.644531 0.164062 0.644531 0.164062 0.640625 0.171875 0.632812 0.187500 0.632812 0.187500 0.621094 0.183594 0.617188 0.183594 0.593750 0.187500 0.589844 0.218750 0.589844 0.222656 0.593750 0.222656 0.613281 0.226562 0.617188 0.230469 0.617188 0.234375 0.621094 0.234375 0.664062 0.269531 0.664062 0.273438 0.660156 0.300781 0.660156 0.304688 0.664062 0.304688 0.683594 0.296875 0.691406 0.296875 0.703125 0.292969 0.707031 0.289062 0.707031 0.289062 0.710938 0.281250 0.718750 0.277344 0.718750 0.273438 0.722656 0.265625 0.722656 0.265625 0.730469 0.269531 0.734375 0.269531 0.738281 0.281250 0.738281 0.285156 0.734375 0.289062 0.734375 0.296875 0.726562 0.296875 0.722656 0.300781 0.718750 0.304688 0.718750 0.304688 0.703125 0.308594 0.699219 0.308594 0.683594 0.312500 0.679688 0.355469 0.679688 0.355469 0.675781 0.359375 0.671875 0.382812 0.671875 0.382812 0.664062 0.347656 0.664062 0.343750 0.660156 0.343750 0.656250 0.335938 0.656250 0.328125 0.648438 0.328125 0.628906 0.308594 0.628906 0.304688 0.625000 0.304688 0.605469 0.308594 0.601562 0.308594 0.585938 0.312500 0.582031 0.316406 0.582031 0.316406 0.578125 0.324219 0.570312 0.324219 0.566406 0.328125 0.562500 0.343750 0.562500 0.347656 0.558594 0.347656 0.554688 0.355469 0.546875 0.382812 0.546875 0.382812 0.511719 0.386719 0.507812 0.402344 0.507812 0.410156 0.515625 0.410156 0.527344 0.414062 0.531250 0.414062 0.535156 0.421875 0.535156 0.425781 0.539062 0.425781 0.558594 0.421875 0.562500 0.414062 0.562500 0.414062 0.574219 0.410156 0.578125 0.402344 0.578125 0.402344 0.582031 0.398438 0.585938 0.371094 0.585938 0.371094 0.597656 0.382812 0.597656 0.386719 0.593750 0.386719 0.589844 0.390625 0.585938 0.410156 0.585938 0.414062 0.589844 0.429688 0.589844 0.433594 0.593750 0.433594 0.609375 0.429688 0.613281 0.429688 0.625000 0.425781 0.628906 0.414062 0.628906 0.410156 0.632812 0.394531 0.632812 0.394531 0.640625 0.398438 0.644531 0.398438 0.656250 0.406250 0.656250 0.410156 0.652344 0.410156 0.640625 0.414062 0.636719 0.429688 0.636719 0.433594 0.632812 0.464844 0.632812 0.464844 0.621094 0.472656 0.613281 0.488281 0.613281 0.492188 0.617188 0.503906 0.617188 0.507812 0.621094 0.507812 0.625000 0.511719 0.625000 0.515625 0.628906 0.515625 0.648438 0.519531 0.648438 0.523438 0.652344 0.527344 0.652344 0.531250 0.656250 0.531250 0.671875 0.527344 0.675781 0.523438 0.675781 0.523438 0.679688 0.519531 0.683594 0.511719 0.683594 0.511719 0.691406 0.507812 0.695312 0.507812 0.730469 0.515625 0.730469 0.519531 0.726562 0.523438 0.726562 0.523438 0.710938 0.527344 0.707031 0.542969 0.707031 0.546875 0.710938 0.546875 0.714844 0.558594 0.714844 0.562500 0.710938 0.566406 0.710938 0.566406 0.707031 0.570312 0.703125 0.578125 0.703125 0.578125 0.699219 0.582031 0.695312 0.582031 0.687500 0.578125 0.687500 0.574219 0.683594 0.574219 0.675781 0.570312 0.671875 0.570312 0.621094 0.574219 0.617188 0.601562 0.617188 0.601562 0.613281 0.605469 0.609375 0.605469 0.597656 0.613281 0.589844 0.632812 0.589844 0.636719 0.593750 0.640625 0.593750 0.644531 0.597656 0.652344 0.597656 0.652344 0.585938 0.656250 0.582031 0.656250 0.578125 0.660156 0.574219 0.679688 0.574219 0.683594 0.570312 0.687500 0.570312 0.691406 0.566406 0.707031 0.566406 0.710938 0.562500 0.738281 0.562500 0.738281 0.558594 0.742188 0.554688 0.757812 0.554688 0.761719 0.558594 0.781250 0.558594 0.785156 0.554688 0.800781 0.554688 0.800781 0.550781 0.804688 0.546875 0.808594 0.546875 0.812500 0.542969 0.832031 0.542969 0.835938 0.546875 0.847656 0.546875 0.847656 0.535156 0.839844 0.527344 0.820312 0.527344 0.816406 0.523438 0.812500 0.523438 0.808594 0.519531 0.808594 0.503906 0.812500 0.500000 0.816406 0.500000 0.816406 0.480469 0.820312 0.476562 0.832031 0.476562 0.835938 0.472656 0.855469 0.472656 0.859375 0.476562 0.863281 0.476562 0.867188 0.480469 0.875000 0.480469 0.875000 0.472656 0.871094 0.472656 0.867188 0.468750 0.867188 0.464844 0.835938 0.464844 0.832031 0.460938 0.804688 0.460938 0.800781 0.457031 0.800781 0.453125 0.796875 0.449219 0.796875 0.433594 0.800781 0.429688 0.816406 0.429688 0.816406 0.421875 0.820312 0.417969 0.847656 0.417969 0.847656 0.410156 0.839844 0.402344 0.839844 0.375000 0.843750 0.371094 0.843750 0.363281 0.828125 0.363281 0.824219 0.359375 0.824219 0.343750 0.828125 0.339844 0.828125 0.328125 0.820312 0.320312 0.820312 0.312500 0.816406 0.312500 0.812500 0.308594 0.812500 0.304688 0.808594 0.304688 0.800781 0.296875 0.792969 0.296875 0.789062 0.300781 0.757812 0.300781 0.757812 0.308594 0.753906 0.312500 0.750000 0.312500 0.750000 0.324219 0.753906 0.324219 0.757812 0.328125 0.808594 0.328125 0.816406 0.335938 0.816406 0.359375 0.808594 0.367188 0.800781 0.367188 0.800781 0.378906 0.796875 0.382812 0.789062 0.382812 0.781250 0.390625 0.761719 0.390625 0.761719 0.417969 0.757812 0.421875 0.757812 0.425781 0.753906 0.429688 0.753906 0.445312 0.750000 0.449219 0.750000 0.460938 0.746094 0.464844 0.742188 0.464844 0.742188 0.468750 0.730469 0.480469 0.730469 0.484375 0.722656 0.492188 0.707031 0.492188 0.703125 0.488281 0.691406 0.488281 0.687500 0.484375 0.687500 0.468750 0.683594 0.464844 0.683594 0.441406 0.679688 0.441406 0.675781 0.437500 0.667969 0.437500 0.664062 0.433594 0.664062 0.429688 0.656250 0.429688 0.648438 0.437500 0.648438 0.441406 0.644531 0.445312 0.640625 0.445312 0.640625 0.449219 0.636719 0.453125 0.628906 0.453125 0.628906 0.457031 0.625000 0.460938 0.613281 0.460938 0.613281 0.468750 0.617188 0.472656 0.617188 0.476562 0.621094 0.480469 0.621094 0.503906 0.617188 0.507812 0.601562 0.507812 0.597656 0.503906 0.589844 0.503906 0.585938 0.500000 0.585938 0.472656 0.589844 0.468750 0.589844 0.453125 0.593750 0.449219 0.605469 0.449219 0.605469 0.437500 0.601562 0.433594 0.601562 0.425781 0.597656 0.421875 0.597656 0.414062 0.589844 0.406250 0.589844 0.386719 0.597656 0.378906 0.605469 0.378906 0.605469 0.375000 0.609375 0.371094 0.609375 0.363281 0.613281 0.359375 0.613281 0.355469 0.617188 0.351562 0.621094 0.351562 0.621094 0.343750 0.617188 0.339844 0.613281 0.339844 0.609375 0.335938 0.597656 0.335938 0.593750 0.332031 0.593750 0.316406 0.597656 0.312500 0.597656 0.308594 0.601562 0.304688 0.609375 0.304688 0.609375 0.289062 0.613281 0.285156 0.613281 0.281250 0.617188 0.277344 0.625000 0.277344 0.625000 0.261719 0.609375 0.261719 0.605469 0.257812 0.605469 0.242188 0.609375 0.238281 0.609375 0.214844 0.613281 0.210938 0.628906 0.210938 0.628906 0.195312 0.632812 0.191406 0.648438 0.191406 0.652344 0.195312 0.652344 0.207031 0.664062 0.207031 0.664062 0.203125 0.667969 0.199219 0.683594 0.199219 0.687500 0.203125 0.707031 0.203125 0.710938 0.207031 0.718750 0.207031 0.718750 0.199219 0.699219 0.199219 0.695312 0.195312 0.671875 0.195312 0.667969 0.191406 0.667969 0.164062 0.660156 0.164062 0.656250 0.160156 0.656250 0.156250 0.648438 0.156250 0.644531 0.160156 0.636719 0.160156 0.632812 0.164062 0.617188 0.164062 0.617188 0.187500 0.613281 0.191406 0.585938 0.191406 0.582031 0.187500 0.582031 0.148438
5 0.734375 0.144531 0.734375 0.156250 0.738281 0.160156 0.738281 0.167969 0.750000 0.167969 0.753906 0.171875 0.753906 0.179688 0.757812 0.183594 0.773438 0.183594 0.773438 0.175781 0.769531 0.171875 0.753906 0.171875 0.750000 0.167969 0.750000 0.148438 0.746094 0.144531
5 0.382812 0.140625 0.378906 0.144531 0.378906 0.152344 0.386719 0.152344 0.390625 0.148438 0.390625 0.140625
5 0.421875 0.089844 0.410156 0.101562 0.410156 0.113281 0.406250 0.117188 0.406250 0.125000 0.417969 0.125000 0.421875 0.128906 0.437500 0.128906 0.441406 0.125000 0.441406 0.093750 0.437500 0.089844
