5 0.308594 0.843750 0.304688 0.847656 0.285156 0.847656 0.285156 0.863281 0.281250 0.867188 0.281250 0.890625 0.277344 0.894531 0.277344 0.906250 0.308594 0.906250 0.308594 0.878906 0.316406 0.871094 0.316406 0.867188 0.324219 0.859375 0.324219 0.847656 0.320312 0.847656 0.316406 0.843750
5 0.832031 0.789062 0.832031 0.800781 0.839844 0.800781 0.843750 0.796875 0.843750 0.789062
5 0.730469 0.773438 0.726562 0.777344 0.726562 0.781250 0.722656 0.785156 0.722656 0.796875 0.726562 0.800781 0.726562 0.808594 0.734375 0.808594 0.738281 0.812500 0.761719 0.812500 0.761719 0.808594 0.765625 0.804688 0.765625 0.796875 0.746094 0.796875 0.742188 0.792969 0.742188 0.777344 0.738281 0.773438
5 0.546875 0.773438 0.546875 0.777344 0.542969 0.781250 0.519531 0.781250 0.515625 0.785156 0.500000 0.785156 0.500000 0.792969 0.496094 0.796875 0.492188 0.796875 0.492188 0.800781 0.488281 0.804688 0.480469 0.804688 0.476562 0.808594 0.449219 0.808594 0.449219 0.832031 0.445312 0.835938 0.414062 0.835938 0.414062 0.843750 0.417969 0.847656 0.441406 0.847656 0.445312 0.851562 0.445312 0.863281 0.453125 0.863281 0.457031 0.867188 0.457031 0.875000 0.464844 0.875000 0.464844 0.859375 0.460938 0.859375 0.457031 0.855469 0.457031 0.839844 0.460938 0.835938 0.492188 0.835938 0.496094 0.832031 0.500000 0.832031 0.500000 0.816406 0.503906 0.812500 0.511719 0.812500 0.515625 0.808594 0.515625 0.804688 0.519531 0.800781 0.539062 0.800781 0.542969 0.804688 0.542969 0.839844 0.562500 0.839844 0.562500 0.828125 0.558594 0.824219 0.558594 0.808594 0.554688 0.804688 0.554688 0.773438
5 0.390625 0.773438 0.390625 0.781250 0.402344 0.781250 0.402344 0.773438
5 0.417969 0.750000 0.414062 0.753906 0.414062 0.769531 0.425781 0.769531 0.429688 0.773438 0.429688 0.777344 0.433594 0.781250 0.441406 0.781250 0.445312 0.777344 0.453125 0.777344 0.457031 0.773438 0.480469 0.773438 0.480469 0.753906 0.472656 0.753906 0.468750 0.757812 0.445312 0.757812 0.437500 0.750000
5 0.449219 0.695312 0.449219 0.718750 0.457031 0.718750 0.457031 0.714844 0.460938 0.710938 0.464844 0.710938 0.468750 0.707031 0.468750 0.695312
5 0.433594 0.675781 0.433594 0.683594 0.441406 0.683594 0.441406 0.675781
5 0.808594 0.621094 0.804688 0.625000 0.804688 0.628906 0.800781 0.632812 0.796875 0.632812 0.796875 0.636719 0.792969 0.640625 0.792969 0.648438 0.796875 0.652344 0.796875 0.656250 0.808594 0.656250 0.812500 0.660156 0.812500 0.687500 0.816406 0.691406 0.816406 0.707031 0.812500 0.710938 0.796875 0.710938 0.796875 0.718750 0.792969 0.722656 0.769531 0.722656 0.769531 0.746094 0.785156 0.746094 0.789062 0.750000 0.789062 0.757812 0.792969 0.761719 0.804688 0.761719 0.804688 0.757812 0.808594 0.753906 0.808594 0.726562 0.812500 0.722656 0.812500 0.714844 0.816406 0.710938 0.832031 0.710938 0.832031 0.675781 0.835938 0.671875 0.847656 0.671875 0.847656 0.660156 0.832031 0.644531 0.832031 0.625000 0.820312 0.625000 0.816406 0.621094
5 0.859375 0.585938 0.859375 0.597656 0.867188 0.597656 0.867188 0.585938
5 0.203125 0.550781 0.203125 0.566406 0.199219 0.570312 0.191406 0.570312 0.191406 0.578125 0.187500 0.582031 0.183594 0.582031 0.179688 0.585938 0.156250 0.585938 0.156250 0.589844 0.152344 0.593750 0.152344 0.605469 0.148438 0.609375 0.136719 0.609375 0.132812 0.613281 0.132812 0.625000 0.136719 0.628906 0.148438 0.628906 0.148438 0.613281 0.152344 0.609375 0.187500 0.609375 0.187500 0.605469 0.191406 0.601562 0.191406 0.589844 0.195312 0.585938 0.210938 0.585938 0.218750 0.578125 0.234375 0.578125 0.238281 0.582031 0.238281 0.605469 0.246094 0.605469 0.246094 0.593750 0.253906 0.585938 0.253906 0.582031 0.257812 0.578125 0.261719 0.578125 0.265625 0.574219 0.265625 0.566406 0.261719 0.566406 0.257812 0.562500 0.246094 0.562500 0.246094 0.566406 0.242188 0.570312 0.226562 0.570312 0.222656 0.566406 0.218750 0.566406 0.214844 0.562500 0.214844 0.550781
5 0.269531 0.507812 0.269531 0.519531 0.277344 0.519531 0.281250 0.523438 0.281250 0.531250 0.289062 0.531250 0.292969 0.535156 0.292969 0.542969 0.296875 0.542969 0.300781 0.546875 0.300781 0.593750 0.296875 0.597656 0.292969 0.597656 0.285156 0.605469 0.285156 0.628906 0.281250 0.632812 0.273438 0.632812 0.273438 0.644531 0.269531 0.648438 0.246094 0.648438 0.246094 0.671875 0.242188 0.675781 0.234375 0.675781 0.226562 0.683594 0.222656 0.683594 0.214844 0.691406 0.195312 0.691406 0.191406 0.687500 0.191406 0.660156 0.164062 0.660156 0.156250 0.667969 0.152344 0.667969 0.152344 0.671875 0.148438 0.675781 0.148438 0.679688 0.144531 0.683594 0.144531 0.695312 0.167969 0.695312 0.171875 0.699219 0.171875 0.730469 0.167969 0.734375 0.164062 0.734375 0.164062 0.742188 0.156250 0.750000 0.156250 0.757812 0.171875 0.757812 0.183594 0.769531 0.191406 0.769531 0.195312 0.773438 0.195312 0.777344 0.203125 0.777344 0.207031 0.781250 0.207031 0.800781 0.210938 0.804688 0.222656 0.804688 0.226562 0.800781 0.230469 0.800781 0.234375 0.796875 0.234375 0.773438 0.238281 0.769531 0.253906 0.769531 0.257812 0.773438 0.257812 0.785156 0.261719 0.789062 0.261719 0.792969 0.285156 0.792969 0.289062 0.796875 0.289062 0.824219 0.296875 0.824219 0.296875 0.820312 0.300781 0.816406 0.308594 0.816406 0.308594 0.812500 0.316406 0.804688 0.328125 0.804688 0.328125 0.796875 0.332031 0.792969 0.339844 0.792969 0.339844 0.785156 0.347656 0.777344 0.363281 0.777344 0.363281 0.773438 0.367188 0.769531 0.382812 0.769531 0.382812 0.757812 0.375000 0.757812 0.371094 0.761719 0.371094 0.765625 0.367188 0.769531 0.343750 0.769531 0.339844 0.765625 0.339844 0.738281 0.332031 0.738281 0.332031 0.742188 0.328125 0.746094 0.324219 0.746094 0.324219 0.753906 0.320312 0.757812 0.316406 0.757812 0.316406 0.761719 0.312500 0.765625 0.312500 0.769531 0.308594 0.773438 0.292969 0.773438 0.289062 0.769531 0.289062 0.746094 0.285156 0.742188 0.285156 0.738281 0.281250 0.734375 0.281250 0.699219 0.285156 0.695312 0.304688 0.695312 0.308594 0.691406 0.320312 0.691406 0.320312 0.667969 0.324219 0.664062 0.343750 0.664062 0.347656 0.667969 0.347656 0.675781 0.359375 0.675781 0.363281 0.679688 0.398438 0.679688 0.398438 0.671875 0.394531 0.671875 0.390625 0.667969 0.382812 0.667969 0.378906 0.664062 0.378906 0.628906 0.382812 0.625000 0.382812 0.613281 0.378906 0.609375 0.378906 0.593750 0.382812 0.589844 0.390625 0.589844 0.390625 0.582031 0.386719 0.582031 0.382812 0.578125 0.382812 0.574219 0.378906 0.574219 0.367188 0.562500 0.355469 0.562500 0.347656 0.554688 0.347656 0.550781 0.343750 0.546875 0.343750 0.539062 0.339844 0.539062 0.335938 0.535156 0.335938 0.531250 0.328125 0.523438 0.328125 0.519531 0.324219 0.515625 0.316406 0.515625 0.312500 0.519531 0.281250 0.519531 0.277344 0.515625 0.277344 0.507812
5 0.566406 0.500000 0.566406 0.523438 0.562500 0.527344 0.562500 0.550781 0.558594 0.554688 0.523438 0.554688 0.519531 0.550781 0.519531 0.531250 0.527344 0.523438 0.527344 0.515625 0.523438 0.511719 0.511719 0.511719 0.503906 0.519531 0.480469 0.519531 0.480469 0.531250 0.476562 0.535156 0.464844 0.535156 0.460938 0.539062 0.449219 0.539062 0.445312 0.542969 0.445312 0.550781 0.441406 0.554688 0.441406 0.558594 0.437500 0.562500 0.421875 0.562500 0.417969 0.566406 0.417969 0.582031 0.414062 0.585938 0.414062 0.601562 0.410156 0.605469 0.410156 0.613281 0.414062 0.617188 0.429688 0.617188 0.433594 0.621094 0.437500 0.621094 0.441406 0.625000 0.441406 0.652344 0.445312 0.656250 0.445312 0.667969 0.472656 0.667969 0.476562 0.671875 0.476562 0.683594 0.503906 0.683594 0.507812 0.687500 0.507812 0.703125 0.503906 0.707031 0.503906 0.722656 0.507812 0.722656 0.511719 0.726562 0.523438 0.726562 0.527344 0.722656 0.542969 0.722656 0.546875 0.718750 0.550781 0.718750 0.554688 0.714844 0.570312 0.714844 0.570312 0.710938 0.574219 0.707031 0.574219 0.699219 0.570312 0.699219 0.562500 0.691406 0.562500 0.671875 0.566406 0.667969 0.574219 0.667969 0.574219 0.628906 0.578125 0.625000 0.578125 0.605469 0.574219 0.601562 0.566406 0.601562 0.562500 0.605469 0.542969 0.605469 0.539062 0.601562 0.539062 0.574219 0.546875 0.566406 0.546875 0.562500 0.550781 0.558594 0.574219 0.558594 0.574219 0.550781 0.578125 0.546875 0.578125 0.542969 0.582031 0.539062 0.582031 0.503906 0.578125 0.500000
5 0.921875 0.476562 0.921875 0.480469 0.917969 0.484375 0.917969 0.503906 0.921875 0.507812 0.933594 0.507812 0.933594 0.476562
5 0.843750 0.476562 0.839844 0.480469 0.835938 0.480469 0.835938 0.488281 0.839844 0.488281 0.843750 0.492188 0.843750 0.496094 0.863281 0.496094 0.867188 0.500000 0.882812 0.500000 0.886719 0.503906 0.886719 0.507812 0.894531 0.507812 0.894531 0.500000 0.890625 0.500000 0.886719 0.496094 0.886719 0.488281 0.882812 0.484375 0.855469 0.484375 0.851562 0.480469 0.851562 0.476562
5 0.394531 0.433594 0.394531 0.445312 0.398438 0.449219 0.398438 0.460938 0.402344 0.464844 0.406250 0.464844 0.414062 0.472656 0.414062 0.476562 0.429688 0.476562 0.433594 0.480469 0.433594 0.488281 0.441406 0.488281 0.445312 0.484375 0.460938 0.484375 0.464844 0.488281 0.472656 0.488281 0.472656 0.480469 0.468750 0.476562 0.468750 0.460938 0.453125 0.460938 0.445312 0.453125 0.445312 0.445312 0.441406 0.441406 0.433594 0.441406 0.429688 0.445312 0.414062 0.445312 0.406250 0.437500 0.406250 0.433594
5 0.832031 0.402344 0.824219 0.410156 0.808594 0.410156 0.804688 0.414062 0.796875 0.414062 0.796875 0.421875 0.792969 0.425781 0.792969 0.433594 0.785156 0.441406 0.761719 0.441406 0.753906 0.433594 0.722656 0.433594 0.718750 0.437500 0.718750 0.441406 0.710938 0.449219 0.703125 0.449219 0.699219 0.453125 0.699219 0.460938 0.695312 0.464844 0.695312 0.484375 0.699219 0.488281 0.699219 0.496094 0.703125 0.500000 0.703125 0.535156 0.691406 0.546875 0.691406 0.582031 0.687500 0.585938 0.671875 0.585938 0.671875 0.601562 0.675781 0.605469 0.675781 0.609375 0.679688 0.609375 0.683594 0.613281 0.683594 0.617188 0.691406 0.625000 0.691406 0.632812 0.695312 0.632812 0.699219 0.636719 0.707031 0.636719 0.722656 0.621094 0.722656 0.617188 0.734375 0.605469 0.734375 0.593750 0.738281 0.589844 0.753906 0.589844 0.753906 0.585938 0.757812 0.582031 0.757812 0.574219 0.761719 0.570312 0.765625 0.570312 0.765625 0.531250 0.761719 0.527344 0.761719 0.496094 0.765625 0.492188 0.765625 0.476562 0.769531 0.472656 0.773438 0.472656 0.777344 0.468750 0.789062 0.468750 0.789062 0.464844 0.800781 0.453125 0.808594 0.453125 0.812500 0.449219 0.812500 0.445312 0.816406 0.441406 0.843750 0.441406 0.859375 0.425781 0.859375 0.421875 0.863281 0.417969 0.863281 0.410156 0.859375 0.410156 0.855469 0.406250 0.851562 0.406250 0.847656 0.402344
5 0.183594 0.277344 0.183594 0.285156 0.191406 0.292969 0.195312 0.292969 0.199219 0.296875 0.203125 0.296875 0.207031 0.300781 0.210938 0.300781 0.214844 0.304688 0.218750 0.304688 0.222656 0.308594 0.222656 0.324219 0.210938 0.335938 0.207031 0.335938 0.203125 0.339844 0.199219 0.339844 0.195312 0.343750 0.164062 0.343750 0.160156 0.347656 0.160156 0.375000 0.156250 0.378906 0.144531 0.378906 0.140625 0.382812 0.140625 0.394531 0.152344 0.394531 0.156250 0.398438 0.156250 0.421875 0.152344 0.425781 0.148438 0.425781 0.144531 0.429688 0.140625 0.429688 0.140625 0.449219 0.136719 0.453125 0.121094 0.453125 0.121094 0.460938 0.117188 0.464844 0.101562 0.464844 0.101562 0.480469 0.097656 0.484375 0.097656 0.500000 0.125000 0.500000 0.128906 0.503906 0.152344 0.503906 0.156250 0.507812 0.156250 0.523438 0.148438 0.531250 0.148438 0.539062 0.160156 0.550781 0.160156 0.554688 0.171875 0.554688 0.171875 0.542969 0.175781 0.539062 0.179688 0.539062 0.183594 0.535156 0.183594 0.519531 0.179688 0.515625 0.179688 0.507812 0.175781 0.507812 0.171875 0.503906 0.171875 0.500000 0.167969 0.496094 0.152344 0.496094 0.136719 0.480469 0.136719 0.464844 0.140625 0.460938 0.156250 0.460938 0.164062 0.468750 0.171875 0.468750 0.179688 0.460938 0.187500 0.460938 0.187500 0.457031 0.195312 0.449219 0.195312 0.441406 0.199219 0.437500 0.214844 0.437500 0.218750 0.441406 0.218750 0.445312 0.234375 0.445312 0.234375 0.441406 0.242188 0.433594 0.242188 0.425781 0.246094 0.421875 0.277344 0.421875 0.281250 0.425781 0.281250 0.460938 0.285156 0.464844 0.285156 0.468750 0.289062 0.472656 0.328125 0.472656 0.335938 0.480469 0.335938 0.484375 0.343750 0.484375 0.343750 0.480469 0.347656 0.476562 0.355469 0.476562 0.355469 0.453125 0.359375 0.449219 0.363281 0.449219 0.363281 0.441406 0.335938 0.441406 0.332031 0.437500 0.332031 0.417969 0.339844 0.410156 0.347656 0.410156 0.347656 0.406250 0.351562 0.402344 0.351562 0.378906 0.343750 0.378906 0.335938 0.371094 0.335938 0.367188 0.332031 0.363281 0.332031 0.355469 0.328125 0.355469 0.324219 0.351562 0.308594 0.351562 0.304688 0.347656 0.304688 0.332031 0.312500 0.324219 0.316406 0.324219 0.316406 0.316406 0.320312 0.312500 0.320312 0.292969 0.312500 0.292969 0.304688 0.300781 0.277344 0.300781 0.273438 0.304688 0.269531 0.304688 0.265625 0.308594 0.246094 0.308594 0.238281 0.300781 0.238281 0.289062 0.218750 0.289062 0.214844 0.285156 0.203125 0.285156 0.199219 0.281250 0.195312 0.281250 0.191406 0.277344
5 0.503906 0.199219 0.496094 0.207031 0.488281 0.207031 0.488281 0.218750 0.492188 0.222656 0.492188 0.238281 0.488281 0.242188 0.484375 0.242188 0.476562 0.250000 0.437500 0.250000 0.433594 0.253906 0.429688 0.253906 0.429688 0.269531 0.425781 0.273438 0.417969 0.273438 0.417969 0.296875 0.414062 0.300781 0.414062 0.308594 0.433594 0.308594 0.437500 0.312500 0.453125 0.312500 0.457031 0.316406 0.457031 0.320312 0.464844 0.320312 0.468750 0.324219 0.468750 0.343750 0.464844 0.347656 0.464844 0.351562 0.460938 0.355469 0.460938 0.371094 0.464844 0.375000 0.476562 0.375000 0.480469 0.378906 0.480469 0.398438 0.488281 0.406250 0.488281 0.437500 0.484375 0.441406 0.484375 0.449219 0.500000 0.449219 0.507812 0.441406 0.523438 0.441406 0.527344 0.445312 0.527344 0.449219 0.531250 0.449219 0.535156 0.453125 0.535156 0.468750 0.531250 0.472656 0.531250 0.480469 0.542969 0.480469 0.546875 0.484375 0.546875 0.496094 0.554688 0.496094 0.554688 0.472656 0.558594 0.468750 0.582031 0.468750 0.582031 0.441406 0.585938 0.437500 0.585938 0.414062 0.589844 0.410156 0.617188 0.410156 0.625000 0.402344 0.628906 0.402344 0.628906 0.378906 0.632812 0.375000 0.636719 0.375000 0.644531 0.367188 0.664062 0.367188 0.667969 0.371094 0.675781 0.371094 0.679688 0.367188 0.691406 0.367188 0.691406 0.351562 0.699219 0.343750 0.707031 0.343750 0.707031 0.332031 0.703125 0.332031 0.699219 0.328125 0.699219 0.324219 0.695312 0.320312 0.695312 0.316406 0.687500 0.316406 0.683594 0.320312 0.683594 0.324219 0.679688 0.328125 0.671875 0.328125 0.664062 0.335938 0.628906 0.335938 0.628906 0.363281 0.625000 0.367188 0.625000 0.382812 0.621094 0.386719 0.593750 0.386719 0.589844 0.382812 0.589844 0.378906 0.585938 0.375000 0.585938 0.320312 0.589844 0.316406 0.589844 0.304688 0.585938 0.300781 0.562500 0.300781 0.558594 0.296875 0.554688 0.296875 0.550781 0.292969 0.550781 0.277344 0.539062 0.277344 0.535156 0.273438 0.535156 0.257812 0.539062 0.253906 0.554688 0.253906 0.558594 0.257812 0.566406 0.257812 0.566406 0.246094 0.539062 0.246094 0.535156 0.242188 0.535156 0.222656 0.531250 0.218750 0.531250 0.210938 0.527344 0.207031 0.527344 0.199219
5 0.445312 0.195312 0.445312 0.210938 0.441406 0.214844 0.441406 0.222656 0.449219 0.222656 0.449219 0.210938 0.453125 0.207031 0.460938 0.207031 0.460938 0.199219 0.457031 0.195312
5 0.531250 0.148438 0.531250 0.156250 0.542969 0.156250 0.550781 0.164062 0.550781 0.167969 0.554688 0.171875 0.554688 0.179688 0.558594 0.183594 0.558594 0.195312 0.566406 0.195312 0.566406 0.191406 0.570312 0.187500 0.570312 0.164062 0.566406 0.164062 0.558594 0.156250 0.558594 0.152344 0.546875 0.152344 0.542969 0.148438
5 0.500000 0.093750 0.484375 0.109375 0.484375 0.113281 0.480469 0.117188 0.480469 0.125000 0.492188 0.125000 0.500000 0.117188 0.503906 0.117188 0.511719 0.109375 0.511719 0.097656 0.507812 0.093750
5 0.558594 0.070312 0.558594 0.078125 0.566406 0.078125 0.566406 0.070312
