5 0.656250 0.953125 0.656250 0.964844 0.660156 0.964844 0.664062 0.968750 0.664062 0.976562 0.671875 0.976562 0.675781 0.980469 0.675781 0.984375 0.679688 0.984375 0.683594 0.988281 0.683594 0.996094 0.718750 0.996094 0.718750 0.988281 0.699219 0.988281 0.695312 0.984375 0.695312 0.980469 0.691406 0.980469 0.683594 0.972656 0.683594 0.953125
5 0.539062 0.859375 0.539062 0.867188 0.535156 0.871094 0.535156 0.875000 0.531250 0.878906 0.523438 0.878906 0.523438 0.882812 0.519531 0.886719 0.511719 0.886719 0.511719 0.894531 0.507812 0.898438 0.488281 0.898438 0.488281 0.902344 0.484375 0.906250 0.476562 0.906250 0.476562 0.910156 0.472656 0.914062 0.460938 0.914062 0.457031 0.917969 0.457031 0.921875 0.445312 0.933594 0.445312 0.941406 0.460938 0.941406 0.464844 0.945312 0.476562 0.945312 0.476562 0.941406 0.480469 0.937500 0.503906 0.937500 0.507812 0.941406 0.511719 0.941406 0.519531 0.949219 0.519531 0.972656 0.550781 0.972656 0.554688 0.976562 0.554688 0.984375 0.558594 0.988281 0.558594 0.996094 0.566406 0.996094 0.566406 0.988281 0.570312 0.984375 0.589844 0.984375 0.589844 0.964844 0.593750 0.960938 0.597656 0.960938 0.597656 0.957031 0.601562 0.953125 0.601562 0.949219 0.605469 0.945312 0.605469 0.941406 0.609375 0.937500 0.632812 0.937500 0.640625 0.945312 0.652344 0.945312 0.652344 0.921875 0.640625 0.921875 0.636719 0.917969 0.613281 0.917969 0.609375 0.914062 0.597656 0.914062 0.597656 0.929688 0.582031 0.945312 0.566406 0.945312 0.562500 0.941406 0.562500 0.921875 0.566406 0.917969 0.566406 0.914062 0.570312 0.910156 0.574219 0.910156 0.574219 0.906250 0.578125 0.902344 0.582031 0.902344 0.582031 0.890625 0.574219 0.890625 0.570312 0.886719 0.550781 0.886719 0.546875 0.882812 0.546875 0.859375
5 0.621094 0.839844 0.621094 0.851562 0.625000 0.855469 0.625000 0.859375 0.628906 0.863281 0.628906 0.878906 0.632812 0.882812 0.640625 0.882812 0.640625 0.875000 0.636719 0.871094 0.636719 0.847656 0.632812 0.847656 0.628906 0.843750 0.628906 0.839844
5 0.601562 0.796875 0.601562 0.804688 0.593750 0.812500 0.582031 0.812500 0.582031 0.820312 0.605469 0.820312 0.609375 0.824219 0.617188 0.824219 0.617188 0.800781 0.613281 0.796875
5 0.472656 0.781250 0.468750 0.785156 0.464844 0.785156 0.460938 0.789062 0.460938 0.796875 0.457031 0.800781 0.457031 0.808594 0.464844 0.808594 0.464844 0.804688 0.468750 0.800781 0.468750 0.796875 0.472656 0.792969 0.480469 0.792969 0.480469 0.781250
5 0.277344 0.742188 0.277344 0.750000 0.273438 0.753906 0.273438 0.773438 0.269531 0.777344 0.257812 0.777344 0.253906 0.781250 0.253906 0.789062 0.261719 0.789062 0.265625 0.792969 0.277344 0.792969 0.277344 0.777344 0.281250 0.773438 0.285156 0.773438 0.289062 0.769531 0.292969 0.769531 0.292969 0.765625 0.296875 0.761719 0.312500 0.761719 0.316406 0.765625 0.316406 0.769531 0.324219 0.769531 0.332031 0.777344 0.332031 0.792969 0.328125 0.796875 0.328125 0.800781 0.320312 0.808594 0.316406 0.808594 0.316406 0.816406 0.308594 0.824219 0.308594 0.835938 0.304688 0.839844 0.281250 0.839844 0.277344 0.843750 0.277344 0.851562 0.273438 0.855469 0.273438 0.863281 0.277344 0.867188 0.285156 0.867188 0.289062 0.863281 0.300781 0.863281 0.304688 0.859375 0.339844 0.859375 0.339844 0.851562 0.332031 0.843750 0.332031 0.824219 0.335938 0.820312 0.335938 0.812500 0.339844 0.808594 0.339844 0.800781 0.343750 0.796875 0.355469 0.796875 0.359375 0.792969 0.359375 0.789062 0.363281 0.785156 0.363281 0.773438 0.359375 0.773438 0.351562 0.765625 0.343750 0.765625 0.339844 0.761719 0.328125 0.761719 0.324219 0.757812 0.300781 0.757812 0.292969 0.750000 0.292969 0.742188
5 0.550781 0.722656 0.550781 0.734375 0.558594 0.734375 0.562500 0.738281 0.562500 0.753906 0.558594 0.757812 0.558594 0.769531 0.570312 0.769531 0.570312 0.765625 0.578125 0.757812 0.578125 0.738281 0.562500 0.738281 0.558594 0.734375 0.558594 0.722656
5 0.609375 0.667969 0.605469 0.671875 0.589844 0.671875 0.585938 0.675781 0.582031 0.675781 0.578125 0.679688 0.562500 0.679688 0.558594 0.683594 0.542969 0.683594 0.539062 0.679688 0.519531 0.679688 0.519531 0.703125 0.542969 0.703125 0.546875 0.699219 0.562500 0.699219 0.566406 0.703125 0.578125 0.703125 0.578125 0.695312 0.582031 0.691406 0.597656 0.691406 0.601562 0.687500 0.605469 0.687500 0.617188 0.675781 0.621094 0.675781 0.621094 0.667969
5 0.968750 0.628906 0.968750 0.632812 0.964844 0.636719 0.945312 0.636719 0.941406 0.632812 0.929688 0.632812 0.929688 0.640625 0.937500 0.640625 0.941406 0.644531 0.945312 0.644531 0.949219 0.648438 0.957031 0.648438 0.960938 0.652344 0.960938 0.667969 0.957031 0.671875 0.910156 0.671875 0.910156 0.683594 0.917969 0.683594 0.921875 0.687500 0.921875 0.691406 0.925781 0.695312 0.933594 0.695312 0.937500 0.699219 0.949219 0.699219 0.953125 0.703125 0.953125 0.710938 0.957031 0.714844 0.960938 0.714844 0.964844 0.718750 0.972656 0.718750 0.972656 0.671875 0.976562 0.667969 0.976562 0.628906
5 0.703125 0.621094 0.703125 0.656250 0.738281 0.656250 0.738281 0.648438 0.714844 0.648438 0.710938 0.644531 0.710938 0.621094
5 0.664062 0.617188 0.660156 0.621094 0.652344 0.621094 0.652344 0.644531 0.660156 0.644531 0.660156 0.636719 0.671875 0.625000 0.675781 0.625000 0.675781 0.617188
5 0.718750 0.593750 0.718750 0.601562 0.726562 0.601562 0.726562 0.593750
5 0.890625 0.574219 0.886719 0.578125 0.882812 0.578125 0.882812 0.601562 0.878906 0.605469 0.843750 0.605469 0.839844 0.609375 0.828125 0.609375 0.820312 0.617188 0.800781 0.617188 0.796875 0.613281 0.789062 0.613281 0.789062 0.617188 0.785156 0.621094 0.785156 0.628906 0.781250 0.632812 0.781250 0.636719 0.777344 0.640625 0.777344 0.648438 0.781250 0.648438 0.785156 0.652344 0.785156 0.667969 0.781250 0.671875 0.781250 0.691406 0.785156 0.695312 0.785156 0.699219 0.789062 0.699219 0.792969 0.703125 0.792969 0.714844 0.796875 0.718750 0.796875 0.734375 0.792969 0.738281 0.792969 0.753906 0.804688 0.753906 0.808594 0.750000 0.808594 0.726562 0.812500 0.722656 0.828125 0.722656 0.835938 0.730469 0.835938 0.734375 0.839844 0.734375 0.843750 0.738281 0.843750 0.753906 0.855469 0.753906 0.855469 0.750000 0.859375 0.746094 0.867188 0.746094 0.867188 0.734375 0.859375 0.726562 0.859375 0.707031 0.835938 0.707031 0.832031 0.703125 0.812500 0.703125 0.808594 0.699219 0.808594 0.695312 0.804688 0.691406 0.804688 0.679688 0.800781 0.675781 0.800781 0.667969 0.792969 0.667969 0.789062 0.664062 0.789062 0.648438 0.792969 0.644531 0.792969 0.640625 0.796875 0.636719 0.816406 0.636719 0.816406 0.628906 0.820312 0.625000 0.832031 0.625000 0.839844 0.617188 0.859375 0.617188 0.863281 0.613281 0.863281 0.609375 0.867188 0.605469 0.890625 0.605469 0.890625 0.601562 0.894531 0.597656 0.898438 0.597656 0.898438 0.574219
5 0.820312 0.539062 0.816406 0.542969 0.816406 0.546875 0.812500 0.550781 0.804688 0.550781 0.804688 0.570312 0.812500 0.570312 0.812500 0.566406 0.816406 0.562500 0.824219 0.562500 0.828125 0.558594 0.847656 0.558594 0.851562 0.554688 0.851562 0.542969 0.832031 0.542969 0.828125 0.539062
5 0.722656 0.472656 0.718750 0.476562 0.718750 0.484375 0.722656 0.484375 0.726562 0.488281 0.742188 0.488281 0.746094 0.492188 0.757812 0.492188 0.761719 0.488281 0.792969 0.488281 0.796875 0.492188 0.796875 0.503906 0.824219 0.503906 0.824219 0.492188 0.828125 0.488281 0.843750 0.488281 0.843750 0.480469 0.839844 0.480469 0.835938 0.476562 0.824219 0.476562 0.820312 0.480469 0.796875 0.480469 0.792969 0.476562 0.769531 0.476562 0.765625 0.472656
5 0.605469 0.460938 0.605469 0.472656 0.601562 0.476562 0.597656 0.476562 0.597656 0.484375 0.613281 0.484375 0.621094 0.476562 0.621094 0.464844 0.617188 0.460938
5 0.542969 0.425781 0.542969 0.429688 0.539062 0.433594 0.535156 0.433594 0.535156 0.441406 0.542969 0.441406 0.546875 0.437500 0.550781 0.437500 0.550781 0.425781
5 0.671875 0.394531 0.671875 0.414062 0.664062 0.421875 0.664062 0.429688 0.679688 0.429688 0.683594 0.433594 0.683594 0.437500 0.691406 0.445312 0.699219 0.445312 0.703125 0.449219 0.710938 0.449219 0.710938 0.441406 0.707031 0.437500 0.703125 0.437500 0.699219 0.433594 0.699219 0.425781 0.695312 0.421875 0.695312 0.417969 0.691406 0.414062 0.691406 0.406250 0.687500 0.402344 0.687500 0.398438 0.683594 0.394531
5 0.027344 0.378906 0.027344 0.390625 0.023438 0.394531 0.015625 0.394531 0.015625 0.402344 0.019531 0.406250 0.019531 0.410156 0.027344 0.410156 0.031250 0.414062 0.031250 0.437500 0.035156 0.437500 0.039062 0.441406 0.039062 0.468750 0.058594 0.468750 0.058594 0.460938 0.054688 0.460938 0.050781 0.457031 0.050781 0.453125 0.046875 0.449219 0.046875 0.425781 0.042969 0.421875 0.042969 0.386719 0.035156 0.378906
5 0.835938 0.343750 0.832031 0.347656 0.832031 0.371094 0.828125 0.375000 0.828125 0.386719 0.824219 0.390625 0.820312 0.390625 0.820312 0.406250 0.816406 0.410156 0.812500 0.410156 0.812500 0.417969 0.820312 0.417969 0.824219 0.421875 0.839844 0.421875 0.843750 0.425781 0.871094 0.425781 0.875000 0.429688 0.898438 0.429688 0.898438 0.390625 0.890625 0.390625 0.886719 0.394531 0.886719 0.398438 0.878906 0.406250 0.863281 0.406250 0.851562 0.394531 0.851562 0.375000 0.855469 0.371094 0.855469 0.355469 0.851562 0.355469 0.847656 0.351562 0.847656 0.347656 0.843750 0.343750
5 0.039062 0.339844 0.039062 0.347656 0.046875 0.347656 0.046875 0.339844
5 0.921875 0.300781 0.921875 0.308594 0.914062 0.316406 0.910156 0.316406 0.910156 0.320312 0.906250 0.324219 0.894531 0.324219 0.894531 0.332031 0.890625 0.335938 0.882812 0.335938 0.878906 0.339844 0.875000 0.339844 0.875000 0.351562 0.886719 0.351562 0.890625 0.347656 0.890625 0.335938 0.894531 0.332031 0.914062 0.332031 0.917969 0.335938 0.925781 0.335938 0.925781 0.324219 0.929688 0.320312 0.929688 0.300781
5 0.480469 0.292969 0.480469 0.300781 0.492188 0.300781 0.492188 0.292969
5 0.941406 0.285156 0.941406 0.296875 0.949219 0.296875 0.949219 0.285156
5 0.675781 0.281250 0.675781 0.289062 0.683594 0.296875 0.683594 0.351562 0.679688 0.355469 0.679688 0.363281 0.683594 0.367188 0.683594 0.371094 0.691406 0.371094 0.695312 0.375000 0.703125 0.375000 0.703125 0.371094 0.707031 0.367188 0.710938 0.367188 0.710938 0.359375 0.707031 0.359375 0.703125 0.355469 0.703125 0.328125 0.699219 0.328125 0.691406 0.320312 0.691406 0.292969 0.687500 0.289062 0.687500 0.281250
5 0.574219 0.277344 0.574219 0.300781 0.570312 0.304688 0.550781 0.304688 0.546875 0.300781 0.535156 0.300781 0.531250 0.304688 0.531250 0.324219 0.527344 0.328125 0.523438 0.328125 0.523438 0.335938 0.527344 0.335938 0.535156 0.343750 0.558594 0.343750 0.562500 0.347656 0.566406 0.347656 0.570312 0.351562 0.570312 0.398438 0.562500 0.406250 0.562500 0.417969 0.601562 0.417969 0.605469 0.421875 0.609375 0.421875 0.617188 0.429688 0.617188 0.433594 0.628906 0.433594 0.628906 0.421875 0.617188 0.410156 0.613281 0.410156 0.609375 0.406250 0.609375 0.398438 0.605469 0.398438 0.593750 0.386719 0.593750 0.382812 0.589844 0.378906 0.589844 0.367188 0.574219 0.367188 0.570312 0.363281 0.570312 0.320312 0.574219 0.316406 0.585938 0.316406 0.589844 0.312500 0.589844 0.304688 0.593750 0.300781 0.593750 0.277344
5 0.660156 0.261719 0.656250 0.265625 0.656250 0.273438 0.667969 0.273438 0.667969 0.261719
5 0.519531 0.257812 0.519531 0.265625 0.527344 0.265625 0.527344 0.257812
5 0.851562 0.242188 0.851562 0.250000 0.871094 0.250000 0.875000 0.253906 0.875000 0.261719 0.886719 0.261719 0.890625 0.265625 0.890625 0.277344 0.894531 0.281250 0.906250 0.281250 0.906250 0.269531 0.902344 0.265625 0.902344 0.253906 0.898438 0.253906 0.894531 0.250000 0.863281 0.250000 0.859375 0.246094 0.859375 0.242188
5 0.277344 0.222656 0.277344 0.230469 0.285156 0.230469 0.285156 0.222656
5 0.796875 0.210938 0.792969 0.214844 0.785156 0.214844 0.785156 0.218750 0.777344 0.226562 0.777344 0.238281 0.792969 0.238281 0.792969 0.234375 0.796875 0.230469 0.828125 0.230469 0.828125 0.222656 0.824219 0.222656 0.820312 0.218750 0.812500 0.218750 0.808594 0.214844 0.808594 0.210938
5 0.398438 0.152344 0.398438 0.156250 0.390625 0.164062 0.386719 0.164062 0.382812 0.167969 0.382812 0.171875 0.378906 0.175781 0.371094 0.175781 0.371094 0.183594 0.375000 0.183594 0.378906 0.187500 0.378906 0.203125 0.371094 0.210938 0.371094 0.218750 0.367188 0.222656 0.367188 0.226562 0.363281 0.230469 0.324219 0.230469 0.324219 0.234375 0.316406 0.242188 0.289062 0.242188 0.289062 0.250000 0.285156 0.253906 0.257812 0.253906 0.253906 0.250000 0.253906 0.246094 0.246094 0.246094 0.246094 0.253906 0.242188 0.257812 0.242188 0.281250 0.238281 0.285156 0.222656 0.285156 0.218750 0.281250 0.207031 0.281250 0.203125 0.277344 0.203125 0.265625 0.167969 0.265625 0.167969 0.285156 0.160156 0.292969 0.156250 0.292969 0.156250 0.312500 0.160156 0.312500 0.164062 0.316406 0.164062 0.339844 0.167969 0.339844 0.175781 0.347656 0.191406 0.347656 0.195312 0.351562 0.195312 0.394531 0.203125 0.402344 0.203125 0.406250 0.210938 0.406250 0.214844 0.410156 0.214844 0.453125 0.218750 0.457031 0.218750 0.480469 0.214844 0.484375 0.195312 0.484375 0.191406 0.480469 0.191406 0.472656 0.183594 0.472656 0.179688 0.476562 0.175781 0.476562 0.175781 0.507812 0.171875 0.511719 0.160156 0.511719 0.160156 0.523438 0.175781 0.523438 0.175781 0.519531 0.179688 0.515625 0.183594 0.515625 0.187500 0.511719 0.187500 0.503906 0.191406 0.500000 0.218750 0.500000 0.222656 0.503906 0.230469 0.503906 0.230469 0.484375 0.234375 0.480469 0.250000 0.480469 0.253906 0.484375 0.253906 0.488281 0.257812 0.492188 0.257812 0.527344 0.253906 0.531250 0.242188 0.531250 0.238281 0.535156 0.238281 0.546875 0.230469 0.554688 0.207031 0.554688 0.207031 0.558594 0.203125 0.562500 0.187500 0.562500 0.187500 0.566406 0.183594 0.570312 0.160156 0.570312 0.160156 0.578125 0.156250 0.582031 0.152344 0.582031 0.152344 0.613281 0.148438 0.617188 0.148438 0.625000 0.156250 0.625000 0.160156 0.628906 0.160156 0.652344 0.156250 0.656250 0.156250 0.667969 0.152344 0.671875 0.144531 0.671875 0.144531 0.683594 0.148438 0.687500 0.156250 0.687500 0.160156 0.691406 0.160156 0.738281 0.171875 0.738281 0.175781 0.742188 0.175781 0.773438 0.195312 0.773438 0.199219 0.777344 0.207031 0.777344 0.207031 0.773438 0.210938 0.769531 0.218750 0.769531 0.218750 0.765625 0.222656 0.761719 0.222656 0.753906 0.230469 0.746094 0.246094 0.746094 0.253906 0.738281 0.253906 0.734375 0.257812 0.730469 0.273438 0.730469 0.273438 0.718750 0.277344 0.714844 0.277344 0.703125 0.281250 0.699219 0.296875 0.699219 0.296875 0.675781 0.300781 0.671875 0.308594 0.671875 0.312500 0.667969 0.312500 0.621094 0.316406 0.617188 0.332031 0.617188 0.332031 0.609375 0.328125 0.605469 0.328125 0.589844 0.332031 0.585938 0.386719 0.585938 0.386719 0.582031 0.390625 0.578125 0.414062 0.578125 0.417969 0.582031 0.417969 0.613281 0.414062 0.617188 0.414062 0.625000 0.417969 0.625000 0.425781 0.632812 0.429688 0.632812 0.433594 0.636719 0.433594 0.667969 0.425781 0.675781 0.425781 0.683594 0.453125 0.683594 0.460938 0.691406 0.460938 0.714844 0.464844 0.718750 0.464844 0.726562 0.468750 0.730469 0.492188 0.730469 0.496094 0.734375 0.496094 0.757812 0.500000 0.761719 0.500000 0.765625 0.511719 0.765625 0.511719 0.757812 0.519531 0.750000 0.519531 0.742188 0.515625 0.738281 0.500000 0.738281 0.496094 0.734375 0.496094 0.707031 0.484375 0.695312 0.484375 0.675781 0.488281 0.671875 0.492188 0.671875 0.496094 0.667969 0.511719 0.667969 0.511719 0.644531 0.515625 0.640625 0.519531 0.640625 0.523438 0.636719 0.535156 0.636719 0.535156 0.628906 0.507812 0.628906 0.507812 0.644531 0.500000 0.652344 0.472656 0.652344 0.472656 0.656250 0.468750 0.660156 0.449219 0.660156 0.445312 0.656250 0.445312 0.648438 0.441406 0.648438 0.437500 0.644531 0.437500 0.617188 0.441406 0.613281 0.441406 0.609375 0.449219 0.601562 0.449219 0.597656 0.453125 0.593750 0.468750 0.593750 0.468750 0.589844 0.472656 0.585938 0.472656 0.566406 0.460938 0.566406 0.457031 0.562500 0.457031 0.546875 0.464844 0.539062 0.464844 0.511719 0.460938 0.511719 0.457031 0.507812 0.457031 0.503906 0.441406 0.503906 0.437500 0.500000 0.437500 0.484375 0.441406 0.480469 0.445312 0.480469 0.445312 0.460938 0.437500 0.453125 0.437500 0.445312 0.433594 0.441406 0.433594 0.421875 0.441406 0.414062 0.464844 0.414062 0.468750 0.410156 0.484375 0.410156 0.484375 0.406250 0.488281 0.402344 0.488281 0.394531 0.476562 0.394531 0.476562 0.402344 0.472656 0.406250 0.441406 0.406250 0.437500 0.402344 0.437500 0.382812 0.441406 0.378906 0.445312 0.378906 0.449219 0.375000 0.449219 0.355469 0.453125 0.351562 0.453125 0.343750 0.457031 0.339844 0.457031 0.332031 0.453125 0.328125 0.453125 0.316406 0.441406 0.316406 0.437500 0.312500 0.437500 0.304688 0.433594 0.300781 0.433594 0.296875 0.417969 0.296875 0.414062 0.292969 0.414062 0.289062 0.410156 0.285156 0.410156 0.269531 0.414062 0.265625 0.433594 0.265625 0.441406 0.273438 0.453125 0.273438 0.457031 0.269531 0.464844 0.269531 0.468750 0.265625 0.484375 0.265625 0.488281 0.261719 0.492188 0.261719 0.492188 0.242188 0.496094 0.238281 0.507812 0.238281 0.507812 0.226562 0.511719 0.222656 0.511719 0.218750 0.515625 0.214844 0.535156 0.214844 0.539062 0.218750 0.539062 0.226562 0.558594 0.226562 0.558594 0.203125 0.574219 0.187500 0.578125 0.187500 0.578125 0.179688 0.562500 0.179688 0.558594 0.183594 0.535156 0.183594 0.531250 0.179688 0.531250 0.171875 0.519531 0.171875 0.515625 0.175781 0.507812 0.175781 0.507812 0.191406 0.503906 0.195312 0.464844 0.195312 0.453125 0.183594 0.453125 0.175781 0.433594 0.175781 0.429688 0.171875 0.417969 0.171875 0.414062 0.167969 0.414062 0.156250 0.410156 0.152344
5 0.550781 0.128906 0.550781 0.132812 0.542969 0.140625 0.542969 0.148438 0.550781 0.148438 0.558594 0.140625 0.558594 0.128906
5 0.546875 0.046875 0.546875 0.050781 0.542969 0.054688 0.503906 0.054688 0.503906 0.062500 0.507812 0.066406 0.507812 0.070312 0.511719 0.074219 0.511719 0.078125 0.531250 0.078125 0.531250 0.074219 0.535156 0.070312 0.554688 0.070312 0.554688 0.062500 0.558594 0.058594 0.566406 0.058594 0.570312 0.054688 0.570312 0.046875
