5 0.773438 0.917969 0.773438 0.929688 0.781250 0.929688 0.781250 0.917969
5 0.777344 0.875000 0.777344 0.882812 0.781250 0.882812 0.785156 0.886719 0.785156 0.902344 0.792969 0.902344 0.796875 0.898438 0.800781 0.898438 0.800781 0.890625 0.796875 0.886719 0.789062 0.886719 0.785156 0.882812 0.785156 0.875000
5 0.183594 0.839844 0.183594 0.843750 0.179688 0.847656 0.171875 0.847656 0.171875 0.855469 0.175781 0.859375 0.175781 0.863281 0.179688 0.867188 0.179688 0.882812 0.175781 0.886719 0.175781 0.894531 0.179688 0.898438 0.183594 0.898438 0.191406 0.906250 0.222656 0.906250 0.226562 0.910156 0.226562 0.917969 0.230469 0.921875 0.273438 0.921875 0.273438 0.910156 0.265625 0.902344 0.257812 0.902344 0.253906 0.906250 0.222656 0.906250 0.218750 0.902344 0.218750 0.898438 0.214844 0.898438 0.207031 0.890625 0.207031 0.886719 0.203125 0.882812 0.203125 0.859375 0.195312 0.859375 0.191406 0.855469 0.191406 0.839844
5 0.730469 0.781250 0.726562 0.785156 0.679688 0.785156 0.679688 0.792969 0.675781 0.796875 0.644531 0.796875 0.644531 0.800781 0.640625 0.804688 0.640625 0.816406 0.636719 0.820312 0.636719 0.828125 0.652344 0.828125 0.656250 0.832031 0.667969 0.832031 0.671875 0.835938 0.671875 0.851562 0.675781 0.855469 0.683594 0.855469 0.683594 0.851562 0.687500 0.847656 0.707031 0.847656 0.710938 0.851562 0.710938 0.871094 0.730469 0.871094 0.750000 0.851562 0.750000 0.839844 0.738281 0.839844 0.734375 0.835938 0.734375 0.816406 0.738281 0.812500 0.738281 0.804688 0.742188 0.800781 0.757812 0.800781 0.761719 0.804688 0.761719 0.812500 0.769531 0.812500 0.773438 0.816406 0.781250 0.816406 0.781250 0.808594 0.773438 0.808594 0.769531 0.804688 0.769531 0.796875 0.765625 0.792969 0.765625 0.789062 0.742188 0.789062 0.738281 0.785156 0.738281 0.781250
5 0.429688 0.769531 0.425781 0.773438 0.425781 0.785156 0.445312 0.785156 0.445312 0.781250 0.449219 0.777344 0.457031 0.777344 0.457031 0.769531
5 0.664062 0.703125 0.664062 0.707031 0.660156 0.710938 0.652344 0.710938 0.652344 0.730469 0.656250 0.730469 0.660156 0.734375 0.679688 0.734375 0.683594 0.730469 0.687500 0.730469 0.691406 0.726562 0.691406 0.722656 0.695312 0.718750 0.703125 0.718750 0.703125 0.707031 0.675781 0.707031 0.671875 0.703125
5 0.386719 0.695312 0.382812 0.699219 0.375000 0.699219 0.375000 0.707031 0.382812 0.707031 0.386719 0.710938 0.386719 0.714844 0.390625 0.718750 0.398438 0.718750 0.398438 0.707031 0.394531 0.703125 0.394531 0.695312
5 0.453125 0.667969 0.449219 0.671875 0.445312 0.671875 0.445312 0.675781 0.441406 0.679688 0.437500 0.679688 0.433594 0.683594 0.421875 0.683594 0.421875 0.695312 0.449219 0.695312 0.449219 0.687500 0.457031 0.679688 0.464844 0.679688 0.464844 0.671875 0.460938 0.667969
5 0.558594 0.644531 0.558594 0.667969 0.554688 0.671875 0.550781 0.671875 0.550781 0.687500 0.554688 0.691406 0.562500 0.691406 0.562500 0.664062 0.566406 0.660156 0.570312 0.660156 0.570312 0.644531
5 0.714844 0.613281 0.714844 0.632812 0.710938 0.636719 0.710938 0.660156 0.722656 0.660156 0.726562 0.664062 0.726562 0.671875 0.738281 0.671875 0.738281 0.652344 0.730469 0.652344 0.726562 0.648438 0.726562 0.628906 0.722656 0.625000 0.722656 0.613281
5 0.371094 0.609375 0.371094 0.636719 0.382812 0.636719 0.386719 0.632812 0.386719 0.621094 0.382812 0.621094 0.378906 0.617188 0.378906 0.609375
5 0.523438 0.593750 0.519531 0.597656 0.519531 0.609375 0.515625 0.613281 0.492188 0.613281 0.492188 0.628906 0.496094 0.632812 0.496094 0.664062 0.492188 0.667969 0.492188 0.687500 0.488281 0.691406 0.476562 0.691406 0.476562 0.699219 0.484375 0.699219 0.488281 0.703125 0.488281 0.710938 0.492188 0.714844 0.496094 0.714844 0.500000 0.718750 0.500000 0.738281 0.488281 0.750000 0.488281 0.773438 0.496094 0.773438 0.500000 0.777344 0.500000 0.800781 0.511719 0.800781 0.511719 0.769531 0.523438 0.757812 0.539062 0.757812 0.542969 0.761719 0.542969 0.773438 0.562500 0.792969 0.562500 0.796875 0.570312 0.804688 0.570312 0.808594 0.601562 0.808594 0.601562 0.804688 0.605469 0.800781 0.609375 0.800781 0.609375 0.792969 0.605469 0.789062 0.589844 0.789062 0.582031 0.781250 0.582031 0.769531 0.570312 0.757812 0.535156 0.757812 0.531250 0.753906 0.531250 0.746094 0.527344 0.742188 0.527344 0.726562 0.519531 0.718750 0.519531 0.656250 0.523438 0.652344 0.523438 0.609375 0.527344 0.605469 0.546875 0.605469 0.550781 0.609375 0.558594 0.609375 0.562500 0.613281 0.562500 0.617188 0.574219 0.617188 0.578125 0.621094 0.585938 0.621094 0.585938 0.613281 0.574219 0.613281 0.570312 0.609375 0.570312 0.605469 0.562500 0.597656 0.535156 0.597656 0.531250 0.593750
5 0.410156 0.578125 0.410156 0.582031 0.402344 0.589844 0.402344 0.609375 0.410156 0.609375 0.414062 0.613281 0.414062 0.628906 0.417969 0.628906 0.421875 0.632812 0.421875 0.636719 0.433594 0.636719 0.437500 0.632812 0.441406 0.632812 0.445312 0.628906 0.445312 0.621094 0.437500 0.621094 0.433594 0.617188 0.433594 0.609375 0.429688 0.609375 0.425781 0.605469 0.425781 0.589844 0.421875 0.585938 0.421875 0.578125
5 0.445312 0.566406 0.445312 0.574219 0.453125 0.574219 0.453125 0.566406
5 0.167969 0.480469 0.167969 0.496094 0.179688 0.507812 0.179688 0.511719 0.191406 0.511719 0.195312 0.515625 0.195312 0.527344 0.207031 0.527344 0.210938 0.531250 0.210938 0.558594 0.207031 0.562500 0.203125 0.562500 0.203125 0.578125 0.199219 0.582031 0.183594 0.582031 0.183594 0.585938 0.179688 0.589844 0.164062 0.589844 0.160156 0.585938 0.152344 0.585938 0.144531 0.593750 0.144531 0.609375 0.164062 0.609375 0.164062 0.593750 0.167969 0.589844 0.191406 0.589844 0.195312 0.593750 0.195312 0.609375 0.191406 0.613281 0.187500 0.613281 0.183594 0.617188 0.167969 0.617188 0.167969 0.625000 0.171875 0.625000 0.175781 0.628906 0.175781 0.679688 0.171875 0.683594 0.171875 0.691406 0.167969 0.695312 0.144531 0.695312 0.144531 0.738281 0.140625 0.742188 0.132812 0.742188 0.132812 0.753906 0.136719 0.757812 0.136719 0.773438 0.140625 0.773438 0.148438 0.781250 0.148438 0.800781 0.195312 0.800781 0.195312 0.796875 0.199219 0.792969 0.222656 0.792969 0.226562 0.796875 0.226562 0.800781 0.238281 0.800781 0.238281 0.789062 0.242188 0.785156 0.246094 0.785156 0.246094 0.777344 0.250000 0.773438 0.269531 0.773438 0.273438 0.777344 0.285156 0.777344 0.289062 0.773438 0.304688 0.773438 0.308594 0.777344 0.308594 0.792969 0.312500 0.796875 0.312500 0.800781 0.320312 0.800781 0.320312 0.785156 0.324219 0.781250 0.347656 0.781250 0.347656 0.777344 0.351562 0.773438 0.351562 0.769531 0.355469 0.765625 0.375000 0.765625 0.378906 0.761719 0.378906 0.753906 0.367188 0.753906 0.367188 0.757812 0.363281 0.761719 0.347656 0.761719 0.339844 0.753906 0.339844 0.730469 0.343750 0.726562 0.351562 0.726562 0.351562 0.718750 0.347656 0.718750 0.343750 0.714844 0.343750 0.703125 0.316406 0.703125 0.312500 0.707031 0.296875 0.707031 0.292969 0.703125 0.289062 0.703125 0.285156 0.699219 0.285156 0.656250 0.289062 0.652344 0.289062 0.621094 0.292969 0.617188 0.316406 0.617188 0.324219 0.625000 0.335938 0.625000 0.343750 0.617188 0.343750 0.605469 0.320312 0.605469 0.316406 0.601562 0.316406 0.582031 0.312500 0.578125 0.312500 0.570312 0.300781 0.570312 0.296875 0.574219 0.292969 0.574219 0.292969 0.578125 0.289062 0.582031 0.273438 0.582031 0.269531 0.578125 0.269531 0.562500 0.261719 0.554688 0.261719 0.542969 0.253906 0.542969 0.250000 0.539062 0.242188 0.539062 0.238281 0.535156 0.238281 0.515625 0.222656 0.515625 0.218750 0.511719 0.218750 0.480469 0.203125 0.480469 0.199219 0.484375 0.183594 0.484375 0.179688 0.480469
5 0.394531 0.468750 0.394531 0.476562 0.390625 0.480469 0.382812 0.480469 0.382812 0.515625 0.378906 0.519531 0.367188 0.519531 0.363281 0.523438 0.328125 0.523438 0.328125 0.527344 0.320312 0.535156 0.316406 0.535156 0.316406 0.554688 0.347656 0.554688 0.355469 0.562500 0.355469 0.589844 0.363281 0.589844 0.363281 0.570312 0.367188 0.566406 0.371094 0.566406 0.371094 0.558594 0.378906 0.550781 0.390625 0.550781 0.394531 0.546875 0.394531 0.535156 0.390625 0.531250 0.390625 0.511719 0.394531 0.507812 0.406250 0.507812 0.410156 0.503906 0.414062 0.503906 0.414062 0.496094 0.410156 0.492188 0.410156 0.468750
5 0.226562 0.460938 0.226562 0.468750 0.234375 0.468750 0.234375 0.460938
5 0.437500 0.449219 0.437500 0.484375 0.445312 0.484375 0.445312 0.449219
5 0.789062 0.425781 0.789062 0.433594 0.796875 0.433594 0.796875 0.425781
5 0.511719 0.390625 0.507812 0.394531 0.507812 0.402344 0.496094 0.414062 0.496094 0.421875 0.492188 0.425781 0.476562 0.425781 0.476562 0.433594 0.480469 0.437500 0.503906 0.437500 0.507812 0.441406 0.519531 0.441406 0.523438 0.445312 0.523438 0.476562 0.515625 0.484375 0.492188 0.484375 0.492188 0.488281 0.488281 0.492188 0.488281 0.500000 0.496094 0.507812 0.496094 0.535156 0.503906 0.535156 0.507812 0.531250 0.539062 0.531250 0.542969 0.535156 0.542969 0.550781 0.539062 0.554688 0.523438 0.554688 0.523438 0.570312 0.542969 0.570312 0.542969 0.546875 0.546875 0.542969 0.550781 0.542969 0.562500 0.531250 0.574219 0.531250 0.578125 0.527344 0.585938 0.527344 0.585938 0.519531 0.589844 0.515625 0.589844 0.500000 0.593750 0.496094 0.613281 0.496094 0.617188 0.492188 0.617188 0.484375 0.621094 0.480469 0.621094 0.472656 0.617188 0.468750 0.617188 0.464844 0.609375 0.457031 0.601562 0.457031 0.593750 0.464844 0.574219 0.464844 0.570312 0.460938 0.570312 0.445312 0.554688 0.445312 0.550781 0.441406 0.550781 0.429688 0.542969 0.429688 0.539062 0.425781 0.531250 0.425781 0.527344 0.421875 0.527344 0.402344 0.519531 0.394531 0.519531 0.390625
5 0.285156 0.386719 0.285156 0.421875 0.324219 0.421875 0.328125 0.425781 0.328125 0.460938 0.324219 0.464844 0.312500 0.464844 0.308594 0.468750 0.300781 0.468750 0.300781 0.480469 0.304688 0.480469 0.308594 0.484375 0.308594 0.488281 0.328125 0.488281 0.328125 0.484375 0.332031 0.480469 0.332031 0.476562 0.335938 0.472656 0.347656 0.472656 0.347656 0.468750 0.351562 0.464844 0.351562 0.457031 0.339844 0.457031 0.335938 0.453125 0.335938 0.425781 0.339844 0.421875 0.351562 0.421875 0.355469 0.417969 0.355469 0.410156 0.320312 0.410156 0.316406 0.406250 0.300781 0.406250 0.292969 0.398438 0.292969 0.386719
5 0.148438 0.363281 0.148438 0.375000 0.152344 0.375000 0.156250 0.378906 0.156250 0.382812 0.167969 0.382812 0.171875 0.386719 0.171875 0.406250 0.210938 0.406250 0.214844 0.410156 0.214844 0.414062 0.218750 0.414062 0.222656 0.417969 0.230469 0.417969 0.234375 0.414062 0.234375 0.402344 0.230469 0.398438 0.230469 0.390625 0.222656 0.382812 0.222656 0.378906 0.210938 0.378906 0.207031 0.375000 0.199219 0.375000 0.195312 0.378906 0.195312 0.382812 0.191406 0.386719 0.171875 0.386719 0.167969 0.382812 0.167969 0.367188 0.164062 0.363281
5 0.242188 0.335938 0.242188 0.343750 0.246094 0.343750 0.250000 0.347656 0.250000 0.355469 0.257812 0.355469 0.257812 0.347656 0.253906 0.347656 0.250000 0.343750 0.250000 0.335938
5 0.589844 0.316406 0.589844 0.335938 0.597656 0.335938 0.609375 0.347656 0.617188 0.347656 0.621094 0.343750 0.621094 0.332031 0.617188 0.332031 0.613281 0.328125 0.601562 0.328125 0.597656 0.324219 0.597656 0.316406
5 0.207031 0.304688 0.207031 0.308594 0.203125 0.312500 0.187500 0.312500 0.183594 0.316406 0.183594 0.324219 0.195312 0.324219 0.195312 0.320312 0.199219 0.316406 0.238281 0.316406 0.238281 0.308594 0.234375 0.304688
5 0.621094 0.277344 0.617188 0.281250 0.617188 0.289062 0.625000 0.296875 0.625000 0.300781 0.628906 0.300781 0.632812 0.304688 0.632812 0.308594 0.636719 0.312500 0.636719 0.328125 0.640625 0.328125 0.644531 0.332031 0.644531 0.351562 0.648438 0.355469 0.656250 0.355469 0.660156 0.359375 0.660156 0.375000 0.656250 0.378906 0.652344 0.378906 0.648438 0.382812 0.644531 0.382812 0.644531 0.390625 0.648438 0.390625 0.652344 0.394531 0.652344 0.410156 0.660156 0.410156 0.660156 0.394531 0.667969 0.386719 0.675781 0.386719 0.679688 0.382812 0.699219 0.382812 0.703125 0.386719 0.703125 0.402344 0.699219 0.406250 0.691406 0.406250 0.691406 0.414062 0.703125 0.425781 0.703125 0.441406 0.699219 0.445312 0.699219 0.457031 0.703125 0.460938 0.703125 0.480469 0.699219 0.484375 0.699219 0.496094 0.695312 0.500000 0.664062 0.500000 0.660156 0.496094 0.648438 0.496094 0.644531 0.500000 0.644531 0.523438 0.636719 0.531250 0.636719 0.550781 0.632812 0.554688 0.617188 0.554688 0.617188 0.562500 0.621094 0.562500 0.625000 0.566406 0.640625 0.566406 0.644531 0.570312 0.644531 0.574219 0.664062 0.574219 0.667969 0.578125 0.667969 0.597656 0.671875 0.601562 0.671875 0.609375 0.679688 0.609375 0.679688 0.605469 0.683594 0.601562 0.695312 0.601562 0.695312 0.582031 0.691406 0.578125 0.691406 0.574219 0.683594 0.566406 0.683594 0.539062 0.679688 0.539062 0.675781 0.535156 0.675781 0.515625 0.679688 0.511719 0.691406 0.511719 0.695312 0.507812 0.722656 0.507812 0.730469 0.515625 0.730469 0.546875 0.738281 0.546875 0.746094 0.539062 0.765625 0.539062 0.773438 0.546875 0.773438 0.554688 0.777344 0.554688 0.781250 0.558594 0.781250 0.605469 0.777344 0.609375 0.777344 0.613281 0.773438 0.617188 0.769531 0.617188 0.765625 0.621094 0.765625 0.636719 0.769531 0.636719 0.773438 0.640625 0.773438 0.660156 0.769531 0.664062 0.769531 0.683594 0.765625 0.687500 0.753906 0.687500 0.753906 0.703125 0.757812 0.707031 0.757812 0.710938 0.765625 0.710938 0.769531 0.714844 0.769531 0.722656 0.785156 0.722656 0.789062 0.718750 0.789062 0.710938 0.792969 0.707031 0.808594 0.707031 0.812500 0.710938 0.812500 0.722656 0.820312 0.722656 0.824219 0.726562 0.824219 0.730469 0.828125 0.734375 0.867188 0.734375 0.871094 0.730469 0.886719 0.730469 0.890625 0.726562 0.910156 0.726562 0.910156 0.710938 0.898438 0.710938 0.894531 0.707031 0.894531 0.687500 0.898438 0.683594 0.925781 0.683594 0.925781 0.675781 0.929688 0.671875 0.945312 0.671875 0.945312 0.660156 0.921875 0.660156 0.917969 0.664062 0.917969 0.667969 0.910156 0.675781 0.882812 0.675781 0.878906 0.671875 0.878906 0.667969 0.875000 0.664062 0.875000 0.656250 0.867188 0.656250 0.859375 0.648438 0.843750 0.648438 0.843750 0.652344 0.839844 0.656250 0.820312 0.656250 0.812500 0.664062 0.796875 0.664062 0.792969 0.660156 0.792969 0.648438 0.789062 0.648438 0.785156 0.644531 0.785156 0.628906 0.789062 0.625000 0.789062 0.613281 0.792969 0.609375 0.808594 0.609375 0.812500 0.613281 0.816406 0.613281 0.820312 0.617188 0.820312 0.621094 0.832031 0.621094 0.839844 0.613281 0.839844 0.601562 0.835938 0.597656 0.835938 0.593750 0.832031 0.593750 0.828125 0.589844 0.828125 0.570312 0.832031 0.566406 0.855469 0.566406 0.859375 0.570312 0.859375 0.574219 0.871094 0.574219 0.875000 0.578125 0.882812 0.578125 0.882812 0.570312 0.871094 0.570312 0.867188 0.566406 0.867188 0.550781 0.871094 0.546875 0.875000 0.546875 0.875000 0.535156 0.871094 0.531250 0.871094 0.523438 0.863281 0.515625 0.863281 0.500000 0.847656 0.500000 0.843750 0.496094 0.843750 0.484375 0.839844 0.484375 0.835938 0.480469 0.824219 0.480469 0.820312 0.476562 0.820312 0.453125 0.808594 0.453125 0.808594 0.464844 0.816406 0.464844 0.820312 0.468750 0.820312 0.488281 0.816406 0.492188 0.816406 0.496094 0.812500 0.500000 0.808594 0.500000 0.804688 0.503906 0.796875 0.503906 0.792969 0.507812 0.792969 0.523438 0.789062 0.527344 0.761719 0.527344 0.753906 0.519531 0.753906 0.515625 0.738281 0.515625 0.734375 0.511719 0.734375 0.503906 0.722656 0.503906 0.718750 0.500000 0.714844 0.500000 0.710938 0.496094 0.710938 0.480469 0.714844 0.476562 0.726562 0.476562 0.726562 0.468750 0.730469 0.464844 0.738281 0.464844 0.738281 0.460938 0.750000 0.449219 0.753906 0.449219 0.757812 0.445312 0.761719 0.445312 0.761719 0.417969 0.765625 0.414062 0.781250 0.414062 0.781250 0.406250 0.785156 0.402344 0.816406 0.402344 0.820312 0.398438 0.835938 0.398438 0.835938 0.390625 0.839844 0.386719 0.843750 0.386719 0.847656 0.382812 0.847656 0.371094 0.843750 0.371094 0.835938 0.363281 0.835938 0.335938 0.816406 0.335938 0.816406 0.339844 0.812500 0.343750 0.812500 0.351562 0.808594 0.355469 0.808594 0.378906 0.804688 0.382812 0.773438 0.382812 0.769531 0.378906 0.769531 0.375000 0.765625 0.375000 0.761719 0.371094 0.761719 0.351562 0.765625 0.347656 0.777344 0.347656 0.777344 0.339844 0.773438 0.335938 0.757812 0.335938 0.757812 0.343750 0.753906 0.347656 0.738281 0.347656 0.726562 0.335938 0.726562 0.308594 0.714844 0.296875 0.714844 0.292969 0.687500 0.292969 0.683594 0.289062 0.675781 0.289062 0.671875 0.292969 0.656250 0.292969 0.652344 0.289062 0.648438 0.289062 0.644531 0.285156 0.632812 0.285156 0.628906 0.281250 0.628906 0.277344
5 0.464844 0.066406 0.460938 0.070312 0.453125 0.070312 0.449219 0.074219 0.445312 0.074219 0.441406 0.078125 0.437500 0.078125 0.433594 0.082031 0.429688 0.082031 0.425781 0.085938 0.414062 0.085938 0.414062 0.093750 0.410156 0.097656 0.386719 0.097656 0.378906 0.105469 0.378906 0.113281 0.382812 0.113281 0.390625 0.121094 0.390625 0.140625 0.386719 0.144531 0.378906 0.144531 0.375000 0.148438 0.371094 0.148438 0.371094 0.160156 0.367188 0.164062 0.367188 0.171875 0.363281 0.175781 0.351562 0.175781 0.351562 0.179688 0.343750 0.187500 0.339844 0.187500 0.335938 0.191406 0.335938 0.199219 0.339844 0.203125 0.339844 0.207031 0.343750 0.207031 0.347656 0.210938 0.363281 0.210938 0.363281 0.203125 0.367188 0.199219 0.382812 0.199219 0.386719 0.203125 0.394531 0.203125 0.398438 0.207031 0.398438 0.214844 0.406250 0.214844 0.410156 0.210938 0.425781 0.210938 0.425781 0.199219 0.429688 0.195312 0.433594 0.195312 0.433594 0.187500 0.437500 0.183594 0.441406 0.183594 0.441406 0.175781 0.437500 0.175781 0.433594 0.171875 0.433594 0.156250 0.429688 0.152344 0.429688 0.148438 0.425781 0.144531 0.425781 0.140625 0.402344 0.140625 0.398438 0.136719 0.398438 0.117188 0.402344 0.113281 0.410156 0.113281 0.414062 0.109375 0.417969 0.109375 0.417969 0.101562 0.421875 0.097656 0.441406 0.097656 0.445312 0.093750 0.468750 0.093750 0.472656 0.097656 0.480469 0.097656 0.480469 0.089844 0.484375 0.085938 0.492188 0.085938 0.492188 0.078125 0.488281 0.078125 0.484375 0.074219 0.484375 0.070312 0.476562 0.070312 0.472656 0.066406
