5 0.273438 0.886719 0.269531 0.890625 0.253906 0.890625 0.253906 0.917969 0.250000 0.921875 0.242188 0.921875 0.242188 0.929688 0.246094 0.933594 0.250000 0.933594 0.253906 0.937500 0.265625 0.937500 0.269531 0.941406 0.285156 0.941406 0.289062 0.945312 0.289062 0.949219 0.292969 0.953125 0.343750 0.953125 0.347656 0.957031 0.355469 0.957031 0.355469 0.945312 0.351562 0.941406 0.351562 0.933594 0.347656 0.929688 0.339844 0.929688 0.339844 0.933594 0.335938 0.937500 0.316406 0.937500 0.312500 0.933594 0.312500 0.906250 0.304688 0.898438 0.304688 0.894531 0.300781 0.894531 0.296875 0.890625 0.296875 0.886719
5 0.695312 0.871094 0.695312 0.875000 0.687500 0.882812 0.679688 0.882812 0.679688 0.898438 0.683594 0.902344 0.699219 0.902344 0.703125 0.898438 0.703125 0.890625 0.707031 0.886719 0.710938 0.886719 0.714844 0.882812 0.726562 0.882812 0.726562 0.871094
5 0.562500 0.843750 0.562500 0.847656 0.554688 0.855469 0.546875 0.855469 0.546875 0.867188 0.550781 0.871094 0.570312 0.871094 0.574219 0.875000 0.574219 0.878906 0.578125 0.882812 0.578125 0.898438 0.585938 0.906250 0.589844 0.906250 0.597656 0.914062 0.609375 0.914062 0.613281 0.917969 0.613281 0.925781 0.621094 0.925781 0.625000 0.929688 0.625000 0.933594 0.628906 0.933594 0.632812 0.937500 0.660156 0.937500 0.664062 0.941406 0.664062 0.945312 0.675781 0.945312 0.675781 0.937500 0.648438 0.937500 0.644531 0.933594 0.644531 0.929688 0.640625 0.929688 0.636719 0.925781 0.628906 0.925781 0.625000 0.921875 0.625000 0.917969 0.621094 0.914062 0.613281 0.914062 0.609375 0.910156 0.609375 0.906250 0.601562 0.898438 0.597656 0.898438 0.593750 0.894531 0.593750 0.890625 0.589844 0.886719 0.589844 0.882812 0.585938 0.882812 0.582031 0.878906 0.582031 0.863281 0.578125 0.859375 0.578125 0.843750
5 0.375000 0.785156 0.371094 0.789062 0.371094 0.804688 0.367188 0.808594 0.355469 0.808594 0.355469 0.820312 0.359375 0.824219 0.359375 0.839844 0.351562 0.847656 0.351562 0.859375 0.355469 0.863281 0.375000 0.863281 0.378906 0.867188 0.378906 0.875000 0.382812 0.878906 0.390625 0.878906 0.394531 0.875000 0.410156 0.875000 0.410156 0.871094 0.414062 0.867188 0.414062 0.859375 0.410156 0.855469 0.406250 0.855469 0.402344 0.851562 0.398438 0.851562 0.394531 0.847656 0.394531 0.843750 0.375000 0.843750 0.371094 0.839844 0.371094 0.820312 0.375000 0.816406 0.375000 0.812500 0.378906 0.808594 0.398438 0.808594 0.398438 0.796875 0.390625 0.796875 0.386719 0.792969 0.386719 0.789062 0.382812 0.785156
5 0.460938 0.699219 0.457031 0.703125 0.457031 0.726562 0.460938 0.726562 0.464844 0.730469 0.464844 0.757812 0.445312 0.777344 0.425781 0.777344 0.421875 0.773438 0.421875 0.769531 0.410156 0.769531 0.410156 0.785156 0.417969 0.785156 0.421875 0.789062 0.421875 0.812500 0.429688 0.812500 0.445312 0.796875 0.445312 0.792969 0.449219 0.789062 0.457031 0.789062 0.460938 0.785156 0.464844 0.785156 0.472656 0.777344 0.480469 0.777344 0.480469 0.773438 0.484375 0.769531 0.484375 0.757812 0.480469 0.753906 0.480469 0.738281 0.484375 0.734375 0.484375 0.703125 0.472656 0.703125 0.468750 0.699219
5 0.417969 0.695312 0.417969 0.703125 0.425781 0.703125 0.425781 0.695312
5 0.921875 0.691406 0.921875 0.703125 0.929688 0.710938 0.929688 0.753906 0.925781 0.757812 0.898438 0.757812 0.898438 0.765625 0.914062 0.765625 0.917969 0.769531 0.917969 0.773438 0.921875 0.777344 0.929688 0.777344 0.933594 0.773438 0.933594 0.769531 0.941406 0.761719 0.941406 0.738281 0.949219 0.730469 0.949219 0.722656 0.945312 0.718750 0.945312 0.703125 0.933594 0.691406
5 0.558594 0.691406 0.554688 0.695312 0.542969 0.695312 0.542969 0.707031 0.539062 0.710938 0.511719 0.710938 0.511719 0.718750 0.531250 0.718750 0.535156 0.722656 0.535156 0.726562 0.539062 0.730469 0.539062 0.738281 0.546875 0.738281 0.546875 0.726562 0.550781 0.722656 0.558594 0.722656 0.562500 0.718750 0.597656 0.718750 0.597656 0.707031 0.593750 0.707031 0.589844 0.703125 0.578125 0.703125 0.574219 0.699219 0.574219 0.691406
5 0.527344 0.675781 0.527344 0.683594 0.535156 0.683594 0.535156 0.675781
5 0.648438 0.589844 0.644531 0.593750 0.644531 0.601562 0.648438 0.601562 0.652344 0.605469 0.652344 0.621094 0.648438 0.625000 0.644531 0.625000 0.644531 0.632812 0.648438 0.636719 0.648438 0.640625 0.656250 0.640625 0.660156 0.644531 0.664062 0.644531 0.671875 0.652344 0.679688 0.652344 0.683594 0.656250 0.683594 0.671875 0.691406 0.671875 0.695312 0.667969 0.695312 0.652344 0.691406 0.652344 0.687500 0.648438 0.687500 0.613281 0.675781 0.613281 0.664062 0.601562 0.664062 0.589844
5 0.550781 0.570312 0.546875 0.574219 0.535156 0.574219 0.535156 0.589844 0.550781 0.589844 0.554688 0.593750 0.554688 0.632812 0.562500 0.632812 0.566406 0.636719 0.566406 0.664062 0.574219 0.664062 0.578125 0.660156 0.582031 0.660156 0.582031 0.656250 0.585938 0.652344 0.605469 0.652344 0.605469 0.644531 0.601562 0.644531 0.597656 0.640625 0.582031 0.640625 0.578125 0.636719 0.578125 0.632812 0.574219 0.628906 0.574219 0.570312
5 0.632812 0.531250 0.632812 0.542969 0.640625 0.542969 0.640625 0.531250
5 0.804688 0.437500 0.804688 0.449219 0.839844 0.449219 0.839844 0.441406 0.820312 0.441406 0.816406 0.437500
5 0.546875 0.421875 0.546875 0.445312 0.539062 0.453125 0.527344 0.453125 0.527344 0.464844 0.531250 0.468750 0.539062 0.468750 0.542969 0.472656 0.542969 0.488281 0.550781 0.488281 0.550781 0.460938 0.558594 0.453125 0.558594 0.445312 0.554688 0.441406 0.554688 0.421875
5 0.839844 0.398438 0.839844 0.406250 0.847656 0.406250 0.847656 0.398438
5 0.730469 0.386719 0.730469 0.390625 0.726562 0.394531 0.722656 0.394531 0.722656 0.402344 0.718750 0.406250 0.714844 0.406250 0.710938 0.410156 0.695312 0.410156 0.691406 0.406250 0.691406 0.402344 0.683594 0.402344 0.683594 0.406250 0.664062 0.425781 0.664062 0.437500 0.660156 0.441406 0.652344 0.441406 0.652344 0.453125 0.648438 0.457031 0.632812 0.457031 0.632812 0.464844 0.644531 0.476562 0.644531 0.480469 0.660156 0.480469 0.664062 0.476562 0.671875 0.476562 0.675781 0.472656 0.679688 0.472656 0.679688 0.468750 0.683594 0.464844 0.714844 0.464844 0.718750 0.468750 0.730469 0.468750 0.730469 0.460938 0.726562 0.457031 0.722656 0.457031 0.718750 0.453125 0.718750 0.425781 0.722656 0.421875 0.726562 0.421875 0.726562 0.414062 0.730469 0.410156 0.753906 0.410156 0.753906 0.398438 0.750000 0.394531 0.750000 0.386719
5 0.136719 0.378906 0.132812 0.382812 0.128906 0.382812 0.128906 0.394531 0.132812 0.398438 0.140625 0.398438 0.148438 0.406250 0.152344 0.406250 0.156250 0.410156 0.160156 0.410156 0.164062 0.414062 0.164062 0.425781 0.167969 0.429688 0.167969 0.433594 0.171875 0.437500 0.171875 0.460938 0.175781 0.464844 0.175781 0.468750 0.179688 0.472656 0.179688 0.476562 0.183594 0.476562 0.187500 0.480469 0.187500 0.484375 0.191406 0.488281 0.191406 0.503906 0.195312 0.507812 0.195312 0.539062 0.187500 0.546875 0.187500 0.550781 0.179688 0.558594 0.160156 0.558594 0.156250 0.554688 0.144531 0.554688 0.144531 0.558594 0.140625 0.562500 0.140625 0.566406 0.136719 0.570312 0.136719 0.578125 0.148438 0.578125 0.148438 0.574219 0.152344 0.570312 0.171875 0.570312 0.175781 0.574219 0.175781 0.597656 0.171875 0.601562 0.164062 0.601562 0.160156 0.605469 0.160156 0.617188 0.164062 0.621094 0.171875 0.621094 0.175781 0.617188 0.175781 0.601562 0.179688 0.597656 0.195312 0.597656 0.195312 0.562500 0.199219 0.558594 0.214844 0.558594 0.218750 0.562500 0.242188 0.562500 0.246094 0.566406 0.246094 0.597656 0.242188 0.601562 0.226562 0.601562 0.226562 0.617188 0.230469 0.621094 0.230469 0.644531 0.226562 0.648438 0.222656 0.648438 0.222656 0.652344 0.218750 0.656250 0.210938 0.656250 0.210938 0.667969 0.226562 0.667969 0.230469 0.671875 0.242188 0.671875 0.242188 0.656250 0.246094 0.652344 0.261719 0.652344 0.265625 0.656250 0.265625 0.667969 0.273438 0.675781 0.281250 0.675781 0.285156 0.679688 0.285156 0.699219 0.281250 0.703125 0.269531 0.703125 0.269531 0.710938 0.265625 0.714844 0.242188 0.714844 0.242188 0.734375 0.246094 0.738281 0.246094 0.742188 0.250000 0.746094 0.250000 0.761719 0.257812 0.761719 0.257812 0.742188 0.261719 0.738281 0.261719 0.734375 0.269531 0.726562 0.273438 0.726562 0.273438 0.722656 0.277344 0.718750 0.296875 0.718750 0.300781 0.722656 0.316406 0.722656 0.320312 0.718750 0.335938 0.718750 0.339844 0.714844 0.339844 0.707031 0.343750 0.703125 0.359375 0.703125 0.363281 0.707031 0.375000 0.707031 0.375000 0.687500 0.378906 0.683594 0.390625 0.683594 0.390625 0.679688 0.394531 0.675781 0.398438 0.675781 0.398438 0.664062 0.394531 0.660156 0.371094 0.660156 0.363281 0.652344 0.363281 0.644531 0.351562 0.644531 0.343750 0.636719 0.339844 0.636719 0.335938 0.632812 0.320312 0.632812 0.320312 0.664062 0.316406 0.667969 0.312500 0.667969 0.308594 0.671875 0.292969 0.671875 0.289062 0.667969 0.289062 0.656250 0.285156 0.652344 0.285156 0.628906 0.289062 0.625000 0.308594 0.625000 0.308594 0.613281 0.312500 0.609375 0.312500 0.605469 0.316406 0.601562 0.316406 0.593750 0.312500 0.589844 0.300781 0.589844 0.296875 0.585938 0.296875 0.554688 0.300781 0.550781 0.304688 0.550781 0.304688 0.546875 0.316406 0.535156 0.316406 0.503906 0.289062 0.503906 0.285156 0.500000 0.269531 0.500000 0.269531 0.503906 0.265625 0.507812 0.261719 0.507812 0.253906 0.515625 0.250000 0.515625 0.246094 0.519531 0.230469 0.519531 0.226562 0.515625 0.226562 0.507812 0.222656 0.503906 0.222656 0.500000 0.218750 0.496094 0.218750 0.488281 0.214844 0.484375 0.210938 0.484375 0.207031 0.480469 0.199219 0.480469 0.195312 0.476562 0.195312 0.441406 0.203125 0.433594 0.210938 0.433594 0.214844 0.429688 0.246094 0.429688 0.250000 0.425781 0.277344 0.425781 0.281250 0.429688 0.281250 0.437500 0.289062 0.445312 0.289062 0.472656 0.292969 0.476562 0.320312 0.476562 0.320312 0.468750 0.312500 0.460938 0.312500 0.445312 0.316406 0.441406 0.328125 0.441406 0.328125 0.433594 0.324219 0.429688 0.324219 0.414062 0.328125 0.410156 0.371094 0.410156 0.375000 0.414062 0.375000 0.433594 0.378906 0.437500 0.378906 0.476562 0.375000 0.480469 0.371094 0.480469 0.367188 0.484375 0.367188 0.500000 0.371094 0.503906 0.382812 0.503906 0.386719 0.500000 0.410156 0.500000 0.410156 0.492188 0.406250 0.488281 0.406250 0.457031 0.410156 0.453125 0.410156 0.433594 0.406250 0.429688 0.406250 0.398438 0.410156 0.394531 0.410156 0.386719 0.398438 0.386719 0.398438 0.406250 0.394531 0.410156 0.375000 0.410156 0.371094 0.406250 0.371094 0.386719 0.363281 0.378906 0.355469 0.378906 0.351562 0.382812 0.320312 0.382812 0.320312 0.386719 0.316406 0.390625 0.316406 0.414062 0.312500 0.417969 0.281250 0.417969 0.277344 0.414062 0.277344 0.406250 0.273438 0.406250 0.269531 0.402344 0.269531 0.398438 0.265625 0.398438 0.261719 0.394531 0.246094 0.394531 0.242188 0.390625 0.242188 0.378906 0.230469 0.378906 0.230469 0.402344 0.226562 0.406250 0.222656 0.406250 0.222656 0.410156 0.218750 0.414062 0.195312 0.414062 0.191406 0.410156 0.167969 0.410156 0.164062 0.406250 0.164062 0.386719 0.156250 0.378906
5 0.296875 0.347656 0.292969 0.351562 0.285156 0.351562 0.281250 0.355469 0.281250 0.367188 0.312500 0.367188 0.312500 0.355469 0.308594 0.355469 0.304688 0.351562 0.304688 0.347656
5 0.488281 0.339844 0.488281 0.355469 0.484375 0.359375 0.480469 0.359375 0.480469 0.375000 0.476562 0.378906 0.464844 0.378906 0.464844 0.390625 0.460938 0.394531 0.453125 0.394531 0.449219 0.398438 0.445312 0.398438 0.445312 0.410156 0.441406 0.414062 0.437500 0.414062 0.433594 0.417969 0.433594 0.425781 0.449219 0.425781 0.453125 0.429688 0.453125 0.433594 0.457031 0.437500 0.457031 0.453125 0.453125 0.457031 0.453125 0.464844 0.457031 0.464844 0.460938 0.468750 0.460938 0.500000 0.457031 0.503906 0.457031 0.531250 0.453125 0.535156 0.429688 0.535156 0.425781 0.539062 0.425781 0.582031 0.433594 0.582031 0.453125 0.601562 0.453125 0.632812 0.449219 0.636719 0.425781 0.636719 0.421875 0.640625 0.421875 0.656250 0.433594 0.656250 0.433594 0.644531 0.437500 0.640625 0.453125 0.640625 0.460938 0.648438 0.460938 0.671875 0.464844 0.675781 0.476562 0.675781 0.476562 0.667969 0.480469 0.664062 0.480469 0.660156 0.484375 0.656250 0.488281 0.656250 0.492188 0.652344 0.492188 0.648438 0.496094 0.644531 0.500000 0.644531 0.503906 0.640625 0.503906 0.609375 0.507812 0.605469 0.507812 0.597656 0.503906 0.593750 0.496094 0.593750 0.492188 0.589844 0.492188 0.582031 0.484375 0.582031 0.484375 0.585938 0.476562 0.593750 0.460938 0.593750 0.457031 0.589844 0.457031 0.558594 0.464844 0.550781 0.468750 0.550781 0.468750 0.542969 0.464844 0.539062 0.464844 0.523438 0.468750 0.519531 0.468750 0.515625 0.472656 0.511719 0.472656 0.507812 0.476562 0.503906 0.480469 0.503906 0.484375 0.500000 0.484375 0.480469 0.480469 0.476562 0.480469 0.460938 0.484375 0.457031 0.484375 0.453125 0.488281 0.449219 0.492188 0.449219 0.492188 0.437500 0.496094 0.433594 0.507812 0.433594 0.507812 0.421875 0.515625 0.414062 0.519531 0.414062 0.519531 0.406250 0.527344 0.398438 0.527344 0.390625 0.523438 0.386719 0.523438 0.367188 0.527344 0.363281 0.542969 0.363281 0.542969 0.355469 0.539062 0.351562 0.515625 0.351562 0.511719 0.347656 0.511719 0.343750 0.503906 0.343750 0.500000 0.339844
5 0.246094 0.335938 0.246094 0.343750 0.253906 0.343750 0.253906 0.335938
5 0.730469 0.304688 0.726562 0.308594 0.718750 0.308594 0.718750 0.316406 0.722656 0.320312 0.722656 0.335938 0.742188 0.335938 0.746094 0.339844 0.746094 0.343750 0.750000 0.347656 0.757812 0.347656 0.757812 0.339844 0.765625 0.332031 0.765625 0.328125 0.769531 0.324219 0.785156 0.324219 0.789062 0.328125 0.796875 0.328125 0.800781 0.324219 0.800781 0.316406 0.796875 0.312500 0.789062 0.312500 0.785156 0.316406 0.769531 0.316406 0.761719 0.308594 0.742188 0.308594 0.738281 0.304688
5 0.851562 0.300781 0.851562 0.308594 0.847656 0.312500 0.847656 0.316406 0.843750 0.320312 0.828125 0.320312 0.824219 0.324219 0.824219 0.339844 0.828125 0.343750 0.828125 0.367188 0.835938 0.367188 0.839844 0.371094 0.839844 0.375000 0.847656 0.375000 0.847656 0.363281 0.851562 0.359375 0.851562 0.351562 0.855469 0.347656 0.855469 0.335938 0.859375 0.332031 0.859375 0.324219 0.863281 0.320312 0.863281 0.304688 0.859375 0.300781
5 0.585938 0.230469 0.582031 0.234375 0.523438 0.234375 0.523438 0.238281 0.515625 0.246094 0.515625 0.250000 0.511719 0.253906 0.511719 0.261719 0.523438 0.261719 0.527344 0.265625 0.531250 0.265625 0.535156 0.269531 0.535156 0.273438 0.539062 0.277344 0.546875 0.277344 0.550781 0.281250 0.562500 0.281250 0.562500 0.277344 0.566406 0.273438 0.566406 0.257812 0.570312 0.253906 0.585938 0.253906 0.593750 0.246094 0.597656 0.246094 0.597656 0.238281 0.593750 0.234375 0.593750 0.230469
5 0.664062 0.199219 0.664062 0.207031 0.671875 0.207031 0.679688 0.214844 0.691406 0.214844 0.691406 0.207031 0.687500 0.207031 0.679688 0.199219
5 0.746094 0.187500 0.746094 0.191406 0.742188 0.195312 0.738281 0.195312 0.726562 0.207031 0.726562 0.210938 0.722656 0.214844 0.714844 0.214844 0.714844 0.222656 0.726562 0.222656 0.730469 0.218750 0.734375 0.218750 0.738281 0.214844 0.753906 0.214844 0.753906 0.187500
5 0.308594 0.164062 0.308594 0.167969 0.304688 0.171875 0.304688 0.175781 0.300781 0.179688 0.296875 0.179688 0.292969 0.183594 0.292969 0.210938 0.289062 0.214844 0.265625 0.214844 0.253906 0.226562 0.253906 0.234375 0.257812 0.238281 0.257812 0.253906 0.253906 0.257812 0.250000 0.257812 0.250000 0.265625 0.253906 0.269531 0.253906 0.273438 0.257812 0.277344 0.257812 0.285156 0.269531 0.285156 0.273438 0.281250 0.292969 0.281250 0.300781 0.289062 0.300781 0.296875 0.304688 0.300781 0.304688 0.308594 0.328125 0.308594 0.332031 0.312500 0.332031 0.328125 0.363281 0.328125 0.371094 0.335938 0.371094 0.339844 0.375000 0.343750 0.375000 0.347656 0.386719 0.347656 0.386719 0.339844 0.382812 0.335938 0.382812 0.308594 0.375000 0.300781 0.375000 0.285156 0.367188 0.277344 0.367188 0.246094 0.363281 0.242188 0.363281 0.218750 0.359375 0.214844 0.359375 0.207031 0.355469 0.207031 0.351562 0.203125 0.320312 0.203125 0.316406 0.199219 0.316406 0.164062
5 0.425781 0.156250 0.421875 0.160156 0.417969 0.160156 0.417969 0.167969 0.433594 0.167969 0.433594 0.156250
5 0.492188 0.140625 0.492188 0.156250 0.488281 0.160156 0.464844 0.160156 0.457031 0.167969 0.457031 0.171875 0.453125 0.175781 0.437500 0.175781 0.437500 0.195312 0.441406 0.199219 0.441406 0.214844 0.437500 0.218750 0.421875 0.218750 0.417969 0.222656 0.390625 0.222656 0.386719 0.226562 0.386719 0.234375 0.390625 0.234375 0.394531 0.238281 0.394531 0.242188 0.402344 0.242188 0.406250 0.246094 0.406250 0.250000 0.410156 0.253906 0.410156 0.265625 0.414062 0.269531 0.429688 0.269531 0.429688 0.265625 0.433594 0.261719 0.437500 0.261719 0.437500 0.257812 0.445312 0.250000 0.445312 0.226562 0.449219 0.222656 0.449219 0.218750 0.453125 0.214844 0.457031 0.214844 0.460938 0.210938 0.480469 0.210938 0.484375 0.207031 0.511719 0.207031 0.511719 0.191406 0.507812 0.187500 0.507812 0.179688 0.503906 0.179688 0.500000 0.175781 0.500000 0.140625
5 0.546875 0.132812 0.546875 0.144531 0.558594 0.144531 0.562500 0.148438 0.562500 0.152344 0.566406 0.156250 0.566406 0.160156 0.570312 0.164062 0.605469 0.164062 0.605469 0.152344 0.589844 0.152344 0.585938 0.148438 0.578125 0.148438 0.574219 0.144531 0.562500 0.144531 0.558594 0.140625 0.558594 0.136719 0.554688 0.132812
5 0.503906 0.101562 0.503906 0.109375 0.515625 0.109375 0.519531 0.113281 0.519531 0.121094 0.527344 0.121094 0.527344 0.113281 0.519531 0.113281 0.515625 0.109375 0.515625 0.101562
5 0.449219 0.070312 0.449219 0.078125 0.457031 0.078125 0.457031 0.070312
