5 0.625000 0.886719 0.625000 0.898438 0.628906 0.902344 0.636719 0.902344 0.644531 0.910156 0.652344 0.910156 0.652344 0.902344 0.644531 0.894531 0.644531 0.890625 0.636719 0.890625 0.632812 0.886719
5 0.558594 0.832031 0.558594 0.867188 0.562500 0.871094 0.570312 0.871094 0.574219 0.875000 0.574219 0.882812 0.582031 0.882812 0.585938 0.878906 0.585938 0.863281 0.582031 0.859375 0.578125 0.859375 0.574219 0.855469 0.570312 0.855469 0.566406 0.851562 0.566406 0.832031
5 0.726562 0.824219 0.726562 0.843750 0.722656 0.847656 0.703125 0.847656 0.699219 0.843750 0.695312 0.843750 0.691406 0.839844 0.675781 0.839844 0.675781 0.847656 0.679688 0.847656 0.687500 0.855469 0.687500 0.875000 0.691406 0.878906 0.691406 0.894531 0.687500 0.898438 0.687500 0.906250 0.691406 0.906250 0.695312 0.910156 0.703125 0.910156 0.703125 0.886719 0.707031 0.882812 0.718750 0.882812 0.718750 0.871094 0.722656 0.867188 0.734375 0.867188 0.738281 0.863281 0.753906 0.863281 0.761719 0.871094 0.769531 0.871094 0.769531 0.851562 0.742188 0.851562 0.738281 0.847656 0.738281 0.843750 0.734375 0.839844 0.734375 0.824219
5 0.703125 0.812500 0.703125 0.820312 0.714844 0.820312 0.714844 0.812500
5 0.132812 0.761719 0.132812 0.781250 0.128906 0.785156 0.128906 0.796875 0.136719 0.796875 0.136719 0.773438 0.140625 0.769531 0.140625 0.761719
5 0.648438 0.753906 0.644531 0.757812 0.628906 0.757812 0.628906 0.769531 0.625000 0.773438 0.625000 0.789062 0.621094 0.792969 0.609375 0.792969 0.609375 0.800781 0.605469 0.804688 0.589844 0.804688 0.585938 0.800781 0.585938 0.792969 0.574219 0.781250 0.566406 0.781250 0.566406 0.785156 0.562500 0.789062 0.562500 0.796875 0.566406 0.800781 0.566406 0.804688 0.570312 0.804688 0.574219 0.808594 0.574219 0.828125 0.582031 0.828125 0.582031 0.824219 0.585938 0.820312 0.625000 0.820312 0.625000 0.792969 0.628906 0.789062 0.632812 0.789062 0.636719 0.785156 0.648438 0.785156 0.648438 0.781250 0.652344 0.777344 0.671875 0.777344 0.675781 0.781250 0.683594 0.781250 0.683594 0.769531 0.671875 0.757812 0.671875 0.753906
5 0.566406 0.742188 0.562500 0.746094 0.562500 0.753906 0.582031 0.753906 0.582031 0.746094 0.578125 0.742188
5 0.808594 0.707031 0.804688 0.710938 0.800781 0.710938 0.800781 0.726562 0.796875 0.730469 0.789062 0.730469 0.789062 0.734375 0.785156 0.738281 0.785156 0.742188 0.781250 0.746094 0.781250 0.753906 0.785156 0.753906 0.789062 0.757812 0.789062 0.761719 0.796875 0.761719 0.800781 0.765625 0.800781 0.796875 0.804688 0.800781 0.808594 0.800781 0.816406 0.808594 0.824219 0.808594 0.828125 0.812500 0.828125 0.820312 0.832031 0.820312 0.835938 0.824219 0.835938 0.832031 0.839844 0.835938 0.839844 0.851562 0.835938 0.855469 0.835938 0.867188 0.843750 0.867188 0.847656 0.871094 0.855469 0.871094 0.855469 0.843750 0.859375 0.839844 0.863281 0.839844 0.863281 0.832031 0.867188 0.828125 0.867188 0.820312 0.863281 0.816406 0.863281 0.812500 0.859375 0.808594 0.847656 0.808594 0.843750 0.812500 0.828125 0.812500 0.824219 0.808594 0.824219 0.789062 0.816406 0.781250 0.812500 0.781250 0.808594 0.777344 0.808594 0.761719 0.804688 0.757812 0.804688 0.730469 0.808594 0.726562 0.812500 0.726562 0.812500 0.722656 0.816406 0.718750 0.820312 0.718750 0.824219 0.714844 0.824219 0.707031
5 0.843750 0.625000 0.843750 0.652344 0.847656 0.656250 0.847656 0.671875 0.843750 0.675781 0.839844 0.675781 0.835938 0.679688 0.835938 0.687500 0.843750 0.687500 0.847656 0.683594 0.890625 0.683594 0.894531 0.687500 0.894531 0.691406 0.902344 0.691406 0.906250 0.695312 0.906250 0.718750 0.914062 0.718750 0.914062 0.714844 0.917969 0.710938 0.921875 0.710938 0.921875 0.699219 0.925781 0.695312 0.925781 0.683594 0.886719 0.683594 0.882812 0.679688 0.882812 0.664062 0.878906 0.660156 0.878906 0.648438 0.875000 0.644531 0.875000 0.632812 0.871094 0.632812 0.867188 0.628906 0.863281 0.628906 0.859375 0.625000
5 0.812500 0.601562 0.812500 0.613281 0.820312 0.613281 0.824219 0.617188 0.824219 0.621094 0.832031 0.621094 0.832031 0.613281 0.824219 0.613281 0.820312 0.609375 0.820312 0.601562
5 0.496094 0.562500 0.496094 0.566406 0.492188 0.570312 0.492188 0.582031 0.488281 0.585938 0.468750 0.585938 0.468750 0.601562 0.472656 0.605469 0.472656 0.621094 0.480469 0.628906 0.480469 0.636719 0.488281 0.636719 0.488281 0.628906 0.492188 0.625000 0.519531 0.625000 0.523438 0.628906 0.523438 0.640625 0.527344 0.640625 0.531250 0.644531 0.531250 0.656250 0.554688 0.656250 0.558594 0.660156 0.558594 0.664062 0.566406 0.664062 0.570312 0.660156 0.585938 0.660156 0.589844 0.664062 0.589844 0.675781 0.593750 0.679688 0.593750 0.695312 0.597656 0.699219 0.609375 0.699219 0.609375 0.687500 0.605469 0.687500 0.601562 0.683594 0.601562 0.671875 0.597656 0.667969 0.597656 0.648438 0.601562 0.644531 0.601562 0.636719 0.585938 0.636719 0.585938 0.648438 0.582031 0.652344 0.546875 0.652344 0.542969 0.648438 0.542969 0.625000 0.515625 0.625000 0.511719 0.621094 0.511719 0.597656 0.515625 0.593750 0.515625 0.582031 0.503906 0.570312 0.503906 0.562500
5 0.566406 0.441406 0.566406 0.449219 0.570312 0.453125 0.570312 0.472656 0.585938 0.472656 0.585938 0.460938 0.582031 0.457031 0.578125 0.457031 0.574219 0.453125 0.574219 0.441406
5 0.359375 0.441406 0.359375 0.449219 0.355469 0.453125 0.347656 0.453125 0.347656 0.480469 0.343750 0.484375 0.343750 0.492188 0.347656 0.496094 0.355469 0.496094 0.363281 0.503906 0.371094 0.503906 0.371094 0.500000 0.375000 0.496094 0.375000 0.492188 0.378906 0.488281 0.378906 0.480469 0.375000 0.476562 0.375000 0.460938 0.367188 0.453125 0.367188 0.441406
5 0.109375 0.320312 0.109375 0.343750 0.113281 0.347656 0.113281 0.359375 0.117188 0.363281 0.117188 0.390625 0.113281 0.394531 0.109375 0.394531 0.109375 0.402344 0.113281 0.406250 0.113281 0.414062 0.121094 0.421875 0.144531 0.421875 0.148438 0.425781 0.152344 0.425781 0.156250 0.429688 0.167969 0.429688 0.171875 0.433594 0.171875 0.445312 0.179688 0.445312 0.183594 0.449219 0.199219 0.449219 0.203125 0.453125 0.203125 0.460938 0.210938 0.460938 0.214844 0.464844 0.214844 0.480469 0.210938 0.484375 0.210938 0.503906 0.207031 0.507812 0.207031 0.519531 0.203125 0.523438 0.191406 0.523438 0.187500 0.527344 0.187500 0.535156 0.183594 0.539062 0.167969 0.539062 0.167969 0.554688 0.164062 0.558594 0.164062 0.574219 0.167969 0.578125 0.175781 0.578125 0.179688 0.574219 0.183594 0.574219 0.187500 0.570312 0.207031 0.570312 0.207031 0.554688 0.210938 0.550781 0.230469 0.550781 0.230469 0.546875 0.234375 0.542969 0.250000 0.542969 0.253906 0.546875 0.253906 0.562500 0.250000 0.566406 0.242188 0.566406 0.242188 0.574219 0.234375 0.582031 0.230469 0.582031 0.226562 0.585938 0.222656 0.585938 0.222656 0.605469 0.226562 0.609375 0.230469 0.609375 0.234375 0.613281 0.234375 0.644531 0.269531 0.644531 0.273438 0.648438 0.273438 0.652344 0.277344 0.652344 0.281250 0.656250 0.285156 0.656250 0.292969 0.664062 0.292969 0.671875 0.300781 0.679688 0.300781 0.699219 0.296875 0.703125 0.292969 0.703125 0.285156 0.710938 0.281250 0.710938 0.281250 0.718750 0.285156 0.718750 0.289062 0.722656 0.289062 0.750000 0.296875 0.757812 0.300781 0.757812 0.308594 0.765625 0.308594 0.769531 0.312500 0.773438 0.312500 0.789062 0.308594 0.792969 0.273438 0.792969 0.261719 0.781250 0.250000 0.781250 0.246094 0.785156 0.226562 0.785156 0.222656 0.781250 0.222656 0.761719 0.226562 0.757812 0.226562 0.750000 0.222656 0.746094 0.222656 0.742188 0.218750 0.738281 0.218750 0.722656 0.191406 0.722656 0.187500 0.718750 0.179688 0.718750 0.179688 0.734375 0.183594 0.738281 0.183594 0.750000 0.187500 0.753906 0.187500 0.765625 0.191406 0.769531 0.199219 0.769531 0.203125 0.773438 0.203125 0.796875 0.199219 0.800781 0.187500 0.800781 0.187500 0.804688 0.183594 0.808594 0.156250 0.808594 0.156250 0.816406 0.253906 0.816406 0.257812 0.820312 0.257812 0.835938 0.265625 0.843750 0.265625 0.847656 0.273438 0.855469 0.273438 0.867188 0.281250 0.867188 0.285156 0.871094 0.285156 0.886719 0.281250 0.890625 0.265625 0.890625 0.261719 0.886719 0.261719 0.882812 0.253906 0.882812 0.253906 0.890625 0.273438 0.890625 0.277344 0.894531 0.277344 0.906250 0.281250 0.906250 0.285156 0.910156 0.296875 0.910156 0.300781 0.914062 0.300781 0.921875 0.320312 0.921875 0.324219 0.925781 0.343750 0.925781 0.347656 0.921875 0.375000 0.921875 0.378906 0.925781 0.394531 0.925781 0.394531 0.921875 0.402344 0.914062 0.410156 0.914062 0.410156 0.906250 0.414062 0.902344 0.417969 0.902344 0.417969 0.894531 0.398438 0.894531 0.398438 0.898438 0.394531 0.902344 0.394531 0.906250 0.390625 0.910156 0.371094 0.910156 0.367188 0.914062 0.351562 0.914062 0.347656 0.910156 0.347656 0.906250 0.332031 0.906250 0.328125 0.902344 0.328125 0.859375 0.332031 0.855469 0.332031 0.851562 0.335938 0.847656 0.339844 0.847656 0.339844 0.839844 0.343750 0.835938 0.343750 0.820312 0.351562 0.812500 0.359375 0.812500 0.359375 0.808594 0.363281 0.804688 0.378906 0.804688 0.382812 0.808594 0.382812 0.812500 0.390625 0.812500 0.394531 0.808594 0.402344 0.808594 0.402344 0.792969 0.406250 0.789062 0.410156 0.789062 0.410156 0.777344 0.382812 0.777344 0.378906 0.773438 0.378906 0.757812 0.375000 0.753906 0.375000 0.750000 0.371094 0.746094 0.371094 0.738281 0.367188 0.734375 0.359375 0.734375 0.355469 0.730469 0.355469 0.722656 0.308594 0.722656 0.304688 0.718750 0.304688 0.695312 0.308594 0.691406 0.324219 0.691406 0.328125 0.695312 0.328125 0.699219 0.335938 0.699219 0.335938 0.695312 0.339844 0.691406 0.355469 0.691406 0.359375 0.687500 0.367188 0.687500 0.375000 0.679688 0.375000 0.664062 0.363281 0.664062 0.355469 0.656250 0.351562 0.656250 0.347656 0.652344 0.347656 0.628906 0.328125 0.628906 0.324219 0.625000 0.324219 0.609375 0.316406 0.609375 0.312500 0.605469 0.312500 0.593750 0.308594 0.589844 0.292969 0.589844 0.292969 0.597656 0.289062 0.601562 0.269531 0.601562 0.265625 0.597656 0.265625 0.582031 0.269531 0.578125 0.289062 0.578125 0.289062 0.562500 0.285156 0.558594 0.281250 0.558594 0.277344 0.554688 0.277344 0.542969 0.257812 0.542969 0.253906 0.539062 0.253906 0.519531 0.246094 0.519531 0.242188 0.515625 0.242188 0.500000 0.238281 0.500000 0.234375 0.496094 0.234375 0.492188 0.230469 0.488281 0.230469 0.460938 0.226562 0.457031 0.214844 0.457031 0.210938 0.453125 0.207031 0.453125 0.203125 0.449219 0.203125 0.425781 0.199219 0.421875 0.199219 0.410156 0.195312 0.410156 0.191406 0.406250 0.191406 0.402344 0.183594 0.402344 0.183594 0.417969 0.179688 0.421875 0.164062 0.421875 0.160156 0.417969 0.140625 0.417969 0.125000 0.402344 0.125000 0.367188 0.132812 0.359375 0.136719 0.359375 0.140625 0.355469 0.140625 0.335938 0.128906 0.335938 0.125000 0.332031 0.125000 0.328125 0.117188 0.320312
5 0.343750 0.242188 0.343750 0.250000 0.359375 0.250000 0.359375 0.242188
5 0.179688 0.238281 0.175781 0.242188 0.160156 0.242188 0.160156 0.246094 0.156250 0.250000 0.156250 0.253906 0.152344 0.257812 0.144531 0.257812 0.144531 0.277344 0.171875 0.277344 0.175781 0.281250 0.191406 0.281250 0.191406 0.261719 0.195312 0.257812 0.203125 0.257812 0.203125 0.250000 0.195312 0.242188 0.191406 0.242188 0.187500 0.238281
5 0.265625 0.230469 0.265625 0.234375 0.261719 0.238281 0.257812 0.238281 0.257812 0.246094 0.261719 0.250000 0.269531 0.250000 0.269531 0.246094 0.273438 0.242188 0.273438 0.230469
5 0.695312 0.207031 0.695312 0.214844 0.691406 0.218750 0.691406 0.238281 0.687500 0.242188 0.687500 0.261719 0.695312 0.269531 0.695312 0.285156 0.691406 0.289062 0.667969 0.289062 0.667969 0.312500 0.664062 0.316406 0.660156 0.316406 0.656250 0.320312 0.648438 0.320312 0.648438 0.343750 0.644531 0.347656 0.628906 0.347656 0.625000 0.343750 0.625000 0.339844 0.621094 0.335938 0.613281 0.335938 0.605469 0.328125 0.570312 0.328125 0.566406 0.324219 0.558594 0.324219 0.554688 0.328125 0.550781 0.328125 0.550781 0.332031 0.546875 0.335938 0.515625 0.335938 0.511719 0.332031 0.503906 0.332031 0.500000 0.328125 0.500000 0.324219 0.492188 0.324219 0.488281 0.320312 0.488281 0.312500 0.484375 0.312500 0.480469 0.308594 0.468750 0.308594 0.468750 0.316406 0.464844 0.320312 0.441406 0.320312 0.437500 0.316406 0.437500 0.308594 0.429688 0.308594 0.425781 0.312500 0.421875 0.312500 0.417969 0.316406 0.417969 0.328125 0.414062 0.332031 0.414062 0.339844 0.410156 0.343750 0.402344 0.343750 0.402344 0.355469 0.398438 0.359375 0.386719 0.359375 0.378906 0.367188 0.363281 0.367188 0.359375 0.371094 0.359375 0.382812 0.363281 0.386719 0.363281 0.390625 0.386719 0.390625 0.386719 0.386719 0.390625 0.382812 0.398438 0.382812 0.398438 0.359375 0.402344 0.355469 0.433594 0.355469 0.437500 0.359375 0.437500 0.382812 0.433594 0.386719 0.421875 0.386719 0.421875 0.394531 0.425781 0.394531 0.429688 0.398438 0.429688 0.425781 0.433594 0.429688 0.437500 0.429688 0.445312 0.437500 0.445312 0.449219 0.460938 0.449219 0.464844 0.453125 0.476562 0.453125 0.476562 0.449219 0.480469 0.445312 0.480469 0.437500 0.484375 0.433594 0.488281 0.433594 0.492188 0.429688 0.496094 0.429688 0.496094 0.421875 0.500000 0.417969 0.527344 0.417969 0.531250 0.421875 0.535156 0.421875 0.539062 0.425781 0.539062 0.433594 0.550781 0.433594 0.550781 0.417969 0.554688 0.414062 0.558594 0.414062 0.562500 0.410156 0.562500 0.402344 0.566406 0.398438 0.570312 0.398438 0.574219 0.394531 0.589844 0.394531 0.593750 0.398438 0.601562 0.398438 0.605469 0.402344 0.605469 0.425781 0.601562 0.429688 0.597656 0.429688 0.597656 0.437500 0.605469 0.437500 0.605469 0.429688 0.609375 0.425781 0.613281 0.425781 0.613281 0.386719 0.617188 0.382812 0.632812 0.382812 0.640625 0.390625 0.648438 0.390625 0.652344 0.394531 0.656250 0.394531 0.660156 0.398438 0.660156 0.402344 0.675781 0.402344 0.679688 0.406250 0.679688 0.457031 0.683594 0.460938 0.683594 0.464844 0.703125 0.464844 0.707031 0.468750 0.710938 0.468750 0.714844 0.472656 0.718750 0.472656 0.722656 0.476562 0.726562 0.476562 0.730469 0.480469 0.730469 0.511719 0.746094 0.511719 0.750000 0.515625 0.750000 0.523438 0.753906 0.523438 0.757812 0.527344 0.757812 0.535156 0.773438 0.535156 0.773438 0.527344 0.777344 0.523438 0.792969 0.523438 0.792969 0.511719 0.796875 0.507812 0.812500 0.507812 0.816406 0.511719 0.816406 0.519531 0.820312 0.519531 0.824219 0.523438 0.828125 0.523438 0.832031 0.527344 0.847656 0.527344 0.847656 0.507812 0.843750 0.503906 0.839844 0.503906 0.835938 0.500000 0.835938 0.488281 0.828125 0.488281 0.828125 0.496094 0.824219 0.500000 0.808594 0.500000 0.800781 0.492188 0.789062 0.492188 0.789062 0.507812 0.785156 0.511719 0.769531 0.511719 0.765625 0.507812 0.765625 0.492188 0.769531 0.488281 0.773438 0.488281 0.773438 0.464844 0.777344 0.460938 0.781250 0.460938 0.785156 0.457031 0.796875 0.457031 0.800781 0.453125 0.804688 0.453125 0.812500 0.445312 0.828125 0.445312 0.832031 0.449219 0.839844 0.449219 0.843750 0.445312 0.843750 0.433594 0.847656 0.429688 0.847656 0.414062 0.839844 0.414062 0.835938 0.410156 0.835938 0.390625 0.832031 0.386719 0.828125 0.386719 0.824219 0.382812 0.824219 0.371094 0.820312 0.367188 0.820312 0.343750 0.796875 0.343750 0.789062 0.335938 0.789062 0.308594 0.792969 0.304688 0.808594 0.304688 0.812500 0.308594 0.812500 0.316406 0.820312 0.316406 0.824219 0.320312 0.824219 0.335938 0.855469 0.335938 0.859375 0.339844 0.859375 0.359375 0.863281 0.363281 0.863281 0.371094 0.867188 0.375000 0.871094 0.375000 0.875000 0.378906 0.875000 0.382812 0.878906 0.386719 0.921875 0.386719 0.921875 0.335938 0.917969 0.332031 0.917969 0.328125 0.914062 0.324219 0.914062 0.316406 0.906250 0.308594 0.906250 0.300781 0.902344 0.296875 0.902344 0.285156 0.894531 0.285156 0.890625 0.281250 0.890625 0.269531 0.886719 0.265625 0.886719 0.253906 0.882812 0.250000 0.882812 0.246094 0.878906 0.242188 0.875000 0.242188 0.871094 0.238281 0.871094 0.222656 0.867188 0.218750 0.855469 0.218750 0.851562 0.214844 0.843750 0.214844 0.835938 0.207031 0.828125 0.207031 0.824219 0.210938 0.800781 0.210938 0.800781 0.226562 0.796875 0.230469 0.773438 0.230469 0.769531 0.226562 0.769531 0.214844 0.753906 0.214844 0.750000 0.210938 0.718750 0.210938 0.714844 0.207031
5 0.316406 0.199219 0.316406 0.207031 0.324219 0.207031 0.324219 0.199219
5 0.312500 0.113281 0.312500 0.132812 0.308594 0.136719 0.308594 0.148438 0.312500 0.152344 0.316406 0.152344 0.328125 0.164062 0.335938 0.164062 0.339844 0.160156 0.378906 0.160156 0.378906 0.148438 0.367188 0.148438 0.363281 0.144531 0.363281 0.140625 0.351562 0.140625 0.347656 0.136719 0.343750 0.136719 0.339844 0.132812 0.335938 0.132812 0.320312 0.117188 0.320312 0.113281
5 0.515625 0.105469 0.511719 0.109375 0.488281 0.109375 0.488281 0.128906 0.507812 0.128906 0.507812 0.125000 0.511719 0.121094 0.527344 0.121094 0.531250 0.125000 0.531250 0.132812 0.535156 0.132812 0.539062 0.136719 0.542969 0.136719 0.546875 0.140625 0.566406 0.140625 0.570312 0.144531 0.570312 0.152344 0.578125 0.152344 0.578125 0.148438 0.582031 0.144531 0.593750 0.144531 0.593750 0.136719 0.589844 0.136719 0.585938 0.132812 0.582031 0.132812 0.574219 0.125000 0.558594 0.125000 0.554688 0.121094 0.554688 0.117188 0.546875 0.117188 0.542969 0.113281 0.527344 0.113281 0.523438 0.109375 0.523438 0.105469
5 0.441406 0.093750 0.441406 0.105469 0.457031 0.105469 0.457031 0.093750
