5 0.410156 0.882812 0.406250 0.886719 0.406250 0.898438 0.402344 0.902344 0.386719 0.902344 0.382812 0.898438 0.371094 0.898438 0.371094 0.917969 0.378906 0.917969 0.386719 0.925781 0.394531 0.925781 0.398438 0.921875 0.421875 0.921875 0.421875 0.894531 0.425781 0.890625 0.429688 0.890625 0.429688 0.882812
5 0.468750 0.875000 0.468750 0.878906 0.464844 0.882812 0.460938 0.882812 0.457031 0.886719 0.457031 0.902344 0.480469 0.902344 0.484375 0.898438 0.488281 0.898438 0.492188 0.894531 0.492188 0.882812 0.488281 0.882812 0.484375 0.878906 0.484375 0.875000
5 0.253906 0.871094 0.253906 0.882812 0.257812 0.886719 0.257812 0.906250 0.261719 0.910156 0.261719 0.917969 0.269531 0.925781 0.277344 0.925781 0.277344 0.906250 0.281250 0.902344 0.300781 0.902344 0.304688 0.898438 0.324219 0.898438 0.324219 0.890625 0.292969 0.890625 0.281250 0.878906 0.273438 0.878906 0.265625 0.871094
5 0.136719 0.808594 0.136719 0.816406 0.152344 0.816406 0.152344 0.808594
5 0.187500 0.750000 0.187500 0.757812 0.199219 0.757812 0.199219 0.750000
5 0.238281 0.738281 0.238281 0.742188 0.234375 0.746094 0.230469 0.746094 0.226562 0.750000 0.222656 0.750000 0.222656 0.777344 0.218750 0.781250 0.210938 0.781250 0.210938 0.792969 0.214844 0.796875 0.226562 0.796875 0.230469 0.800781 0.230469 0.835938 0.226562 0.839844 0.218750 0.839844 0.214844 0.843750 0.199219 0.843750 0.195312 0.839844 0.183594 0.839844 0.179688 0.835938 0.179688 0.828125 0.175781 0.828125 0.171875 0.824219 0.156250 0.824219 0.156250 0.832031 0.160156 0.835938 0.164062 0.835938 0.171875 0.843750 0.171875 0.847656 0.175781 0.851562 0.187500 0.851562 0.191406 0.847656 0.207031 0.847656 0.210938 0.851562 0.210938 0.855469 0.214844 0.859375 0.214844 0.863281 0.230469 0.863281 0.230469 0.828125 0.234375 0.824219 0.242188 0.824219 0.242188 0.816406 0.234375 0.816406 0.230469 0.812500 0.230469 0.769531 0.234375 0.765625 0.250000 0.765625 0.253906 0.761719 0.253906 0.757812 0.257812 0.753906 0.257812 0.738281
5 0.285156 0.722656 0.285156 0.738281 0.289062 0.742188 0.289062 0.746094 0.296875 0.746094 0.300781 0.750000 0.300781 0.753906 0.304688 0.757812 0.304688 0.769531 0.324219 0.769531 0.328125 0.765625 0.335938 0.765625 0.339844 0.761719 0.351562 0.761719 0.355469 0.757812 0.378906 0.757812 0.378906 0.750000 0.375000 0.750000 0.371094 0.746094 0.371094 0.742188 0.347656 0.742188 0.343750 0.746094 0.328125 0.746094 0.324219 0.742188 0.324219 0.734375 0.320312 0.734375 0.316406 0.730469 0.316406 0.726562 0.308594 0.726562 0.304688 0.722656
5 0.218750 0.695312 0.218750 0.699219 0.214844 0.703125 0.214844 0.722656 0.226562 0.722656 0.226562 0.695312
5 0.875000 0.687500 0.871094 0.691406 0.855469 0.691406 0.855469 0.699219 0.859375 0.699219 0.863281 0.703125 0.863281 0.707031 0.871094 0.714844 0.871094 0.746094 0.882812 0.746094 0.886719 0.742188 0.890625 0.742188 0.890625 0.734375 0.894531 0.730469 0.898438 0.730469 0.898438 0.718750 0.894531 0.714844 0.894531 0.710938 0.890625 0.707031 0.890625 0.703125 0.886719 0.703125 0.882812 0.699219 0.882812 0.687500
5 0.292969 0.648438 0.292969 0.656250 0.300781 0.656250 0.300781 0.648438
5 0.238281 0.648438 0.238281 0.656250 0.250000 0.656250 0.253906 0.660156 0.253906 0.664062 0.261719 0.664062 0.261719 0.656250 0.257812 0.656250 0.253906 0.652344 0.253906 0.648438
5 0.917969 0.593750 0.917969 0.601562 0.925781 0.601562 0.925781 0.593750
5 0.820312 0.562500 0.820312 0.570312 0.816406 0.574219 0.812500 0.574219 0.812500 0.578125 0.808594 0.582031 0.808594 0.605469 0.824219 0.605469 0.824219 0.585938 0.828125 0.582031 0.832031 0.582031 0.839844 0.574219 0.847656 0.574219 0.847656 0.562500
5 0.480469 0.558594 0.476562 0.562500 0.457031 0.562500 0.457031 0.570312 0.453125 0.574219 0.445312 0.574219 0.441406 0.578125 0.433594 0.578125 0.433594 0.582031 0.429688 0.585938 0.429688 0.589844 0.421875 0.597656 0.417969 0.597656 0.417969 0.609375 0.414062 0.613281 0.398438 0.613281 0.398438 0.617188 0.390625 0.625000 0.386719 0.625000 0.382812 0.628906 0.382812 0.632812 0.378906 0.636719 0.339844 0.636719 0.335938 0.632812 0.332031 0.632812 0.324219 0.625000 0.312500 0.625000 0.312500 0.644531 0.347656 0.644531 0.351562 0.648438 0.351562 0.656250 0.371094 0.656250 0.375000 0.660156 0.375000 0.675781 0.382812 0.675781 0.386719 0.679688 0.386719 0.691406 0.394531 0.699219 0.394531 0.726562 0.406250 0.726562 0.410156 0.722656 0.433594 0.722656 0.437500 0.726562 0.441406 0.726562 0.449219 0.734375 0.457031 0.734375 0.464844 0.726562 0.472656 0.726562 0.476562 0.722656 0.476562 0.714844 0.472656 0.714844 0.468750 0.710938 0.460938 0.710938 0.453125 0.703125 0.453125 0.683594 0.457031 0.679688 0.460938 0.679688 0.460938 0.671875 0.433594 0.671875 0.425781 0.664062 0.425781 0.640625 0.429688 0.636719 0.437500 0.636719 0.445312 0.628906 0.464844 0.628906 0.468750 0.632812 0.468750 0.644531 0.484375 0.644531 0.492188 0.652344 0.492188 0.675781 0.507812 0.675781 0.507812 0.671875 0.511719 0.667969 0.527344 0.667969 0.535156 0.675781 0.535156 0.679688 0.542969 0.687500 0.542969 0.691406 0.550781 0.699219 0.550781 0.703125 0.558594 0.703125 0.566406 0.710938 0.566406 0.722656 0.570312 0.726562 0.570312 0.738281 0.574219 0.742188 0.574219 0.773438 0.578125 0.777344 0.589844 0.777344 0.589844 0.714844 0.597656 0.707031 0.597656 0.683594 0.566406 0.683594 0.558594 0.675781 0.554688 0.675781 0.550781 0.671875 0.550781 0.667969 0.539062 0.656250 0.531250 0.656250 0.527344 0.652344 0.527344 0.636719 0.531250 0.632812 0.562500 0.632812 0.566406 0.636719 0.574219 0.636719 0.582031 0.628906 0.582031 0.621094 0.562500 0.621094 0.558594 0.617188 0.558594 0.609375 0.554688 0.605469 0.554688 0.601562 0.539062 0.601562 0.535156 0.597656 0.535156 0.574219 0.531250 0.570312 0.492188 0.570312 0.488281 0.566406 0.488281 0.558594
5 0.925781 0.546875 0.925781 0.558594 0.929688 0.562500 0.929688 0.570312 0.933594 0.574219 0.941406 0.574219 0.941406 0.558594 0.937500 0.554688 0.937500 0.550781 0.933594 0.546875
5 0.851562 0.542969 0.851562 0.554688 0.863281 0.554688 0.863281 0.546875 0.859375 0.542969
5 0.703125 0.539062 0.699219 0.542969 0.691406 0.542969 0.691406 0.546875 0.683594 0.554688 0.675781 0.554688 0.671875 0.558594 0.640625 0.558594 0.640625 0.585938 0.636719 0.589844 0.636719 0.597656 0.656250 0.597656 0.664062 0.605469 0.664062 0.617188 0.671875 0.617188 0.679688 0.625000 0.679688 0.648438 0.683594 0.648438 0.687500 0.652344 0.687500 0.675781 0.695312 0.675781 0.699219 0.679688 0.699219 0.691406 0.707031 0.691406 0.707031 0.687500 0.710938 0.683594 0.726562 0.683594 0.734375 0.691406 0.742188 0.691406 0.746094 0.695312 0.746094 0.707031 0.750000 0.707031 0.753906 0.710938 0.753906 0.726562 0.750000 0.730469 0.750000 0.746094 0.746094 0.750000 0.738281 0.750000 0.738281 0.765625 0.734375 0.769531 0.730469 0.769531 0.730469 0.777344 0.738281 0.785156 0.750000 0.785156 0.753906 0.789062 0.761719 0.789062 0.761719 0.777344 0.757812 0.773438 0.757812 0.769531 0.753906 0.765625 0.753906 0.742188 0.757812 0.738281 0.761719 0.738281 0.765625 0.734375 0.769531 0.734375 0.773438 0.730469 0.777344 0.730469 0.781250 0.726562 0.785156 0.726562 0.785156 0.714844 0.789062 0.710938 0.804688 0.710938 0.804688 0.703125 0.808594 0.699219 0.828125 0.699219 0.832031 0.703125 0.832031 0.718750 0.839844 0.718750 0.839844 0.710938 0.835938 0.710938 0.832031 0.707031 0.832031 0.675781 0.835938 0.671875 0.839844 0.671875 0.839844 0.667969 0.843750 0.664062 0.843750 0.660156 0.847656 0.656250 0.851562 0.656250 0.851562 0.648438 0.847656 0.644531 0.832031 0.644531 0.828125 0.640625 0.828125 0.632812 0.820312 0.632812 0.816406 0.636719 0.796875 0.636719 0.792969 0.632812 0.792969 0.628906 0.785156 0.621094 0.773438 0.621094 0.773438 0.644531 0.765625 0.652344 0.757812 0.652344 0.753906 0.656250 0.734375 0.656250 0.730469 0.652344 0.730469 0.648438 0.726562 0.644531 0.726562 0.628906 0.730469 0.625000 0.730469 0.597656 0.734375 0.593750 0.761719 0.593750 0.765625 0.597656 0.773438 0.597656 0.773438 0.585938 0.769531 0.582031 0.769531 0.566406 0.773438 0.562500 0.773438 0.554688 0.765625 0.554688 0.761719 0.550781 0.761719 0.546875 0.753906 0.546875 0.750000 0.550781 0.746094 0.550781 0.746094 0.554688 0.742188 0.558594 0.726562 0.558594 0.718750 0.550781 0.718750 0.539062
5 0.562500 0.468750 0.558594 0.472656 0.558594 0.484375 0.562500 0.488281 0.562500 0.492188 0.570312 0.492188 0.574219 0.488281 0.578125 0.488281 0.578125 0.476562 0.574219 0.476562 0.570312 0.472656 0.570312 0.468750
5 0.824219 0.460938 0.820312 0.464844 0.804688 0.464844 0.800781 0.468750 0.800781 0.476562 0.804688 0.480469 0.804688 0.496094 0.812500 0.496094 0.816406 0.500000 0.816406 0.503906 0.824219 0.503906 0.824219 0.496094 0.820312 0.492188 0.820312 0.476562 0.824219 0.472656 0.843750 0.472656 0.847656 0.476562 0.847656 0.488281 0.851562 0.492188 0.851562 0.503906 0.859375 0.503906 0.863281 0.500000 0.863281 0.464844 0.843750 0.464844 0.839844 0.460938
5 0.285156 0.429688 0.285156 0.441406 0.289062 0.445312 0.289062 0.453125 0.292969 0.453125 0.300781 0.460938 0.304688 0.460938 0.308594 0.464844 0.332031 0.464844 0.335938 0.468750 0.335938 0.472656 0.339844 0.476562 0.339844 0.480469 0.351562 0.480469 0.351562 0.464844 0.324219 0.464844 0.320312 0.460938 0.320312 0.449219 0.316406 0.445312 0.316406 0.441406 0.300781 0.441406 0.296875 0.437500 0.296875 0.433594 0.292969 0.429688
5 0.910156 0.417969 0.906250 0.421875 0.902344 0.421875 0.902344 0.460938 0.898438 0.464844 0.898438 0.484375 0.894531 0.488281 0.894531 0.496094 0.890625 0.500000 0.890625 0.511719 0.886719 0.515625 0.886719 0.527344 0.890625 0.531250 0.921875 0.531250 0.921875 0.519531 0.917969 0.515625 0.917969 0.507812 0.914062 0.503906 0.914062 0.484375 0.910156 0.480469 0.910156 0.464844 0.914062 0.460938 0.917969 0.460938 0.917969 0.417969
5 0.406250 0.398438 0.406250 0.406250 0.402344 0.410156 0.398438 0.410156 0.394531 0.414062 0.378906 0.414062 0.375000 0.417969 0.371094 0.417969 0.371094 0.421875 0.367188 0.425781 0.363281 0.425781 0.359375 0.429688 0.355469 0.429688 0.355469 0.437500 0.359375 0.441406 0.359375 0.460938 0.367188 0.460938 0.371094 0.457031 0.378906 0.457031 0.386719 0.449219 0.390625 0.449219 0.398438 0.441406 0.402344 0.441406 0.406250 0.437500 0.406250 0.414062 0.410156 0.410156 0.417969 0.410156 0.417969 0.398438
5 0.644531 0.343750 0.644531 0.367188 0.648438 0.371094 0.648438 0.394531 0.636719 0.406250 0.636719 0.433594 0.640625 0.437500 0.640625 0.484375 0.636719 0.488281 0.636719 0.500000 0.648438 0.500000 0.660156 0.488281 0.660156 0.484375 0.664062 0.480469 0.664062 0.472656 0.671875 0.464844 0.671875 0.460938 0.675781 0.457031 0.675781 0.449219 0.679688 0.445312 0.683594 0.445312 0.687500 0.441406 0.691406 0.441406 0.691406 0.437500 0.695312 0.433594 0.699219 0.433594 0.699219 0.429688 0.703125 0.425781 0.718750 0.425781 0.718750 0.421875 0.722656 0.417969 0.722656 0.398438 0.718750 0.398438 0.710938 0.390625 0.710938 0.386719 0.683594 0.386719 0.679688 0.382812 0.675781 0.382812 0.664062 0.371094 0.664062 0.363281 0.656250 0.355469 0.656250 0.351562 0.652344 0.347656 0.652344 0.343750
5 0.734375 0.312500 0.734375 0.324219 0.730469 0.328125 0.718750 0.328125 0.718750 0.335938 0.722656 0.339844 0.726562 0.339844 0.734375 0.347656 0.734375 0.375000 0.746094 0.375000 0.746094 0.367188 0.753906 0.359375 0.761719 0.359375 0.761719 0.335938 0.753906 0.335938 0.750000 0.332031 0.746094 0.332031 0.742188 0.328125 0.742188 0.312500
5 0.656250 0.281250 0.656250 0.304688 0.652344 0.308594 0.652344 0.320312 0.656250 0.320312 0.660156 0.324219 0.667969 0.324219 0.671875 0.320312 0.675781 0.320312 0.675781 0.285156 0.667969 0.285156 0.664062 0.281250
5 0.375000 0.207031 0.367188 0.214844 0.367188 0.246094 0.363281 0.250000 0.359375 0.250000 0.359375 0.265625 0.355469 0.269531 0.351562 0.269531 0.351562 0.273438 0.339844 0.285156 0.335938 0.285156 0.335938 0.292969 0.332031 0.296875 0.312500 0.296875 0.308594 0.292969 0.304688 0.292969 0.300781 0.289062 0.300781 0.285156 0.261719 0.285156 0.257812 0.289062 0.246094 0.289062 0.246094 0.292969 0.234375 0.304688 0.230469 0.304688 0.226562 0.308594 0.210938 0.308594 0.207031 0.304688 0.207031 0.292969 0.195312 0.292969 0.195312 0.296875 0.187500 0.304688 0.187500 0.308594 0.183594 0.312500 0.183594 0.324219 0.179688 0.328125 0.179688 0.332031 0.175781 0.335938 0.171875 0.335938 0.164062 0.343750 0.156250 0.343750 0.156250 0.351562 0.152344 0.355469 0.136719 0.355469 0.136719 0.371094 0.132812 0.375000 0.128906 0.375000 0.128906 0.382812 0.125000 0.386719 0.125000 0.394531 0.128906 0.398438 0.128906 0.429688 0.125000 0.433594 0.105469 0.433594 0.101562 0.437500 0.089844 0.437500 0.089844 0.449219 0.085938 0.453125 0.085938 0.464844 0.082031 0.468750 0.074219 0.468750 0.074219 0.476562 0.070312 0.480469 0.070312 0.488281 0.066406 0.492188 0.062500 0.492188 0.062500 0.539062 0.066406 0.539062 0.070312 0.542969 0.070312 0.593750 0.082031 0.605469 0.082031 0.625000 0.078125 0.628906 0.078125 0.640625 0.082031 0.644531 0.082031 0.664062 0.089844 0.664062 0.089844 0.605469 0.101562 0.593750 0.109375 0.593750 0.109375 0.578125 0.113281 0.574219 0.128906 0.574219 0.136719 0.566406 0.136719 0.558594 0.140625 0.554688 0.148438 0.554688 0.152344 0.550781 0.160156 0.550781 0.160156 0.542969 0.164062 0.539062 0.187500 0.539062 0.191406 0.535156 0.238281 0.535156 0.242188 0.531250 0.242188 0.527344 0.246094 0.523438 0.250000 0.523438 0.253906 0.519531 0.257812 0.519531 0.265625 0.511719 0.265625 0.503906 0.257812 0.496094 0.222656 0.496094 0.218750 0.492188 0.218750 0.484375 0.214844 0.480469 0.214844 0.460938 0.218750 0.457031 0.222656 0.457031 0.222656 0.445312 0.214844 0.445312 0.210938 0.441406 0.210938 0.437500 0.207031 0.433594 0.207031 0.414062 0.210938 0.410156 0.222656 0.410156 0.222656 0.406250 0.226562 0.402344 0.246094 0.402344 0.250000 0.406250 0.250000 0.410156 0.253906 0.414062 0.253906 0.417969 0.261719 0.417969 0.261719 0.386719 0.265625 0.382812 0.281250 0.382812 0.281250 0.375000 0.285156 0.371094 0.285156 0.367188 0.289062 0.363281 0.308594 0.363281 0.312500 0.367188 0.312500 0.371094 0.316406 0.375000 0.316406 0.386719 0.320312 0.390625 0.320312 0.406250 0.328125 0.406250 0.332031 0.402344 0.343750 0.402344 0.343750 0.394531 0.339844 0.394531 0.335938 0.390625 0.335938 0.367188 0.339844 0.363281 0.343750 0.363281 0.343750 0.355469 0.347656 0.351562 0.347656 0.347656 0.351562 0.343750 0.351562 0.339844 0.355469 0.335938 0.371094 0.335938 0.375000 0.339844 0.382812 0.339844 0.382812 0.328125 0.386719 0.324219 0.386719 0.320312 0.390625 0.316406 0.402344 0.316406 0.402344 0.273438 0.417969 0.257812 0.417969 0.246094 0.414062 0.242188 0.390625 0.242188 0.390625 0.257812 0.386719 0.261719 0.371094 0.261719 0.367188 0.257812 0.367188 0.238281 0.371094 0.234375 0.386719 0.234375 0.386719 0.214844 0.382812 0.210938 0.382812 0.207031
5 0.488281 0.191406 0.488281 0.210938 0.484375 0.214844 0.480469 0.214844 0.480469 0.222656 0.476562 0.226562 0.457031 0.226562 0.457031 0.230469 0.453125 0.234375 0.445312 0.234375 0.445312 0.242188 0.449219 0.246094 0.449219 0.253906 0.453125 0.253906 0.457031 0.257812 0.457031 0.296875 0.453125 0.300781 0.453125 0.316406 0.445312 0.324219 0.433594 0.324219 0.429688 0.328125 0.425781 0.328125 0.425781 0.339844 0.429688 0.343750 0.429688 0.390625 0.441406 0.390625 0.445312 0.394531 0.445312 0.406250 0.457031 0.406250 0.464844 0.398438 0.480469 0.398438 0.484375 0.402344 0.484375 0.441406 0.480469 0.445312 0.476562 0.445312 0.476562 0.468750 0.472656 0.472656 0.468750 0.472656 0.464844 0.476562 0.464844 0.484375 0.460938 0.488281 0.453125 0.488281 0.453125 0.496094 0.457031 0.500000 0.457031 0.519531 0.460938 0.523438 0.480469 0.523438 0.484375 0.527344 0.484375 0.535156 0.507812 0.535156 0.511719 0.531250 0.527344 0.531250 0.527344 0.503906 0.531250 0.500000 0.535156 0.500000 0.535156 0.476562 0.531250 0.472656 0.531250 0.445312 0.539062 0.437500 0.539062 0.429688 0.535156 0.425781 0.531250 0.425781 0.527344 0.421875 0.523438 0.421875 0.519531 0.417969 0.519531 0.386719 0.523438 0.382812 0.523438 0.355469 0.527344 0.351562 0.531250 0.351562 0.535156 0.347656 0.539062 0.347656 0.542969 0.343750 0.546875 0.343750 0.546875 0.332031 0.539062 0.332031 0.535156 0.328125 0.535156 0.320312 0.531250 0.320312 0.519531 0.308594 0.519531 0.292969 0.523438 0.289062 0.527344 0.289062 0.527344 0.277344 0.531250 0.273438 0.535156 0.273438 0.535156 0.246094 0.523438 0.246094 0.519531 0.250000 0.515625 0.250000 0.515625 0.261719 0.511719 0.265625 0.488281 0.265625 0.480469 0.257812 0.480469 0.253906 0.476562 0.250000 0.476562 0.226562 0.480469 0.222656 0.488281 0.222656 0.488281 0.207031 0.492188 0.203125 0.507812 0.203125 0.507812 0.195312 0.503906 0.191406
5 0.722656 0.187500 0.718750 0.191406 0.710938 0.191406 0.710938 0.203125 0.714844 0.203125 0.718750 0.207031 0.718750 0.238281 0.730469 0.238281 0.734375 0.242188 0.734375 0.265625 0.757812 0.265625 0.761719 0.269531 0.777344 0.269531 0.781250 0.273438 0.781250 0.308594 0.777344 0.312500 0.773438 0.312500 0.773438 0.332031 0.789062 0.332031 0.792969 0.328125 0.796875 0.328125 0.796875 0.312500 0.800781 0.308594 0.824219 0.308594 0.832031 0.300781 0.863281 0.300781 0.863281 0.296875 0.867188 0.292969 0.867188 0.277344 0.863281 0.273438 0.863281 0.269531 0.859375 0.269531 0.855469 0.265625 0.855469 0.234375 0.847656 0.226562 0.847656 0.214844 0.843750 0.210938 0.843750 0.199219 0.781250 0.199219 0.777344 0.195312 0.769531 0.195312 0.769531 0.207031 0.773438 0.210938 0.773438 0.226562 0.769531 0.230469 0.769531 0.234375 0.765625 0.238281 0.750000 0.238281 0.746094 0.234375 0.742188 0.234375 0.734375 0.226562 0.734375 0.207031 0.742188 0.199219 0.742188 0.191406 0.738281 0.187500
5 0.429688 0.093750 0.425781 0.097656 0.417969 0.097656 0.414062 0.101562 0.414062 0.136719 0.410156 0.140625 0.394531 0.140625 0.394531 0.152344 0.398438 0.152344 0.406250 0.160156 0.425781 0.160156 0.429688 0.164062 0.429688 0.175781 0.441406 0.187500 0.441406 0.210938 0.453125 0.210938 0.453125 0.171875 0.460938 0.164062 0.464844 0.164062 0.468750 0.160156 0.472656 0.160156 0.472656 0.144531 0.468750 0.144531 0.464844 0.140625 0.464844 0.132812 0.460938 0.128906 0.460938 0.109375 0.464844 0.105469 0.480469 0.105469 0.480469 0.097656 0.460938 0.097656 0.457031 0.093750
5 0.488281 0.054688 0.488281 0.066406 0.496094 0.066406 0.500000 0.070312 0.507812 0.070312 0.511719 0.074219 0.511719 0.097656 0.519531 0.097656 0.523438 0.101562 0.531250 0.101562 0.531250 0.089844 0.527344 0.089844 0.523438 0.085938 0.523438 0.078125 0.515625 0.078125 0.511719 0.074219 0.511719 0.062500 0.507812 0.062500 0.503906 0.058594 0.503906 0.054688
