5 0.867188 0.777344 0.867188 0.785156 0.855469 0.796875 0.847656 0.796875 0.847656 0.800781 0.843750 0.804688 0.828125 0.804688 0.816406 0.816406 0.812500 0.816406 0.812500 0.835938 0.808594 0.839844 0.808594 0.847656 0.824219 0.847656 0.824219 0.843750 0.828125 0.839844 0.828125 0.835938 0.832031 0.832031 0.839844 0.832031 0.839844 0.828125 0.843750 0.824219 0.847656 0.824219 0.847656 0.816406 0.851562 0.812500 0.855469 0.812500 0.859375 0.808594 0.863281 0.808594 0.863281 0.804688 0.875000 0.792969 0.875000 0.777344
5 0.585938 0.769531 0.585938 0.777344 0.582031 0.781250 0.582031 0.789062 0.585938 0.789062 0.589844 0.792969 0.589844 0.820312 0.601562 0.820312 0.601562 0.816406 0.605469 0.812500 0.605469 0.789062 0.601562 0.785156 0.601562 0.781250 0.593750 0.773438 0.593750 0.769531
5 0.515625 0.757812 0.515625 0.773438 0.531250 0.773438 0.535156 0.777344 0.535156 0.792969 0.542969 0.792969 0.546875 0.796875 0.554688 0.796875 0.554688 0.785156 0.558594 0.781250 0.558594 0.773438 0.554688 0.769531 0.535156 0.769531 0.531250 0.765625 0.531250 0.757812
5 0.542969 0.718750 0.542969 0.738281 0.554688 0.738281 0.554688 0.726562 0.550781 0.722656 0.550781 0.718750
5 0.703125 0.710938 0.703125 0.714844 0.699219 0.718750 0.691406 0.718750 0.683594 0.726562 0.683594 0.730469 0.679688 0.734375 0.671875 0.734375 0.671875 0.746094 0.683594 0.757812 0.683594 0.781250 0.679688 0.785156 0.671875 0.785156 0.667969 0.789062 0.667969 0.804688 0.679688 0.804688 0.683594 0.808594 0.683594 0.824219 0.671875 0.835938 0.648438 0.835938 0.644531 0.832031 0.644531 0.828125 0.636719 0.828125 0.632812 0.832031 0.628906 0.832031 0.625000 0.835938 0.613281 0.835938 0.613281 0.851562 0.625000 0.851562 0.628906 0.855469 0.628906 0.863281 0.652344 0.863281 0.656250 0.867188 0.656250 0.871094 0.660156 0.871094 0.664062 0.875000 0.675781 0.875000 0.679688 0.871094 0.695312 0.871094 0.703125 0.863281 0.718750 0.863281 0.722656 0.867188 0.726562 0.867188 0.730469 0.871094 0.730469 0.875000 0.765625 0.875000 0.769531 0.878906 0.777344 0.878906 0.777344 0.871094 0.761719 0.871094 0.753906 0.863281 0.753906 0.859375 0.742188 0.859375 0.738281 0.855469 0.738281 0.835938 0.742188 0.832031 0.742188 0.824219 0.726562 0.824219 0.726562 0.828125 0.722656 0.832031 0.703125 0.832031 0.699219 0.828125 0.699219 0.824219 0.695312 0.824219 0.691406 0.820312 0.687500 0.820312 0.683594 0.816406 0.683594 0.800781 0.687500 0.796875 0.722656 0.796875 0.726562 0.792969 0.730469 0.792969 0.730469 0.773438 0.738281 0.765625 0.742188 0.765625 0.746094 0.761719 0.769531 0.761719 0.773438 0.765625 0.781250 0.765625 0.781250 0.753906 0.773438 0.753906 0.765625 0.746094 0.765625 0.722656 0.738281 0.722656 0.734375 0.718750 0.714844 0.718750 0.710938 0.714844 0.710938 0.710938
5 0.222656 0.703125 0.222656 0.714844 0.218750 0.718750 0.218750 0.726562 0.210938 0.734375 0.207031 0.734375 0.207031 0.750000 0.199219 0.757812 0.195312 0.757812 0.195312 0.765625 0.218750 0.765625 0.222656 0.769531 0.222656 0.796875 0.230469 0.796875 0.230469 0.789062 0.234375 0.785156 0.242188 0.785156 0.242188 0.781250 0.246094 0.777344 0.246094 0.742188 0.250000 0.738281 0.250000 0.734375 0.253906 0.730469 0.257812 0.730469 0.257812 0.722656 0.234375 0.722656 0.230469 0.718750 0.230469 0.703125
5 0.117188 0.687500 0.117188 0.703125 0.121094 0.703125 0.125000 0.707031 0.132812 0.707031 0.136719 0.710938 0.136719 0.730469 0.128906 0.738281 0.128906 0.746094 0.144531 0.746094 0.144531 0.738281 0.148438 0.734375 0.148438 0.722656 0.152344 0.718750 0.156250 0.718750 0.156250 0.703125 0.148438 0.703125 0.144531 0.699219 0.144531 0.691406 0.128906 0.691406 0.125000 0.687500
5 0.839844 0.640625 0.839844 0.656250 0.835938 0.660156 0.835938 0.667969 0.832031 0.671875 0.832031 0.675781 0.828125 0.679688 0.824219 0.679688 0.824219 0.699219 0.816406 0.707031 0.777344 0.707031 0.777344 0.718750 0.804688 0.718750 0.808594 0.722656 0.808594 0.738281 0.812500 0.738281 0.816406 0.742188 0.816406 0.750000 0.839844 0.750000 0.839844 0.734375 0.843750 0.730469 0.851562 0.730469 0.851562 0.722656 0.843750 0.714844 0.843750 0.687500 0.855469 0.675781 0.871094 0.675781 0.878906 0.683594 0.890625 0.683594 0.894531 0.679688 0.894531 0.671875 0.871094 0.671875 0.867188 0.667969 0.867188 0.664062 0.863281 0.664062 0.859375 0.660156 0.851562 0.660156 0.847656 0.656250 0.847656 0.640625
5 0.074219 0.523438 0.074219 0.531250 0.082031 0.531250 0.082031 0.523438
5 0.453125 0.492188 0.453125 0.496094 0.449219 0.500000 0.449219 0.523438 0.457031 0.523438 0.460938 0.519531 0.464844 0.519531 0.464844 0.492188
5 0.285156 0.457031 0.285156 0.464844 0.289062 0.464844 0.300781 0.476562 0.308594 0.476562 0.312500 0.480469 0.324219 0.480469 0.328125 0.476562 0.332031 0.476562 0.332031 0.468750 0.328125 0.468750 0.320312 0.460938 0.296875 0.460938 0.292969 0.457031
5 0.363281 0.449219 0.363281 0.457031 0.375000 0.457031 0.375000 0.449219
5 0.042969 0.433594 0.042969 0.476562 0.039062 0.480469 0.039062 0.484375 0.035156 0.488281 0.035156 0.492188 0.031250 0.496094 0.019531 0.496094 0.019531 0.500000 0.015625 0.503906 0.015625 0.511719 0.019531 0.511719 0.023438 0.515625 0.023438 0.519531 0.027344 0.523438 0.027344 0.550781 0.035156 0.550781 0.035156 0.527344 0.039062 0.523438 0.042969 0.523438 0.046875 0.519531 0.058594 0.519531 0.058594 0.500000 0.062500 0.496094 0.082031 0.496094 0.085938 0.500000 0.085938 0.507812 0.101562 0.507812 0.105469 0.503906 0.109375 0.503906 0.109375 0.496094 0.105469 0.492188 0.105469 0.476562 0.093750 0.476562 0.089844 0.472656 0.058594 0.472656 0.054688 0.468750 0.054688 0.453125 0.062500 0.445312 0.062500 0.433594
5 0.437500 0.398438 0.437500 0.414062 0.445312 0.414062 0.445312 0.398438
5 0.523438 0.386719 0.511719 0.398438 0.511719 0.402344 0.507812 0.406250 0.507812 0.414062 0.503906 0.417969 0.503906 0.425781 0.500000 0.429688 0.480469 0.429688 0.472656 0.421875 0.449219 0.421875 0.449219 0.433594 0.445312 0.437500 0.429688 0.437500 0.425781 0.433594 0.425781 0.421875 0.414062 0.421875 0.410156 0.417969 0.394531 0.417969 0.390625 0.414062 0.390625 0.390625 0.378906 0.390625 0.375000 0.394531 0.375000 0.398438 0.371094 0.402344 0.371094 0.414062 0.386719 0.414062 0.390625 0.417969 0.390625 0.425781 0.394531 0.429688 0.394531 0.437500 0.410156 0.437500 0.414062 0.441406 0.414062 0.449219 0.421875 0.457031 0.433594 0.457031 0.437500 0.453125 0.472656 0.453125 0.476562 0.457031 0.488281 0.457031 0.492188 0.460938 0.492188 0.464844 0.496094 0.468750 0.496094 0.476562 0.500000 0.480469 0.500000 0.492188 0.503906 0.496094 0.511719 0.496094 0.515625 0.500000 0.515625 0.503906 0.519531 0.507812 0.519531 0.511719 0.527344 0.511719 0.527344 0.500000 0.531250 0.496094 0.554688 0.496094 0.554688 0.488281 0.527344 0.488281 0.523438 0.484375 0.523438 0.468750 0.527344 0.464844 0.546875 0.464844 0.546875 0.453125 0.542969 0.449219 0.539062 0.449219 0.531250 0.441406 0.531250 0.425781 0.535156 0.421875 0.554688 0.421875 0.554688 0.414062 0.539062 0.414062 0.535156 0.410156 0.535156 0.386719
5 0.480469 0.339844 0.480469 0.351562 0.476562 0.355469 0.453125 0.355469 0.449219 0.359375 0.449219 0.375000 0.460938 0.375000 0.464844 0.378906 0.484375 0.378906 0.488281 0.375000 0.492188 0.375000 0.492188 0.351562 0.488281 0.347656 0.488281 0.339844
5 0.480469 0.296875 0.480469 0.312500 0.496094 0.312500 0.496094 0.296875
5 0.226562 0.285156 0.226562 0.292969 0.214844 0.304688 0.214844 0.308594 0.210938 0.312500 0.210938 0.316406 0.207031 0.320312 0.148438 0.320312 0.148438 0.324219 0.144531 0.328125 0.128906 0.328125 0.125000 0.324219 0.121094 0.324219 0.117188 0.320312 0.101562 0.320312 0.101562 0.328125 0.097656 0.332031 0.089844 0.332031 0.089844 0.335938 0.082031 0.343750 0.078125 0.343750 0.074219 0.347656 0.054688 0.347656 0.050781 0.351562 0.050781 0.355469 0.046875 0.359375 0.042969 0.359375 0.042969 0.375000 0.058594 0.375000 0.062500 0.378906 0.062500 0.382812 0.066406 0.386719 0.085938 0.386719 0.089844 0.390625 0.089844 0.398438 0.101562 0.398438 0.105469 0.402344 0.105469 0.417969 0.109375 0.421875 0.109375 0.425781 0.128906 0.425781 0.132812 0.429688 0.164062 0.429688 0.164062 0.425781 0.167969 0.421875 0.175781 0.421875 0.175781 0.417969 0.179688 0.414062 0.183594 0.414062 0.187500 0.410156 0.187500 0.406250 0.191406 0.402344 0.214844 0.402344 0.218750 0.406250 0.218750 0.410156 0.222656 0.410156 0.230469 0.417969 0.230469 0.437500 0.226562 0.441406 0.214844 0.441406 0.210938 0.445312 0.210938 0.449219 0.207031 0.453125 0.175781 0.453125 0.175781 0.500000 0.179688 0.503906 0.179688 0.519531 0.175781 0.523438 0.175781 0.527344 0.160156 0.542969 0.156250 0.542969 0.156250 0.566406 0.171875 0.566406 0.179688 0.574219 0.179688 0.578125 0.183594 0.582031 0.183594 0.597656 0.191406 0.597656 0.195312 0.601562 0.195312 0.605469 0.203125 0.605469 0.207031 0.601562 0.222656 0.601562 0.226562 0.605469 0.234375 0.605469 0.234375 0.589844 0.242188 0.582031 0.281250 0.582031 0.285156 0.585938 0.289062 0.585938 0.292969 0.589844 0.292969 0.605469 0.296875 0.605469 0.300781 0.609375 0.308594 0.609375 0.312500 0.613281 0.312500 0.640625 0.316406 0.644531 0.316406 0.652344 0.320312 0.656250 0.320312 0.660156 0.332031 0.660156 0.335938 0.664062 0.335938 0.667969 0.339844 0.671875 0.343750 0.671875 0.347656 0.675781 0.347656 0.679688 0.359375 0.679688 0.363281 0.683594 0.363281 0.691406 0.367188 0.691406 0.371094 0.695312 0.371094 0.699219 0.375000 0.699219 0.386719 0.710938 0.386719 0.730469 0.394531 0.730469 0.398438 0.734375 0.398438 0.753906 0.390625 0.761719 0.390625 0.777344 0.398438 0.785156 0.398438 0.789062 0.410156 0.789062 0.414062 0.785156 0.441406 0.785156 0.445312 0.781250 0.449219 0.781250 0.449219 0.777344 0.453125 0.773438 0.457031 0.773438 0.457031 0.765625 0.468750 0.753906 0.472656 0.753906 0.476562 0.750000 0.480469 0.750000 0.484375 0.746094 0.492188 0.746094 0.496094 0.742188 0.511719 0.742188 0.511719 0.722656 0.503906 0.722656 0.496094 0.714844 0.496094 0.683594 0.500000 0.679688 0.511719 0.679688 0.523438 0.667969 0.523438 0.664062 0.539062 0.648438 0.539062 0.644531 0.542969 0.640625 0.546875 0.640625 0.546875 0.632812 0.550781 0.628906 0.554688 0.628906 0.554688 0.597656 0.558594 0.593750 0.574219 0.593750 0.578125 0.597656 0.582031 0.597656 0.585938 0.601562 0.593750 0.601562 0.597656 0.597656 0.605469 0.597656 0.609375 0.593750 0.609375 0.585938 0.601562 0.578125 0.601562 0.574219 0.593750 0.574219 0.589844 0.570312 0.589844 0.554688 0.593750 0.550781 0.601562 0.550781 0.605469 0.546875 0.605469 0.542969 0.609375 0.539062 0.656250 0.539062 0.660156 0.542969 0.660156 0.546875 0.664062 0.546875 0.667969 0.550781 0.667969 0.578125 0.664062 0.582031 0.664062 0.589844 0.660156 0.593750 0.640625 0.593750 0.640625 0.597656 0.636719 0.601562 0.636719 0.605469 0.625000 0.617188 0.617188 0.617188 0.617188 0.621094 0.613281 0.625000 0.609375 0.625000 0.609375 0.632812 0.628906 0.632812 0.636719 0.640625 0.640625 0.640625 0.644531 0.644531 0.644531 0.648438 0.656250 0.648438 0.656250 0.636719 0.652344 0.632812 0.652344 0.613281 0.656250 0.609375 0.667969 0.609375 0.671875 0.605469 0.675781 0.605469 0.679688 0.601562 0.683594 0.601562 0.687500 0.597656 0.734375 0.597656 0.742188 0.605469 0.742188 0.609375 0.750000 0.609375 0.753906 0.605469 0.757812 0.605469 0.757812 0.585938 0.761719 0.582031 0.785156 0.582031 0.792969 0.589844 0.792969 0.593750 0.800781 0.601562 0.800781 0.617188 0.804688 0.621094 0.804688 0.625000 0.808594 0.628906 0.816406 0.628906 0.820312 0.632812 0.832031 0.632812 0.832031 0.621094 0.835938 0.617188 0.855469 0.617188 0.859375 0.621094 0.859375 0.625000 0.867188 0.625000 0.867188 0.585938 0.871094 0.582031 0.882812 0.582031 0.886719 0.578125 0.886719 0.570312 0.875000 0.558594 0.871094 0.558594 0.867188 0.554688 0.867188 0.546875 0.863281 0.546875 0.859375 0.542969 0.832031 0.542969 0.828125 0.539062 0.804688 0.539062 0.800781 0.535156 0.785156 0.535156 0.781250 0.531250 0.781250 0.515625 0.785156 0.511719 0.785156 0.507812 0.789062 0.503906 0.796875 0.503906 0.796875 0.488281 0.792969 0.484375 0.792969 0.449219 0.777344 0.449219 0.773438 0.453125 0.746094 0.453125 0.742188 0.449219 0.742188 0.437500 0.726562 0.437500 0.722656 0.433594 0.714844 0.433594 0.707031 0.425781 0.699219 0.425781 0.699219 0.441406 0.695312 0.445312 0.664062 0.445312 0.660156 0.441406 0.660156 0.437500 0.656250 0.433594 0.656250 0.429688 0.652344 0.425781 0.652344 0.421875 0.640625 0.421875 0.636719 0.425781 0.632812 0.425781 0.625000 0.433594 0.625000 0.449219 0.628906 0.449219 0.632812 0.453125 0.632812 0.460938 0.667969 0.460938 0.671875 0.464844 0.671875 0.468750 0.675781 0.472656 0.675781 0.503906 0.671875 0.507812 0.667969 0.507812 0.664062 0.511719 0.660156 0.511719 0.660156 0.519531 0.652344 0.527344 0.636719 0.527344 0.628906 0.519531 0.609375 0.519531 0.605469 0.515625 0.593750 0.515625 0.589844 0.519531 0.570312 0.519531 0.570312 0.546875 0.562500 0.554688 0.562500 0.562500 0.558594 0.566406 0.535156 0.566406 0.527344 0.574219 0.527344 0.582031 0.523438 0.585938 0.523438 0.593750 0.527344 0.597656 0.527344 0.605469 0.535156 0.605469 0.539062 0.609375 0.539062 0.628906 0.535156 0.632812 0.519531 0.632812 0.511719 0.625000 0.511719 0.617188 0.507812 0.617188 0.500000 0.609375 0.500000 0.601562 0.496094 0.601562 0.492188 0.597656 0.492188 0.585938 0.484375 0.578125 0.464844 0.578125 0.460938 0.574219 0.460938 0.566406 0.449219 0.566406 0.449219 0.574219 0.453125 0.578125 0.453125 0.585938 0.457031 0.589844 0.457031 0.613281 0.460938 0.617188 0.460938 0.625000 0.464844 0.628906 0.464844 0.632812 0.472656 0.632812 0.472656 0.621094 0.476562 0.617188 0.492188 0.617188 0.496094 0.621094 0.496094 0.625000 0.500000 0.628906 0.500000 0.644531 0.496094 0.648438 0.496094 0.656250 0.492188 0.660156 0.468750 0.660156 0.468750 0.667969 0.472656 0.671875 0.472656 0.687500 0.468750 0.691406 0.464844 0.691406 0.460938 0.695312 0.441406 0.695312 0.433594 0.687500 0.433594 0.683594 0.429688 0.679688 0.429688 0.675781 0.425781 0.671875 0.417969 0.671875 0.414062 0.675781 0.398438 0.675781 0.390625 0.683594 0.375000 0.683594 0.371094 0.679688 0.371094 0.656250 0.363281 0.648438 0.363281 0.640625 0.355469 0.640625 0.351562 0.636719 0.351562 0.632812 0.343750 0.632812 0.339844 0.628906 0.339844 0.605469 0.343750 0.601562 0.347656 0.601562 0.351562 0.597656 0.355469 0.597656 0.359375 0.593750 0.375000 0.593750 0.378906 0.597656 0.390625 0.597656 0.390625 0.589844 0.378906 0.589844 0.375000 0.585938 0.363281 0.585938 0.359375 0.582031 0.359375 0.574219 0.320312 0.574219 0.316406 0.570312 0.304688 0.570312 0.300781 0.574219 0.269531 0.574219 0.261719 0.566406 0.261719 0.554688 0.250000 0.542969 0.242188 0.542969 0.238281 0.539062 0.238281 0.519531 0.242188 0.515625 0.242188 0.511719 0.246094 0.507812 0.246094 0.503906 0.250000 0.500000 0.257812 0.500000 0.257812 0.488281 0.261719 0.484375 0.261719 0.476562 0.253906 0.468750 0.253906 0.453125 0.257812 0.449219 0.261719 0.449219 0.261719 0.437500 0.257812 0.437500 0.246094 0.425781 0.246094 0.410156 0.250000 0.406250 0.281250 0.406250 0.292969 0.417969 0.300781 0.417969 0.308594 0.425781 0.308594 0.429688 0.328125 0.429688 0.332031 0.433594 0.343750 0.433594 0.343750 0.414062 0.339844 0.410156 0.339844 0.406250 0.328125 0.406250 0.324219 0.402344 0.324219 0.382812 0.308594 0.382812 0.304688 0.378906 0.281250 0.378906 0.273438 0.371094 0.273438 0.359375 0.269531 0.359375 0.265625 0.355469 0.265625 0.351562 0.261719 0.351562 0.257812 0.347656 0.257812 0.339844 0.234375 0.339844 0.230469 0.335938 0.230469 0.320312 0.234375 0.316406 0.238281 0.316406 0.238281 0.312500 0.242188 0.308594 0.242188 0.285156
5 0.257812 0.230469 0.257812 0.253906 0.253906 0.257812 0.253906 0.273438 0.265625 0.273438 0.265625 0.261719 0.269531 0.257812 0.269531 0.253906 0.273438 0.250000 0.273438 0.246094 0.277344 0.242188 0.277344 0.230469
5 0.562500 0.128906 0.562500 0.152344 0.558594 0.156250 0.546875 0.156250 0.542969 0.160156 0.542969 0.167969 0.550781 0.167969 0.554688 0.164062 0.554688 0.160156 0.558594 0.156250 0.578125 0.156250 0.582031 0.160156 0.585938 0.160156 0.589844 0.164062 0.589844 0.179688 0.585938 0.183594 0.578125 0.183594 0.578125 0.187500 0.574219 0.191406 0.570312 0.191406 0.570312 0.203125 0.578125 0.203125 0.582031 0.199219 0.601562 0.199219 0.605469 0.203125 0.605469 0.210938 0.609375 0.214844 0.609375 0.242188 0.605469 0.246094 0.605469 0.257812 0.601562 0.261719 0.582031 0.261719 0.582031 0.269531 0.578125 0.273438 0.570312 0.273438 0.570312 0.285156 0.566406 0.289062 0.550781 0.289062 0.546875 0.285156 0.546875 0.257812 0.550781 0.253906 0.550781 0.226562 0.546875 0.226562 0.542969 0.222656 0.542969 0.218750 0.539062 0.214844 0.539062 0.210938 0.515625 0.210938 0.515625 0.234375 0.511719 0.238281 0.503906 0.238281 0.500000 0.242188 0.500000 0.281250 0.527344 0.281250 0.531250 0.285156 0.531250 0.292969 0.550781 0.292969 0.554688 0.296875 0.554688 0.300781 0.574219 0.300781 0.578125 0.304688 0.578125 0.339844 0.574219 0.343750 0.566406 0.343750 0.566406 0.351562 0.570312 0.355469 0.570312 0.406250 0.585938 0.406250 0.585938 0.402344 0.589844 0.398438 0.597656 0.398438 0.597656 0.394531 0.601562 0.390625 0.605469 0.390625 0.605469 0.382812 0.609375 0.378906 0.609375 0.363281 0.613281 0.359375 0.644531 0.359375 0.648438 0.355469 0.652344 0.355469 0.656250 0.351562 0.683594 0.351562 0.687500 0.355469 0.687500 0.394531 0.691406 0.398438 0.699219 0.398438 0.703125 0.394531 0.703125 0.375000 0.707031 0.371094 0.707031 0.363281 0.710938 0.359375 0.718750 0.359375 0.718750 0.343750 0.722656 0.339844 0.726562 0.339844 0.726562 0.328125 0.718750 0.320312 0.718750 0.312500 0.714844 0.308594 0.714844 0.292969 0.718750 0.289062 0.718750 0.281250 0.726562 0.273438 0.726562 0.265625 0.718750 0.265625 0.707031 0.277344 0.699219 0.277344 0.699219 0.281250 0.695312 0.285156 0.691406 0.285156 0.691406 0.296875 0.695312 0.300781 0.695312 0.304688 0.699219 0.308594 0.699219 0.335938 0.695312 0.339844 0.671875 0.339844 0.667969 0.335938 0.667969 0.296875 0.660156 0.296875 0.656250 0.300781 0.656250 0.308594 0.652344 0.312500 0.632812 0.312500 0.628906 0.308594 0.628906 0.304688 0.625000 0.300781 0.625000 0.296875 0.593750 0.296875 0.589844 0.292969 0.589844 0.277344 0.593750 0.273438 0.601562 0.273438 0.605469 0.269531 0.605469 0.265625 0.609375 0.261719 0.632812 0.261719 0.632812 0.238281 0.625000 0.238281 0.621094 0.234375 0.621094 0.230469 0.617188 0.226562 0.617188 0.207031 0.613281 0.203125 0.613281 0.183594 0.609375 0.179688 0.593750 0.179688 0.589844 0.175781 0.589844 0.144531 0.582031 0.136719 0.578125 0.136719 0.570312 0.128906
5 0.488281 0.101562 0.476562 0.113281 0.476562 0.125000 0.472656 0.128906 0.468750 0.128906 0.464844 0.132812 0.457031 0.132812 0.457031 0.144531 0.464844 0.144531 0.468750 0.148438 0.472656 0.148438 0.476562 0.152344 0.488281 0.152344 0.492188 0.148438 0.515625 0.148438 0.515625 0.140625 0.511719 0.136719 0.511719 0.117188 0.507812 0.113281 0.507812 0.101562
