5 0.710938 0.937500 0.710938 0.957031 0.722656 0.957031 0.726562 0.953125 0.726562 0.937500
5 0.738281 0.914062 0.738281 0.929688 0.757812 0.929688 0.761719 0.925781 0.765625 0.925781 0.765625 0.917969 0.761719 0.917969 0.757812 0.914062
5 0.671875 0.863281 0.667969 0.867188 0.667969 0.917969 0.679688 0.917969 0.683594 0.921875 0.691406 0.921875 0.691406 0.910156 0.687500 0.910156 0.683594 0.906250 0.683594 0.863281
5 0.835938 0.757812 0.828125 0.765625 0.824219 0.765625 0.824219 0.769531 0.820312 0.773438 0.808594 0.773438 0.808594 0.781250 0.804688 0.785156 0.789062 0.785156 0.785156 0.789062 0.773438 0.789062 0.773438 0.792969 0.769531 0.796875 0.703125 0.796875 0.703125 0.804688 0.699219 0.808594 0.667969 0.808594 0.664062 0.812500 0.617188 0.812500 0.613281 0.808594 0.613281 0.800781 0.609375 0.796875 0.597656 0.796875 0.597656 0.808594 0.613281 0.808594 0.617188 0.812500 0.617188 0.820312 0.632812 0.820312 0.640625 0.828125 0.640625 0.832031 0.683594 0.832031 0.687500 0.835938 0.691406 0.835938 0.695312 0.839844 0.695312 0.847656 0.707031 0.847656 0.710938 0.843750 0.718750 0.843750 0.722656 0.839844 0.730469 0.839844 0.734375 0.835938 0.738281 0.835938 0.738281 0.828125 0.746094 0.820312 0.750000 0.820312 0.753906 0.816406 0.753906 0.808594 0.757812 0.804688 0.757812 0.800781 0.761719 0.796875 0.796875 0.796875 0.800781 0.800781 0.800781 0.816406 0.796875 0.820312 0.796875 0.832031 0.816406 0.832031 0.816406 0.828125 0.820312 0.824219 0.843750 0.824219 0.843750 0.816406 0.847656 0.812500 0.847656 0.804688 0.843750 0.800781 0.843750 0.796875 0.839844 0.792969 0.839844 0.777344 0.843750 0.773438 0.843750 0.769531 0.847656 0.765625 0.855469 0.765625 0.855469 0.757812
5 0.597656 0.707031 0.593750 0.710938 0.593750 0.726562 0.613281 0.726562 0.613281 0.718750 0.605469 0.710938 0.605469 0.707031
5 0.808594 0.691406 0.808594 0.699219 0.832031 0.699219 0.835938 0.703125 0.835938 0.707031 0.839844 0.710938 0.839844 0.722656 0.843750 0.722656 0.847656 0.726562 0.855469 0.726562 0.859375 0.722656 0.871094 0.722656 0.871094 0.710938 0.867188 0.707031 0.847656 0.707031 0.843750 0.703125 0.843750 0.699219 0.820312 0.699219 0.816406 0.695312 0.816406 0.691406
5 0.851562 0.664062 0.851562 0.675781 0.855469 0.675781 0.859375 0.679688 0.867188 0.679688 0.867188 0.667969 0.863281 0.667969 0.859375 0.664062
5 0.902344 0.660156 0.902344 0.667969 0.906250 0.671875 0.906250 0.675781 0.921875 0.675781 0.921875 0.671875 0.925781 0.667969 0.925781 0.660156
5 0.714844 0.531250 0.714844 0.535156 0.710938 0.539062 0.710938 0.550781 0.722656 0.550781 0.722656 0.531250
5 0.574219 0.441406 0.574219 0.449219 0.582031 0.449219 0.582031 0.441406
5 0.542969 0.382812 0.542969 0.417969 0.546875 0.421875 0.546875 0.429688 0.558594 0.429688 0.558594 0.417969 0.562500 0.414062 0.562500 0.406250 0.558594 0.406250 0.554688 0.402344 0.554688 0.398438 0.550781 0.394531 0.550781 0.382812
5 0.816406 0.300781 0.812500 0.304688 0.792969 0.304688 0.789062 0.308594 0.769531 0.308594 0.765625 0.304688 0.730469 0.304688 0.726562 0.308594 0.726562 0.335938 0.730469 0.335938 0.734375 0.339844 0.738281 0.339844 0.742188 0.343750 0.742188 0.371094 0.738281 0.375000 0.738281 0.406250 0.734375 0.410156 0.718750 0.410156 0.718750 0.417969 0.710938 0.425781 0.710938 0.433594 0.707031 0.437500 0.691406 0.437500 0.691406 0.449219 0.687500 0.453125 0.667969 0.453125 0.667969 0.464844 0.675781 0.472656 0.675781 0.492188 0.683594 0.492188 0.687500 0.488281 0.687500 0.476562 0.695312 0.468750 0.695312 0.464844 0.703125 0.457031 0.707031 0.457031 0.710938 0.453125 0.718750 0.453125 0.718750 0.445312 0.722656 0.441406 0.722656 0.429688 0.726562 0.425781 0.757812 0.425781 0.761719 0.429688 0.761719 0.433594 0.769531 0.441406 0.785156 0.441406 0.789062 0.445312 0.789062 0.457031 0.800781 0.457031 0.800781 0.453125 0.804688 0.449219 0.824219 0.449219 0.824219 0.441406 0.828125 0.437500 0.855469 0.437500 0.859375 0.433594 0.863281 0.433594 0.871094 0.425781 0.875000 0.425781 0.882812 0.417969 0.882812 0.398438 0.875000 0.398438 0.871094 0.402344 0.871094 0.406250 0.867188 0.410156 0.867188 0.414062 0.863281 0.417969 0.812500 0.417969 0.808594 0.414062 0.792969 0.414062 0.789062 0.410156 0.789062 0.398438 0.765625 0.398438 0.757812 0.390625 0.757812 0.382812 0.753906 0.382812 0.750000 0.378906 0.750000 0.359375 0.753906 0.355469 0.765625 0.355469 0.765625 0.347656 0.769531 0.343750 0.769531 0.320312 0.773438 0.316406 0.796875 0.316406 0.800781 0.312500 0.804688 0.312500 0.808594 0.308594 0.824219 0.308594 0.824219 0.300781
5 0.851562 0.289062 0.851562 0.300781 0.867188 0.300781 0.867188 0.289062
5 0.375000 0.277344 0.375000 0.292969 0.371094 0.296875 0.371094 0.300781 0.367188 0.304688 0.351562 0.304688 0.347656 0.300781 0.316406 0.300781 0.316406 0.304688 0.312500 0.308594 0.292969 0.308594 0.289062 0.304688 0.289062 0.292969 0.281250 0.292969 0.281250 0.304688 0.277344 0.308594 0.277344 0.324219 0.273438 0.328125 0.253906 0.328125 0.246094 0.335938 0.242188 0.335938 0.238281 0.339844 0.234375 0.339844 0.230469 0.343750 0.230469 0.355469 0.226562 0.359375 0.218750 0.359375 0.218750 0.363281 0.207031 0.375000 0.207031 0.386719 0.203125 0.390625 0.195312 0.390625 0.195312 0.406250 0.191406 0.410156 0.191406 0.429688 0.195312 0.429688 0.199219 0.433594 0.199219 0.460938 0.195312 0.464844 0.195312 0.472656 0.199219 0.472656 0.207031 0.480469 0.207031 0.503906 0.203125 0.507812 0.164062 0.507812 0.160156 0.511719 0.148438 0.511719 0.148438 0.519531 0.152344 0.519531 0.156250 0.523438 0.156250 0.550781 0.152344 0.554688 0.144531 0.554688 0.144531 0.585938 0.148438 0.585938 0.152344 0.589844 0.152344 0.597656 0.156250 0.597656 0.160156 0.601562 0.160156 0.617188 0.156250 0.621094 0.128906 0.621094 0.125000 0.617188 0.125000 0.613281 0.121094 0.609375 0.121094 0.597656 0.117188 0.593750 0.113281 0.593750 0.109375 0.589844 0.109375 0.582031 0.101562 0.582031 0.097656 0.585938 0.070312 0.585938 0.066406 0.589844 0.054688 0.589844 0.054688 0.593750 0.050781 0.597656 0.050781 0.609375 0.054688 0.613281 0.054688 0.617188 0.058594 0.621094 0.058594 0.648438 0.054688 0.652344 0.050781 0.652344 0.050781 0.667969 0.058594 0.675781 0.074219 0.675781 0.078125 0.671875 0.097656 0.671875 0.101562 0.675781 0.105469 0.675781 0.109375 0.679688 0.109375 0.695312 0.128906 0.695312 0.128906 0.691406 0.132812 0.687500 0.148438 0.687500 0.152344 0.691406 0.160156 0.691406 0.164062 0.695312 0.164062 0.710938 0.156250 0.718750 0.152344 0.718750 0.152344 0.722656 0.148438 0.726562 0.144531 0.726562 0.144531 0.742188 0.148438 0.746094 0.148438 0.750000 0.152344 0.750000 0.156250 0.753906 0.171875 0.753906 0.175781 0.757812 0.199219 0.757812 0.203125 0.761719 0.203125 0.781250 0.195312 0.789062 0.195312 0.796875 0.191406 0.800781 0.191406 0.808594 0.187500 0.812500 0.187500 0.820312 0.191406 0.824219 0.191406 0.828125 0.195312 0.828125 0.199219 0.832031 0.207031 0.832031 0.207031 0.828125 0.210938 0.824219 0.238281 0.824219 0.238281 0.820312 0.242188 0.816406 0.261719 0.816406 0.265625 0.820312 0.265625 0.847656 0.269531 0.851562 0.269531 0.875000 0.304688 0.875000 0.308594 0.871094 0.316406 0.871094 0.320312 0.867188 0.324219 0.867188 0.324219 0.859375 0.328125 0.855469 0.335938 0.855469 0.335938 0.847656 0.339844 0.843750 0.343750 0.843750 0.343750 0.832031 0.347656 0.828125 0.363281 0.828125 0.363281 0.812500 0.359375 0.812500 0.355469 0.808594 0.347656 0.808594 0.343750 0.812500 0.328125 0.812500 0.324219 0.808594 0.324219 0.804688 0.300781 0.804688 0.296875 0.800781 0.289062 0.800781 0.285156 0.796875 0.285156 0.781250 0.273438 0.781250 0.269531 0.777344 0.269531 0.757812 0.273438 0.753906 0.304688 0.753906 0.304688 0.750000 0.312500 0.742188 0.328125 0.742188 0.332031 0.738281 0.382812 0.738281 0.386719 0.742188 0.386719 0.746094 0.398438 0.746094 0.398438 0.742188 0.402344 0.738281 0.417969 0.738281 0.421875 0.742188 0.421875 0.750000 0.425781 0.753906 0.425781 0.757812 0.433594 0.765625 0.437500 0.765625 0.441406 0.769531 0.441406 0.792969 0.445312 0.796875 0.457031 0.796875 0.460938 0.792969 0.464844 0.792969 0.468750 0.789062 0.488281 0.789062 0.492188 0.792969 0.500000 0.792969 0.503906 0.796875 0.523438 0.796875 0.523438 0.789062 0.519531 0.785156 0.519531 0.765625 0.523438 0.761719 0.527344 0.761719 0.531250 0.757812 0.546875 0.757812 0.550781 0.761719 0.562500 0.761719 0.562500 0.750000 0.566406 0.746094 0.578125 0.746094 0.578125 0.738281 0.574219 0.738281 0.570312 0.734375 0.570312 0.722656 0.566406 0.718750 0.566406 0.714844 0.562500 0.714844 0.558594 0.710938 0.558594 0.683594 0.554688 0.679688 0.554688 0.671875 0.539062 0.671875 0.539062 0.675781 0.535156 0.679688 0.519531 0.679688 0.515625 0.675781 0.515625 0.660156 0.519531 0.656250 0.519531 0.628906 0.523438 0.625000 0.523438 0.617188 0.519531 0.613281 0.519531 0.597656 0.527344 0.589844 0.527344 0.582031 0.535156 0.574219 0.562500 0.574219 0.566406 0.578125 0.566406 0.585938 0.578125 0.585938 0.578125 0.582031 0.582031 0.578125 0.597656 0.578125 0.601562 0.582031 0.601562 0.585938 0.605469 0.589844 0.605469 0.597656 0.609375 0.597656 0.613281 0.601562 0.613281 0.617188 0.625000 0.617188 0.628906 0.613281 0.632812 0.613281 0.636719 0.609375 0.664062 0.609375 0.667969 0.613281 0.667969 0.628906 0.664062 0.632812 0.664062 0.640625 0.656250 0.648438 0.652344 0.648438 0.648438 0.652344 0.644531 0.652344 0.640625 0.656250 0.632812 0.656250 0.632812 0.664062 0.640625 0.664062 0.644531 0.660156 0.667969 0.660156 0.675781 0.652344 0.687500 0.652344 0.691406 0.648438 0.691406 0.644531 0.699219 0.636719 0.718750 0.636719 0.722656 0.640625 0.722656 0.652344 0.730469 0.652344 0.734375 0.648438 0.765625 0.648438 0.769531 0.644531 0.769531 0.636719 0.777344 0.628906 0.800781 0.628906 0.800781 0.609375 0.804688 0.605469 0.820312 0.605469 0.820312 0.582031 0.824219 0.578125 0.828125 0.578125 0.828125 0.570312 0.820312 0.562500 0.820312 0.535156 0.796875 0.535156 0.796875 0.554688 0.800781 0.558594 0.800781 0.574219 0.796875 0.578125 0.781250 0.578125 0.781250 0.605469 0.773438 0.613281 0.750000 0.613281 0.738281 0.601562 0.738281 0.597656 0.730469 0.597656 0.730469 0.601562 0.726562 0.605469 0.710938 0.605469 0.707031 0.601562 0.707031 0.578125 0.703125 0.574219 0.664062 0.574219 0.664062 0.585938 0.660156 0.589844 0.640625 0.589844 0.636719 0.585938 0.636719 0.582031 0.632812 0.578125 0.632812 0.554688 0.636719 0.550781 0.636719 0.546875 0.640625 0.542969 0.644531 0.542969 0.644531 0.535156 0.652344 0.527344 0.660156 0.527344 0.660156 0.519531 0.664062 0.515625 0.664062 0.511719 0.667969 0.507812 0.667969 0.500000 0.648438 0.500000 0.644531 0.503906 0.644531 0.507812 0.640625 0.511719 0.625000 0.511719 0.621094 0.507812 0.621094 0.488281 0.609375 0.488281 0.605469 0.492188 0.601562 0.492188 0.601562 0.496094 0.597656 0.500000 0.582031 0.500000 0.578125 0.496094 0.570312 0.496094 0.566406 0.492188 0.558594 0.492188 0.554688 0.488281 0.542969 0.488281 0.539062 0.484375 0.531250 0.484375 0.527344 0.480469 0.527344 0.457031 0.519531 0.449219 0.519531 0.441406 0.515625 0.441406 0.507812 0.433594 0.507812 0.429688 0.500000 0.429688 0.496094 0.425781 0.476562 0.425781 0.476562 0.441406 0.472656 0.445312 0.472656 0.453125 0.468750 0.457031 0.453125 0.457031 0.449219 0.453125 0.433594 0.453125 0.433594 0.480469 0.437500 0.484375 0.437500 0.507812 0.441406 0.511719 0.441406 0.527344 0.437500 0.531250 0.425781 0.531250 0.417969 0.539062 0.414062 0.539062 0.406250 0.546875 0.390625 0.546875 0.386719 0.542969 0.378906 0.542969 0.378906 0.550781 0.390625 0.550781 0.394531 0.554688 0.402344 0.554688 0.406250 0.558594 0.406250 0.585938 0.417969 0.585938 0.421875 0.582031 0.437500 0.582031 0.441406 0.585938 0.441406 0.589844 0.445312 0.589844 0.449219 0.593750 0.453125 0.593750 0.457031 0.597656 0.457031 0.625000 0.453125 0.628906 0.453125 0.636719 0.449219 0.640625 0.433594 0.640625 0.429688 0.644531 0.414062 0.644531 0.414062 0.656250 0.410156 0.660156 0.398438 0.660156 0.398438 0.664062 0.394531 0.667969 0.351562 0.667969 0.347656 0.664062 0.339844 0.664062 0.335938 0.660156 0.335938 0.656250 0.332031 0.656250 0.324219 0.648438 0.316406 0.648438 0.312500 0.644531 0.312500 0.640625 0.308594 0.636719 0.308594 0.632812 0.285156 0.632812 0.285156 0.640625 0.281250 0.644531 0.265625 0.644531 0.261719 0.640625 0.261719 0.617188 0.265625 0.613281 0.269531 0.613281 0.269531 0.605469 0.277344 0.597656 0.281250 0.597656 0.281250 0.593750 0.289062 0.585938 0.289062 0.574219 0.281250 0.574219 0.277344 0.578125 0.261719 0.578125 0.257812 0.574219 0.257812 0.542969 0.261719 0.539062 0.265625 0.539062 0.265625 0.535156 0.273438 0.527344 0.304688 0.527344 0.304688 0.503906 0.316406 0.492188 0.320312 0.492188 0.320312 0.488281 0.324219 0.484375 0.332031 0.484375 0.332031 0.480469 0.335938 0.476562 0.347656 0.476562 0.347656 0.468750 0.339844 0.460938 0.339844 0.457031 0.332031 0.457031 0.328125 0.453125 0.328125 0.437500 0.332031 0.433594 0.359375 0.433594 0.359375 0.417969 0.347656 0.417969 0.347656 0.425781 0.343750 0.429688 0.328125 0.429688 0.324219 0.425781 0.316406 0.425781 0.308594 0.417969 0.308594 0.382812 0.312500 0.378906 0.355469 0.378906 0.359375 0.382812 0.367188 0.382812 0.367188 0.375000 0.375000 0.367188 0.375000 0.351562 0.378906 0.347656 0.394531 0.347656 0.398438 0.351562 0.398438 0.359375 0.410156 0.359375 0.414062 0.363281 0.414062 0.371094 0.417969 0.375000 0.425781 0.375000 0.429688 0.371094 0.429688 0.355469 0.433594 0.351562 0.437500 0.351562 0.437500 0.335938 0.429688 0.328125 0.429688 0.308594 0.425781 0.308594 0.417969 0.300781 0.417969 0.296875 0.414062 0.296875 0.406250 0.289062 0.406250 0.281250 0.390625 0.281250 0.386719 0.277344
5 0.656250 0.246094 0.652344 0.250000 0.652344 0.261719 0.656250 0.265625 0.660156 0.265625 0.664062 0.269531 0.664062 0.285156 0.671875 0.285156 0.675781 0.289062 0.675781 0.292969 0.679688 0.292969 0.683594 0.296875 0.683594 0.300781 0.691406 0.300781 0.691406 0.296875 0.695312 0.292969 0.695312 0.281250 0.691406 0.277344 0.691406 0.273438 0.679688 0.261719 0.675781 0.261719 0.671875 0.257812 0.671875 0.250000 0.667969 0.250000 0.664062 0.246094
5 0.398438 0.132812 0.394531 0.136719 0.382812 0.136719 0.378906 0.140625 0.375000 0.140625 0.367188 0.148438 0.343750 0.148438 0.339844 0.152344 0.339844 0.156250 0.335938 0.160156 0.335938 0.171875 0.343750 0.171875 0.347656 0.175781 0.347656 0.195312 0.343750 0.199219 0.324219 0.199219 0.316406 0.207031 0.312500 0.207031 0.312500 0.210938 0.308594 0.214844 0.308594 0.222656 0.320312 0.222656 0.324219 0.226562 0.332031 0.226562 0.335938 0.222656 0.335938 0.218750 0.339844 0.214844 0.355469 0.214844 0.359375 0.218750 0.359375 0.246094 0.355469 0.250000 0.332031 0.250000 0.328125 0.253906 0.328125 0.261719 0.343750 0.261719 0.347656 0.265625 0.347656 0.269531 0.367188 0.269531 0.367188 0.238281 0.371094 0.234375 0.375000 0.234375 0.375000 0.210938 0.371094 0.207031 0.367188 0.207031 0.363281 0.203125 0.363281 0.156250 0.367188 0.152344 0.382812 0.152344 0.386719 0.148438 0.390625 0.148438 0.390625 0.144531 0.394531 0.140625 0.406250 0.140625 0.406250 0.132812
5 0.480469 0.023438 0.476562 0.027344 0.472656 0.027344 0.472656 0.035156 0.476562 0.039062 0.476562 0.074219 0.472656 0.078125 0.460938 0.078125 0.460938 0.082031 0.457031 0.085938 0.453125 0.085938 0.453125 0.105469 0.449219 0.109375 0.425781 0.109375 0.421875 0.113281 0.414062 0.113281 0.414062 0.128906 0.433594 0.128906 0.437500 0.132812 0.445312 0.132812 0.449219 0.136719 0.449219 0.140625 0.453125 0.144531 0.457031 0.144531 0.460938 0.148438 0.460938 0.156250 0.472656 0.156250 0.472656 0.148438 0.476562 0.144531 0.476562 0.136719 0.472656 0.136719 0.468750 0.132812 0.468750 0.128906 0.460938 0.128906 0.457031 0.125000 0.457031 0.109375 0.460938 0.105469 0.480469 0.105469 0.480469 0.085938 0.484375 0.082031 0.496094 0.082031 0.500000 0.078125 0.519531 0.078125 0.523438 0.082031 0.531250 0.082031 0.531250 0.066406 0.507812 0.066406 0.503906 0.062500 0.503906 0.054688 0.500000 0.050781 0.500000 0.039062 0.496094 0.035156 0.496094 0.023438
