5 0.640625 0.859375 0.640625 0.867188 0.644531 0.871094 0.644531 0.875000 0.648438 0.875000 0.652344 0.878906 0.660156 0.878906 0.660156 0.863281 0.656250 0.859375
5 0.230469 0.804688 0.230469 0.816406 0.234375 0.820312 0.234375 0.839844 0.242188 0.839844 0.246094 0.835938 0.246094 0.804688
5 0.593750 0.789062 0.593750 0.796875 0.589844 0.800781 0.574219 0.800781 0.570312 0.796875 0.562500 0.796875 0.562500 0.804688 0.558594 0.808594 0.558594 0.824219 0.566406 0.824219 0.570312 0.828125 0.570312 0.832031 0.574219 0.835938 0.589844 0.835938 0.601562 0.824219 0.617188 0.824219 0.621094 0.828125 0.621094 0.839844 0.632812 0.839844 0.632812 0.812500 0.628906 0.808594 0.628906 0.792969 0.605469 0.792969 0.601562 0.789062
5 0.242188 0.761719 0.242188 0.769531 0.250000 0.777344 0.253906 0.777344 0.257812 0.781250 0.257812 0.792969 0.277344 0.792969 0.281250 0.796875 0.281250 0.800781 0.289062 0.800781 0.292969 0.804688 0.292969 0.820312 0.289062 0.824219 0.289062 0.828125 0.285156 0.832031 0.285156 0.839844 0.289062 0.839844 0.292969 0.843750 0.300781 0.843750 0.308594 0.851562 0.308594 0.855469 0.312500 0.859375 0.312500 0.871094 0.320312 0.871094 0.324219 0.867188 0.324219 0.863281 0.328125 0.859375 0.328125 0.855469 0.332031 0.851562 0.332031 0.843750 0.328125 0.839844 0.328125 0.820312 0.332031 0.816406 0.332031 0.808594 0.312500 0.808594 0.308594 0.804688 0.308594 0.781250 0.300781 0.773438 0.300781 0.769531 0.277344 0.769531 0.273438 0.765625 0.265625 0.765625 0.261719 0.761719
5 0.414062 0.734375 0.414062 0.753906 0.417969 0.757812 0.421875 0.757812 0.425781 0.761719 0.425781 0.785156 0.433594 0.785156 0.437500 0.781250 0.437500 0.757812 0.441406 0.753906 0.445312 0.753906 0.445312 0.742188 0.441406 0.738281 0.437500 0.738281 0.433594 0.734375
5 0.332031 0.707031 0.332031 0.714844 0.343750 0.714844 0.343750 0.707031
5 0.218750 0.703125 0.210938 0.710938 0.199219 0.710938 0.199219 0.714844 0.195312 0.718750 0.191406 0.718750 0.191406 0.726562 0.238281 0.726562 0.238281 0.718750 0.230469 0.718750 0.226562 0.714844 0.226562 0.703125
5 0.312500 0.691406 0.312500 0.695312 0.308594 0.699219 0.296875 0.699219 0.292969 0.703125 0.289062 0.703125 0.289062 0.707031 0.285156 0.710938 0.269531 0.710938 0.269531 0.718750 0.277344 0.718750 0.277344 0.714844 0.281250 0.710938 0.304688 0.710938 0.304688 0.707031 0.308594 0.703125 0.320312 0.703125 0.320312 0.691406
5 0.921875 0.660156 0.917969 0.664062 0.910156 0.664062 0.910156 0.679688 0.902344 0.687500 0.875000 0.687500 0.871094 0.683594 0.871094 0.675781 0.863281 0.675781 0.863281 0.695312 0.855469 0.703125 0.843750 0.703125 0.843750 0.710938 0.847656 0.710938 0.851562 0.714844 0.867188 0.714844 0.871094 0.718750 0.871094 0.726562 0.886719 0.726562 0.890625 0.722656 0.902344 0.722656 0.910156 0.714844 0.910156 0.699219 0.914062 0.695312 0.914062 0.691406 0.917969 0.687500 0.921875 0.687500 0.921875 0.671875 0.925781 0.667969 0.929688 0.667969 0.929688 0.660156
5 0.152344 0.613281 0.152344 0.621094 0.164062 0.621094 0.164062 0.613281
5 0.128906 0.507812 0.128906 0.519531 0.132812 0.523438 0.132812 0.550781 0.128906 0.554688 0.125000 0.554688 0.125000 0.578125 0.121094 0.582031 0.117188 0.582031 0.117188 0.585938 0.113281 0.589844 0.109375 0.589844 0.109375 0.593750 0.105469 0.597656 0.082031 0.597656 0.082031 0.605469 0.089844 0.605469 0.089844 0.601562 0.093750 0.597656 0.117188 0.597656 0.121094 0.601562 0.136719 0.601562 0.136719 0.593750 0.132812 0.593750 0.128906 0.589844 0.128906 0.566406 0.132812 0.562500 0.136719 0.562500 0.136719 0.558594 0.140625 0.554688 0.156250 0.554688 0.160156 0.558594 0.164062 0.558594 0.175781 0.570312 0.191406 0.570312 0.199219 0.578125 0.199219 0.597656 0.203125 0.601562 0.210938 0.601562 0.214844 0.597656 0.214844 0.593750 0.218750 0.589844 0.222656 0.589844 0.226562 0.585938 0.226562 0.574219 0.222656 0.574219 0.218750 0.570312 0.218750 0.566406 0.214844 0.566406 0.210938 0.562500 0.187500 0.562500 0.183594 0.558594 0.183594 0.542969 0.164062 0.542969 0.160156 0.539062 0.160156 0.535156 0.152344 0.527344 0.152344 0.523438 0.144531 0.515625 0.144531 0.507812
5 0.207031 0.472656 0.199219 0.480469 0.195312 0.480469 0.195312 0.488281 0.203125 0.488281 0.207031 0.492188 0.207031 0.500000 0.226562 0.500000 0.230469 0.503906 0.230469 0.527344 0.226562 0.531250 0.214844 0.531250 0.214844 0.539062 0.222656 0.539062 0.222656 0.535156 0.226562 0.531250 0.242188 0.531250 0.242188 0.500000 0.246094 0.496094 0.246094 0.488281 0.230469 0.488281 0.222656 0.480469 0.222656 0.476562 0.218750 0.476562 0.214844 0.472656
5 0.953125 0.468750 0.949219 0.472656 0.945312 0.472656 0.941406 0.476562 0.937500 0.476562 0.937500 0.484375 0.945312 0.484375 0.949219 0.488281 0.949219 0.500000 0.968750 0.500000 0.968750 0.492188 0.964844 0.488281 0.964844 0.476562 0.960938 0.472656 0.960938 0.468750
5 0.867188 0.449219 0.867188 0.464844 0.863281 0.468750 0.863281 0.503906 0.859375 0.507812 0.859375 0.511719 0.855469 0.515625 0.855469 0.531250 0.863281 0.531250 0.867188 0.527344 0.871094 0.527344 0.871094 0.523438 0.875000 0.519531 0.898438 0.519531 0.898438 0.500000 0.902344 0.496094 0.906250 0.496094 0.910156 0.492188 0.914062 0.492188 0.914062 0.484375 0.910156 0.480469 0.910156 0.468750 0.906250 0.468750 0.902344 0.464844 0.890625 0.464844 0.886719 0.460938 0.886719 0.449219
5 0.257812 0.296875 0.257812 0.300781 0.253906 0.304688 0.253906 0.308594 0.250000 0.312500 0.250000 0.320312 0.246094 0.324219 0.246094 0.332031 0.242188 0.335938 0.234375 0.335938 0.230469 0.339844 0.210938 0.339844 0.207031 0.335938 0.207031 0.332031 0.203125 0.328125 0.203125 0.324219 0.199219 0.320312 0.199219 0.316406 0.187500 0.316406 0.187500 0.320312 0.183594 0.324219 0.183594 0.332031 0.187500 0.335938 0.187500 0.355469 0.183594 0.359375 0.179688 0.359375 0.179688 0.367188 0.183594 0.371094 0.183594 0.394531 0.179688 0.398438 0.160156 0.398438 0.160156 0.429688 0.156250 0.433594 0.156250 0.437500 0.152344 0.441406 0.128906 0.441406 0.128906 0.453125 0.132812 0.453125 0.136719 0.457031 0.136719 0.468750 0.140625 0.472656 0.140625 0.476562 0.152344 0.476562 0.160156 0.468750 0.167969 0.468750 0.171875 0.464844 0.175781 0.464844 0.175781 0.457031 0.179688 0.453125 0.179688 0.433594 0.183594 0.429688 0.183594 0.425781 0.187500 0.421875 0.195312 0.421875 0.199219 0.417969 0.203125 0.417969 0.203125 0.394531 0.210938 0.386719 0.238281 0.386719 0.250000 0.375000 0.250000 0.367188 0.246094 0.367188 0.242188 0.363281 0.242188 0.335938 0.246094 0.332031 0.265625 0.332031 0.269531 0.328125 0.273438 0.328125 0.273438 0.308594 0.269531 0.304688 0.269531 0.296875
5 0.304688 0.222656 0.304688 0.226562 0.300781 0.230469 0.300781 0.257812 0.296875 0.261719 0.289062 0.261719 0.289062 0.273438 0.296875 0.273438 0.296875 0.265625 0.300781 0.261719 0.312500 0.261719 0.312500 0.222656
5 0.628906 0.152344 0.628906 0.171875 0.636719 0.171875 0.640625 0.175781 0.644531 0.175781 0.648438 0.179688 0.648438 0.191406 0.656250 0.199219 0.656250 0.207031 0.660156 0.207031 0.667969 0.214844 0.667969 0.226562 0.671875 0.230469 0.671875 0.250000 0.675781 0.253906 0.675781 0.257812 0.679688 0.261719 0.699219 0.261719 0.703125 0.265625 0.703125 0.285156 0.722656 0.285156 0.730469 0.292969 0.742188 0.292969 0.746094 0.296875 0.746094 0.300781 0.753906 0.300781 0.753906 0.292969 0.746094 0.292969 0.742188 0.289062 0.742188 0.285156 0.738281 0.285156 0.734375 0.281250 0.726562 0.281250 0.722656 0.277344 0.722656 0.273438 0.718750 0.269531 0.710938 0.269531 0.707031 0.265625 0.707031 0.242188 0.687500 0.242188 0.683594 0.238281 0.683594 0.210938 0.679688 0.207031 0.675781 0.207031 0.671875 0.203125 0.671875 0.195312 0.667969 0.191406 0.667969 0.179688 0.664062 0.175781 0.664062 0.167969 0.660156 0.167969 0.652344 0.160156 0.640625 0.160156 0.636719 0.156250 0.636719 0.152344
5 0.398438 0.097656 0.386719 0.109375 0.386719 0.113281 0.382812 0.117188 0.382812 0.125000 0.378906 0.128906 0.378906 0.148438 0.375000 0.152344 0.375000 0.160156 0.371094 0.164062 0.371094 0.171875 0.367188 0.175781 0.347656 0.175781 0.343750 0.171875 0.343750 0.160156 0.332031 0.160156 0.332031 0.171875 0.339844 0.171875 0.343750 0.175781 0.343750 0.199219 0.355469 0.199219 0.359375 0.203125 0.359375 0.207031 0.367188 0.207031 0.367188 0.175781 0.371094 0.171875 0.378906 0.171875 0.378906 0.164062 0.382812 0.160156 0.382812 0.144531 0.390625 0.136719 0.390625 0.132812 0.394531 0.128906 0.394531 0.125000 0.398438 0.121094 0.398438 0.117188 0.410156 0.105469 0.410156 0.097656
5 0.429688 0.070312 0.425781 0.074219 0.425781 0.089844 0.449219 0.089844 0.449219 0.082031 0.445312 0.078125 0.445312 0.074219 0.441406 0.074219 0.437500 0.070312
5 0.519531 0.046875 0.515625 0.050781 0.515625 0.066406 0.519531 0.070312 0.519531 0.093750 0.515625 0.097656 0.507812 0.097656 0.496094 0.109375 0.488281 0.109375 0.488281 0.144531 0.480469 0.152344 0.476562 0.152344 0.476562 0.156250 0.472656 0.160156 0.472656 0.171875 0.468750 0.175781 0.445312 0.175781 0.445312 0.187500 0.460938 0.187500 0.460938 0.179688 0.464844 0.175781 0.484375 0.175781 0.488281 0.179688 0.488281 0.183594 0.500000 0.183594 0.503906 0.187500 0.511719 0.187500 0.515625 0.191406 0.523438 0.191406 0.527344 0.195312 0.527344 0.214844 0.531250 0.218750 0.531250 0.234375 0.527344 0.238281 0.527344 0.250000 0.523438 0.253906 0.519531 0.253906 0.519531 0.265625 0.515625 0.269531 0.492188 0.269531 0.488281 0.265625 0.484375 0.265625 0.480469 0.261719 0.480469 0.257812 0.460938 0.257812 0.453125 0.265625 0.421875 0.265625 0.421875 0.277344 0.425781 0.281250 0.429688 0.281250 0.433594 0.285156 0.453125 0.285156 0.457031 0.289062 0.457031 0.292969 0.480469 0.292969 0.484375 0.296875 0.484375 0.304688 0.492188 0.312500 0.492188 0.316406 0.496094 0.320312 0.496094 0.324219 0.500000 0.328125 0.500000 0.343750 0.496094 0.347656 0.445312 0.347656 0.441406 0.351562 0.417969 0.351562 0.417969 0.355469 0.414062 0.359375 0.414062 0.367188 0.417969 0.371094 0.449219 0.371094 0.453125 0.375000 0.453125 0.394531 0.449219 0.398438 0.449219 0.406250 0.468750 0.406250 0.472656 0.410156 0.472656 0.425781 0.468750 0.429688 0.460938 0.429688 0.460938 0.433594 0.457031 0.437500 0.441406 0.437500 0.437500 0.433594 0.425781 0.433594 0.421875 0.429688 0.421875 0.425781 0.414062 0.417969 0.410156 0.417969 0.402344 0.410156 0.402344 0.394531 0.398438 0.390625 0.394531 0.390625 0.386719 0.382812 0.386719 0.378906 0.375000 0.367188 0.375000 0.332031 0.371094 0.328125 0.371094 0.320312 0.363281 0.320312 0.359375 0.316406 0.359375 0.308594 0.355469 0.304688 0.339844 0.304688 0.339844 0.316406 0.335938 0.320312 0.316406 0.320312 0.312500 0.324219 0.312500 0.328125 0.308594 0.332031 0.289062 0.332031 0.289062 0.339844 0.304688 0.339844 0.308594 0.343750 0.308594 0.351562 0.316406 0.359375 0.316406 0.390625 0.320312 0.390625 0.324219 0.394531 0.324219 0.417969 0.328125 0.421875 0.335938 0.421875 0.335938 0.410156 0.328125 0.410156 0.324219 0.406250 0.324219 0.390625 0.328125 0.386719 0.335938 0.386719 0.335938 0.382812 0.339844 0.378906 0.359375 0.378906 0.367188 0.386719 0.367188 0.425781 0.363281 0.429688 0.347656 0.429688 0.347656 0.437500 0.351562 0.441406 0.394531 0.441406 0.398438 0.445312 0.398438 0.449219 0.406250 0.457031 0.410156 0.457031 0.414062 0.460938 0.414062 0.464844 0.437500 0.464844 0.441406 0.468750 0.441406 0.484375 0.449219 0.484375 0.449219 0.480469 0.453125 0.476562 0.480469 0.476562 0.484375 0.480469 0.484375 0.496094 0.480469 0.500000 0.476562 0.500000 0.472656 0.503906 0.472656 0.515625 0.476562 0.515625 0.480469 0.519531 0.480469 0.535156 0.476562 0.539062 0.472656 0.539062 0.472656 0.542969 0.468750 0.546875 0.464844 0.546875 0.464844 0.550781 0.460938 0.554688 0.425781 0.554688 0.417969 0.546875 0.402344 0.546875 0.398438 0.542969 0.382812 0.542969 0.382812 0.546875 0.378906 0.550781 0.367188 0.550781 0.367188 0.554688 0.363281 0.558594 0.359375 0.558594 0.359375 0.574219 0.375000 0.574219 0.378906 0.578125 0.378906 0.621094 0.386719 0.621094 0.390625 0.617188 0.406250 0.617188 0.417969 0.628906 0.425781 0.628906 0.425781 0.625000 0.429688 0.621094 0.445312 0.621094 0.449219 0.625000 0.453125 0.625000 0.457031 0.628906 0.457031 0.632812 0.464844 0.632812 0.468750 0.636719 0.468750 0.656250 0.464844 0.660156 0.457031 0.660156 0.453125 0.664062 0.445312 0.664062 0.445312 0.683594 0.464844 0.683594 0.468750 0.687500 0.472656 0.687500 0.476562 0.691406 0.476562 0.703125 0.484375 0.710938 0.500000 0.710938 0.503906 0.714844 0.503906 0.726562 0.507812 0.726562 0.511719 0.730469 0.515625 0.730469 0.519531 0.734375 0.519531 0.757812 0.511719 0.765625 0.511719 0.773438 0.515625 0.773438 0.519531 0.777344 0.550781 0.777344 0.550781 0.773438 0.554688 0.769531 0.574219 0.769531 0.578125 0.765625 0.578125 0.761719 0.582031 0.757812 0.593750 0.757812 0.593750 0.742188 0.597656 0.738281 0.621094 0.738281 0.625000 0.742188 0.625000 0.750000 0.628906 0.753906 0.628906 0.765625 0.636719 0.773438 0.644531 0.773438 0.648438 0.769531 0.656250 0.769531 0.660156 0.765625 0.679688 0.765625 0.683594 0.769531 0.683594 0.789062 0.679688 0.792969 0.671875 0.792969 0.671875 0.808594 0.675781 0.808594 0.679688 0.812500 0.687500 0.812500 0.691406 0.816406 0.699219 0.816406 0.699219 0.812500 0.707031 0.804688 0.707031 0.800781 0.710938 0.796875 0.710938 0.792969 0.714844 0.789062 0.730469 0.789062 0.730469 0.777344 0.726562 0.777344 0.722656 0.773438 0.722656 0.761719 0.718750 0.757812 0.714844 0.757812 0.703125 0.746094 0.703125 0.714844 0.707031 0.710938 0.734375 0.710938 0.734375 0.699219 0.738281 0.695312 0.742188 0.695312 0.742188 0.687500 0.746094 0.683594 0.773438 0.683594 0.773438 0.671875 0.777344 0.667969 0.796875 0.667969 0.800781 0.671875 0.800781 0.679688 0.804688 0.683594 0.804688 0.699219 0.800781 0.703125 0.800781 0.710938 0.816406 0.710938 0.816406 0.691406 0.820312 0.687500 0.835938 0.687500 0.835938 0.683594 0.839844 0.679688 0.839844 0.667969 0.843750 0.664062 0.851562 0.664062 0.851562 0.656250 0.855469 0.652344 0.855469 0.625000 0.851562 0.621094 0.851562 0.617188 0.843750 0.609375 0.843750 0.593750 0.847656 0.589844 0.851562 0.589844 0.855469 0.585938 0.855469 0.570312 0.851562 0.566406 0.851562 0.562500 0.832031 0.562500 0.824219 0.554688 0.824219 0.531250 0.820312 0.527344 0.820312 0.472656 0.824219 0.468750 0.835938 0.468750 0.835938 0.460938 0.832031 0.457031 0.828125 0.457031 0.824219 0.453125 0.820312 0.453125 0.816406 0.449219 0.808594 0.449219 0.800781 0.441406 0.789062 0.441406 0.789062 0.449219 0.785156 0.453125 0.765625 0.453125 0.761719 0.449219 0.761719 0.433594 0.769531 0.425781 0.769531 0.414062 0.757812 0.414062 0.753906 0.410156 0.753906 0.390625 0.757812 0.386719 0.773438 0.386719 0.777344 0.382812 0.777344 0.378906 0.781250 0.375000 0.812500 0.375000 0.812500 0.343750 0.804688 0.335938 0.792969 0.335938 0.792969 0.339844 0.789062 0.343750 0.781250 0.343750 0.781250 0.367188 0.777344 0.371094 0.730469 0.371094 0.726562 0.367188 0.726562 0.363281 0.722656 0.359375 0.718750 0.359375 0.714844 0.355469 0.714844 0.343750 0.710938 0.343750 0.699219 0.332031 0.699219 0.324219 0.695312 0.324219 0.691406 0.320312 0.691406 0.304688 0.695312 0.300781 0.695312 0.292969 0.687500 0.292969 0.687500 0.296875 0.683594 0.300781 0.679688 0.300781 0.679688 0.316406 0.675781 0.320312 0.671875 0.320312 0.671875 0.335938 0.667969 0.339844 0.652344 0.339844 0.648438 0.335938 0.648438 0.328125 0.644531 0.328125 0.640625 0.324219 0.640625 0.320312 0.625000 0.320312 0.621094 0.316406 0.621094 0.300781 0.617188 0.296875 0.617188 0.292969 0.613281 0.289062 0.609375 0.289062 0.605469 0.285156 0.605469 0.273438 0.601562 0.269531 0.601562 0.265625 0.597656 0.265625 0.593750 0.261719 0.593750 0.246094 0.585938 0.246094 0.578125 0.253906 0.578125 0.261719 0.574219 0.265625 0.550781 0.265625 0.546875 0.261719 0.542969 0.261719 0.539062 0.257812 0.539062 0.253906 0.535156 0.250000 0.535156 0.230469 0.539062 0.226562 0.550781 0.226562 0.550781 0.214844 0.554688 0.210938 0.566406 0.210938 0.566406 0.203125 0.562500 0.199219 0.562500 0.179688 0.558594 0.175781 0.539062 0.175781 0.535156 0.171875 0.535156 0.167969 0.531250 0.167969 0.527344 0.164062 0.523438 0.164062 0.515625 0.156250 0.515625 0.132812 0.519531 0.128906 0.539062 0.128906 0.542969 0.125000 0.542969 0.101562 0.546875 0.097656 0.550781 0.097656 0.550781 0.093750 0.554688 0.089844 0.566406 0.089844 0.570312 0.085938 0.570312 0.074219 0.566406 0.070312 0.566406 0.066406 0.550781 0.066406 0.531250 0.046875
