5 0.722656 0.929688 0.722656 0.933594 0.718750 0.937500 0.707031 0.937500 0.707031 0.949219 0.718750 0.949219 0.718750 0.941406 0.722656 0.937500 0.730469 0.937500 0.730469 0.929688
5 0.375000 0.875000 0.375000 0.882812 0.371094 0.886719 0.363281 0.886719 0.355469 0.894531 0.355469 0.902344 0.351562 0.906250 0.347656 0.906250 0.347656 0.910156 0.343750 0.914062 0.339844 0.914062 0.335938 0.917969 0.335938 0.925781 0.359375 0.925781 0.363281 0.929688 0.363281 0.933594 0.378906 0.933594 0.382812 0.929688 0.382812 0.898438 0.390625 0.890625 0.394531 0.890625 0.394531 0.875000
5 0.300781 0.824219 0.300781 0.828125 0.296875 0.832031 0.273438 0.832031 0.273438 0.839844 0.289062 0.839844 0.292969 0.843750 0.292969 0.875000 0.289062 0.878906 0.269531 0.878906 0.265625 0.875000 0.265625 0.871094 0.261719 0.867188 0.261719 0.863281 0.253906 0.863281 0.246094 0.855469 0.238281 0.855469 0.238281 0.859375 0.230469 0.867188 0.207031 0.867188 0.203125 0.863281 0.203125 0.859375 0.199219 0.855469 0.199219 0.843750 0.191406 0.835938 0.183594 0.835938 0.183594 0.843750 0.191406 0.851562 0.191406 0.867188 0.214844 0.867188 0.218750 0.871094 0.218750 0.878906 0.238281 0.878906 0.242188 0.882812 0.242188 0.886719 0.246094 0.886719 0.253906 0.894531 0.257812 0.894531 0.261719 0.898438 0.269531 0.898438 0.273438 0.894531 0.296875 0.894531 0.300781 0.898438 0.300781 0.902344 0.312500 0.902344 0.312500 0.894531 0.304688 0.886719 0.304688 0.871094 0.308594 0.867188 0.312500 0.867188 0.316406 0.863281 0.316406 0.847656 0.312500 0.847656 0.308594 0.843750 0.308594 0.824219
5 0.714844 0.796875 0.710938 0.800781 0.710938 0.816406 0.707031 0.820312 0.699219 0.820312 0.699219 0.835938 0.703125 0.839844 0.703125 0.863281 0.699219 0.867188 0.699219 0.882812 0.695312 0.886719 0.691406 0.886719 0.687500 0.890625 0.687500 0.898438 0.683594 0.902344 0.675781 0.902344 0.671875 0.906250 0.671875 0.917969 0.675781 0.921875 0.683594 0.921875 0.687500 0.925781 0.695312 0.925781 0.695312 0.910156 0.699219 0.906250 0.710938 0.906250 0.710938 0.902344 0.718750 0.894531 0.722656 0.894531 0.722656 0.890625 0.726562 0.886719 0.734375 0.886719 0.738281 0.882812 0.742188 0.882812 0.742188 0.847656 0.746094 0.843750 0.757812 0.843750 0.757812 0.832031 0.765625 0.824219 0.765625 0.812500 0.738281 0.812500 0.734375 0.808594 0.734375 0.800781 0.726562 0.800781 0.722656 0.796875
5 0.218750 0.789062 0.218750 0.800781 0.222656 0.804688 0.222656 0.828125 0.230469 0.828125 0.230469 0.808594 0.226562 0.804688 0.226562 0.789062
5 0.187500 0.746094 0.183594 0.750000 0.179688 0.750000 0.175781 0.753906 0.156250 0.753906 0.156250 0.757812 0.152344 0.761719 0.132812 0.761719 0.128906 0.765625 0.125000 0.765625 0.125000 0.777344 0.128906 0.777344 0.136719 0.785156 0.164062 0.785156 0.167969 0.789062 0.167969 0.796875 0.171875 0.800781 0.179688 0.800781 0.183594 0.796875 0.187500 0.796875 0.187500 0.781250 0.183594 0.777344 0.183594 0.761719 0.187500 0.757812 0.195312 0.757812 0.199219 0.753906 0.199219 0.746094
5 0.699219 0.738281 0.695312 0.742188 0.687500 0.742188 0.687500 0.750000 0.699219 0.750000 0.703125 0.753906 0.710938 0.753906 0.710938 0.750000 0.714844 0.746094 0.714844 0.738281
5 0.765625 0.714844 0.761719 0.718750 0.761719 0.726562 0.757812 0.730469 0.738281 0.730469 0.738281 0.761719 0.734375 0.765625 0.734375 0.777344 0.750000 0.777344 0.753906 0.781250 0.769531 0.781250 0.773438 0.785156 0.773438 0.800781 0.789062 0.800781 0.792969 0.796875 0.796875 0.796875 0.796875 0.785156 0.800781 0.781250 0.804688 0.781250 0.808594 0.777344 0.812500 0.777344 0.812500 0.773438 0.816406 0.769531 0.816406 0.761719 0.820312 0.757812 0.820312 0.750000 0.816406 0.746094 0.816406 0.738281 0.808594 0.738281 0.804688 0.734375 0.804688 0.722656 0.781250 0.722656 0.773438 0.714844
5 0.781250 0.632812 0.781250 0.644531 0.777344 0.648438 0.773438 0.648438 0.773438 0.652344 0.769531 0.656250 0.750000 0.656250 0.746094 0.652344 0.746094 0.648438 0.742188 0.644531 0.730469 0.644531 0.730469 0.656250 0.742188 0.656250 0.746094 0.660156 0.746094 0.667969 0.753906 0.667969 0.757812 0.664062 0.777344 0.664062 0.781250 0.667969 0.781250 0.691406 0.789062 0.691406 0.789062 0.675781 0.792969 0.671875 0.792969 0.667969 0.796875 0.664062 0.824219 0.664062 0.828125 0.660156 0.828125 0.648438 0.820312 0.648438 0.816406 0.644531 0.816406 0.636719 0.792969 0.636719 0.789062 0.632812
5 0.500000 0.621094 0.500000 0.628906 0.507812 0.628906 0.507812 0.621094
5 0.320312 0.617188 0.320312 0.625000 0.328125 0.625000 0.328125 0.617188
5 0.261719 0.574219 0.253906 0.582031 0.253906 0.589844 0.250000 0.593750 0.226562 0.593750 0.222656 0.589844 0.207031 0.589844 0.207031 0.597656 0.210938 0.601562 0.210938 0.605469 0.218750 0.605469 0.222656 0.609375 0.226562 0.609375 0.230469 0.613281 0.230469 0.617188 0.234375 0.617188 0.238281 0.621094 0.238281 0.640625 0.250000 0.640625 0.253906 0.644531 0.253906 0.656250 0.257812 0.656250 0.261719 0.660156 0.273438 0.660156 0.273438 0.656250 0.281250 0.648438 0.289062 0.648438 0.289062 0.644531 0.292969 0.640625 0.292969 0.632812 0.277344 0.632812 0.273438 0.636719 0.257812 0.636719 0.250000 0.628906 0.250000 0.605469 0.253906 0.601562 0.265625 0.601562 0.269531 0.597656 0.269531 0.574219
5 0.097656 0.515625 0.097656 0.535156 0.093750 0.539062 0.093750 0.546875 0.097656 0.550781 0.101562 0.550781 0.105469 0.554688 0.113281 0.554688 0.117188 0.550781 0.128906 0.550781 0.128906 0.546875 0.132812 0.542969 0.136719 0.542969 0.136719 0.535156 0.117188 0.535156 0.113281 0.531250 0.113281 0.519531 0.109375 0.515625
5 0.082031 0.496094 0.082031 0.503906 0.085938 0.507812 0.093750 0.507812 0.093750 0.500000 0.089844 0.496094
5 0.324219 0.488281 0.324219 0.511719 0.320312 0.515625 0.292969 0.515625 0.292969 0.531250 0.296875 0.535156 0.296875 0.539062 0.312500 0.539062 0.312500 0.535156 0.316406 0.531250 0.347656 0.531250 0.351562 0.535156 0.363281 0.535156 0.367188 0.539062 0.367188 0.562500 0.371094 0.566406 0.371094 0.574219 0.378906 0.574219 0.382812 0.570312 0.386719 0.570312 0.386719 0.550781 0.394531 0.542969 0.394531 0.523438 0.375000 0.523438 0.371094 0.519531 0.371094 0.503906 0.375000 0.500000 0.378906 0.500000 0.378906 0.492188 0.335938 0.492188 0.332031 0.488281
5 0.781250 0.480469 0.781250 0.500000 0.785156 0.503906 0.785156 0.519531 0.781250 0.523438 0.765625 0.523438 0.765625 0.531250 0.769531 0.535156 0.769531 0.554688 0.765625 0.558594 0.757812 0.558594 0.757812 0.566406 0.753906 0.570312 0.722656 0.570312 0.722656 0.574219 0.718750 0.578125 0.718750 0.582031 0.714844 0.585938 0.710938 0.585938 0.710938 0.589844 0.703125 0.597656 0.703125 0.601562 0.695312 0.609375 0.691406 0.609375 0.687500 0.613281 0.683594 0.613281 0.683594 0.628906 0.679688 0.632812 0.660156 0.632812 0.656250 0.628906 0.656250 0.609375 0.648438 0.609375 0.648438 0.640625 0.644531 0.644531 0.640625 0.644531 0.640625 0.652344 0.652344 0.652344 0.656250 0.656250 0.667969 0.656250 0.671875 0.652344 0.687500 0.652344 0.691406 0.656250 0.699219 0.656250 0.699219 0.625000 0.710938 0.613281 0.718750 0.613281 0.718750 0.601562 0.722656 0.597656 0.757812 0.597656 0.757812 0.570312 0.761719 0.566406 0.765625 0.566406 0.765625 0.558594 0.769531 0.554688 0.796875 0.554688 0.800781 0.558594 0.808594 0.558594 0.812500 0.562500 0.824219 0.562500 0.828125 0.566406 0.828125 0.574219 0.835938 0.574219 0.835938 0.546875 0.832031 0.542969 0.812500 0.542969 0.808594 0.539062 0.808594 0.527344 0.804688 0.523438 0.804688 0.515625 0.800781 0.511719 0.800781 0.492188 0.796875 0.492188 0.792969 0.488281 0.792969 0.484375 0.789062 0.480469
5 0.554688 0.472656 0.554688 0.500000 0.550781 0.503906 0.542969 0.503906 0.542969 0.511719 0.562500 0.511719 0.566406 0.515625 0.566406 0.527344 0.570312 0.527344 0.574219 0.531250 0.574219 0.550781 0.570312 0.554688 0.562500 0.554688 0.558594 0.558594 0.558594 0.574219 0.554688 0.578125 0.550781 0.578125 0.546875 0.582031 0.535156 0.582031 0.535156 0.613281 0.531250 0.617188 0.531250 0.632812 0.527344 0.636719 0.519531 0.636719 0.519531 0.691406 0.515625 0.695312 0.500000 0.695312 0.496094 0.691406 0.496094 0.687500 0.484375 0.687500 0.480469 0.683594 0.480469 0.664062 0.468750 0.664062 0.464844 0.660156 0.464844 0.648438 0.460938 0.644531 0.460938 0.625000 0.464844 0.621094 0.468750 0.621094 0.468750 0.609375 0.441406 0.609375 0.437500 0.605469 0.437500 0.601562 0.433594 0.597656 0.414062 0.597656 0.410156 0.601562 0.406250 0.601562 0.406250 0.609375 0.417969 0.609375 0.421875 0.613281 0.429688 0.613281 0.433594 0.617188 0.433594 0.640625 0.437500 0.644531 0.437500 0.648438 0.445312 0.656250 0.449219 0.656250 0.457031 0.664062 0.457031 0.687500 0.460938 0.687500 0.464844 0.691406 0.464844 0.695312 0.468750 0.695312 0.476562 0.703125 0.476562 0.718750 0.468750 0.726562 0.464844 0.726562 0.460938 0.730469 0.460938 0.738281 0.457031 0.742188 0.441406 0.742188 0.433594 0.734375 0.425781 0.734375 0.421875 0.730469 0.421875 0.722656 0.414062 0.722656 0.402344 0.710938 0.390625 0.710938 0.386719 0.714844 0.386719 0.734375 0.382812 0.738281 0.351562 0.738281 0.347656 0.734375 0.347656 0.722656 0.343750 0.718750 0.332031 0.718750 0.324219 0.710938 0.308594 0.710938 0.304688 0.707031 0.304688 0.691406 0.300781 0.691406 0.292969 0.683594 0.292969 0.675781 0.285156 0.675781 0.285156 0.683594 0.281250 0.687500 0.281250 0.703125 0.265625 0.718750 0.265625 0.734375 0.281250 0.734375 0.285156 0.730469 0.304688 0.730469 0.308594 0.734375 0.320312 0.734375 0.324219 0.738281 0.324219 0.742188 0.328125 0.746094 0.328125 0.769531 0.335938 0.777344 0.335938 0.792969 0.332031 0.796875 0.312500 0.796875 0.312500 0.808594 0.335938 0.808594 0.335938 0.789062 0.339844 0.785156 0.359375 0.785156 0.363281 0.789062 0.363281 0.792969 0.371094 0.792969 0.371094 0.785156 0.375000 0.781250 0.386719 0.781250 0.394531 0.773438 0.398438 0.773438 0.402344 0.769531 0.437500 0.769531 0.441406 0.773438 0.441406 0.792969 0.445312 0.796875 0.453125 0.796875 0.453125 0.781250 0.445312 0.781250 0.441406 0.777344 0.441406 0.761719 0.445312 0.757812 0.464844 0.757812 0.468750 0.761719 0.468750 0.777344 0.472656 0.777344 0.476562 0.781250 0.476562 0.808594 0.472656 0.812500 0.472656 0.839844 0.476562 0.843750 0.476562 0.855469 0.484375 0.855469 0.484375 0.835938 0.488281 0.832031 0.488281 0.800781 0.492188 0.796875 0.492188 0.785156 0.496094 0.781250 0.496094 0.769531 0.500000 0.765625 0.511719 0.765625 0.515625 0.761719 0.515625 0.757812 0.519531 0.753906 0.535156 0.753906 0.539062 0.757812 0.539062 0.761719 0.542969 0.765625 0.542969 0.773438 0.550781 0.781250 0.550781 0.785156 0.554688 0.789062 0.558594 0.789062 0.562500 0.792969 0.562500 0.812500 0.570312 0.820312 0.570312 0.832031 0.582031 0.832031 0.585938 0.835938 0.593750 0.835938 0.593750 0.828125 0.589844 0.828125 0.585938 0.824219 0.585938 0.804688 0.566406 0.804688 0.562500 0.800781 0.562500 0.777344 0.570312 0.769531 0.574219 0.769531 0.574219 0.750000 0.566406 0.742188 0.562500 0.742188 0.558594 0.738281 0.550781 0.738281 0.546875 0.742188 0.531250 0.742188 0.527344 0.738281 0.527344 0.730469 0.523438 0.726562 0.523438 0.707031 0.527344 0.703125 0.531250 0.703125 0.531250 0.691406 0.535156 0.687500 0.535156 0.683594 0.539062 0.679688 0.539062 0.664062 0.542969 0.660156 0.550781 0.660156 0.554688 0.656250 0.566406 0.656250 0.566406 0.644531 0.570312 0.640625 0.570312 0.625000 0.574219 0.621094 0.574219 0.617188 0.582031 0.609375 0.589844 0.609375 0.589844 0.582031 0.593750 0.578125 0.605469 0.578125 0.605469 0.570312 0.601562 0.566406 0.601562 0.554688 0.597656 0.550781 0.597656 0.542969 0.593750 0.542969 0.589844 0.539062 0.589844 0.531250 0.585938 0.527344 0.585938 0.523438 0.582031 0.519531 0.582031 0.476562 0.566406 0.476562 0.562500 0.472656
5 0.128906 0.460938 0.125000 0.464844 0.125000 0.472656 0.128906 0.472656 0.132812 0.476562 0.132812 0.492188 0.144531 0.492188 0.148438 0.496094 0.148438 0.527344 0.160156 0.527344 0.160156 0.519531 0.156250 0.515625 0.156250 0.500000 0.160156 0.496094 0.160156 0.464844 0.152344 0.464844 0.148438 0.460938
5 0.765625 0.457031 0.765625 0.472656 0.773438 0.472656 0.773438 0.457031
5 0.667969 0.441406 0.664062 0.445312 0.664062 0.457031 0.656250 0.464844 0.656250 0.480469 0.652344 0.484375 0.648438 0.484375 0.644531 0.488281 0.644531 0.496094 0.640625 0.500000 0.640625 0.519531 0.636719 0.523438 0.636719 0.531250 0.656250 0.531250 0.664062 0.523438 0.664062 0.511719 0.660156 0.507812 0.660156 0.476562 0.664062 0.472656 0.667969 0.472656 0.671875 0.468750 0.671875 0.464844 0.675781 0.460938 0.695312 0.460938 0.699219 0.457031 0.699219 0.441406
5 0.226562 0.429688 0.226562 0.433594 0.218750 0.441406 0.218750 0.449219 0.222656 0.449219 0.226562 0.453125 0.226562 0.460938 0.230469 0.460938 0.234375 0.464844 0.234375 0.472656 0.238281 0.472656 0.242188 0.476562 0.246094 0.476562 0.253906 0.484375 0.273438 0.484375 0.277344 0.488281 0.277344 0.496094 0.285156 0.496094 0.285156 0.480469 0.269531 0.480469 0.265625 0.476562 0.265625 0.472656 0.257812 0.464844 0.253906 0.464844 0.250000 0.460938 0.250000 0.453125 0.246094 0.449219 0.246094 0.429688
5 0.710938 0.417969 0.707031 0.421875 0.707031 0.429688 0.714844 0.429688 0.718750 0.425781 0.722656 0.425781 0.722656 0.417969
5 0.468750 0.417969 0.468750 0.425781 0.464844 0.429688 0.464844 0.453125 0.468750 0.453125 0.472656 0.457031 0.480469 0.457031 0.484375 0.460938 0.484375 0.488281 0.492188 0.488281 0.496094 0.484375 0.496094 0.464844 0.492188 0.460938 0.488281 0.460938 0.484375 0.457031 0.484375 0.445312 0.480469 0.441406 0.480469 0.429688 0.476562 0.425781 0.476562 0.417969
5 0.105469 0.398438 0.101562 0.402344 0.093750 0.402344 0.093750 0.429688 0.089844 0.433594 0.085938 0.433594 0.085938 0.464844 0.093750 0.464844 0.093750 0.425781 0.097656 0.421875 0.105469 0.421875 0.109375 0.417969 0.117188 0.417969 0.121094 0.414062 0.121094 0.406250 0.117188 0.406250 0.113281 0.402344 0.113281 0.398438
5 0.652344 0.292969 0.652344 0.312500 0.648438 0.316406 0.625000 0.316406 0.625000 0.332031 0.667969 0.332031 0.671875 0.335938 0.671875 0.339844 0.679688 0.339844 0.679688 0.332031 0.667969 0.332031 0.664062 0.328125 0.664062 0.312500 0.667969 0.308594 0.667969 0.296875 0.664062 0.296875 0.660156 0.292969
5 0.375000 0.238281 0.363281 0.250000 0.363281 0.253906 0.359375 0.257812 0.339844 0.257812 0.335938 0.261719 0.332031 0.261719 0.332031 0.265625 0.328125 0.269531 0.328125 0.277344 0.332031 0.277344 0.339844 0.285156 0.339844 0.289062 0.347656 0.289062 0.351562 0.285156 0.378906 0.285156 0.382812 0.289062 0.417969 0.289062 0.417969 0.281250 0.414062 0.277344 0.414062 0.265625 0.402344 0.253906 0.402344 0.250000 0.398438 0.250000 0.394531 0.246094 0.394531 0.242188 0.386719 0.242188 0.382812 0.238281
