5 0.335938 0.933594 0.332031 0.937500 0.332031 0.949219 0.339844 0.949219 0.343750 0.945312 0.347656 0.945312 0.351562 0.941406 0.351562 0.933594
5 0.753906 0.867188 0.746094 0.875000 0.742188 0.875000 0.742188 0.886719 0.761719 0.886719 0.769531 0.878906 0.777344 0.878906 0.777344 0.867188
5 0.199219 0.847656 0.195312 0.851562 0.191406 0.851562 0.191406 0.867188 0.187500 0.871094 0.187500 0.875000 0.183594 0.878906 0.160156 0.878906 0.160156 0.886719 0.167969 0.894531 0.175781 0.894531 0.179688 0.898438 0.179688 0.902344 0.183594 0.902344 0.187500 0.906250 0.199219 0.906250 0.203125 0.902344 0.207031 0.902344 0.207031 0.882812 0.203125 0.878906 0.203125 0.863281 0.207031 0.859375 0.207031 0.847656
5 0.742188 0.832031 0.742188 0.843750 0.753906 0.843750 0.753906 0.832031
5 0.300781 0.832031 0.300781 0.843750 0.296875 0.847656 0.292969 0.847656 0.292969 0.882812 0.289062 0.886719 0.269531 0.886719 0.265625 0.882812 0.265625 0.851562 0.269531 0.847656 0.269531 0.839844 0.261719 0.839844 0.257812 0.843750 0.250000 0.843750 0.250000 0.847656 0.246094 0.851562 0.246094 0.863281 0.242188 0.867188 0.230469 0.867188 0.230469 0.882812 0.234375 0.882812 0.238281 0.886719 0.238281 0.902344 0.234375 0.906250 0.222656 0.906250 0.222656 0.917969 0.257812 0.917969 0.261719 0.921875 0.261719 0.937500 0.285156 0.937500 0.289062 0.941406 0.289062 0.945312 0.300781 0.945312 0.304688 0.941406 0.304688 0.925781 0.308594 0.921875 0.308594 0.902344 0.312500 0.898438 0.312500 0.890625 0.316406 0.886719 0.316406 0.882812 0.320312 0.878906 0.328125 0.878906 0.328125 0.859375 0.324219 0.855469 0.324219 0.832031
5 0.585938 0.820312 0.585938 0.824219 0.582031 0.828125 0.582031 0.835938 0.574219 0.843750 0.570312 0.843750 0.570312 0.859375 0.574219 0.863281 0.574219 0.871094 0.578125 0.875000 0.578125 0.894531 0.574219 0.898438 0.574219 0.906250 0.593750 0.906250 0.597656 0.910156 0.605469 0.910156 0.609375 0.914062 0.609375 0.917969 0.613281 0.917969 0.617188 0.921875 0.617188 0.941406 0.625000 0.941406 0.628906 0.945312 0.628906 0.949219 0.644531 0.949219 0.644531 0.878906 0.636719 0.871094 0.636719 0.863281 0.628906 0.855469 0.628906 0.851562 0.625000 0.847656 0.625000 0.843750 0.617188 0.843750 0.613281 0.839844 0.613281 0.835938 0.609375 0.835938 0.605469 0.832031 0.605469 0.828125 0.601562 0.824219 0.601562 0.820312
5 0.722656 0.812500 0.722656 0.820312 0.726562 0.824219 0.734375 0.824219 0.734375 0.816406 0.730469 0.812500
5 0.332031 0.800781 0.328125 0.804688 0.328125 0.816406 0.343750 0.816406 0.343750 0.804688 0.339844 0.800781
5 0.917969 0.789062 0.914062 0.792969 0.914062 0.800781 0.921875 0.800781 0.925781 0.796875 0.925781 0.789062
5 0.820312 0.777344 0.816406 0.781250 0.812500 0.781250 0.808594 0.785156 0.808594 0.792969 0.816406 0.792969 0.820312 0.796875 0.820312 0.820312 0.839844 0.820312 0.843750 0.824219 0.851562 0.824219 0.855469 0.828125 0.863281 0.828125 0.863281 0.824219 0.867188 0.820312 0.867188 0.812500 0.847656 0.812500 0.843750 0.808594 0.843750 0.800781 0.839844 0.796875 0.839844 0.789062 0.835938 0.789062 0.832031 0.785156 0.832031 0.777344
5 0.667969 0.773438 0.667969 0.785156 0.664062 0.789062 0.644531 0.789062 0.640625 0.792969 0.636719 0.792969 0.636719 0.800781 0.640625 0.800781 0.644531 0.804688 0.656250 0.804688 0.660156 0.808594 0.660156 0.812500 0.699219 0.812500 0.699219 0.800781 0.695312 0.796875 0.683594 0.796875 0.679688 0.792969 0.679688 0.773438
5 0.949219 0.718750 0.949219 0.746094 0.945312 0.750000 0.945312 0.761719 0.953125 0.761719 0.953125 0.738281 0.957031 0.734375 0.957031 0.718750
5 0.324219 0.718750 0.320312 0.722656 0.320312 0.734375 0.316406 0.738281 0.312500 0.738281 0.312500 0.746094 0.316406 0.746094 0.324219 0.753906 0.332031 0.753906 0.335938 0.750000 0.335938 0.746094 0.339844 0.742188 0.343750 0.742188 0.351562 0.734375 0.367188 0.734375 0.371094 0.738281 0.371094 0.746094 0.375000 0.746094 0.378906 0.750000 0.378906 0.769531 0.375000 0.773438 0.371094 0.773438 0.371094 0.781250 0.363281 0.789062 0.363281 0.796875 0.375000 0.796875 0.378906 0.800781 0.378906 0.824219 0.375000 0.828125 0.371094 0.828125 0.371094 0.839844 0.378906 0.847656 0.390625 0.847656 0.394531 0.843750 0.402344 0.843750 0.402344 0.839844 0.406250 0.835938 0.406250 0.828125 0.410156 0.824219 0.410156 0.808594 0.390625 0.808594 0.382812 0.800781 0.382812 0.773438 0.386719 0.769531 0.386719 0.761719 0.390625 0.757812 0.394531 0.757812 0.402344 0.750000 0.402344 0.730469 0.398438 0.726562 0.398438 0.718750 0.390625 0.718750 0.390625 0.722656 0.386719 0.726562 0.382812 0.726562 0.378906 0.730469 0.355469 0.730469 0.351562 0.726562 0.343750 0.726562 0.335938 0.718750
5 0.152344 0.707031 0.152344 0.722656 0.160156 0.722656 0.160156 0.718750 0.164062 0.714844 0.164062 0.707031
5 0.484375 0.691406 0.484375 0.714844 0.480469 0.718750 0.476562 0.718750 0.476562 0.726562 0.484375 0.726562 0.484375 0.703125 0.488281 0.699219 0.492188 0.699219 0.492188 0.691406
5 0.812500 0.664062 0.808594 0.667969 0.765625 0.667969 0.761719 0.671875 0.761719 0.679688 0.765625 0.679688 0.769531 0.683594 0.769531 0.687500 0.773438 0.691406 0.777344 0.691406 0.781250 0.695312 0.781250 0.707031 0.789062 0.707031 0.792969 0.703125 0.796875 0.703125 0.800781 0.699219 0.804688 0.699219 0.804688 0.687500 0.808594 0.683594 0.816406 0.683594 0.824219 0.675781 0.828125 0.675781 0.828125 0.667969 0.824219 0.664062
5 0.246094 0.628906 0.242188 0.632812 0.234375 0.632812 0.234375 0.636719 0.230469 0.640625 0.214844 0.640625 0.210938 0.636719 0.203125 0.636719 0.203125 0.664062 0.199219 0.667969 0.191406 0.667969 0.191406 0.679688 0.187500 0.683594 0.175781 0.683594 0.175781 0.699219 0.214844 0.699219 0.218750 0.703125 0.218750 0.707031 0.222656 0.707031 0.226562 0.710938 0.226562 0.726562 0.238281 0.726562 0.242188 0.730469 0.242188 0.738281 0.253906 0.738281 0.253906 0.734375 0.257812 0.730469 0.261719 0.730469 0.261719 0.726562 0.265625 0.722656 0.265625 0.710938 0.269531 0.707031 0.269531 0.699219 0.273438 0.695312 0.281250 0.695312 0.281250 0.687500 0.277344 0.687500 0.273438 0.683594 0.269531 0.683594 0.265625 0.679688 0.265625 0.664062 0.269531 0.660156 0.285156 0.660156 0.289062 0.656250 0.289062 0.628906 0.277344 0.628906 0.273438 0.632812 0.257812 0.632812 0.253906 0.628906
5 0.054688 0.593750 0.054688 0.597656 0.046875 0.605469 0.046875 0.632812 0.050781 0.636719 0.050781 0.652344 0.058594 0.652344 0.062500 0.648438 0.062500 0.625000 0.066406 0.621094 0.066406 0.597656 0.062500 0.593750
5 0.867188 0.531250 0.867188 0.539062 0.863281 0.542969 0.863281 0.570312 0.867188 0.570312 0.871094 0.574219 0.871094 0.605469 0.886719 0.605469 0.890625 0.609375 0.890625 0.621094 0.894531 0.625000 0.894531 0.628906 0.902344 0.628906 0.906250 0.632812 0.914062 0.632812 0.921875 0.625000 0.921875 0.621094 0.925781 0.617188 0.925781 0.597656 0.921875 0.593750 0.914062 0.593750 0.910156 0.589844 0.910156 0.550781 0.906250 0.546875 0.882812 0.546875 0.875000 0.539062 0.875000 0.531250
5 0.593750 0.531250 0.589844 0.535156 0.582031 0.535156 0.582031 0.550781 0.578125 0.554688 0.574219 0.554688 0.574219 0.570312 0.570312 0.574219 0.566406 0.574219 0.566406 0.582031 0.574219 0.582031 0.574219 0.570312 0.578125 0.566406 0.582031 0.566406 0.582031 0.562500 0.585938 0.558594 0.597656 0.558594 0.605469 0.550781 0.605469 0.539062 0.601562 0.535156 0.601562 0.531250
5 0.714844 0.500000 0.714844 0.511719 0.730469 0.511719 0.734375 0.515625 0.742188 0.515625 0.742188 0.503906 0.730469 0.503906 0.726562 0.500000
5 0.148438 0.453125 0.148438 0.460938 0.156250 0.460938 0.156250 0.453125
5 0.847656 0.410156 0.847656 0.421875 0.859375 0.421875 0.863281 0.425781 0.863281 0.433594 0.871094 0.433594 0.871094 0.417969 0.859375 0.417969 0.855469 0.414062 0.855469 0.410156
5 0.621094 0.410156 0.617188 0.414062 0.613281 0.414062 0.613281 0.417969 0.609375 0.421875 0.585938 0.421875 0.582031 0.417969 0.574219 0.417969 0.574219 0.421875 0.570312 0.425781 0.566406 0.425781 0.566406 0.457031 0.562500 0.460938 0.542969 0.460938 0.542969 0.468750 0.554688 0.468750 0.558594 0.472656 0.558594 0.488281 0.562500 0.492188 0.574219 0.492188 0.574219 0.480469 0.578125 0.476562 0.589844 0.476562 0.593750 0.472656 0.597656 0.472656 0.601562 0.468750 0.613281 0.468750 0.617188 0.464844 0.617188 0.457031 0.609375 0.457031 0.605469 0.453125 0.605469 0.433594 0.609375 0.429688 0.632812 0.429688 0.632812 0.425781 0.636719 0.421875 0.644531 0.421875 0.648438 0.417969 0.648438 0.410156
5 0.835938 0.394531 0.835938 0.402344 0.843750 0.402344 0.843750 0.394531
5 0.511719 0.382812 0.511719 0.394531 0.507812 0.398438 0.492188 0.398438 0.492188 0.402344 0.484375 0.410156 0.484375 0.414062 0.480469 0.417969 0.480469 0.433594 0.476562 0.437500 0.472656 0.437500 0.468750 0.441406 0.464844 0.441406 0.464844 0.460938 0.468750 0.464844 0.472656 0.464844 0.476562 0.468750 0.492188 0.468750 0.492188 0.464844 0.496094 0.460938 0.496094 0.449219 0.507812 0.437500 0.507812 0.398438 0.511719 0.394531 0.519531 0.394531 0.519531 0.382812
5 0.281250 0.375000 0.281250 0.382812 0.277344 0.386719 0.277344 0.390625 0.273438 0.394531 0.269531 0.394531 0.269531 0.402344 0.265625 0.406250 0.265625 0.410156 0.261719 0.414062 0.253906 0.414062 0.242188 0.425781 0.230469 0.425781 0.230469 0.429688 0.222656 0.437500 0.214844 0.437500 0.214844 0.445312 0.210938 0.449219 0.210938 0.457031 0.207031 0.460938 0.203125 0.460938 0.199219 0.464844 0.199219 0.476562 0.210938 0.476562 0.214844 0.480469 0.214844 0.496094 0.210938 0.500000 0.199219 0.500000 0.195312 0.503906 0.152344 0.503906 0.144531 0.496094 0.144531 0.492188 0.136719 0.492188 0.132812 0.496094 0.128906 0.496094 0.128906 0.507812 0.132812 0.511719 0.136719 0.511719 0.140625 0.515625 0.156250 0.515625 0.160156 0.519531 0.164062 0.519531 0.167969 0.523438 0.167969 0.531250 0.171875 0.535156 0.171875 0.546875 0.175781 0.546875 0.179688 0.550781 0.199219 0.550781 0.203125 0.554688 0.203125 0.570312 0.207031 0.574219 0.207031 0.578125 0.250000 0.578125 0.253906 0.582031 0.257812 0.582031 0.261719 0.585938 0.261719 0.597656 0.269531 0.597656 0.269531 0.589844 0.273438 0.585938 0.289062 0.585938 0.292969 0.589844 0.312500 0.589844 0.316406 0.593750 0.316406 0.621094 0.312500 0.625000 0.312500 0.632812 0.316406 0.632812 0.320312 0.636719 0.320312 0.648438 0.324219 0.652344 0.324219 0.671875 0.328125 0.671875 0.332031 0.675781 0.332031 0.679688 0.339844 0.679688 0.343750 0.675781 0.343750 0.664062 0.347656 0.660156 0.351562 0.660156 0.351562 0.656250 0.355469 0.652344 0.382812 0.652344 0.386719 0.656250 0.390625 0.656250 0.394531 0.660156 0.394531 0.664062 0.402344 0.664062 0.402344 0.660156 0.410156 0.652344 0.433594 0.652344 0.433594 0.644531 0.437500 0.640625 0.453125 0.640625 0.453125 0.628906 0.457031 0.625000 0.480469 0.625000 0.484375 0.628906 0.484375 0.632812 0.488281 0.636719 0.488281 0.652344 0.484375 0.656250 0.484375 0.667969 0.492188 0.667969 0.496094 0.664062 0.511719 0.664062 0.527344 0.648438 0.527344 0.636719 0.519531 0.628906 0.519531 0.625000 0.507812 0.625000 0.503906 0.621094 0.488281 0.621094 0.484375 0.617188 0.484375 0.574219 0.488281 0.570312 0.492188 0.570312 0.492188 0.531250 0.480469 0.531250 0.476562 0.535156 0.460938 0.535156 0.457031 0.531250 0.449219 0.531250 0.445312 0.535156 0.445312 0.550781 0.460938 0.550781 0.464844 0.546875 0.480469 0.546875 0.484375 0.550781 0.484375 0.578125 0.480469 0.582031 0.476562 0.582031 0.476562 0.585938 0.472656 0.589844 0.472656 0.601562 0.468750 0.605469 0.449219 0.605469 0.445312 0.601562 0.433594 0.601562 0.429688 0.597656 0.429688 0.566406 0.433594 0.562500 0.433594 0.554688 0.414062 0.554688 0.410156 0.550781 0.410156 0.531250 0.414062 0.527344 0.417969 0.527344 0.421875 0.523438 0.421875 0.511719 0.414062 0.511719 0.410156 0.515625 0.410156 0.527344 0.406250 0.531250 0.382812 0.531250 0.378906 0.527344 0.378906 0.507812 0.375000 0.503906 0.375000 0.500000 0.367188 0.500000 0.367188 0.542969 0.386719 0.542969 0.390625 0.546875 0.390625 0.562500 0.394531 0.566406 0.394531 0.582031 0.382812 0.593750 0.378906 0.593750 0.375000 0.597656 0.351562 0.597656 0.335938 0.582031 0.335938 0.562500 0.339844 0.558594 0.339844 0.539062 0.332031 0.539062 0.328125 0.535156 0.328125 0.531250 0.324219 0.527344 0.324219 0.523438 0.316406 0.523438 0.312500 0.519531 0.312500 0.488281 0.316406 0.484375 0.316406 0.472656 0.320312 0.468750 0.324219 0.468750 0.324219 0.460938 0.312500 0.449219 0.312500 0.425781 0.320312 0.417969 0.328125 0.417969 0.328125 0.410156 0.320312 0.410156 0.316406 0.406250 0.316406 0.402344 0.312500 0.402344 0.304688 0.394531 0.304688 0.386719 0.300781 0.382812 0.300781 0.378906 0.296875 0.375000
5 0.781250 0.359375 0.773438 0.367188 0.773438 0.390625 0.769531 0.394531 0.769531 0.402344 0.773438 0.402344 0.777344 0.406250 0.777344 0.414062 0.781250 0.414062 0.785156 0.417969 0.785156 0.441406 0.789062 0.441406 0.792969 0.445312 0.792969 0.464844 0.789062 0.468750 0.785156 0.468750 0.781250 0.472656 0.781250 0.484375 0.777344 0.488281 0.765625 0.488281 0.761719 0.492188 0.761719 0.500000 0.769531 0.500000 0.773438 0.503906 0.785156 0.503906 0.789062 0.500000 0.792969 0.500000 0.792969 0.492188 0.796875 0.488281 0.800781 0.488281 0.804688 0.484375 0.808594 0.484375 0.812500 0.480469 0.820312 0.480469 0.820312 0.472656 0.808594 0.472656 0.804688 0.468750 0.804688 0.449219 0.812500 0.441406 0.812500 0.414062 0.808594 0.410156 0.808594 0.390625 0.816406 0.382812 0.832031 0.382812 0.832031 0.363281 0.816406 0.363281 0.812500 0.359375
5 0.085938 0.332031 0.085938 0.335938 0.082031 0.339844 0.070312 0.339844 0.070312 0.355469 0.066406 0.359375 0.066406 0.363281 0.062500 0.367188 0.062500 0.378906 0.058594 0.382812 0.039062 0.382812 0.039062 0.390625 0.042969 0.394531 0.042969 0.398438 0.046875 0.402344 0.050781 0.402344 0.054688 0.406250 0.054688 0.417969 0.062500 0.417969 0.062500 0.410156 0.058594 0.406250 0.058594 0.382812 0.062500 0.378906 0.078125 0.378906 0.078125 0.355469 0.085938 0.347656 0.089844 0.347656 0.089844 0.343750 0.093750 0.339844 0.093750 0.332031
5 0.210938 0.312500 0.207031 0.316406 0.199219 0.316406 0.199219 0.320312 0.195312 0.324219 0.179688 0.324219 0.175781 0.320312 0.167969 0.320312 0.164062 0.324219 0.160156 0.324219 0.160156 0.335938 0.175781 0.335938 0.179688 0.339844 0.179688 0.347656 0.183594 0.347656 0.187500 0.351562 0.195312 0.351562 0.199219 0.355469 0.199219 0.378906 0.207031 0.378906 0.207031 0.375000 0.210938 0.371094 0.210938 0.363281 0.207031 0.359375 0.207031 0.343750 0.210938 0.339844 0.218750 0.339844 0.218750 0.312500
5 0.613281 0.300781 0.605469 0.308594 0.601562 0.308594 0.597656 0.312500 0.597656 0.335938 0.601562 0.339844 0.601562 0.343750 0.613281 0.343750 0.613281 0.328125 0.617188 0.324219 0.617188 0.320312 0.621094 0.316406 0.625000 0.316406 0.625000 0.304688 0.621094 0.300781
5 0.234375 0.269531 0.234375 0.292969 0.230469 0.296875 0.226562 0.296875 0.226562 0.304688 0.234375 0.304688 0.234375 0.281250 0.238281 0.277344 0.242188 0.277344 0.242188 0.269531
5 0.757812 0.226562 0.757812 0.238281 0.765625 0.238281 0.765625 0.226562
5 0.539062 0.144531 0.535156 0.148438 0.535156 0.164062 0.539062 0.164062 0.542969 0.167969 0.542969 0.171875 0.546875 0.175781 0.546875 0.195312 0.550781 0.195312 0.554688 0.199219 0.566406 0.199219 0.574219 0.207031 0.574219 0.226562 0.609375 0.226562 0.613281 0.230469 0.613281 0.242188 0.628906 0.242188 0.640625 0.253906 0.640625 0.257812 0.648438 0.257812 0.648438 0.210938 0.652344 0.207031 0.671875 0.207031 0.683594 0.218750 0.683594 0.250000 0.691406 0.250000 0.695312 0.253906 0.695312 0.277344 0.691406 0.281250 0.671875 0.281250 0.667969 0.285156 0.667969 0.292969 0.664062 0.296875 0.664062 0.304688 0.675781 0.304688 0.675781 0.296875 0.683594 0.289062 0.683594 0.285156 0.687500 0.281250 0.722656 0.281250 0.722656 0.277344 0.726562 0.273438 0.726562 0.265625 0.710938 0.265625 0.707031 0.261719 0.707031 0.246094 0.703125 0.246094 0.699219 0.242188 0.699219 0.218750 0.703125 0.214844 0.722656 0.214844 0.726562 0.210938 0.734375 0.210938 0.734375 0.199219 0.722656 0.199219 0.718750 0.195312 0.718750 0.191406 0.714844 0.187500 0.714844 0.175781 0.695312 0.175781 0.691406 0.179688 0.671875 0.179688 0.667969 0.183594 0.656250 0.183594 0.656250 0.203125 0.652344 0.207031 0.613281 0.207031 0.609375 0.203125 0.609375 0.199219 0.601562 0.199219 0.597656 0.195312 0.585938 0.195312 0.582031 0.191406 0.582031 0.167969 0.578125 0.164062 0.574219 0.164062 0.570312 0.160156 0.562500 0.160156 0.558594 0.156250 0.558594 0.152344 0.554688 0.148438 0.554688 0.144531
5 0.414062 0.042969 0.414062 0.058594 0.410156 0.062500 0.394531 0.062500 0.390625 0.058594 0.378906 0.058594 0.378906 0.082031 0.375000 0.085938 0.371094 0.085938 0.367188 0.089844 0.367188 0.097656 0.363281 0.101562 0.359375 0.101562 0.359375 0.109375 0.390625 0.109375 0.394531 0.113281 0.394531 0.117188 0.398438 0.117188 0.406250 0.125000 0.406250 0.128906 0.410156 0.132812 0.410156 0.148438 0.406250 0.152344 0.394531 0.152344 0.390625 0.156250 0.390625 0.167969 0.382812 0.175781 0.371094 0.175781 0.371094 0.179688 0.367188 0.183594 0.363281 0.183594 0.363281 0.199219 0.367188 0.203125 0.367188 0.207031 0.371094 0.210938 0.371094 0.226562 0.367188 0.230469 0.355469 0.230469 0.355469 0.253906 0.343750 0.265625 0.339844 0.265625 0.339844 0.273438 0.347656 0.273438 0.355469 0.281250 0.355469 0.300781 0.371094 0.300781 0.375000 0.304688 0.375000 0.332031 0.378906 0.335938 0.378906 0.351562 0.382812 0.355469 0.390625 0.355469 0.398438 0.363281 0.398438 0.402344 0.394531 0.406250 0.390625 0.406250 0.386719 0.410156 0.382812 0.410156 0.382812 0.425781 0.398438 0.425781 0.402344 0.429688 0.402344 0.449219 0.398438 0.453125 0.398438 0.457031 0.394531 0.460938 0.386719 0.460938 0.386719 0.468750 0.390625 0.472656 0.402344 0.472656 0.402344 0.468750 0.406250 0.464844 0.414062 0.464844 0.414062 0.460938 0.417969 0.457031 0.437500 0.457031 0.437500 0.421875 0.441406 0.417969 0.441406 0.398438 0.421875 0.398438 0.417969 0.394531 0.417969 0.378906 0.421875 0.375000 0.421875 0.347656 0.425781 0.343750 0.437500 0.343750 0.437500 0.335938 0.441406 0.332031 0.445312 0.332031 0.445312 0.308594 0.449219 0.304688 0.449219 0.292969 0.445312 0.292969 0.441406 0.289062 0.441406 0.265625 0.445312 0.261719 0.445312 0.253906 0.453125 0.246094 0.453125 0.238281 0.449219 0.238281 0.445312 0.234375 0.437500 0.234375 0.433594 0.230469 0.429688 0.230469 0.425781 0.226562 0.417969 0.226562 0.417969 0.234375 0.421875 0.238281 0.421875 0.253906 0.417969 0.257812 0.402344 0.257812 0.398438 0.253906 0.398438 0.246094 0.394531 0.242188 0.394531 0.226562 0.398438 0.222656 0.398438 0.199219 0.414062 0.183594 0.441406 0.183594 0.445312 0.187500 0.453125 0.187500 0.453125 0.183594 0.457031 0.179688 0.457031 0.171875 0.453125 0.171875 0.449219 0.167969 0.449219 0.160156 0.445312 0.156250 0.445312 0.128906 0.441406 0.125000 0.441406 0.093750 0.449219 0.085938 0.449219 0.082031 0.453125 0.078125 0.453125 0.058594 0.449219 0.058594 0.445312 0.054688 0.445312 0.046875 0.437500 0.046875 0.433594 0.042969
