5 0.761719 0.832031 0.761719 0.843750 0.769531 0.843750 0.769531 0.832031
5 0.421875 0.816406 0.421875 0.824219 0.429688 0.832031 0.437500 0.832031 0.437500 0.824219 0.429688 0.816406
5 0.777344 0.761719 0.777344 0.773438 0.785156 0.773438 0.785156 0.761719
5 0.718750 0.753906 0.718750 0.757812 0.714844 0.761719 0.714844 0.769531 0.710938 0.773438 0.710938 0.781250 0.718750 0.789062 0.726562 0.789062 0.730469 0.792969 0.734375 0.792969 0.742188 0.800781 0.765625 0.800781 0.765625 0.781250 0.757812 0.781250 0.753906 0.777344 0.753906 0.757812 0.750000 0.757812 0.746094 0.753906
5 0.289062 0.750000 0.289062 0.781250 0.292969 0.781250 0.296875 0.785156 0.304688 0.785156 0.308594 0.781250 0.328125 0.781250 0.332031 0.785156 0.332031 0.789062 0.339844 0.789062 0.339844 0.769531 0.335938 0.765625 0.335938 0.757812 0.324219 0.757812 0.320312 0.753906 0.312500 0.753906 0.308594 0.750000
5 0.335938 0.718750 0.335938 0.726562 0.339844 0.726562 0.347656 0.734375 0.347656 0.746094 0.359375 0.746094 0.359375 0.730469 0.355469 0.726562 0.355469 0.722656 0.351562 0.718750
5 0.769531 0.714844 0.769531 0.722656 0.773438 0.726562 0.781250 0.726562 0.781250 0.714844
5 0.390625 0.679688 0.386719 0.683594 0.386719 0.691406 0.382812 0.695312 0.382812 0.699219 0.378906 0.703125 0.378906 0.714844 0.382812 0.714844 0.386719 0.718750 0.394531 0.718750 0.398438 0.722656 0.398438 0.734375 0.402344 0.738281 0.402344 0.742188 0.406250 0.742188 0.410156 0.746094 0.410156 0.765625 0.402344 0.773438 0.394531 0.773438 0.390625 0.777344 0.390625 0.781250 0.386719 0.785156 0.386719 0.792969 0.382812 0.796875 0.382812 0.804688 0.390625 0.804688 0.394531 0.800781 0.414062 0.800781 0.414062 0.796875 0.417969 0.792969 0.464844 0.792969 0.468750 0.789062 0.472656 0.789062 0.472656 0.781250 0.468750 0.777344 0.468750 0.769531 0.460938 0.761719 0.460938 0.753906 0.445312 0.753906 0.441406 0.750000 0.441406 0.734375 0.445312 0.730469 0.449219 0.730469 0.449219 0.718750 0.437500 0.718750 0.433594 0.714844 0.433594 0.710938 0.429688 0.707031 0.425781 0.707031 0.421875 0.703125 0.421875 0.699219 0.417969 0.695312 0.417969 0.687500 0.402344 0.687500 0.398438 0.683594 0.398438 0.679688
5 0.734375 0.664062 0.734375 0.671875 0.746094 0.671875 0.746094 0.664062
5 0.433594 0.625000 0.433594 0.632812 0.441406 0.632812 0.441406 0.625000
5 0.273438 0.609375 0.273438 0.625000 0.269531 0.628906 0.261719 0.628906 0.261719 0.632812 0.257812 0.636719 0.246094 0.636719 0.246094 0.644531 0.250000 0.644531 0.253906 0.648438 0.261719 0.648438 0.265625 0.652344 0.265625 0.660156 0.269531 0.664062 0.269531 0.679688 0.265625 0.683594 0.265625 0.699219 0.269531 0.703125 0.269531 0.710938 0.273438 0.710938 0.277344 0.714844 0.296875 0.714844 0.300781 0.718750 0.312500 0.718750 0.312500 0.707031 0.308594 0.703125 0.308594 0.679688 0.312500 0.675781 0.320312 0.675781 0.320312 0.656250 0.312500 0.648438 0.312500 0.644531 0.289062 0.644531 0.285156 0.640625 0.285156 0.609375
5 0.742188 0.550781 0.742188 0.578125 0.738281 0.582031 0.730469 0.582031 0.730469 0.625000 0.734375 0.625000 0.738281 0.628906 0.738281 0.636719 0.750000 0.636719 0.753906 0.640625 0.753906 0.660156 0.765625 0.660156 0.769531 0.664062 0.769531 0.667969 0.789062 0.667969 0.792969 0.671875 0.792969 0.675781 0.796875 0.679688 0.796875 0.687500 0.804688 0.687500 0.804688 0.671875 0.800781 0.667969 0.785156 0.667969 0.781250 0.664062 0.781250 0.660156 0.769531 0.660156 0.765625 0.656250 0.765625 0.644531 0.757812 0.644531 0.753906 0.640625 0.753906 0.625000 0.757812 0.621094 0.765625 0.621094 0.765625 0.597656 0.769531 0.593750 0.792969 0.593750 0.796875 0.597656 0.804688 0.597656 0.808594 0.601562 0.832031 0.601562 0.835938 0.605469 0.835938 0.621094 0.832031 0.625000 0.832031 0.640625 0.851562 0.640625 0.855469 0.636719 0.863281 0.636719 0.863281 0.621094 0.859375 0.617188 0.859375 0.605469 0.855469 0.605469 0.847656 0.597656 0.847656 0.574219 0.843750 0.570312 0.843750 0.566406 0.839844 0.562500 0.835938 0.562500 0.832031 0.558594 0.828125 0.558594 0.824219 0.554688 0.804688 0.554688 0.804688 0.558594 0.800781 0.562500 0.761719 0.562500 0.750000 0.550781
5 0.449219 0.542969 0.449219 0.550781 0.460938 0.550781 0.460938 0.542969
5 0.757812 0.523438 0.757812 0.531250 0.765625 0.531250 0.765625 0.523438
5 0.105469 0.445312 0.105469 0.468750 0.101562 0.472656 0.101562 0.476562 0.097656 0.480469 0.097656 0.492188 0.101562 0.492188 0.105469 0.496094 0.105469 0.519531 0.101562 0.523438 0.097656 0.523438 0.097656 0.531250 0.101562 0.535156 0.101562 0.558594 0.109375 0.558594 0.113281 0.562500 0.113281 0.570312 0.121094 0.570312 0.125000 0.574219 0.125000 0.582031 0.128906 0.585938 0.128906 0.605469 0.132812 0.609375 0.132812 0.621094 0.136719 0.625000 0.136719 0.628906 0.144531 0.636719 0.144531 0.679688 0.140625 0.683594 0.140625 0.691406 0.144531 0.695312 0.152344 0.695312 0.152344 0.671875 0.156250 0.667969 0.160156 0.667969 0.160156 0.644531 0.164062 0.640625 0.164062 0.632812 0.160156 0.628906 0.156250 0.628906 0.148438 0.621094 0.148438 0.597656 0.156250 0.589844 0.187500 0.589844 0.191406 0.593750 0.191406 0.613281 0.187500 0.617188 0.187500 0.628906 0.234375 0.628906 0.234375 0.617188 0.230469 0.613281 0.230469 0.609375 0.226562 0.609375 0.218750 0.601562 0.195312 0.601562 0.191406 0.597656 0.191406 0.578125 0.187500 0.574219 0.187500 0.558594 0.191406 0.554688 0.191406 0.539062 0.183594 0.539062 0.179688 0.535156 0.179688 0.527344 0.171875 0.527344 0.171875 0.531250 0.167969 0.535156 0.152344 0.535156 0.148438 0.531250 0.136719 0.531250 0.136719 0.535156 0.132812 0.539062 0.113281 0.539062 0.109375 0.535156 0.109375 0.519531 0.113281 0.515625 0.121094 0.515625 0.121094 0.492188 0.125000 0.488281 0.144531 0.488281 0.148438 0.484375 0.167969 0.484375 0.167969 0.476562 0.171875 0.472656 0.171875 0.464844 0.167969 0.464844 0.164062 0.460938 0.164062 0.457031 0.128906 0.457031 0.121094 0.449219 0.121094 0.445312
5 0.570312 0.437500 0.570312 0.457031 0.566406 0.460938 0.562500 0.460938 0.562500 0.464844 0.558594 0.468750 0.531250 0.468750 0.531250 0.488281 0.539062 0.496094 0.539062 0.503906 0.542969 0.507812 0.550781 0.507812 0.554688 0.511719 0.554688 0.523438 0.558594 0.523438 0.562500 0.527344 0.562500 0.562500 0.558594 0.566406 0.539062 0.566406 0.539062 0.578125 0.542969 0.582031 0.542969 0.613281 0.546875 0.617188 0.546875 0.656250 0.542969 0.660156 0.519531 0.660156 0.519531 0.667969 0.542969 0.667969 0.546875 0.671875 0.546875 0.691406 0.542969 0.695312 0.539062 0.695312 0.539062 0.710938 0.542969 0.710938 0.546875 0.714844 0.546875 0.722656 0.585938 0.722656 0.585938 0.707031 0.582031 0.703125 0.582031 0.679688 0.585938 0.675781 0.609375 0.675781 0.609375 0.652344 0.613281 0.648438 0.613281 0.640625 0.617188 0.636719 0.640625 0.636719 0.644531 0.640625 0.652344 0.640625 0.660156 0.632812 0.660156 0.597656 0.664062 0.593750 0.664062 0.585938 0.667969 0.582031 0.679688 0.582031 0.679688 0.566406 0.683594 0.562500 0.703125 0.562500 0.703125 0.558594 0.707031 0.554688 0.707031 0.531250 0.710938 0.527344 0.710938 0.519531 0.699219 0.519531 0.699219 0.527344 0.695312 0.531250 0.679688 0.531250 0.679688 0.542969 0.675781 0.546875 0.675781 0.558594 0.671875 0.562500 0.656250 0.562500 0.648438 0.554688 0.648438 0.531250 0.656250 0.523438 0.671875 0.523438 0.671875 0.496094 0.664062 0.496094 0.656250 0.488281 0.652344 0.488281 0.648438 0.484375 0.648438 0.480469 0.644531 0.476562 0.644531 0.464844 0.617188 0.464844 0.613281 0.460938 0.613281 0.445312 0.589844 0.445312 0.585938 0.441406 0.585938 0.437500
5 0.632812 0.433594 0.632812 0.441406 0.640625 0.441406 0.640625 0.433594
5 0.156250 0.359375 0.156250 0.363281 0.152344 0.367188 0.144531 0.367188 0.140625 0.371094 0.125000 0.371094 0.121094 0.367188 0.113281 0.367188 0.113281 0.378906 0.101562 0.390625 0.082031 0.390625 0.082031 0.402344 0.097656 0.402344 0.101562 0.406250 0.101562 0.414062 0.125000 0.414062 0.128906 0.410156 0.132812 0.410156 0.132812 0.386719 0.136719 0.382812 0.175781 0.382812 0.179688 0.378906 0.179688 0.371094 0.183594 0.367188 0.183594 0.359375
5 0.273438 0.308594 0.273438 0.339844 0.269531 0.343750 0.269531 0.347656 0.265625 0.351562 0.246094 0.351562 0.246094 0.359375 0.253906 0.367188 0.257812 0.367188 0.261719 0.371094 0.261719 0.378906 0.269531 0.386719 0.273438 0.386719 0.281250 0.394531 0.281250 0.398438 0.296875 0.414062 0.296875 0.417969 0.300781 0.417969 0.304688 0.421875 0.304688 0.429688 0.308594 0.429688 0.312500 0.433594 0.312500 0.437500 0.316406 0.441406 0.316406 0.445312 0.320312 0.449219 0.320312 0.453125 0.324219 0.457031 0.324219 0.460938 0.332031 0.468750 0.332031 0.476562 0.335938 0.480469 0.335938 0.496094 0.332031 0.500000 0.332031 0.511719 0.335938 0.515625 0.351562 0.515625 0.355469 0.519531 0.355469 0.523438 0.359375 0.523438 0.363281 0.527344 0.375000 0.527344 0.378906 0.531250 0.378906 0.535156 0.382812 0.539062 0.382812 0.554688 0.378906 0.558594 0.378906 0.578125 0.390625 0.578125 0.394531 0.574219 0.402344 0.574219 0.402344 0.570312 0.406250 0.566406 0.406250 0.554688 0.398438 0.546875 0.398438 0.527344 0.402344 0.523438 0.402344 0.519531 0.406250 0.515625 0.421875 0.515625 0.425781 0.519531 0.437500 0.519531 0.437500 0.503906 0.441406 0.500000 0.445312 0.500000 0.445312 0.484375 0.449219 0.480469 0.453125 0.480469 0.453125 0.472656 0.441406 0.472656 0.433594 0.464844 0.433594 0.457031 0.429688 0.457031 0.425781 0.453125 0.425781 0.449219 0.414062 0.437500 0.414062 0.429688 0.410156 0.425781 0.406250 0.425781 0.402344 0.421875 0.402344 0.417969 0.398438 0.414062 0.398438 0.410156 0.382812 0.410156 0.375000 0.402344 0.371094 0.402344 0.355469 0.386719 0.355469 0.382812 0.343750 0.371094 0.343750 0.367188 0.335938 0.367188 0.328125 0.359375 0.320312 0.359375 0.316406 0.355469 0.316406 0.335938 0.312500 0.332031 0.300781 0.332031 0.292969 0.324219 0.292969 0.316406 0.289062 0.316406 0.285156 0.312500 0.285156 0.308594
5 0.304688 0.144531 0.304688 0.152344 0.308594 0.156250 0.308594 0.179688 0.312500 0.183594 0.320312 0.183594 0.324219 0.187500 0.324219 0.207031 0.328125 0.210938 0.343750 0.210938 0.347656 0.214844 0.347656 0.250000 0.351562 0.253906 0.351562 0.261719 0.355469 0.265625 0.355469 0.277344 0.363281 0.285156 0.363281 0.292969 0.367188 0.296875 0.386719 0.296875 0.386719 0.289062 0.382812 0.285156 0.378906 0.285156 0.375000 0.281250 0.375000 0.277344 0.371094 0.273438 0.371094 0.250000 0.367188 0.246094 0.367188 0.238281 0.363281 0.238281 0.359375 0.234375 0.359375 0.214844 0.355469 0.210938 0.355469 0.195312 0.351562 0.191406 0.347656 0.191406 0.343750 0.187500 0.339844 0.187500 0.335938 0.183594 0.332031 0.183594 0.328125 0.179688 0.328125 0.171875 0.316406 0.160156 0.316406 0.144531
5 0.707031 0.113281 0.707031 0.136719 0.703125 0.140625 0.699219 0.140625 0.699219 0.144531 0.695312 0.148438 0.695312 0.152344 0.691406 0.156250 0.687500 0.156250 0.687500 0.164062 0.695312 0.164062 0.699219 0.167969 0.699219 0.207031 0.691406 0.214844 0.687500 0.214844 0.687500 0.218750 0.683594 0.222656 0.667969 0.222656 0.664062 0.218750 0.664062 0.199219 0.656250 0.191406 0.640625 0.191406 0.640625 0.195312 0.636719 0.199219 0.625000 0.199219 0.625000 0.214844 0.621094 0.218750 0.617188 0.218750 0.613281 0.222656 0.609375 0.222656 0.609375 0.246094 0.605469 0.250000 0.593750 0.250000 0.593750 0.261719 0.589844 0.265625 0.585938 0.265625 0.585938 0.281250 0.582031 0.285156 0.574219 0.285156 0.574219 0.300781 0.578125 0.304688 0.601562 0.304688 0.605469 0.308594 0.609375 0.308594 0.613281 0.312500 0.613281 0.335938 0.609375 0.339844 0.609375 0.355469 0.601562 0.363281 0.566406 0.363281 0.562500 0.359375 0.562500 0.343750 0.566406 0.339844 0.582031 0.339844 0.582031 0.328125 0.558594 0.328125 0.554688 0.324219 0.554688 0.312500 0.539062 0.312500 0.535156 0.308594 0.535156 0.304688 0.531250 0.304688 0.527344 0.300781 0.527344 0.281250 0.523438 0.277344 0.519531 0.277344 0.515625 0.273438 0.515625 0.250000 0.507812 0.250000 0.503906 0.246094 0.503906 0.230469 0.500000 0.230469 0.496094 0.226562 0.496094 0.214844 0.492188 0.210938 0.492188 0.207031 0.488281 0.207031 0.484375 0.203125 0.484375 0.191406 0.464844 0.191406 0.464844 0.207031 0.468750 0.210938 0.468750 0.214844 0.476562 0.214844 0.480469 0.218750 0.480469 0.222656 0.484375 0.226562 0.488281 0.226562 0.492188 0.230469 0.492188 0.246094 0.488281 0.250000 0.488281 0.257812 0.496094 0.257812 0.503906 0.265625 0.503906 0.281250 0.500000 0.285156 0.492188 0.285156 0.492188 0.300781 0.488281 0.304688 0.429688 0.304688 0.425781 0.308594 0.421875 0.308594 0.421875 0.324219 0.417969 0.328125 0.417969 0.343750 0.414062 0.347656 0.414062 0.351562 0.410156 0.355469 0.406250 0.355469 0.406250 0.371094 0.414062 0.371094 0.417969 0.375000 0.425781 0.375000 0.425781 0.367188 0.429688 0.363281 0.449219 0.363281 0.453125 0.367188 0.464844 0.367188 0.468750 0.371094 0.472656 0.371094 0.476562 0.375000 0.476562 0.382812 0.480469 0.386719 0.492188 0.386719 0.496094 0.390625 0.496094 0.394531 0.500000 0.398438 0.511719 0.398438 0.515625 0.394531 0.539062 0.394531 0.542969 0.390625 0.558594 0.390625 0.562500 0.394531 0.566406 0.394531 0.570312 0.398438 0.570312 0.402344 0.578125 0.402344 0.582031 0.406250 0.585938 0.406250 0.589844 0.410156 0.593750 0.410156 0.597656 0.414062 0.601562 0.414062 0.605469 0.417969 0.605469 0.421875 0.613281 0.421875 0.613281 0.410156 0.617188 0.406250 0.617188 0.394531 0.625000 0.386719 0.644531 0.386719 0.648438 0.390625 0.648438 0.394531 0.664062 0.394531 0.664062 0.390625 0.667969 0.386719 0.667969 0.378906 0.671875 0.375000 0.671875 0.371094 0.675781 0.367188 0.691406 0.367188 0.695312 0.371094 0.695312 0.375000 0.699219 0.378906 0.699219 0.410156 0.707031 0.410156 0.710938 0.414062 0.710938 0.417969 0.714844 0.421875 0.714844 0.429688 0.722656 0.437500 0.750000 0.437500 0.765625 0.453125 0.765625 0.457031 0.769531 0.457031 0.773438 0.460938 0.781250 0.460938 0.785156 0.464844 0.785156 0.484375 0.781250 0.488281 0.781250 0.496094 0.785156 0.500000 0.789062 0.500000 0.792969 0.503906 0.792969 0.523438 0.789062 0.527344 0.789062 0.539062 0.800781 0.539062 0.800781 0.535156 0.804688 0.531250 0.804688 0.519531 0.808594 0.515625 0.812500 0.515625 0.812500 0.511719 0.816406 0.507812 0.824219 0.507812 0.824219 0.492188 0.828125 0.488281 0.843750 0.488281 0.843750 0.476562 0.824219 0.476562 0.816406 0.468750 0.816406 0.460938 0.808594 0.460938 0.804688 0.457031 0.804688 0.429688 0.800781 0.429688 0.796875 0.425781 0.792969 0.425781 0.789062 0.421875 0.789062 0.359375 0.800781 0.347656 0.800781 0.335938 0.804688 0.332031 0.820312 0.332031 0.820312 0.320312 0.808594 0.320312 0.804688 0.316406 0.804688 0.304688 0.792969 0.304688 0.789062 0.300781 0.789062 0.296875 0.781250 0.289062 0.769531 0.289062 0.765625 0.285156 0.765625 0.261719 0.769531 0.257812 0.800781 0.257812 0.804688 0.253906 0.804688 0.230469 0.808594 0.226562 0.812500 0.226562 0.812500 0.222656 0.816406 0.218750 0.820312 0.218750 0.820312 0.187500 0.824219 0.183594 0.828125 0.183594 0.828125 0.171875 0.812500 0.171875 0.812500 0.179688 0.804688 0.187500 0.804688 0.191406 0.800781 0.195312 0.796875 0.195312 0.796875 0.199219 0.792969 0.203125 0.792969 0.210938 0.789062 0.214844 0.761719 0.214844 0.757812 0.210938 0.750000 0.210938 0.750000 0.214844 0.738281 0.226562 0.714844 0.226562 0.710938 0.222656 0.710938 0.218750 0.707031 0.214844 0.707031 0.195312 0.710938 0.191406 0.710938 0.164062 0.714844 0.160156 0.714844 0.152344 0.710938 0.148438 0.710938 0.144531 0.707031 0.140625 0.707031 0.125000 0.710938 0.121094 0.714844 0.121094 0.714844 0.113281
5 0.500000 0.113281 0.500000 0.140625 0.507812 0.148438 0.507812 0.156250 0.511719 0.160156 0.511719 0.164062 0.515625 0.167969 0.515625 0.171875 0.523438 0.171875 0.527344 0.167969 0.527344 0.156250 0.519531 0.148438 0.519531 0.132812 0.511719 0.125000 0.511719 0.121094 0.507812 0.117188 0.507812 0.113281
5 0.535156 0.050781 0.535156 0.070312 0.539062 0.074219 0.539062 0.078125 0.542969 0.082031 0.542969 0.089844 0.550781 0.089844 0.550781 0.082031 0.554688 0.078125 0.574219 0.078125 0.574219 0.074219 0.578125 0.070312 0.582031 0.070312 0.582031 0.066406 0.585938 0.062500 0.585938 0.054688 0.574219 0.054688 0.570312 0.058594 0.550781 0.058594 0.542969 0.050781
5 0.406250 0.035156 0.390625 0.050781 0.390625 0.058594 0.386719 0.062500 0.378906 0.062500 0.371094 0.070312 0.335938 0.070312 0.335938 0.085938 0.343750 0.085938 0.347656 0.082031 0.355469 0.082031 0.359375 0.078125 0.375000 0.078125 0.378906 0.074219 0.382812 0.074219 0.386719 0.070312 0.386719 0.066406 0.390625 0.062500 0.398438 0.062500 0.402344 0.058594 0.406250 0.058594 0.406250 0.054688 0.414062 0.046875 0.414062 0.035156
5 0.445312 0.023438 0.441406 0.027344 0.437500 0.027344 0.437500 0.035156 0.441406 0.035156 0.445312 0.039062 0.453125 0.039062 0.453125 0.023438
5 0.464844 0.000000 0.464844 0.015625 0.496094 0.015625 0.500000 0.019531 0.503906 0.019531 0.519531 0.035156 0.527344 0.035156 0.527344 0.023438 0.519531 0.015625 0.515625 0.015625 0.511719 0.011719 0.511719 0.000000
