5 0.824219 0.898438 0.824219 0.906250 0.820312 0.910156 0.816406 0.910156 0.812500 0.914062 0.796875 0.914062 0.796875 0.925781 0.792969 0.929688 0.792969 0.941406 0.800781 0.941406 0.808594 0.933594 0.812500 0.933594 0.812500 0.921875 0.816406 0.917969 0.828125 0.917969 0.828125 0.914062 0.832031 0.910156 0.847656 0.910156 0.851562 0.906250 0.851562 0.898438
5 0.867188 0.859375 0.867188 0.863281 0.863281 0.867188 0.847656 0.867188 0.847656 0.875000 0.875000 0.875000 0.878906 0.871094 0.878906 0.859375
5 0.207031 0.835938 0.203125 0.839844 0.203125 0.855469 0.199219 0.859375 0.199219 0.875000 0.191406 0.882812 0.191406 0.894531 0.183594 0.902344 0.175781 0.902344 0.175781 0.921875 0.171875 0.925781 0.171875 0.945312 0.179688 0.945312 0.179688 0.933594 0.183594 0.929688 0.191406 0.929688 0.191406 0.910156 0.195312 0.906250 0.210938 0.906250 0.214844 0.910156 0.214844 0.917969 0.218750 0.921875 0.218750 0.925781 0.222656 0.929688 0.242188 0.929688 0.242188 0.921875 0.246094 0.917969 0.269531 0.917969 0.273438 0.921875 0.273438 0.925781 0.285156 0.925781 0.285156 0.914062 0.265625 0.914062 0.261719 0.910156 0.261719 0.906250 0.257812 0.902344 0.257812 0.886719 0.261719 0.882812 0.265625 0.882812 0.269531 0.878906 0.269531 0.871094 0.261719 0.871094 0.253906 0.863281 0.253906 0.859375 0.250000 0.859375 0.246094 0.855469 0.246094 0.851562 0.234375 0.851562 0.226562 0.843750 0.226562 0.835938
5 0.652344 0.789062 0.648438 0.792969 0.636719 0.792969 0.625000 0.804688 0.617188 0.804688 0.617188 0.843750 0.621094 0.847656 0.625000 0.847656 0.628906 0.851562 0.628906 0.863281 0.632812 0.863281 0.644531 0.875000 0.644531 0.886719 0.660156 0.886719 0.664062 0.890625 0.664062 0.902344 0.667969 0.906250 0.667969 0.910156 0.679688 0.910156 0.687500 0.917969 0.687500 0.945312 0.695312 0.945312 0.699219 0.949219 0.699219 0.972656 0.710938 0.972656 0.710938 0.953125 0.714844 0.949219 0.726562 0.949219 0.730469 0.945312 0.742188 0.945312 0.746094 0.941406 0.746094 0.933594 0.750000 0.929688 0.761719 0.929688 0.765625 0.925781 0.765625 0.910156 0.769531 0.906250 0.773438 0.906250 0.777344 0.902344 0.777344 0.894531 0.773438 0.894531 0.769531 0.890625 0.769531 0.863281 0.773438 0.859375 0.792969 0.859375 0.792969 0.851562 0.785156 0.851562 0.781250 0.847656 0.781250 0.843750 0.742188 0.843750 0.738281 0.839844 0.738281 0.789062 0.730469 0.789062 0.722656 0.796875 0.718750 0.796875 0.714844 0.800781 0.687500 0.800781 0.687500 0.804688 0.683594 0.808594 0.683594 0.828125 0.679688 0.832031 0.660156 0.832031 0.656250 0.828125 0.656250 0.812500 0.660156 0.808594 0.660156 0.789062
5 0.226562 0.789062 0.226562 0.796875 0.234375 0.796875 0.234375 0.789062
5 0.324219 0.761719 0.324219 0.769531 0.320312 0.773438 0.304688 0.773438 0.300781 0.769531 0.296875 0.769531 0.292969 0.765625 0.285156 0.765625 0.281250 0.769531 0.273438 0.769531 0.269531 0.773438 0.265625 0.773438 0.261719 0.777344 0.257812 0.777344 0.257812 0.785156 0.261719 0.789062 0.265625 0.789062 0.269531 0.792969 0.269531 0.796875 0.277344 0.804688 0.277344 0.808594 0.324219 0.808594 0.324219 0.792969 0.328125 0.789062 0.328125 0.785156 0.335938 0.777344 0.335938 0.761719
5 0.425781 0.710938 0.425781 0.718750 0.414062 0.730469 0.414062 0.738281 0.410156 0.742188 0.394531 0.742188 0.390625 0.738281 0.390625 0.730469 0.378906 0.730469 0.375000 0.734375 0.367188 0.734375 0.359375 0.742188 0.355469 0.742188 0.355469 0.750000 0.359375 0.750000 0.363281 0.753906 0.363281 0.757812 0.375000 0.757812 0.375000 0.750000 0.378906 0.746094 0.394531 0.746094 0.398438 0.750000 0.398438 0.761719 0.406250 0.761719 0.410156 0.765625 0.410156 0.789062 0.414062 0.792969 0.414062 0.800781 0.421875 0.800781 0.421875 0.796875 0.425781 0.792969 0.433594 0.792969 0.441406 0.785156 0.457031 0.785156 0.460938 0.781250 0.460938 0.777344 0.464844 0.773438 0.464844 0.765625 0.468750 0.761719 0.468750 0.757812 0.476562 0.750000 0.476562 0.742188 0.464844 0.742188 0.464844 0.750000 0.460938 0.753906 0.445312 0.753906 0.441406 0.750000 0.441406 0.730469 0.445312 0.726562 0.457031 0.726562 0.457031 0.710938
5 0.898438 0.648438 0.898438 0.660156 0.906250 0.660156 0.910156 0.656250 0.914062 0.656250 0.914062 0.648438
5 0.867188 0.625000 0.863281 0.628906 0.863281 0.632812 0.851562 0.644531 0.851562 0.652344 0.863281 0.652344 0.867188 0.656250 0.875000 0.656250 0.875000 0.644531 0.878906 0.640625 0.894531 0.640625 0.894531 0.628906 0.890625 0.625000
5 0.441406 0.621094 0.433594 0.628906 0.433594 0.640625 0.437500 0.640625 0.441406 0.644531 0.441406 0.671875 0.445312 0.675781 0.445312 0.679688 0.453125 0.679688 0.453125 0.671875 0.449219 0.667969 0.449219 0.640625 0.453125 0.636719 0.457031 0.636719 0.457031 0.625000 0.453125 0.621094
5 0.250000 0.542969 0.250000 0.550781 0.261719 0.550781 0.265625 0.554688 0.265625 0.562500 0.269531 0.566406 0.273438 0.566406 0.277344 0.570312 0.277344 0.601562 0.273438 0.605469 0.250000 0.605469 0.246094 0.601562 0.238281 0.601562 0.238281 0.625000 0.234375 0.628906 0.210938 0.628906 0.207031 0.632812 0.207031 0.652344 0.203125 0.656250 0.199219 0.656250 0.199219 0.664062 0.203125 0.664062 0.207031 0.667969 0.207031 0.671875 0.218750 0.671875 0.222656 0.667969 0.246094 0.667969 0.250000 0.664062 0.265625 0.664062 0.269531 0.667969 0.269531 0.671875 0.300781 0.671875 0.304688 0.667969 0.304688 0.664062 0.308594 0.660156 0.308594 0.656250 0.312500 0.652344 0.371094 0.652344 0.375000 0.656250 0.382812 0.656250 0.386719 0.652344 0.386719 0.640625 0.351562 0.640625 0.347656 0.636719 0.332031 0.636719 0.328125 0.632812 0.328125 0.628906 0.324219 0.628906 0.320312 0.625000 0.320312 0.601562 0.328125 0.593750 0.335938 0.593750 0.335938 0.582031 0.332031 0.582031 0.328125 0.578125 0.328125 0.558594 0.324219 0.554688 0.296875 0.554688 0.289062 0.546875 0.285156 0.546875 0.281250 0.542969
5 0.492188 0.511719 0.492188 0.523438 0.496094 0.527344 0.496094 0.546875 0.492188 0.550781 0.492188 0.558594 0.500000 0.558594 0.503906 0.554688 0.503906 0.535156 0.507812 0.531250 0.515625 0.531250 0.515625 0.527344 0.519531 0.523438 0.523438 0.523438 0.523438 0.515625 0.507812 0.515625 0.503906 0.511719
5 0.167969 0.507812 0.167969 0.519531 0.164062 0.523438 0.160156 0.523438 0.160156 0.542969 0.156250 0.546875 0.156250 0.558594 0.175781 0.558594 0.179688 0.554688 0.187500 0.554688 0.187500 0.550781 0.191406 0.546875 0.195312 0.546875 0.195312 0.542969 0.199219 0.539062 0.226562 0.539062 0.230469 0.535156 0.234375 0.535156 0.234375 0.523438 0.226562 0.523438 0.222656 0.519531 0.203125 0.519531 0.199219 0.515625 0.191406 0.515625 0.187500 0.511719 0.183594 0.511719 0.179688 0.507812
5 0.093750 0.468750 0.089844 0.472656 0.085938 0.472656 0.085938 0.507812 0.089844 0.511719 0.089844 0.519531 0.105469 0.519531 0.109375 0.515625 0.109375 0.503906 0.101562 0.503906 0.097656 0.500000 0.097656 0.484375 0.101562 0.480469 0.101562 0.468750
5 0.738281 0.460938 0.734375 0.464844 0.734375 0.472656 0.730469 0.476562 0.710938 0.476562 0.707031 0.480469 0.703125 0.480469 0.703125 0.492188 0.710938 0.492188 0.714844 0.488281 0.742188 0.488281 0.746094 0.484375 0.750000 0.484375 0.750000 0.480469 0.753906 0.476562 0.753906 0.460938
5 0.804688 0.355469 0.804688 0.367188 0.808594 0.367188 0.812500 0.371094 0.820312 0.371094 0.820312 0.359375 0.816406 0.355469
5 0.328125 0.312500 0.328125 0.316406 0.324219 0.320312 0.316406 0.320312 0.316406 0.335938 0.312500 0.339844 0.304688 0.339844 0.289062 0.355469 0.285156 0.355469 0.281250 0.359375 0.273438 0.359375 0.273438 0.363281 0.269531 0.367188 0.261719 0.367188 0.257812 0.371094 0.253906 0.371094 0.253906 0.375000 0.250000 0.378906 0.242188 0.378906 0.242188 0.382812 0.238281 0.386719 0.238281 0.398438 0.230469 0.406250 0.214844 0.406250 0.210938 0.410156 0.207031 0.410156 0.203125 0.414062 0.191406 0.414062 0.191406 0.429688 0.187500 0.433594 0.179688 0.433594 0.179688 0.441406 0.183594 0.441406 0.187500 0.445312 0.195312 0.445312 0.199219 0.449219 0.199219 0.453125 0.210938 0.453125 0.222656 0.464844 0.226562 0.464844 0.230469 0.468750 0.238281 0.468750 0.246094 0.476562 0.250000 0.476562 0.253906 0.480469 0.265625 0.480469 0.269531 0.476562 0.269531 0.464844 0.265625 0.464844 0.261719 0.460938 0.261719 0.445312 0.265625 0.441406 0.265625 0.433594 0.269531 0.429688 0.285156 0.429688 0.289062 0.433594 0.296875 0.433594 0.300781 0.437500 0.300781 0.441406 0.324219 0.441406 0.328125 0.445312 0.328125 0.453125 0.363281 0.453125 0.367188 0.457031 0.367188 0.460938 0.375000 0.460938 0.378906 0.464844 0.382812 0.464844 0.386719 0.468750 0.386719 0.472656 0.394531 0.472656 0.394531 0.457031 0.398438 0.453125 0.414062 0.453125 0.417969 0.457031 0.417969 0.476562 0.425781 0.476562 0.425781 0.468750 0.429688 0.464844 0.441406 0.464844 0.445312 0.460938 0.453125 0.460938 0.457031 0.457031 0.476562 0.457031 0.480469 0.460938 0.480469 0.468750 0.496094 0.468750 0.496094 0.453125 0.500000 0.449219 0.503906 0.449219 0.503906 0.437500 0.492188 0.437500 0.488281 0.433594 0.488281 0.417969 0.476562 0.417969 0.468750 0.425781 0.425781 0.425781 0.421875 0.421875 0.421875 0.402344 0.406250 0.402344 0.402344 0.398438 0.402344 0.382812 0.394531 0.382812 0.390625 0.378906 0.390625 0.367188 0.386719 0.363281 0.386719 0.359375 0.382812 0.355469 0.382812 0.351562 0.363281 0.351562 0.359375 0.347656 0.359375 0.332031 0.343750 0.332031 0.335938 0.324219 0.335938 0.312500
5 0.613281 0.281250 0.613281 0.292969 0.628906 0.292969 0.628906 0.281250
5 0.765625 0.250000 0.765625 0.261719 0.769531 0.265625 0.769531 0.304688 0.765625 0.308594 0.757812 0.308594 0.757812 0.316406 0.753906 0.320312 0.714844 0.320312 0.710938 0.316406 0.699219 0.316406 0.695312 0.312500 0.695312 0.300781 0.691406 0.296875 0.691406 0.273438 0.671875 0.273438 0.664062 0.281250 0.664062 0.289062 0.660156 0.292969 0.656250 0.292969 0.656250 0.296875 0.652344 0.300781 0.648438 0.300781 0.648438 0.308594 0.671875 0.308594 0.675781 0.312500 0.675781 0.324219 0.695312 0.324219 0.703125 0.332031 0.703125 0.335938 0.707031 0.335938 0.710938 0.339844 0.710938 0.343750 0.718750 0.351562 0.726562 0.351562 0.730469 0.355469 0.730469 0.363281 0.738281 0.363281 0.738281 0.355469 0.742188 0.351562 0.761719 0.351562 0.765625 0.347656 0.769531 0.347656 0.773438 0.343750 0.792969 0.343750 0.792969 0.328125 0.785156 0.328125 0.781250 0.324219 0.781250 0.273438 0.785156 0.269531 0.820312 0.269531 0.820312 0.257812 0.816406 0.253906 0.781250 0.253906 0.777344 0.250000
5 0.851562 0.234375 0.851562 0.242188 0.855469 0.242188 0.859375 0.246094 0.867188 0.246094 0.867188 0.238281 0.863281 0.234375
5 0.437500 0.210938 0.437500 0.214844 0.433594 0.218750 0.414062 0.218750 0.410156 0.222656 0.410156 0.234375 0.406250 0.238281 0.398438 0.238281 0.394531 0.242188 0.390625 0.242188 0.390625 0.250000 0.394531 0.253906 0.406250 0.253906 0.410156 0.257812 0.410156 0.269531 0.421875 0.281250 0.425781 0.281250 0.433594 0.289062 0.433594 0.292969 0.437500 0.292969 0.445312 0.300781 0.445312 0.312500 0.453125 0.312500 0.460938 0.320312 0.460938 0.324219 0.472656 0.324219 0.476562 0.328125 0.476562 0.332031 0.507812 0.332031 0.511719 0.335938 0.511719 0.355469 0.507812 0.359375 0.503906 0.359375 0.503906 0.367188 0.523438 0.367188 0.527344 0.363281 0.527344 0.355469 0.531250 0.351562 0.550781 0.351562 0.550781 0.347656 0.554688 0.343750 0.578125 0.343750 0.582031 0.347656 0.582031 0.371094 0.589844 0.371094 0.593750 0.375000 0.593750 0.378906 0.597656 0.378906 0.601562 0.382812 0.601562 0.386719 0.605469 0.386719 0.609375 0.390625 0.609375 0.410156 0.605469 0.414062 0.605469 0.437500 0.601562 0.441406 0.597656 0.441406 0.593750 0.445312 0.589844 0.445312 0.589844 0.449219 0.585938 0.453125 0.582031 0.453125 0.582031 0.460938 0.597656 0.460938 0.605469 0.468750 0.605469 0.539062 0.597656 0.546875 0.593750 0.546875 0.589844 0.550781 0.585938 0.550781 0.585938 0.554688 0.582031 0.558594 0.582031 0.562500 0.578125 0.566406 0.578125 0.582031 0.582031 0.582031 0.585938 0.585938 0.585938 0.593750 0.593750 0.601562 0.593750 0.605469 0.597656 0.605469 0.601562 0.609375 0.601562 0.636719 0.597656 0.640625 0.589844 0.640625 0.589844 0.644531 0.585938 0.648438 0.582031 0.648438 0.578125 0.652344 0.574219 0.652344 0.574219 0.656250 0.570312 0.660156 0.566406 0.660156 0.554688 0.671875 0.550781 0.671875 0.542969 0.679688 0.539062 0.679688 0.531250 0.687500 0.511719 0.687500 0.511719 0.691406 0.507812 0.695312 0.507812 0.718750 0.503906 0.722656 0.503906 0.730469 0.511719 0.730469 0.515625 0.726562 0.519531 0.726562 0.523438 0.722656 0.539062 0.722656 0.542969 0.726562 0.542969 0.738281 0.546875 0.738281 0.550781 0.742188 0.550781 0.746094 0.562500 0.757812 0.562500 0.781250 0.566406 0.785156 0.578125 0.785156 0.585938 0.792969 0.585938 0.796875 0.593750 0.796875 0.597656 0.792969 0.597656 0.785156 0.601562 0.781250 0.601562 0.773438 0.597656 0.769531 0.597656 0.753906 0.609375 0.742188 0.613281 0.742188 0.613281 0.734375 0.617188 0.730469 0.625000 0.730469 0.625000 0.722656 0.621094 0.718750 0.621094 0.699219 0.625000 0.695312 0.625000 0.691406 0.628906 0.687500 0.628906 0.683594 0.636719 0.675781 0.660156 0.675781 0.664062 0.679688 0.664062 0.707031 0.660156 0.710938 0.660156 0.726562 0.656250 0.730469 0.656250 0.738281 0.664062 0.738281 0.664062 0.726562 0.667969 0.722656 0.683594 0.722656 0.683594 0.718750 0.687500 0.714844 0.687500 0.710938 0.695312 0.703125 0.710938 0.703125 0.714844 0.707031 0.714844 0.710938 0.718750 0.714844 0.718750 0.734375 0.742188 0.734375 0.746094 0.738281 0.757812 0.738281 0.757812 0.734375 0.761719 0.730469 0.765625 0.730469 0.769531 0.726562 0.789062 0.726562 0.789062 0.722656 0.792969 0.718750 0.800781 0.718750 0.808594 0.710938 0.824219 0.710938 0.824219 0.703125 0.820312 0.703125 0.816406 0.699219 0.816406 0.683594 0.812500 0.679688 0.812500 0.675781 0.808594 0.671875 0.808594 0.636719 0.796875 0.636719 0.796875 0.644531 0.792969 0.648438 0.765625 0.648438 0.765625 0.656250 0.781250 0.656250 0.785156 0.660156 0.785156 0.679688 0.781250 0.683594 0.773438 0.683594 0.769531 0.687500 0.746094 0.687500 0.742188 0.683594 0.734375 0.683594 0.730469 0.679688 0.722656 0.679688 0.718750 0.675781 0.718750 0.667969 0.714844 0.664062 0.714844 0.644531 0.718750 0.640625 0.742188 0.640625 0.742188 0.617188 0.746094 0.613281 0.746094 0.609375 0.750000 0.605469 0.750000 0.601562 0.753906 0.597656 0.757812 0.597656 0.757812 0.589844 0.761719 0.585938 0.769531 0.585938 0.769531 0.578125 0.761719 0.578125 0.761719 0.585938 0.757812 0.589844 0.742188 0.589844 0.738281 0.593750 0.714844 0.593750 0.710938 0.589844 0.710938 0.574219 0.714844 0.570312 0.714844 0.558594 0.707031 0.550781 0.707031 0.535156 0.703125 0.535156 0.695312 0.527344 0.656250 0.527344 0.648438 0.519531 0.644531 0.519531 0.640625 0.515625 0.640625 0.507812 0.636719 0.503906 0.636719 0.472656 0.640625 0.468750 0.640625 0.433594 0.636719 0.429688 0.632812 0.429688 0.628906 0.425781 0.628906 0.394531 0.636719 0.386719 0.636719 0.382812 0.640625 0.378906 0.648438 0.378906 0.648438 0.375000 0.652344 0.371094 0.656250 0.371094 0.656250 0.367188 0.660156 0.363281 0.664062 0.363281 0.667969 0.359375 0.675781 0.359375 0.675781 0.351562 0.671875 0.347656 0.671875 0.339844 0.664062 0.339844 0.660156 0.343750 0.621094 0.343750 0.617188 0.339844 0.617188 0.332031 0.605469 0.332031 0.601562 0.328125 0.578125 0.328125 0.574219 0.324219 0.562500 0.324219 0.558594 0.320312 0.558594 0.296875 0.566406 0.289062 0.566406 0.269531 0.558594 0.269531 0.558594 0.277344 0.554688 0.281250 0.539062 0.281250 0.531250 0.273438 0.531250 0.269531 0.515625 0.269531 0.511719 0.265625 0.511719 0.261719 0.500000 0.261719 0.496094 0.257812 0.496094 0.253906 0.492188 0.253906 0.488281 0.250000 0.488281 0.238281 0.468750 0.238281 0.464844 0.234375 0.464844 0.222656 0.460938 0.218750 0.449219 0.218750 0.445312 0.214844 0.445312 0.210938
5 0.617188 0.152344 0.617188 0.156250 0.605469 0.167969 0.585938 0.167969 0.578125 0.175781 0.562500 0.175781 0.562500 0.183594 0.570312 0.183594 0.574219 0.187500 0.613281 0.187500 0.617188 0.183594 0.617188 0.179688 0.621094 0.175781 0.625000 0.175781 0.625000 0.167969 0.628906 0.164062 0.628906 0.156250 0.625000 0.152344
