5 0.746094 0.796875 0.746094 0.800781 0.742188 0.804688 0.742188 0.816406 0.734375 0.824219 0.730469 0.824219 0.726562 0.828125 0.726562 0.843750 0.722656 0.847656 0.714844 0.847656 0.714844 0.855469 0.734375 0.855469 0.738281 0.859375 0.738281 0.863281 0.753906 0.863281 0.757812 0.867188 0.757812 0.875000 0.765625 0.875000 0.765625 0.867188 0.761719 0.867188 0.757812 0.863281 0.757812 0.843750 0.761719 0.839844 0.777344 0.839844 0.777344 0.812500 0.773438 0.808594 0.773438 0.804688 0.761719 0.804688 0.757812 0.800781 0.757812 0.796875
5 0.906250 0.718750 0.902344 0.722656 0.894531 0.722656 0.894531 0.738281 0.898438 0.738281 0.902344 0.742188 0.902344 0.746094 0.910156 0.746094 0.910156 0.742188 0.914062 0.738281 0.914062 0.734375 0.917969 0.730469 0.917969 0.718750
5 0.359375 0.683594 0.355469 0.687500 0.332031 0.687500 0.332031 0.695312 0.328125 0.699219 0.324219 0.699219 0.320312 0.703125 0.316406 0.703125 0.312500 0.707031 0.296875 0.707031 0.292969 0.710938 0.289062 0.710938 0.289062 0.726562 0.328125 0.726562 0.335938 0.718750 0.335938 0.710938 0.339844 0.707031 0.343750 0.707031 0.347656 0.703125 0.351562 0.703125 0.355469 0.699219 0.363281 0.699219 0.363281 0.695312 0.367188 0.691406 0.367188 0.683594
5 0.183594 0.683594 0.183594 0.691406 0.191406 0.691406 0.191406 0.683594
5 0.058594 0.605469 0.058594 0.613281 0.062500 0.617188 0.062500 0.621094 0.066406 0.621094 0.070312 0.625000 0.070312 0.648438 0.074219 0.652344 0.074219 0.671875 0.070312 0.675781 0.066406 0.675781 0.066406 0.691406 0.070312 0.695312 0.089844 0.695312 0.101562 0.707031 0.105469 0.707031 0.109375 0.710938 0.109375 0.722656 0.113281 0.726562 0.113281 0.730469 0.117188 0.734375 0.117188 0.738281 0.121094 0.742188 0.121094 0.777344 0.128906 0.785156 0.128906 0.816406 0.140625 0.816406 0.144531 0.820312 0.152344 0.820312 0.152344 0.816406 0.156250 0.812500 0.179688 0.812500 0.191406 0.800781 0.191406 0.796875 0.195312 0.792969 0.195312 0.781250 0.199219 0.777344 0.203125 0.777344 0.203125 0.773438 0.210938 0.765625 0.210938 0.742188 0.214844 0.738281 0.218750 0.738281 0.222656 0.734375 0.222656 0.726562 0.218750 0.722656 0.199219 0.722656 0.195312 0.726562 0.175781 0.726562 0.171875 0.722656 0.171875 0.707031 0.160156 0.707031 0.156250 0.703125 0.156250 0.687500 0.164062 0.679688 0.164062 0.671875 0.160156 0.667969 0.156250 0.667969 0.152344 0.664062 0.152344 0.632812 0.148438 0.628906 0.148438 0.625000 0.140625 0.625000 0.140625 0.632812 0.136719 0.636719 0.136719 0.640625 0.128906 0.648438 0.128906 0.679688 0.125000 0.683594 0.101562 0.683594 0.097656 0.679688 0.097656 0.671875 0.093750 0.671875 0.089844 0.667969 0.089844 0.656250 0.085938 0.652344 0.085938 0.648438 0.082031 0.648438 0.078125 0.644531 0.078125 0.640625 0.074219 0.636719 0.074219 0.605469
5 0.917969 0.593750 0.917969 0.597656 0.914062 0.601562 0.914062 0.609375 0.921875 0.617188 0.921875 0.632812 0.917969 0.636719 0.917969 0.648438 0.921875 0.652344 0.929688 0.652344 0.929688 0.605469 0.925781 0.601562 0.925781 0.593750
5 0.843750 0.589844 0.843750 0.597656 0.839844 0.601562 0.828125 0.601562 0.828125 0.617188 0.824219 0.621094 0.812500 0.621094 0.812500 0.632812 0.824219 0.632812 0.824219 0.628906 0.828125 0.625000 0.851562 0.625000 0.851562 0.621094 0.859375 0.613281 0.867188 0.613281 0.867188 0.605469 0.863281 0.601562 0.863281 0.589844
5 0.281250 0.589844 0.281250 0.625000 0.277344 0.628906 0.277344 0.648438 0.289062 0.648438 0.292969 0.652344 0.292969 0.675781 0.304688 0.675781 0.304688 0.656250 0.312500 0.648438 0.324219 0.648438 0.324219 0.640625 0.328125 0.636719 0.355469 0.636719 0.355469 0.628906 0.332031 0.628906 0.328125 0.625000 0.328125 0.621094 0.320312 0.613281 0.316406 0.613281 0.312500 0.609375 0.312500 0.605469 0.308594 0.605469 0.304688 0.601562 0.304688 0.593750 0.296875 0.593750 0.292969 0.589844
5 0.722656 0.585938 0.722656 0.597656 0.730469 0.597656 0.734375 0.593750 0.746094 0.593750 0.746094 0.585938
5 0.582031 0.488281 0.582031 0.523438 0.593750 0.523438 0.593750 0.492188 0.589844 0.488281
5 0.917969 0.472656 0.914062 0.476562 0.914062 0.511719 0.910156 0.515625 0.906250 0.515625 0.906250 0.519531 0.902344 0.523438 0.890625 0.523438 0.890625 0.531250 0.914062 0.531250 0.917969 0.535156 0.917969 0.554688 0.921875 0.558594 0.929688 0.558594 0.933594 0.562500 0.941406 0.562500 0.941406 0.558594 0.945312 0.554688 0.945312 0.542969 0.941406 0.539062 0.937500 0.539062 0.929688 0.531250 0.929688 0.476562 0.925781 0.472656
5 0.070312 0.441406 0.070312 0.453125 0.066406 0.457031 0.066406 0.464844 0.062500 0.468750 0.062500 0.492188 0.066406 0.496094 0.066406 0.500000 0.070312 0.503906 0.070312 0.523438 0.074219 0.527344 0.074219 0.531250 0.085938 0.531250 0.089844 0.527344 0.101562 0.527344 0.101562 0.519531 0.097656 0.519531 0.089844 0.511719 0.089844 0.488281 0.085938 0.484375 0.085938 0.468750 0.089844 0.464844 0.105469 0.464844 0.105469 0.457031 0.101562 0.453125 0.097656 0.453125 0.093750 0.449219 0.093750 0.445312 0.089844 0.441406
5 0.308594 0.195312 0.300781 0.203125 0.296875 0.203125 0.296875 0.222656 0.339844 0.222656 0.343750 0.226562 0.343750 0.230469 0.355469 0.230469 0.359375 0.226562 0.375000 0.226562 0.375000 0.218750 0.363281 0.218750 0.359375 0.214844 0.343750 0.214844 0.339844 0.210938 0.339844 0.203125 0.335938 0.199219 0.332031 0.199219 0.328125 0.195312
5 0.488281 0.113281 0.488281 0.117188 0.484375 0.121094 0.484375 0.148438 0.480469 0.152344 0.480469 0.156250 0.476562 0.160156 0.449219 0.160156 0.433594 0.144531 0.421875 0.144531 0.417969 0.140625 0.410156 0.140625 0.410156 0.156250 0.417969 0.164062 0.429688 0.164062 0.441406 0.175781 0.441406 0.179688 0.445312 0.183594 0.445312 0.187500 0.457031 0.187500 0.460938 0.191406 0.464844 0.191406 0.468750 0.195312 0.468750 0.226562 0.464844 0.230469 0.445312 0.230469 0.441406 0.234375 0.421875 0.234375 0.414062 0.226562 0.402344 0.226562 0.402344 0.250000 0.398438 0.253906 0.386719 0.253906 0.378906 0.261719 0.375000 0.261719 0.375000 0.269531 0.371094 0.273438 0.339844 0.273438 0.335938 0.277344 0.316406 0.277344 0.312500 0.273438 0.312500 0.269531 0.304688 0.269531 0.300781 0.265625 0.296875 0.265625 0.292969 0.261719 0.289062 0.261719 0.285156 0.257812 0.277344 0.257812 0.273438 0.261719 0.269531 0.261719 0.265625 0.265625 0.265625 0.273438 0.261719 0.277344 0.261719 0.285156 0.269531 0.292969 0.269531 0.300781 0.273438 0.300781 0.277344 0.304688 0.277344 0.308594 0.292969 0.308594 0.296875 0.312500 0.296875 0.316406 0.300781 0.316406 0.304688 0.320312 0.304688 0.332031 0.308594 0.335938 0.308594 0.359375 0.300781 0.367188 0.277344 0.367188 0.269531 0.359375 0.269531 0.351562 0.265625 0.347656 0.250000 0.347656 0.246094 0.351562 0.230469 0.351562 0.226562 0.355469 0.226562 0.363281 0.222656 0.367188 0.222656 0.375000 0.218750 0.378906 0.191406 0.378906 0.187500 0.375000 0.187500 0.359375 0.183594 0.355469 0.183594 0.347656 0.171875 0.347656 0.167969 0.343750 0.136719 0.343750 0.132812 0.347656 0.125000 0.347656 0.121094 0.351562 0.117188 0.351562 0.113281 0.355469 0.085938 0.355469 0.082031 0.359375 0.082031 0.363281 0.078125 0.367188 0.078125 0.375000 0.082031 0.378906 0.082031 0.382812 0.085938 0.382812 0.089844 0.386719 0.089844 0.394531 0.121094 0.394531 0.125000 0.398438 0.125000 0.406250 0.132812 0.406250 0.136719 0.410156 0.136719 0.421875 0.140625 0.421875 0.144531 0.425781 0.152344 0.425781 0.156250 0.429688 0.156250 0.433594 0.160156 0.433594 0.164062 0.437500 0.164062 0.441406 0.167969 0.441406 0.171875 0.445312 0.179688 0.445312 0.183594 0.449219 0.183594 0.464844 0.179688 0.468750 0.179688 0.484375 0.175781 0.488281 0.175781 0.496094 0.171875 0.500000 0.167969 0.500000 0.164062 0.503906 0.156250 0.503906 0.156250 0.507812 0.152344 0.511719 0.140625 0.511719 0.140625 0.515625 0.136719 0.519531 0.136719 0.539062 0.144531 0.539062 0.148438 0.542969 0.167969 0.542969 0.171875 0.546875 0.171875 0.554688 0.175781 0.554688 0.179688 0.558594 0.179688 0.562500 0.187500 0.562500 0.191406 0.558594 0.199219 0.558594 0.203125 0.554688 0.234375 0.554688 0.238281 0.550781 0.238281 0.527344 0.242188 0.523438 0.289062 0.523438 0.292969 0.527344 0.292969 0.542969 0.289062 0.546875 0.261719 0.546875 0.261719 0.566406 0.269531 0.566406 0.269531 0.562500 0.277344 0.554688 0.292969 0.554688 0.296875 0.558594 0.296875 0.570312 0.320312 0.570312 0.324219 0.574219 0.324219 0.578125 0.332031 0.578125 0.335938 0.582031 0.335938 0.593750 0.343750 0.593750 0.347656 0.597656 0.363281 0.597656 0.367188 0.601562 0.375000 0.601562 0.375000 0.597656 0.378906 0.593750 0.378906 0.578125 0.375000 0.578125 0.371094 0.574219 0.371094 0.554688 0.375000 0.550781 0.378906 0.550781 0.386719 0.542969 0.406250 0.542969 0.410156 0.546875 0.410156 0.562500 0.414062 0.562500 0.417969 0.566406 0.437500 0.566406 0.441406 0.570312 0.445312 0.570312 0.449219 0.574219 0.460938 0.574219 0.464844 0.578125 0.464844 0.597656 0.460938 0.601562 0.457031 0.601562 0.457031 0.625000 0.453125 0.628906 0.449219 0.628906 0.449219 0.632812 0.433594 0.648438 0.429688 0.648438 0.429688 0.656250 0.425781 0.660156 0.414062 0.660156 0.414062 0.679688 0.410156 0.683594 0.398438 0.683594 0.398438 0.695312 0.402344 0.699219 0.402344 0.718750 0.398438 0.722656 0.382812 0.722656 0.382812 0.726562 0.378906 0.730469 0.375000 0.730469 0.375000 0.734375 0.367188 0.742188 0.359375 0.742188 0.359375 0.750000 0.355469 0.753906 0.355469 0.757812 0.351562 0.761719 0.335938 0.761719 0.335938 0.773438 0.332031 0.777344 0.332031 0.785156 0.339844 0.785156 0.343750 0.781250 0.363281 0.781250 0.367188 0.785156 0.367188 0.804688 0.363281 0.808594 0.343750 0.808594 0.343750 0.816406 0.355469 0.816406 0.359375 0.812500 0.386719 0.812500 0.390625 0.816406 0.390625 0.847656 0.386719 0.851562 0.386719 0.859375 0.390625 0.863281 0.402344 0.863281 0.410156 0.855469 0.410156 0.828125 0.414062 0.824219 0.414062 0.820312 0.417969 0.816406 0.425781 0.816406 0.429688 0.812500 0.433594 0.812500 0.433594 0.804688 0.437500 0.800781 0.437500 0.789062 0.441406 0.785156 0.457031 0.785156 0.460938 0.789062 0.460938 0.824219 0.464844 0.828125 0.464844 0.835938 0.468750 0.835938 0.476562 0.843750 0.476562 0.863281 0.472656 0.867188 0.472656 0.875000 0.468750 0.878906 0.453125 0.878906 0.449219 0.875000 0.441406 0.875000 0.441406 0.886719 0.437500 0.890625 0.425781 0.890625 0.425781 0.898438 0.421875 0.902344 0.421875 0.906250 0.414062 0.914062 0.406250 0.914062 0.402344 0.917969 0.402344 0.933594 0.398438 0.937500 0.390625 0.937500 0.390625 0.941406 0.386719 0.945312 0.386719 0.953125 0.382812 0.957031 0.367188 0.957031 0.363281 0.953125 0.351562 0.953125 0.347656 0.949219 0.347656 0.945312 0.343750 0.945312 0.339844 0.941406 0.339844 0.937500 0.316406 0.937500 0.312500 0.933594 0.312500 0.925781 0.292969 0.925781 0.289062 0.929688 0.289062 0.941406 0.292969 0.945312 0.296875 0.945312 0.300781 0.949219 0.316406 0.949219 0.320312 0.953125 0.320312 0.957031 0.351562 0.957031 0.359375 0.964844 0.367188 0.964844 0.371094 0.960938 0.390625 0.960938 0.394531 0.964844 0.394531 0.968750 0.406250 0.968750 0.410156 0.964844 0.417969 0.964844 0.421875 0.960938 0.421875 0.957031 0.425781 0.953125 0.429688 0.953125 0.437500 0.945312 0.441406 0.945312 0.441406 0.941406 0.445312 0.937500 0.449219 0.937500 0.453125 0.933594 0.457031 0.933594 0.464844 0.925781 0.468750 0.925781 0.468750 0.906250 0.472656 0.902344 0.480469 0.902344 0.484375 0.898438 0.488281 0.898438 0.488281 0.871094 0.484375 0.867188 0.484375 0.851562 0.488281 0.847656 0.500000 0.847656 0.500000 0.839844 0.496094 0.835938 0.492188 0.835938 0.488281 0.832031 0.488281 0.812500 0.492188 0.808594 0.492188 0.800781 0.496094 0.796875 0.503906 0.796875 0.503906 0.785156 0.507812 0.781250 0.511719 0.781250 0.515625 0.777344 0.519531 0.777344 0.523438 0.773438 0.523438 0.765625 0.527344 0.761719 0.527344 0.750000 0.531250 0.746094 0.546875 0.746094 0.550781 0.750000 0.558594 0.750000 0.566406 0.757812 0.566406 0.773438 0.570312 0.773438 0.574219 0.777344 0.574219 0.781250 0.605469 0.781250 0.613281 0.789062 0.613281 0.800781 0.625000 0.800781 0.628906 0.804688 0.632812 0.804688 0.636719 0.808594 0.636719 0.812500 0.644531 0.812500 0.648438 0.816406 0.648438 0.828125 0.656250 0.828125 0.660156 0.832031 0.660156 0.835938 0.679688 0.835938 0.679688 0.832031 0.683594 0.828125 0.683594 0.824219 0.687500 0.820312 0.691406 0.820312 0.691406 0.816406 0.695312 0.812500 0.699219 0.812500 0.699219 0.808594 0.703125 0.804688 0.707031 0.804688 0.707031 0.796875 0.710938 0.792969 0.710938 0.789062 0.714844 0.785156 0.714844 0.777344 0.710938 0.773438 0.710938 0.769531 0.691406 0.769531 0.687500 0.765625 0.687500 0.738281 0.695312 0.730469 0.699219 0.730469 0.699219 0.726562 0.710938 0.714844 0.714844 0.714844 0.718750 0.710938 0.734375 0.710938 0.742188 0.718750 0.761719 0.718750 0.765625 0.722656 0.769531 0.722656 0.773438 0.726562 0.773438 0.734375 0.777344 0.734375 0.785156 0.742188 0.804688 0.742188 0.808594 0.746094 0.808594 0.753906 0.812500 0.757812 0.812500 0.773438 0.816406 0.777344 0.816406 0.785156 0.824219 0.785156 0.828125 0.781250 0.828125 0.777344 0.832031 0.773438 0.847656 0.773438 0.847656 0.726562 0.839844 0.726562 0.835938 0.722656 0.835938 0.707031 0.839844 0.703125 0.855469 0.703125 0.859375 0.707031 0.867188 0.707031 0.867188 0.687500 0.843750 0.687500 0.843750 0.691406 0.839844 0.695312 0.800781 0.695312 0.796875 0.699219 0.781250 0.699219 0.777344 0.695312 0.769531 0.695312 0.765625 0.691406 0.765625 0.687500 0.757812 0.687500 0.757812 0.691406 0.753906 0.695312 0.738281 0.695312 0.734375 0.691406 0.734375 0.687500 0.695312 0.687500 0.687500 0.679688 0.683594 0.679688 0.675781 0.671875 0.675781 0.656250 0.679688 0.652344 0.679688 0.644531 0.683594 0.640625 0.695312 0.640625 0.699219 0.636719 0.699219 0.628906 0.695312 0.625000 0.675781 0.625000 0.675781 0.628906 0.671875 0.632812 0.656250 0.632812 0.652344 0.628906 0.652344 0.617188 0.648438 0.617188 0.644531 0.613281 0.644531 0.593750 0.648438 0.589844 0.648438 0.585938 0.652344 0.582031 0.660156 0.582031 0.660156 0.570312 0.664062 0.566406 0.687500 0.566406 0.687500 0.562500 0.691406 0.558594 0.703125 0.558594 0.707031 0.554688 0.707031 0.546875 0.710938 0.542969 0.714844 0.542969 0.718750 0.539062 0.734375 0.539062 0.738281 0.542969 0.738281 0.550781 0.742188 0.550781 0.750000 0.558594 0.753906 0.558594 0.757812 0.562500 0.757812 0.570312 0.765625 0.570312 0.769531 0.566406 0.769531 0.539062 0.773438 0.535156 0.781250 0.535156 0.781250 0.523438 0.773438 0.523438 0.769531 0.519531 0.769531 0.503906 0.773438 0.500000 0.773438 0.492188 0.777344 0.488281 0.777344 0.480469 0.781250 0.476562 0.781250 0.472656 0.785156 0.468750 0.785156 0.453125 0.789062 0.449219 0.796875 0.449219 0.796875 0.429688 0.800781 0.425781 0.804688 0.425781 0.804688 0.417969 0.808594 0.414062 0.820312 0.414062 0.820312 0.402344 0.824219 0.398438 0.824219 0.375000 0.828125 0.371094 0.832031 0.371094 0.832031 0.355469 0.835938 0.351562 0.855469 0.351562 0.859375 0.355469 0.859375 0.359375 0.867188 0.359375 0.867188 0.339844 0.855469 0.339844 0.851562 0.335938 0.835938 0.335938 0.832031 0.332031 0.824219 0.332031 0.824219 0.351562 0.820312 0.355469 0.804688 0.355469 0.796875 0.347656 0.796875 0.343750 0.789062 0.335938 0.789062 0.320312 0.792969 0.316406 0.796875 0.316406 0.796875 0.312500 0.800781 0.308594 0.812500 0.308594 0.812500 0.296875 0.789062 0.296875 0.785156 0.292969 0.785156 0.285156 0.777344 0.285156 0.773438 0.281250 0.773438 0.277344 0.734375 0.277344 0.734375 0.292969 0.730469 0.296875 0.695312 0.296875 0.691406 0.300781 0.683594 0.300781 0.683594 0.320312 0.679688 0.324219 0.664062 0.324219 0.664062 0.328125 0.660156 0.332031 0.660156 0.335938 0.652344 0.343750 0.652344 0.359375 0.667969 0.359375 0.671875 0.355469 0.671875 0.351562 0.675781 0.347656 0.679688 0.347656 0.679688 0.343750 0.683594 0.339844 0.699219 0.339844 0.703125 0.343750 0.710938 0.343750 0.714844 0.347656 0.714844 0.371094 0.710938 0.375000 0.699219 0.375000 0.699219 0.378906 0.695312 0.382812 0.652344 0.382812 0.648438 0.378906 0.648438 0.371094 0.636719 0.371094 0.636719 0.382812 0.632812 0.386719 0.613281 0.386719 0.609375 0.390625 0.609375 0.402344 0.605469 0.406250 0.593750 0.406250 0.589844 0.410156 0.574219 0.410156 0.570312 0.406250 0.570312 0.394531 0.566406 0.390625 0.558594 0.390625 0.554688 0.394531 0.535156 0.394531 0.535156 0.406250 0.531250 0.410156 0.531250 0.433594 0.535156 0.433594 0.539062 0.437500 0.539062 0.453125 0.535156 0.457031 0.535156 0.460938 0.531250 0.464844 0.527344 0.464844 0.527344 0.488281 0.519531 0.496094 0.519531 0.511719 0.527344 0.511719 0.535156 0.503906 0.535156 0.488281 0.539062 0.484375 0.539062 0.476562 0.542969 0.472656 0.546875 0.472656 0.546875 0.464844 0.550781 0.460938 0.550781 0.449219 0.558594 0.441406 0.558594 0.437500 0.562500 0.433594 0.589844 0.433594 0.593750 0.429688 0.628906 0.429688 0.632812 0.433594 0.660156 0.433594 0.664062 0.429688 0.703125 0.429688 0.707031 0.433594 0.707031 0.457031 0.699219 0.464844 0.699219 0.468750 0.695312 0.472656 0.691406 0.472656 0.691406 0.484375 0.683594 0.492188 0.675781 0.492188 0.675781 0.500000 0.671875 0.503906 0.671875 0.507812 0.667969 0.511719 0.656250 0.511719 0.656250 0.527344 0.652344 0.531250 0.652344 0.535156 0.648438 0.539062 0.628906 0.539062 0.625000 0.535156 0.625000 0.527344 0.605469 0.527344 0.605469 0.542969 0.597656 0.550781 0.589844 0.550781 0.589844 0.554688 0.585938 0.558594 0.582031 0.558594 0.582031 0.582031 0.578125 0.585938 0.570312 0.585938 0.566406 0.589844 0.566406 0.605469 0.562500 0.609375 0.558594 0.609375 0.558594 0.621094 0.550781 0.628906 0.550781 0.632812 0.546875 0.636719 0.511719 0.636719 0.507812 0.632812 0.507812 0.578125 0.511719 0.574219 0.511719 0.570312 0.515625 0.566406 0.519531 0.566406 0.519531 0.558594 0.515625 0.558594 0.511719 0.554688 0.511719 0.550781 0.507812 0.546875 0.507812 0.535156 0.503906 0.535156 0.500000 0.531250 0.500000 0.519531 0.484375 0.519531 0.484375 0.523438 0.480469 0.527344 0.453125 0.527344 0.449219 0.523438 0.449219 0.519531 0.445312 0.515625 0.445312 0.511719 0.433594 0.511719 0.425781 0.503906 0.425781 0.476562 0.429688 0.472656 0.437500 0.472656 0.441406 0.468750 0.457031 0.468750 0.460938 0.464844 0.484375 0.464844 0.488281 0.460938 0.496094 0.460938 0.500000 0.457031 0.503906 0.457031 0.503906 0.433594 0.507812 0.429688 0.507812 0.378906 0.511719 0.375000 0.531250 0.375000 0.535156 0.371094 0.550781 0.371094 0.550781 0.367188 0.554688 0.363281 0.585938 0.363281 0.585938 0.359375 0.589844 0.355469 0.589844 0.351562 0.597656 0.343750 0.597656 0.332031 0.589844 0.332031 0.589844 0.335938 0.585938 0.339844 0.582031 0.339844 0.574219 0.347656 0.574219 0.351562 0.570312 0.355469 0.554688 0.355469 0.550781 0.351562 0.550781 0.347656 0.546875 0.343750 0.546875 0.335938 0.527344 0.335938 0.523438 0.332031 0.523438 0.296875 0.531250 0.289062 0.535156 0.289062 0.539062 0.285156 0.539062 0.281250 0.542969 0.277344 0.542969 0.273438 0.550781 0.265625 0.558594 0.265625 0.562500 0.261719 0.562500 0.257812 0.570312 0.250000 0.593750 0.250000 0.593750 0.242188 0.597656 0.238281 0.601562 0.238281 0.605469 0.234375 0.605469 0.230469 0.609375 0.226562 0.632812 0.226562 0.636719 0.222656 0.636719 0.218750 0.640625 0.214844 0.644531 0.214844 0.644531 0.207031 0.636719 0.207031 0.632812 0.210938 0.625000 0.210938 0.625000 0.214844 0.621094 0.218750 0.605469 0.218750 0.601562 0.214844 0.601562 0.199219 0.593750 0.199219 0.593750 0.207031 0.589844 0.210938 0.562500 0.210938 0.558594 0.214844 0.554688 0.214844 0.554688 0.226562 0.550781 0.230469 0.542969 0.230469 0.539062 0.234375 0.539062 0.238281 0.527344 0.250000 0.511719 0.250000 0.507812 0.246094 0.507812 0.234375 0.503906 0.230469 0.503906 0.207031 0.507812 0.203125 0.507812 0.199219 0.515625 0.191406 0.515625 0.183594 0.507812 0.183594 0.503906 0.179688 0.503906 0.156250 0.523438 0.136719 0.546875 0.136719 0.546875 0.128906 0.503906 0.128906 0.500000 0.125000 0.500000 0.113281
5 0.386719 0.074219 0.386719 0.078125 0.375000 0.089844 0.375000 0.093750 0.371094 0.097656 0.371094 0.105469 0.375000 0.109375 0.375000 0.125000 0.371094 0.128906 0.371094 0.140625 0.367188 0.144531 0.367188 0.156250 0.371094 0.160156 0.378906 0.160156 0.382812 0.156250 0.382812 0.152344 0.386719 0.148438 0.386719 0.140625 0.390625 0.136719 0.402344 0.136719 0.402344 0.121094 0.410156 0.113281 0.421875 0.113281 0.425781 0.109375 0.425781 0.101562 0.421875 0.101562 0.417969 0.097656 0.406250 0.097656 0.402344 0.093750 0.402344 0.078125 0.398438 0.078125 0.394531 0.074219
