5 0.304688 0.777344 0.304688 0.781250 0.296875 0.789062 0.277344 0.789062 0.277344 0.800781 0.269531 0.808594 0.250000 0.808594 0.250000 0.843750 0.269531 0.843750 0.277344 0.835938 0.277344 0.832031 0.281250 0.828125 0.285156 0.828125 0.289062 0.824219 0.308594 0.824219 0.316406 0.816406 0.324219 0.816406 0.324219 0.781250 0.320312 0.781250 0.316406 0.777344
5 0.152344 0.761719 0.152344 0.777344 0.160156 0.777344 0.164062 0.781250 0.179688 0.781250 0.183594 0.785156 0.191406 0.785156 0.191406 0.777344 0.187500 0.773438 0.171875 0.773438 0.167969 0.769531 0.167969 0.765625 0.164062 0.761719
5 0.617188 0.753906 0.617188 0.761719 0.621094 0.765625 0.644531 0.765625 0.648438 0.769531 0.648438 0.789062 0.656250 0.789062 0.656250 0.781250 0.660156 0.777344 0.691406 0.777344 0.695312 0.781250 0.695312 0.785156 0.707031 0.785156 0.710938 0.789062 0.722656 0.789062 0.726562 0.785156 0.726562 0.773438 0.707031 0.773438 0.703125 0.769531 0.683594 0.769531 0.679688 0.765625 0.656250 0.765625 0.652344 0.761719 0.652344 0.753906
5 0.214844 0.703125 0.214844 0.710938 0.222656 0.710938 0.226562 0.714844 0.226562 0.718750 0.234375 0.718750 0.238281 0.722656 0.250000 0.722656 0.250000 0.703125
5 0.203125 0.679688 0.203125 0.687500 0.210938 0.687500 0.210938 0.679688
5 0.296875 0.671875 0.296875 0.683594 0.292969 0.687500 0.277344 0.687500 0.277344 0.695312 0.273438 0.699219 0.273438 0.718750 0.277344 0.718750 0.289062 0.730469 0.289062 0.734375 0.308594 0.734375 0.312500 0.730469 0.328125 0.730469 0.332031 0.734375 0.347656 0.734375 0.351562 0.730469 0.351562 0.710938 0.328125 0.710938 0.320312 0.703125 0.320312 0.699219 0.316406 0.695312 0.316406 0.687500 0.308594 0.687500 0.304688 0.683594 0.304688 0.671875
5 0.640625 0.667969 0.640625 0.675781 0.644531 0.679688 0.652344 0.679688 0.656250 0.675781 0.656250 0.667969
5 0.539062 0.617188 0.531250 0.625000 0.527344 0.625000 0.523438 0.628906 0.511719 0.628906 0.507812 0.632812 0.484375 0.632812 0.484375 0.648438 0.476562 0.656250 0.476562 0.667969 0.480469 0.671875 0.484375 0.671875 0.492188 0.679688 0.500000 0.679688 0.503906 0.683594 0.503906 0.687500 0.511719 0.695312 0.515625 0.695312 0.519531 0.699219 0.527344 0.699219 0.535156 0.707031 0.535156 0.714844 0.539062 0.718750 0.539062 0.738281 0.542969 0.742188 0.542969 0.746094 0.546875 0.750000 0.546875 0.753906 0.550781 0.757812 0.550781 0.761719 0.558594 0.769531 0.558594 0.773438 0.562500 0.777344 0.562500 0.785156 0.570312 0.792969 0.570312 0.796875 0.578125 0.796875 0.582031 0.800781 0.589844 0.800781 0.589844 0.792969 0.585938 0.789062 0.585938 0.781250 0.578125 0.773438 0.578125 0.757812 0.574219 0.753906 0.574219 0.738281 0.578125 0.734375 0.578125 0.722656 0.582031 0.718750 0.601562 0.718750 0.605469 0.714844 0.628906 0.714844 0.632812 0.718750 0.632812 0.722656 0.640625 0.722656 0.640625 0.714844 0.636719 0.714844 0.632812 0.710938 0.632812 0.707031 0.621094 0.707031 0.617188 0.703125 0.617188 0.671875 0.613281 0.667969 0.578125 0.667969 0.574219 0.664062 0.554688 0.664062 0.550781 0.660156 0.542969 0.660156 0.539062 0.656250 0.539062 0.640625 0.546875 0.632812 0.558594 0.632812 0.566406 0.625000 0.570312 0.625000 0.570312 0.617188
5 0.121094 0.558594 0.117188 0.562500 0.113281 0.562500 0.109375 0.566406 0.089844 0.566406 0.089844 0.593750 0.082031 0.601562 0.082031 0.605469 0.062500 0.625000 0.062500 0.628906 0.054688 0.636719 0.054688 0.652344 0.058594 0.652344 0.070312 0.664062 0.070312 0.667969 0.074219 0.671875 0.074219 0.675781 0.082031 0.675781 0.085938 0.679688 0.085938 0.683594 0.089844 0.687500 0.089844 0.695312 0.097656 0.703125 0.105469 0.703125 0.113281 0.710938 0.113281 0.714844 0.121094 0.722656 0.121094 0.742188 0.125000 0.746094 0.125000 0.750000 0.132812 0.757812 0.140625 0.757812 0.140625 0.750000 0.136719 0.746094 0.136719 0.722656 0.132812 0.718750 0.132812 0.703125 0.136719 0.699219 0.152344 0.699219 0.160156 0.707031 0.167969 0.707031 0.167969 0.695312 0.164062 0.691406 0.164062 0.683594 0.156250 0.683594 0.152344 0.679688 0.152344 0.675781 0.148438 0.671875 0.148438 0.656250 0.144531 0.652344 0.136719 0.652344 0.132812 0.648438 0.132812 0.640625 0.128906 0.640625 0.125000 0.636719 0.125000 0.632812 0.121094 0.628906 0.117188 0.628906 0.113281 0.625000 0.113281 0.617188 0.109375 0.617188 0.105469 0.613281 0.105469 0.597656 0.109375 0.593750 0.109375 0.578125 0.113281 0.574219 0.128906 0.574219 0.128906 0.558594
5 0.730469 0.554688 0.726562 0.558594 0.714844 0.558594 0.703125 0.570312 0.699219 0.570312 0.699219 0.578125 0.722656 0.578125 0.726562 0.582031 0.734375 0.582031 0.734375 0.578125 0.742188 0.570312 0.742188 0.562500 0.738281 0.558594 0.738281 0.554688
5 0.406250 0.542969 0.398438 0.550781 0.390625 0.550781 0.386719 0.554688 0.378906 0.554688 0.375000 0.558594 0.375000 0.574219 0.382812 0.574219 0.386719 0.578125 0.386719 0.582031 0.390625 0.582031 0.402344 0.593750 0.402344 0.613281 0.394531 0.621094 0.394531 0.632812 0.390625 0.636719 0.386719 0.636719 0.386719 0.648438 0.382812 0.652344 0.363281 0.652344 0.359375 0.648438 0.351562 0.648438 0.347656 0.652344 0.347656 0.656250 0.343750 0.660156 0.339844 0.660156 0.339844 0.671875 0.394531 0.671875 0.398438 0.675781 0.398438 0.691406 0.394531 0.695312 0.394531 0.714844 0.406250 0.714844 0.410156 0.710938 0.421875 0.710938 0.421875 0.691406 0.445312 0.667969 0.445312 0.648438 0.433594 0.648438 0.429688 0.644531 0.429688 0.625000 0.425781 0.621094 0.425781 0.562500 0.417969 0.562500 0.414062 0.558594 0.414062 0.542969
5 0.878906 0.464844 0.878906 0.468750 0.871094 0.476562 0.871094 0.488281 0.867188 0.492188 0.859375 0.492188 0.859375 0.503906 0.863281 0.507812 0.863281 0.527344 0.859375 0.531250 0.859375 0.542969 0.855469 0.546875 0.839844 0.546875 0.835938 0.542969 0.835938 0.523438 0.824219 0.523438 0.820312 0.519531 0.820312 0.515625 0.800781 0.515625 0.800781 0.531250 0.796875 0.535156 0.777344 0.535156 0.773438 0.531250 0.765625 0.531250 0.765625 0.554688 0.777344 0.554688 0.781250 0.550781 0.800781 0.550781 0.804688 0.554688 0.816406 0.554688 0.820312 0.558594 0.820312 0.582031 0.812500 0.589844 0.812500 0.613281 0.808594 0.617188 0.789062 0.617188 0.789062 0.621094 0.785156 0.625000 0.750000 0.625000 0.750000 0.632812 0.773438 0.632812 0.777344 0.628906 0.796875 0.628906 0.800781 0.625000 0.820312 0.625000 0.824219 0.628906 0.824219 0.648438 0.816406 0.656250 0.812500 0.656250 0.812500 0.675781 0.804688 0.683594 0.804688 0.687500 0.800781 0.691406 0.785156 0.691406 0.781250 0.687500 0.773438 0.687500 0.773438 0.691406 0.769531 0.695312 0.753906 0.695312 0.753906 0.703125 0.777344 0.703125 0.781250 0.707031 0.781250 0.710938 0.789062 0.710938 0.792969 0.714844 0.804688 0.714844 0.808594 0.710938 0.816406 0.710938 0.816406 0.707031 0.820312 0.703125 0.824219 0.703125 0.828125 0.699219 0.832031 0.699219 0.832031 0.687500 0.835938 0.683594 0.835938 0.671875 0.839844 0.667969 0.847656 0.667969 0.847656 0.644531 0.851562 0.640625 0.851562 0.617188 0.855469 0.613281 0.859375 0.613281 0.859375 0.593750 0.863281 0.589844 0.871094 0.589844 0.871094 0.570312 0.875000 0.566406 0.882812 0.566406 0.882812 0.562500 0.886719 0.558594 0.886719 0.542969 0.894531 0.535156 0.894531 0.496094 0.890625 0.492188 0.890625 0.464844
5 0.593750 0.425781 0.593750 0.449219 0.589844 0.453125 0.582031 0.453125 0.578125 0.457031 0.578125 0.460938 0.574219 0.464844 0.566406 0.464844 0.566406 0.472656 0.562500 0.476562 0.554688 0.476562 0.550781 0.480469 0.550781 0.496094 0.574219 0.496094 0.578125 0.500000 0.578125 0.503906 0.582031 0.503906 0.585938 0.507812 0.597656 0.507812 0.601562 0.503906 0.601562 0.488281 0.605469 0.484375 0.605469 0.476562 0.601562 0.472656 0.601562 0.457031 0.597656 0.457031 0.593750 0.453125 0.593750 0.437500 0.597656 0.433594 0.605469 0.433594 0.605469 0.425781
5 0.640625 0.414062 0.640625 0.425781 0.636719 0.429688 0.632812 0.429688 0.632812 0.433594 0.628906 0.437500 0.621094 0.437500 0.621094 0.445312 0.625000 0.445312 0.628906 0.449219 0.628906 0.453125 0.640625 0.453125 0.644531 0.457031 0.644531 0.464844 0.648438 0.464844 0.652344 0.468750 0.660156 0.468750 0.675781 0.453125 0.675781 0.441406 0.671875 0.441406 0.667969 0.437500 0.667969 0.433594 0.656250 0.421875 0.652344 0.421875 0.648438 0.417969 0.648438 0.414062
5 0.707031 0.402344 0.707031 0.421875 0.730469 0.421875 0.730469 0.410156 0.726562 0.410156 0.718750 0.402344
5 0.464844 0.398438 0.464844 0.406250 0.457031 0.414062 0.457031 0.429688 0.449219 0.437500 0.445312 0.437500 0.445312 0.460938 0.441406 0.464844 0.433594 0.464844 0.429688 0.468750 0.425781 0.468750 0.425781 0.496094 0.433594 0.503906 0.437500 0.503906 0.441406 0.507812 0.441406 0.515625 0.449219 0.523438 0.480469 0.523438 0.484375 0.527344 0.484375 0.531250 0.488281 0.535156 0.507812 0.535156 0.507812 0.527344 0.511719 0.523438 0.519531 0.523438 0.519531 0.515625 0.515625 0.511719 0.515625 0.507812 0.507812 0.507812 0.503906 0.503906 0.503906 0.500000 0.500000 0.496094 0.500000 0.460938 0.507812 0.453125 0.550781 0.453125 0.550781 0.441406 0.546875 0.441406 0.542969 0.437500 0.542969 0.433594 0.539062 0.429688 0.519531 0.429688 0.515625 0.425781 0.507812 0.425781 0.503906 0.421875 0.503906 0.417969 0.500000 0.414062 0.500000 0.410156 0.496094 0.406250 0.480469 0.406250 0.476562 0.402344 0.476562 0.398438
5 0.582031 0.390625 0.582031 0.398438 0.578125 0.402344 0.578125 0.414062 0.589844 0.414062 0.589844 0.390625
5 0.242188 0.363281 0.242188 0.371094 0.246094 0.375000 0.246094 0.390625 0.242188 0.394531 0.242188 0.402344 0.246094 0.402344 0.250000 0.406250 0.250000 0.429688 0.253906 0.433594 0.253906 0.449219 0.242188 0.460938 0.222656 0.460938 0.218750 0.457031 0.218750 0.425781 0.207031 0.425781 0.207031 0.429688 0.203125 0.433594 0.199219 0.433594 0.199219 0.441406 0.195312 0.445312 0.171875 0.445312 0.171875 0.453125 0.175781 0.453125 0.179688 0.457031 0.179688 0.464844 0.183594 0.468750 0.183594 0.492188 0.179688 0.496094 0.164062 0.496094 0.164062 0.511719 0.160156 0.515625 0.160156 0.519531 0.156250 0.523438 0.144531 0.523438 0.144531 0.550781 0.148438 0.550781 0.156250 0.558594 0.164062 0.558594 0.167969 0.562500 0.175781 0.562500 0.179688 0.566406 0.191406 0.566406 0.203125 0.578125 0.207031 0.578125 0.210938 0.582031 0.218750 0.582031 0.226562 0.589844 0.226562 0.593750 0.234375 0.601562 0.234375 0.609375 0.242188 0.617188 0.253906 0.617188 0.257812 0.621094 0.257812 0.667969 0.261719 0.671875 0.273438 0.671875 0.273438 0.652344 0.281250 0.644531 0.281250 0.640625 0.285156 0.636719 0.300781 0.636719 0.304688 0.632812 0.304688 0.625000 0.308594 0.621094 0.308594 0.601562 0.312500 0.597656 0.359375 0.597656 0.359375 0.582031 0.351562 0.582031 0.347656 0.578125 0.347656 0.562500 0.335938 0.562500 0.324219 0.574219 0.316406 0.574219 0.308594 0.582031 0.296875 0.582031 0.292969 0.585938 0.277344 0.585938 0.273438 0.582031 0.273438 0.566406 0.269531 0.562500 0.261719 0.562500 0.257812 0.558594 0.257812 0.542969 0.253906 0.539062 0.250000 0.539062 0.246094 0.535156 0.246094 0.515625 0.242188 0.511719 0.234375 0.511719 0.230469 0.507812 0.230469 0.484375 0.238281 0.476562 0.257812 0.476562 0.261719 0.480469 0.261719 0.488281 0.265625 0.492188 0.277344 0.492188 0.285156 0.500000 0.285156 0.503906 0.289062 0.507812 0.308594 0.507812 0.308594 0.476562 0.312500 0.472656 0.312500 0.457031 0.316406 0.453125 0.332031 0.453125 0.335938 0.457031 0.335938 0.480469 0.347656 0.480469 0.359375 0.468750 0.359375 0.457031 0.339844 0.457031 0.335938 0.453125 0.335938 0.441406 0.332031 0.437500 0.320312 0.437500 0.316406 0.433594 0.316406 0.414062 0.312500 0.410156 0.312500 0.406250 0.308594 0.402344 0.308594 0.398438 0.304688 0.398438 0.300781 0.394531 0.300781 0.375000 0.292969 0.375000 0.289062 0.378906 0.289062 0.382812 0.285156 0.386719 0.269531 0.386719 0.261719 0.378906 0.261719 0.371094 0.257812 0.371094 0.253906 0.367188 0.253906 0.363281
5 0.136719 0.355469 0.132812 0.359375 0.101562 0.359375 0.101562 0.378906 0.097656 0.382812 0.093750 0.382812 0.093750 0.386719 0.089844 0.390625 0.089844 0.406250 0.085938 0.410156 0.085938 0.414062 0.082031 0.417969 0.074219 0.417969 0.074219 0.449219 0.078125 0.453125 0.078125 0.460938 0.082031 0.464844 0.082031 0.480469 0.078125 0.484375 0.074219 0.484375 0.074219 0.503906 0.070312 0.507812 0.070312 0.515625 0.074219 0.519531 0.074219 0.523438 0.078125 0.527344 0.085938 0.527344 0.089844 0.523438 0.089844 0.507812 0.093750 0.503906 0.101562 0.503906 0.105469 0.500000 0.117188 0.500000 0.117188 0.496094 0.121094 0.492188 0.136719 0.492188 0.140625 0.488281 0.140625 0.476562 0.121094 0.476562 0.113281 0.468750 0.113281 0.402344 0.117188 0.398438 0.144531 0.398438 0.148438 0.402344 0.156250 0.402344 0.164062 0.410156 0.179688 0.410156 0.179688 0.402344 0.175781 0.402344 0.171875 0.398438 0.171875 0.390625 0.160156 0.390625 0.144531 0.375000 0.144531 0.355469
5 0.769531 0.308594 0.769531 0.316406 0.777344 0.316406 0.777344 0.308594
5 0.683594 0.308594 0.683594 0.324219 0.687500 0.328125 0.687500 0.332031 0.714844 0.332031 0.718750 0.335938 0.730469 0.335938 0.730469 0.332031 0.734375 0.328125 0.738281 0.328125 0.738281 0.320312 0.730469 0.320312 0.726562 0.324219 0.707031 0.324219 0.703125 0.320312 0.703125 0.312500 0.699219 0.312500 0.695312 0.308594
5 0.812500 0.292969 0.812500 0.304688 0.808594 0.308594 0.808594 0.316406 0.804688 0.320312 0.800781 0.320312 0.800781 0.332031 0.824219 0.332031 0.828125 0.335938 0.828125 0.355469 0.820312 0.363281 0.820312 0.375000 0.816406 0.378906 0.808594 0.378906 0.804688 0.382812 0.800781 0.382812 0.796875 0.386719 0.792969 0.386719 0.792969 0.398438 0.781250 0.410156 0.773438 0.410156 0.773438 0.414062 0.765625 0.421875 0.753906 0.421875 0.753906 0.433594 0.769531 0.433594 0.773438 0.437500 0.773438 0.460938 0.781250 0.460938 0.781250 0.449219 0.785156 0.445312 0.796875 0.445312 0.800781 0.441406 0.800781 0.437500 0.804688 0.433594 0.808594 0.433594 0.816406 0.425781 0.824219 0.425781 0.824219 0.414062 0.828125 0.410156 0.832031 0.410156 0.835938 0.406250 0.843750 0.406250 0.843750 0.398438 0.847656 0.394531 0.855469 0.394531 0.855469 0.382812 0.859375 0.378906 0.859375 0.363281 0.855469 0.363281 0.851562 0.359375 0.851562 0.351562 0.847656 0.351562 0.843750 0.347656 0.843750 0.339844 0.839844 0.335938 0.839844 0.328125 0.835938 0.324219 0.835938 0.320312 0.824219 0.320312 0.820312 0.316406 0.820312 0.292969
5 0.179688 0.250000 0.179688 0.253906 0.175781 0.257812 0.175781 0.265625 0.179688 0.265625 0.183594 0.269531 0.183594 0.292969 0.195312 0.304688 0.195312 0.316406 0.199219 0.320312 0.199219 0.324219 0.203125 0.324219 0.207031 0.328125 0.214844 0.328125 0.214844 0.316406 0.207031 0.308594 0.207031 0.300781 0.203125 0.300781 0.199219 0.296875 0.199219 0.273438 0.195312 0.269531 0.191406 0.269531 0.187500 0.265625 0.187500 0.250000
5 0.730469 0.234375 0.730469 0.242188 0.738281 0.242188 0.738281 0.234375
5 0.207031 0.214844 0.207031 0.218750 0.203125 0.222656 0.195312 0.222656 0.191406 0.226562 0.191406 0.234375 0.199219 0.234375 0.207031 0.226562 0.230469 0.226562 0.230469 0.214844
5 0.570312 0.144531 0.570312 0.152344 0.578125 0.152344 0.578125 0.144531
5 0.277344 0.121094 0.277344 0.125000 0.273438 0.128906 0.257812 0.128906 0.257812 0.136719 0.253906 0.140625 0.230469 0.140625 0.222656 0.148438 0.210938 0.148438 0.207031 0.152344 0.207031 0.179688 0.210938 0.183594 0.210938 0.187500 0.218750 0.187500 0.222656 0.183594 0.242188 0.183594 0.246094 0.187500 0.253906 0.187500 0.261719 0.179688 0.285156 0.179688 0.292969 0.187500 0.296875 0.187500 0.300781 0.191406 0.300781 0.195312 0.312500 0.195312 0.316406 0.199219 0.320312 0.199219 0.324219 0.203125 0.332031 0.203125 0.335938 0.207031 0.335938 0.218750 0.347656 0.218750 0.351562 0.222656 0.351562 0.238281 0.347656 0.242188 0.335938 0.242188 0.335938 0.246094 0.332031 0.250000 0.308594 0.250000 0.308594 0.269531 0.304688 0.273438 0.285156 0.273438 0.281250 0.269531 0.281250 0.250000 0.277344 0.246094 0.273438 0.246094 0.269531 0.242188 0.257812 0.242188 0.253906 0.238281 0.253906 0.234375 0.246094 0.234375 0.246094 0.250000 0.250000 0.253906 0.250000 0.261719 0.257812 0.269531 0.257812 0.273438 0.273438 0.273438 0.277344 0.277344 0.277344 0.300781 0.292969 0.300781 0.296875 0.296875 0.320312 0.296875 0.324219 0.300781 0.324219 0.316406 0.320312 0.320312 0.300781 0.320312 0.300781 0.328125 0.308594 0.335938 0.308594 0.343750 0.312500 0.343750 0.316406 0.347656 0.316406 0.363281 0.320312 0.363281 0.324219 0.367188 0.347656 0.367188 0.347656 0.351562 0.343750 0.351562 0.339844 0.347656 0.339844 0.332031 0.343750 0.328125 0.351562 0.328125 0.351562 0.316406 0.347656 0.312500 0.343750 0.312500 0.339844 0.308594 0.339844 0.300781 0.332031 0.300781 0.328125 0.296875 0.328125 0.257812 0.332031 0.253906 0.343750 0.253906 0.343750 0.250000 0.347656 0.246094 0.371094 0.246094 0.371094 0.226562 0.375000 0.222656 0.382812 0.222656 0.382812 0.214844 0.386719 0.210938 0.402344 0.210938 0.406250 0.214844 0.406250 0.230469 0.402344 0.234375 0.402344 0.253906 0.398438 0.257812 0.398438 0.265625 0.394531 0.269531 0.394531 0.277344 0.398438 0.277344 0.402344 0.281250 0.406250 0.281250 0.414062 0.289062 0.414062 0.300781 0.421875 0.300781 0.421875 0.292969 0.425781 0.289062 0.425781 0.277344 0.429688 0.273438 0.429688 0.269531 0.433594 0.265625 0.433594 0.210938 0.437500 0.207031 0.453125 0.207031 0.457031 0.210938 0.457031 0.238281 0.460938 0.242188 0.460938 0.246094 0.464844 0.250000 0.464844 0.265625 0.460938 0.269531 0.457031 0.269531 0.457031 0.292969 0.453125 0.296875 0.449219 0.296875 0.445312 0.300781 0.445312 0.308594 0.464844 0.308594 0.468750 0.304688 0.488281 0.304688 0.492188 0.308594 0.492188 0.328125 0.496094 0.328125 0.500000 0.332031 0.507812 0.332031 0.507812 0.320312 0.511719 0.316406 0.511719 0.312500 0.515625 0.308594 0.515625 0.289062 0.519531 0.285156 0.535156 0.285156 0.539062 0.289062 0.546875 0.289062 0.546875 0.285156 0.550781 0.281250 0.558594 0.281250 0.558594 0.269531 0.550781 0.269531 0.546875 0.265625 0.546875 0.250000 0.550781 0.246094 0.550781 0.238281 0.554688 0.234375 0.554688 0.230469 0.558594 0.226562 0.574219 0.226562 0.578125 0.230469 0.578125 0.250000 0.589844 0.250000 0.593750 0.253906 0.593750 0.285156 0.605469 0.285156 0.609375 0.289062 0.632812 0.289062 0.636719 0.292969 0.636719 0.300781 0.644531 0.300781 0.648438 0.296875 0.679688 0.296875 0.679688 0.289062 0.683594 0.285156 0.687500 0.285156 0.687500 0.277344 0.691406 0.273438 0.707031 0.273438 0.714844 0.265625 0.714844 0.257812 0.695312 0.257812 0.691406 0.253906 0.687500 0.253906 0.679688 0.246094 0.679688 0.242188 0.671875 0.234375 0.648438 0.234375 0.648438 0.242188 0.644531 0.246094 0.644531 0.250000 0.640625 0.253906 0.621094 0.253906 0.617188 0.250000 0.617188 0.226562 0.613281 0.222656 0.613281 0.218750 0.609375 0.214844 0.609375 0.191406 0.585938 0.191406 0.582031 0.187500 0.582031 0.183594 0.578125 0.179688 0.566406 0.179688 0.562500 0.175781 0.550781 0.175781 0.546875 0.171875 0.546875 0.148438 0.535156 0.148438 0.531250 0.144531 0.531250 0.140625 0.515625 0.140625 0.511719 0.136719 0.488281 0.136719 0.484375 0.132812 0.484375 0.121094 0.472656 0.121094 0.472656 0.125000 0.468750 0.128906 0.445312 0.128906 0.445312 0.132812 0.441406 0.136719 0.441406 0.164062 0.437500 0.167969 0.398438 0.167969 0.398438 0.171875 0.394531 0.175781 0.359375 0.175781 0.355469 0.171875 0.355469 0.164062 0.324219 0.164062 0.316406 0.156250 0.292969 0.156250 0.289062 0.152344 0.289062 0.136719 0.292969 0.132812 0.296875 0.132812 0.296875 0.121094
