5 0.492188 0.906250 0.480469 0.917969 0.480469 0.933594 0.476562 0.937500 0.476562 0.945312 0.480469 0.949219 0.480469 0.953125 0.492188 0.953125 0.496094 0.957031 0.496094 0.960938 0.500000 0.960938 0.503906 0.964844 0.503906 0.968750 0.511719 0.968750 0.511719 0.957031 0.507812 0.953125 0.507812 0.925781 0.503906 0.925781 0.500000 0.921875 0.500000 0.906250
5 0.828125 0.761719 0.828125 0.769531 0.835938 0.769531 0.835938 0.761719
5 0.914062 0.750000 0.910156 0.753906 0.910156 0.757812 0.906250 0.761719 0.906250 0.773438 0.902344 0.777344 0.875000 0.777344 0.875000 0.785156 0.878906 0.785156 0.882812 0.789062 0.882812 0.792969 0.910156 0.792969 0.914062 0.796875 0.921875 0.796875 0.925781 0.792969 0.925781 0.769531 0.921875 0.765625 0.921875 0.750000
5 0.789062 0.730469 0.785156 0.734375 0.777344 0.734375 0.777344 0.753906 0.812500 0.753906 0.812500 0.742188 0.808594 0.738281 0.800781 0.738281 0.796875 0.734375 0.796875 0.730469
5 0.234375 0.718750 0.234375 0.722656 0.230469 0.726562 0.230469 0.734375 0.242188 0.734375 0.242188 0.718750
5 0.296875 0.687500 0.296875 0.699219 0.304688 0.699219 0.304688 0.687500
5 0.242188 0.617188 0.242188 0.632812 0.257812 0.632812 0.257812 0.617188
5 0.796875 0.593750 0.792969 0.597656 0.792969 0.605469 0.804688 0.605469 0.808594 0.609375 0.808594 0.640625 0.804688 0.644531 0.804688 0.652344 0.812500 0.660156 0.812500 0.683594 0.816406 0.687500 0.828125 0.687500 0.832031 0.691406 0.843750 0.691406 0.843750 0.679688 0.839844 0.679688 0.835938 0.675781 0.828125 0.675781 0.824219 0.671875 0.824219 0.648438 0.828125 0.644531 0.828125 0.621094 0.824219 0.617188 0.820312 0.617188 0.816406 0.613281 0.816406 0.605469 0.812500 0.605469 0.808594 0.601562 0.808594 0.597656 0.804688 0.593750
5 0.933594 0.589844 0.933594 0.613281 0.925781 0.621094 0.925781 0.625000 0.917969 0.632812 0.906250 0.632812 0.902344 0.636719 0.878906 0.636719 0.875000 0.632812 0.867188 0.632812 0.867188 0.652344 0.882812 0.652344 0.890625 0.660156 0.890625 0.664062 0.902344 0.664062 0.906250 0.667969 0.906250 0.683594 0.917969 0.683594 0.921875 0.687500 0.921875 0.703125 0.917969 0.707031 0.917969 0.714844 0.929688 0.714844 0.929688 0.699219 0.933594 0.695312 0.957031 0.695312 0.964844 0.687500 0.964844 0.675781 0.957031 0.675781 0.953125 0.671875 0.953125 0.660156 0.941406 0.660156 0.937500 0.656250 0.937500 0.632812 0.941406 0.628906 0.941406 0.609375 0.945312 0.605469 0.945312 0.597656 0.941406 0.593750 0.941406 0.589844
5 0.191406 0.585938 0.191406 0.617188 0.187500 0.621094 0.187500 0.632812 0.199219 0.632812 0.199219 0.613281 0.203125 0.609375 0.203125 0.593750 0.199219 0.589844 0.199219 0.585938
5 0.929688 0.492188 0.917969 0.503906 0.910156 0.503906 0.902344 0.511719 0.902344 0.519531 0.898438 0.523438 0.898438 0.531250 0.914062 0.531250 0.917969 0.535156 0.929688 0.535156 0.933594 0.531250 0.933594 0.523438 0.937500 0.519531 0.937500 0.492188
5 0.132812 0.464844 0.132812 0.476562 0.136719 0.480469 0.136719 0.527344 0.144531 0.535156 0.144531 0.539062 0.148438 0.542969 0.148438 0.554688 0.160156 0.554688 0.160156 0.546875 0.164062 0.542969 0.164062 0.527344 0.160156 0.527344 0.156250 0.523438 0.156250 0.519531 0.152344 0.515625 0.152344 0.496094 0.148438 0.496094 0.144531 0.492188 0.144531 0.464844
5 0.296875 0.457031 0.296875 0.460938 0.289062 0.468750 0.289062 0.472656 0.285156 0.476562 0.269531 0.476562 0.269531 0.480469 0.265625 0.484375 0.265625 0.492188 0.261719 0.496094 0.257812 0.496094 0.253906 0.500000 0.253906 0.535156 0.250000 0.539062 0.242188 0.539062 0.242188 0.546875 0.250000 0.546875 0.250000 0.539062 0.253906 0.535156 0.269531 0.535156 0.273438 0.531250 0.292969 0.531250 0.292969 0.527344 0.300781 0.519531 0.300781 0.515625 0.304688 0.511719 0.316406 0.511719 0.324219 0.503906 0.324219 0.492188 0.316406 0.484375 0.316406 0.476562 0.312500 0.472656 0.312500 0.468750 0.308594 0.468750 0.304688 0.464844 0.304688 0.457031
5 0.089844 0.308594 0.089844 0.320312 0.097656 0.320312 0.101562 0.316406 0.101562 0.308594
5 0.113281 0.296875 0.113281 0.304688 0.121094 0.304688 0.121094 0.296875
5 0.546875 0.292969 0.546875 0.296875 0.542969 0.300781 0.539062 0.300781 0.535156 0.304688 0.519531 0.304688 0.515625 0.300781 0.507812 0.300781 0.503906 0.304688 0.503906 0.308594 0.500000 0.312500 0.480469 0.312500 0.476562 0.316406 0.460938 0.316406 0.460938 0.339844 0.457031 0.343750 0.449219 0.343750 0.445312 0.347656 0.445312 0.355469 0.449219 0.359375 0.449219 0.375000 0.445312 0.378906 0.441406 0.378906 0.437500 0.382812 0.437500 0.402344 0.453125 0.402344 0.453125 0.378906 0.457031 0.375000 0.480469 0.375000 0.484375 0.371094 0.484375 0.343750 0.488281 0.339844 0.500000 0.339844 0.500000 0.328125 0.507812 0.320312 0.523438 0.320312 0.527344 0.324219 0.535156 0.324219 0.542969 0.316406 0.546875 0.316406 0.554688 0.308594 0.554688 0.292969
5 0.304688 0.273438 0.304688 0.277344 0.300781 0.281250 0.277344 0.281250 0.273438 0.285156 0.269531 0.285156 0.269531 0.296875 0.273438 0.300781 0.273438 0.304688 0.281250 0.304688 0.281250 0.300781 0.285156 0.296875 0.289062 0.296875 0.292969 0.292969 0.316406 0.292969 0.316406 0.285156 0.312500 0.281250 0.312500 0.273438
5 0.425781 0.261719 0.425781 0.277344 0.421875 0.281250 0.421875 0.289062 0.417969 0.292969 0.414062 0.292969 0.414062 0.316406 0.421875 0.316406 0.421875 0.308594 0.429688 0.300781 0.437500 0.300781 0.437500 0.292969 0.433594 0.289062 0.433594 0.261719
5 0.234375 0.218750 0.230469 0.222656 0.230469 0.226562 0.226562 0.230469 0.226562 0.238281 0.207031 0.257812 0.203125 0.257812 0.199219 0.261719 0.199219 0.273438 0.195312 0.277344 0.179688 0.277344 0.175781 0.281250 0.175781 0.285156 0.171875 0.289062 0.171875 0.300781 0.175781 0.300781 0.179688 0.304688 0.179688 0.308594 0.183594 0.308594 0.187500 0.312500 0.187500 0.320312 0.203125 0.320312 0.203125 0.308594 0.207031 0.304688 0.207031 0.281250 0.210938 0.277344 0.218750 0.277344 0.218750 0.273438 0.222656 0.269531 0.222656 0.257812 0.230469 0.250000 0.242188 0.250000 0.246094 0.246094 0.246094 0.218750
5 0.269531 0.183594 0.269531 0.199219 0.277344 0.199219 0.277344 0.183594
5 0.683594 0.132812 0.683594 0.140625 0.679688 0.144531 0.679688 0.156250 0.687500 0.156250 0.691406 0.152344 0.695312 0.152344 0.695312 0.136719 0.691406 0.132812
5 0.613281 0.085938 0.613281 0.101562 0.617188 0.105469 0.617188 0.128906 0.625000 0.128906 0.628906 0.132812 0.628906 0.148438 0.625000 0.152344 0.605469 0.152344 0.601562 0.156250 0.593750 0.156250 0.585938 0.164062 0.574219 0.164062 0.574219 0.179688 0.578125 0.179688 0.582031 0.183594 0.582031 0.210938 0.597656 0.210938 0.601562 0.214844 0.601562 0.230469 0.597656 0.234375 0.582031 0.234375 0.578125 0.230469 0.578125 0.222656 0.558594 0.222656 0.558594 0.246094 0.554688 0.250000 0.531250 0.250000 0.531250 0.265625 0.535156 0.265625 0.539062 0.269531 0.546875 0.269531 0.546875 0.265625 0.550781 0.261719 0.550781 0.253906 0.554688 0.250000 0.570312 0.250000 0.574219 0.253906 0.574219 0.261719 0.593750 0.261719 0.597656 0.265625 0.597656 0.289062 0.593750 0.292969 0.593750 0.312500 0.589844 0.316406 0.589844 0.324219 0.585938 0.328125 0.578125 0.328125 0.578125 0.332031 0.574219 0.335938 0.574219 0.339844 0.570312 0.343750 0.570312 0.363281 0.566406 0.367188 0.539062 0.367188 0.535156 0.363281 0.531250 0.363281 0.527344 0.359375 0.511719 0.359375 0.511719 0.363281 0.507812 0.367188 0.507812 0.375000 0.511719 0.378906 0.511719 0.402344 0.507812 0.406250 0.507812 0.414062 0.523438 0.414062 0.527344 0.417969 0.527344 0.429688 0.531250 0.429688 0.535156 0.433594 0.542969 0.433594 0.546875 0.437500 0.546875 0.457031 0.542969 0.460938 0.539062 0.460938 0.535156 0.464844 0.511719 0.464844 0.511719 0.480469 0.523438 0.480469 0.527344 0.484375 0.527344 0.492188 0.531250 0.496094 0.531250 0.500000 0.535156 0.503906 0.535156 0.511719 0.539062 0.515625 0.539062 0.535156 0.535156 0.539062 0.531250 0.539062 0.531250 0.542969 0.527344 0.546875 0.507812 0.546875 0.507812 0.562500 0.503906 0.566406 0.496094 0.566406 0.496094 0.578125 0.492188 0.582031 0.468750 0.582031 0.468750 0.589844 0.472656 0.593750 0.472656 0.601562 0.476562 0.601562 0.480469 0.605469 0.480469 0.609375 0.484375 0.613281 0.496094 0.613281 0.500000 0.617188 0.500000 0.632812 0.492188 0.640625 0.492188 0.644531 0.488281 0.648438 0.480469 0.648438 0.472656 0.656250 0.445312 0.656250 0.437500 0.648438 0.437500 0.644531 0.433594 0.640625 0.429688 0.640625 0.425781 0.636719 0.425781 0.628906 0.417969 0.621094 0.406250 0.621094 0.402344 0.617188 0.402344 0.597656 0.406250 0.593750 0.406250 0.574219 0.394531 0.574219 0.390625 0.578125 0.378906 0.578125 0.378906 0.605469 0.386719 0.613281 0.386719 0.617188 0.394531 0.625000 0.394531 0.636719 0.398438 0.636719 0.402344 0.640625 0.402344 0.644531 0.417969 0.644531 0.421875 0.648438 0.421875 0.667969 0.417969 0.671875 0.398438 0.671875 0.398438 0.679688 0.394531 0.683594 0.390625 0.683594 0.390625 0.710938 0.386719 0.714844 0.386719 0.730469 0.378906 0.738281 0.378906 0.742188 0.375000 0.746094 0.371094 0.746094 0.367188 0.750000 0.351562 0.750000 0.347656 0.746094 0.339844 0.746094 0.339844 0.765625 0.335938 0.769531 0.316406 0.769531 0.312500 0.773438 0.304688 0.773438 0.304688 0.792969 0.308594 0.796875 0.308594 0.812500 0.300781 0.820312 0.296875 0.820312 0.296875 0.839844 0.300781 0.839844 0.304688 0.843750 0.304688 0.859375 0.296875 0.867188 0.273438 0.867188 0.265625 0.859375 0.265625 0.828125 0.253906 0.828125 0.250000 0.824219 0.250000 0.800781 0.257812 0.792969 0.257812 0.785156 0.250000 0.785156 0.242188 0.777344 0.230469 0.777344 0.226562 0.773438 0.226562 0.769531 0.222656 0.765625 0.210938 0.765625 0.210938 0.769531 0.207031 0.773438 0.199219 0.773438 0.195312 0.777344 0.187500 0.777344 0.187500 0.785156 0.183594 0.789062 0.179688 0.789062 0.175781 0.792969 0.171875 0.792969 0.171875 0.796875 0.167969 0.800781 0.156250 0.800781 0.152344 0.804688 0.128906 0.804688 0.125000 0.800781 0.105469 0.800781 0.105469 0.812500 0.109375 0.816406 0.109375 0.824219 0.113281 0.828125 0.121094 0.828125 0.121094 0.824219 0.125000 0.820312 0.148438 0.820312 0.152344 0.824219 0.152344 0.828125 0.164062 0.839844 0.164062 0.851562 0.167969 0.855469 0.191406 0.855469 0.195312 0.859375 0.195312 0.863281 0.218750 0.863281 0.222656 0.867188 0.230469 0.867188 0.238281 0.875000 0.242188 0.875000 0.246094 0.878906 0.257812 0.878906 0.265625 0.886719 0.281250 0.886719 0.285156 0.882812 0.300781 0.882812 0.304688 0.878906 0.320312 0.878906 0.324219 0.882812 0.328125 0.882812 0.332031 0.886719 0.335938 0.886719 0.339844 0.890625 0.343750 0.890625 0.351562 0.898438 0.351562 0.902344 0.367188 0.902344 0.371094 0.906250 0.371094 0.914062 0.386719 0.914062 0.386719 0.906250 0.394531 0.898438 0.394531 0.867188 0.398438 0.863281 0.398438 0.855469 0.390625 0.855469 0.386719 0.859375 0.386719 0.867188 0.382812 0.871094 0.355469 0.871094 0.351562 0.867188 0.351562 0.859375 0.339844 0.859375 0.335938 0.855469 0.335938 0.820312 0.339844 0.816406 0.355469 0.816406 0.359375 0.820312 0.375000 0.820312 0.378906 0.824219 0.390625 0.824219 0.402344 0.812500 0.417969 0.812500 0.425781 0.820312 0.425781 0.824219 0.433594 0.824219 0.433594 0.773438 0.437500 0.769531 0.441406 0.769531 0.445312 0.765625 0.464844 0.765625 0.468750 0.769531 0.476562 0.769531 0.476562 0.750000 0.484375 0.742188 0.484375 0.734375 0.480469 0.730469 0.480469 0.722656 0.476562 0.718750 0.468750 0.718750 0.464844 0.722656 0.464844 0.738281 0.460938 0.742188 0.445312 0.742188 0.441406 0.738281 0.425781 0.738281 0.421875 0.734375 0.421875 0.679688 0.425781 0.675781 0.449219 0.675781 0.453125 0.679688 0.500000 0.679688 0.500000 0.664062 0.503906 0.660156 0.503906 0.652344 0.507812 0.648438 0.519531 0.648438 0.519531 0.617188 0.523438 0.613281 0.523438 0.609375 0.527344 0.605469 0.527344 0.589844 0.531250 0.585938 0.531250 0.578125 0.527344 0.578125 0.523438 0.574219 0.523438 0.550781 0.527344 0.546875 0.539062 0.546875 0.539062 0.535156 0.542969 0.531250 0.558594 0.531250 0.562500 0.535156 0.562500 0.550781 0.585938 0.550781 0.589844 0.554688 0.589844 0.566406 0.593750 0.570312 0.625000 0.570312 0.628906 0.574219 0.632812 0.574219 0.636719 0.578125 0.644531 0.578125 0.648438 0.582031 0.648438 0.601562 0.660156 0.601562 0.667969 0.593750 0.667969 0.582031 0.675781 0.574219 0.679688 0.574219 0.683594 0.570312 0.683594 0.558594 0.691406 0.550781 0.695312 0.550781 0.695312 0.546875 0.699219 0.542969 0.707031 0.542969 0.710938 0.539062 0.722656 0.539062 0.726562 0.535156 0.734375 0.535156 0.738281 0.531250 0.773438 0.531250 0.773438 0.523438 0.777344 0.519531 0.785156 0.519531 0.785156 0.511719 0.769531 0.511719 0.765625 0.507812 0.765625 0.492188 0.769531 0.488281 0.789062 0.488281 0.792969 0.492188 0.792969 0.496094 0.804688 0.496094 0.808594 0.500000 0.816406 0.500000 0.816406 0.492188 0.824219 0.484375 0.824219 0.464844 0.812500 0.464844 0.808594 0.460938 0.804688 0.460938 0.800781 0.457031 0.800781 0.441406 0.808594 0.433594 0.828125 0.433594 0.832031 0.437500 0.832031 0.460938 0.843750 0.460938 0.847656 0.457031 0.847656 0.445312 0.851562 0.441406 0.851562 0.429688 0.847656 0.425781 0.847656 0.371094 0.851562 0.367188 0.855469 0.367188 0.855469 0.355469 0.859375 0.351562 0.859375 0.347656 0.867188 0.339844 0.871094 0.339844 0.871094 0.332031 0.875000 0.328125 0.898438 0.328125 0.898438 0.324219 0.906250 0.316406 0.910156 0.316406 0.910156 0.296875 0.906250 0.292969 0.894531 0.292969 0.894531 0.296875 0.890625 0.300781 0.890625 0.304688 0.886719 0.308594 0.886719 0.316406 0.882812 0.320312 0.843750 0.320312 0.843750 0.332031 0.839844 0.335938 0.839844 0.339844 0.828125 0.351562 0.828125 0.355469 0.824219 0.359375 0.785156 0.359375 0.781250 0.355469 0.781250 0.324219 0.785156 0.320312 0.785156 0.316406 0.789062 0.312500 0.812500 0.312500 0.812500 0.304688 0.796875 0.304688 0.792969 0.300781 0.792969 0.273438 0.781250 0.273438 0.777344 0.269531 0.769531 0.269531 0.765625 0.273438 0.765625 0.308594 0.761719 0.312500 0.761719 0.332031 0.765625 0.335938 0.765625 0.343750 0.777344 0.355469 0.777344 0.371094 0.773438 0.375000 0.765625 0.375000 0.765625 0.390625 0.761719 0.394531 0.757812 0.394531 0.757812 0.402344 0.761719 0.402344 0.765625 0.406250 0.765625 0.429688 0.757812 0.437500 0.753906 0.437500 0.753906 0.449219 0.757812 0.453125 0.757812 0.476562 0.753906 0.480469 0.734375 0.480469 0.730469 0.484375 0.714844 0.484375 0.710938 0.480469 0.710938 0.476562 0.695312 0.476562 0.691406 0.472656 0.691406 0.468750 0.683594 0.460938 0.683594 0.457031 0.679688 0.457031 0.675781 0.453125 0.675781 0.449219 0.671875 0.445312 0.667969 0.445312 0.664062 0.441406 0.656250 0.441406 0.652344 0.437500 0.652344 0.421875 0.648438 0.417969 0.648438 0.398438 0.656250 0.390625 0.671875 0.390625 0.675781 0.394531 0.675781 0.398438 0.683594 0.398438 0.683594 0.382812 0.687500 0.378906 0.691406 0.378906 0.691406 0.363281 0.695312 0.359375 0.707031 0.359375 0.707031 0.343750 0.699219 0.343750 0.695312 0.339844 0.695312 0.335938 0.691406 0.332031 0.691406 0.308594 0.687500 0.304688 0.687500 0.281250 0.691406 0.277344 0.691406 0.273438 0.695312 0.269531 0.699219 0.269531 0.699219 0.257812 0.703125 0.253906 0.714844 0.253906 0.722656 0.246094 0.726562 0.246094 0.738281 0.234375 0.738281 0.226562 0.710938 0.226562 0.707031 0.222656 0.703125 0.222656 0.699219 0.218750 0.699219 0.214844 0.691406 0.214844 0.687500 0.210938 0.687500 0.199219 0.664062 0.199219 0.660156 0.195312 0.660156 0.175781 0.664062 0.171875 0.664062 0.160156 0.660156 0.160156 0.656250 0.156250 0.652344 0.156250 0.648438 0.152344 0.648438 0.144531 0.644531 0.144531 0.640625 0.140625 0.640625 0.125000 0.636719 0.121094 0.636719 0.109375 0.625000 0.097656 0.625000 0.093750 0.621094 0.089844 0.621094 0.085938
5 0.390625 0.011719 0.390625 0.015625 0.386719 0.019531 0.386719 0.058594 0.382812 0.062500 0.382812 0.093750 0.378906 0.097656 0.378906 0.109375 0.386719 0.109375 0.386719 0.093750 0.390625 0.089844 0.398438 0.089844 0.398438 0.085938 0.406250 0.078125 0.406250 0.074219 0.410156 0.070312 0.429688 0.070312 0.433594 0.074219 0.433594 0.113281 0.437500 0.117188 0.437500 0.164062 0.433594 0.167969 0.433594 0.175781 0.429688 0.179688 0.429688 0.199219 0.437500 0.207031 0.445312 0.207031 0.445312 0.203125 0.449219 0.199219 0.460938 0.199219 0.460938 0.183594 0.468750 0.175781 0.476562 0.175781 0.476562 0.171875 0.480469 0.167969 0.480469 0.144531 0.484375 0.140625 0.484375 0.128906 0.488281 0.125000 0.488281 0.121094 0.492188 0.117188 0.492188 0.105469 0.496094 0.101562 0.519531 0.101562 0.519531 0.089844 0.523438 0.085938 0.527344 0.085938 0.527344 0.066406 0.523438 0.062500 0.523438 0.046875 0.527344 0.042969 0.535156 0.042969 0.535156 0.039062 0.539062 0.035156 0.558594 0.035156 0.562500 0.039062 0.562500 0.042969 0.566406 0.042969 0.570312 0.046875 0.578125 0.046875 0.578125 0.039062 0.582031 0.035156 0.585938 0.035156 0.585938 0.031250 0.589844 0.027344 0.589844 0.019531 0.582031 0.019531 0.578125 0.023438 0.546875 0.023438 0.542969 0.027344 0.531250 0.027344 0.527344 0.031250 0.500000 0.031250 0.496094 0.027344 0.468750 0.027344 0.468750 0.035156 0.464844 0.039062 0.457031 0.039062 0.445312 0.050781 0.421875 0.050781 0.417969 0.046875 0.417969 0.042969 0.414062 0.042969 0.410156 0.039062 0.410156 0.035156 0.406250 0.031250 0.406250 0.023438 0.402344 0.019531 0.402344 0.011719
5 0.632812 0.000000 0.632812 0.011719 0.628906 0.015625 0.628906 0.031250 0.625000 0.035156 0.625000 0.042969 0.636719 0.042969 0.640625 0.046875 0.640625 0.054688 0.644531 0.058594 0.644531 0.062500 0.648438 0.062500 0.652344 0.066406 0.664062 0.066406 0.667969 0.070312 0.667969 0.082031 0.675781 0.082031 0.679688 0.078125 0.679688 0.062500 0.683594 0.058594 0.687500 0.058594 0.691406 0.054688 0.691406 0.046875 0.683594 0.046875 0.679688 0.042969 0.679688 0.039062 0.675781 0.035156 0.660156 0.035156 0.656250 0.031250 0.656250 0.015625 0.660156 0.011719 0.671875 0.011719 0.671875 0.000000
