5 0.296875 0.886719 0.285156 0.898438 0.277344 0.898438 0.277344 0.925781 0.285156 0.933594 0.289062 0.933594 0.292969 0.937500 0.308594 0.937500 0.312500 0.941406 0.312500 0.949219 0.324219 0.949219 0.328125 0.945312 0.335938 0.945312 0.339844 0.941406 0.351562 0.941406 0.351562 0.933594 0.355469 0.929688 0.394531 0.929688 0.394531 0.925781 0.402344 0.917969 0.402344 0.914062 0.406250 0.910156 0.406250 0.902344 0.394531 0.902344 0.390625 0.906250 0.375000 0.906250 0.375000 0.914062 0.367188 0.921875 0.363281 0.921875 0.363281 0.925781 0.359375 0.929688 0.335938 0.929688 0.332031 0.933594 0.316406 0.933594 0.312500 0.929688 0.312500 0.914062 0.304688 0.906250 0.304688 0.886719
5 0.363281 0.875000 0.355469 0.882812 0.351562 0.882812 0.347656 0.886719 0.347656 0.894531 0.371094 0.894531 0.371094 0.875000
5 0.375000 0.796875 0.375000 0.808594 0.382812 0.816406 0.382812 0.832031 0.390625 0.832031 0.394531 0.828125 0.410156 0.828125 0.410156 0.816406 0.402344 0.816406 0.394531 0.808594 0.390625 0.808594 0.382812 0.800781 0.382812 0.796875
5 0.574219 0.777344 0.574219 0.781250 0.570312 0.785156 0.554688 0.785156 0.550781 0.781250 0.542969 0.781250 0.542969 0.792969 0.554688 0.792969 0.558594 0.796875 0.558594 0.808594 0.566406 0.816406 0.578125 0.816406 0.582031 0.812500 0.593750 0.812500 0.597656 0.808594 0.621094 0.808594 0.621094 0.800781 0.601562 0.800781 0.597656 0.796875 0.597656 0.785156 0.593750 0.781250 0.589844 0.781250 0.585938 0.777344
5 0.484375 0.753906 0.480469 0.757812 0.480469 0.761719 0.472656 0.769531 0.468750 0.769531 0.468750 0.773438 0.464844 0.777344 0.464844 0.789062 0.468750 0.792969 0.468750 0.824219 0.464844 0.828125 0.464844 0.832031 0.457031 0.839844 0.441406 0.839844 0.437500 0.835938 0.437500 0.832031 0.429688 0.832031 0.429688 0.839844 0.433594 0.843750 0.433594 0.867188 0.429688 0.871094 0.429688 0.878906 0.425781 0.882812 0.417969 0.882812 0.417969 0.890625 0.429688 0.890625 0.429688 0.882812 0.433594 0.878906 0.445312 0.878906 0.449219 0.875000 0.453125 0.875000 0.457031 0.871094 0.464844 0.871094 0.472656 0.863281 0.472656 0.859375 0.476562 0.855469 0.480469 0.855469 0.480469 0.851562 0.488281 0.843750 0.488281 0.828125 0.492188 0.824219 0.496094 0.824219 0.496094 0.808594 0.492188 0.804688 0.492188 0.753906
5 0.261719 0.710938 0.261719 0.714844 0.257812 0.718750 0.253906 0.718750 0.253906 0.730469 0.261719 0.738281 0.261719 0.777344 0.257812 0.781250 0.257812 0.789062 0.269531 0.789062 0.277344 0.796875 0.285156 0.796875 0.289062 0.800781 0.289062 0.824219 0.316406 0.824219 0.320312 0.828125 0.320312 0.855469 0.316406 0.859375 0.308594 0.859375 0.308594 0.878906 0.316406 0.878906 0.320312 0.875000 0.320312 0.847656 0.324219 0.843750 0.332031 0.843750 0.332031 0.835938 0.324219 0.835938 0.320312 0.832031 0.320312 0.812500 0.324219 0.808594 0.332031 0.808594 0.335938 0.804688 0.351562 0.804688 0.351562 0.792969 0.339844 0.792969 0.335938 0.789062 0.335938 0.769531 0.328125 0.769531 0.328125 0.781250 0.324219 0.785156 0.324219 0.796875 0.320312 0.800781 0.292969 0.800781 0.289062 0.796875 0.289062 0.789062 0.285156 0.785156 0.285156 0.781250 0.281250 0.781250 0.277344 0.777344 0.277344 0.761719 0.285156 0.753906 0.285156 0.734375 0.281250 0.734375 0.273438 0.726562 0.273438 0.710938
5 0.378906 0.683594 0.378906 0.699219 0.386719 0.699219 0.390625 0.695312 0.410156 0.695312 0.414062 0.699219 0.414062 0.703125 0.417969 0.707031 0.417969 0.710938 0.421875 0.714844 0.445312 0.714844 0.449219 0.718750 0.449219 0.738281 0.457031 0.738281 0.457031 0.734375 0.460938 0.730469 0.484375 0.730469 0.484375 0.726562 0.488281 0.722656 0.488281 0.718750 0.492188 0.714844 0.492188 0.707031 0.476562 0.707031 0.472656 0.703125 0.453125 0.703125 0.449219 0.699219 0.449219 0.695312 0.445312 0.691406 0.437500 0.691406 0.433594 0.687500 0.406250 0.687500 0.402344 0.683594
5 0.441406 0.589844 0.441406 0.597656 0.449219 0.597656 0.449219 0.589844
5 0.386719 0.582031 0.386719 0.601562 0.402344 0.601562 0.402344 0.593750 0.398438 0.589844 0.398438 0.582031
5 0.417969 0.507812 0.417969 0.515625 0.421875 0.519531 0.421875 0.531250 0.425781 0.531250 0.429688 0.535156 0.429688 0.550781 0.425781 0.554688 0.421875 0.554688 0.421875 0.562500 0.433594 0.562500 0.433594 0.542969 0.437500 0.539062 0.445312 0.539062 0.445312 0.523438 0.437500 0.515625 0.437500 0.511719 0.429688 0.511719 0.425781 0.507812
5 0.925781 0.480469 0.925781 0.488281 0.933594 0.488281 0.933594 0.480469
5 0.925781 0.402344 0.925781 0.414062 0.929688 0.417969 0.929688 0.433594 0.933594 0.437500 0.933594 0.449219 0.941406 0.449219 0.945312 0.453125 0.945312 0.457031 0.949219 0.460938 0.949219 0.464844 0.957031 0.464844 0.957031 0.445312 0.953125 0.445312 0.949219 0.441406 0.949219 0.421875 0.945312 0.417969 0.945312 0.414062 0.933594 0.402344
5 0.140625 0.332031 0.136719 0.335938 0.128906 0.335938 0.125000 0.339844 0.125000 0.351562 0.128906 0.351562 0.132812 0.355469 0.140625 0.355469 0.144531 0.351562 0.148438 0.351562 0.156250 0.343750 0.160156 0.343750 0.160156 0.335938 0.156250 0.335938 0.152344 0.332031
5 0.210938 0.328125 0.210938 0.335938 0.214844 0.339844 0.214844 0.359375 0.226562 0.359375 0.226562 0.328125
5 0.703125 0.281250 0.699219 0.285156 0.691406 0.285156 0.687500 0.289062 0.667969 0.289062 0.667969 0.304688 0.664062 0.308594 0.656250 0.308594 0.656250 0.324219 0.667969 0.324219 0.667969 0.304688 0.671875 0.300781 0.675781 0.300781 0.675781 0.296875 0.679688 0.292969 0.703125 0.292969 0.707031 0.296875 0.718750 0.296875 0.718750 0.285156 0.714844 0.285156 0.710938 0.281250
5 0.554688 0.101562 0.554688 0.113281 0.558594 0.117188 0.558594 0.132812 0.554688 0.136719 0.546875 0.136719 0.542969 0.140625 0.531250 0.140625 0.531250 0.144531 0.527344 0.148438 0.503906 0.148438 0.500000 0.144531 0.500000 0.132812 0.480469 0.132812 0.472656 0.125000 0.472656 0.121094 0.468750 0.121094 0.464844 0.117188 0.457031 0.117188 0.457031 0.136719 0.460938 0.140625 0.460938 0.144531 0.464844 0.148438 0.464844 0.164062 0.457031 0.171875 0.453125 0.171875 0.449219 0.175781 0.449219 0.183594 0.453125 0.187500 0.453125 0.191406 0.496094 0.191406 0.507812 0.203125 0.507812 0.226562 0.496094 0.238281 0.496094 0.253906 0.500000 0.257812 0.500000 0.281250 0.496094 0.285156 0.496094 0.292969 0.500000 0.292969 0.503906 0.296875 0.503906 0.312500 0.500000 0.316406 0.488281 0.316406 0.488281 0.343750 0.511719 0.343750 0.515625 0.347656 0.515625 0.363281 0.519531 0.363281 0.523438 0.367188 0.523438 0.386719 0.519531 0.390625 0.503906 0.390625 0.500000 0.394531 0.500000 0.410156 0.496094 0.414062 0.480469 0.414062 0.476562 0.410156 0.476562 0.378906 0.480469 0.375000 0.480469 0.359375 0.468750 0.359375 0.460938 0.351562 0.460938 0.343750 0.445312 0.343750 0.441406 0.339844 0.437500 0.339844 0.433594 0.335938 0.433594 0.324219 0.429688 0.320312 0.429688 0.316406 0.425781 0.312500 0.417969 0.312500 0.398438 0.332031 0.386719 0.332031 0.386719 0.335938 0.382812 0.339844 0.378906 0.339844 0.378906 0.343750 0.375000 0.347656 0.371094 0.347656 0.367188 0.351562 0.335938 0.351562 0.328125 0.343750 0.320312 0.343750 0.316406 0.347656 0.316406 0.363281 0.320312 0.367188 0.320312 0.398438 0.316406 0.402344 0.312500 0.402344 0.312500 0.417969 0.316406 0.421875 0.316406 0.437500 0.312500 0.441406 0.308594 0.441406 0.308594 0.445312 0.300781 0.453125 0.285156 0.453125 0.273438 0.441406 0.273438 0.433594 0.269531 0.433594 0.265625 0.429688 0.265625 0.425781 0.261719 0.425781 0.257812 0.421875 0.257812 0.406250 0.253906 0.406250 0.250000 0.402344 0.250000 0.398438 0.246094 0.398438 0.242188 0.394531 0.234375 0.394531 0.226562 0.386719 0.226562 0.382812 0.210938 0.382812 0.207031 0.378906 0.207031 0.367188 0.171875 0.367188 0.171875 0.371094 0.167969 0.375000 0.167969 0.386719 0.164062 0.390625 0.144531 0.390625 0.144531 0.406250 0.148438 0.410156 0.148438 0.414062 0.160156 0.414062 0.164062 0.417969 0.164062 0.453125 0.160156 0.457031 0.148438 0.457031 0.148438 0.468750 0.152344 0.472656 0.152344 0.476562 0.156250 0.480469 0.164062 0.480469 0.164062 0.476562 0.167969 0.472656 0.183594 0.472656 0.187500 0.476562 0.187500 0.484375 0.195312 0.484375 0.199219 0.488281 0.199219 0.523438 0.195312 0.527344 0.171875 0.527344 0.171875 0.542969 0.175781 0.546875 0.175781 0.550781 0.187500 0.550781 0.191406 0.554688 0.195312 0.554688 0.199219 0.558594 0.199219 0.570312 0.203125 0.574219 0.203125 0.589844 0.207031 0.593750 0.207031 0.597656 0.214844 0.597656 0.214844 0.574219 0.218750 0.570312 0.250000 0.570312 0.253906 0.574219 0.253906 0.597656 0.238281 0.613281 0.238281 0.621094 0.242188 0.625000 0.242188 0.628906 0.250000 0.628906 0.250000 0.625000 0.253906 0.621094 0.292969 0.621094 0.292969 0.613281 0.296875 0.609375 0.316406 0.609375 0.320312 0.605469 0.339844 0.605469 0.343750 0.601562 0.343750 0.597656 0.347656 0.593750 0.347656 0.585938 0.324219 0.585938 0.320312 0.582031 0.320312 0.562500 0.312500 0.562500 0.312500 0.566406 0.308594 0.570312 0.289062 0.570312 0.281250 0.562500 0.281250 0.558594 0.277344 0.554688 0.234375 0.554688 0.230469 0.550781 0.226562 0.550781 0.222656 0.546875 0.214844 0.546875 0.210938 0.542969 0.210938 0.539062 0.207031 0.535156 0.207031 0.511719 0.210938 0.507812 0.210938 0.500000 0.214844 0.496094 0.246094 0.496094 0.250000 0.500000 0.250000 0.503906 0.265625 0.503906 0.265625 0.500000 0.269531 0.496094 0.269531 0.488281 0.273438 0.484375 0.289062 0.484375 0.292969 0.488281 0.300781 0.488281 0.304688 0.492188 0.304688 0.496094 0.308594 0.500000 0.308594 0.511719 0.320312 0.511719 0.320312 0.503906 0.324219 0.500000 0.332031 0.500000 0.332031 0.496094 0.335938 0.492188 0.343750 0.492188 0.347656 0.488281 0.359375 0.488281 0.359375 0.484375 0.363281 0.480469 0.363281 0.468750 0.359375 0.464844 0.359375 0.449219 0.332031 0.449219 0.324219 0.441406 0.324219 0.421875 0.328125 0.417969 0.343750 0.417969 0.343750 0.402344 0.347656 0.398438 0.363281 0.398438 0.367188 0.402344 0.367188 0.417969 0.363281 0.421875 0.363281 0.441406 0.382812 0.441406 0.386719 0.445312 0.386719 0.449219 0.394531 0.449219 0.398438 0.445312 0.398438 0.441406 0.402344 0.437500 0.417969 0.437500 0.421875 0.433594 0.480469 0.433594 0.484375 0.437500 0.484375 0.460938 0.480469 0.464844 0.476562 0.464844 0.472656 0.468750 0.472656 0.476562 0.476562 0.476562 0.480469 0.480469 0.480469 0.484375 0.484375 0.488281 0.484375 0.492188 0.511719 0.492188 0.515625 0.496094 0.515625 0.500000 0.519531 0.503906 0.523438 0.503906 0.527344 0.507812 0.527344 0.523438 0.523438 0.527344 0.519531 0.527344 0.519531 0.562500 0.523438 0.562500 0.527344 0.566406 0.527344 0.605469 0.519531 0.613281 0.519531 0.644531 0.515625 0.648438 0.500000 0.648438 0.496094 0.644531 0.496094 0.632812 0.492188 0.628906 0.476562 0.628906 0.476562 0.632812 0.472656 0.636719 0.472656 0.644531 0.484375 0.644531 0.488281 0.648438 0.488281 0.667969 0.507812 0.667969 0.511719 0.671875 0.527344 0.671875 0.531250 0.667969 0.562500 0.667969 0.562500 0.664062 0.566406 0.660156 0.566406 0.632812 0.570312 0.628906 0.578125 0.628906 0.582031 0.625000 0.585938 0.625000 0.589844 0.621094 0.589844 0.617188 0.593750 0.613281 0.593750 0.609375 0.597656 0.605469 0.632812 0.605469 0.636719 0.601562 0.636719 0.597656 0.644531 0.589844 0.644531 0.585938 0.656250 0.574219 0.671875 0.574219 0.675781 0.578125 0.675781 0.582031 0.679688 0.585938 0.679688 0.601562 0.671875 0.609375 0.671875 0.617188 0.679688 0.625000 0.687500 0.625000 0.691406 0.628906 0.691406 0.667969 0.687500 0.671875 0.687500 0.691406 0.683594 0.695312 0.679688 0.695312 0.679688 0.703125 0.683594 0.703125 0.687500 0.707031 0.687500 0.742188 0.683594 0.746094 0.667969 0.746094 0.664062 0.742188 0.652344 0.742188 0.652344 0.750000 0.644531 0.757812 0.644531 0.765625 0.648438 0.769531 0.671875 0.769531 0.675781 0.765625 0.691406 0.765625 0.695312 0.769531 0.722656 0.769531 0.730469 0.777344 0.730469 0.792969 0.734375 0.796875 0.734375 0.816406 0.730469 0.820312 0.714844 0.820312 0.714844 0.828125 0.710938 0.832031 0.703125 0.832031 0.703125 0.839844 0.710938 0.839844 0.714844 0.835938 0.726562 0.835938 0.730469 0.832031 0.742188 0.832031 0.742188 0.828125 0.746094 0.824219 0.753906 0.824219 0.753906 0.820312 0.757812 0.816406 0.757812 0.808594 0.761719 0.804688 0.761719 0.792969 0.765625 0.789062 0.769531 0.789062 0.773438 0.785156 0.789062 0.785156 0.792969 0.789062 0.792969 0.792969 0.796875 0.796875 0.804688 0.796875 0.812500 0.804688 0.824219 0.804688 0.828125 0.800781 0.894531 0.800781 0.894531 0.789062 0.890625 0.785156 0.890625 0.769531 0.886719 0.765625 0.886719 0.742188 0.878906 0.742188 0.875000 0.746094 0.871094 0.746094 0.867188 0.750000 0.867188 0.765625 0.863281 0.769531 0.859375 0.769531 0.855469 0.773438 0.855469 0.781250 0.851562 0.785156 0.847656 0.785156 0.843750 0.789062 0.824219 0.789062 0.820312 0.785156 0.812500 0.785156 0.808594 0.781250 0.800781 0.781250 0.796875 0.777344 0.796875 0.769531 0.792969 0.765625 0.785156 0.765625 0.781250 0.761719 0.753906 0.761719 0.750000 0.765625 0.722656 0.765625 0.718750 0.761719 0.718750 0.734375 0.722656 0.730469 0.734375 0.730469 0.738281 0.726562 0.746094 0.726562 0.746094 0.722656 0.750000 0.718750 0.765625 0.718750 0.773438 0.726562 0.773438 0.730469 0.781250 0.730469 0.781250 0.726562 0.785156 0.722656 0.789062 0.722656 0.789062 0.691406 0.792969 0.687500 0.792969 0.656250 0.796875 0.652344 0.800781 0.652344 0.808594 0.644531 0.808594 0.625000 0.816406 0.617188 0.816406 0.605469 0.812500 0.605469 0.808594 0.601562 0.808594 0.558594 0.812500 0.554688 0.816406 0.554688 0.816406 0.550781 0.820312 0.546875 0.828125 0.546875 0.832031 0.542969 0.843750 0.542969 0.843750 0.535156 0.847656 0.531250 0.847656 0.527344 0.855469 0.519531 0.871094 0.519531 0.875000 0.523438 0.875000 0.539062 0.878906 0.539062 0.882812 0.542969 0.882812 0.566406 0.886719 0.570312 0.898438 0.570312 0.910156 0.558594 0.921875 0.558594 0.921875 0.546875 0.917969 0.546875 0.914062 0.542969 0.906250 0.542969 0.902344 0.546875 0.886719 0.546875 0.882812 0.542969 0.882812 0.519531 0.886719 0.515625 0.898438 0.515625 0.898438 0.507812 0.882812 0.507812 0.878906 0.503906 0.878906 0.480469 0.886719 0.472656 0.886719 0.464844 0.843750 0.464844 0.839844 0.460938 0.839844 0.457031 0.835938 0.453125 0.835938 0.398438 0.832031 0.394531 0.808594 0.394531 0.808594 0.402344 0.816406 0.410156 0.816406 0.429688 0.812500 0.433594 0.789062 0.433594 0.785156 0.429688 0.769531 0.429688 0.765625 0.433594 0.761719 0.433594 0.761719 0.441406 0.781250 0.441406 0.789062 0.449219 0.789062 0.457031 0.800781 0.457031 0.804688 0.460938 0.804688 0.476562 0.800781 0.480469 0.796875 0.480469 0.789062 0.488281 0.789062 0.492188 0.785156 0.496094 0.785156 0.500000 0.781250 0.503906 0.777344 0.503906 0.777344 0.511719 0.757812 0.531250 0.757812 0.539062 0.753906 0.542969 0.746094 0.542969 0.738281 0.550781 0.738281 0.554688 0.726562 0.566406 0.707031 0.566406 0.703125 0.562500 0.703125 0.558594 0.699219 0.554688 0.687500 0.554688 0.683594 0.550781 0.683594 0.546875 0.679688 0.542969 0.679688 0.539062 0.675781 0.535156 0.675781 0.519531 0.679688 0.515625 0.679688 0.507812 0.683594 0.503906 0.683594 0.484375 0.687500 0.480469 0.691406 0.480469 0.691406 0.472656 0.695312 0.468750 0.703125 0.468750 0.707031 0.464844 0.710938 0.464844 0.710938 0.449219 0.714844 0.445312 0.714844 0.433594 0.718750 0.429688 0.722656 0.429688 0.722656 0.421875 0.714844 0.421875 0.710938 0.425781 0.707031 0.425781 0.707031 0.429688 0.703125 0.433594 0.703125 0.437500 0.699219 0.441406 0.695312 0.441406 0.695312 0.468750 0.691406 0.472656 0.683594 0.472656 0.679688 0.476562 0.675781 0.476562 0.675781 0.480469 0.671875 0.484375 0.667969 0.484375 0.664062 0.488281 0.664062 0.496094 0.660156 0.500000 0.656250 0.500000 0.656250 0.503906 0.648438 0.511719 0.640625 0.511719 0.636719 0.515625 0.636719 0.519531 0.632812 0.523438 0.628906 0.523438 0.628906 0.531250 0.621094 0.539062 0.609375 0.539062 0.597656 0.550781 0.578125 0.550781 0.570312 0.558594 0.546875 0.558594 0.542969 0.554688 0.542969 0.523438 0.546875 0.519531 0.546875 0.492188 0.558594 0.480469 0.562500 0.480469 0.562500 0.476562 0.570312 0.468750 0.570312 0.453125 0.566406 0.449219 0.566406 0.425781 0.570312 0.421875 0.585938 0.421875 0.585938 0.402344 0.589844 0.398438 0.589844 0.394531 0.593750 0.390625 0.593750 0.386719 0.601562 0.378906 0.601562 0.375000 0.609375 0.367188 0.621094 0.367188 0.625000 0.363281 0.625000 0.351562 0.605469 0.351562 0.597656 0.343750 0.589844 0.343750 0.578125 0.355469 0.574219 0.355469 0.574219 0.386719 0.570312 0.390625 0.570312 0.398438 0.566406 0.402344 0.558594 0.402344 0.554688 0.406250 0.535156 0.406250 0.523438 0.394531 0.523438 0.378906 0.527344 0.375000 0.535156 0.375000 0.535156 0.347656 0.539062 0.343750 0.539062 0.335938 0.542969 0.332031 0.550781 0.332031 0.550781 0.328125 0.558594 0.320312 0.570312 0.320312 0.574219 0.316406 0.578125 0.316406 0.582031 0.312500 0.582031 0.304688 0.546875 0.304688 0.542969 0.300781 0.542969 0.285156 0.546875 0.281250 0.566406 0.281250 0.566406 0.277344 0.570312 0.273438 0.578125 0.273438 0.578125 0.253906 0.582031 0.250000 0.582031 0.246094 0.585938 0.242188 0.585938 0.238281 0.593750 0.230469 0.593750 0.210938 0.597656 0.207031 0.617188 0.207031 0.617188 0.203125 0.621094 0.199219 0.625000 0.199219 0.625000 0.195312 0.628906 0.191406 0.628906 0.156250 0.625000 0.156250 0.621094 0.152344 0.621094 0.140625 0.617188 0.136719 0.617188 0.117188 0.578125 0.117188 0.574219 0.113281 0.570312 0.113281 0.562500 0.105469 0.562500 0.101562
