5 0.210938 0.937500 0.210938 0.945312 0.218750 0.945312 0.218750 0.937500
5 0.328125 0.859375 0.316406 0.871094 0.316406 0.875000 0.312500 0.878906 0.304688 0.878906 0.304688 0.882812 0.300781 0.886719 0.300781 0.890625 0.296875 0.894531 0.289062 0.894531 0.281250 0.902344 0.281250 0.917969 0.292969 0.929688 0.320312 0.929688 0.324219 0.933594 0.332031 0.933594 0.332031 0.925781 0.347656 0.910156 0.359375 0.910156 0.359375 0.882812 0.355469 0.882812 0.351562 0.878906 0.351562 0.859375
5 0.152344 0.847656 0.148438 0.851562 0.148438 0.855469 0.144531 0.859375 0.140625 0.859375 0.136719 0.863281 0.136719 0.867188 0.132812 0.871094 0.128906 0.871094 0.128906 0.882812 0.136719 0.882812 0.140625 0.878906 0.164062 0.878906 0.167969 0.882812 0.167969 0.898438 0.164062 0.902344 0.160156 0.902344 0.160156 0.914062 0.164062 0.917969 0.164062 0.921875 0.167969 0.925781 0.171875 0.925781 0.175781 0.929688 0.183594 0.929688 0.187500 0.925781 0.191406 0.925781 0.191406 0.917969 0.203125 0.906250 0.207031 0.906250 0.207031 0.898438 0.191406 0.898438 0.187500 0.894531 0.187500 0.875000 0.164062 0.875000 0.160156 0.871094 0.160156 0.847656
5 0.074219 0.789062 0.070312 0.792969 0.062500 0.792969 0.062500 0.796875 0.058594 0.800781 0.058594 0.808594 0.062500 0.812500 0.089844 0.812500 0.089844 0.800781 0.082031 0.792969 0.082031 0.789062
5 0.171875 0.773438 0.171875 0.800781 0.167969 0.804688 0.167969 0.820312 0.171875 0.820312 0.179688 0.828125 0.179688 0.832031 0.183594 0.835938 0.195312 0.835938 0.199219 0.839844 0.207031 0.839844 0.210938 0.835938 0.214844 0.835938 0.214844 0.824219 0.210938 0.820312 0.207031 0.820312 0.203125 0.816406 0.203125 0.800781 0.195312 0.800781 0.187500 0.792969 0.187500 0.777344 0.183594 0.773438
5 0.402344 0.757812 0.402344 0.765625 0.406250 0.765625 0.410156 0.769531 0.410156 0.792969 0.406250 0.796875 0.406250 0.800781 0.402344 0.804688 0.402344 0.812500 0.398438 0.816406 0.398438 0.824219 0.394531 0.828125 0.394531 0.832031 0.390625 0.835938 0.390625 0.839844 0.386719 0.843750 0.386719 0.855469 0.394531 0.855469 0.398438 0.851562 0.398438 0.839844 0.402344 0.835938 0.402344 0.828125 0.406250 0.824219 0.406250 0.816406 0.410156 0.812500 0.410156 0.808594 0.414062 0.804688 0.414062 0.800781 0.421875 0.792969 0.425781 0.792969 0.425781 0.777344 0.414062 0.777344 0.410156 0.773438 0.410156 0.757812
5 0.207031 0.742188 0.207031 0.753906 0.210938 0.757812 0.210938 0.761719 0.214844 0.761719 0.218750 0.765625 0.218750 0.792969 0.230469 0.792969 0.230469 0.761719 0.226562 0.757812 0.222656 0.757812 0.214844 0.750000 0.214844 0.742188
5 0.441406 0.734375 0.441406 0.742188 0.449219 0.742188 0.449219 0.734375
5 0.710938 0.730469 0.707031 0.734375 0.707031 0.753906 0.703125 0.757812 0.695312 0.757812 0.695312 0.765625 0.691406 0.769531 0.675781 0.769531 0.675781 0.777344 0.683594 0.777344 0.683594 0.773438 0.687500 0.769531 0.710938 0.769531 0.710938 0.750000 0.714844 0.746094 0.726562 0.746094 0.726562 0.734375 0.722656 0.734375 0.718750 0.730469
5 0.046875 0.730469 0.046875 0.742188 0.050781 0.746094 0.050781 0.753906 0.054688 0.753906 0.058594 0.757812 0.070312 0.757812 0.070312 0.750000 0.066406 0.746094 0.066406 0.742188 0.058594 0.742188 0.054688 0.738281 0.054688 0.730469
5 0.902344 0.707031 0.902344 0.722656 0.898438 0.726562 0.894531 0.726562 0.894531 0.734375 0.902344 0.734375 0.902344 0.718750 0.906250 0.714844 0.910156 0.714844 0.910156 0.707031
5 0.476562 0.675781 0.476562 0.691406 0.472656 0.695312 0.472656 0.699219 0.468750 0.703125 0.460938 0.703125 0.460938 0.710938 0.464844 0.714844 0.480469 0.714844 0.484375 0.718750 0.484375 0.742188 0.492188 0.750000 0.496094 0.750000 0.503906 0.757812 0.503906 0.773438 0.500000 0.777344 0.496094 0.777344 0.496094 0.789062 0.511719 0.789062 0.515625 0.792969 0.515625 0.804688 0.519531 0.808594 0.519531 0.855469 0.515625 0.859375 0.503906 0.859375 0.503906 0.871094 0.515625 0.871094 0.523438 0.878906 0.523438 0.894531 0.535156 0.894531 0.542969 0.902344 0.546875 0.902344 0.550781 0.906250 0.554688 0.906250 0.558594 0.910156 0.558594 0.914062 0.562500 0.914062 0.566406 0.917969 0.570312 0.917969 0.574219 0.921875 0.582031 0.921875 0.589844 0.929688 0.609375 0.929688 0.613281 0.933594 0.613281 0.937500 0.617188 0.937500 0.621094 0.941406 0.632812 0.941406 0.636719 0.945312 0.656250 0.945312 0.656250 0.941406 0.660156 0.937500 0.667969 0.937500 0.667969 0.925781 0.675781 0.917969 0.679688 0.917969 0.679688 0.910156 0.675781 0.906250 0.664062 0.906250 0.656250 0.898438 0.656250 0.894531 0.652344 0.890625 0.652344 0.886719 0.644531 0.878906 0.644531 0.855469 0.648438 0.851562 0.667969 0.851562 0.667969 0.847656 0.671875 0.843750 0.675781 0.843750 0.683594 0.835938 0.699219 0.835938 0.699219 0.832031 0.703125 0.828125 0.710938 0.828125 0.714844 0.824219 0.722656 0.824219 0.726562 0.820312 0.746094 0.820312 0.750000 0.824219 0.750000 0.847656 0.746094 0.851562 0.734375 0.851562 0.734375 0.863281 0.738281 0.867188 0.738281 0.871094 0.746094 0.871094 0.750000 0.875000 0.750000 0.886719 0.761719 0.886719 0.765625 0.882812 0.769531 0.882812 0.769531 0.871094 0.773438 0.867188 0.792969 0.867188 0.804688 0.855469 0.808594 0.855469 0.812500 0.851562 0.812500 0.847656 0.820312 0.839844 0.824219 0.839844 0.824219 0.824219 0.828125 0.820312 0.851562 0.820312 0.855469 0.816406 0.855469 0.796875 0.851562 0.792969 0.843750 0.792969 0.839844 0.789062 0.839844 0.785156 0.835938 0.781250 0.835938 0.761719 0.839844 0.757812 0.843750 0.757812 0.843750 0.746094 0.828125 0.746094 0.824219 0.742188 0.824219 0.734375 0.816406 0.734375 0.812500 0.730469 0.812500 0.726562 0.785156 0.726562 0.781250 0.722656 0.773438 0.722656 0.773438 0.730469 0.796875 0.730469 0.800781 0.734375 0.800781 0.738281 0.804688 0.742188 0.804688 0.757812 0.824219 0.757812 0.828125 0.761719 0.828125 0.777344 0.820312 0.785156 0.792969 0.785156 0.789062 0.781250 0.789062 0.769531 0.785156 0.769531 0.781250 0.765625 0.761719 0.765625 0.757812 0.761719 0.757812 0.753906 0.742188 0.753906 0.742188 0.773438 0.757812 0.773438 0.761719 0.777344 0.761719 0.808594 0.757812 0.812500 0.742188 0.812500 0.738281 0.808594 0.738281 0.804688 0.734375 0.800781 0.734375 0.796875 0.730469 0.792969 0.730469 0.785156 0.722656 0.785156 0.722656 0.789062 0.718750 0.792969 0.714844 0.792969 0.714844 0.796875 0.710938 0.800781 0.703125 0.800781 0.699219 0.804688 0.671875 0.804688 0.667969 0.808594 0.656250 0.808594 0.656250 0.820312 0.652344 0.824219 0.632812 0.824219 0.628906 0.820312 0.628906 0.792969 0.632812 0.789062 0.632812 0.781250 0.636719 0.777344 0.636719 0.773438 0.640625 0.769531 0.648438 0.769531 0.648438 0.757812 0.636719 0.757812 0.632812 0.761719 0.621094 0.761719 0.621094 0.769531 0.613281 0.777344 0.613281 0.781250 0.609375 0.785156 0.585938 0.785156 0.585938 0.792969 0.582031 0.796875 0.554688 0.796875 0.550781 0.792969 0.550781 0.777344 0.554688 0.773438 0.562500 0.773438 0.562500 0.753906 0.554688 0.753906 0.550781 0.750000 0.550781 0.742188 0.539062 0.742188 0.535156 0.738281 0.535156 0.734375 0.531250 0.730469 0.531250 0.726562 0.527344 0.726562 0.519531 0.718750 0.519531 0.714844 0.515625 0.710938 0.507812 0.710938 0.503906 0.714844 0.484375 0.714844 0.480469 0.710938 0.480469 0.695312 0.484375 0.691406 0.484375 0.675781
5 0.062500 0.625000 0.062500 0.636719 0.070312 0.636719 0.070312 0.625000
5 0.851562 0.457031 0.851562 0.464844 0.859375 0.464844 0.859375 0.457031
5 0.859375 0.390625 0.859375 0.398438 0.855469 0.402344 0.855469 0.410156 0.859375 0.410156 0.863281 0.414062 0.871094 0.414062 0.875000 0.410156 0.882812 0.410156 0.882812 0.402344 0.871094 0.402344 0.867188 0.398438 0.867188 0.390625
5 0.675781 0.265625 0.675781 0.273438 0.683594 0.281250 0.695312 0.281250 0.695312 0.265625
5 0.527344 0.066406 0.523438 0.070312 0.523438 0.085938 0.531250 0.085938 0.535156 0.089844 0.535156 0.093750 0.539062 0.097656 0.539062 0.101562 0.542969 0.105469 0.542969 0.113281 0.546875 0.117188 0.546875 0.128906 0.550781 0.132812 0.550781 0.136719 0.558594 0.144531 0.558594 0.148438 0.562500 0.152344 0.566406 0.152344 0.570312 0.156250 0.570312 0.160156 0.574219 0.164062 0.574219 0.191406 0.566406 0.199219 0.562500 0.199219 0.562500 0.214844 0.558594 0.218750 0.558594 0.230469 0.562500 0.234375 0.562500 0.257812 0.570312 0.265625 0.570312 0.269531 0.574219 0.273438 0.574219 0.292969 0.570312 0.296875 0.562500 0.296875 0.558594 0.300781 0.558594 0.304688 0.554688 0.308594 0.527344 0.308594 0.527344 0.312500 0.523438 0.316406 0.519531 0.316406 0.519531 0.324219 0.527344 0.324219 0.531250 0.328125 0.531250 0.335938 0.535156 0.335938 0.539062 0.339844 0.539062 0.343750 0.554688 0.343750 0.554688 0.335938 0.558594 0.332031 0.566406 0.332031 0.570312 0.328125 0.570312 0.324219 0.574219 0.320312 0.574219 0.312500 0.585938 0.300781 0.601562 0.300781 0.605469 0.304688 0.605469 0.320312 0.609375 0.320312 0.613281 0.324219 0.613281 0.351562 0.609375 0.355469 0.605469 0.355469 0.605469 0.363281 0.601562 0.367188 0.582031 0.367188 0.582031 0.375000 0.578125 0.378906 0.578125 0.382812 0.574219 0.386719 0.562500 0.386719 0.562500 0.433594 0.558594 0.437500 0.558594 0.468750 0.554688 0.472656 0.539062 0.472656 0.535156 0.468750 0.535156 0.464844 0.519531 0.464844 0.515625 0.460938 0.515625 0.425781 0.519531 0.421875 0.527344 0.421875 0.531250 0.417969 0.531250 0.410156 0.519531 0.410156 0.515625 0.414062 0.496094 0.414062 0.492188 0.410156 0.488281 0.410156 0.476562 0.398438 0.464844 0.398438 0.460938 0.394531 0.460938 0.390625 0.453125 0.390625 0.449219 0.386719 0.449219 0.378906 0.445312 0.378906 0.441406 0.375000 0.441406 0.367188 0.433594 0.367188 0.433594 0.378906 0.429688 0.382812 0.425781 0.382812 0.421875 0.386719 0.421875 0.390625 0.417969 0.394531 0.414062 0.394531 0.410156 0.398438 0.406250 0.398438 0.394531 0.410156 0.390625 0.410156 0.386719 0.414062 0.351562 0.414062 0.343750 0.406250 0.343750 0.386719 0.347656 0.382812 0.355469 0.382812 0.355469 0.378906 0.359375 0.375000 0.359375 0.371094 0.363281 0.367188 0.371094 0.367188 0.375000 0.363281 0.375000 0.343750 0.359375 0.343750 0.355469 0.339844 0.355469 0.332031 0.347656 0.332031 0.343750 0.328125 0.343750 0.316406 0.339844 0.312500 0.339844 0.285156 0.343750 0.281250 0.355469 0.281250 0.359375 0.277344 0.363281 0.277344 0.363281 0.269531 0.359375 0.269531 0.355469 0.265625 0.347656 0.265625 0.343750 0.261719 0.339844 0.261719 0.335938 0.257812 0.335938 0.250000 0.312500 0.250000 0.304688 0.242188 0.277344 0.242188 0.273438 0.238281 0.257812 0.238281 0.257812 0.300781 0.277344 0.300781 0.281250 0.304688 0.281250 0.328125 0.277344 0.332031 0.277344 0.335938 0.273438 0.339844 0.246094 0.339844 0.242188 0.335938 0.222656 0.335938 0.218750 0.332031 0.218750 0.312500 0.210938 0.312500 0.207031 0.316406 0.191406 0.316406 0.191406 0.332031 0.207031 0.332031 0.210938 0.335938 0.210938 0.351562 0.207031 0.355469 0.175781 0.355469 0.167969 0.347656 0.152344 0.347656 0.148438 0.351562 0.128906 0.351562 0.125000 0.347656 0.125000 0.339844 0.121094 0.335938 0.121094 0.324219 0.101562 0.324219 0.097656 0.320312 0.097656 0.289062 0.101562 0.285156 0.101562 0.246094 0.074219 0.246094 0.074219 0.253906 0.078125 0.257812 0.078125 0.273438 0.074219 0.277344 0.066406 0.277344 0.066406 0.285156 0.062500 0.289062 0.062500 0.296875 0.066406 0.296875 0.070312 0.300781 0.070312 0.320312 0.066406 0.324219 0.058594 0.324219 0.058594 0.332031 0.054688 0.335938 0.050781 0.335938 0.050781 0.382812 0.042969 0.390625 0.042969 0.394531 0.039062 0.398438 0.023438 0.398438 0.019531 0.402344 0.011719 0.402344 0.007812 0.406250 0.000000 0.406250 0.000000 0.464844 0.019531 0.464844 0.023438 0.468750 0.023438 0.472656 0.031250 0.480469 0.031250 0.484375 0.035156 0.488281 0.039062 0.488281 0.042969 0.492188 0.042969 0.496094 0.046875 0.500000 0.046875 0.515625 0.042969 0.519531 0.035156 0.519531 0.031250 0.523438 0.031250 0.531250 0.035156 0.535156 0.039062 0.535156 0.042969 0.539062 0.042969 0.558594 0.039062 0.562500 0.035156 0.562500 0.035156 0.593750 0.031250 0.597656 0.031250 0.605469 0.039062 0.613281 0.039062 0.621094 0.046875 0.621094 0.046875 0.601562 0.042969 0.601562 0.039062 0.597656 0.039062 0.582031 0.042969 0.578125 0.042969 0.562500 0.046875 0.558594 0.054688 0.558594 0.054688 0.554688 0.058594 0.550781 0.078125 0.550781 0.082031 0.554688 0.082031 0.566406 0.085938 0.566406 0.093750 0.574219 0.097656 0.574219 0.101562 0.578125 0.105469 0.578125 0.109375 0.582031 0.109375 0.589844 0.140625 0.589844 0.144531 0.593750 0.144531 0.609375 0.148438 0.609375 0.152344 0.613281 0.152344 0.628906 0.148438 0.632812 0.148438 0.640625 0.152344 0.644531 0.152344 0.648438 0.175781 0.648438 0.179688 0.652344 0.179688 0.664062 0.183594 0.667969 0.183594 0.683594 0.179688 0.687500 0.175781 0.687500 0.175781 0.699219 0.183594 0.699219 0.183594 0.695312 0.187500 0.691406 0.210938 0.691406 0.210938 0.679688 0.199219 0.679688 0.195312 0.675781 0.195312 0.656250 0.199219 0.652344 0.226562 0.652344 0.226562 0.644531 0.230469 0.640625 0.250000 0.640625 0.253906 0.644531 0.277344 0.644531 0.285156 0.652344 0.285156 0.660156 0.289062 0.660156 0.296875 0.667969 0.300781 0.667969 0.308594 0.675781 0.316406 0.675781 0.316406 0.664062 0.320312 0.660156 0.339844 0.660156 0.343750 0.664062 0.343750 0.675781 0.347656 0.679688 0.347656 0.687500 0.375000 0.687500 0.375000 0.679688 0.378906 0.675781 0.390625 0.675781 0.390625 0.671875 0.394531 0.667969 0.394531 0.640625 0.398438 0.636719 0.398438 0.632812 0.402344 0.628906 0.429688 0.628906 0.429688 0.617188 0.417969 0.617188 0.417969 0.625000 0.414062 0.628906 0.398438 0.628906 0.390625 0.621094 0.375000 0.621094 0.375000 0.648438 0.371094 0.652344 0.355469 0.652344 0.351562 0.648438 0.351562 0.613281 0.339844 0.601562 0.339844 0.582031 0.324219 0.582031 0.324219 0.585938 0.320312 0.589844 0.320312 0.617188 0.316406 0.621094 0.289062 0.621094 0.281250 0.613281 0.281250 0.566406 0.285156 0.562500 0.292969 0.562500 0.292969 0.558594 0.296875 0.554688 0.312500 0.554688 0.312500 0.550781 0.316406 0.546875 0.316406 0.531250 0.320312 0.527344 0.335938 0.527344 0.335938 0.503906 0.332031 0.500000 0.320312 0.500000 0.316406 0.496094 0.316406 0.488281 0.312500 0.484375 0.312500 0.453125 0.316406 0.449219 0.324219 0.449219 0.324219 0.445312 0.328125 0.441406 0.335938 0.441406 0.335938 0.433594 0.343750 0.425781 0.351562 0.425781 0.355469 0.421875 0.382812 0.421875 0.386719 0.425781 0.386719 0.429688 0.410156 0.429688 0.414062 0.433594 0.414062 0.437500 0.421875 0.437500 0.425781 0.441406 0.425781 0.445312 0.445312 0.445312 0.449219 0.449219 0.449219 0.464844 0.445312 0.468750 0.445312 0.484375 0.441406 0.488281 0.429688 0.488281 0.429688 0.503906 0.433594 0.507812 0.433594 0.523438 0.429688 0.527344 0.417969 0.527344 0.417969 0.535156 0.414062 0.539062 0.410156 0.539062 0.406250 0.542969 0.406250 0.550781 0.410156 0.554688 0.410156 0.570312 0.406250 0.574219 0.406250 0.582031 0.410156 0.585938 0.410156 0.589844 0.414062 0.593750 0.421875 0.593750 0.421875 0.582031 0.425781 0.578125 0.441406 0.578125 0.449219 0.585938 0.457031 0.585938 0.460938 0.582031 0.476562 0.582031 0.480469 0.585938 0.480469 0.609375 0.476562 0.613281 0.476562 0.640625 0.472656 0.644531 0.472656 0.652344 0.484375 0.652344 0.488281 0.648438 0.507812 0.648438 0.507812 0.640625 0.496094 0.640625 0.492188 0.636719 0.492188 0.617188 0.496094 0.613281 0.539062 0.613281 0.542969 0.617188 0.542969 0.621094 0.550781 0.621094 0.558594 0.628906 0.558594 0.640625 0.562500 0.644531 0.562500 0.648438 0.566406 0.652344 0.566406 0.667969 0.562500 0.671875 0.554688 0.671875 0.554688 0.675781 0.550781 0.679688 0.550781 0.687500 0.554688 0.691406 0.554688 0.695312 0.570312 0.695312 0.574219 0.699219 0.574219 0.703125 0.578125 0.703125 0.582031 0.707031 0.597656 0.707031 0.601562 0.710938 0.605469 0.710938 0.609375 0.714844 0.613281 0.714844 0.617188 0.718750 0.640625 0.718750 0.644531 0.722656 0.652344 0.722656 0.660156 0.714844 0.664062 0.714844 0.664062 0.707031 0.667969 0.703125 0.667969 0.699219 0.675781 0.691406 0.703125 0.691406 0.703125 0.687500 0.707031 0.683594 0.707031 0.675781 0.710938 0.671875 0.726562 0.671875 0.730469 0.667969 0.746094 0.667969 0.750000 0.671875 0.757812 0.671875 0.757812 0.667969 0.761719 0.664062 0.781250 0.664062 0.785156 0.667969 0.785156 0.695312 0.792969 0.695312 0.792969 0.691406 0.796875 0.687500 0.835938 0.687500 0.839844 0.691406 0.847656 0.691406 0.851562 0.695312 0.851562 0.699219 0.863281 0.699219 0.863281 0.683594 0.867188 0.679688 0.867188 0.664062 0.871094 0.660156 0.902344 0.660156 0.906250 0.664062 0.906250 0.671875 0.910156 0.675781 0.910156 0.679688 0.917969 0.679688 0.921875 0.683594 0.921875 0.687500 0.929688 0.687500 0.929688 0.675781 0.933594 0.671875 0.933594 0.609375 0.929688 0.605469 0.929688 0.601562 0.921875 0.601562 0.921875 0.613281 0.917969 0.617188 0.917969 0.644531 0.914062 0.648438 0.882812 0.648438 0.867188 0.632812 0.867188 0.578125 0.863281 0.574219 0.863281 0.554688 0.867188 0.550781 0.886719 0.550781 0.890625 0.554688 0.902344 0.554688 0.902344 0.542969 0.898438 0.539062 0.898438 0.531250 0.871094 0.531250 0.867188 0.527344 0.867188 0.519531 0.843750 0.519531 0.843750 0.562500 0.839844 0.566406 0.839844 0.589844 0.835938 0.593750 0.808594 0.593750 0.804688 0.589844 0.800781 0.589844 0.796875 0.585938 0.796875 0.566406 0.789062 0.566406 0.785156 0.562500 0.785156 0.546875 0.792969 0.539062 0.792969 0.535156 0.796875 0.531250 0.800781 0.531250 0.800781 0.511719 0.804688 0.507812 0.832031 0.507812 0.832031 0.500000 0.835938 0.496094 0.835938 0.484375 0.839844 0.480469 0.839844 0.468750 0.828125 0.468750 0.828125 0.492188 0.824219 0.496094 0.808594 0.496094 0.804688 0.492188 0.804688 0.457031 0.808594 0.453125 0.808594 0.414062 0.804688 0.410156 0.804688 0.394531 0.812500 0.386719 0.812500 0.375000 0.816406 0.371094 0.824219 0.371094 0.828125 0.367188 0.828125 0.355469 0.796875 0.355469 0.792969 0.351562 0.792969 0.347656 0.785156 0.339844 0.765625 0.339844 0.761719 0.335938 0.761719 0.328125 0.750000 0.328125 0.746094 0.324219 0.742188 0.324219 0.738281 0.320312 0.738281 0.312500 0.734375 0.308594 0.714844 0.308594 0.710938 0.304688 0.710938 0.289062 0.703125 0.289062 0.703125 0.312500 0.699219 0.316406 0.691406 0.316406 0.687500 0.320312 0.667969 0.320312 0.664062 0.316406 0.664062 0.308594 0.660156 0.304688 0.640625 0.304688 0.636719 0.300781 0.632812 0.300781 0.625000 0.292969 0.593750 0.292969 0.589844 0.289062 0.589844 0.273438 0.593750 0.269531 0.605469 0.269531 0.605469 0.265625 0.609375 0.261719 0.609375 0.253906 0.613281 0.250000 0.632812 0.250000 0.636719 0.253906 0.648438 0.253906 0.652344 0.257812 0.660156 0.257812 0.660156 0.234375 0.656250 0.234375 0.652344 0.230469 0.652344 0.203125 0.656250 0.199219 0.683594 0.199219 0.683594 0.187500 0.675781 0.187500 0.671875 0.191406 0.652344 0.191406 0.640625 0.179688 0.636719 0.179688 0.632812 0.175781 0.628906 0.175781 0.625000 0.171875 0.625000 0.140625 0.617188 0.140625 0.609375 0.132812 0.609375 0.128906 0.605469 0.128906 0.601562 0.125000 0.578125 0.125000 0.570312 0.117188 0.570312 0.101562 0.558594 0.089844 0.558594 0.070312 0.539062 0.070312 0.535156 0.066406
