5 0.277344 0.933594 0.277344 0.941406 0.273438 0.945312 0.269531 0.945312 0.265625 0.949219 0.261719 0.949219 0.257812 0.953125 0.257812 0.968750 0.261719 0.972656 0.269531 0.972656 0.273438 0.968750 0.296875 0.968750 0.296875 0.957031 0.292969 0.957031 0.289062 0.953125 0.289062 0.945312 0.285156 0.941406 0.285156 0.933594
5 0.171875 0.921875 0.171875 0.929688 0.179688 0.929688 0.179688 0.921875
5 0.132812 0.902344 0.132812 0.914062 0.148438 0.914062 0.148438 0.906250 0.144531 0.906250 0.140625 0.902344
5 0.093750 0.851562 0.093750 0.859375 0.097656 0.863281 0.101562 0.863281 0.109375 0.871094 0.109375 0.878906 0.113281 0.882812 0.128906 0.882812 0.128906 0.867188 0.121094 0.859375 0.117188 0.859375 0.113281 0.855469 0.109375 0.855469 0.105469 0.851562
5 0.562500 0.832031 0.562500 0.839844 0.570312 0.839844 0.570312 0.832031
5 0.347656 0.828125 0.343750 0.832031 0.332031 0.832031 0.332031 0.855469 0.328125 0.859375 0.308594 0.859375 0.304688 0.855469 0.304688 0.835938 0.300781 0.835938 0.296875 0.832031 0.285156 0.832031 0.281250 0.835938 0.281250 0.839844 0.277344 0.843750 0.277344 0.851562 0.273438 0.855469 0.269531 0.855469 0.269531 0.871094 0.273438 0.871094 0.281250 0.878906 0.281250 0.894531 0.277344 0.898438 0.242188 0.898438 0.234375 0.906250 0.222656 0.906250 0.218750 0.910156 0.218750 0.917969 0.214844 0.921875 0.214844 0.929688 0.222656 0.929688 0.226562 0.925781 0.234375 0.925781 0.242188 0.917969 0.246094 0.917969 0.246094 0.914062 0.253906 0.906250 0.281250 0.906250 0.289062 0.914062 0.289062 0.917969 0.300781 0.917969 0.308594 0.910156 0.308594 0.906250 0.312500 0.902344 0.316406 0.902344 0.316406 0.894531 0.324219 0.886719 0.332031 0.886719 0.332031 0.882812 0.335938 0.878906 0.351562 0.878906 0.363281 0.867188 0.363281 0.839844 0.359375 0.839844 0.355469 0.835938 0.355469 0.828125
5 0.062500 0.824219 0.062500 0.832031 0.070312 0.839844 0.070312 0.843750 0.082031 0.843750 0.082031 0.835938 0.078125 0.832031 0.078125 0.824219
5 0.761719 0.820312 0.761719 0.839844 0.769531 0.839844 0.773438 0.843750 0.773438 0.859375 0.777344 0.863281 0.792969 0.863281 0.792969 0.847656 0.796875 0.843750 0.796875 0.824219 0.781250 0.824219 0.777344 0.820312
5 0.640625 0.812500 0.640625 0.816406 0.636719 0.820312 0.617188 0.820312 0.617188 0.824219 0.609375 0.832031 0.609375 0.839844 0.640625 0.839844 0.644531 0.843750 0.644531 0.859375 0.648438 0.863281 0.652344 0.863281 0.656250 0.867188 0.656250 0.886719 0.660156 0.890625 0.667969 0.890625 0.667969 0.882812 0.664062 0.878906 0.664062 0.875000 0.660156 0.875000 0.656250 0.871094 0.656250 0.855469 0.652344 0.851562 0.652344 0.847656 0.648438 0.843750 0.648438 0.812500
5 0.000000 0.785156 0.000000 0.796875 0.003906 0.796875 0.003906 0.785156
5 0.234375 0.769531 0.230469 0.773438 0.230469 0.781250 0.242188 0.781250 0.242188 0.769531
5 0.457031 0.656250 0.457031 0.660156 0.453125 0.664062 0.453125 0.667969 0.449219 0.671875 0.421875 0.671875 0.417969 0.667969 0.410156 0.667969 0.410156 0.675781 0.406250 0.679688 0.402344 0.679688 0.398438 0.683594 0.398438 0.691406 0.402344 0.695312 0.402344 0.714844 0.398438 0.718750 0.355469 0.718750 0.355469 0.722656 0.347656 0.730469 0.328125 0.730469 0.316406 0.718750 0.316406 0.714844 0.300781 0.714844 0.296875 0.718750 0.296875 0.722656 0.292969 0.726562 0.277344 0.726562 0.277344 0.750000 0.273438 0.753906 0.269531 0.753906 0.265625 0.757812 0.257812 0.757812 0.257812 0.765625 0.277344 0.765625 0.277344 0.753906 0.281250 0.750000 0.289062 0.750000 0.292969 0.746094 0.320312 0.746094 0.324219 0.750000 0.324219 0.765625 0.339844 0.765625 0.339844 0.761719 0.343750 0.757812 0.343750 0.753906 0.347656 0.750000 0.359375 0.750000 0.359375 0.746094 0.363281 0.742188 0.378906 0.742188 0.382812 0.746094 0.402344 0.746094 0.402344 0.742188 0.406250 0.738281 0.410156 0.738281 0.410156 0.722656 0.414062 0.718750 0.421875 0.718750 0.421875 0.699219 0.425781 0.695312 0.445312 0.695312 0.445312 0.687500 0.449219 0.683594 0.472656 0.683594 0.472656 0.675781 0.468750 0.671875 0.468750 0.664062 0.464844 0.660156 0.464844 0.656250
5 0.066406 0.625000 0.058594 0.632812 0.058594 0.640625 0.062500 0.644531 0.062500 0.660156 0.070312 0.660156 0.074219 0.656250 0.078125 0.656250 0.078125 0.652344 0.082031 0.648438 0.085938 0.648438 0.085938 0.640625 0.082031 0.636719 0.082031 0.625000
5 0.101562 0.578125 0.101562 0.582031 0.097656 0.585938 0.089844 0.585938 0.085938 0.589844 0.085938 0.613281 0.101562 0.613281 0.105469 0.609375 0.121094 0.609375 0.121094 0.597656 0.125000 0.593750 0.128906 0.593750 0.132812 0.589844 0.132812 0.582031 0.128906 0.582031 0.125000 0.578125
5 0.714844 0.562500 0.714844 0.570312 0.707031 0.578125 0.703125 0.578125 0.699219 0.582031 0.687500 0.582031 0.687500 0.597656 0.683594 0.601562 0.679688 0.601562 0.671875 0.609375 0.671875 0.613281 0.667969 0.617188 0.664062 0.617188 0.664062 0.621094 0.652344 0.632812 0.636719 0.632812 0.636719 0.648438 0.628906 0.656250 0.625000 0.656250 0.621094 0.660156 0.621094 0.671875 0.632812 0.671875 0.636719 0.675781 0.644531 0.675781 0.648438 0.679688 0.648438 0.699219 0.652344 0.703125 0.652344 0.710938 0.671875 0.710938 0.675781 0.714844 0.675781 0.718750 0.687500 0.718750 0.687500 0.714844 0.691406 0.710938 0.695312 0.710938 0.695312 0.707031 0.699219 0.703125 0.726562 0.703125 0.730469 0.707031 0.730469 0.710938 0.738281 0.710938 0.738281 0.707031 0.742188 0.703125 0.750000 0.703125 0.750000 0.691406 0.753906 0.687500 0.757812 0.687500 0.761719 0.683594 0.769531 0.683594 0.769531 0.667969 0.757812 0.667969 0.750000 0.675781 0.707031 0.675781 0.707031 0.687500 0.703125 0.691406 0.664062 0.691406 0.660156 0.687500 0.660156 0.664062 0.664062 0.660156 0.679688 0.660156 0.683594 0.664062 0.683594 0.667969 0.699219 0.667969 0.699219 0.656250 0.695312 0.652344 0.695312 0.621094 0.699219 0.617188 0.703125 0.617188 0.707031 0.613281 0.710938 0.613281 0.710938 0.605469 0.714844 0.601562 0.730469 0.601562 0.734375 0.597656 0.742188 0.597656 0.746094 0.593750 0.750000 0.593750 0.753906 0.589844 0.761719 0.589844 0.765625 0.585938 0.765625 0.578125 0.734375 0.578125 0.730469 0.574219 0.730469 0.562500
5 0.437500 0.468750 0.437500 0.488281 0.441406 0.492188 0.441406 0.496094 0.445312 0.500000 0.445312 0.503906 0.449219 0.507812 0.457031 0.507812 0.472656 0.492188 0.480469 0.492188 0.480469 0.488281 0.484375 0.484375 0.492188 0.484375 0.492188 0.472656 0.453125 0.472656 0.449219 0.468750
5 0.769531 0.355469 0.761719 0.363281 0.757812 0.363281 0.753906 0.367188 0.753906 0.371094 0.750000 0.375000 0.746094 0.375000 0.746094 0.382812 0.750000 0.386719 0.750000 0.390625 0.765625 0.406250 0.765625 0.425781 0.761719 0.429688 0.761719 0.433594 0.757812 0.437500 0.753906 0.437500 0.753906 0.441406 0.750000 0.445312 0.750000 0.464844 0.769531 0.464844 0.773438 0.468750 0.777344 0.468750 0.785156 0.476562 0.785156 0.500000 0.781250 0.503906 0.769531 0.503906 0.769531 0.515625 0.761719 0.523438 0.757812 0.523438 0.757812 0.531250 0.753906 0.535156 0.753906 0.542969 0.757812 0.542969 0.761719 0.546875 0.761719 0.554688 0.769531 0.554688 0.773438 0.558594 0.773438 0.562500 0.792969 0.562500 0.792969 0.554688 0.796875 0.550781 0.812500 0.550781 0.816406 0.554688 0.816406 0.574219 0.847656 0.574219 0.855469 0.582031 0.855469 0.585938 0.867188 0.585938 0.875000 0.578125 0.878906 0.578125 0.894531 0.562500 0.898438 0.562500 0.898438 0.546875 0.894531 0.542969 0.882812 0.542969 0.878906 0.539062 0.867188 0.539062 0.867188 0.554688 0.863281 0.558594 0.839844 0.558594 0.835938 0.554688 0.835938 0.550781 0.832031 0.550781 0.828125 0.546875 0.828125 0.539062 0.812500 0.539062 0.808594 0.535156 0.808594 0.492188 0.812500 0.488281 0.832031 0.488281 0.835938 0.484375 0.835938 0.468750 0.832031 0.468750 0.828125 0.464844 0.828125 0.460938 0.820312 0.460938 0.816406 0.457031 0.816406 0.433594 0.820312 0.429688 0.820312 0.414062 0.816406 0.414062 0.812500 0.410156 0.812500 0.406250 0.808594 0.402344 0.808594 0.367188 0.804688 0.367188 0.800781 0.363281 0.785156 0.363281 0.781250 0.359375 0.781250 0.355469
5 0.203125 0.304688 0.199219 0.308594 0.187500 0.308594 0.183594 0.312500 0.179688 0.312500 0.179688 0.332031 0.183594 0.335938 0.183594 0.339844 0.191406 0.339844 0.195312 0.343750 0.195312 0.359375 0.191406 0.363281 0.191406 0.367188 0.187500 0.371094 0.183594 0.371094 0.183594 0.406250 0.191406 0.406250 0.191406 0.398438 0.195312 0.394531 0.210938 0.394531 0.214844 0.398438 0.214844 0.410156 0.218750 0.414062 0.218750 0.417969 0.222656 0.421875 0.238281 0.421875 0.242188 0.417969 0.242188 0.402344 0.234375 0.394531 0.226562 0.394531 0.222656 0.390625 0.222656 0.386719 0.207031 0.386719 0.203125 0.382812 0.203125 0.367188 0.207031 0.363281 0.210938 0.363281 0.214844 0.359375 0.230469 0.359375 0.230469 0.339844 0.226562 0.335938 0.226562 0.308594 0.214844 0.308594 0.210938 0.304688
5 0.304688 0.289062 0.300781 0.292969 0.292969 0.292969 0.292969 0.296875 0.289062 0.300781 0.289062 0.308594 0.285156 0.312500 0.269531 0.312500 0.265625 0.316406 0.257812 0.316406 0.257812 0.324219 0.253906 0.328125 0.253906 0.339844 0.285156 0.339844 0.289062 0.343750 0.289062 0.355469 0.296875 0.355469 0.300781 0.359375 0.300781 0.367188 0.304688 0.367188 0.308594 0.371094 0.308594 0.402344 0.304688 0.406250 0.296875 0.406250 0.296875 0.414062 0.304688 0.421875 0.304688 0.429688 0.312500 0.429688 0.316406 0.433594 0.316406 0.437500 0.324219 0.445312 0.324219 0.460938 0.320312 0.464844 0.296875 0.464844 0.292969 0.460938 0.292969 0.445312 0.273438 0.445312 0.269531 0.441406 0.261719 0.441406 0.261719 0.445312 0.257812 0.449219 0.253906 0.449219 0.250000 0.453125 0.250000 0.464844 0.246094 0.468750 0.246094 0.472656 0.242188 0.476562 0.242188 0.480469 0.238281 0.484375 0.238281 0.488281 0.234375 0.492188 0.218750 0.492188 0.214844 0.488281 0.214844 0.480469 0.199219 0.480469 0.199219 0.488281 0.203125 0.492188 0.203125 0.496094 0.226562 0.496094 0.230469 0.500000 0.230469 0.511719 0.242188 0.511719 0.246094 0.515625 0.261719 0.515625 0.265625 0.519531 0.277344 0.519531 0.277344 0.511719 0.273438 0.511719 0.269531 0.507812 0.269531 0.484375 0.277344 0.476562 0.328125 0.476562 0.335938 0.468750 0.339844 0.468750 0.343750 0.464844 0.421875 0.464844 0.421875 0.449219 0.414062 0.449219 0.406250 0.441406 0.406250 0.414062 0.402344 0.410156 0.390625 0.410156 0.386719 0.406250 0.386719 0.386719 0.390625 0.382812 0.390625 0.359375 0.386719 0.355469 0.382812 0.355469 0.378906 0.351562 0.378906 0.324219 0.371094 0.324219 0.367188 0.320312 0.367188 0.312500 0.339844 0.312500 0.335938 0.308594 0.335938 0.292969 0.324219 0.292969 0.320312 0.289062
5 0.324219 0.253906 0.324219 0.269531 0.332031 0.269531 0.335938 0.265625 0.335938 0.253906
5 0.441406 0.160156 0.437500 0.164062 0.433594 0.164062 0.429688 0.167969 0.429688 0.175781 0.437500 0.175781 0.445312 0.183594 0.445312 0.195312 0.449219 0.199219 0.468750 0.199219 0.476562 0.191406 0.492188 0.191406 0.496094 0.195312 0.496094 0.199219 0.500000 0.203125 0.500000 0.226562 0.496094 0.230469 0.476562 0.230469 0.472656 0.226562 0.464844 0.226562 0.464844 0.230469 0.460938 0.234375 0.460938 0.242188 0.464844 0.246094 0.464844 0.261719 0.460938 0.265625 0.437500 0.265625 0.437500 0.269531 0.433594 0.273438 0.433594 0.285156 0.453125 0.285156 0.457031 0.289062 0.464844 0.289062 0.468750 0.292969 0.468750 0.300781 0.472656 0.304688 0.472656 0.308594 0.476562 0.312500 0.480469 0.312500 0.488281 0.320312 0.496094 0.320312 0.500000 0.316406 0.503906 0.316406 0.507812 0.312500 0.523438 0.312500 0.527344 0.316406 0.527344 0.335938 0.507812 0.355469 0.507812 0.363281 0.503906 0.367188 0.503906 0.371094 0.500000 0.375000 0.488281 0.375000 0.488281 0.382812 0.480469 0.390625 0.480469 0.406250 0.484375 0.406250 0.488281 0.410156 0.507812 0.410156 0.511719 0.414062 0.511719 0.441406 0.515625 0.441406 0.523438 0.449219 0.523438 0.464844 0.527344 0.468750 0.531250 0.468750 0.535156 0.472656 0.542969 0.472656 0.550781 0.480469 0.550781 0.496094 0.546875 0.500000 0.542969 0.500000 0.542969 0.507812 0.539062 0.511719 0.535156 0.511719 0.535156 0.519531 0.539062 0.523438 0.539062 0.542969 0.535156 0.546875 0.531250 0.546875 0.531250 0.550781 0.527344 0.554688 0.527344 0.562500 0.539062 0.562500 0.542969 0.566406 0.542969 0.570312 0.546875 0.570312 0.550781 0.574219 0.550781 0.605469 0.546875 0.609375 0.484375 0.609375 0.476562 0.601562 0.476562 0.597656 0.472656 0.597656 0.468750 0.593750 0.468750 0.570312 0.472656 0.566406 0.480469 0.566406 0.480469 0.562500 0.488281 0.554688 0.488281 0.546875 0.480469 0.539062 0.468750 0.539062 0.468750 0.542969 0.464844 0.546875 0.460938 0.546875 0.457031 0.550781 0.441406 0.550781 0.437500 0.546875 0.437500 0.542969 0.433594 0.539062 0.433594 0.535156 0.421875 0.535156 0.417969 0.531250 0.417969 0.527344 0.378906 0.527344 0.375000 0.523438 0.367188 0.523438 0.359375 0.531250 0.335938 0.531250 0.332031 0.535156 0.324219 0.535156 0.324219 0.558594 0.320312 0.562500 0.320312 0.570312 0.316406 0.574219 0.312500 0.574219 0.308594 0.578125 0.308594 0.582031 0.304688 0.585938 0.281250 0.585938 0.277344 0.582031 0.257812 0.582031 0.253906 0.578125 0.253906 0.574219 0.246094 0.574219 0.242188 0.570312 0.242188 0.562500 0.234375 0.562500 0.218750 0.578125 0.199219 0.578125 0.195312 0.582031 0.171875 0.582031 0.167969 0.585938 0.167969 0.589844 0.160156 0.597656 0.160156 0.601562 0.156250 0.605469 0.156250 0.609375 0.148438 0.617188 0.148438 0.621094 0.144531 0.625000 0.144531 0.628906 0.140625 0.632812 0.136719 0.632812 0.132812 0.636719 0.128906 0.636719 0.125000 0.640625 0.117188 0.640625 0.117188 0.656250 0.113281 0.660156 0.109375 0.660156 0.109375 0.667969 0.121094 0.667969 0.121094 0.664062 0.125000 0.660156 0.140625 0.660156 0.140625 0.656250 0.144531 0.652344 0.148438 0.652344 0.148438 0.640625 0.152344 0.636719 0.156250 0.636719 0.160156 0.632812 0.167969 0.632812 0.171875 0.628906 0.191406 0.628906 0.199219 0.636719 0.199219 0.644531 0.203125 0.648438 0.230469 0.648438 0.238281 0.640625 0.250000 0.640625 0.250000 0.621094 0.253906 0.617188 0.269531 0.617188 0.269531 0.613281 0.273438 0.609375 0.289062 0.609375 0.292969 0.613281 0.292969 0.628906 0.289062 0.632812 0.289062 0.636719 0.285156 0.640625 0.285156 0.656250 0.289062 0.656250 0.292969 0.660156 0.304688 0.660156 0.312500 0.652344 0.312500 0.648438 0.320312 0.640625 0.320312 0.636719 0.324219 0.632812 0.347656 0.632812 0.347656 0.628906 0.351562 0.625000 0.375000 0.625000 0.375000 0.609375 0.378906 0.605469 0.378906 0.578125 0.382812 0.574219 0.386719 0.574219 0.386719 0.562500 0.390625 0.558594 0.417969 0.558594 0.421875 0.562500 0.421875 0.578125 0.417969 0.582031 0.414062 0.582031 0.414062 0.593750 0.417969 0.593750 0.421875 0.597656 0.425781 0.597656 0.429688 0.601562 0.429688 0.628906 0.433594 0.628906 0.437500 0.632812 0.449219 0.632812 0.453125 0.628906 0.496094 0.628906 0.503906 0.636719 0.503906 0.644531 0.507812 0.644531 0.515625 0.652344 0.515625 0.660156 0.519531 0.660156 0.527344 0.667969 0.527344 0.691406 0.523438 0.695312 0.515625 0.695312 0.511719 0.699219 0.484375 0.699219 0.484375 0.703125 0.480469 0.707031 0.449219 0.707031 0.449219 0.722656 0.457031 0.722656 0.460938 0.718750 0.484375 0.718750 0.488281 0.714844 0.507812 0.714844 0.511719 0.718750 0.511719 0.742188 0.507812 0.746094 0.507812 0.761719 0.515625 0.769531 0.531250 0.769531 0.531250 0.761719 0.527344 0.757812 0.527344 0.726562 0.531250 0.722656 0.531250 0.718750 0.539062 0.710938 0.539062 0.699219 0.542969 0.695312 0.542969 0.691406 0.546875 0.687500 0.550781 0.687500 0.550781 0.679688 0.554688 0.675781 0.554688 0.667969 0.558594 0.664062 0.558594 0.628906 0.574219 0.613281 0.574219 0.609375 0.578125 0.605469 0.578125 0.597656 0.582031 0.593750 0.582031 0.570312 0.585938 0.566406 0.585938 0.562500 0.589844 0.558594 0.589844 0.554688 0.593750 0.550781 0.593750 0.546875 0.597656 0.542969 0.597656 0.539062 0.601562 0.535156 0.625000 0.535156 0.628906 0.531250 0.648438 0.531250 0.652344 0.535156 0.679688 0.535156 0.679688 0.531250 0.683594 0.527344 0.687500 0.527344 0.687500 0.511719 0.691406 0.507812 0.699219 0.507812 0.703125 0.503906 0.703125 0.500000 0.710938 0.492188 0.714844 0.492188 0.714844 0.480469 0.710938 0.476562 0.710938 0.460938 0.714844 0.457031 0.714844 0.433594 0.718750 0.429688 0.722656 0.429688 0.722656 0.421875 0.726562 0.417969 0.726562 0.402344 0.718750 0.402344 0.718750 0.410156 0.714844 0.414062 0.710938 0.414062 0.710938 0.417969 0.703125 0.425781 0.703125 0.429688 0.699219 0.433594 0.691406 0.433594 0.687500 0.437500 0.679688 0.437500 0.675781 0.441406 0.675781 0.445312 0.671875 0.449219 0.667969 0.449219 0.664062 0.453125 0.652344 0.453125 0.648438 0.457031 0.628906 0.457031 0.625000 0.453125 0.617188 0.453125 0.613281 0.457031 0.597656 0.457031 0.585938 0.445312 0.585938 0.414062 0.582031 0.410156 0.582031 0.390625 0.585938 0.386719 0.589844 0.386719 0.589844 0.343750 0.593750 0.339844 0.597656 0.339844 0.605469 0.332031 0.613281 0.332031 0.617188 0.328125 0.625000 0.328125 0.625000 0.308594 0.628906 0.304688 0.656250 0.304688 0.656250 0.300781 0.664062 0.292969 0.671875 0.292969 0.675781 0.289062 0.675781 0.281250 0.671875 0.277344 0.671875 0.246094 0.667969 0.242188 0.652344 0.242188 0.648438 0.246094 0.648438 0.250000 0.644531 0.253906 0.628906 0.253906 0.621094 0.246094 0.613281 0.246094 0.613281 0.250000 0.609375 0.253906 0.609375 0.273438 0.617188 0.273438 0.621094 0.277344 0.621094 0.308594 0.617188 0.312500 0.601562 0.312500 0.597656 0.308594 0.585938 0.308594 0.582031 0.304688 0.582031 0.289062 0.550781 0.289062 0.546875 0.285156 0.546875 0.257812 0.542969 0.257812 0.539062 0.253906 0.535156 0.253906 0.531250 0.250000 0.531250 0.222656 0.523438 0.222656 0.519531 0.218750 0.519531 0.214844 0.511719 0.214844 0.507812 0.210938 0.507812 0.191406 0.503906 0.187500 0.503906 0.175781 0.496094 0.175781 0.496094 0.179688 0.492188 0.183594 0.464844 0.183594 0.460938 0.179688 0.460938 0.164062 0.457031 0.164062 0.453125 0.160156
5 0.613281 0.042969 0.613281 0.074219 0.617188 0.078125 0.617188 0.082031 0.621094 0.082031 0.625000 0.085938 0.636719 0.085938 0.636719 0.082031 0.640625 0.078125 0.644531 0.078125 0.644531 0.066406 0.640625 0.062500 0.640625 0.042969
