5 0.789062 0.863281 0.785156 0.867188 0.777344 0.867188 0.777344 0.875000 0.781250 0.875000 0.785156 0.878906 0.785156 0.906250 0.781250 0.910156 0.781250 0.914062 0.777344 0.917969 0.773438 0.917969 0.773438 0.925781 0.777344 0.925781 0.781250 0.929688 0.781250 0.933594 0.792969 0.933594 0.796875 0.929688 0.820312 0.929688 0.820312 0.917969 0.816406 0.914062 0.812500 0.914062 0.804688 0.906250 0.804688 0.886719 0.812500 0.878906 0.816406 0.878906 0.816406 0.867188 0.800781 0.867188 0.796875 0.863281
5 0.652344 0.812500 0.652344 0.816406 0.648438 0.820312 0.648438 0.832031 0.687500 0.832031 0.687500 0.824219 0.664062 0.824219 0.660156 0.820312 0.660156 0.812500
5 0.378906 0.785156 0.378906 0.796875 0.386719 0.796875 0.386719 0.785156
5 0.187500 0.773438 0.179688 0.781250 0.179688 0.804688 0.183594 0.804688 0.187500 0.808594 0.187500 0.812500 0.191406 0.812500 0.195312 0.816406 0.199219 0.816406 0.203125 0.820312 0.203125 0.835938 0.222656 0.835938 0.226562 0.832031 0.242188 0.832031 0.246094 0.835938 0.246094 0.847656 0.250000 0.847656 0.253906 0.851562 0.253906 0.855469 0.261719 0.863281 0.261719 0.871094 0.265625 0.871094 0.273438 0.878906 0.273438 0.898438 0.277344 0.902344 0.277344 0.906250 0.285156 0.906250 0.289062 0.902344 0.296875 0.902344 0.300781 0.898438 0.308594 0.898438 0.312500 0.894531 0.320312 0.894531 0.328125 0.886719 0.332031 0.886719 0.343750 0.875000 0.343750 0.871094 0.367188 0.847656 0.367188 0.843750 0.375000 0.835938 0.375000 0.812500 0.367188 0.812500 0.355469 0.824219 0.347656 0.824219 0.343750 0.828125 0.343750 0.832031 0.339844 0.835938 0.339844 0.839844 0.335938 0.843750 0.320312 0.843750 0.316406 0.839844 0.316406 0.835938 0.304688 0.835938 0.300781 0.839844 0.285156 0.839844 0.281250 0.835938 0.277344 0.835938 0.273438 0.832031 0.273438 0.828125 0.261719 0.828125 0.257812 0.824219 0.257812 0.804688 0.261719 0.800781 0.265625 0.800781 0.265625 0.785156 0.257812 0.777344 0.250000 0.777344 0.246094 0.781250 0.230469 0.781250 0.226562 0.785156 0.207031 0.785156 0.195312 0.773438
5 0.945312 0.679688 0.945312 0.687500 0.937500 0.695312 0.933594 0.695312 0.933594 0.703125 0.941406 0.703125 0.945312 0.707031 0.945312 0.746094 0.941406 0.750000 0.937500 0.750000 0.929688 0.757812 0.929688 0.765625 0.937500 0.765625 0.945312 0.757812 0.945312 0.738281 0.949219 0.734375 0.957031 0.734375 0.957031 0.730469 0.960938 0.726562 0.960938 0.718750 0.957031 0.714844 0.957031 0.699219 0.953125 0.695312 0.953125 0.679688
5 0.593750 0.652344 0.593750 0.664062 0.589844 0.667969 0.585938 0.667969 0.585938 0.671875 0.582031 0.675781 0.539062 0.675781 0.535156 0.671875 0.535156 0.667969 0.523438 0.667969 0.523438 0.683594 0.515625 0.691406 0.507812 0.691406 0.507812 0.714844 0.511719 0.714844 0.515625 0.718750 0.570312 0.718750 0.574219 0.722656 0.585938 0.722656 0.589844 0.726562 0.605469 0.726562 0.609375 0.730469 0.609375 0.753906 0.605469 0.757812 0.574219 0.757812 0.570312 0.753906 0.562500 0.753906 0.562500 0.757812 0.558594 0.761719 0.558594 0.769531 0.554688 0.773438 0.546875 0.773438 0.546875 0.781250 0.554688 0.781250 0.554688 0.777344 0.558594 0.773438 0.566406 0.773438 0.570312 0.769531 0.597656 0.769531 0.601562 0.765625 0.613281 0.765625 0.617188 0.761719 0.648438 0.761719 0.652344 0.765625 0.660156 0.765625 0.664062 0.769531 0.664062 0.781250 0.667969 0.785156 0.667969 0.789062 0.671875 0.792969 0.671875 0.800781 0.707031 0.800781 0.710938 0.796875 0.710938 0.789062 0.718750 0.781250 0.734375 0.781250 0.738281 0.785156 0.757812 0.785156 0.757812 0.773438 0.761719 0.769531 0.789062 0.769531 0.792969 0.773438 0.792969 0.781250 0.796875 0.781250 0.800781 0.785156 0.800781 0.792969 0.832031 0.792969 0.835938 0.796875 0.835938 0.816406 0.832031 0.820312 0.820312 0.820312 0.820312 0.824219 0.816406 0.828125 0.812500 0.828125 0.808594 0.832031 0.804688 0.832031 0.804688 0.839844 0.808594 0.843750 0.816406 0.843750 0.820312 0.847656 0.828125 0.847656 0.832031 0.843750 0.832031 0.832031 0.835938 0.828125 0.835938 0.820312 0.839844 0.816406 0.859375 0.816406 0.859375 0.808594 0.855469 0.804688 0.855469 0.792969 0.851562 0.789062 0.847656 0.789062 0.839844 0.781250 0.824219 0.781250 0.820312 0.777344 0.820312 0.757812 0.816406 0.757812 0.812500 0.753906 0.792969 0.753906 0.789062 0.750000 0.777344 0.750000 0.777344 0.765625 0.773438 0.769531 0.757812 0.769531 0.750000 0.761719 0.750000 0.746094 0.753906 0.742188 0.765625 0.742188 0.765625 0.730469 0.757812 0.730469 0.757812 0.734375 0.753906 0.738281 0.738281 0.738281 0.734375 0.734375 0.734375 0.695312 0.738281 0.691406 0.750000 0.691406 0.750000 0.679688 0.730469 0.679688 0.726562 0.675781 0.722656 0.675781 0.718750 0.671875 0.718750 0.667969 0.687500 0.667969 0.683594 0.664062 0.675781 0.664062 0.671875 0.660156 0.664062 0.660156 0.664062 0.667969 0.660156 0.671875 0.617188 0.671875 0.613281 0.667969 0.613281 0.660156 0.605469 0.660156 0.601562 0.656250 0.601562 0.652344
5 0.273438 0.652344 0.273438 0.660156 0.281250 0.660156 0.281250 0.652344
5 0.875000 0.640625 0.875000 0.648438 0.878906 0.652344 0.886719 0.652344 0.886719 0.640625
5 0.859375 0.621094 0.859375 0.636719 0.867188 0.636719 0.867188 0.621094
5 0.386719 0.613281 0.386719 0.632812 0.382812 0.636719 0.375000 0.636719 0.371094 0.640625 0.371094 0.679688 0.375000 0.683594 0.382812 0.683594 0.386719 0.687500 0.394531 0.687500 0.398438 0.683594 0.410156 0.683594 0.414062 0.679688 0.441406 0.679688 0.445312 0.683594 0.445312 0.691406 0.453125 0.691406 0.453125 0.683594 0.457031 0.679688 0.468750 0.679688 0.468750 0.667969 0.464844 0.664062 0.449219 0.664062 0.441406 0.656250 0.437500 0.656250 0.433594 0.652344 0.433594 0.644531 0.429688 0.640625 0.429688 0.636719 0.425781 0.636719 0.421875 0.632812 0.406250 0.632812 0.402344 0.628906 0.402344 0.625000 0.398438 0.621094 0.398438 0.613281
5 0.242188 0.578125 0.242188 0.593750 0.246094 0.597656 0.246094 0.613281 0.238281 0.621094 0.226562 0.621094 0.222656 0.625000 0.222656 0.640625 0.218750 0.644531 0.214844 0.644531 0.210938 0.648438 0.203125 0.648438 0.203125 0.652344 0.199219 0.656250 0.199219 0.671875 0.207031 0.671875 0.210938 0.675781 0.210938 0.687500 0.214844 0.687500 0.218750 0.691406 0.218750 0.710938 0.214844 0.714844 0.199219 0.714844 0.199219 0.730469 0.214844 0.730469 0.214844 0.726562 0.218750 0.722656 0.222656 0.722656 0.226562 0.718750 0.226562 0.714844 0.230469 0.710938 0.230469 0.703125 0.226562 0.699219 0.226562 0.679688 0.230469 0.675781 0.250000 0.675781 0.250000 0.660156 0.246094 0.656250 0.246094 0.636719 0.250000 0.632812 0.250000 0.628906 0.253906 0.625000 0.269531 0.625000 0.273438 0.628906 0.285156 0.628906 0.289062 0.625000 0.289062 0.617188 0.292969 0.613281 0.292969 0.589844 0.289062 0.589844 0.285156 0.585938 0.285156 0.582031 0.257812 0.582031 0.253906 0.578125
5 0.417969 0.574219 0.417969 0.585938 0.421875 0.589844 0.425781 0.589844 0.433594 0.597656 0.433594 0.609375 0.445312 0.609375 0.445312 0.582031 0.441406 0.582031 0.437500 0.578125 0.429688 0.578125 0.425781 0.574219
5 0.898438 0.558594 0.898438 0.574219 0.902344 0.574219 0.906250 0.578125 0.914062 0.578125 0.917969 0.574219 0.921875 0.574219 0.921875 0.566406 0.917969 0.562500 0.917969 0.558594
5 0.230469 0.468750 0.230469 0.476562 0.238281 0.476562 0.238281 0.468750
5 0.148438 0.421875 0.148438 0.429688 0.171875 0.429688 0.175781 0.433594 0.179688 0.433594 0.183594 0.437500 0.183594 0.464844 0.179688 0.468750 0.171875 0.468750 0.171875 0.480469 0.179688 0.480469 0.183594 0.476562 0.183594 0.468750 0.187500 0.464844 0.195312 0.464844 0.199219 0.460938 0.199219 0.449219 0.191406 0.441406 0.191406 0.433594 0.187500 0.429688 0.187500 0.421875
5 0.246094 0.394531 0.246094 0.402344 0.242188 0.406250 0.242188 0.414062 0.246094 0.417969 0.246094 0.429688 0.257812 0.429688 0.261719 0.433594 0.261719 0.445312 0.265625 0.445312 0.269531 0.449219 0.269531 0.453125 0.273438 0.453125 0.277344 0.457031 0.277344 0.460938 0.285156 0.460938 0.289062 0.464844 0.289062 0.484375 0.304688 0.484375 0.312500 0.492188 0.312500 0.531250 0.320312 0.531250 0.332031 0.519531 0.375000 0.519531 0.378906 0.523438 0.378906 0.531250 0.382812 0.535156 0.417969 0.535156 0.421875 0.539062 0.421875 0.550781 0.429688 0.550781 0.429688 0.531250 0.433594 0.527344 0.460938 0.527344 0.464844 0.531250 0.464844 0.542969 0.472656 0.542969 0.476562 0.546875 0.492188 0.546875 0.492188 0.542969 0.496094 0.539062 0.515625 0.539062 0.519531 0.542969 0.519531 0.546875 0.523438 0.546875 0.527344 0.550781 0.554688 0.550781 0.566406 0.562500 0.578125 0.562500 0.582031 0.558594 0.589844 0.558594 0.593750 0.554688 0.593750 0.542969 0.597656 0.539062 0.597656 0.531250 0.574219 0.531250 0.570312 0.527344 0.570312 0.523438 0.562500 0.523438 0.558594 0.519531 0.554688 0.519531 0.550781 0.515625 0.546875 0.515625 0.542969 0.511719 0.539062 0.511719 0.535156 0.507812 0.535156 0.496094 0.531250 0.496094 0.527344 0.492188 0.511719 0.492188 0.507812 0.496094 0.503906 0.496094 0.503906 0.503906 0.496094 0.511719 0.476562 0.511719 0.472656 0.507812 0.472656 0.503906 0.460938 0.503906 0.457031 0.500000 0.457031 0.488281 0.449219 0.480469 0.441406 0.480469 0.437500 0.476562 0.437500 0.464844 0.433594 0.460938 0.433594 0.457031 0.421875 0.457031 0.417969 0.453125 0.417969 0.449219 0.414062 0.449219 0.410156 0.445312 0.394531 0.445312 0.390625 0.449219 0.375000 0.449219 0.371094 0.445312 0.371094 0.437500 0.339844 0.437500 0.335938 0.433594 0.320312 0.433594 0.316406 0.429688 0.316406 0.410156 0.312500 0.406250 0.296875 0.406250 0.292969 0.402344 0.285156 0.402344 0.281250 0.398438 0.281250 0.394531
5 0.796875 0.390625 0.789062 0.398438 0.789062 0.406250 0.785156 0.410156 0.781250 0.410156 0.781250 0.437500 0.777344 0.441406 0.777344 0.476562 0.792969 0.476562 0.792969 0.472656 0.796875 0.468750 0.812500 0.468750 0.816406 0.472656 0.816406 0.496094 0.824219 0.496094 0.828125 0.500000 0.835938 0.500000 0.839844 0.496094 0.839844 0.472656 0.843750 0.468750 0.843750 0.460938 0.835938 0.460938 0.832031 0.457031 0.832031 0.429688 0.824219 0.421875 0.824219 0.417969 0.812500 0.417969 0.808594 0.414062 0.808594 0.390625
5 0.425781 0.390625 0.421875 0.394531 0.421875 0.402344 0.429688 0.402344 0.433594 0.398438 0.433594 0.390625
5 0.738281 0.363281 0.738281 0.375000 0.734375 0.378906 0.730469 0.378906 0.730469 0.394531 0.726562 0.398438 0.726562 0.406250 0.722656 0.410156 0.718750 0.410156 0.718750 0.417969 0.714844 0.421875 0.699219 0.421875 0.691406 0.414062 0.691406 0.410156 0.687500 0.410156 0.683594 0.406250 0.675781 0.406250 0.671875 0.402344 0.671875 0.398438 0.667969 0.398438 0.664062 0.394531 0.664062 0.390625 0.656250 0.390625 0.656250 0.394531 0.652344 0.398438 0.640625 0.398438 0.636719 0.402344 0.636719 0.414062 0.640625 0.417969 0.640625 0.425781 0.648438 0.425781 0.652344 0.429688 0.652344 0.433594 0.656250 0.437500 0.660156 0.437500 0.664062 0.441406 0.664062 0.468750 0.660156 0.472656 0.660156 0.476562 0.652344 0.484375 0.648438 0.484375 0.644531 0.488281 0.640625 0.488281 0.636719 0.492188 0.625000 0.492188 0.617188 0.500000 0.617188 0.507812 0.613281 0.511719 0.613281 0.527344 0.617188 0.527344 0.621094 0.531250 0.656250 0.531250 0.660156 0.535156 0.660156 0.546875 0.664062 0.550781 0.664062 0.558594 0.703125 0.558594 0.707031 0.562500 0.718750 0.562500 0.722656 0.566406 0.742188 0.566406 0.746094 0.570312 0.746094 0.585938 0.742188 0.589844 0.742188 0.597656 0.753906 0.597656 0.757812 0.601562 0.757812 0.617188 0.750000 0.625000 0.750000 0.632812 0.753906 0.632812 0.757812 0.636719 0.757812 0.644531 0.761719 0.644531 0.765625 0.648438 0.769531 0.648438 0.777344 0.656250 0.789062 0.656250 0.789062 0.652344 0.792969 0.648438 0.812500 0.648438 0.820312 0.656250 0.828125 0.656250 0.828125 0.644531 0.832031 0.640625 0.832031 0.601562 0.835938 0.597656 0.835938 0.593750 0.839844 0.589844 0.863281 0.589844 0.863281 0.578125 0.851562 0.578125 0.847656 0.574219 0.847656 0.566406 0.832031 0.566406 0.828125 0.562500 0.828125 0.554688 0.820312 0.554688 0.816406 0.550781 0.808594 0.550781 0.804688 0.546875 0.804688 0.542969 0.792969 0.542969 0.789062 0.546875 0.781250 0.546875 0.777344 0.550781 0.734375 0.550781 0.730469 0.546875 0.718750 0.546875 0.714844 0.542969 0.695312 0.542969 0.691406 0.539062 0.691406 0.535156 0.687500 0.535156 0.683594 0.531250 0.683594 0.515625 0.687500 0.511719 0.695312 0.511719 0.699219 0.507812 0.699219 0.503906 0.703125 0.500000 0.707031 0.500000 0.707031 0.496094 0.710938 0.492188 0.710938 0.480469 0.714844 0.476562 0.718750 0.476562 0.718750 0.468750 0.722656 0.464844 0.722656 0.457031 0.730469 0.449219 0.730469 0.437500 0.734375 0.433594 0.750000 0.433594 0.750000 0.425781 0.753906 0.421875 0.757812 0.421875 0.757812 0.414062 0.753906 0.410156 0.753906 0.394531 0.757812 0.390625 0.765625 0.390625 0.765625 0.378906 0.769531 0.375000 0.769531 0.367188 0.765625 0.367188 0.761719 0.363281
5 0.707031 0.296875 0.703125 0.300781 0.703125 0.312500 0.707031 0.316406 0.707031 0.320312 0.710938 0.324219 0.710938 0.347656 0.707031 0.351562 0.699219 0.351562 0.695312 0.355469 0.687500 0.355469 0.683594 0.359375 0.683594 0.367188 0.695312 0.367188 0.699219 0.363281 0.703125 0.363281 0.710938 0.355469 0.730469 0.355469 0.730469 0.332031 0.734375 0.328125 0.746094 0.328125 0.746094 0.320312 0.738281 0.312500 0.734375 0.312500 0.722656 0.300781 0.718750 0.300781 0.714844 0.296875
5 0.496094 0.281250 0.496094 0.289062 0.503906 0.289062 0.503906 0.281250
5 0.628906 0.261719 0.628906 0.269531 0.636719 0.269531 0.636719 0.261719
5 0.175781 0.261719 0.175781 0.296875 0.179688 0.300781 0.179688 0.304688 0.183594 0.308594 0.183594 0.316406 0.187500 0.320312 0.195312 0.320312 0.199219 0.324219 0.218750 0.324219 0.226562 0.316406 0.250000 0.316406 0.250000 0.304688 0.242188 0.304688 0.238281 0.308594 0.218750 0.308594 0.214844 0.304688 0.207031 0.304688 0.203125 0.300781 0.203125 0.292969 0.199219 0.292969 0.195312 0.289062 0.195312 0.277344 0.187500 0.277344 0.183594 0.273438 0.183594 0.261719
5 0.535156 0.250000 0.535156 0.257812 0.550781 0.257812 0.554688 0.261719 0.554688 0.281250 0.550781 0.285156 0.539062 0.285156 0.535156 0.289062 0.531250 0.289062 0.531250 0.296875 0.542969 0.296875 0.546875 0.300781 0.546875 0.324219 0.554688 0.324219 0.558594 0.320312 0.578125 0.320312 0.585938 0.328125 0.585938 0.343750 0.578125 0.351562 0.554688 0.351562 0.554688 0.355469 0.546875 0.363281 0.531250 0.363281 0.531250 0.375000 0.535156 0.375000 0.542969 0.382812 0.558594 0.382812 0.562500 0.378906 0.578125 0.378906 0.582031 0.382812 0.589844 0.382812 0.593750 0.378906 0.593750 0.363281 0.597656 0.359375 0.601562 0.359375 0.605469 0.355469 0.609375 0.355469 0.609375 0.347656 0.605469 0.343750 0.605469 0.324219 0.609375 0.320312 0.617188 0.320312 0.617188 0.312500 0.613281 0.312500 0.605469 0.304688 0.605469 0.292969 0.593750 0.292969 0.589844 0.296875 0.574219 0.296875 0.570312 0.292969 0.570312 0.285156 0.562500 0.277344 0.562500 0.257812 0.546875 0.257812 0.542969 0.253906 0.542969 0.250000
5 0.500000 0.175781 0.496094 0.179688 0.472656 0.179688 0.472656 0.183594 0.468750 0.187500 0.453125 0.187500 0.449219 0.191406 0.449219 0.195312 0.445312 0.199219 0.421875 0.199219 0.421875 0.218750 0.417969 0.222656 0.414062 0.222656 0.414062 0.230469 0.410156 0.234375 0.410156 0.242188 0.402344 0.250000 0.382812 0.250000 0.382812 0.269531 0.378906 0.273438 0.371094 0.273438 0.371094 0.281250 0.378906 0.281250 0.382812 0.277344 0.398438 0.277344 0.402344 0.281250 0.402344 0.300781 0.398438 0.304688 0.382812 0.304688 0.375000 0.312500 0.367188 0.312500 0.363281 0.316406 0.351562 0.316406 0.351562 0.324219 0.347656 0.328125 0.332031 0.328125 0.324219 0.320312 0.320312 0.320312 0.316406 0.316406 0.304688 0.316406 0.300781 0.312500 0.300781 0.308594 0.296875 0.304688 0.296875 0.300781 0.289062 0.300781 0.285156 0.304688 0.277344 0.304688 0.277344 0.332031 0.304688 0.332031 0.308594 0.335938 0.308594 0.359375 0.328125 0.359375 0.328125 0.355469 0.332031 0.351562 0.355469 0.351562 0.359375 0.347656 0.378906 0.347656 0.386719 0.355469 0.398438 0.355469 0.410156 0.367188 0.410156 0.371094 0.417969 0.371094 0.421875 0.367188 0.429688 0.367188 0.429688 0.363281 0.433594 0.359375 0.441406 0.359375 0.441406 0.355469 0.445312 0.351562 0.445312 0.347656 0.449219 0.343750 0.457031 0.343750 0.457031 0.332031 0.449219 0.324219 0.449219 0.296875 0.453125 0.292969 0.453125 0.285156 0.457031 0.281250 0.464844 0.281250 0.468750 0.277344 0.468750 0.261719 0.472656 0.257812 0.476562 0.257812 0.476562 0.234375 0.480469 0.230469 0.484375 0.230469 0.484375 0.218750 0.488281 0.214844 0.503906 0.214844 0.507812 0.210938 0.507812 0.175781
