5 0.636719 0.812500 0.636719 0.828125 0.644531 0.835938 0.664062 0.835938 0.667969 0.839844 0.667969 0.867188 0.679688 0.867188 0.679688 0.843750 0.671875 0.843750 0.667969 0.839844 0.667969 0.824219 0.671875 0.820312 0.675781 0.820312 0.675781 0.812500
5 0.156250 0.781250 0.156250 0.792969 0.160156 0.796875 0.167969 0.796875 0.167969 0.785156 0.164062 0.781250
5 0.609375 0.773438 0.609375 0.781250 0.613281 0.785156 0.621094 0.785156 0.621094 0.777344 0.617188 0.773438
5 0.335938 0.757812 0.335938 0.773438 0.324219 0.785156 0.324219 0.800781 0.332031 0.800781 0.332031 0.796875 0.335938 0.792969 0.339844 0.792969 0.343750 0.789062 0.351562 0.789062 0.355469 0.785156 0.355469 0.777344 0.351562 0.773438 0.351562 0.769531 0.347656 0.765625 0.347656 0.757812
5 0.132812 0.750000 0.132812 0.757812 0.140625 0.757812 0.140625 0.750000
5 0.074219 0.734375 0.074219 0.750000 0.082031 0.750000 0.082031 0.734375
5 0.167969 0.699219 0.167969 0.718750 0.164062 0.722656 0.156250 0.722656 0.156250 0.742188 0.164062 0.742188 0.171875 0.750000 0.183594 0.750000 0.187500 0.746094 0.187500 0.726562 0.183594 0.722656 0.183594 0.699219
5 0.371094 0.679688 0.367188 0.683594 0.363281 0.683594 0.363281 0.691406 0.359375 0.695312 0.359375 0.699219 0.355469 0.703125 0.355469 0.746094 0.375000 0.746094 0.382812 0.753906 0.382812 0.757812 0.394531 0.769531 0.417969 0.769531 0.421875 0.773438 0.421875 0.781250 0.429688 0.781250 0.437500 0.789062 0.437500 0.808594 0.433594 0.812500 0.433594 0.820312 0.437500 0.824219 0.437500 0.835938 0.445312 0.835938 0.449219 0.839844 0.449219 0.843750 0.453125 0.847656 0.480469 0.847656 0.484375 0.851562 0.484375 0.863281 0.492188 0.863281 0.496094 0.859375 0.496094 0.820312 0.492188 0.816406 0.492188 0.800781 0.496094 0.796875 0.496094 0.781250 0.500000 0.777344 0.500000 0.773438 0.503906 0.769531 0.503906 0.757812 0.500000 0.753906 0.484375 0.753906 0.480469 0.757812 0.464844 0.757812 0.460938 0.753906 0.460938 0.734375 0.441406 0.734375 0.437500 0.730469 0.437500 0.714844 0.433594 0.710938 0.433594 0.699219 0.429688 0.699219 0.425781 0.695312 0.410156 0.695312 0.406250 0.691406 0.406250 0.679688
5 0.683594 0.667969 0.683594 0.683594 0.679688 0.687500 0.664062 0.687500 0.660156 0.683594 0.648438 0.683594 0.648438 0.703125 0.652344 0.707031 0.652344 0.714844 0.671875 0.714844 0.675781 0.718750 0.675781 0.742188 0.671875 0.746094 0.671875 0.757812 0.667969 0.761719 0.660156 0.761719 0.660156 0.769531 0.687500 0.769531 0.691406 0.773438 0.691406 0.781250 0.699219 0.781250 0.703125 0.777344 0.707031 0.777344 0.707031 0.769531 0.703125 0.769531 0.699219 0.765625 0.699219 0.761719 0.687500 0.761719 0.683594 0.757812 0.683594 0.730469 0.687500 0.726562 0.691406 0.726562 0.691406 0.703125 0.695312 0.699219 0.695312 0.695312 0.699219 0.691406 0.699219 0.683594 0.695312 0.679688 0.695312 0.675781 0.691406 0.671875 0.691406 0.667969
5 0.406250 0.644531 0.406250 0.656250 0.417969 0.656250 0.417969 0.644531
5 0.164062 0.625000 0.164062 0.632812 0.171875 0.632812 0.171875 0.625000
5 0.062500 0.578125 0.054688 0.585938 0.050781 0.585938 0.050781 0.617188 0.074219 0.617188 0.078125 0.621094 0.078125 0.625000 0.082031 0.625000 0.085938 0.628906 0.085938 0.640625 0.101562 0.640625 0.105469 0.644531 0.105469 0.660156 0.101562 0.664062 0.097656 0.664062 0.089844 0.671875 0.089844 0.679688 0.097656 0.687500 0.097656 0.703125 0.093750 0.707031 0.089844 0.707031 0.085938 0.710938 0.085938 0.726562 0.097656 0.726562 0.097656 0.722656 0.101562 0.718750 0.101562 0.695312 0.105469 0.691406 0.125000 0.691406 0.125000 0.675781 0.128906 0.671875 0.148438 0.671875 0.148438 0.656250 0.140625 0.648438 0.140625 0.640625 0.136719 0.636719 0.136719 0.617188 0.140625 0.613281 0.140625 0.597656 0.136719 0.597656 0.128906 0.589844 0.128906 0.578125 0.113281 0.578125 0.105469 0.585938 0.089844 0.585938 0.085938 0.582031 0.085938 0.578125
5 0.285156 0.562500 0.285156 0.570312 0.292969 0.570312 0.292969 0.562500
5 0.792969 0.503906 0.792969 0.507812 0.789062 0.511719 0.765625 0.511719 0.765625 0.519531 0.761719 0.523438 0.761719 0.531250 0.757812 0.535156 0.757812 0.550781 0.761719 0.554688 0.761719 0.558594 0.765625 0.562500 0.777344 0.562500 0.781250 0.566406 0.781250 0.593750 0.804688 0.593750 0.804688 0.574219 0.808594 0.570312 0.820312 0.570312 0.820312 0.558594 0.812500 0.558594 0.808594 0.554688 0.808594 0.531250 0.812500 0.527344 0.812500 0.519531 0.800781 0.507812 0.800781 0.503906
5 0.765625 0.472656 0.765625 0.480469 0.773438 0.480469 0.773438 0.472656
5 0.125000 0.394531 0.125000 0.410156 0.121094 0.414062 0.121094 0.429688 0.125000 0.429688 0.128906 0.433594 0.128906 0.480469 0.125000 0.484375 0.125000 0.496094 0.121094 0.500000 0.113281 0.500000 0.113281 0.515625 0.125000 0.515625 0.128906 0.519531 0.136719 0.519531 0.140625 0.515625 0.140625 0.511719 0.144531 0.507812 0.164062 0.507812 0.167969 0.511719 0.167969 0.515625 0.171875 0.515625 0.175781 0.519531 0.175781 0.527344 0.183594 0.527344 0.187500 0.531250 0.187500 0.535156 0.191406 0.539062 0.199219 0.539062 0.203125 0.542969 0.226562 0.542969 0.234375 0.550781 0.250000 0.550781 0.253906 0.554688 0.261719 0.554688 0.261719 0.539062 0.257812 0.535156 0.257812 0.531250 0.250000 0.523438 0.242188 0.523438 0.238281 0.519531 0.238281 0.515625 0.234375 0.511719 0.234375 0.507812 0.230469 0.503906 0.218750 0.503906 0.214844 0.507812 0.187500 0.507812 0.179688 0.500000 0.179688 0.492188 0.175781 0.488281 0.175781 0.480469 0.171875 0.476562 0.171875 0.468750 0.152344 0.468750 0.148438 0.464844 0.144531 0.464844 0.140625 0.460938 0.140625 0.433594 0.144531 0.429688 0.160156 0.429688 0.164062 0.433594 0.164062 0.441406 0.171875 0.441406 0.171875 0.433594 0.167969 0.429688 0.167969 0.410156 0.164062 0.406250 0.140625 0.406250 0.136719 0.402344 0.136719 0.394531
5 0.300781 0.285156 0.300781 0.296875 0.308594 0.296875 0.308594 0.285156
5 0.617188 0.277344 0.613281 0.281250 0.605469 0.281250 0.605469 0.289062 0.601562 0.292969 0.601562 0.308594 0.589844 0.320312 0.574219 0.320312 0.570312 0.316406 0.570312 0.308594 0.542969 0.308594 0.542969 0.316406 0.539062 0.320312 0.519531 0.320312 0.515625 0.316406 0.515625 0.312500 0.503906 0.312500 0.500000 0.308594 0.500000 0.304688 0.492188 0.304688 0.492188 0.316406 0.503906 0.316406 0.507812 0.320312 0.507812 0.339844 0.500000 0.347656 0.484375 0.347656 0.480469 0.343750 0.472656 0.343750 0.464844 0.335938 0.464844 0.308594 0.453125 0.308594 0.449219 0.312500 0.445312 0.312500 0.445312 0.351562 0.441406 0.355469 0.421875 0.355469 0.417969 0.351562 0.406250 0.351562 0.402344 0.355469 0.390625 0.355469 0.390625 0.375000 0.394531 0.375000 0.398438 0.378906 0.398438 0.382812 0.410156 0.382812 0.410156 0.367188 0.417969 0.359375 0.433594 0.359375 0.441406 0.367188 0.445312 0.367188 0.453125 0.375000 0.453125 0.390625 0.449219 0.394531 0.441406 0.394531 0.437500 0.398438 0.421875 0.398438 0.421875 0.406250 0.417969 0.410156 0.414062 0.410156 0.414062 0.417969 0.417969 0.421875 0.417969 0.429688 0.429688 0.429688 0.433594 0.433594 0.433594 0.437500 0.437500 0.441406 0.437500 0.457031 0.441406 0.460938 0.441406 0.468750 0.457031 0.468750 0.464844 0.476562 0.464844 0.480469 0.468750 0.484375 0.468750 0.500000 0.464844 0.503906 0.464844 0.507812 0.457031 0.515625 0.457031 0.523438 0.453125 0.527344 0.449219 0.527344 0.449219 0.535156 0.445312 0.539062 0.398438 0.539062 0.394531 0.535156 0.394531 0.515625 0.390625 0.511719 0.375000 0.511719 0.371094 0.507812 0.371094 0.492188 0.363281 0.492188 0.359375 0.496094 0.343750 0.496094 0.339844 0.492188 0.332031 0.492188 0.328125 0.496094 0.312500 0.496094 0.308594 0.492188 0.308594 0.476562 0.320312 0.464844 0.320312 0.449219 0.316406 0.445312 0.316406 0.441406 0.312500 0.437500 0.308594 0.437500 0.304688 0.433594 0.304688 0.414062 0.312500 0.406250 0.320312 0.406250 0.324219 0.402344 0.324219 0.390625 0.320312 0.386719 0.320312 0.343750 0.324219 0.339844 0.363281 0.339844 0.367188 0.343750 0.382812 0.343750 0.382812 0.332031 0.378906 0.328125 0.378906 0.304688 0.375000 0.300781 0.347656 0.300781 0.343750 0.304688 0.335938 0.304688 0.332031 0.308594 0.332031 0.316406 0.328125 0.320312 0.320312 0.320312 0.320312 0.343750 0.316406 0.347656 0.300781 0.347656 0.300781 0.355469 0.296875 0.359375 0.277344 0.359375 0.277344 0.367188 0.273438 0.371094 0.261719 0.371094 0.261719 0.378906 0.265625 0.382812 0.265625 0.421875 0.261719 0.425781 0.250000 0.425781 0.250000 0.437500 0.253906 0.441406 0.253906 0.445312 0.257812 0.449219 0.257812 0.468750 0.253906 0.472656 0.250000 0.472656 0.250000 0.484375 0.253906 0.484375 0.257812 0.488281 0.265625 0.488281 0.269531 0.492188 0.273438 0.492188 0.281250 0.500000 0.285156 0.500000 0.292969 0.507812 0.292969 0.535156 0.312500 0.535156 0.316406 0.531250 0.335938 0.531250 0.339844 0.535156 0.343750 0.535156 0.347656 0.539062 0.347656 0.542969 0.355469 0.550781 0.375000 0.550781 0.378906 0.546875 0.417969 0.546875 0.421875 0.550781 0.421875 0.585938 0.417969 0.589844 0.417969 0.597656 0.414062 0.601562 0.410156 0.601562 0.406250 0.605469 0.406250 0.613281 0.417969 0.613281 0.421875 0.617188 0.421875 0.636719 0.437500 0.636719 0.441406 0.640625 0.453125 0.640625 0.457031 0.644531 0.457031 0.664062 0.460938 0.667969 0.460938 0.679688 0.480469 0.679688 0.484375 0.675781 0.496094 0.675781 0.496094 0.671875 0.500000 0.667969 0.515625 0.667969 0.519531 0.664062 0.519531 0.652344 0.523438 0.648438 0.527344 0.648438 0.527344 0.632812 0.531250 0.628906 0.531250 0.625000 0.535156 0.621094 0.546875 0.621094 0.550781 0.617188 0.550781 0.601562 0.546875 0.601562 0.542969 0.597656 0.542969 0.578125 0.546875 0.574219 0.550781 0.574219 0.550781 0.554688 0.554688 0.550781 0.554688 0.539062 0.550781 0.535156 0.550781 0.531250 0.546875 0.527344 0.546875 0.496094 0.550781 0.492188 0.550781 0.441406 0.554688 0.437500 0.554688 0.390625 0.550781 0.386719 0.550781 0.371094 0.554688 0.367188 0.566406 0.367188 0.566406 0.351562 0.570312 0.347656 0.585938 0.347656 0.589844 0.343750 0.593750 0.343750 0.593750 0.332031 0.597656 0.328125 0.605469 0.328125 0.605469 0.324219 0.609375 0.320312 0.613281 0.320312 0.621094 0.312500 0.621094 0.304688 0.625000 0.300781 0.628906 0.300781 0.628906 0.289062 0.625000 0.285156 0.625000 0.277344
5 0.343750 0.250000 0.343750 0.253906 0.339844 0.257812 0.335938 0.257812 0.335938 0.273438 0.347656 0.273438 0.351562 0.269531 0.351562 0.250000
