5 0.285156 0.863281 0.277344 0.871094 0.253906 0.871094 0.253906 0.878906 0.261719 0.886719 0.265625 0.886719 0.269531 0.890625 0.281250 0.890625 0.285156 0.894531 0.285156 0.906250 0.292969 0.906250 0.292969 0.886719 0.296875 0.882812 0.308594 0.882812 0.308594 0.875000 0.304688 0.871094 0.300781 0.871094 0.292969 0.863281
5 0.625000 0.812500 0.625000 0.820312 0.621094 0.824219 0.621094 0.835938 0.628906 0.835938 0.628906 0.832031 0.632812 0.828125 0.652344 0.828125 0.652344 0.816406 0.640625 0.816406 0.636719 0.812500
5 0.140625 0.742188 0.140625 0.750000 0.160156 0.750000 0.160156 0.742188
5 0.246094 0.636719 0.246094 0.644531 0.253906 0.644531 0.253906 0.636719
5 0.195312 0.628906 0.195312 0.640625 0.191406 0.644531 0.140625 0.644531 0.140625 0.648438 0.136719 0.652344 0.121094 0.652344 0.121094 0.671875 0.117188 0.675781 0.074219 0.675781 0.070312 0.671875 0.070312 0.656250 0.066406 0.652344 0.066406 0.648438 0.058594 0.648438 0.054688 0.652344 0.054688 0.660156 0.050781 0.664062 0.050781 0.671875 0.054688 0.675781 0.054688 0.695312 0.058594 0.695312 0.062500 0.699219 0.062500 0.703125 0.078125 0.703125 0.078125 0.687500 0.082031 0.683594 0.097656 0.683594 0.101562 0.687500 0.101562 0.707031 0.109375 0.707031 0.109375 0.695312 0.113281 0.691406 0.117188 0.691406 0.117188 0.687500 0.121094 0.683594 0.136719 0.683594 0.144531 0.691406 0.144531 0.718750 0.160156 0.718750 0.164062 0.722656 0.164062 0.734375 0.171875 0.734375 0.171875 0.730469 0.175781 0.726562 0.191406 0.726562 0.195312 0.730469 0.210938 0.730469 0.214844 0.726562 0.238281 0.726562 0.242188 0.730469 0.242188 0.750000 0.238281 0.753906 0.226562 0.753906 0.226562 0.757812 0.218750 0.765625 0.210938 0.765625 0.210938 0.777344 0.226562 0.777344 0.234375 0.785156 0.234375 0.792969 0.242188 0.792969 0.242188 0.750000 0.246094 0.746094 0.253906 0.746094 0.257812 0.742188 0.257812 0.738281 0.261719 0.734375 0.261719 0.726562 0.269531 0.718750 0.269531 0.710938 0.261719 0.710938 0.257812 0.707031 0.257812 0.691406 0.261719 0.687500 0.265625 0.687500 0.269531 0.683594 0.269531 0.664062 0.261719 0.664062 0.261719 0.667969 0.257812 0.671875 0.257812 0.675781 0.253906 0.679688 0.250000 0.679688 0.250000 0.683594 0.242188 0.691406 0.226562 0.691406 0.222656 0.687500 0.218750 0.687500 0.214844 0.683594 0.214844 0.671875 0.210938 0.667969 0.207031 0.667969 0.203125 0.664062 0.203125 0.628906
5 0.843750 0.625000 0.839844 0.628906 0.839844 0.640625 0.843750 0.640625 0.851562 0.648438 0.867188 0.648438 0.871094 0.652344 0.882812 0.652344 0.882812 0.640625 0.878906 0.636719 0.878906 0.628906 0.875000 0.625000
5 0.867188 0.437500 0.867188 0.449219 0.871094 0.453125 0.871094 0.457031 0.875000 0.460938 0.875000 0.464844 0.878906 0.468750 0.878906 0.488281 0.875000 0.492188 0.859375 0.492188 0.855469 0.488281 0.839844 0.488281 0.835938 0.492188 0.835938 0.500000 0.832031 0.503906 0.812500 0.503906 0.808594 0.500000 0.808594 0.496094 0.804688 0.496094 0.800781 0.492188 0.792969 0.492188 0.792969 0.496094 0.781250 0.507812 0.777344 0.507812 0.773438 0.511719 0.761719 0.511719 0.757812 0.515625 0.757812 0.519531 0.753906 0.523438 0.746094 0.523438 0.742188 0.527344 0.738281 0.527344 0.738281 0.535156 0.742188 0.535156 0.750000 0.542969 0.750000 0.562500 0.746094 0.566406 0.742188 0.566406 0.742188 0.574219 0.765625 0.574219 0.769531 0.578125 0.773438 0.578125 0.777344 0.582031 0.777344 0.585938 0.789062 0.585938 0.789062 0.578125 0.792969 0.574219 0.792969 0.562500 0.800781 0.554688 0.820312 0.554688 0.824219 0.558594 0.824219 0.566406 0.832031 0.566406 0.832031 0.546875 0.835938 0.542969 0.859375 0.542969 0.863281 0.546875 0.863281 0.554688 0.875000 0.554688 0.878906 0.550781 0.882812 0.550781 0.882812 0.542969 0.886719 0.539062 0.914062 0.539062 0.917969 0.542969 0.917969 0.562500 0.914062 0.566406 0.910156 0.566406 0.910156 0.582031 0.914062 0.582031 0.917969 0.585938 0.917969 0.589844 0.925781 0.589844 0.929688 0.593750 0.929688 0.605469 0.933594 0.609375 0.933594 0.652344 0.929688 0.656250 0.925781 0.656250 0.921875 0.660156 0.917969 0.660156 0.917969 0.675781 0.925781 0.675781 0.925781 0.671875 0.933594 0.664062 0.933594 0.640625 0.937500 0.636719 0.941406 0.636719 0.941406 0.617188 0.945312 0.613281 0.945312 0.609375 0.957031 0.597656 0.957031 0.562500 0.964844 0.554688 0.964844 0.531250 0.968750 0.527344 0.968750 0.503906 0.964844 0.500000 0.964844 0.480469 0.968750 0.476562 0.968750 0.468750 0.964844 0.468750 0.960938 0.464844 0.960938 0.457031 0.957031 0.453125 0.953125 0.453125 0.949219 0.449219 0.949219 0.445312 0.945312 0.441406 0.933594 0.441406 0.933594 0.445312 0.917969 0.460938 0.902344 0.460938 0.894531 0.453125 0.886719 0.453125 0.882812 0.449219 0.882812 0.441406 0.878906 0.437500
5 0.691406 0.394531 0.691406 0.417969 0.699219 0.417969 0.707031 0.410156 0.710938 0.410156 0.710938 0.398438 0.707031 0.394531
5 0.781250 0.339844 0.781250 0.347656 0.777344 0.351562 0.777344 0.363281 0.773438 0.367188 0.746094 0.367188 0.742188 0.363281 0.722656 0.363281 0.718750 0.367188 0.718750 0.375000 0.742188 0.375000 0.746094 0.378906 0.746094 0.382812 0.757812 0.382812 0.757812 0.371094 0.761719 0.367188 0.785156 0.367188 0.792969 0.375000 0.808594 0.375000 0.808594 0.367188 0.812500 0.363281 0.816406 0.363281 0.816406 0.355469 0.808594 0.355469 0.796875 0.343750 0.792969 0.343750 0.789062 0.339844
5 0.875000 0.328125 0.875000 0.335938 0.882812 0.335938 0.886719 0.339844 0.886719 0.359375 0.894531 0.359375 0.894531 0.339844 0.898438 0.335938 0.898438 0.328125
5 0.343750 0.316406 0.343750 0.324219 0.351562 0.324219 0.351562 0.316406
5 0.933594 0.304688 0.933594 0.308594 0.925781 0.316406 0.925781 0.324219 0.929688 0.328125 0.941406 0.328125 0.945312 0.332031 0.945312 0.347656 0.941406 0.351562 0.937500 0.351562 0.937500 0.359375 0.941406 0.363281 0.941406 0.382812 0.949219 0.390625 0.949219 0.394531 0.957031 0.394531 0.957031 0.390625 0.960938 0.386719 0.960938 0.375000 0.957031 0.371094 0.957031 0.339844 0.953125 0.335938 0.953125 0.328125 0.945312 0.328125 0.941406 0.324219 0.941406 0.304688
5 0.722656 0.300781 0.722656 0.312500 0.730469 0.312500 0.730469 0.300781
5 0.324219 0.300781 0.324219 0.312500 0.335938 0.312500 0.335938 0.300781
5 0.300781 0.281250 0.300781 0.285156 0.296875 0.289062 0.292969 0.289062 0.292969 0.300781 0.300781 0.300781 0.304688 0.296875 0.312500 0.296875 0.312500 0.281250
5 0.441406 0.250000 0.441406 0.257812 0.453125 0.257812 0.457031 0.261719 0.457031 0.277344 0.464844 0.277344 0.464844 0.261719 0.457031 0.261719 0.453125 0.257812 0.453125 0.250000
5 0.859375 0.222656 0.859375 0.242188 0.863281 0.246094 0.863281 0.281250 0.859375 0.285156 0.859375 0.292969 0.855469 0.296875 0.835938 0.296875 0.835938 0.304688 0.839844 0.308594 0.847656 0.308594 0.851562 0.312500 0.851562 0.316406 0.859375 0.316406 0.859375 0.296875 0.863281 0.292969 0.867188 0.292969 0.867188 0.281250 0.871094 0.277344 0.878906 0.277344 0.882812 0.273438 0.902344 0.273438 0.902344 0.261719 0.898438 0.257812 0.894531 0.257812 0.890625 0.253906 0.890625 0.242188 0.886719 0.238281 0.886719 0.234375 0.882812 0.234375 0.878906 0.230469 0.878906 0.226562 0.871094 0.226562 0.867188 0.222656
5 0.332031 0.207031 0.332031 0.214844 0.328125 0.218750 0.324219 0.218750 0.324219 0.222656 0.320312 0.226562 0.320312 0.230469 0.316406 0.234375 0.316406 0.246094 0.320312 0.250000 0.328125 0.250000 0.332031 0.253906 0.332031 0.277344 0.343750 0.277344 0.347656 0.281250 0.347656 0.289062 0.355469 0.289062 0.355469 0.277344 0.359375 0.273438 0.375000 0.273438 0.378906 0.277344 0.386719 0.277344 0.390625 0.273438 0.390625 0.261719 0.386719 0.257812 0.382812 0.257812 0.378906 0.253906 0.378906 0.250000 0.375000 0.250000 0.367188 0.242188 0.367188 0.226562 0.355469 0.226562 0.351562 0.222656 0.351562 0.214844 0.343750 0.214844 0.339844 0.210938 0.339844 0.207031
5 0.574219 0.175781 0.574219 0.187500 0.566406 0.195312 0.562500 0.195312 0.558594 0.199219 0.558594 0.210938 0.562500 0.214844 0.589844 0.214844 0.593750 0.218750 0.605469 0.218750 0.609375 0.214844 0.609375 0.210938 0.617188 0.203125 0.617188 0.183594 0.613281 0.179688 0.585938 0.179688 0.582031 0.175781
5 0.148438 0.175781 0.144531 0.179688 0.136719 0.179688 0.136719 0.187500 0.140625 0.191406 0.140625 0.226562 0.136719 0.230469 0.128906 0.230469 0.128906 0.234375 0.125000 0.238281 0.121094 0.238281 0.121094 0.242188 0.117188 0.246094 0.109375 0.246094 0.105469 0.250000 0.085938 0.250000 0.082031 0.253906 0.078125 0.253906 0.078125 0.269531 0.085938 0.269531 0.089844 0.273438 0.089844 0.277344 0.093750 0.277344 0.097656 0.281250 0.097656 0.300781 0.093750 0.304688 0.074219 0.304688 0.074219 0.316406 0.070312 0.320312 0.070312 0.335938 0.074219 0.335938 0.078125 0.339844 0.078125 0.429688 0.074219 0.433594 0.070312 0.433594 0.070312 0.445312 0.074219 0.449219 0.074219 0.453125 0.078125 0.457031 0.078125 0.472656 0.074219 0.476562 0.074219 0.480469 0.070312 0.484375 0.070312 0.492188 0.078125 0.500000 0.078125 0.515625 0.082031 0.519531 0.082031 0.539062 0.089844 0.539062 0.093750 0.535156 0.105469 0.535156 0.105469 0.515625 0.109375 0.511719 0.117188 0.511719 0.121094 0.507812 0.148438 0.507812 0.156250 0.515625 0.156250 0.519531 0.164062 0.519531 0.167969 0.523438 0.167969 0.542969 0.164062 0.546875 0.144531 0.546875 0.144531 0.554688 0.160156 0.554688 0.164062 0.558594 0.164062 0.566406 0.175781 0.566406 0.179688 0.570312 0.183594 0.570312 0.187500 0.574219 0.187500 0.582031 0.222656 0.582031 0.226562 0.585938 0.226562 0.589844 0.250000 0.589844 0.253906 0.593750 0.257812 0.593750 0.261719 0.597656 0.261719 0.625000 0.281250 0.625000 0.281250 0.617188 0.296875 0.601562 0.324219 0.601562 0.328125 0.605469 0.339844 0.605469 0.343750 0.609375 0.343750 0.628906 0.339844 0.632812 0.339844 0.636719 0.335938 0.640625 0.332031 0.640625 0.332031 0.648438 0.347656 0.648438 0.351562 0.652344 0.351562 0.683594 0.343750 0.691406 0.343750 0.699219 0.359375 0.699219 0.363281 0.703125 0.363281 0.730469 0.359375 0.734375 0.335938 0.734375 0.332031 0.730469 0.332031 0.714844 0.324219 0.714844 0.320312 0.718750 0.300781 0.718750 0.300781 0.742188 0.304688 0.742188 0.308594 0.746094 0.308594 0.761719 0.304688 0.765625 0.296875 0.765625 0.296875 0.792969 0.292969 0.796875 0.289062 0.796875 0.289062 0.804688 0.281250 0.812500 0.277344 0.812500 0.277344 0.828125 0.281250 0.832031 0.281250 0.839844 0.296875 0.839844 0.296875 0.820312 0.300781 0.816406 0.320312 0.816406 0.324219 0.812500 0.355469 0.812500 0.359375 0.816406 0.359375 0.824219 0.363281 0.824219 0.371094 0.832031 0.371094 0.835938 0.386719 0.835938 0.390625 0.839844 0.390625 0.851562 0.398438 0.851562 0.398438 0.847656 0.402344 0.843750 0.410156 0.843750 0.410156 0.835938 0.390625 0.835938 0.386719 0.832031 0.386719 0.808594 0.390625 0.804688 0.390625 0.800781 0.394531 0.796875 0.394531 0.785156 0.402344 0.777344 0.402344 0.773438 0.406250 0.769531 0.406250 0.765625 0.410156 0.761719 0.414062 0.761719 0.414062 0.757812 0.417969 0.753906 0.441406 0.753906 0.445312 0.757812 0.445312 0.792969 0.453125 0.792969 0.453125 0.765625 0.457031 0.761719 0.457031 0.753906 0.460938 0.750000 0.460938 0.746094 0.464844 0.742188 0.464844 0.730469 0.468750 0.726562 0.472656 0.726562 0.472656 0.714844 0.480469 0.707031 0.484375 0.707031 0.488281 0.703125 0.492188 0.703125 0.496094 0.699219 0.527344 0.699219 0.535156 0.707031 0.535156 0.710938 0.539062 0.714844 0.542969 0.714844 0.554688 0.726562 0.554688 0.738281 0.562500 0.746094 0.562500 0.750000 0.566406 0.753906 0.566406 0.761719 0.570312 0.765625 0.570312 0.773438 0.574219 0.777344 0.578125 0.777344 0.582031 0.781250 0.582031 0.789062 0.601562 0.789062 0.605469 0.792969 0.605469 0.796875 0.613281 0.796875 0.613281 0.785156 0.621094 0.777344 0.621094 0.773438 0.625000 0.769531 0.625000 0.761719 0.617188 0.753906 0.617188 0.738281 0.636719 0.718750 0.652344 0.718750 0.656250 0.722656 0.660156 0.722656 0.664062 0.726562 0.667969 0.726562 0.671875 0.730469 0.675781 0.730469 0.683594 0.738281 0.683594 0.761719 0.691406 0.769531 0.699219 0.769531 0.699219 0.753906 0.703125 0.750000 0.707031 0.750000 0.707031 0.746094 0.710938 0.742188 0.773438 0.742188 0.777344 0.746094 0.777344 0.750000 0.781250 0.750000 0.789062 0.757812 0.804688 0.757812 0.804688 0.730469 0.800781 0.726562 0.800781 0.722656 0.796875 0.722656 0.792969 0.718750 0.789062 0.718750 0.785156 0.714844 0.785156 0.699219 0.777344 0.699219 0.777344 0.710938 0.773438 0.714844 0.753906 0.714844 0.750000 0.710938 0.750000 0.695312 0.742188 0.695312 0.734375 0.687500 0.722656 0.687500 0.718750 0.683594 0.718750 0.671875 0.683594 0.671875 0.679688 0.667969 0.679688 0.664062 0.667969 0.664062 0.664062 0.660156 0.664062 0.656250 0.656250 0.656250 0.656250 0.660156 0.652344 0.664062 0.652344 0.667969 0.648438 0.671875 0.621094 0.671875 0.617188 0.667969 0.617188 0.664062 0.613281 0.664062 0.605469 0.656250 0.605469 0.648438 0.601562 0.648438 0.597656 0.644531 0.597656 0.640625 0.585938 0.640625 0.582031 0.636719 0.574219 0.636719 0.574219 0.644531 0.570312 0.648438 0.570312 0.667969 0.566406 0.671875 0.542969 0.671875 0.539062 0.667969 0.535156 0.667969 0.531250 0.664062 0.531250 0.660156 0.527344 0.656250 0.523438 0.656250 0.519531 0.652344 0.519531 0.648438 0.515625 0.644531 0.515625 0.640625 0.511719 0.636719 0.511719 0.593750 0.519531 0.585938 0.519531 0.582031 0.523438 0.578125 0.523438 0.570312 0.527344 0.566406 0.531250 0.566406 0.535156 0.562500 0.539062 0.562500 0.539062 0.523438 0.527344 0.523438 0.523438 0.519531 0.523438 0.507812 0.515625 0.507812 0.511719 0.503906 0.511719 0.492188 0.503906 0.492188 0.500000 0.488281 0.500000 0.484375 0.496094 0.484375 0.492188 0.480469 0.492188 0.464844 0.496094 0.460938 0.496094 0.445312 0.500000 0.441406 0.515625 0.441406 0.519531 0.445312 0.519531 0.453125 0.535156 0.453125 0.535156 0.433594 0.539062 0.429688 0.566406 0.429688 0.570312 0.433594 0.570312 0.445312 0.574219 0.449219 0.574219 0.468750 0.570312 0.472656 0.554688 0.472656 0.550781 0.476562 0.546875 0.476562 0.546875 0.480469 0.542969 0.484375 0.542969 0.496094 0.546875 0.496094 0.550781 0.500000 0.550781 0.503906 0.558594 0.503906 0.558594 0.488281 0.562500 0.484375 0.562500 0.476562 0.566406 0.472656 0.601562 0.472656 0.605469 0.476562 0.605469 0.492188 0.601562 0.496094 0.601562 0.503906 0.617188 0.503906 0.621094 0.507812 0.621094 0.531250 0.625000 0.531250 0.628906 0.535156 0.628906 0.539062 0.632812 0.542969 0.636719 0.542969 0.640625 0.546875 0.640625 0.550781 0.644531 0.550781 0.648438 0.554688 0.656250 0.554688 0.664062 0.562500 0.664062 0.574219 0.667969 0.574219 0.671875 0.578125 0.671875 0.582031 0.695312 0.582031 0.699219 0.585938 0.707031 0.585938 0.707031 0.562500 0.710938 0.558594 0.714844 0.558594 0.718750 0.554688 0.718750 0.539062 0.714844 0.539062 0.710938 0.535156 0.710938 0.519531 0.695312 0.519531 0.691406 0.515625 0.687500 0.515625 0.683594 0.511719 0.683594 0.492188 0.687500 0.488281 0.687500 0.476562 0.691406 0.472656 0.699219 0.472656 0.699219 0.464844 0.703125 0.460938 0.703125 0.449219 0.679688 0.449219 0.675781 0.445312 0.675781 0.441406 0.671875 0.437500 0.656250 0.437500 0.652344 0.433594 0.652344 0.410156 0.648438 0.406250 0.648438 0.390625 0.652344 0.386719 0.652344 0.382812 0.656250 0.378906 0.660156 0.378906 0.660156 0.351562 0.667969 0.343750 0.691406 0.343750 0.691406 0.332031 0.687500 0.328125 0.687500 0.308594 0.695312 0.300781 0.699219 0.300781 0.703125 0.296875 0.714844 0.296875 0.714844 0.281250 0.703125 0.281250 0.699219 0.285156 0.691406 0.285156 0.691406 0.289062 0.687500 0.292969 0.683594 0.292969 0.675781 0.300781 0.652344 0.300781 0.632812 0.281250 0.632812 0.269531 0.625000 0.269531 0.621094 0.265625 0.609375 0.265625 0.609375 0.273438 0.605469 0.277344 0.601562 0.277344 0.597656 0.281250 0.593750 0.281250 0.589844 0.285156 0.578125 0.285156 0.578125 0.289062 0.574219 0.292969 0.558594 0.292969 0.554688 0.289062 0.542969 0.289062 0.539062 0.285156 0.539062 0.269531 0.535156 0.265625 0.523438 0.265625 0.523438 0.281250 0.519531 0.285156 0.511719 0.285156 0.511719 0.292969 0.539062 0.292969 0.542969 0.296875 0.542969 0.304688 0.546875 0.304688 0.550781 0.308594 0.550781 0.324219 0.546875 0.328125 0.539062 0.328125 0.535156 0.332031 0.519531 0.332031 0.511719 0.324219 0.511719 0.320312 0.500000 0.320312 0.496094 0.324219 0.496094 0.347656 0.492188 0.351562 0.492188 0.375000 0.488281 0.378906 0.472656 0.378906 0.464844 0.371094 0.449219 0.371094 0.445312 0.367188 0.445312 0.363281 0.437500 0.363281 0.433594 0.359375 0.433594 0.335938 0.417969 0.335938 0.414062 0.332031 0.414062 0.316406 0.406250 0.316406 0.406250 0.343750 0.402344 0.347656 0.386719 0.347656 0.382812 0.343750 0.375000 0.343750 0.375000 0.347656 0.371094 0.351562 0.367188 0.351562 0.363281 0.355469 0.355469 0.355469 0.355469 0.363281 0.359375 0.367188 0.359375 0.386719 0.355469 0.390625 0.355469 0.406250 0.347656 0.414062 0.328125 0.414062 0.324219 0.410156 0.320312 0.410156 0.316406 0.406250 0.316406 0.390625 0.324219 0.382812 0.324219 0.371094 0.320312 0.367188 0.296875 0.367188 0.292969 0.363281 0.292969 0.339844 0.265625 0.339844 0.261719 0.335938 0.261719 0.324219 0.242188 0.324219 0.238281 0.320312 0.207031 0.320312 0.203125 0.316406 0.203125 0.308594 0.199219 0.308594 0.191406 0.300781 0.191406 0.273438 0.195312 0.269531 0.199219 0.269531 0.199219 0.261719 0.179688 0.261719 0.175781 0.257812 0.175781 0.253906 0.171875 0.253906 0.167969 0.250000 0.167969 0.218750 0.171875 0.214844 0.195312 0.214844 0.199219 0.210938 0.207031 0.210938 0.214844 0.203125 0.246094 0.203125 0.246094 0.191406 0.242188 0.187500 0.203125 0.187500 0.199219 0.183594 0.199219 0.179688 0.175781 0.179688 0.171875 0.175781
5 0.621094 0.066406 0.621094 0.074219 0.617188 0.078125 0.613281 0.078125 0.609375 0.082031 0.597656 0.082031 0.597656 0.105469 0.601562 0.105469 0.609375 0.113281 0.609375 0.121094 0.628906 0.121094 0.632812 0.125000 0.656250 0.125000 0.660156 0.128906 0.660156 0.148438 0.664062 0.152344 0.664062 0.167969 0.660156 0.171875 0.660156 0.179688 0.683594 0.179688 0.687500 0.183594 0.687500 0.187500 0.691406 0.191406 0.691406 0.199219 0.695312 0.203125 0.695312 0.210938 0.722656 0.210938 0.726562 0.214844 0.726562 0.242188 0.730469 0.246094 0.730469 0.250000 0.738281 0.250000 0.742188 0.246094 0.742188 0.238281 0.750000 0.230469 0.750000 0.218750 0.753906 0.214844 0.753906 0.210938 0.757812 0.207031 0.757812 0.199219 0.753906 0.195312 0.753906 0.191406 0.746094 0.183594 0.746094 0.179688 0.734375 0.179688 0.730469 0.175781 0.730469 0.167969 0.714844 0.167969 0.710938 0.164062 0.710938 0.160156 0.707031 0.160156 0.703125 0.156250 0.703125 0.140625 0.699219 0.140625 0.691406 0.132812 0.683594 0.132812 0.675781 0.125000 0.675781 0.117188 0.671875 0.113281 0.671875 0.109375 0.667969 0.105469 0.667969 0.101562 0.656250 0.101562 0.652344 0.097656 0.648438 0.097656 0.644531 0.093750 0.640625 0.093750 0.632812 0.085938 0.632812 0.078125 0.628906 0.074219 0.628906 0.066406
5 0.570312 0.027344 0.570312 0.035156 0.574219 0.039062 0.574219 0.042969 0.582031 0.050781 0.582031 0.058594 0.593750 0.058594 0.597656 0.054688 0.605469 0.054688 0.605469 0.042969 0.601562 0.042969 0.597656 0.039062 0.589844 0.039062 0.585938 0.035156 0.585938 0.031250 0.582031 0.027344
5 0.519531 0.023438 0.515625 0.027344 0.511719 0.027344 0.507812 0.031250 0.503906 0.031250 0.503906 0.035156 0.500000 0.039062 0.492188 0.039062 0.488281 0.042969 0.484375 0.042969 0.484375 0.046875 0.480469 0.050781 0.476562 0.050781 0.464844 0.062500 0.460938 0.062500 0.460938 0.066406 0.449219 0.078125 0.433594 0.078125 0.433594 0.085938 0.429688 0.089844 0.425781 0.089844 0.406250 0.109375 0.398438 0.109375 0.398438 0.113281 0.394531 0.117188 0.371094 0.117188 0.363281 0.125000 0.363281 0.128906 0.359375 0.132812 0.320312 0.132812 0.316406 0.136719 0.312500 0.136719 0.304688 0.144531 0.300781 0.144531 0.300781 0.156250 0.296875 0.160156 0.289062 0.160156 0.285156 0.164062 0.285156 0.167969 0.281250 0.171875 0.277344 0.171875 0.273438 0.175781 0.265625 0.175781 0.265625 0.187500 0.273438 0.187500 0.277344 0.183594 0.281250 0.183594 0.285156 0.179688 0.289062 0.179688 0.292969 0.175781 0.308594 0.175781 0.312500 0.179688 0.312500 0.191406 0.328125 0.191406 0.328125 0.187500 0.332031 0.183594 0.332031 0.160156 0.339844 0.152344 0.339844 0.148438 0.343750 0.144531 0.347656 0.144531 0.355469 0.136719 0.371094 0.136719 0.382812 0.125000 0.382812 0.121094 0.386719 0.117188 0.421875 0.117188 0.425781 0.121094 0.449219 0.121094 0.457031 0.113281 0.476562 0.113281 0.480469 0.117188 0.480469 0.121094 0.492188 0.121094 0.492188 0.101562 0.496094 0.097656 0.496094 0.074219 0.500000 0.070312 0.511719 0.070312 0.515625 0.066406 0.519531 0.066406 0.523438 0.062500 0.531250 0.062500 0.535156 0.058594 0.539062 0.058594 0.542969 0.054688 0.542969 0.039062 0.539062 0.039062 0.535156 0.035156 0.535156 0.031250 0.531250 0.031250 0.527344 0.027344 0.527344 0.023438
