5 0.730469 0.835938 0.730469 0.871094 0.726562 0.875000 0.710938 0.875000 0.707031 0.871094 0.699219 0.871094 0.695312 0.867188 0.695312 0.863281 0.687500 0.863281 0.683594 0.867188 0.679688 0.867188 0.679688 0.882812 0.683594 0.882812 0.687500 0.886719 0.687500 0.890625 0.691406 0.894531 0.691406 0.898438 0.710938 0.898438 0.714844 0.894531 0.730469 0.894531 0.730469 0.890625 0.734375 0.886719 0.738281 0.886719 0.738281 0.878906 0.742188 0.875000 0.757812 0.875000 0.761719 0.878906 0.773438 0.878906 0.773438 0.871094 0.777344 0.867188 0.777344 0.859375 0.750000 0.859375 0.738281 0.847656 0.738281 0.835938
5 0.683594 0.769531 0.683594 0.773438 0.679688 0.777344 0.675781 0.777344 0.675781 0.792969 0.671875 0.796875 0.656250 0.796875 0.656250 0.812500 0.671875 0.812500 0.671875 0.800781 0.675781 0.796875 0.718750 0.796875 0.718750 0.773438 0.714844 0.769531
5 0.273438 0.707031 0.273438 0.730469 0.269531 0.734375 0.265625 0.734375 0.261719 0.738281 0.250000 0.738281 0.250000 0.746094 0.253906 0.750000 0.296875 0.750000 0.300781 0.753906 0.300781 0.792969 0.308594 0.792969 0.308594 0.789062 0.312500 0.785156 0.316406 0.785156 0.316406 0.777344 0.320312 0.773438 0.324219 0.773438 0.324219 0.769531 0.328125 0.765625 0.328125 0.761719 0.332031 0.757812 0.332031 0.742188 0.324219 0.742188 0.320312 0.746094 0.300781 0.746094 0.296875 0.742188 0.296875 0.722656 0.304688 0.714844 0.304688 0.707031
5 0.347656 0.699219 0.347656 0.703125 0.343750 0.707031 0.339844 0.707031 0.335938 0.710938 0.335938 0.722656 0.351562 0.722656 0.351562 0.718750 0.355469 0.714844 0.359375 0.714844 0.359375 0.699219
5 0.410156 0.671875 0.410156 0.683594 0.406250 0.687500 0.402344 0.687500 0.398438 0.691406 0.390625 0.691406 0.390625 0.707031 0.394531 0.710938 0.394531 0.742188 0.390625 0.746094 0.371094 0.746094 0.371094 0.753906 0.394531 0.753906 0.398438 0.757812 0.421875 0.757812 0.425781 0.753906 0.425781 0.750000 0.429688 0.746094 0.429688 0.738281 0.433594 0.734375 0.433594 0.730469 0.445312 0.718750 0.449219 0.718750 0.453125 0.714844 0.453125 0.707031 0.449219 0.703125 0.449219 0.687500 0.453125 0.683594 0.457031 0.683594 0.457031 0.671875
5 0.906250 0.660156 0.902344 0.664062 0.898438 0.664062 0.898438 0.667969 0.890625 0.675781 0.890625 0.714844 0.886719 0.718750 0.882812 0.718750 0.875000 0.726562 0.875000 0.734375 0.863281 0.746094 0.863281 0.761719 0.859375 0.765625 0.843750 0.765625 0.843750 0.773438 0.847656 0.777344 0.847656 0.804688 0.843750 0.808594 0.839844 0.808594 0.839844 0.828125 0.847656 0.828125 0.851562 0.824219 0.851562 0.816406 0.855469 0.812500 0.859375 0.812500 0.859375 0.800781 0.863281 0.796875 0.875000 0.796875 0.875000 0.789062 0.867188 0.789062 0.863281 0.785156 0.863281 0.761719 0.867188 0.757812 0.875000 0.757812 0.878906 0.753906 0.902344 0.753906 0.906250 0.750000 0.914062 0.750000 0.914062 0.746094 0.917969 0.742188 0.941406 0.742188 0.941406 0.718750 0.945312 0.714844 0.953125 0.714844 0.953125 0.707031 0.957031 0.703125 0.960938 0.703125 0.960938 0.691406 0.953125 0.683594 0.945312 0.683594 0.941406 0.679688 0.937500 0.679688 0.925781 0.667969 0.925781 0.664062 0.921875 0.660156
5 0.035156 0.656250 0.035156 0.664062 0.046875 0.675781 0.050781 0.675781 0.054688 0.679688 0.062500 0.679688 0.062500 0.675781 0.066406 0.671875 0.066406 0.664062 0.058594 0.656250
5 0.843750 0.652344 0.843750 0.660156 0.851562 0.660156 0.851562 0.652344
5 0.734375 0.648438 0.734375 0.667969 0.738281 0.667969 0.742188 0.671875 0.750000 0.671875 0.753906 0.675781 0.753906 0.695312 0.750000 0.699219 0.746094 0.699219 0.746094 0.707031 0.750000 0.710938 0.765625 0.710938 0.769531 0.707031 0.792969 0.707031 0.796875 0.703125 0.808594 0.703125 0.808594 0.699219 0.816406 0.691406 0.820312 0.691406 0.820312 0.675781 0.812500 0.675781 0.808594 0.679688 0.781250 0.679688 0.777344 0.675781 0.773438 0.675781 0.769531 0.671875 0.757812 0.671875 0.753906 0.667969 0.753906 0.664062 0.750000 0.660156 0.750000 0.648438
5 0.128906 0.640625 0.128906 0.648438 0.125000 0.652344 0.109375 0.652344 0.105469 0.656250 0.101562 0.656250 0.101562 0.671875 0.125000 0.671875 0.125000 0.667969 0.128906 0.664062 0.128906 0.652344 0.132812 0.648438 0.136719 0.648438 0.136719 0.640625
5 0.757812 0.593750 0.757812 0.601562 0.777344 0.601562 0.781250 0.605469 0.781250 0.609375 0.785156 0.609375 0.792969 0.617188 0.800781 0.617188 0.804688 0.613281 0.804688 0.601562 0.769531 0.601562 0.765625 0.597656 0.765625 0.593750
5 0.734375 0.570312 0.734375 0.574219 0.730469 0.578125 0.730469 0.589844 0.750000 0.589844 0.750000 0.570312
5 0.132812 0.550781 0.132812 0.558594 0.140625 0.558594 0.140625 0.550781
5 0.789062 0.531250 0.789062 0.554688 0.792969 0.554688 0.796875 0.558594 0.796875 0.566406 0.808594 0.566406 0.812500 0.562500 0.839844 0.562500 0.839844 0.550781 0.835938 0.546875 0.828125 0.546875 0.824219 0.542969 0.824219 0.535156 0.820312 0.531250
5 0.093750 0.519531 0.089844 0.523438 0.082031 0.523438 0.082031 0.535156 0.078125 0.539062 0.074219 0.539062 0.070312 0.542969 0.066406 0.542969 0.054688 0.554688 0.050781 0.554688 0.050781 0.562500 0.058594 0.570312 0.066406 0.570312 0.066406 0.562500 0.070312 0.558594 0.074219 0.558594 0.074219 0.554688 0.082031 0.546875 0.082031 0.539062 0.085938 0.535156 0.101562 0.535156 0.105469 0.539062 0.105469 0.546875 0.125000 0.546875 0.125000 0.535156 0.121094 0.531250 0.121094 0.527344 0.113281 0.527344 0.105469 0.519531
5 0.218750 0.511719 0.218750 0.539062 0.214844 0.542969 0.214844 0.550781 0.218750 0.550781 0.226562 0.558594 0.226562 0.574219 0.222656 0.578125 0.203125 0.578125 0.199219 0.582031 0.175781 0.582031 0.167969 0.589844 0.164062 0.589844 0.164062 0.597656 0.160156 0.601562 0.156250 0.601562 0.156250 0.625000 0.160156 0.628906 0.164062 0.628906 0.171875 0.636719 0.171875 0.667969 0.175781 0.671875 0.187500 0.671875 0.191406 0.675781 0.191406 0.679688 0.203125 0.679688 0.207031 0.683594 0.207031 0.707031 0.210938 0.710938 0.218750 0.710938 0.218750 0.691406 0.222656 0.687500 0.222656 0.683594 0.226562 0.679688 0.253906 0.679688 0.253906 0.671875 0.257812 0.667969 0.281250 0.667969 0.285156 0.671875 0.292969 0.671875 0.292969 0.656250 0.289062 0.652344 0.289062 0.648438 0.265625 0.648438 0.253906 0.636719 0.253906 0.621094 0.257812 0.617188 0.257812 0.609375 0.238281 0.609375 0.234375 0.605469 0.234375 0.585938 0.238281 0.582031 0.250000 0.582031 0.253906 0.578125 0.253906 0.570312 0.257812 0.566406 0.281250 0.566406 0.285156 0.570312 0.285156 0.593750 0.289062 0.597656 0.289062 0.605469 0.300781 0.605469 0.304688 0.609375 0.304688 0.613281 0.308594 0.613281 0.312500 0.617188 0.312500 0.621094 0.316406 0.621094 0.320312 0.625000 0.320312 0.648438 0.316406 0.652344 0.316406 0.664062 0.324219 0.664062 0.324219 0.660156 0.328125 0.656250 0.339844 0.656250 0.339844 0.644531 0.343750 0.640625 0.343750 0.632812 0.324219 0.632812 0.320312 0.628906 0.320312 0.605469 0.328125 0.597656 0.339844 0.597656 0.343750 0.593750 0.351562 0.593750 0.351562 0.585938 0.347656 0.585938 0.343750 0.582031 0.339844 0.582031 0.335938 0.578125 0.316406 0.578125 0.312500 0.574219 0.312500 0.558594 0.304688 0.550781 0.292969 0.550781 0.292969 0.554688 0.289062 0.558594 0.261719 0.558594 0.257812 0.554688 0.257812 0.542969 0.238281 0.542969 0.230469 0.535156 0.230469 0.519531 0.226562 0.515625 0.226562 0.511719
5 0.179688 0.476562 0.179688 0.484375 0.175781 0.488281 0.175781 0.511719 0.179688 0.515625 0.179688 0.519531 0.187500 0.519531 0.187500 0.511719 0.191406 0.507812 0.191406 0.480469 0.187500 0.476562
5 0.914062 0.453125 0.914062 0.460938 0.910156 0.464844 0.910156 0.468750 0.906250 0.472656 0.902344 0.472656 0.898438 0.476562 0.882812 0.476562 0.882812 0.484375 0.878906 0.488281 0.875000 0.488281 0.871094 0.492188 0.867188 0.492188 0.867188 0.500000 0.875000 0.507812 0.875000 0.531250 0.890625 0.531250 0.894531 0.527344 0.894531 0.519531 0.898438 0.515625 0.917969 0.515625 0.921875 0.519531 0.921875 0.546875 0.917969 0.550781 0.914062 0.550781 0.910156 0.554688 0.894531 0.554688 0.890625 0.558594 0.882812 0.558594 0.882812 0.574219 0.886719 0.578125 0.886719 0.582031 0.890625 0.585938 0.890625 0.589844 0.898438 0.597656 0.898438 0.601562 0.902344 0.605469 0.902344 0.609375 0.929688 0.609375 0.933594 0.605469 0.957031 0.605469 0.957031 0.601562 0.960938 0.597656 0.960938 0.574219 0.957031 0.574219 0.953125 0.570312 0.953125 0.566406 0.949219 0.562500 0.949219 0.558594 0.941406 0.550781 0.941406 0.531250 0.945312 0.527344 0.945312 0.523438 0.949219 0.519531 0.953125 0.519531 0.953125 0.515625 0.957031 0.511719 0.964844 0.511719 0.964844 0.496094 0.960938 0.492188 0.953125 0.492188 0.949219 0.496094 0.933594 0.496094 0.929688 0.492188 0.929688 0.476562 0.933594 0.472656 0.933594 0.460938 0.925781 0.453125
5 0.109375 0.406250 0.109375 0.410156 0.105469 0.414062 0.105469 0.421875 0.109375 0.425781 0.109375 0.433594 0.121094 0.433594 0.121094 0.406250
5 0.421875 0.394531 0.421875 0.402344 0.429688 0.402344 0.429688 0.394531
5 0.195312 0.367188 0.191406 0.371094 0.191406 0.382812 0.195312 0.386719 0.195312 0.406250 0.191406 0.410156 0.183594 0.410156 0.175781 0.417969 0.148438 0.417969 0.144531 0.421875 0.144531 0.449219 0.152344 0.457031 0.152344 0.464844 0.171875 0.464844 0.171875 0.441406 0.175781 0.437500 0.175781 0.433594 0.179688 0.429688 0.187500 0.429688 0.187500 0.425781 0.191406 0.421875 0.238281 0.421875 0.238281 0.410156 0.234375 0.406250 0.234375 0.402344 0.230469 0.398438 0.230469 0.394531 0.226562 0.394531 0.218750 0.386719 0.210938 0.386719 0.207031 0.382812 0.207031 0.371094 0.203125 0.367188
5 0.113281 0.296875 0.109375 0.300781 0.105469 0.300781 0.101562 0.304688 0.101562 0.312500 0.113281 0.324219 0.113281 0.328125 0.125000 0.328125 0.125000 0.312500 0.121094 0.308594 0.121094 0.296875
5 0.160156 0.207031 0.160156 0.214844 0.156250 0.218750 0.152344 0.218750 0.148438 0.222656 0.144531 0.222656 0.144531 0.226562 0.140625 0.230469 0.132812 0.230469 0.128906 0.234375 0.128906 0.250000 0.125000 0.253906 0.113281 0.253906 0.113281 0.265625 0.136719 0.265625 0.140625 0.269531 0.160156 0.269531 0.164062 0.273438 0.171875 0.273438 0.175781 0.277344 0.175781 0.289062 0.179688 0.289062 0.183594 0.292969 0.183594 0.300781 0.187500 0.304688 0.187500 0.335938 0.195312 0.335938 0.195312 0.308594 0.199219 0.304688 0.253906 0.304688 0.265625 0.316406 0.265625 0.339844 0.261719 0.343750 0.261719 0.351562 0.265625 0.355469 0.265625 0.359375 0.269531 0.359375 0.273438 0.363281 0.289062 0.363281 0.292969 0.367188 0.292969 0.390625 0.296875 0.394531 0.300781 0.394531 0.304688 0.398438 0.304688 0.425781 0.308594 0.429688 0.308594 0.460938 0.312500 0.464844 0.335938 0.464844 0.339844 0.460938 0.355469 0.460938 0.359375 0.464844 0.359375 0.492188 0.363281 0.496094 0.390625 0.496094 0.394531 0.500000 0.394531 0.515625 0.398438 0.519531 0.398438 0.554688 0.410156 0.554688 0.414062 0.558594 0.414062 0.562500 0.417969 0.566406 0.417969 0.605469 0.421875 0.609375 0.421875 0.613281 0.425781 0.613281 0.433594 0.621094 0.433594 0.628906 0.437500 0.632812 0.445312 0.632812 0.453125 0.640625 0.468750 0.640625 0.476562 0.648438 0.476562 0.660156 0.488281 0.660156 0.496094 0.667969 0.496094 0.679688 0.511719 0.695312 0.511719 0.714844 0.515625 0.718750 0.523438 0.718750 0.527344 0.722656 0.542969 0.722656 0.546875 0.726562 0.546875 0.746094 0.550781 0.750000 0.554688 0.750000 0.558594 0.753906 0.566406 0.753906 0.570312 0.757812 0.570312 0.765625 0.578125 0.773438 0.578125 0.789062 0.582031 0.792969 0.593750 0.792969 0.597656 0.789062 0.601562 0.789062 0.601562 0.765625 0.605469 0.761719 0.613281 0.761719 0.617188 0.757812 0.640625 0.757812 0.648438 0.765625 0.648438 0.769531 0.660156 0.769531 0.660156 0.761719 0.652344 0.753906 0.648438 0.753906 0.644531 0.750000 0.644531 0.746094 0.640625 0.746094 0.636719 0.742188 0.636719 0.738281 0.632812 0.734375 0.632812 0.726562 0.609375 0.726562 0.605469 0.722656 0.605469 0.699219 0.609375 0.695312 0.644531 0.695312 0.644531 0.679688 0.640625 0.679688 0.636719 0.675781 0.636719 0.660156 0.640625 0.656250 0.656250 0.656250 0.656250 0.648438 0.652344 0.644531 0.652344 0.636719 0.636719 0.636719 0.632812 0.640625 0.605469 0.640625 0.601562 0.636719 0.601562 0.632812 0.597656 0.632812 0.593750 0.628906 0.593750 0.605469 0.589844 0.605469 0.582031 0.597656 0.582031 0.578125 0.585938 0.574219 0.585938 0.562500 0.589844 0.558594 0.589844 0.546875 0.585938 0.542969 0.578125 0.542969 0.578125 0.546875 0.574219 0.550781 0.574219 0.574219 0.570312 0.578125 0.570312 0.582031 0.566406 0.585938 0.566406 0.617188 0.562500 0.621094 0.527344 0.621094 0.523438 0.617188 0.523438 0.597656 0.519531 0.593750 0.519531 0.589844 0.515625 0.585938 0.515625 0.574219 0.511719 0.570312 0.511719 0.550781 0.515625 0.546875 0.546875 0.546875 0.546875 0.531250 0.550781 0.527344 0.566406 0.527344 0.566406 0.515625 0.570312 0.511719 0.574219 0.511719 0.574219 0.507812 0.578125 0.503906 0.613281 0.503906 0.617188 0.500000 0.628906 0.500000 0.632812 0.496094 0.632812 0.488281 0.605469 0.488281 0.601562 0.492188 0.574219 0.492188 0.570312 0.488281 0.570312 0.476562 0.550781 0.476562 0.550781 0.480469 0.546875 0.484375 0.539062 0.484375 0.535156 0.488281 0.527344 0.488281 0.523438 0.492188 0.507812 0.492188 0.503906 0.488281 0.503906 0.468750 0.472656 0.468750 0.468750 0.464844 0.468750 0.421875 0.464844 0.421875 0.460938 0.417969 0.460938 0.414062 0.437500 0.414062 0.437500 0.421875 0.429688 0.429688 0.410156 0.429688 0.402344 0.421875 0.386719 0.421875 0.382812 0.417969 0.378906 0.417969 0.375000 0.414062 0.363281 0.414062 0.363281 0.421875 0.359375 0.425781 0.335938 0.425781 0.332031 0.421875 0.332031 0.414062 0.308594 0.414062 0.304688 0.410156 0.304688 0.390625 0.316406 0.378906 0.316406 0.371094 0.320312 0.367188 0.343750 0.367188 0.343750 0.359375 0.347656 0.355469 0.371094 0.355469 0.375000 0.359375 0.394531 0.359375 0.398438 0.363281 0.406250 0.363281 0.406250 0.339844 0.402344 0.335938 0.402344 0.324219 0.398438 0.320312 0.398438 0.316406 0.386719 0.316406 0.382812 0.312500 0.382812 0.296875 0.378906 0.292969 0.367188 0.292969 0.363281 0.296875 0.347656 0.296875 0.347656 0.308594 0.339844 0.316406 0.335938 0.316406 0.335938 0.320312 0.328125 0.328125 0.324219 0.328125 0.320312 0.332031 0.304688 0.332031 0.300781 0.328125 0.300781 0.308594 0.304688 0.304688 0.312500 0.304688 0.312500 0.300781 0.316406 0.296875 0.316406 0.238281 0.308594 0.230469 0.308594 0.214844 0.300781 0.214844 0.296875 0.218750 0.292969 0.218750 0.292969 0.222656 0.285156 0.230469 0.285156 0.238281 0.281250 0.242188 0.246094 0.242188 0.242188 0.238281 0.218750 0.238281 0.214844 0.234375 0.214844 0.226562 0.199219 0.226562 0.199219 0.234375 0.203125 0.238281 0.218750 0.238281 0.222656 0.242188 0.222656 0.257812 0.218750 0.261719 0.214844 0.261719 0.210938 0.265625 0.195312 0.265625 0.191406 0.261719 0.183594 0.261719 0.175781 0.253906 0.175781 0.218750 0.171875 0.214844 0.171875 0.207031
5 0.546875 0.109375 0.546875 0.121094 0.558594 0.121094 0.558594 0.109375
5 0.449219 0.101562 0.449219 0.113281 0.445312 0.117188 0.441406 0.117188 0.433594 0.125000 0.390625 0.125000 0.386719 0.128906 0.386719 0.136719 0.445312 0.136719 0.453125 0.144531 0.453125 0.156250 0.460938 0.156250 0.464844 0.160156 0.464844 0.164062 0.472656 0.171875 0.472656 0.195312 0.476562 0.199219 0.476562 0.222656 0.484375 0.222656 0.488281 0.218750 0.492188 0.218750 0.496094 0.214844 0.519531 0.214844 0.523438 0.218750 0.527344 0.218750 0.531250 0.222656 0.531250 0.230469 0.535156 0.230469 0.539062 0.234375 0.539062 0.261719 0.546875 0.261719 0.546875 0.250000 0.550781 0.246094 0.566406 0.246094 0.570312 0.250000 0.570312 0.261719 0.574219 0.261719 0.578125 0.265625 0.578125 0.281250 0.574219 0.285156 0.574219 0.289062 0.570312 0.292969 0.531250 0.292969 0.527344 0.289062 0.527344 0.285156 0.523438 0.281250 0.507812 0.281250 0.503906 0.285156 0.476562 0.285156 0.468750 0.277344 0.437500 0.277344 0.433594 0.281250 0.429688 0.281250 0.429688 0.289062 0.425781 0.292969 0.417969 0.292969 0.417969 0.300781 0.421875 0.304688 0.441406 0.304688 0.445312 0.308594 0.445312 0.316406 0.457031 0.316406 0.460938 0.312500 0.476562 0.312500 0.480469 0.316406 0.480469 0.320312 0.484375 0.324219 0.484375 0.328125 0.519531 0.328125 0.523438 0.332031 0.523438 0.363281 0.519531 0.367188 0.507812 0.367188 0.507812 0.378906 0.503906 0.382812 0.488281 0.382812 0.488281 0.390625 0.492188 0.390625 0.496094 0.394531 0.507812 0.394531 0.511719 0.398438 0.511719 0.417969 0.515625 0.421875 0.515625 0.425781 0.527344 0.425781 0.531250 0.429688 0.531250 0.457031 0.539062 0.457031 0.539062 0.449219 0.542969 0.445312 0.562500 0.445312 0.566406 0.449219 0.582031 0.449219 0.585938 0.453125 0.585938 0.464844 0.593750 0.464844 0.593750 0.449219 0.597656 0.445312 0.597656 0.437500 0.601562 0.433594 0.601562 0.429688 0.605469 0.425781 0.605469 0.414062 0.609375 0.410156 0.609375 0.402344 0.605469 0.398438 0.605469 0.394531 0.582031 0.394531 0.578125 0.390625 0.578125 0.359375 0.582031 0.355469 0.601562 0.355469 0.609375 0.347656 0.613281 0.347656 0.613281 0.339844 0.621094 0.332031 0.625000 0.332031 0.628906 0.328125 0.636719 0.328125 0.640625 0.324219 0.652344 0.324219 0.656250 0.320312 0.660156 0.320312 0.660156 0.300781 0.664062 0.296875 0.679688 0.296875 0.683594 0.300781 0.683594 0.335938 0.699219 0.335938 0.703125 0.339844 0.703125 0.355469 0.699219 0.359375 0.679688 0.359375 0.675781 0.355469 0.675781 0.351562 0.664062 0.351562 0.664062 0.386719 0.671875 0.394531 0.675781 0.394531 0.679688 0.398438 0.679688 0.406250 0.683594 0.410156 0.683594 0.421875 0.691406 0.421875 0.691406 0.406250 0.695312 0.402344 0.695312 0.378906 0.699219 0.375000 0.730469 0.375000 0.734375 0.378906 0.734375 0.386719 0.738281 0.390625 0.738281 0.398438 0.742188 0.402344 0.742188 0.406250 0.746094 0.406250 0.750000 0.410156 0.753906 0.410156 0.757812 0.414062 0.765625 0.414062 0.769531 0.417969 0.769531 0.433594 0.792969 0.433594 0.796875 0.437500 0.796875 0.441406 0.804688 0.441406 0.808594 0.445312 0.808594 0.460938 0.804688 0.464844 0.789062 0.464844 0.789062 0.468750 0.781250 0.476562 0.781250 0.480469 0.777344 0.484375 0.750000 0.484375 0.750000 0.496094 0.773438 0.496094 0.777344 0.492188 0.785156 0.492188 0.789062 0.488281 0.800781 0.488281 0.800781 0.484375 0.808594 0.476562 0.832031 0.476562 0.835938 0.472656 0.851562 0.472656 0.851562 0.464844 0.855469 0.460938 0.875000 0.460938 0.875000 0.453125 0.871094 0.453125 0.867188 0.449219 0.855469 0.449219 0.847656 0.441406 0.847656 0.437500 0.835938 0.437500 0.832031 0.433594 0.832031 0.429688 0.828125 0.429688 0.820312 0.421875 0.816406 0.421875 0.812500 0.417969 0.812500 0.410156 0.804688 0.402344 0.804688 0.386719 0.800781 0.386719 0.792969 0.378906 0.792969 0.371094 0.781250 0.371094 0.781250 0.378906 0.777344 0.382812 0.761719 0.382812 0.757812 0.378906 0.757812 0.363281 0.761719 0.359375 0.769531 0.359375 0.769531 0.347656 0.777344 0.339844 0.777344 0.335938 0.781250 0.332031 0.781250 0.328125 0.785156 0.324219 0.792969 0.324219 0.792969 0.320312 0.796875 0.316406 0.800781 0.316406 0.800781 0.312500 0.804688 0.308594 0.816406 0.308594 0.820312 0.304688 0.835938 0.304688 0.839844 0.300781 0.855469 0.300781 0.863281 0.308594 0.863281 0.312500 0.867188 0.316406 0.867188 0.347656 0.863281 0.351562 0.859375 0.351562 0.859375 0.359375 0.863281 0.363281 0.871094 0.363281 0.875000 0.367188 0.875000 0.371094 0.886719 0.371094 0.886719 0.355469 0.890625 0.351562 0.898438 0.351562 0.898438 0.347656 0.906250 0.339844 0.910156 0.339844 0.910156 0.316406 0.906250 0.316406 0.902344 0.312500 0.898438 0.312500 0.894531 0.308594 0.894531 0.304688 0.890625 0.300781 0.890625 0.273438 0.886719 0.269531 0.886719 0.250000 0.875000 0.250000 0.875000 0.253906 0.867188 0.261719 0.867188 0.273438 0.863281 0.277344 0.859375 0.277344 0.859375 0.285156 0.855469 0.289062 0.820312 0.289062 0.816406 0.292969 0.789062 0.292969 0.777344 0.281250 0.777344 0.277344 0.738281 0.277344 0.734375 0.273438 0.734375 0.257812 0.730469 0.253906 0.714844 0.253906 0.710938 0.250000 0.710938 0.234375 0.707031 0.234375 0.703125 0.230469 0.703125 0.226562 0.691406 0.226562 0.683594 0.218750 0.683594 0.207031 0.675781 0.207031 0.667969 0.199219 0.667969 0.195312 0.656250 0.183594 0.648438 0.183594 0.644531 0.187500 0.644531 0.207031 0.648438 0.207031 0.652344 0.210938 0.652344 0.214844 0.656250 0.214844 0.660156 0.218750 0.660156 0.222656 0.667969 0.230469 0.667969 0.242188 0.687500 0.242188 0.695312 0.250000 0.695312 0.253906 0.699219 0.257812 0.699219 0.285156 0.695312 0.289062 0.675781 0.289062 0.671875 0.292969 0.656250 0.292969 0.652344 0.289062 0.652344 0.269531 0.636719 0.269531 0.632812 0.265625 0.609375 0.265625 0.605469 0.261719 0.585938 0.261719 0.582031 0.257812 0.582031 0.242188 0.585938 0.238281 0.585938 0.230469 0.582031 0.226562 0.582031 0.191406 0.585938 0.187500 0.593750 0.187500 0.593750 0.179688 0.597656 0.175781 0.597656 0.148438 0.601562 0.144531 0.621094 0.144531 0.621094 0.132812 0.613281 0.125000 0.609375 0.125000 0.601562 0.117188 0.585938 0.117188 0.585938 0.140625 0.582031 0.144531 0.578125 0.144531 0.578125 0.148438 0.574219 0.152344 0.574219 0.156250 0.570312 0.160156 0.566406 0.160156 0.562500 0.164062 0.546875 0.164062 0.542969 0.160156 0.542969 0.148438 0.523438 0.148438 0.519531 0.144531 0.519531 0.121094 0.507812 0.121094 0.507812 0.136719 0.503906 0.140625 0.472656 0.140625 0.468750 0.136719 0.468750 0.117188 0.472656 0.113281 0.480469 0.113281 0.480469 0.105469 0.476562 0.101562
5 0.531250 0.074219 0.531250 0.093750 0.535156 0.097656 0.535156 0.101562 0.542969 0.101562 0.542969 0.078125 0.539062 0.074219
