5 0.328125 0.945312 0.324219 0.949219 0.316406 0.949219 0.312500 0.953125 0.304688 0.953125 0.296875 0.960938 0.289062 0.960938 0.289062 0.972656 0.292969 0.976562 0.304688 0.976562 0.312500 0.984375 0.312500 0.996094 0.328125 0.996094 0.328125 0.984375 0.335938 0.976562 0.339844 0.976562 0.339844 0.945312
5 0.222656 0.804688 0.222656 0.820312 0.234375 0.820312 0.234375 0.816406 0.238281 0.812500 0.246094 0.812500 0.246094 0.804688
5 0.289062 0.636719 0.289062 0.660156 0.285156 0.664062 0.281250 0.664062 0.281250 0.671875 0.277344 0.675781 0.277344 0.699219 0.281250 0.699219 0.285156 0.703125 0.285156 0.718750 0.281250 0.722656 0.273438 0.722656 0.269531 0.726562 0.269531 0.742188 0.273438 0.746094 0.273438 0.750000 0.277344 0.753906 0.277344 0.769531 0.273438 0.773438 0.269531 0.773438 0.269531 0.785156 0.273438 0.789062 0.273438 0.800781 0.277344 0.804688 0.277344 0.812500 0.281250 0.812500 0.285156 0.816406 0.285156 0.832031 0.277344 0.839844 0.253906 0.839844 0.250000 0.843750 0.246094 0.843750 0.246094 0.851562 0.250000 0.855469 0.253906 0.855469 0.257812 0.859375 0.261719 0.859375 0.265625 0.863281 0.265625 0.867188 0.300781 0.867188 0.304688 0.871094 0.304688 0.890625 0.308594 0.894531 0.308594 0.914062 0.312500 0.917969 0.339844 0.917969 0.339844 0.906250 0.343750 0.902344 0.343750 0.890625 0.351562 0.882812 0.371094 0.882812 0.375000 0.886719 0.375000 0.890625 0.382812 0.898438 0.390625 0.898438 0.390625 0.886719 0.382812 0.878906 0.382812 0.859375 0.386719 0.855469 0.386719 0.847656 0.390625 0.843750 0.390625 0.839844 0.394531 0.835938 0.398438 0.835938 0.398438 0.828125 0.402344 0.824219 0.406250 0.824219 0.414062 0.816406 0.417969 0.816406 0.417969 0.792969 0.414062 0.789062 0.414062 0.781250 0.410156 0.777344 0.410156 0.773438 0.394531 0.773438 0.390625 0.769531 0.390625 0.750000 0.394531 0.746094 0.414062 0.746094 0.414062 0.742188 0.417969 0.738281 0.417969 0.722656 0.410156 0.722656 0.410156 0.730469 0.406250 0.734375 0.406250 0.738281 0.402344 0.742188 0.375000 0.742188 0.375000 0.750000 0.371094 0.753906 0.347656 0.753906 0.343750 0.750000 0.343750 0.730469 0.347656 0.726562 0.347656 0.718750 0.339844 0.718750 0.335938 0.714844 0.300781 0.714844 0.296875 0.710938 0.296875 0.687500 0.300781 0.683594 0.300781 0.671875 0.296875 0.667969 0.296875 0.652344 0.300781 0.648438 0.300781 0.636719
5 0.445312 0.628906 0.437500 0.636719 0.421875 0.636719 0.417969 0.640625 0.375000 0.640625 0.375000 0.648438 0.386719 0.648438 0.390625 0.652344 0.390625 0.656250 0.402344 0.656250 0.406250 0.652344 0.429688 0.652344 0.433594 0.648438 0.437500 0.648438 0.437500 0.644531 0.441406 0.640625 0.453125 0.640625 0.457031 0.636719 0.457031 0.628906
5 0.480469 0.609375 0.476562 0.613281 0.472656 0.613281 0.472656 0.621094 0.488281 0.621094 0.488281 0.609375
5 0.441406 0.539062 0.441406 0.542969 0.437500 0.546875 0.433594 0.546875 0.433594 0.554688 0.437500 0.558594 0.437500 0.574219 0.433594 0.578125 0.425781 0.578125 0.425781 0.589844 0.433594 0.589844 0.437500 0.585938 0.437500 0.570312 0.441406 0.566406 0.453125 0.566406 0.457031 0.562500 0.460938 0.562500 0.460938 0.546875 0.457031 0.542969 0.457031 0.539062
5 0.265625 0.535156 0.265625 0.542969 0.261719 0.546875 0.250000 0.546875 0.246094 0.550781 0.242188 0.550781 0.242188 0.554688 0.238281 0.558594 0.214844 0.558594 0.214844 0.570312 0.210938 0.574219 0.203125 0.574219 0.203125 0.582031 0.207031 0.582031 0.210938 0.585938 0.222656 0.585938 0.226562 0.589844 0.226562 0.613281 0.250000 0.613281 0.250000 0.609375 0.253906 0.605469 0.253906 0.574219 0.257812 0.570312 0.281250 0.570312 0.281250 0.562500 0.285156 0.558594 0.292969 0.558594 0.296875 0.554688 0.296875 0.550781 0.300781 0.546875 0.316406 0.546875 0.320312 0.550781 0.320312 0.558594 0.328125 0.558594 0.332031 0.554688 0.351562 0.554688 0.355469 0.558594 0.367188 0.558594 0.367188 0.550781 0.363281 0.550781 0.359375 0.546875 0.332031 0.546875 0.328125 0.542969 0.304688 0.542969 0.300781 0.539062 0.281250 0.539062 0.277344 0.535156
5 0.386719 0.464844 0.386719 0.472656 0.398438 0.472656 0.402344 0.476562 0.402344 0.484375 0.410156 0.484375 0.410156 0.472656 0.406250 0.472656 0.402344 0.468750 0.402344 0.464844
5 0.261719 0.441406 0.261719 0.453125 0.257812 0.457031 0.257812 0.464844 0.277344 0.464844 0.281250 0.468750 0.281250 0.472656 0.312500 0.472656 0.316406 0.476562 0.324219 0.476562 0.328125 0.472656 0.332031 0.472656 0.332031 0.460938 0.285156 0.460938 0.277344 0.453125 0.277344 0.449219 0.273438 0.449219 0.269531 0.445312 0.269531 0.441406
5 0.179688 0.441406 0.179688 0.449219 0.191406 0.449219 0.191406 0.441406
5 0.187500 0.398438 0.183594 0.402344 0.183594 0.406250 0.179688 0.410156 0.179688 0.417969 0.195312 0.417969 0.195312 0.398438
5 0.875000 0.300781 0.875000 0.304688 0.871094 0.308594 0.867188 0.308594 0.867188 0.320312 0.863281 0.324219 0.863281 0.332031 0.867188 0.332031 0.871094 0.335938 0.871094 0.339844 0.875000 0.343750 0.875000 0.378906 0.871094 0.382812 0.855469 0.382812 0.851562 0.378906 0.851562 0.355469 0.835938 0.355469 0.832031 0.351562 0.820312 0.351562 0.816406 0.355469 0.816406 0.363281 0.812500 0.367188 0.804688 0.367188 0.804688 0.371094 0.800781 0.375000 0.789062 0.375000 0.789062 0.378906 0.785156 0.382812 0.785156 0.394531 0.781250 0.398438 0.777344 0.398438 0.777344 0.406250 0.773438 0.410156 0.773438 0.417969 0.769531 0.421875 0.753906 0.421875 0.753906 0.425781 0.750000 0.429688 0.746094 0.429688 0.738281 0.437500 0.738281 0.445312 0.734375 0.449219 0.710938 0.449219 0.707031 0.445312 0.691406 0.445312 0.687500 0.441406 0.675781 0.441406 0.671875 0.437500 0.667969 0.437500 0.664062 0.433594 0.664062 0.425781 0.644531 0.425781 0.636719 0.417969 0.628906 0.417969 0.628906 0.421875 0.625000 0.425781 0.609375 0.425781 0.605469 0.429688 0.585938 0.429688 0.578125 0.421875 0.578125 0.417969 0.574219 0.417969 0.570312 0.414062 0.570312 0.394531 0.562500 0.394531 0.558594 0.398438 0.550781 0.398438 0.550781 0.421875 0.546875 0.425781 0.542969 0.425781 0.542969 0.437500 0.546875 0.441406 0.546875 0.457031 0.542969 0.460938 0.519531 0.460938 0.511719 0.453125 0.511719 0.437500 0.500000 0.437500 0.500000 0.464844 0.511719 0.464844 0.515625 0.468750 0.515625 0.472656 0.519531 0.476562 0.519531 0.488281 0.523438 0.492188 0.523438 0.515625 0.539062 0.515625 0.542969 0.519531 0.542969 0.542969 0.539062 0.546875 0.519531 0.546875 0.519531 0.562500 0.523438 0.562500 0.527344 0.566406 0.535156 0.566406 0.539062 0.570312 0.539062 0.585938 0.535156 0.589844 0.531250 0.589844 0.531250 0.613281 0.527344 0.617188 0.523438 0.617188 0.523438 0.628906 0.519531 0.632812 0.503906 0.632812 0.503906 0.648438 0.500000 0.652344 0.480469 0.652344 0.480469 0.664062 0.484375 0.667969 0.484375 0.691406 0.480469 0.695312 0.476562 0.695312 0.476562 0.710938 0.480469 0.714844 0.480469 0.718750 0.500000 0.718750 0.503906 0.722656 0.503906 0.789062 0.507812 0.792969 0.507812 0.796875 0.523438 0.796875 0.527344 0.792969 0.535156 0.792969 0.539062 0.789062 0.542969 0.789062 0.542969 0.761719 0.546875 0.757812 0.546875 0.738281 0.550781 0.734375 0.566406 0.734375 0.570312 0.738281 0.570312 0.757812 0.566406 0.761719 0.566406 0.773438 0.578125 0.773438 0.582031 0.777344 0.582031 0.781250 0.589844 0.781250 0.593750 0.785156 0.593750 0.796875 0.605469 0.796875 0.605469 0.750000 0.609375 0.746094 0.613281 0.746094 0.613281 0.738281 0.609375 0.734375 0.578125 0.734375 0.574219 0.730469 0.574219 0.707031 0.578125 0.703125 0.578125 0.679688 0.582031 0.675781 0.597656 0.675781 0.597656 0.644531 0.601562 0.640625 0.621094 0.640625 0.625000 0.644531 0.628906 0.644531 0.632812 0.648438 0.640625 0.648438 0.648438 0.640625 0.656250 0.640625 0.656250 0.613281 0.660156 0.609375 0.675781 0.609375 0.679688 0.613281 0.679688 0.617188 0.683594 0.617188 0.687500 0.621094 0.687500 0.625000 0.699219 0.625000 0.703125 0.621094 0.703125 0.613281 0.707031 0.609375 0.722656 0.609375 0.730469 0.617188 0.730469 0.621094 0.753906 0.621094 0.761719 0.628906 0.773438 0.628906 0.773438 0.621094 0.781250 0.613281 0.781250 0.601562 0.792969 0.589844 0.808594 0.589844 0.816406 0.597656 0.816406 0.609375 0.820312 0.613281 0.820312 0.632812 0.824219 0.632812 0.832031 0.640625 0.832031 0.675781 0.828125 0.679688 0.828125 0.687500 0.863281 0.687500 0.863281 0.667969 0.867188 0.664062 0.871094 0.664062 0.878906 0.656250 0.898438 0.656250 0.902344 0.660156 0.902344 0.664062 0.914062 0.664062 0.914062 0.660156 0.917969 0.656250 0.917969 0.632812 0.914062 0.632812 0.910156 0.628906 0.910156 0.601562 0.914062 0.597656 0.929688 0.597656 0.933594 0.593750 0.941406 0.593750 0.945312 0.589844 0.949219 0.589844 0.949219 0.562500 0.945312 0.562500 0.941406 0.558594 0.941406 0.539062 0.945312 0.535156 0.945312 0.511719 0.949219 0.507812 0.968750 0.507812 0.972656 0.511719 0.972656 0.519531 0.980469 0.519531 0.980469 0.503906 0.964844 0.503906 0.960938 0.500000 0.960938 0.476562 0.941406 0.476562 0.937500 0.472656 0.898438 0.472656 0.894531 0.468750 0.894531 0.449219 0.902344 0.441406 0.953125 0.441406 0.957031 0.445312 0.964844 0.445312 0.964844 0.433594 0.960938 0.433594 0.957031 0.429688 0.933594 0.429688 0.929688 0.425781 0.925781 0.425781 0.914062 0.414062 0.910156 0.414062 0.906250 0.410156 0.890625 0.410156 0.886719 0.414062 0.871094 0.414062 0.867188 0.410156 0.867188 0.390625 0.871094 0.386719 0.882812 0.386719 0.882812 0.355469 0.886719 0.351562 0.902344 0.351562 0.906250 0.355469 0.906250 0.371094 0.929688 0.371094 0.929688 0.359375 0.925781 0.355469 0.921875 0.355469 0.917969 0.351562 0.910156 0.351562 0.906250 0.347656 0.906250 0.332031 0.898438 0.324219 0.898438 0.320312 0.894531 0.316406 0.890625 0.316406 0.886719 0.312500 0.886719 0.308594 0.882812 0.304688 0.882812 0.300781
5 0.382812 0.289062 0.382812 0.312500 0.378906 0.316406 0.378906 0.320312 0.375000 0.324219 0.375000 0.347656 0.371094 0.351562 0.363281 0.351562 0.359375 0.355469 0.339844 0.355469 0.335938 0.351562 0.335938 0.343750 0.332031 0.339844 0.320312 0.339844 0.316406 0.335938 0.316406 0.312500 0.308594 0.304688 0.300781 0.304688 0.292969 0.312500 0.292969 0.316406 0.289062 0.320312 0.285156 0.320312 0.285156 0.335938 0.289062 0.339844 0.289062 0.382812 0.285156 0.386719 0.253906 0.386719 0.250000 0.382812 0.238281 0.382812 0.234375 0.378906 0.234375 0.371094 0.230469 0.367188 0.230469 0.343750 0.222656 0.343750 0.222656 0.363281 0.218750 0.367188 0.187500 0.367188 0.187500 0.375000 0.207031 0.375000 0.210938 0.378906 0.210938 0.382812 0.238281 0.382812 0.242188 0.386719 0.242188 0.417969 0.238281 0.421875 0.222656 0.421875 0.222656 0.441406 0.238281 0.441406 0.238281 0.421875 0.242188 0.417969 0.257812 0.417969 0.265625 0.410156 0.277344 0.410156 0.277344 0.402344 0.281250 0.398438 0.308594 0.398438 0.312500 0.402344 0.312500 0.410156 0.316406 0.414062 0.316406 0.425781 0.328125 0.425781 0.332031 0.421875 0.343750 0.421875 0.347656 0.417969 0.363281 0.417969 0.367188 0.421875 0.367188 0.429688 0.375000 0.429688 0.375000 0.425781 0.378906 0.421875 0.378906 0.351562 0.382812 0.347656 0.386719 0.347656 0.386719 0.328125 0.390625 0.324219 0.406250 0.324219 0.406250 0.289062
5 0.859375 0.261719 0.859375 0.277344 0.875000 0.277344 0.875000 0.269531 0.871094 0.265625 0.871094 0.261719
5 0.800781 0.230469 0.800781 0.242188 0.804688 0.242188 0.812500 0.250000 0.816406 0.250000 0.820312 0.253906 0.828125 0.253906 0.828125 0.246094 0.824219 0.242188 0.824219 0.238281 0.820312 0.238281 0.816406 0.234375 0.812500 0.234375 0.808594 0.230469
5 0.730469 0.214844 0.730469 0.222656 0.726562 0.226562 0.710938 0.226562 0.710938 0.230469 0.707031 0.234375 0.683594 0.234375 0.679688 0.230469 0.671875 0.230469 0.667969 0.234375 0.667969 0.246094 0.664062 0.250000 0.664062 0.253906 0.660156 0.257812 0.632812 0.257812 0.632812 0.265625 0.648438 0.265625 0.652344 0.269531 0.652344 0.285156 0.648438 0.289062 0.648438 0.296875 0.644531 0.300781 0.644531 0.304688 0.640625 0.308594 0.636719 0.308594 0.632812 0.312500 0.632812 0.320312 0.644531 0.320312 0.644531 0.316406 0.648438 0.312500 0.656250 0.312500 0.660156 0.308594 0.664062 0.308594 0.664062 0.304688 0.667969 0.300781 0.667969 0.292969 0.671875 0.289062 0.687500 0.289062 0.691406 0.292969 0.691406 0.296875 0.695312 0.296875 0.699219 0.300781 0.699219 0.308594 0.703125 0.312500 0.703125 0.328125 0.699219 0.332031 0.691406 0.332031 0.687500 0.335938 0.675781 0.335938 0.675781 0.351562 0.671875 0.355469 0.644531 0.355469 0.644531 0.363281 0.640625 0.367188 0.640625 0.378906 0.636719 0.382812 0.636719 0.390625 0.656250 0.390625 0.660156 0.394531 0.667969 0.394531 0.667969 0.390625 0.671875 0.386719 0.683594 0.386719 0.683594 0.382812 0.691406 0.375000 0.695312 0.375000 0.695312 0.367188 0.699219 0.363281 0.707031 0.363281 0.707031 0.359375 0.714844 0.351562 0.746094 0.351562 0.746094 0.335938 0.750000 0.332031 0.773438 0.332031 0.777344 0.328125 0.804688 0.328125 0.804688 0.316406 0.800781 0.312500 0.789062 0.312500 0.781250 0.304688 0.781250 0.277344 0.785156 0.273438 0.785156 0.261719 0.781250 0.261719 0.777344 0.257812 0.777344 0.253906 0.773438 0.250000 0.773438 0.238281 0.765625 0.238281 0.765625 0.250000 0.761719 0.253906 0.746094 0.253906 0.742188 0.250000 0.742188 0.242188 0.738281 0.238281 0.738281 0.214844
5 0.375000 0.179688 0.371094 0.183594 0.367188 0.183594 0.363281 0.187500 0.359375 0.187500 0.355469 0.191406 0.351562 0.191406 0.343750 0.199219 0.339844 0.199219 0.339844 0.210938 0.335938 0.214844 0.335938 0.222656 0.343750 0.222656 0.351562 0.214844 0.351562 0.207031 0.359375 0.199219 0.367188 0.199219 0.371094 0.195312 0.382812 0.195312 0.382812 0.179688
5 0.535156 0.144531 0.535156 0.152344 0.531250 0.156250 0.503906 0.156250 0.503906 0.160156 0.496094 0.167969 0.464844 0.167969 0.464844 0.179688 0.480469 0.179688 0.484375 0.183594 0.484375 0.199219 0.480469 0.203125 0.480469 0.210938 0.484375 0.214844 0.484375 0.234375 0.480469 0.238281 0.476562 0.238281 0.476562 0.250000 0.480469 0.250000 0.484375 0.253906 0.492188 0.253906 0.496094 0.257812 0.496094 0.261719 0.500000 0.265625 0.500000 0.281250 0.496094 0.285156 0.492188 0.285156 0.492188 0.316406 0.500000 0.316406 0.503906 0.320312 0.503906 0.328125 0.531250 0.328125 0.535156 0.332031 0.535156 0.335938 0.539062 0.335938 0.542969 0.339844 0.542969 0.347656 0.566406 0.347656 0.570312 0.351562 0.570312 0.367188 0.578125 0.367188 0.578125 0.363281 0.582031 0.359375 0.589844 0.359375 0.593750 0.355469 0.593750 0.343750 0.582031 0.343750 0.578125 0.347656 0.562500 0.347656 0.558594 0.343750 0.558594 0.320312 0.562500 0.316406 0.597656 0.316406 0.597656 0.304688 0.601562 0.300781 0.601562 0.292969 0.593750 0.292969 0.589844 0.289062 0.585938 0.289062 0.582031 0.285156 0.582031 0.269531 0.585938 0.265625 0.585938 0.253906 0.582031 0.250000 0.582031 0.230469 0.585938 0.226562 0.597656 0.226562 0.597656 0.222656 0.601562 0.218750 0.601562 0.207031 0.605469 0.203125 0.613281 0.203125 0.613281 0.191406 0.609375 0.191406 0.605469 0.187500 0.605469 0.183594 0.601562 0.179688 0.585938 0.179688 0.582031 0.175781 0.574219 0.175781 0.570312 0.179688 0.542969 0.179688 0.539062 0.175781 0.539062 0.160156 0.542969 0.156250 0.542969 0.144531
5 0.660156 0.093750 0.660156 0.109375 0.652344 0.117188 0.625000 0.117188 0.621094 0.121094 0.593750 0.121094 0.589844 0.125000 0.585938 0.125000 0.585938 0.132812 0.589844 0.132812 0.593750 0.136719 0.593750 0.140625 0.601562 0.140625 0.605469 0.144531 0.605469 0.160156 0.621094 0.160156 0.621094 0.156250 0.625000 0.152344 0.625000 0.148438 0.628906 0.144531 0.632812 0.144531 0.636719 0.140625 0.640625 0.140625 0.644531 0.136719 0.644531 0.132812 0.648438 0.128906 0.656250 0.128906 0.660156 0.125000 0.683594 0.125000 0.687500 0.121094 0.687500 0.113281 0.683594 0.109375 0.679688 0.109375 0.675781 0.105469 0.675781 0.093750
5 0.550781 0.050781 0.550781 0.066406 0.546875 0.070312 0.546875 0.082031 0.550781 0.082031 0.554688 0.085938 0.566406 0.085938 0.574219 0.078125 0.582031 0.078125 0.582031 0.074219 0.585938 0.070312 0.648438 0.070312 0.648438 0.054688 0.640625 0.054688 0.636719 0.058594 0.566406 0.058594 0.558594 0.050781
