5 0.582031 0.800781 0.582031 0.804688 0.578125 0.808594 0.574219 0.808594 0.566406 0.816406 0.566406 0.828125 0.562500 0.832031 0.562500 0.839844 0.578125 0.839844 0.582031 0.843750 0.582031 0.859375 0.589844 0.859375 0.593750 0.863281 0.593750 0.882812 0.597656 0.882812 0.601562 0.886719 0.601562 0.890625 0.617188 0.890625 0.621094 0.894531 0.621094 0.902344 0.625000 0.902344 0.628906 0.906250 0.636719 0.906250 0.644531 0.898438 0.648438 0.898438 0.648438 0.886719 0.640625 0.886719 0.636719 0.882812 0.636719 0.867188 0.640625 0.863281 0.648438 0.863281 0.652344 0.859375 0.652344 0.839844 0.648438 0.835938 0.648438 0.816406 0.640625 0.816406 0.640625 0.820312 0.636719 0.824219 0.621094 0.824219 0.617188 0.820312 0.613281 0.820312 0.609375 0.816406 0.609375 0.812500 0.601562 0.812500 0.593750 0.804688 0.593750 0.800781
5 0.281250 0.781250 0.281250 0.785156 0.277344 0.789062 0.257812 0.789062 0.257812 0.800781 0.261719 0.800781 0.265625 0.804688 0.265625 0.816406 0.273438 0.816406 0.273438 0.800781 0.277344 0.796875 0.285156 0.796875 0.285156 0.792969 0.289062 0.789062 0.292969 0.789062 0.292969 0.781250
5 0.527344 0.738281 0.527344 0.757812 0.531250 0.757812 0.539062 0.765625 0.539062 0.785156 0.542969 0.789062 0.554688 0.789062 0.554688 0.742188 0.542969 0.742188 0.539062 0.738281
5 0.359375 0.675781 0.355469 0.679688 0.355469 0.691406 0.351562 0.695312 0.351562 0.714844 0.347656 0.718750 0.312500 0.718750 0.312500 0.726562 0.316406 0.726562 0.320312 0.730469 0.320312 0.750000 0.316406 0.753906 0.312500 0.753906 0.312500 0.769531 0.332031 0.769531 0.335938 0.773438 0.335938 0.789062 0.351562 0.789062 0.355469 0.792969 0.355469 0.816406 0.367188 0.816406 0.371094 0.820312 0.371094 0.828125 0.375000 0.828125 0.378906 0.832031 0.378906 0.835938 0.386719 0.835938 0.386719 0.789062 0.390625 0.785156 0.398438 0.785156 0.398438 0.769531 0.406250 0.761719 0.410156 0.761719 0.410156 0.753906 0.414062 0.750000 0.414062 0.726562 0.417969 0.722656 0.421875 0.722656 0.421875 0.707031 0.417969 0.703125 0.417969 0.691406 0.406250 0.691406 0.402344 0.687500 0.402344 0.683594 0.394531 0.683594 0.390625 0.679688 0.371094 0.679688 0.367188 0.675781
5 0.265625 0.652344 0.265625 0.664062 0.277344 0.664062 0.277344 0.656250 0.273438 0.652344
5 0.492188 0.636719 0.492188 0.640625 0.488281 0.644531 0.464844 0.644531 0.464844 0.656250 0.472656 0.664062 0.476562 0.664062 0.480469 0.667969 0.480469 0.671875 0.488281 0.671875 0.488281 0.664062 0.496094 0.656250 0.500000 0.656250 0.503906 0.652344 0.503906 0.640625 0.500000 0.636719
5 0.445312 0.589844 0.445312 0.593750 0.441406 0.597656 0.421875 0.597656 0.417969 0.601562 0.417969 0.613281 0.414062 0.617188 0.398438 0.617188 0.398438 0.632812 0.406250 0.640625 0.406250 0.644531 0.414062 0.644531 0.417969 0.648438 0.417969 0.656250 0.421875 0.660156 0.421875 0.664062 0.429688 0.664062 0.429688 0.656250 0.425781 0.652344 0.425781 0.628906 0.429688 0.625000 0.433594 0.625000 0.433594 0.601562 0.437500 0.597656 0.453125 0.597656 0.453125 0.589844
5 0.140625 0.562500 0.140625 0.566406 0.136719 0.570312 0.113281 0.570312 0.109375 0.566406 0.101562 0.566406 0.101562 0.574219 0.105469 0.578125 0.105469 0.597656 0.132812 0.597656 0.132812 0.578125 0.136719 0.574219 0.156250 0.574219 0.160156 0.578125 0.160156 0.589844 0.164062 0.593750 0.167969 0.593750 0.171875 0.597656 0.171875 0.617188 0.167969 0.621094 0.156250 0.621094 0.156250 0.628906 0.171875 0.628906 0.175781 0.632812 0.175781 0.667969 0.171875 0.671875 0.167969 0.671875 0.167969 0.675781 0.160156 0.683594 0.144531 0.683594 0.140625 0.679688 0.140625 0.671875 0.132812 0.671875 0.128906 0.675781 0.128906 0.683594 0.132812 0.687500 0.132812 0.699219 0.171875 0.699219 0.175781 0.695312 0.179688 0.695312 0.179688 0.691406 0.183594 0.687500 0.195312 0.687500 0.195312 0.679688 0.183594 0.679688 0.179688 0.675781 0.179688 0.660156 0.183594 0.656250 0.187500 0.656250 0.187500 0.640625 0.191406 0.636719 0.207031 0.636719 0.210938 0.640625 0.210938 0.664062 0.218750 0.664062 0.218750 0.656250 0.214844 0.656250 0.210938 0.652344 0.210938 0.628906 0.218750 0.621094 0.218750 0.617188 0.222656 0.613281 0.238281 0.613281 0.242188 0.617188 0.242188 0.621094 0.250000 0.621094 0.250000 0.609375 0.230469 0.609375 0.226562 0.605469 0.226562 0.582031 0.218750 0.582031 0.214844 0.578125 0.214844 0.570312 0.171875 0.570312 0.167969 0.566406 0.152344 0.566406 0.148438 0.562500
5 0.593750 0.457031 0.593750 0.464844 0.597656 0.468750 0.609375 0.468750 0.609375 0.457031
5 0.679688 0.449219 0.671875 0.457031 0.664062 0.457031 0.664062 0.464844 0.671875 0.472656 0.683594 0.472656 0.683594 0.468750 0.687500 0.464844 0.691406 0.464844 0.691406 0.449219
5 0.195312 0.421875 0.191406 0.425781 0.191406 0.468750 0.195312 0.468750 0.199219 0.472656 0.199219 0.500000 0.207031 0.500000 0.210938 0.503906 0.230469 0.503906 0.242188 0.515625 0.250000 0.515625 0.253906 0.519531 0.261719 0.519531 0.261719 0.511719 0.265625 0.507812 0.265625 0.496094 0.261719 0.492188 0.250000 0.492188 0.246094 0.488281 0.246094 0.484375 0.242188 0.484375 0.238281 0.480469 0.238281 0.476562 0.234375 0.472656 0.234375 0.468750 0.230469 0.464844 0.230469 0.445312 0.214844 0.445312 0.210938 0.441406 0.210938 0.429688 0.203125 0.421875
5 0.101562 0.359375 0.101562 0.375000 0.097656 0.378906 0.097656 0.382812 0.093750 0.386719 0.078125 0.386719 0.078125 0.394531 0.085938 0.394531 0.085938 0.390625 0.089844 0.386719 0.105469 0.386719 0.109375 0.382812 0.125000 0.382812 0.125000 0.371094 0.117188 0.363281 0.117188 0.359375
5 0.710938 0.316406 0.710938 0.324219 0.726562 0.324219 0.730469 0.328125 0.730469 0.335938 0.734375 0.335938 0.738281 0.339844 0.738281 0.343750 0.746094 0.343750 0.746094 0.332031 0.742188 0.328125 0.742188 0.316406
5 0.562500 0.210938 0.562500 0.214844 0.558594 0.218750 0.554688 0.218750 0.554688 0.230469 0.550781 0.234375 0.550781 0.253906 0.546875 0.257812 0.546875 0.265625 0.542969 0.269531 0.539062 0.269531 0.539062 0.273438 0.535156 0.277344 0.515625 0.277344 0.511719 0.273438 0.503906 0.273438 0.503906 0.281250 0.523438 0.281250 0.527344 0.285156 0.527344 0.292969 0.535156 0.292969 0.542969 0.285156 0.558594 0.285156 0.562500 0.289062 0.562500 0.296875 0.570312 0.296875 0.570312 0.265625 0.574219 0.261719 0.585938 0.261719 0.585938 0.257812 0.589844 0.253906 0.589844 0.242188 0.597656 0.234375 0.597656 0.226562 0.593750 0.226562 0.589844 0.222656 0.589844 0.214844 0.578125 0.214844 0.574219 0.210938
5 0.304688 0.195312 0.296875 0.203125 0.296875 0.210938 0.292969 0.214844 0.273438 0.214844 0.273438 0.222656 0.292969 0.222656 0.296875 0.226562 0.296875 0.242188 0.292969 0.246094 0.289062 0.246094 0.289062 0.253906 0.285156 0.257812 0.265625 0.257812 0.261719 0.253906 0.261719 0.246094 0.250000 0.246094 0.250000 0.253906 0.257812 0.253906 0.261719 0.257812 0.261719 0.265625 0.265625 0.269531 0.281250 0.269531 0.285156 0.273438 0.285156 0.289062 0.281250 0.292969 0.281250 0.300781 0.285156 0.300781 0.289062 0.304688 0.289062 0.312500 0.304688 0.312500 0.308594 0.316406 0.308594 0.332031 0.304688 0.335938 0.304688 0.355469 0.300781 0.359375 0.285156 0.359375 0.281250 0.355469 0.269531 0.355469 0.265625 0.351562 0.265625 0.332031 0.250000 0.332031 0.246094 0.328125 0.230469 0.328125 0.226562 0.324219 0.226562 0.300781 0.222656 0.300781 0.218750 0.296875 0.207031 0.296875 0.207031 0.324219 0.203125 0.328125 0.203125 0.339844 0.250000 0.339844 0.253906 0.343750 0.261719 0.343750 0.265625 0.347656 0.265625 0.363281 0.261719 0.367188 0.257812 0.367188 0.257812 0.375000 0.277344 0.375000 0.281250 0.378906 0.281250 0.394531 0.277344 0.398438 0.277344 0.410156 0.285156 0.417969 0.285156 0.421875 0.289062 0.425781 0.296875 0.425781 0.300781 0.429688 0.300781 0.441406 0.304688 0.441406 0.308594 0.445312 0.308594 0.453125 0.320312 0.453125 0.332031 0.464844 0.335938 0.464844 0.339844 0.468750 0.339844 0.476562 0.351562 0.476562 0.355469 0.480469 0.355469 0.500000 0.347656 0.507812 0.343750 0.507812 0.339844 0.511719 0.312500 0.511719 0.308594 0.507812 0.300781 0.507812 0.296875 0.503906 0.296875 0.496094 0.289062 0.496094 0.289062 0.503906 0.296875 0.503906 0.300781 0.507812 0.300781 0.531250 0.304688 0.535156 0.304688 0.562500 0.308594 0.562500 0.312500 0.566406 0.328125 0.566406 0.332031 0.570312 0.332031 0.593750 0.343750 0.593750 0.355469 0.582031 0.355469 0.574219 0.359375 0.570312 0.367188 0.570312 0.367188 0.558594 0.359375 0.558594 0.355469 0.554688 0.355469 0.535156 0.359375 0.531250 0.359375 0.488281 0.363281 0.484375 0.371094 0.484375 0.371094 0.480469 0.375000 0.476562 0.394531 0.476562 0.398438 0.480469 0.417969 0.480469 0.421875 0.484375 0.421875 0.488281 0.433594 0.488281 0.445312 0.500000 0.445312 0.503906 0.460938 0.503906 0.464844 0.507812 0.464844 0.539062 0.457031 0.546875 0.437500 0.546875 0.433594 0.550781 0.429688 0.550781 0.429688 0.554688 0.425781 0.558594 0.421875 0.558594 0.421875 0.566406 0.453125 0.566406 0.457031 0.562500 0.480469 0.562500 0.484375 0.566406 0.484375 0.589844 0.492188 0.589844 0.496094 0.585938 0.531250 0.585938 0.535156 0.589844 0.535156 0.605469 0.531250 0.609375 0.527344 0.609375 0.527344 0.621094 0.550781 0.621094 0.558594 0.628906 0.566406 0.628906 0.566406 0.621094 0.570312 0.617188 0.597656 0.617188 0.601562 0.621094 0.601562 0.656250 0.597656 0.660156 0.597656 0.664062 0.593750 0.667969 0.593750 0.671875 0.589844 0.675781 0.562500 0.675781 0.562500 0.687500 0.558594 0.691406 0.503906 0.691406 0.500000 0.695312 0.488281 0.695312 0.488281 0.714844 0.480469 0.722656 0.480469 0.734375 0.476562 0.738281 0.476562 0.750000 0.488281 0.750000 0.488281 0.734375 0.492188 0.730469 0.500000 0.730469 0.500000 0.726562 0.503906 0.722656 0.503906 0.718750 0.507812 0.714844 0.531250 0.714844 0.535156 0.710938 0.539062 0.710938 0.546875 0.703125 0.546875 0.695312 0.550781 0.691406 0.574219 0.691406 0.578125 0.687500 0.585938 0.687500 0.593750 0.679688 0.621094 0.679688 0.632812 0.691406 0.636719 0.691406 0.640625 0.695312 0.652344 0.695312 0.652344 0.675781 0.656250 0.671875 0.664062 0.671875 0.664062 0.664062 0.667969 0.660156 0.667969 0.652344 0.660156 0.652344 0.652344 0.660156 0.613281 0.660156 0.609375 0.656250 0.609375 0.617188 0.613281 0.613281 0.617188 0.613281 0.621094 0.609375 0.625000 0.609375 0.628906 0.605469 0.648438 0.605469 0.652344 0.601562 0.671875 0.601562 0.675781 0.605469 0.675781 0.613281 0.683594 0.613281 0.683594 0.609375 0.687500 0.605469 0.718750 0.605469 0.718750 0.601562 0.726562 0.593750 0.742188 0.593750 0.746094 0.597656 0.746094 0.601562 0.750000 0.605469 0.750000 0.625000 0.746094 0.628906 0.710938 0.628906 0.710938 0.632812 0.707031 0.636719 0.707031 0.671875 0.718750 0.671875 0.722656 0.675781 0.722656 0.683594 0.734375 0.683594 0.734375 0.675781 0.738281 0.671875 0.738281 0.664062 0.742188 0.660156 0.742188 0.656250 0.746094 0.652344 0.785156 0.652344 0.789062 0.656250 0.789062 0.683594 0.792969 0.683594 0.796875 0.687500 0.796875 0.703125 0.792969 0.707031 0.777344 0.707031 0.773438 0.703125 0.773438 0.699219 0.765625 0.699219 0.761719 0.695312 0.746094 0.695312 0.746094 0.703125 0.738281 0.710938 0.734375 0.710938 0.730469 0.714844 0.714844 0.714844 0.710938 0.710938 0.710938 0.707031 0.707031 0.703125 0.707031 0.699219 0.660156 0.699219 0.660156 0.714844 0.656250 0.718750 0.648438 0.718750 0.648438 0.734375 0.644531 0.738281 0.640625 0.738281 0.640625 0.757812 0.636719 0.761719 0.632812 0.761719 0.632812 0.781250 0.636719 0.781250 0.648438 0.792969 0.656250 0.792969 0.660156 0.796875 0.671875 0.796875 0.679688 0.804688 0.683594 0.804688 0.687500 0.808594 0.687500 0.828125 0.691406 0.828125 0.695312 0.832031 0.703125 0.832031 0.707031 0.835938 0.707031 0.843750 0.714844 0.843750 0.718750 0.839844 0.738281 0.839844 0.742188 0.843750 0.742188 0.851562 0.750000 0.859375 0.757812 0.859375 0.765625 0.851562 0.765625 0.832031 0.773438 0.824219 0.773438 0.812500 0.777344 0.808594 0.792969 0.808594 0.792969 0.800781 0.789062 0.796875 0.789062 0.789062 0.781250 0.789062 0.777344 0.785156 0.777344 0.769531 0.781250 0.765625 0.785156 0.765625 0.785156 0.738281 0.789062 0.734375 0.792969 0.734375 0.796875 0.730469 0.812500 0.730469 0.816406 0.734375 0.828125 0.734375 0.828125 0.718750 0.832031 0.714844 0.835938 0.714844 0.835938 0.710938 0.839844 0.707031 0.843750 0.707031 0.843750 0.683594 0.847656 0.679688 0.847656 0.671875 0.851562 0.667969 0.855469 0.667969 0.855469 0.664062 0.859375 0.660156 0.859375 0.648438 0.855469 0.648438 0.851562 0.644531 0.851562 0.621094 0.855469 0.617188 0.878906 0.617188 0.886719 0.609375 0.886719 0.570312 0.882812 0.570312 0.878906 0.566406 0.878906 0.562500 0.835938 0.562500 0.832031 0.558594 0.832031 0.542969 0.839844 0.535156 0.839844 0.531250 0.847656 0.523438 0.847656 0.519531 0.851562 0.515625 0.863281 0.515625 0.863281 0.503906 0.855469 0.503906 0.851562 0.500000 0.847656 0.500000 0.843750 0.496094 0.843750 0.480469 0.847656 0.476562 0.851562 0.476562 0.851562 0.464844 0.843750 0.457031 0.843750 0.441406 0.839844 0.441406 0.832031 0.433594 0.832031 0.410156 0.835938 0.406250 0.843750 0.406250 0.843750 0.402344 0.847656 0.398438 0.847656 0.386719 0.851562 0.382812 0.863281 0.382812 0.863281 0.375000 0.855469 0.367188 0.855469 0.363281 0.851562 0.359375 0.851562 0.355469 0.847656 0.351562 0.839844 0.351562 0.835938 0.355469 0.832031 0.355469 0.832031 0.378906 0.828125 0.382812 0.820312 0.382812 0.816406 0.386719 0.777344 0.386719 0.773438 0.382812 0.773438 0.375000 0.757812 0.375000 0.757812 0.378906 0.753906 0.382812 0.750000 0.382812 0.750000 0.390625 0.746094 0.394531 0.738281 0.394531 0.738281 0.398438 0.726562 0.410156 0.703125 0.410156 0.699219 0.406250 0.699219 0.394531 0.691406 0.394531 0.691406 0.425781 0.714844 0.425781 0.718750 0.429688 0.718750 0.449219 0.714844 0.453125 0.714844 0.460938 0.718750 0.464844 0.718750 0.488281 0.710938 0.496094 0.703125 0.496094 0.695312 0.503906 0.679688 0.503906 0.679688 0.507812 0.675781 0.511719 0.664062 0.511719 0.656250 0.519531 0.656250 0.527344 0.675781 0.527344 0.679688 0.531250 0.679688 0.546875 0.675781 0.550781 0.671875 0.550781 0.671875 0.554688 0.667969 0.558594 0.667969 0.589844 0.664062 0.593750 0.656250 0.593750 0.652344 0.597656 0.628906 0.597656 0.621094 0.589844 0.621094 0.585938 0.617188 0.585938 0.613281 0.582031 0.613281 0.578125 0.609375 0.574219 0.609375 0.562500 0.605469 0.558594 0.593750 0.558594 0.589844 0.562500 0.589844 0.582031 0.585938 0.585938 0.570312 0.585938 0.562500 0.578125 0.562500 0.558594 0.554688 0.558594 0.554688 0.562500 0.550781 0.566406 0.523438 0.566406 0.519531 0.562500 0.519531 0.558594 0.515625 0.554688 0.515625 0.550781 0.511719 0.550781 0.507812 0.546875 0.507812 0.531250 0.515625 0.523438 0.519531 0.523438 0.519531 0.519531 0.523438 0.515625 0.523438 0.511719 0.527344 0.507812 0.542969 0.507812 0.546875 0.511719 0.554688 0.511719 0.558594 0.515625 0.558594 0.519531 0.570312 0.519531 0.570312 0.511719 0.566406 0.507812 0.562500 0.507812 0.558594 0.503906 0.558594 0.500000 0.542969 0.500000 0.542969 0.503906 0.539062 0.507812 0.519531 0.507812 0.515625 0.503906 0.515625 0.500000 0.511719 0.496094 0.511719 0.480469 0.500000 0.480469 0.496094 0.484375 0.480469 0.484375 0.480469 0.496094 0.476562 0.500000 0.460938 0.500000 0.457031 0.496094 0.457031 0.457031 0.453125 0.453125 0.449219 0.453125 0.445312 0.449219 0.445312 0.429688 0.449219 0.425781 0.460938 0.425781 0.460938 0.414062 0.464844 0.410156 0.472656 0.410156 0.472656 0.382812 0.476562 0.378906 0.488281 0.378906 0.488281 0.339844 0.492188 0.335938 0.496094 0.335938 0.496094 0.332031 0.500000 0.328125 0.500000 0.320312 0.492188 0.320312 0.488281 0.316406 0.488281 0.304688 0.464844 0.304688 0.464844 0.324219 0.460938 0.328125 0.441406 0.328125 0.437500 0.324219 0.429688 0.324219 0.429688 0.339844 0.425781 0.343750 0.406250 0.343750 0.402344 0.339844 0.402344 0.324219 0.406250 0.320312 0.406250 0.308594 0.390625 0.308594 0.390625 0.316406 0.394531 0.316406 0.398438 0.320312 0.398438 0.335938 0.394531 0.339844 0.359375 0.339844 0.355469 0.335938 0.355469 0.281250 0.351562 0.277344 0.335938 0.277344 0.332031 0.273438 0.328125 0.273438 0.320312 0.265625 0.320312 0.253906 0.316406 0.250000 0.316406 0.234375 0.312500 0.230469 0.312500 0.195312
5 0.347656 0.074219 0.347656 0.078125 0.343750 0.082031 0.339844 0.082031 0.339844 0.093750 0.343750 0.093750 0.351562 0.101562 0.351562 0.152344 0.347656 0.156250 0.339844 0.156250 0.339844 0.195312 0.343750 0.199219 0.359375 0.199219 0.363281 0.195312 0.367188 0.195312 0.367188 0.191406 0.371094 0.187500 0.386719 0.187500 0.390625 0.191406 0.390625 0.207031 0.394531 0.207031 0.398438 0.210938 0.402344 0.210938 0.406250 0.214844 0.406250 0.218750 0.421875 0.218750 0.421875 0.199219 0.425781 0.195312 0.433594 0.195312 0.437500 0.191406 0.441406 0.191406 0.441406 0.175781 0.445312 0.171875 0.468750 0.171875 0.468750 0.152344 0.457031 0.140625 0.441406 0.140625 0.441406 0.148438 0.437500 0.152344 0.402344 0.152344 0.394531 0.144531 0.394531 0.136719 0.390625 0.132812 0.390625 0.121094 0.382812 0.113281 0.375000 0.113281 0.371094 0.109375 0.371094 0.093750 0.367188 0.093750 0.359375 0.085938 0.359375 0.078125 0.355469 0.074219
