5 0.527344 0.863281 0.527344 0.871094 0.539062 0.871094 0.539062 0.863281
5 0.195312 0.843750 0.195312 0.867188 0.203125 0.867188 0.207031 0.863281 0.207031 0.855469 0.203125 0.851562 0.203125 0.843750
5 0.171875 0.765625 0.171875 0.800781 0.179688 0.800781 0.179688 0.765625
5 0.687500 0.746094 0.687500 0.753906 0.683594 0.757812 0.671875 0.757812 0.667969 0.761719 0.667969 0.781250 0.664062 0.785156 0.644531 0.785156 0.644531 0.792969 0.640625 0.796875 0.636719 0.796875 0.636719 0.804688 0.632812 0.808594 0.601562 0.808594 0.597656 0.804688 0.597656 0.796875 0.589844 0.796875 0.589844 0.800781 0.585938 0.804688 0.578125 0.804688 0.578125 0.816406 0.582031 0.820312 0.582031 0.824219 0.589844 0.824219 0.593750 0.828125 0.593750 0.855469 0.582031 0.867188 0.582031 0.917969 0.593750 0.917969 0.597656 0.914062 0.609375 0.914062 0.613281 0.910156 0.640625 0.910156 0.640625 0.906250 0.644531 0.902344 0.671875 0.902344 0.675781 0.906250 0.683594 0.906250 0.687500 0.910156 0.687500 0.917969 0.703125 0.917969 0.710938 0.925781 0.726562 0.925781 0.730469 0.921875 0.730469 0.886719 0.738281 0.878906 0.738281 0.871094 0.734375 0.867188 0.734375 0.843750 0.738281 0.839844 0.753906 0.839844 0.757812 0.843750 0.757812 0.855469 0.773438 0.855469 0.773438 0.839844 0.769531 0.839844 0.765625 0.835938 0.765625 0.832031 0.746094 0.832031 0.746094 0.835938 0.742188 0.839844 0.726562 0.839844 0.722656 0.835938 0.722656 0.812500 0.714844 0.812500 0.714844 0.816406 0.710938 0.820312 0.699219 0.820312 0.699219 0.824219 0.695312 0.828125 0.679688 0.828125 0.675781 0.824219 0.675781 0.804688 0.679688 0.800781 0.679688 0.796875 0.683594 0.792969 0.683594 0.777344 0.691406 0.769531 0.691406 0.765625 0.703125 0.753906 0.707031 0.753906 0.707031 0.746094
5 0.171875 0.722656 0.171875 0.738281 0.187500 0.738281 0.187500 0.730469 0.183594 0.726562 0.183594 0.722656
5 0.550781 0.687500 0.550781 0.707031 0.558594 0.707031 0.566406 0.699219 0.566406 0.691406 0.562500 0.691406 0.558594 0.687500
5 0.457031 0.683594 0.449219 0.691406 0.445312 0.691406 0.445312 0.699219 0.453125 0.707031 0.476562 0.707031 0.480469 0.710938 0.480469 0.726562 0.484375 0.726562 0.492188 0.734375 0.492188 0.738281 0.496094 0.738281 0.500000 0.742188 0.500000 0.746094 0.511719 0.746094 0.511719 0.738281 0.503906 0.738281 0.500000 0.734375 0.500000 0.718750 0.488281 0.707031 0.480469 0.707031 0.476562 0.703125 0.476562 0.683594
5 0.210938 0.652344 0.210938 0.656250 0.207031 0.660156 0.203125 0.660156 0.199219 0.664062 0.191406 0.664062 0.187500 0.667969 0.187500 0.675781 0.183594 0.679688 0.183594 0.687500 0.187500 0.687500 0.191406 0.691406 0.199219 0.691406 0.203125 0.687500 0.234375 0.687500 0.234375 0.671875 0.230469 0.667969 0.226562 0.667969 0.222656 0.664062 0.222656 0.656250 0.218750 0.652344
5 0.933594 0.621094 0.933594 0.628906 0.941406 0.628906 0.941406 0.621094
5 0.476562 0.566406 0.476562 0.578125 0.488281 0.578125 0.488281 0.570312 0.484375 0.566406
5 0.296875 0.527344 0.296875 0.535156 0.292969 0.539062 0.292969 0.546875 0.296875 0.546875 0.300781 0.550781 0.300781 0.554688 0.304688 0.558594 0.304688 0.566406 0.308594 0.570312 0.308594 0.578125 0.312500 0.582031 0.312500 0.585938 0.371094 0.585938 0.375000 0.589844 0.375000 0.593750 0.378906 0.597656 0.390625 0.597656 0.394531 0.601562 0.394531 0.605469 0.398438 0.609375 0.406250 0.609375 0.406250 0.601562 0.402344 0.597656 0.390625 0.597656 0.386719 0.593750 0.386719 0.589844 0.382812 0.585938 0.378906 0.585938 0.375000 0.582031 0.375000 0.578125 0.351562 0.578125 0.343750 0.570312 0.343750 0.562500 0.339844 0.562500 0.335938 0.558594 0.335938 0.554688 0.332031 0.550781 0.332031 0.542969 0.328125 0.539062 0.328125 0.535156 0.316406 0.535156 0.312500 0.531250 0.308594 0.531250 0.304688 0.527344
5 0.183594 0.503906 0.183594 0.511719 0.191406 0.511719 0.191406 0.503906
5 0.222656 0.496094 0.222656 0.515625 0.226562 0.519531 0.226562 0.535156 0.222656 0.539062 0.179688 0.539062 0.179688 0.546875 0.171875 0.554688 0.152344 0.554688 0.152344 0.589844 0.148438 0.593750 0.132812 0.593750 0.128906 0.597656 0.128906 0.601562 0.125000 0.605469 0.105469 0.605469 0.105469 0.617188 0.125000 0.617188 0.128906 0.621094 0.128906 0.625000 0.132812 0.628906 0.132812 0.632812 0.152344 0.632812 0.152344 0.628906 0.156250 0.625000 0.183594 0.625000 0.187500 0.621094 0.191406 0.621094 0.191406 0.570312 0.199219 0.562500 0.222656 0.562500 0.222656 0.558594 0.226562 0.554688 0.230469 0.554688 0.230469 0.531250 0.234375 0.527344 0.253906 0.527344 0.257812 0.531250 0.265625 0.531250 0.265625 0.519531 0.257812 0.511719 0.257812 0.507812 0.250000 0.507812 0.246094 0.503906 0.234375 0.503906 0.230469 0.500000 0.230469 0.496094
5 0.203125 0.476562 0.199219 0.480469 0.199219 0.492188 0.214844 0.492188 0.214844 0.476562
5 0.207031 0.437500 0.207031 0.449219 0.218750 0.449219 0.218750 0.441406 0.214844 0.437500
5 0.242188 0.425781 0.242188 0.433594 0.250000 0.433594 0.250000 0.425781
5 0.218750 0.371094 0.218750 0.382812 0.222656 0.382812 0.226562 0.386719 0.226562 0.390625 0.238281 0.390625 0.238281 0.382812 0.226562 0.371094
5 0.195312 0.335938 0.195312 0.347656 0.207031 0.347656 0.207031 0.339844 0.203125 0.335938
5 0.808594 0.312500 0.808594 0.316406 0.804688 0.320312 0.804688 0.343750 0.800781 0.347656 0.800781 0.375000 0.796875 0.378906 0.785156 0.378906 0.785156 0.390625 0.781250 0.394531 0.761719 0.394531 0.761719 0.429688 0.757812 0.433594 0.757812 0.441406 0.761719 0.441406 0.769531 0.449219 0.769531 0.457031 0.792969 0.457031 0.796875 0.460938 0.796875 0.480469 0.792969 0.484375 0.773438 0.484375 0.769531 0.480469 0.765625 0.480469 0.761719 0.476562 0.761719 0.468750 0.750000 0.468750 0.750000 0.484375 0.746094 0.488281 0.738281 0.488281 0.738281 0.503906 0.734375 0.507812 0.734375 0.511719 0.730469 0.515625 0.726562 0.515625 0.726562 0.523438 0.722656 0.527344 0.707031 0.527344 0.707031 0.531250 0.703125 0.535156 0.699219 0.535156 0.691406 0.542969 0.675781 0.542969 0.667969 0.550781 0.656250 0.550781 0.656250 0.558594 0.652344 0.562500 0.652344 0.566406 0.648438 0.570312 0.648438 0.597656 0.644531 0.601562 0.632812 0.601562 0.632812 0.605469 0.628906 0.609375 0.601562 0.609375 0.597656 0.605469 0.593750 0.605469 0.589844 0.601562 0.589844 0.582031 0.585938 0.578125 0.562500 0.578125 0.558594 0.574219 0.558594 0.562500 0.550781 0.562500 0.546875 0.566406 0.546875 0.578125 0.550781 0.578125 0.554688 0.582031 0.554688 0.601562 0.550781 0.605469 0.523438 0.605469 0.523438 0.617188 0.519531 0.621094 0.515625 0.621094 0.515625 0.628906 0.511719 0.632812 0.507812 0.632812 0.507812 0.644531 0.527344 0.644531 0.531250 0.648438 0.531250 0.660156 0.539062 0.660156 0.539062 0.648438 0.542969 0.644531 0.589844 0.644531 0.589844 0.636719 0.593750 0.632812 0.609375 0.632812 0.613281 0.628906 0.628906 0.628906 0.632812 0.632812 0.632812 0.648438 0.628906 0.652344 0.625000 0.652344 0.625000 0.664062 0.636719 0.664062 0.640625 0.660156 0.664062 0.660156 0.667969 0.664062 0.699219 0.664062 0.703125 0.660156 0.726562 0.660156 0.730469 0.664062 0.734375 0.664062 0.738281 0.667969 0.738281 0.675781 0.746094 0.675781 0.750000 0.671875 0.781250 0.671875 0.781250 0.667969 0.789062 0.660156 0.824219 0.660156 0.828125 0.664062 0.828125 0.667969 0.832031 0.667969 0.839844 0.675781 0.847656 0.675781 0.851562 0.679688 0.878906 0.679688 0.886719 0.687500 0.886719 0.691406 0.890625 0.695312 0.917969 0.695312 0.917969 0.687500 0.921875 0.683594 0.941406 0.683594 0.941406 0.667969 0.933594 0.660156 0.902344 0.660156 0.898438 0.656250 0.898438 0.628906 0.902344 0.625000 0.902344 0.621094 0.906250 0.617188 0.917969 0.617188 0.917969 0.609375 0.914062 0.609375 0.910156 0.605469 0.910156 0.597656 0.898438 0.597656 0.894531 0.593750 0.894531 0.574219 0.898438 0.570312 0.902344 0.570312 0.902344 0.558594 0.898438 0.554688 0.898438 0.527344 0.902344 0.523438 0.906250 0.523438 0.906250 0.519531 0.910156 0.515625 0.929688 0.515625 0.933594 0.511719 0.937500 0.511719 0.937500 0.507812 0.941406 0.503906 0.945312 0.503906 0.945312 0.492188 0.937500 0.492188 0.933594 0.488281 0.933594 0.468750 0.925781 0.460938 0.925781 0.421875 0.933594 0.414062 0.941406 0.414062 0.945312 0.410156 0.953125 0.410156 0.953125 0.402344 0.937500 0.402344 0.933594 0.398438 0.933594 0.394531 0.929688 0.394531 0.925781 0.390625 0.925781 0.363281 0.921875 0.363281 0.914062 0.355469 0.914062 0.351562 0.910156 0.347656 0.898438 0.347656 0.898438 0.355469 0.890625 0.363281 0.882812 0.363281 0.878906 0.367188 0.878906 0.371094 0.875000 0.375000 0.851562 0.375000 0.847656 0.371094 0.847656 0.355469 0.855469 0.347656 0.855469 0.343750 0.859375 0.339844 0.867188 0.339844 0.871094 0.335938 0.871094 0.328125 0.875000 0.324219 0.890625 0.324219 0.890625 0.316406 0.886719 0.312500 0.878906 0.312500 0.878906 0.320312 0.875000 0.324219 0.847656 0.324219 0.843750 0.320312 0.832031 0.320312 0.828125 0.316406 0.824219 0.316406 0.820312 0.312500
5 0.156250 0.308594 0.156250 0.332031 0.167969 0.332031 0.171875 0.328125 0.179688 0.328125 0.179688 0.320312 0.167969 0.320312 0.164062 0.316406 0.164062 0.308594
5 0.347656 0.242188 0.347656 0.253906 0.343750 0.257812 0.339844 0.257812 0.339844 0.261719 0.335938 0.265625 0.335938 0.273438 0.339844 0.273438 0.343750 0.277344 0.343750 0.304688 0.339844 0.308594 0.339844 0.343750 0.343750 0.347656 0.343750 0.375000 0.339844 0.378906 0.339844 0.390625 0.343750 0.390625 0.347656 0.394531 0.347656 0.414062 0.351562 0.414062 0.355469 0.417969 0.378906 0.417969 0.382812 0.421875 0.382812 0.429688 0.406250 0.429688 0.414062 0.437500 0.414062 0.445312 0.429688 0.445312 0.433594 0.449219 0.437500 0.449219 0.441406 0.453125 0.441406 0.460938 0.445312 0.464844 0.449219 0.464844 0.453125 0.468750 0.453125 0.476562 0.457031 0.476562 0.460938 0.480469 0.460938 0.500000 0.464844 0.503906 0.468750 0.503906 0.476562 0.511719 0.476562 0.527344 0.484375 0.527344 0.484375 0.480469 0.488281 0.476562 0.488281 0.460938 0.492188 0.457031 0.492188 0.441406 0.496094 0.437500 0.496094 0.421875 0.500000 0.417969 0.500000 0.406250 0.503906 0.402344 0.503906 0.382812 0.511719 0.375000 0.511719 0.355469 0.519531 0.347656 0.527344 0.347656 0.527344 0.335938 0.531250 0.332031 0.546875 0.332031 0.546875 0.328125 0.554688 0.320312 0.562500 0.320312 0.566406 0.316406 0.570312 0.316406 0.578125 0.308594 0.582031 0.308594 0.585938 0.304688 0.601562 0.304688 0.601562 0.300781 0.605469 0.296875 0.605469 0.285156 0.589844 0.285156 0.589844 0.296875 0.585938 0.300781 0.558594 0.300781 0.554688 0.304688 0.539062 0.304688 0.531250 0.296875 0.527344 0.296875 0.523438 0.292969 0.523438 0.285156 0.519531 0.285156 0.515625 0.281250 0.511719 0.281250 0.507812 0.277344 0.507812 0.269531 0.500000 0.269531 0.500000 0.292969 0.496094 0.296875 0.492188 0.296875 0.484375 0.304688 0.476562 0.304688 0.476562 0.320312 0.472656 0.324219 0.460938 0.324219 0.460938 0.347656 0.464844 0.347656 0.468750 0.351562 0.476562 0.351562 0.488281 0.363281 0.488281 0.382812 0.484375 0.386719 0.460938 0.386719 0.457031 0.390625 0.429688 0.390625 0.425781 0.386719 0.425781 0.367188 0.421875 0.363281 0.421875 0.355469 0.406250 0.355469 0.402344 0.351562 0.386719 0.351562 0.382812 0.347656 0.382812 0.335938 0.378906 0.332031 0.378906 0.328125 0.371094 0.328125 0.367188 0.324219 0.363281 0.324219 0.359375 0.320312 0.359375 0.300781 0.355469 0.296875 0.355469 0.281250 0.359375 0.277344 0.359375 0.265625 0.355469 0.261719 0.355469 0.242188
5 0.460938 0.125000 0.453125 0.132812 0.453125 0.136719 0.449219 0.140625 0.449219 0.148438 0.453125 0.152344 0.460938 0.152344 0.468750 0.144531 0.468750 0.136719 0.472656 0.132812 0.472656 0.125000
5 0.527344 0.093750 0.519531 0.101562 0.511719 0.101562 0.511719 0.125000 0.507812 0.128906 0.503906 0.128906 0.500000 0.132812 0.500000 0.156250 0.515625 0.156250 0.519531 0.160156 0.519531 0.164062 0.523438 0.167969 0.523438 0.171875 0.527344 0.175781 0.527344 0.191406 0.523438 0.195312 0.523438 0.203125 0.531250 0.203125 0.535156 0.207031 0.539062 0.207031 0.546875 0.214844 0.562500 0.214844 0.562500 0.199219 0.550781 0.199219 0.542969 0.191406 0.542969 0.175781 0.546875 0.171875 0.546875 0.164062 0.550781 0.160156 0.574219 0.160156 0.578125 0.164062 0.578125 0.171875 0.601562 0.171875 0.601562 0.160156 0.593750 0.160156 0.589844 0.156250 0.589844 0.136719 0.558594 0.136719 0.550781 0.128906 0.550781 0.117188 0.546875 0.117188 0.542969 0.113281 0.542969 0.109375 0.539062 0.105469 0.539062 0.093750
5 0.550781 0.074219 0.550781 0.082031 0.558594 0.082031 0.558594 0.074219
