5 0.789062 0.863281 0.789062 0.875000 0.796875 0.875000 0.796875 0.863281
5 0.808594 0.558594 0.808594 0.574219 0.816406 0.574219 0.816406 0.558594
5 0.140625 0.550781 0.140625 0.558594 0.144531 0.562500 0.152344 0.562500 0.152344 0.550781
5 0.890625 0.519531 0.890625 0.527344 0.886719 0.531250 0.886719 0.535156 0.878906 0.542969 0.863281 0.542969 0.863281 0.554688 0.871094 0.554688 0.875000 0.550781 0.898438 0.550781 0.898438 0.531250 0.902344 0.527344 0.917969 0.527344 0.917969 0.519531
5 0.125000 0.492188 0.121094 0.496094 0.121094 0.500000 0.117188 0.503906 0.113281 0.503906 0.113281 0.511719 0.121094 0.519531 0.121094 0.523438 0.128906 0.523438 0.128906 0.515625 0.132812 0.511719 0.140625 0.511719 0.140625 0.503906 0.136719 0.500000 0.136719 0.492188
5 0.835938 0.460938 0.835938 0.496094 0.832031 0.500000 0.832031 0.507812 0.828125 0.511719 0.828125 0.523438 0.835938 0.523438 0.835938 0.511719 0.839844 0.507812 0.843750 0.507812 0.843750 0.503906 0.847656 0.500000 0.855469 0.500000 0.855469 0.496094 0.859375 0.492188 0.875000 0.492188 0.875000 0.476562 0.871094 0.476562 0.859375 0.464844 0.851562 0.464844 0.847656 0.460938
5 0.257812 0.347656 0.257812 0.359375 0.261719 0.363281 0.261719 0.367188 0.265625 0.371094 0.265625 0.386719 0.281250 0.386719 0.285156 0.390625 0.292969 0.390625 0.292969 0.367188 0.281250 0.367188 0.277344 0.363281 0.277344 0.359375 0.269531 0.359375 0.265625 0.355469 0.265625 0.347656
5 0.542969 0.343750 0.542969 0.367188 0.546875 0.371094 0.546875 0.378906 0.554688 0.378906 0.554688 0.375000 0.558594 0.371094 0.558594 0.343750
5 0.191406 0.343750 0.187500 0.347656 0.164062 0.347656 0.164062 0.355469 0.187500 0.355469 0.191406 0.359375 0.203125 0.359375 0.203125 0.351562 0.199219 0.347656 0.199219 0.343750
5 0.843750 0.320312 0.843750 0.328125 0.851562 0.328125 0.851562 0.320312
5 0.578125 0.292969 0.578125 0.296875 0.570312 0.304688 0.570312 0.308594 0.566406 0.312500 0.566406 0.324219 0.578125 0.324219 0.578125 0.320312 0.582031 0.316406 0.582031 0.304688 0.585938 0.300781 0.585938 0.292969
5 0.859375 0.289062 0.859375 0.292969 0.855469 0.296875 0.855469 0.304688 0.867188 0.304688 0.867188 0.289062
5 0.207031 0.277344 0.207031 0.285156 0.203125 0.289062 0.199219 0.289062 0.199219 0.300781 0.203125 0.304688 0.203125 0.328125 0.210938 0.328125 0.210938 0.320312 0.207031 0.316406 0.207031 0.289062 0.210938 0.285156 0.214844 0.285156 0.214844 0.277344
5 0.277344 0.265625 0.277344 0.285156 0.289062 0.285156 0.289062 0.265625
5 0.359375 0.250000 0.355469 0.253906 0.351562 0.253906 0.343750 0.261719 0.339844 0.261719 0.339844 0.265625 0.335938 0.269531 0.332031 0.269531 0.328125 0.273438 0.328125 0.277344 0.320312 0.285156 0.316406 0.285156 0.312500 0.289062 0.312500 0.292969 0.308594 0.296875 0.296875 0.296875 0.296875 0.312500 0.300781 0.316406 0.324219 0.316406 0.332031 0.324219 0.332031 0.351562 0.328125 0.355469 0.304688 0.355469 0.304688 0.363281 0.316406 0.363281 0.320312 0.367188 0.332031 0.367188 0.335938 0.371094 0.355469 0.371094 0.359375 0.375000 0.359375 0.378906 0.367188 0.378906 0.378906 0.367188 0.382812 0.367188 0.382812 0.359375 0.378906 0.359375 0.375000 0.355469 0.375000 0.312500 0.378906 0.308594 0.378906 0.292969 0.371094 0.292969 0.367188 0.289062 0.367188 0.261719 0.371094 0.257812 0.371094 0.250000
5 0.242188 0.242188 0.238281 0.246094 0.234375 0.246094 0.234375 0.253906 0.226562 0.261719 0.226562 0.269531 0.234375 0.269531 0.242188 0.261719 0.265625 0.261719 0.265625 0.246094 0.257812 0.246094 0.253906 0.242188
5 0.777344 0.230469 0.777344 0.234375 0.769531 0.242188 0.765625 0.242188 0.765625 0.265625 0.761719 0.269531 0.746094 0.269531 0.738281 0.261719 0.738281 0.253906 0.730469 0.253906 0.730469 0.269531 0.726562 0.273438 0.726562 0.281250 0.722656 0.285156 0.687500 0.285156 0.683594 0.281250 0.683594 0.269531 0.675781 0.269531 0.671875 0.265625 0.664062 0.265625 0.664062 0.269531 0.660156 0.273438 0.660156 0.296875 0.656250 0.300781 0.644531 0.300781 0.640625 0.304688 0.632812 0.304688 0.632812 0.312500 0.636719 0.316406 0.636719 0.335938 0.632812 0.339844 0.628906 0.339844 0.628906 0.351562 0.625000 0.355469 0.617188 0.355469 0.613281 0.359375 0.613281 0.382812 0.617188 0.386719 0.617188 0.402344 0.613281 0.406250 0.613281 0.429688 0.609375 0.433594 0.605469 0.433594 0.601562 0.437500 0.601562 0.445312 0.597656 0.449219 0.585938 0.449219 0.582031 0.453125 0.566406 0.453125 0.562500 0.449219 0.562500 0.445312 0.558594 0.441406 0.558594 0.437500 0.554688 0.437500 0.550781 0.433594 0.550781 0.421875 0.542969 0.421875 0.539062 0.425781 0.523438 0.425781 0.519531 0.421875 0.519531 0.402344 0.511719 0.402344 0.511719 0.417969 0.507812 0.421875 0.492188 0.421875 0.488281 0.417969 0.488281 0.398438 0.492188 0.394531 0.500000 0.394531 0.500000 0.378906 0.496094 0.378906 0.492188 0.375000 0.492188 0.371094 0.476562 0.371094 0.464844 0.359375 0.464844 0.332031 0.457031 0.332031 0.453125 0.328125 0.453125 0.312500 0.449219 0.308594 0.445312 0.308594 0.437500 0.300781 0.437500 0.296875 0.433594 0.292969 0.429688 0.292969 0.425781 0.289062 0.425781 0.269531 0.417969 0.261719 0.402344 0.261719 0.402344 0.265625 0.398438 0.269531 0.398438 0.277344 0.402344 0.281250 0.406250 0.281250 0.410156 0.285156 0.410156 0.292969 0.414062 0.292969 0.417969 0.296875 0.421875 0.296875 0.425781 0.300781 0.425781 0.308594 0.429688 0.312500 0.433594 0.312500 0.437500 0.316406 0.437500 0.320312 0.441406 0.324219 0.449219 0.324219 0.453125 0.328125 0.453125 0.363281 0.445312 0.371094 0.445312 0.378906 0.449219 0.382812 0.449219 0.402344 0.453125 0.406250 0.453125 0.429688 0.445312 0.437500 0.445312 0.453125 0.441406 0.457031 0.437500 0.457031 0.437500 0.460938 0.429688 0.468750 0.425781 0.468750 0.425781 0.472656 0.421875 0.476562 0.406250 0.476562 0.402344 0.472656 0.402344 0.460938 0.386719 0.460938 0.382812 0.457031 0.382812 0.449219 0.371094 0.449219 0.367188 0.453125 0.355469 0.453125 0.355469 0.457031 0.347656 0.464844 0.332031 0.464844 0.332031 0.500000 0.328125 0.503906 0.300781 0.503906 0.296875 0.500000 0.277344 0.500000 0.273438 0.496094 0.273438 0.468750 0.269531 0.464844 0.269531 0.460938 0.265625 0.457031 0.265625 0.445312 0.257812 0.445312 0.253906 0.441406 0.253906 0.433594 0.242188 0.433594 0.238281 0.429688 0.238281 0.410156 0.230469 0.410156 0.226562 0.414062 0.214844 0.414062 0.214844 0.421875 0.210938 0.425781 0.207031 0.425781 0.207031 0.441406 0.203125 0.445312 0.203125 0.449219 0.195312 0.457031 0.187500 0.457031 0.187500 0.460938 0.183594 0.464844 0.171875 0.464844 0.167969 0.468750 0.167969 0.476562 0.171875 0.480469 0.171875 0.535156 0.175781 0.539062 0.175781 0.546875 0.179688 0.546875 0.183594 0.550781 0.183594 0.554688 0.187500 0.554688 0.191406 0.558594 0.191406 0.574219 0.183594 0.582031 0.179688 0.582031 0.171875 0.589844 0.152344 0.589844 0.148438 0.585938 0.121094 0.585938 0.121094 0.613281 0.117188 0.617188 0.093750 0.617188 0.082031 0.605469 0.074219 0.605469 0.070312 0.609375 0.062500 0.609375 0.062500 0.632812 0.066406 0.636719 0.066406 0.644531 0.078125 0.644531 0.082031 0.648438 0.089844 0.648438 0.093750 0.644531 0.097656 0.644531 0.101562 0.640625 0.128906 0.640625 0.132812 0.636719 0.140625 0.636719 0.144531 0.632812 0.164062 0.632812 0.167969 0.636719 0.167969 0.660156 0.160156 0.667969 0.148438 0.667969 0.144531 0.671875 0.140625 0.671875 0.140625 0.675781 0.136719 0.679688 0.136719 0.683594 0.132812 0.687500 0.132812 0.695312 0.125000 0.703125 0.125000 0.718750 0.121094 0.722656 0.117188 0.722656 0.117188 0.730469 0.125000 0.730469 0.128906 0.734375 0.136719 0.734375 0.136719 0.730469 0.140625 0.726562 0.164062 0.726562 0.167969 0.730469 0.167969 0.738281 0.171875 0.742188 0.183594 0.742188 0.187500 0.746094 0.187500 0.765625 0.183594 0.769531 0.179688 0.769531 0.179688 0.777344 0.175781 0.781250 0.175781 0.789062 0.171875 0.792969 0.167969 0.792969 0.167969 0.796875 0.160156 0.804688 0.152344 0.804688 0.152344 0.808594 0.148438 0.812500 0.128906 0.812500 0.125000 0.816406 0.125000 0.824219 0.128906 0.828125 0.156250 0.828125 0.160156 0.832031 0.160156 0.835938 0.164062 0.835938 0.167969 0.839844 0.167969 0.851562 0.171875 0.851562 0.175781 0.855469 0.175781 0.863281 0.179688 0.867188 0.183594 0.867188 0.187500 0.871094 0.195312 0.871094 0.199219 0.867188 0.207031 0.867188 0.207031 0.859375 0.203125 0.859375 0.195312 0.851562 0.195312 0.835938 0.203125 0.828125 0.210938 0.828125 0.210938 0.820312 0.214844 0.816406 0.246094 0.816406 0.250000 0.812500 0.273438 0.812500 0.273438 0.808594 0.277344 0.804688 0.277344 0.796875 0.281250 0.792969 0.281250 0.789062 0.285156 0.785156 0.285156 0.781250 0.289062 0.777344 0.292969 0.777344 0.292969 0.773438 0.296875 0.769531 0.304688 0.769531 0.304688 0.761719 0.308594 0.757812 0.320312 0.757812 0.320312 0.742188 0.296875 0.742188 0.292969 0.738281 0.289062 0.738281 0.281250 0.730469 0.265625 0.730469 0.265625 0.753906 0.261719 0.757812 0.250000 0.757812 0.250000 0.773438 0.246094 0.777344 0.230469 0.777344 0.226562 0.773438 0.226562 0.757812 0.230469 0.753906 0.242188 0.753906 0.242188 0.730469 0.246094 0.726562 0.253906 0.726562 0.253906 0.710938 0.261719 0.703125 0.269531 0.703125 0.269531 0.699219 0.273438 0.695312 0.273438 0.679688 0.277344 0.675781 0.281250 0.675781 0.281250 0.667969 0.285156 0.664062 0.285156 0.648438 0.289062 0.644531 0.312500 0.644531 0.312500 0.621094 0.316406 0.617188 0.328125 0.617188 0.332031 0.613281 0.335938 0.613281 0.335938 0.601562 0.332031 0.601562 0.328125 0.597656 0.328125 0.593750 0.324219 0.589844 0.324219 0.574219 0.328125 0.570312 0.328125 0.566406 0.335938 0.558594 0.335938 0.554688 0.339844 0.550781 0.339844 0.542969 0.343750 0.539062 0.343750 0.535156 0.351562 0.527344 0.367188 0.527344 0.367188 0.515625 0.371094 0.511719 0.406250 0.511719 0.410156 0.507812 0.425781 0.507812 0.429688 0.511719 0.429688 0.531250 0.421875 0.539062 0.421875 0.546875 0.437500 0.546875 0.445312 0.554688 0.445312 0.558594 0.453125 0.558594 0.457031 0.562500 0.460938 0.562500 0.464844 0.566406 0.464844 0.585938 0.460938 0.589844 0.417969 0.589844 0.414062 0.593750 0.414062 0.609375 0.417969 0.613281 0.417969 0.660156 0.437500 0.660156 0.441406 0.664062 0.441406 0.691406 0.437500 0.695312 0.437500 0.718750 0.433594 0.722656 0.417969 0.722656 0.417969 0.738281 0.437500 0.738281 0.441406 0.734375 0.468750 0.734375 0.472656 0.738281 0.472656 0.765625 0.468750 0.769531 0.468750 0.777344 0.464844 0.781250 0.460938 0.781250 0.457031 0.785156 0.457031 0.789062 0.453125 0.792969 0.441406 0.792969 0.437500 0.796875 0.425781 0.796875 0.425781 0.839844 0.429688 0.843750 0.429688 0.855469 0.433594 0.859375 0.437500 0.859375 0.441406 0.863281 0.441406 0.890625 0.445312 0.894531 0.445312 0.902344 0.449219 0.906250 0.449219 0.910156 0.460938 0.910156 0.468750 0.917969 0.472656 0.917969 0.476562 0.921875 0.476562 0.929688 0.492188 0.929688 0.492188 0.917969 0.496094 0.914062 0.496094 0.906250 0.500000 0.902344 0.527344 0.902344 0.535156 0.894531 0.546875 0.894531 0.550781 0.890625 0.566406 0.890625 0.570312 0.894531 0.570312 0.914062 0.578125 0.914062 0.582031 0.917969 0.582031 0.925781 0.585938 0.929688 0.609375 0.929688 0.613281 0.933594 0.617188 0.933594 0.621094 0.937500 0.628906 0.937500 0.628906 0.925781 0.632812 0.921875 0.636719 0.921875 0.640625 0.917969 0.640625 0.906250 0.644531 0.902344 0.671875 0.902344 0.675781 0.898438 0.683594 0.898438 0.683594 0.875000 0.687500 0.871094 0.691406 0.871094 0.691406 0.867188 0.695312 0.863281 0.722656 0.863281 0.722656 0.859375 0.726562 0.855469 0.742188 0.855469 0.750000 0.863281 0.750000 0.867188 0.765625 0.867188 0.765625 0.859375 0.769531 0.855469 0.785156 0.855469 0.785156 0.843750 0.789062 0.839844 0.789062 0.832031 0.792969 0.828125 0.792969 0.824219 0.804688 0.812500 0.820312 0.812500 0.820312 0.808594 0.824219 0.804688 0.824219 0.796875 0.820312 0.792969 0.820312 0.773438 0.824219 0.769531 0.832031 0.769531 0.832031 0.757812 0.828125 0.753906 0.828125 0.734375 0.832031 0.730469 0.832031 0.722656 0.839844 0.714844 0.847656 0.714844 0.847656 0.710938 0.851562 0.707031 0.867188 0.707031 0.867188 0.695312 0.859375 0.695312 0.855469 0.691406 0.855469 0.687500 0.851562 0.687500 0.847656 0.683594 0.847656 0.656250 0.843750 0.652344 0.843750 0.628906 0.847656 0.625000 0.871094 0.625000 0.875000 0.621094 0.878906 0.621094 0.882812 0.617188 0.902344 0.617188 0.902344 0.601562 0.910156 0.593750 0.914062 0.593750 0.914062 0.589844 0.917969 0.585938 0.917969 0.574219 0.902344 0.574219 0.898438 0.578125 0.898438 0.585938 0.894531 0.589844 0.890625 0.589844 0.890625 0.605469 0.886719 0.609375 0.835938 0.609375 0.832031 0.605469 0.812500 0.605469 0.808594 0.601562 0.808594 0.597656 0.792969 0.597656 0.785156 0.589844 0.785156 0.585938 0.773438 0.585938 0.773438 0.605469 0.777344 0.605469 0.781250 0.609375 0.781250 0.632812 0.777344 0.636719 0.761719 0.636719 0.757812 0.632812 0.746094 0.632812 0.746094 0.636719 0.738281 0.644531 0.718750 0.644531 0.714844 0.648438 0.699219 0.648438 0.695312 0.644531 0.683594 0.644531 0.679688 0.640625 0.679688 0.621094 0.667969 0.621094 0.664062 0.625000 0.660156 0.625000 0.648438 0.636719 0.640625 0.636719 0.636719 0.640625 0.625000 0.640625 0.625000 0.667969 0.621094 0.671875 0.609375 0.671875 0.609375 0.675781 0.597656 0.687500 0.582031 0.687500 0.578125 0.683594 0.570312 0.683594 0.566406 0.687500 0.566406 0.691406 0.562500 0.695312 0.554688 0.695312 0.550781 0.699219 0.546875 0.699219 0.546875 0.703125 0.539062 0.710938 0.515625 0.710938 0.511719 0.707031 0.511719 0.687500 0.503906 0.687500 0.500000 0.683594 0.500000 0.648438 0.503906 0.644531 0.511719 0.644531 0.515625 0.640625 0.519531 0.640625 0.523438 0.636719 0.546875 0.636719 0.554688 0.644531 0.589844 0.644531 0.593750 0.640625 0.601562 0.640625 0.605469 0.636719 0.605469 0.628906 0.601562 0.625000 0.601562 0.574219 0.605469 0.570312 0.621094 0.570312 0.625000 0.574219 0.644531 0.574219 0.648438 0.578125 0.648438 0.597656 0.656250 0.597656 0.656250 0.582031 0.660156 0.578125 0.679688 0.578125 0.679688 0.546875 0.671875 0.546875 0.667969 0.542969 0.667969 0.539062 0.664062 0.539062 0.660156 0.535156 0.660156 0.515625 0.664062 0.511719 0.664062 0.507812 0.667969 0.503906 0.667969 0.496094 0.664062 0.492188 0.664062 0.484375 0.660156 0.484375 0.656250 0.480469 0.644531 0.480469 0.640625 0.476562 0.640625 0.472656 0.636719 0.468750 0.636719 0.453125 0.640625 0.449219 0.644531 0.449219 0.644531 0.445312 0.648438 0.441406 0.664062 0.441406 0.667969 0.437500 0.667969 0.417969 0.671875 0.414062 0.675781 0.414062 0.683594 0.406250 0.687500 0.406250 0.687500 0.398438 0.691406 0.394531 0.718750 0.394531 0.718750 0.371094 0.710938 0.371094 0.707031 0.367188 0.707031 0.347656 0.703125 0.343750 0.703125 0.324219 0.707031 0.320312 0.726562 0.320312 0.730469 0.324219 0.730469 0.332031 0.734375 0.335938 0.734375 0.359375 0.742188 0.359375 0.742188 0.355469 0.746094 0.351562 0.757812 0.351562 0.757812 0.343750 0.761719 0.339844 0.789062 0.339844 0.792969 0.343750 0.792969 0.359375 0.789062 0.363281 0.777344 0.363281 0.777344 0.371094 0.781250 0.375000 0.781250 0.378906 0.785156 0.382812 0.785156 0.414062 0.781250 0.417969 0.777344 0.417969 0.777344 0.433594 0.792969 0.433594 0.796875 0.429688 0.796875 0.425781 0.800781 0.421875 0.800781 0.406250 0.804688 0.402344 0.839844 0.402344 0.843750 0.406250 0.843750 0.414062 0.855469 0.414062 0.859375 0.410156 0.882812 0.410156 0.882812 0.406250 0.886719 0.402344 0.894531 0.402344 0.898438 0.398438 0.906250 0.398438 0.906250 0.394531 0.910156 0.390625 0.914062 0.390625 0.914062 0.386719 0.917969 0.382812 0.917969 0.347656 0.914062 0.343750 0.914062 0.335938 0.910156 0.332031 0.910156 0.328125 0.906250 0.324219 0.906250 0.312500 0.902344 0.312500 0.898438 0.308594 0.898438 0.292969 0.902344 0.289062 0.910156 0.289062 0.910156 0.269531 0.902344 0.269531 0.890625 0.281250 0.890625 0.300781 0.894531 0.304688 0.894531 0.324219 0.890625 0.328125 0.890625 0.332031 0.886719 0.335938 0.886719 0.339844 0.882812 0.343750 0.855469 0.343750 0.855469 0.378906 0.851562 0.382812 0.832031 0.382812 0.828125 0.378906 0.828125 0.347656 0.824219 0.347656 0.816406 0.339844 0.796875 0.339844 0.792969 0.335938 0.792969 0.332031 0.773438 0.332031 0.769531 0.328125 0.769531 0.308594 0.773438 0.304688 0.796875 0.304688 0.796875 0.273438 0.800781 0.269531 0.824219 0.269531 0.824219 0.250000 0.828125 0.246094 0.828125 0.238281 0.824219 0.234375 0.820312 0.234375 0.816406 0.230469
5 0.472656 0.105469 0.472656 0.152344 0.484375 0.152344 0.488281 0.148438 0.492188 0.148438 0.496094 0.144531 0.511719 0.144531 0.515625 0.148438 0.519531 0.148438 0.523438 0.152344 0.531250 0.152344 0.531250 0.128906 0.527344 0.128906 0.523438 0.125000 0.511719 0.125000 0.507812 0.121094 0.503906 0.121094 0.500000 0.117188 0.500000 0.113281 0.496094 0.113281 0.492188 0.109375 0.488281 0.109375 0.484375 0.105469
