5 0.261719 0.824219 0.261719 0.832031 0.265625 0.835938 0.265625 0.839844 0.273438 0.839844 0.277344 0.835938 0.277344 0.824219
5 0.289062 0.804688 0.289062 0.816406 0.312500 0.816406 0.316406 0.820312 0.316406 0.828125 0.324219 0.828125 0.324219 0.816406 0.308594 0.816406 0.304688 0.812500 0.304688 0.804688
5 0.195312 0.792969 0.191406 0.796875 0.191406 0.804688 0.195312 0.804688 0.199219 0.808594 0.199219 0.828125 0.207031 0.828125 0.210938 0.832031 0.210938 0.835938 0.222656 0.847656 0.238281 0.847656 0.238281 0.839844 0.230469 0.839844 0.226562 0.835938 0.226562 0.828125 0.222656 0.824219 0.214844 0.824219 0.210938 0.820312 0.210938 0.816406 0.207031 0.812500 0.207031 0.800781 0.203125 0.796875 0.203125 0.792969
5 0.375000 0.769531 0.367188 0.777344 0.367188 0.789062 0.375000 0.789062 0.378906 0.785156 0.378906 0.781250 0.382812 0.777344 0.382812 0.769531
5 0.816406 0.734375 0.816406 0.750000 0.812500 0.753906 0.796875 0.753906 0.796875 0.761719 0.800781 0.761719 0.804688 0.765625 0.804688 0.773438 0.828125 0.773438 0.835938 0.765625 0.835938 0.750000 0.832031 0.746094 0.832031 0.742188 0.828125 0.738281 0.828125 0.734375
5 0.117188 0.734375 0.117188 0.738281 0.113281 0.742188 0.078125 0.742188 0.078125 0.750000 0.082031 0.753906 0.082031 0.757812 0.085938 0.761719 0.085938 0.765625 0.089844 0.769531 0.089844 0.777344 0.109375 0.777344 0.113281 0.781250 0.140625 0.781250 0.144531 0.777344 0.144531 0.765625 0.140625 0.765625 0.132812 0.757812 0.132812 0.746094 0.128906 0.742188 0.128906 0.738281 0.125000 0.734375
5 0.757812 0.722656 0.757812 0.730469 0.773438 0.730469 0.773438 0.722656
5 0.765625 0.679688 0.765625 0.687500 0.773438 0.687500 0.773438 0.679688
5 0.191406 0.566406 0.191406 0.570312 0.187500 0.574219 0.179688 0.574219 0.179688 0.582031 0.175781 0.585938 0.167969 0.585938 0.167969 0.617188 0.171875 0.617188 0.175781 0.621094 0.175781 0.625000 0.179688 0.628906 0.191406 0.628906 0.191406 0.617188 0.195312 0.613281 0.207031 0.613281 0.210938 0.609375 0.210938 0.593750 0.207031 0.589844 0.207031 0.582031 0.203125 0.582031 0.199219 0.578125 0.199219 0.566406
5 0.773438 0.550781 0.773438 0.558594 0.781250 0.566406 0.781250 0.574219 0.800781 0.574219 0.804688 0.578125 0.808594 0.578125 0.812500 0.582031 0.812500 0.585938 0.820312 0.585938 0.824219 0.582031 0.824219 0.574219 0.820312 0.570312 0.820312 0.562500 0.816406 0.562500 0.812500 0.558594 0.789062 0.558594 0.785156 0.554688 0.785156 0.550781
5 0.617188 0.535156 0.617188 0.542969 0.625000 0.542969 0.625000 0.535156
5 0.554688 0.535156 0.554688 0.542969 0.558594 0.542969 0.562500 0.546875 0.562500 0.585938 0.558594 0.589844 0.546875 0.589844 0.542969 0.593750 0.539062 0.593750 0.535156 0.597656 0.531250 0.597656 0.531250 0.601562 0.527344 0.605469 0.527344 0.613281 0.531250 0.617188 0.546875 0.617188 0.550781 0.621094 0.550781 0.628906 0.566406 0.628906 0.566406 0.617188 0.570312 0.613281 0.585938 0.613281 0.585938 0.597656 0.582031 0.593750 0.582031 0.578125 0.585938 0.574219 0.593750 0.574219 0.597656 0.570312 0.597656 0.562500 0.593750 0.562500 0.589844 0.558594 0.566406 0.558594 0.562500 0.554688 0.562500 0.535156
5 0.460938 0.523438 0.460938 0.531250 0.464844 0.535156 0.464844 0.558594 0.460938 0.562500 0.460938 0.582031 0.464844 0.585938 0.464844 0.601562 0.460938 0.605469 0.453125 0.605469 0.453125 0.609375 0.449219 0.613281 0.433594 0.613281 0.429688 0.609375 0.406250 0.609375 0.402344 0.605469 0.394531 0.605469 0.390625 0.601562 0.390625 0.593750 0.386719 0.589844 0.386719 0.582031 0.382812 0.582031 0.378906 0.578125 0.378906 0.574219 0.375000 0.574219 0.371094 0.570312 0.359375 0.570312 0.351562 0.562500 0.351562 0.558594 0.347656 0.558594 0.343750 0.554688 0.320312 0.554688 0.320312 0.558594 0.316406 0.562500 0.316406 0.589844 0.312500 0.593750 0.277344 0.593750 0.273438 0.589844 0.265625 0.589844 0.265625 0.605469 0.261719 0.609375 0.238281 0.609375 0.238281 0.617188 0.246094 0.625000 0.246094 0.648438 0.253906 0.648438 0.257812 0.652344 0.332031 0.652344 0.335938 0.656250 0.351562 0.656250 0.355469 0.660156 0.355469 0.679688 0.394531 0.679688 0.398438 0.683594 0.398438 0.699219 0.394531 0.703125 0.394531 0.710938 0.398438 0.714844 0.398438 0.718750 0.406250 0.718750 0.410156 0.714844 0.410156 0.710938 0.414062 0.707031 0.414062 0.703125 0.417969 0.699219 0.417969 0.691406 0.421875 0.687500 0.425781 0.687500 0.425781 0.683594 0.429688 0.679688 0.441406 0.679688 0.441406 0.675781 0.445312 0.671875 0.476562 0.671875 0.476562 0.660156 0.472656 0.656250 0.472656 0.617188 0.476562 0.613281 0.484375 0.613281 0.488281 0.609375 0.488281 0.601562 0.484375 0.597656 0.484375 0.593750 0.476562 0.585938 0.476562 0.570312 0.480469 0.566406 0.480469 0.562500 0.488281 0.554688 0.492188 0.554688 0.492188 0.546875 0.484375 0.539062 0.484375 0.527344 0.480469 0.523438
5 0.656250 0.511719 0.652344 0.515625 0.652344 0.519531 0.648438 0.523438 0.644531 0.523438 0.644531 0.531250 0.656250 0.531250 0.660156 0.535156 0.664062 0.535156 0.667969 0.539062 0.667969 0.542969 0.671875 0.542969 0.675781 0.546875 0.675781 0.558594 0.687500 0.558594 0.691406 0.562500 0.691406 0.578125 0.687500 0.582031 0.687500 0.585938 0.679688 0.593750 0.644531 0.593750 0.644531 0.605469 0.664062 0.605469 0.667969 0.609375 0.667969 0.640625 0.671875 0.640625 0.679688 0.648438 0.683594 0.648438 0.687500 0.652344 0.687500 0.683594 0.683594 0.687500 0.683594 0.707031 0.710938 0.707031 0.710938 0.695312 0.707031 0.691406 0.707031 0.675781 0.710938 0.671875 0.726562 0.671875 0.730469 0.675781 0.730469 0.679688 0.738281 0.679688 0.738281 0.675781 0.742188 0.671875 0.746094 0.671875 0.746094 0.640625 0.738281 0.632812 0.738281 0.628906 0.714844 0.628906 0.710938 0.625000 0.710938 0.589844 0.703125 0.589844 0.699219 0.585938 0.699219 0.578125 0.695312 0.578125 0.691406 0.574219 0.691406 0.546875 0.683594 0.539062 0.679688 0.539062 0.675781 0.535156 0.675781 0.531250 0.671875 0.527344 0.671875 0.511719
5 0.695312 0.480469 0.695312 0.492188 0.691406 0.496094 0.679688 0.496094 0.679688 0.507812 0.710938 0.507812 0.714844 0.511719 0.714844 0.519531 0.726562 0.519531 0.730469 0.515625 0.734375 0.515625 0.734375 0.500000 0.726562 0.500000 0.722656 0.496094 0.722656 0.492188 0.718750 0.492188 0.714844 0.488281 0.710938 0.488281 0.703125 0.480469
5 0.613281 0.457031 0.613281 0.468750 0.617188 0.468750 0.621094 0.472656 0.621094 0.476562 0.625000 0.476562 0.628906 0.480469 0.644531 0.480469 0.648438 0.484375 0.648438 0.488281 0.660156 0.488281 0.660156 0.480469 0.644531 0.480469 0.640625 0.476562 0.640625 0.460938 0.636719 0.460938 0.632812 0.457031
5 0.097656 0.429688 0.093750 0.433594 0.074219 0.433594 0.074219 0.441406 0.078125 0.445312 0.078125 0.453125 0.082031 0.457031 0.089844 0.457031 0.093750 0.460938 0.093750 0.464844 0.101562 0.464844 0.105469 0.460938 0.136719 0.460938 0.136719 0.457031 0.140625 0.453125 0.156250 0.453125 0.160156 0.457031 0.167969 0.457031 0.171875 0.460938 0.171875 0.464844 0.187500 0.464844 0.191406 0.468750 0.191406 0.476562 0.195312 0.480469 0.214844 0.480469 0.214844 0.464844 0.195312 0.464844 0.191406 0.460938 0.191406 0.457031 0.187500 0.453125 0.179688 0.453125 0.175781 0.449219 0.175781 0.445312 0.171875 0.445312 0.167969 0.441406 0.144531 0.441406 0.144531 0.445312 0.140625 0.449219 0.125000 0.449219 0.117188 0.441406 0.117188 0.437500 0.113281 0.437500 0.105469 0.429688
5 0.550781 0.414062 0.546875 0.417969 0.542969 0.417969 0.531250 0.429688 0.511719 0.429688 0.503906 0.421875 0.500000 0.421875 0.496094 0.417969 0.488281 0.417969 0.488281 0.472656 0.484375 0.476562 0.484375 0.480469 0.480469 0.484375 0.480469 0.492188 0.484375 0.496094 0.492188 0.496094 0.496094 0.500000 0.500000 0.500000 0.503906 0.503906 0.511719 0.503906 0.511719 0.488281 0.515625 0.484375 0.527344 0.484375 0.531250 0.480469 0.554688 0.480469 0.566406 0.492188 0.566406 0.503906 0.574219 0.503906 0.574219 0.472656 0.578125 0.468750 0.585938 0.468750 0.589844 0.464844 0.589844 0.453125 0.593750 0.449219 0.597656 0.449219 0.597656 0.441406 0.593750 0.441406 0.585938 0.433594 0.578125 0.433594 0.570312 0.425781 0.570312 0.421875 0.562500 0.421875 0.558594 0.417969 0.558594 0.414062
5 0.812500 0.378906 0.812500 0.414062 0.816406 0.414062 0.820312 0.417969 0.820312 0.421875 0.824219 0.421875 0.828125 0.425781 0.828125 0.437500 0.832031 0.441406 0.839844 0.441406 0.843750 0.445312 0.843750 0.449219 0.847656 0.453125 0.847656 0.464844 0.851562 0.464844 0.855469 0.468750 0.855469 0.484375 0.859375 0.484375 0.867188 0.492188 0.867188 0.519531 0.871094 0.523438 0.871094 0.531250 0.898438 0.531250 0.902344 0.535156 0.902344 0.554688 0.898438 0.558594 0.898438 0.566406 0.894531 0.570312 0.890625 0.570312 0.886719 0.574219 0.886719 0.593750 0.882812 0.597656 0.878906 0.597656 0.878906 0.601562 0.871094 0.609375 0.851562 0.609375 0.847656 0.605469 0.835938 0.605469 0.832031 0.609375 0.832031 0.621094 0.910156 0.621094 0.910156 0.613281 0.914062 0.609375 0.917969 0.609375 0.921875 0.605469 0.921875 0.574219 0.925781 0.570312 0.925781 0.558594 0.921875 0.554688 0.921875 0.539062 0.925781 0.535156 0.929688 0.535156 0.929688 0.527344 0.925781 0.523438 0.925781 0.500000 0.878906 0.500000 0.875000 0.496094 0.875000 0.492188 0.871094 0.488281 0.871094 0.468750 0.875000 0.464844 0.878906 0.464844 0.878906 0.457031 0.875000 0.453125 0.875000 0.449219 0.867188 0.441406 0.863281 0.441406 0.859375 0.437500 0.859375 0.414062 0.855469 0.410156 0.855469 0.406250 0.847656 0.406250 0.847656 0.410156 0.843750 0.414062 0.828125 0.414062 0.824219 0.410156 0.824219 0.378906
5 0.773438 0.351562 0.773438 0.363281 0.777344 0.363281 0.781250 0.367188 0.789062 0.367188 0.789062 0.351562
5 0.492188 0.351562 0.492188 0.359375 0.488281 0.363281 0.484375 0.363281 0.484375 0.382812 0.480469 0.386719 0.472656 0.386719 0.468750 0.390625 0.468750 0.398438 0.476562 0.406250 0.484375 0.406250 0.484375 0.398438 0.488281 0.394531 0.488281 0.390625 0.492188 0.386719 0.496094 0.386719 0.500000 0.382812 0.507812 0.382812 0.507812 0.371094 0.500000 0.363281 0.500000 0.351562
5 0.496094 0.312500 0.496094 0.324219 0.503906 0.324219 0.503906 0.312500
5 0.152344 0.261719 0.152344 0.281250 0.148438 0.285156 0.128906 0.285156 0.128906 0.292969 0.179688 0.292969 0.183594 0.296875 0.183594 0.304688 0.187500 0.304688 0.195312 0.312500 0.203125 0.312500 0.203125 0.300781 0.199219 0.300781 0.195312 0.296875 0.183594 0.296875 0.179688 0.292969 0.179688 0.273438 0.175781 0.269531 0.175781 0.265625 0.167969 0.265625 0.164062 0.261719
5 0.332031 0.214844 0.332031 0.218750 0.328125 0.222656 0.328125 0.230469 0.332031 0.230469 0.335938 0.234375 0.351562 0.234375 0.355469 0.238281 0.371094 0.238281 0.371094 0.222656 0.343750 0.222656 0.339844 0.218750 0.339844 0.214844
5 0.589844 0.164062 0.589844 0.179688 0.593750 0.179688 0.597656 0.183594 0.597656 0.210938 0.593750 0.214844 0.582031 0.214844 0.582031 0.226562 0.589844 0.234375 0.605469 0.234375 0.609375 0.238281 0.625000 0.238281 0.628906 0.242188 0.628906 0.250000 0.632812 0.253906 0.632812 0.261719 0.636719 0.265625 0.636719 0.281250 0.640625 0.281250 0.644531 0.285156 0.675781 0.285156 0.683594 0.292969 0.691406 0.292969 0.695312 0.296875 0.699219 0.296875 0.703125 0.300781 0.703125 0.308594 0.710938 0.316406 0.718750 0.316406 0.722656 0.312500 0.742188 0.312500 0.742188 0.300781 0.718750 0.300781 0.714844 0.296875 0.714844 0.292969 0.710938 0.289062 0.707031 0.289062 0.703125 0.285156 0.703125 0.281250 0.695312 0.281250 0.691406 0.277344 0.671875 0.277344 0.667969 0.273438 0.667969 0.265625 0.660156 0.265625 0.656250 0.261719 0.656250 0.257812 0.652344 0.253906 0.652344 0.250000 0.648438 0.250000 0.636719 0.238281 0.636719 0.226562 0.632812 0.226562 0.628906 0.222656 0.628906 0.207031 0.621094 0.199219 0.621094 0.183594 0.617188 0.179688 0.617188 0.167969 0.613281 0.164062
