3 0.1421875 0.25546875 0.084375 0.0875
3 0.19921875 0.2265625 0.0796875 0.078125
3 0.07890625 0.28515625 0.0828125 0.0828125
3 0.28671875 0.40859375 0.0828125 0.0828125
3 0.23203125 0.5203125 0.08125 0.078125
3 0.303125 0.5546875 0.103125 0.1015625
3 0.37421875 0.40234375 0.0765625 0.0796875
3 0.36796875 0.21171875 0.05625 0.0578125
3 0.31953125 0.17734375 0.0484375 0.0453125
3 0.33828125 0.18671875 0.0546875 0.053125
3 0.43125 0.4359375 0.065625 0.0640625
3 0.559375 0.31328125 0.053125 0.053125
3 0.5953125 0.44921875 0.0640625 0.0625
3 0.61171875 0.359375 0.05 0.0484375
3 0.7046875 0.165625 0.0421875 0.0421875
3 0.75234375 0.27734375 0.0484375 0.0453125
3 0.69140625 0.621875 0.065625 0.0640625
3 0.73984375 0.67890625 0.065625 0.0640625
3 0.6421875 0.75390625 0.065625 0.065625
3 0.4046875 0.62578125 0.0671875 0.06875
3 0.44375 0.6671875 0.0546875 0.0546875
3 0.48046875 0.39375 0.04375 0.0421875
3 0.63515625 0.4703125 0.0546875 0.053125