3 0.47265625 0.0671875 0.0703125 0.05625
3 0.5296875 0.09453125 0.05 0.065625
3 0.41015625 0.0359375 0.059375 0.0609375
3 0.440625 0.27578125 0.0609375 0.059375
3 0.31953125 0.3015625 0.046875 0.06875
3 0.33515625 0.37890625 0.0671875 0.0828125
3 0.49921875 0.340625 0.0640625 0.05
3 0.64609375 0.21875 0.0453125 0.0390625
3 0.64296875 0.159375 0.025 0.0453125
3 0.646875 0.1796875 0.0375 0.0421875
3 0.5078125 0.40625 0.0421875 0.053125
3 0.68359375 0.43125 0.0390625 0.0390625
3 0.5984375 0.54375 0.040625 0.0515625
3 0.6796875 0.5015625 0.03125 0.0421875
3 0.8890625 0.45546875 0.028125 0.034375
3 0.83125 0.56171875 0.021875 0.046875
3 0.521875 0.72578125 0.0453125 0.05
3 0.50703125 0.79921875 0.04375 0.0515625
3 0.3875 0.76796875 0.046875 0.05
3 0.3421875 0.50234375 0.053125 0.046875
3 0.33359375 0.55859375 0.0390625 0.0421875
3 0.571875 0.41953125 0.0296875 0.034375
3 0.60625 0.58828125 0.0390625 0.040625