2 0.8734375 0.07265625 0.15 0.1453125
2 0.83828125 0.1875 0.1125 0.1234375
2 0.68203125 0.1375 0.078125 0.1078125
2 0.67734375 0.3 0.103125 0.0890625
2 0.7421875 0.38515625 0.0953125 0.0734375
2 0.88828125 0.3546875 0.1171875 0.134375
2 0.66796875 0.534375 0.16875 0.14375
2 0.5609375 0.4609375 0.1171875 0.125
2 0.4984375 0.39921875 0.096875 0.1125
2 0.52109375 0.1703125 0.0921875 0.078125
2 0.56484375 0.103125 0.0859375 0.0828125
2 0.26640625 0.11015625 0.103125 0.128125
2 0.2703125 0.37578125 0.1125 0.1203125
2 0.43125 0.31015625 0.090625 0.090625
2 0.0453125 0.42890625 0.090625 0.1171875
2 0.11171875 0.31171875 0.1390625 0.1484375
2 0.23046875 0.75625 0.1390625 0.19375
2 0.3765625 0.72734375 0.10625 0.1046875
2 0.76953125 0.6703125 0.121875 0.1171875
2 0.92890625 0.61484375 0.1421875 0.1515625
2 0.8765625 0.8109375 0.10625 0.115625
2 0.1125 0.76796875 0.0828125 0.1078125