2 0.5828125 0.90703125 0.24375 0.1859375
2 0.54453125 0.534375 0.2875 0.2953125
2 0.6796875 0.52421875 0.2234375 0.221875
2 0.64453125 0.75546875 0.3375 0.3375
2 0.9390625 0.60546875 0.121875 0.2046875
2 0.72421875 0.13203125 0.1984375 0.1984375
2 0.05703125 0.48984375 0.1140625 0.1328125
2 0.06171875 0.57421875 0.1234375 0.1296875
2 0.05390625 0.634375 0.1078125 0.146875
2 0.0625 0.709375 0.125 0.14375
2 0.15078125 0.75390625 0.1875 0.1921875
2 0.134375 0.44921875 0.128125 0.128125
2 0.28203125 0.48671875 0.1671875 0.1734375
2 0.234375 0.59375 0.15 0.15
2 0.171875 0.365625 0.1625 0.1609375
2 0.13203125 0.27734375 0.146875 0.1453125
2 0.178125 0.234375 0.13125 0.1296875
2 0.23046875 0.30078125 0.1453125 0.14375
2 0.2640625 0.38359375 0.14375 0.14375
2 0.26171875 0.21015625 0.16875 0.1625
2 0.31328125 0.0671875 0.1703125 0.134375
2 0.4203125 0.13203125 0.140625 0.146875
2 0.396875 0.05390625 0.1046875 0.10625