2 0.6234375 0.784375 0.353125 0.346875
2 0.4515625 0.6765625 0.2546875 0.25
2 0.38125 0.60703125 0.1625 0.1640625
2 0.12265625 0.640625 0.2453125 0.284375
2 0.56171875 0.56875 0.234375 0.246875
2 0.45078125 0.540625 0.1234375 0.121875
2 0.71328125 0.53984375 0.2609375 0.2625
2 0.6171875 0.43671875 0.1765625 0.16875
2 0.8109375 0.44375 0.2 0.2078125
2 0.90546875 0.315625 0.1890625 0.2
2 0.55234375 0.209375 0.234375 0.2328125
2 0.48046875 0.090625 0.3078125 0.18125
2 0.36171875 0.1125 0.165625 0.178125
2 0.29296875 0.15390625 0.1828125 0.190625