4 0.196875 0.48125 0.29375 0.3671875
4 0.40859375 0.1171875 0.2421875 0.234375
4 0.5625 0.08125 0.1625 0.1625
4 0.665625 0.16015625 0.284375 0.3046875
4 0.46015625 0.3296875 0.240625 0.246875
4 0.378125 0.42421875 0.2078125 0.1796875
4 0.3140625 0.690625 0.21875 0.2078125
4 0.14609375 0.778125 0.209375 0.221875
4 0.3125 0.88671875 0.21875 0.1890625
4 0.3859375 0.7625 0.20625 0.2140625
4 0.5296875 0.69140625 0.2359375 0.29375
4 0.49296875 0.59296875 0.2109375 0.240625
4 0.75078125 0.6359375 0.2359375 0.26875
4 0.89765625 0.58984375 0.2046875 0.2515625
4 0.9109375 0.440625 0.178125 0.275
4 0.65234375 0.4625 0.1984375 0.2125
4 0.5890625 0.35703125 0.2078125 0.2375