4 0.46640625 0.1984375 0.3578125 0.25
4 0.87421875 0.33828125 0.2515625 0.2078125
4 0.92265625 0.48515625 0.1546875 0.1421875
4 0.859375 0.603125 0.28125 0.25625
4 0.6609375 0.43125 0.2296875 0.2203125
4 0.553125 0.3671875 0.1578125 0.2
4 0.2796875 0.35 0.1875 0.2046875
4 0.16484375 0.2 0.2078125 0.190625
4 0.08671875 0.3828125 0.165625 0.209375
4 0.221875 0.43359375 0.1984375 0.1875
4 0.31640625 0.5625 0.2859375 0.203125
4 0.40703125 0.509375 0.2296875 0.1859375
4 0.41015625 0.7703125 0.2578125 0.2078125
4 0.48359375 0.9078125 0.2359375 0.184375
4 0.63828125 0.9078125 0.2515625 0.184375
4 0.56328125 0.64296875 0.2 0.178125
4 0.65625 0.56328125 0.2265625 0.1828125