7 0.1484375 0.66875 0.0484375 0.0578125
7 0.0859375 0.48125 0.0859375 0.121875
7 0.209375 0.4390625 0.06875 0.084375
7 0.3515625 0.3953125 0.053125 0.078125
7 0.1640625 0.3125 0.059375 0.08125
7 0.55 0.4609375 0.0359375 0.0625
7 0.5734375 0.5125 0.04375 0.05
7 0.459375 0.65625 0.071875 0.08125
7 0.53125 0.6171875 0.0453125 0.059375
7 0.3875 0.58125 0.0453125 0.053125
7 0.396875 0.5125 0.0484375 0.059375
7 0.4484375 0.4953125 0.0546875 0.084375
7 0.6859375 0.5703125 0.0765625 0.0734375
7 0.4140625 0.359375 0.0546875 0.0546875