7 0.21640625 0.66328125 0.0734375 0.0671875
7 0.21953125 0.62265625 0.06875 0.05
7 0.34375 0.63046875 0.0828125 0.065625
7 0.309375 0.59453125 0.05625 0.0328125
7 0.28984375 0.56328125 0.1 0.0578125
7 0.17578125 0.52734375 0.059375 0.034375
7 0.21484375 0.48515625 0.0921875 0.071875
7 0.25 0.46484375 0.090625 0.0296875
7 0.2109375 0.31796875 0.078125 0.059375
7 0.2796875 0.378125 0.0703125 0.0515625
7 0.32890625 0.3453125 0.06875 0.0609375
7 0.4359375 0.28359375 0.0890625 0.0453125
7 0.546875 0.31875 0.0703125 0.046875
7 0.44609375 0.5234375 0.0859375 0.0484375
7 0.5125 0.49609375 0.075 0.0546875
7 0.38515625 0.57265625 0.090625 0.059375
7 0.509375 0.8171875 0.0484375 0.040625
7 0.45859375 0.8453125 0.0484375 0.0359375
7 0.5765625 0.86484375 0.071875 0.0671875
7 0.40078125 0.92890625 0.096875 0.05
7 0.2359375 0.9078125 0.071875 0.0453125
7 0.134375 0.85546875 0.0640625 0.053125
7 0.1890625 0.95625 0.0578125 0.0546875
7 0.29140625 0.9671875 0.0734375 0.0546875
7 0.10390625 0.7578125 0.06875 0.0578125
7 0.1546875 0.7296875 0.065625 0.0484375
7 0.0546875 0.246875 0.0828125 0.0609375
7 0.08984375 0.1359375 0.0640625 0.0546875
7 0.071875 0.03125 0.065625 0.034375
7 0.2875 0.22421875 0.0734375 0.053125
7 0.271875 0.1828125 0.071875 0.0453125
7 0.31640625 0.1625 0.08125 0.0484375
7 0.27265625 0.121875 0.075 0.053125
7 0.2484375 0.09453125 0.0484375 0.0375
7 0.29921875 0.08046875 0.05625 0.0453125
7 0.2515625 0.04609375 0.065625 0.0375
7 0.34453125 0.03046875 0.065625 0.0515625
7 0.36796875 0.0859375 0.0484375 0.040625
7 0.3953125 0.1328125 0.075 0.0546875
7 0.434375 0.09296875 0.05625 0.0359375
7 0.4265625 0.01953125 0.090625 0.0375
7 0.4734375 0.05859375 0.0484375 0.053125
7 0.5140625 0.05234375 0.053125 0.059375
7 0.56875 0.04921875 0.0546875 0.0359375
7 0.62421875 0.028125 0.0453125 0.0328125
7 0.60234375 0.08203125 0.0453125 0.0515625
7 0.5828125 0.140625 0.0546875 0.0453125
7 0.53046875 0.1640625 0.0578125 0.05
7 0.5390625 0.2328125 0.071875 0.0546875
7 0.6921875 0.02578125 0.08125 0.0515625
7 0.65390625 0.08046875 0.0609375 0.04375
7 0.69609375 0.11015625 0.0515625 0.053125
7 0.653125 0.13515625 0.065625 0.0484375
7 0.65078125 0.20703125 0.0671875 0.065625
7 0.7390625 0.14609375 0.053125 0.0359375
7 0.75625 0.1015625 0.0625 0.0515625
7 0.78671875 0.05859375 0.0609375 0.059375
7 0.86328125 0.06015625 0.065625 0.0390625
7 0.85 0.1421875 0.0578125 0.05
7 0.80703125 0.15625 0.0609375 0.0546875
7 0.89375 0.128125 0.0609375 0.0625
7 0.95078125 0.1625 0.0765625 0.0421875
7 0.6109375 0.31484375 0.0609375 0.053125
7 0.72421875 0.259375 0.084375 0.06875
7 0.77890625 0.29140625 0.065625 0.053125
7 0.79921875 0.25 0.046875 0.0484375
7 0.87109375 0.24609375 0.0484375 0.0390625
7 0.7203125 0.3703125 0.0484375 0.04375
7 0.571875 0.55078125 0.0609375 0.0484375
7 0.6109375 0.58046875 0.0734375 0.0421875
7 0.61328125 0.60703125 0.0625 0.0328125
7 0.5734375 0.62734375 0.0515625 0.025
7 0.54921875 0.6515625 0.053125 0.03125
7 0.58203125 0.696875 0.0609375 0.0453125
7 0.66875 0.66953125 0.078125 0.0390625
7 0.66796875 0.64609375 0.05 0.0375
7 0.6890625 0.5921875 0.0484375 0.0390625
7 0.68359375 0.56875 0.0453125 0.040625
7 0.65390625 0.53046875 0.0578125 0.0359375
7 0.6890625 0.5015625 0.0796875 0.05
7 0.71953125 0.484375 0.0859375 0.0453125
7 0.7203125 0.459375 0.053125 0.0359375
7 0.775 0.45625 0.0546875 0.0375
7 0.76171875 0.43125 0.0578125 0.0375
7 0.81484375 0.5140625 0.0578125 0.0359375
7 0.8375 0.45390625 0.0875 0.0453125
7 0.83828125 0.42265625 0.0890625 0.046875
7 0.8421875 0.36015625 0.065625 0.05
7 0.784375 0.7609375 0.0671875 0.059375
7 0.79765625 0.79609375 0.0578125 0.04375
7 0.86171875 0.7859375 0.053125 0.0328125
7 0.86953125 0.75 0.053125 0.04375
7 0.875 0.8546875 0.0609375 0.04375
7 0.7609375 0.6640625 0.0703125 0.0515625
7 0.7390625 0.63046875 0.0453125 0.0421875
7 0.771875 0.59375 0.090625 0.0515625
7 0.86171875 0.6046875 0.075 0.0546875
7 0.83515625 0.65546875 0.065625 0.0578125
7 0.9 0.6640625 0.09375 0.059375
7 0.9828125 0.63671875 0.034375 0.0484375
7 0.9796875 0.59453125 0.040625 0.0359375
7 0.96875 0.54921875 0.0625 0.0484375
7 0.94375 0.5015625 0.05625 0.05625
7 0.96953125 0.4484375 0.059375 0.046875
7 0.97421875 0.41796875 0.0484375 0.034375
7 0.921875 0.31484375 0.0703125 0.0421875
7 0.96171875 0.8625 0.0765625 0.090625